10030.5 [50] [92, 93, 94] 20160530
3250.1666666666665 [21] [73, 74, 75] 20160530
293.66666666666663 [51] [177, 178, 179, 180] 20160530
148.91666666666666 [51] [134, 135, 136, 137] 20160530
147.42857142857144 [51] [188, 189, 190, 191, 192, 193, 194] 20160530
116.83333333333331 [32] [147, 148, 149, 150, 151, 152, 153, 154, 155, 156, 157, 158] 20160530
82.5 [51] [219, 220, 221] 20160530
76.5 [51] [247, 248, 249] 20160530
46.83333333333333 [25] [242, 243, 244] 20160530
46.41666666666666 [16] [119, 120, 121, 122] 20160530
30.47619047619048 [51] [204, 205, 206, 207, 208, 209, 210] 20160530
