2482.388888888889 [42] [133, 134, 135, 136, 137, 138, 139, 140, 141] 20160812
962.6666666666666 [42] [113, 114, 115, 116, 117, 118, 119, 120, 121, 122, 123, 124] 20160812
386.6666666666667 [51] [178, 179, 180, 181, 182, 183] 20160812
372.4166666666667 [0] [164, 165, 166, 167, 168, 169, 170, 171, 172, 173, 174, 175] 20160812
329.0833333333333 [51] [216, 217, 218, 219, 220, 221, 222, 223] 20160812
129.50000000000003 [51] [237, 238, 239] 20160812
93.25 [51] [79, 80, 81, 82] 20160812
90.69999999999999 [0] [191, 192, 193, 194, 195] 20160812
70.5 [51] [230, 231, 232] 20160812
18.333333333333343 [51] [258, 259, 260] 20160812
