89.60971390673156 [24, 25] [143, 144, 145, 146, 147, 148, 149, 150, 151, 152, 153] 20160531
76.08333333333334 [0] [201, 202, 203, 204, 205, 206, 207, 208, 209, 210, 211, 212] 20160531
29.26190476190476 [19] [87, 88, 89, 90, 91, 92, 93] 20160531
25.96666666666667 [51] [176, 177, 178, 179, 180, 181, 182, 183, 184, 185] 20160531
23.666666666666657 [51] [252, 253, 254, 255, 256, 257, 258, 259, 260, 261, 262, 263] 20160531
21.88095238095238 [51] [164, 165, 166, 167, 168, 169, 170] 20160531
17.666666666666657 [51] [101, 102, 103, 104, 105, 106] 20160531
15.666666666666629 [6] [113, 114, 115, 116, 117, 118, 119, 120, 121, 122, 123, 124] 20160531
9.199999999999989 [51] [231, 232, 233, 234, 235, 236, 237, 238, 239, 240] 20160531
1.9444444444444429 [24] [217, 218, 219, 220, 221, 222, 223, 224, 225] 20160531
