80.16666666666666 [51] [159, 160, 161] 20160426
48.83333333333334 [51] [141, 142, 143] 20160426
28.73809523809524 [0] [193, 194, 195, 196, 197, 198, 199] 20160426
27.333333333333343 [39] [175, 176, 177] 20160426
19.590909090909093 [51] [245, 246, 247, 248, 249, 250, 251, 252, 253, 254, 255] 20160426
11.25 [24] [65, 66, 67, 68, 69, 70, 71, 72] 20160426
7.749999999999943 [31] [91, 92, 93, 94, 95, 96, 97, 98, 99, 100, 101, 102] 20160426
5.533333333333331 [51] [125, 126, 127, 128, 129] 20160426
4.166666666666664 [24] [213, 214, 215, 216] 20160426
3.0 [27] [111, 112, 113, 114, 115, 116, 117, 118, 119, 120, 121, 122] 20160426
