906.0 [51] [238, 239, 240] 20160911
413.4047619047619 [17] [72, 73, 74, 75, 76, 77, 78] 20160911
362.33333333333337 [17] [84, 85, 86] 20160911
345.66666666666663 [51] [183, 184, 185] 20160911
219.83333333333334 [51] [197, 198, 199] 20160911
145.66666666666666 [51] [260, 261, 262] 20160911
110.16666666666666 [51] [156, 157, 158] 20160911
108.66666666666669 [7] [125, 126, 127, 128] 20160911
89.66666666666666 [51] [145, 146, 147] 20160911
75.0 [51] [109, 110, 111] 20160911
44.66666666666666 [51] [96, 97, 98, 99, 100, 101] 20160911
