1378.9166666666667 [42] [224, 225, 226, 227] 20160824
923.6190476190475 [14] [199, 200, 201, 202, 203, 204, 205] 20160824
845.1666666666666 [14] [191, 192, 193] 20160824
455.0 [42] [248, 249, 250, 251] 20160824
411.50000000000006 [43] [255, 256, 257, 258, 259, 260] 20160824
145.76666666666665 [14] [160, 161, 162, 163, 164, 165, 166, 167, 168, 169] 20160824
48.333333333333314 [51] [130, 131, 132] 20160824
21.5 [51] [67, 68, 69, 70, 71, 72, 73, 74] 20160824
20.23809523809524 [51] [90, 91, 92, 93, 94, 95, 96] 20160824
11.541666666666671 [25] [140, 141, 142, 143, 144, 145, 146, 147] 20160824
