49.16666666666666 [51] [193, 194, 195] 20160301
23.125 [49] [97, 98, 99, 100, 101, 102, 103, 104] 20160301
16.911637183378257 [24, 25, 26, 27, 28, 29, 30, 31, 32, 33, 34, 35, 36, 37, 38, 39, 40, 41, 42] [238, 239, 240, 241, 242, 243, 244, 245, 246, 247, 248, 249] 20160301
15.033333333333331 [51] [251, 252, 253, 254, 255] 20160301
14.166666666666657 [51] [205, 206, 207, 208, 209, 210, 211, 212, 213, 214] 20160301
11.833333333333329 [24] [222, 223, 224] 20160301
11.0 [51] [113, 114, 115, 116, 117, 118] 20160301
8.833333333333334 [12] [157, 158, 159, 160, 161, 162] 20160301
5.833333333333343 [51] [73, 74, 75, 76, 77, 78, 79, 80, 81, 82] 20160301
3.5833333333333144 [4] [128, 129, 130, 131, 132, 133, 134, 135, 136, 137, 138, 139] 20160301
