#################################################################
#APDM Input Graph, this input graph includes 3 sections:
#section1 : general information
#section2 : nodes
#section3 : edges
#section4 : trueSubGraph (Optional)
#
#if nodes haven't information set weight to null
#################################################################
SECTION1 (General Information)
numNodes = 10
numEdges = 13
usedAlgorithm = NULL
dataSource = TransWeatherRealData
END
#################################################################
SECTION2 (Nodes Information)
NodeID rh  mean  std 
0 96.9 96.8 96.7 96.7 96.7 96.8 96.9 96.8 96.8 96.8 96.8 96.7 96.7 96.5 96.5 96.5 96.6 96.8 96.7 96.8 96.9 97.0 97.3 97.4 97.5 97.4 97.4 97.4 97.4 97.4 97.5 97.4 97.4 97.6 97.6 97.6 97.7 97.9 97.8 97.8 97.9 97.8 97.7 97.8 97.9 98.0 97.9 97.8 97.7 97.8 98.1 98.1 97.9 97.8 97.9 98.1 98.1 98.1 98.0 98.0 98.0 98.0 97.9 98.0 98.0 98.1 98.0 98.0 98.0 98.0 98.1 98.2 98.1 98.1 98.0 98.0 98.2 98.3 98.4 98.3 98.2 98.0 97.9 98.2 98.2 98.2 98.2 98.1 98.1 98.1 98.1 98.1 98.3 98.4 98.3 98.3 98.4 98.5 98.4 98.2 98.1 98.2 98.3 97.9 97.7 97.7 97.7 97.6 97.7 97.8 97.8 97.8 97.5 97.3 96.8 96.0 94.1 92.3 91.3 88.9 87.3 87.0 85.3 84.6 85.9 83.4 82.9 81.1 79.3 79.2 79.6 79.1 77.0 76.9 78.8 79.7 78.7 78.4 77.7 78.0 76.1 79.0 79.0 79.9 79.2 79.7 80.2 79.2 79.3 78.5 77.1 76.6 77.0 77.6 76.8 75.5 74.7 75.2 76.0 76.0 75.5 75.6 73.7 74.0 71.6 71.7 71.4 71.6 70.6 71.6 71.0 70.7 70.7 68.7 68.4 68.4 68.2 68.1 67.8 67.7 67.6 67.7 67.0 66.9 65.8 65.2 63.9 64.9 64.3 65.3 65.0 64.5 65.8 65.7 65.9 62.5 62.8 64.3 64.7 64.4 63.8 64.8 65.2 65.4 64.7 65.6 68.1 69.3 69.7 70.0 69.7 70.5 71.8 72.2 72.2 71.8 70.4 71.5 72.6 73.8 75.4 74.5 71.8 70.4 71.2 71.9 72.5 73.3 73.8 74.4 75.0 75.4 75.9 76.7 77.3 78.3 78.5 78.7 79.0 79.2 79.6 80.0 80.7 81.9 82.7 82.4 82.3 82.1 82.2 82.5 82.9 83.5 83.8 83.9 84.1 84.6 85.2 85.4 86.4 87.0 87.1 87.2 87.4 87.7 87.9 88.5 88.2 88.2 88.6 88.6 87.8 87.7 88.2 88.9 89.6 89.9 89.7 90.2 90.5 90.9 90.0 88.6 88.6 88.9 89.1 89.4 89.5 89.6 85.50833333333333 11.853736969385347
1 93.5 93.5 93.5 93.8 93.9 93.6 93.6 93.8 93.4 93.4 93.2 93.6 94.0 94.1 93.9 93.4 93.9 94.4 94.6 94.4 93.8 93.3 92.5 92.7 92.3 91.4 91.5 91.6 92.0 92.6 93.1 93.4 93.6 94.4 94.5 95.1 95.5 95.8 95.7 96.4 96.1 96.5 96.6 96.2 96.0 96.0 96.2 96.5 96.7 96.4 96.7 96.5 97.1 96.9 97.0 97.2 97.1 97.4 97.1 97.3 97.3 97.1 96.8 96.7 97.1 97.0 97.2 97.3 97.5 97.7 97.6 97.5 97.4 97.5 97.4 97.6 97.5 97.8 97.7 97.8 98.0 98.2 98.1 98.1 97.9 96.8 97.4 97.7 97.7 97.8 98.1 98.0 98.0 98.0 98.0 98.0 98.0 97.9 97.8 97.5 97.3 96.9 96.1 93.9 90.6 87.4 86.3 84.9 84.5 83.7 84.7 83.5 83.7 83.1 82.4 81.8 81.5 81.8 81.1 81.3 81.8 81.8 81.2 80.1 79.3 77.6 80.9 78.3 77.5 78.0 79.3 79.3 79.2 78.4 78.6 79.3 80.0 79.5 78.5 80.4 81.5 81.5 78.9 78.7 79.4 76.3 78.3 78.3 77.4 77.9 78.3 77.8 77.2 76.7 74.9 76.4 74.7 72.8 74.2 73.9 72.4 71.4 73.0 73.2 68.0 70.2 69.0 69.1 70.0 67.8 69.4 70.4 69.3 68.7 68.4 69.6 70.4 71.5 70.6 71.4 72.4 72.0 70.2 69.2 69.3 68.5 70.7 70.2 70.2 70.2 69.8 69.5 67.0 68.4 68.0 68.2 68.2 69.4 67.8 69.0 70.9 72.0 73.2 74.2 74.1 74.0 72.8 73.2 73.1 73.1 73.5 73.4 74.5 74.8 75.2 75.1 75.2 75.6 76.6 76.4 76.7 77.3 77.8 78.9 79.1 79.1 79.1 80.6 82.8 81.3 80.3 79.5 80.5 87.1 88.6 86.6 88.5 89.2 88.6 91.4 89.9 87.5 88.5 90.8 91.5 89.9 87.1 85.9 85.5 85.9 88.8 91.9 92.5 90.7 90.5 91.7 91.3 90.2 89.5 92.4 93.6 92.3 91.9 89.9 90.6 91.6 92.9 93.6 93.0 93.2 94.0 92.1 90.8 90.1 90.9 92.1 90.7 90.4 91.9 92.6 94.0 94.1 93.7 94.6 95.4 94.4 95.5 94.9 85.96527777777777 10.050332006542595
2 95.9 96.3 96.3 96.4 96.4 96.5 96.6 96.6 96.6 96.5 96.5 96.6 96.7 97.0 97.0 97.0 96.7 96.1 96.0 96.0 96.0 96.1 96.2 96.4 96.5 96.5 96.5 96.4 96.3 96.3 96.2 96.4 96.5 96.6 97.1 97.2 97.3 97.2 96.5 97.3 97.6 97.8 97.7 97.6 97.6 97.8 97.6 97.9 97.6 98.3 97.9 98.2 98.1 98.0 98.1 98.1 98.1 98.2 98.2 98.2 98.3 98.4 98.7 98.6 98.8 98.7 98.6 98.6 98.6 98.5 98.5 98.5 98.5 98.5 98.5 98.4 98.3 98.2 97.9 97.4 96.6 94.8 94.1 93.7 93.6 94.0 94.1 93.7 92.6 93.2 93.2 93.1 93.2 94.7 95.2 95.5 95.5 96.3 96.6 96.6 96.7 96.7 96.4 96.0 95.1 94.5 94.1 94.2 92.8 92.0 91.8 90.8 90.5 89.9 89.8 89.8 88.9 89.1 88.7 89.7 89.3 89.2 87.6 87.3 86.2 84.6 82.6 82.3 81.8 80.8 80.8 79.8 79.4 77.3 78.4 78.5 78.7 78.5 78.4 77.8 78.1 78.2 77.6 78.5 77.9 78.3 77.0 76.8 77.8 77.6 77.4 77.3 77.7 77.5 77.5 76.8 76.9 76.3 75.4 75.2 75.2 75.2 75.1 74.9 75.0 75.0 75.2 75.4 75.6 76.3 76.3 75.3 74.2 74.3 73.7 72.6 72.6 72.6 71.0 70.8 70.4 70.1 70.2 70.4 71.2 71.6 71.9 72.0 70.8 70.1 69.9 70.7 68.3 65.7 63.8 65.8 66.9 67.8 68.1 68.9 68.5 69.3 69.7 70.6 68.3 67.4 67.4 66.1 66.5 67.3 66.4 66.8 66.2 66.8 67.2 67.2 68.4 68.4 70.9 71.7 73.2 74.1 75.9 79.9 81.5 82.7 84.0 84.4 85.6 87.2 89.4 89.5 88.9 89.8 89.9 90.7 91.9 93.5 91.4 89.9 92.3 93.8 93.0 92.1 92.7 94.9 94.7 95.4 95.5 95.5 96.3 96.6 96.6 95.8 95.1 95.8 96.3 97.1 97.2 96.6 97.0 97.1 97.0 96.9 95.9 96.0 96.3 95.8 96.7 95.8 96.2 96.0 96.4 96.6 96.7 96.8 96.9 96.9 97.0 97.2 97.6 97.8 97.9 97.6 97.8 97.9 97.8 97.7 87.75416666666666 11.022661958667344
3 98.5 98.5 98.5 98.5 98.5 98.4 98.4 98.4 98.4 98.4 98.3 98.3 98.3 98.3 98.4 98.3 98.4 98.4 98.4 98.4 98.3 98.4 98.4 98.3 98.4 98.5 98.4 98.5 98.5 98.5 98.5 98.5 98.5 98.6 98.6 98.6 98.6 98.4 98.5 98.6 98.5 98.5 98.5 98.5 98.5 98.6 98.7 98.6 98.6 98.7 98.6 98.6 98.7 98.7 98.7 98.7 98.7 98.7 98.7 98.7 98.7 98.7 98.8 98.7 98.7 98.8 98.8 98.8 98.8 98.7 98.8 98.9 98.8 98.7 98.8 98.9 98.9 99.0 98.9 98.9 98.9 98.9 98.9 98.9 98.9 98.9 98.9 98.9 99.0 99.0 99.0 99.0 99.0 99.0 99.0 99.0 99.0 99.0 99.0 99.0 98.9 98.9 99.0 98.9 99.0 98.9 98.9 98.9 98.9 98.9 98.8 98.8 98.7 98.5 98.4 98.3 97.9 97.6 97.1 96.9 96.8 96.3 95.9 95.1 94.6 94.5 94.5 94.6 94.3 94.0 94.0 93.8 93.4 92.9 93.0 92.8 93.0 92.7 92.4 92.4 90.9 90.6 88.9 88.3 88.6 87.1 87.1 86.1 85.1 84.6 83.3 82.5 82.4 83.6 84.2 82.8 83.0 84.4 83.7 83.7 83.2 83.5 83.7 83.0 82.8 82.8 82.8 80.7 80.4 78.4 78.4 75.2 73.8 73.4 73.0 72.4 71.9 70.9 69.5 69.4 69.5 68.4 67.7 69.1 70.8 70.6 66.5 67.4 67.2 68.9 66.5 66.1 66.8 68.9 67.7 69.1 68.9 69.0 69.5 69.5 69.6 73.5 72.8 77.0 76.6 79.3 81.6 80.9 84.1 85.4 86.7 85.2 87.4 88.7 89.8 90.5 90.9 89.4 88.9 88.0 91.1 91.5 92.7 93.9 94.1 94.5 95.3 95.2 96.3 96.4 96.5 96.9 97.0 96.9 97.1 97.2 97.3 97.4 97.4 97.8 97.6 97.1 96.8 96.9 97.0 97.1 97.2 97.2 97.1 97.0 97.0 96.8 96.7 96.7 94.1 86.4 83.9 84.4 90.4 93.2 92.9 93.3 94.8 95.2 96.0 96.2 96.4 96.5 96.5 96.8 96.6 97.2 97.4 97.1 96.9 97.3 97.1 97.4 97.6 97.8 97.8 97.8 97.5 97.6 97.7 97.9 97.6 97.1 92.09097222222222 9.54433201517794
4 98.1 98.3 98.3 98.2 98.2 98.2 98.2 98.2 98.2 98.2 98.3 98.0 98.2 98.6 98.6 98.5 98.6 98.5 98.4 98.4 98.3 98.3 98.3 98.4 98.2 98.4 98.5 98.5 98.3 98.6 98.7 98.4 98.2 98.2 98.6 98.6 98.8 98.7 98.6 98.8 98.7 98.4 98.7 98.7 98.7 99.0 98.9 98.7 98.7 98.7 98.8 98.9 99.0 98.7 98.9 99.1 99.0 99.0 99.0 98.8 98.3 98.7 99.0 99.2 99.3 99.3 99.3 99.2 99.2 99.2 99.2 99.2 99.2 99.2 99.2 99.2 99.2 99.2 99.2 99.2 99.2 99.2 99.2 99.2 99.2 99.2 99.2 99.2 99.2 99.1 99.1 99.1 99.1 99.1 99.1 99.0 98.9 98.8 98.7 98.5 98.3 98.0 97.7 97.4 97.0 96.7 96.2 96.0 95.9 95.5 95.3 95.1 94.5 94.5 94.9 95.2 95.0 95.0 94.7 94.2 94.4 94.4 93.4 93.6 93.8 92.8 93.1 93.2 92.5 91.4 90.7 91.6 90.8 91.4 90.2 89.0 88.6 87.9 86.1 85.0 85.2 85.0 85.2 83.5 85.0 83.7 83.9 83.1 82.4 81.5 81.0 80.9 80.0 78.1 78.5 77.4 77.7 76.3 76.7 75.1 76.1 75.4 77.6 75.9 75.5 75.4 74.5 72.9 70.1 71.0 69.8 67.8 68.5 67.5 69.2 69.5 69.7 70.6 71.4 71.2 70.6 69.5 68.9 68.2 69.0 67.9 66.4 65.3 64.4 64.8 63.7 65.2 65.2 64.0 63.3 65.0 64.7 63.9 63.9 63.7 64.5 63.6 62.8 63.5 64.5 63.6 64.5 64.4 64.9 66.1 65.5 67.5 67.0 67.5 68.3 68.9 69.3 69.9 69.5 71.2 75.3 78.4 80.0 82.0 84.3 86.4 88.0 89.2 90.1 90.8 92.0 92.6 92.2 91.6 90.6 88.1 84.6 83.0 83.7 83.5 82.9 81.7 80.7 81.0 81.0 81.3 82.5 83.2 84.1 85.1 85.7 86.7 87.0 87.5 87.7 88.2 89.5 92.7 92.7 91.3 90.9 89.9 88.0 87.3 87.4 87.3 87.6 88.2 89.1 89.2 90.4 91.4 90.6 91.2 91.2 91.3 91.6 91.9 92.3 92.1 92.3 92.4 92.5 92.2 92.9 93.1 93.7 93.7 87.85416666666667 11.856272689618457
5 99.1 99.1 99.2 99.3 99.2 99.1 99.2 99.3 99.1 99.2 99.2 99.0 99.1 99.3 99.2 99.2 99.2 99.2 99.2 99.2 99.2 99.1 99.0 99.2 99.2 99.1 99.2 99.2 99.3 99.2 99.2 99.2 99.1 99.2 99.3 99.3 99.2 99.3 99.4 99.4 99.3 99.3 99.3 99.3 99.3 99.3 99.4 99.4 99.4 99.4 99.5 99.5 99.5 99.4 99.5 99.4 99.5 99.5 99.5 99.5 99.4 99.3 99.2 99.2 99.1 99.1 99.1 99.1 99.0 99.0 99.0 98.9 98.9 98.9 98.9 98.9 98.8 98.8 98.9 98.9 98.7 98.4 98.2 98.2 98.2 98.1 98.0 98.1 98.2 98.2 98.2 98.2 98.3 98.3 98.3 98.3 98.3 98.0 97.7 97.3 97.2 97.2 97.3 97.2 97.1 97.0 97.0 96.3 95.8 96.2 96.1 95.4 95.4 95.4 95.2 95.1 94.8 94.0 93.8 93.4 92.7 91.3 90.1 89.4 88.5 87.8 87.2 87.4 86.9 85.9 83.8 84.3 82.5 81.9 82.2 81.5 80.3 79.4 79.1 80.1 77.2 77.9 78.7 77.5 76.8 76.8 75.1 75.7 74.3 75.6 74.4 73.8 71.0 70.7 69.5 71.2 71.0 70.5 71.7 69.6 71.6 72.5 74.0 72.7 73.2 73.2 71.4 71.5 73.2 72.9 72.4 72.2 70.2 70.0 70.7 70.0 68.3 68.7 69.5 69.2 68.9 69.3 71.0 71.0 69.1 67.4 66.9 66.8 67.0 66.4 66.4 66.3 66.7 67.4 67.9 69.1 66.7 66.7 67.9 67.1 68.1 68.5 69.5 68.9 69.5 70.1 71.1 71.5 71.1 71.4 71.3 72.5 73.1 73.6 73.9 74.2 74.9 75.7 76.2 77.1 77.4 77.9 77.2 77.4 78.1 78.9 79.1 79.6 79.8 79.8 79.6 80.1 80.8 81.2 82.0 82.4 82.5 82.9 82.4 81.9 81.3 81.1 80.9 80.8 81.0 81.9 81.9 81.4 82.1 82.3 82.8 83.0 83.1 83.4 84.3 84.7 85.7 86.1 86.8 88.4 89.5 89.0 90.6 91.5 89.0 91.3 92.9 92.6 93.0 95.1 94.8 95.8 96.2 96.4 96.9 97.6 97.5 97.7 97.2 97.7 95.0 95.4 95.7 96.6 97.4 97.5 98.0 98.5 87.30520833333334 11.846698210599923
6 -1.0 -1.0 -1.0 -1.0 -1.0 -1.0 -1.0 -1.0 -1.0 -1.0 -1.0 -1.0 -1.0 -1.0 -1.0 -1.0 -1.0 -1.0 -1.0 -1.0 -1.0 -1.0 -1.0 -1.0 -1.0 -1.0 -1.0 -1.0 -1.0 -1.0 -1.0 -1.0 -1.0 -1.0 -1.0 -1.0 -1.0 -1.0 -1.0 -1.0 -1.0 -1.0 -1.0 -1.0 -1.0 -1.0 -1.0 -1.0 -1.0 -1.0 -1.0 -1.0 -1.0 -1.0 -1.0 -1.0 -1.0 -1.0 -1.0 -1.0 -1.0 -1.0 -1.0 -1.0 -1.0 -1.0 -1.0 -1.0 -1.0 -1.0 -1.0 -1.0 -1.0 -1.0 -1.0 -1.0 -1.0 -1.0 -1.0 -1.0 -1.0 -1.0 -1.0 -1.0 -1.0 -1.0 -1.0 -1.0 -1.0 -1.0 -1.0 -1.0 -1.0 -1.0 -1.0 -1.0 -1.0 -1.0 -1.0 -1.0 -1.0 -1.0 -1.0 -1.0 -1.0 -1.0 -1.0 -1.0 -1.0 -1.0 -1.0 -1.0 -1.0 -1.0 -1.0 -1.0 -1.0 -1.0 -1.0 -1.0 -1.0 -1.0 -1.0 -1.0 -1.0 -1.0 -1.0 -1.0 -1.0 -1.0 -1.0 -1.0 -1.0 -1.0 -1.0 -1.0 -1.0 -1.0 -1.0 -1.0 -1.0 -1.0 -1.0 -1.0 -1.0 -1.0 -1.0 -1.0 -1.0 -1.0 -1.0 -1.0 -1.0 -1.0 -1.0 -1.0 -1.0 -1.0 -1.0 -1.0 -1.0 -1.0 -1.0 -1.0 -1.0 -1.0 -1.0 -1.0 -1.0 -1.0 -1.0 -1.0 -1.0 -1.0 -1.0 -1.0 -1.0 -1.0 -1.0 -1.0 -1.0 -1.0 -1.0 -1.0 -1.0 -1.0 -1.0 -1.0 -1.0 -1.0 -1.0 -1.0 -1.0 -1.0 -1.0 -1.0 -1.0 -1.0 -1.0 -1.0 -1.0 -1.0 -1.0 -1.0 -1.0 -1.0 -1.0 -1.0 -1.0 -1.0 -1.0 -1.0 -1.0 -1.0 -1.0 -1.0 -1.0 -1.0 -1.0 -1.0 -1.0 -1.0 -1.0 -1.0 -1.0 -1.0 -1.0 -1.0 -1.0 -1.0 -1.0 -1.0 -1.0 -1.0 -1.0 -1.0 -1.0 -1.0 -1.0 -1.0 -1.0 -1.0 -1.0 -1.0 -1.0 -1.0 -1.0 -1.0 -1.0 -1.0 -1.0 -1.0 -1.0 -1.0 -1.0 -1.0 -1.0 -1.0 -1.0 -1.0 -1.0 -1.0 -1.0 -1.0 -1.0 -1.0 -1.0 -1.0 -1.0 -1.0 -1.0 -1.0 -1.0 -1.0 -1.0 -1.0 -1.0 -1.0 -1.0 -1.0 -1.0 -1.0 -1.0 -1.0 -1.0 -1.0 -1.0 -1.0 -1.0 0.0
7 97.9 97.9 96.2 94.8 94.7 94.0 93.9 94.0 94.4 93.7 93.0 93.0 92.3 94.4 95.3 96.6 95.1 95.5 96.0 96.6 96.7 96.8 97.2 97.3 97.2 97.6 98.0 97.5 94.6 92.4 92.3 92.2 92.3 92.3 92.7 93.0 93.8 94.3 94.3 93.7 93.1 93.1 93.0 94.0 95.6 96.5 96.9 97.0 97.1 97.1 97.2 97.3 97.3 97.4 97.4 97.4 97.4 97.4 97.4 97.4 97.0 96.6 96.3 96.2 96.0 95.9 95.9 95.9 96.0 96.2 96.1 96.0 96.2 96.3 96.1 96.2 96.5 96.3 96.2 96.3 96.5 96.4 96.3 96.3 96.3 96.3 96.3 96.4 96.5 96.5 96.5 96.4 96.4 96.4 96.5 96.2 96.0 96.2 95.9 96.0 96.1 95.9 95.7 95.4 95.4 95.3 94.6 93.6 93.6 93.6 92.8 93.1 92.7 92.6 92.9 92.6 92.6 92.1 92.2 92.1 91.4 90.8 89.5 83.7 81.8 82.5 82.2 82.2 81.6 82.3 82.2 82.0 81.6 82.4 81.6 80.2 80.7 80.1 81.0 81.1 80.6 80.8 80.4 79.8 79.5 79.0 79.3 77.7 77.9 77.5 76.8 77.7 76.9 77.8 76.6 77.0 75.2 76.0 76.3 75.8 74.1 75.1 74.7 74.6 73.0 71.8 72.2 72.1 70.0 70.3 70.6 69.6 69.9 69.1 69.7 70.5 70.6 68.6 69.5 68.6 68.2 69.1 68.9 69.6 67.6 70.1 69.2 70.0 69.9 69.4 69.5 71.0 71.4 70.5 71.4 72.0 74.1 73.9 74.1 74.6 74.0 74.6 73.2 73.1 74.0 73.3 74.8 74.5 75.1 76.1 75.7 76.0 76.2 75.4 74.5 75.4 76.3 75.2 75.5 75.4 75.1 74.4 74.4 76.3 78.2 81.4 82.7 80.9 78.9 79.2 79.7 80.4 81.6 81.2 82.3 83.6 84.1 84.1 84.4 84.3 84.9 84.6 87.3 85.1 86.6 89.7 91.8 88.0 87.6 88.6 89.5 89.8 89.0 89.4 89.9 90.4 89.8 89.5 89.7 90.1 89.6 89.6 89.9 88.2 91.9 93.6 93.8 93.5 94.0 93.0 94.4 94.6 92.0 91.3 90.8 90.6 89.9 91.6 93.6 94.6 95.6 96.0 95.0 95.1 96.9 97.0 96.9 97.0 86.78229166666667 9.675469122678363
8 90.4 90.4 90.4 90.4 90.4 90.4 90.4 90.4 90.4 90.4 90.4 90.4 90.4 90.7 90.6 90.4 90.7 91.4 91.4 91.4 91.4 91.3 90.8 90.4 89.9 89.7 90.1 90.0 90.0 89.6 89.6 89.8 89.9 90.0 90.1 90.1 90.4 90.5 90.7 90.5 90.4 90.6 90.8 91.0 91.2 91.4 91.3 91.5 91.6 91.4 91.5 91.5 91.6 92.0 92.1 92.3 92.7 92.9 93.2 93.5 93.6 93.8 94.1 94.3 94.4 94.5 94.6 94.8 94.9 94.9 95.0 94.9 94.8 94.8 94.6 94.5 94.3 94.0 93.9 93.9 94.1 94.2 94.4 94.6 94.6 94.7 94.5 94.5 94.3 94.0 93.6 92.9 92.3 92.1 92.0 92.0 91.8 91.6 91.7 91.8 91.2 90.8 90.4 90.2 90.1 89.2 88.8 88.0 87.8 85.9 85.5 84.3 82.8 82.4 82.6 82.8 83.9 85.0 84.7 83.8 82.0 83.4 82.7 83.5 81.6 81.4 81.0 82.0 81.4 82.1 81.5 82.2 80.7 80.3 79.9 79.2 79.2 79.3 79.4 77.8 78.8 78.1 77.7 78.2 76.5 76.2 76.6 76.2 76.3 77.0 76.0 75.6 76.1 76.0 75.0 75.4 74.8 74.9 73.9 74.3 74.1 73.6 75.3 75.5 74.5 74.7 73.7 73.0 72.4 71.7 73.0 73.2 73.0 73.7 73.7 71.5 71.1 71.1 70.1 69.5 70.1 68.7 68.4 68.1 68.6 70.0 68.1 70.0 70.2 70.9 70.6 69.9 70.4 70.5 70.5 70.5 70.5 70.5 68.9 68.9 69.5 70.0 71.3 71.5 71.8 71.5 72.1 73.1 74.3 75.2 75.9 74.6 74.3 74.9 75.8 76.5 76.9 77.0 77.7 77.5 77.4 77.1 77.2 78.0 78.5 78.5 78.4 79.2 81.5 82.5 83.7 85.0 85.7 87.1 85.5 87.7 88.8 90.1 89.3 90.4 90.4 90.8 91.2 91.1 90.1 91.0 90.6 90.4 90.0 91.1 93.3 93.5 92.5 92.8 92.9 93.4 93.3 93.9 94.4 95.0 94.8 93.4 95.4 94.9 95.3 95.9 96.6 96.0 96.3 96.6 94.9 94.7 96.3 96.6 97.0 96.8 95.8 97.4 97.7 97.9 96.9 96.9 96.8 97.4 97.7 98.3 97.9 96.9 85.4732638888889 8.914304390101805
9 98.9 98.9 98.8 98.8 98.8 98.6 98.4 98.1 97.7 96.6 94.3 89.4 91.1 93.3 95.3 95.1 90.5 88.6 86.5 86.0 87.2 86.8 86.8 87.3 87.1 87.9 87.7 87.9 87.1 86.5 86.5 86.5 86.2 85.5 85.6 86.5 86.3 86.7 86.5 86.3 85.3 85.1 85.5 84.9 84.2 83.6 83.5 83.6 83.3 83.4 82.8 83.1 83.0 82.9 82.6 82.8 83.1 83.5 83.6 84.3 83.8 84.5 84.6 84.6 84.7 85.1 85.3 85.2 85.5 85.4 85.5 85.6 85.2 85.0 85.0 85.9 86.2 86.7 86.0 85.5 84.7 84.1 83.6 83.7 84.4 85.2 85.6 86.0 85.8 85.2 85.0 84.3 84.4 83.7 84.0 84.3 84.6 85.3 85.9 85.9 86.3 85.9 85.7 85.9 85.6 85.5 85.1 84.8 84.5 84.2 83.9 83.6 83.4 83.2 83.4 84.1 83.7 83.6 84.1 83.4 82.5 81.8 81.1 80.3 79.6 78.8 79.0 78.8 78.2 77.6 78.1 78.2 77.5 77.5 77.3 77.1 77.2 76.6 76.6 75.6 74.4 74.0 73.9 74.0 73.7 73.4 72.7 71.4 72.3 72.3 72.2 71.0 70.1 71.2 69.6 68.9 68.7 69.0 69.9 67.3 68.1 67.8 68.1 68.1 69.7 70.8 70.0 70.7 70.1 70.6 71.1 71.6 70.3 70.2 70.4 70.7 70.5 71.1 71.2 71.7 71.9 71.9 72.6 70.6 71.6 72.4 73.2 73.1 74.0 73.2 71.4 70.8 70.8 73.3 74.2 73.7 73.5 72.9 72.6 73.0 73.9 73.9 75.5 74.8 73.6 74.0 75.3 76.0 76.6 77.6 77.4 76.6 76.6 77.2 77.7 78.4 78.2 77.6 77.4 78.1 78.3 77.7 77.5 78.5 79.3 80.2 81.7 81.3 83.0 85.7 86.0 86.8 86.2 85.5 86.9 89.0 92.2 92.7 93.2 93.8 94.5 94.9 95.1 95.6 95.6 94.7 95.0 95.3 95.7 95.2 94.8 94.8 94.6 94.4 94.4 94.5 94.1 94.3 94.6 94.4 94.8 94.8 94.5 95.1 95.5 96.0 97.0 97.1 97.1 97.0 96.8 96.8 96.8 96.3 95.7 95.4 95.3 95.3 95.6 95.7 95.6 95.4 95.4 94.8 94.2 93.6 93.2 93.0 83.46770833333333 8.5812350352362
END
#################################################################
SECTION3 (Edges Information)
EndPoint0 EndPoint1 Weight
0 1 1.000000
1 2 1.000000
2 3 1.000000
3 4 1.000000
3 5 1.000000
4 5 1.000000
4 6 1.000000
5 6 1.000000
5 7 1.000000
6 7 1.000000
7 8 1.000000
7 9 1.000000
8 9 1.000000
END
#################################################################
SECTION4 (TrueSubGraph Information)
EndPoint0 EndPoint1 Weight
END
#################################################################
