#################################################################
#APDM Input Graph, this input graph includes 3 sections:
#section1 : general information
#section2 : nodes
#section3 : edges
#section4 : trueSubGraph (Optional)
#
#if nodes haven't information set weight to null
#################################################################
SECTION1 (General Information)
numNodes = 10
numEdges = 13
usedAlgorithm = NULL
dataSource = TransWeatherRealData
END
#################################################################
SECTION2 (Nodes Information)
NodeID rh  mean  std 
0 78.0 77.2 77.4 77.5 76.7 76.0 76.9 77.2 78.1 79.2 78.9 79.4 80.6 80.7 79.5 78.6 78.3 77.4 76.6 76.4 75.3 74.8 74.9 75.0 74.3 75.5 77.6 78.6 77.8 75.6 77.0 77.5 76.6 75.7 75.5 75.1 74.1 74.2 73.6 73.5 73.4 73.2 72.7 73.0 73.3 73.9 73.8 74.3 75.1 75.7 75.4 76.1 77.1 77.5 76.9 76.7 77.5 78.3 79.0 79.7 79.4 78.5 78.1 77.7 78.7 78.2 77.3 76.9 76.7 75.8 76.4 76.7 76.7 76.4 76.4 76.4 75.9 75.7 75.1 74.2 74.6 75.2 75.7 76.2 76.1 76.4 76.1 76.7 77.4 77.3 77.8 78.0 78.5 79.3 78.8 79.2 80.5 80.4 80.5 80.8 80.8 81.3 81.3 80.5 80.0 80.8 80.4 80.1 80.5 80.4 80.5 81.9 81.3 81.7 83.5 85.0 86.7 88.1 89.0 89.1 90.6 93.7 95.1 95.5 96.0 96.1 96.5 96.2 96.0 95.4 95.3 95.4 95.2 95.2 94.9 94.5 94.2 94.3 93.6 93.2 93.0 92.4 92.1 92.0 91.4 91.3 91.6 91.4 92.0 92.3 92.6 93.1 93.7 94.0 94.8 95.1 95.5 95.8 95.9 96.1 96.4 96.5 96.7 96.6 96.9 96.9 96.9 96.8 96.8 96.9 96.8 97.0 97.0 97.0 97.0 97.0 96.9 96.7 96.8 96.8 96.8 96.9 97.0 97.0 97.0 97.1 96.8 97.0 97.1 97.2 97.4 97.3 97.4 97.4 97.4 97.4 97.4 97.6 97.5 97.6 97.6 97.6 97.6 97.7 97.6 97.7 97.6 97.6 97.6 97.6 97.5 97.5 97.5 97.5 97.5 97.5 97.5 97.4 97.4 97.5 97.4 97.4 97.4 97.5 97.6 97.6 97.6 97.6 97.6 97.6 97.6 97.6 97.6 97.5 97.6 97.6 97.6 97.6 97.6 97.6 97.6 97.6 97.6 97.6 97.6 97.6 97.5 97.4 97.3 97.2 97.0 96.8 96.5 96.2 96.1 95.9 95.5 94.9 94.5 94.0 93.9 94.0 93.9 93.7 93.7 93.5 92.9 92.9 92.8 93.0 92.6 92.2 92.3 92.0 91.9 91.6 91.3 91.3 91.0 90.1 89.4 88.8 87.9 87.8 86.5 87.0 87.1 85.9 88.05659722222222 9.175897731674683
1 74.0 74.8 77.8 79.8 80.1 76.9 75.9 76.9 78.5 78.1 76.2 72.7 77.1 79.3 78.9 79.7 80.2 81.3 77.8 77.7 77.3 76.6 76.6 78.2 77.5 76.5 75.8 74.9 76.7 74.9 76.1 73.6 72.2 66.5 67.0 64.2 60.8 61.3 60.9 61.5 62.1 63.2 62.1 62.3 62.6 60.0 59.9 58.3 57.0 56.2 56.1 56.4 56.0 55.9 56.8 56.8 56.9 57.4 57.5 57.3 57.3 58.0 58.9 59.3 58.9 59.2 60.2 61.7 61.2 62.9 60.9 60.4 60.2 60.0 60.1 59.9 60.7 59.5 62.8 64.4 64.3 62.8 60.6 61.6 61.8 61.3 62.1 62.3 61.3 61.8 61.0 60.6 60.4 60.9 61.3 61.3 60.5 61.8 62.3 62.3 63.9 65.0 64.9 64.0 64.3 64.2 65.1 65.5 66.6 66.7 67.1 66.3 67.4 67.9 68.2 68.6 70.4 70.6 68.8 70.1 70.5 70.7 72.0 73.2 74.1 75.0 75.3 76.6 78.2 77.8 77.5 84.9 91.3 93.6 94.6 94.5 94.8 94.9 94.6 95.1 95.3 95.6 96.1 96.0 95.7 95.4 95.9 95.6 95.6 95.8 95.6 95.3 95.8 96.1 95.9 96.0 96.0 95.9 95.6 95.2 95.4 94.9 95.1 94.9 94.7 94.5 94.7 94.4 95.1 94.7 94.9 94.4 94.1 94.4 93.9 94.0 94.3 94.5 94.7 94.7 93.8 93.4 92.6 91.9 92.4 92.6 92.4 92.7 93.0 93.7 93.7 93.5 93.5 93.4 93.3 92.8 92.6 92.8 92.2 91.7 90.9 90.5 90.7 90.9 90.8 90.0 89.9 90.3 90.5 90.5 90.8 91.4 92.7 93.9 94.7 95.0 94.9 94.5 93.4 92.2 91.1 91.2 91.1 91.5 91.8 92.5 93.2 93.5 93.6 93.8 94.0 93.6 93.7 93.1 92.9 93.5 93.4 92.8 91.4 90.8 90.2 89.8 89.8 90.0 89.9 89.8 89.7 89.2 89.3 89.0 88.4 87.2 87.5 87.8 87.4 87.3 87.4 87.4 87.2 87.6 87.3 86.8 87.1 86.5 85.2 83.3 83.1 81.9 81.2 80.3 80.2 80.5 80.0 80.0 79.6 78.8 78.8 78.1 78.0 77.8 77.7 76.8 77.3 77.0 77.0 75.3 75.0 75.3 79.72465277777778 13.52902093813598
2 79.5 83.0 82.1 77.2 76.4 72.7 71.7 72.7 71.1 67.8 64.9 64.6 67.1 66.6 64.7 64.5 65.6 64.0 64.2 65.5 64.3 65.4 69.8 66.6 69.6 71.9 70.6 64.8 70.3 74.7 76.6 71.9 78.8 77.9 77.9 77.9 79.6 82.6 82.9 79.0 74.6 71.1 69.8 68.2 68.1 70.3 70.8 69.5 70.0 68.3 67.2 67.6 68.0 67.4 67.8 68.7 69.6 70.1 69.2 68.2 67.2 66.0 66.5 67.8 67.8 68.0 72.9 76.5 77.4 77.5 78.5 82.4 85.6 85.8 84.2 83.5 83.1 84.8 82.3 79.6 83.6 84.2 84.9 84.0 85.3 83.0 81.1 82.5 83.2 83.0 84.9 87.6 88.9 88.4 86.5 87.1 85.7 87.7 86.6 86.0 85.6 86.3 86.3 85.0 85.8 84.4 79.6 79.4 79.1 77.0 76.5 75.4 75.6 75.8 75.5 74.9 75.3 75.7 76.2 78.1 79.7 82.7 84.7 85.0 86.7 88.1 89.0 88.9 89.6 89.7 90.0 90.4 90.4 90.4 89.8 89.4 88.6 88.1 86.0 85.7 85.0 84.5 84.1 84.4 84.9 85.1 85.1 85.6 85.8 86.6 87.3 87.2 87.7 87.2 87.1 86.5 86.9 86.7 85.7 83.7 81.7 81.9 81.1 80.7 80.2 79.3 78.7 78.6 78.9 78.1 78.1 77.5 77.2 76.5 76.3 77.4 77.6 77.5 77.4 77.7 77.4 77.3 77.5 77.6 77.3 77.3 77.8 77.9 78.0 77.6 77.9 78.7 78.9 79.4 79.7 80.4 80.9 81.4 81.8 81.8 82.0 82.5 82.9 82.9 83.4 83.7 83.8 84.1 84.1 84.3 84.6 85.3 85.0 83.3 83.2 83.6 83.4 83.2 83.1 82.8 83.7 83.9 83.9 83.9 84.4 84.5 85.0 85.3 85.8 86.1 86.1 86.9 87.2 86.9 87.0 86.9 86.5 84.9 84.4 83.1 82.6 81.4 81.4 81.6 81.3 81.5 81.5 81.1 81.0 81.4 81.1 81.3 80.8 80.3 79.9 79.6 80.0 79.6 79.4 79.5 79.2 79.2 79.7 80.2 80.2 79.3 79.5 79.9 79.3 79.2 79.2 79.3 77.6 76.1 75.4 74.5 74.7 73.7 73.5 73.3 72.9 72.9 73.1 72.8 73.1 72.7 72.4 72.1 79.30729166666667 6.55060033621411
3 74.0 75.2 77.7 77.0 77.9 77.4 79.1 78.6 79.7 80.6 80.7 80.9 78.7 81.1 82.3 79.9 80.7 78.7 74.8 73.4 79.2 79.7 78.9 79.7 77.8 79.0 79.9 83.0 82.9 82.0 83.2 81.2 80.6 83.3 84.0 82.8 82.7 84.0 84.0 83.6 82.5 81.9 80.9 79.9 77.2 63.8 54.6 56.1 55.3 55.3 58.9 63.8 69.7 63.7 62.5 64.1 67.0 65.8 64.9 66.9 73.8 78.2 80.1 82.3 81.6 81.7 84.6 83.3 82.2 80.9 83.3 85.1 83.3 81.4 82.5 85.0 85.4 86.6 86.5 87.2 87.4 88.8 89.1 89.5 87.8 85.5 83.6 84.0 86.1 86.2 87.6 89.4 88.8 88.0 87.3 88.4 89.5 88.7 89.1 89.0 89.1 88.8 86.2 82.1 84.3 84.7 83.6 80.7 80.6 81.1 80.4 78.2 78.9 79.5 80.1 80.6 83.0 85.5 87.8 89.2 90.0 89.9 90.1 90.1 90.3 90.3 89.1 88.4 88.2 88.0 87.7 87.4 86.9 86.9 86.4 86.4 85.2 84.8 84.4 84.1 83.9 83.8 82.9 83.3 83.4 84.0 84.5 83.8 84.2 84.5 84.6 85.1 84.4 83.8 83.6 83.0 82.7 82.9 83.3 82.0 81.7 81.8 80.9 81.3 80.4 80.5 79.7 78.8 79.5 79.6 79.6 80.0 79.7 79.7 78.7 79.0 78.7 77.8 78.7 78.9 79.0 79.7 79.6 79.2 80.2 79.4 79.6 79.7 80.4 81.0 81.9 82.2 82.1 82.3 81.7 82.8 82.5 82.9 82.7 83.5 84.0 84.8 85.0 84.6 84.7 84.8 85.0 86.0 86.0 86.1 85.9 85.9 85.8 86.0 85.2 84.5 85.3 86.8 87.1 86.7 87.2 87.0 86.1 85.5 85.6 84.2 83.9 83.0 83.1 83.6 83.1 83.4 83.4 83.3 83.0 81.7 81.1 81.1 81.3 79.7 79.2 79.0 78.7 79.0 79.3 79.3 79.3 78.8 79.7 80.0 80.5 80.9 81.3 81.4 81.7 82.1 82.2 81.7 81.2 81.2 80.9 79.7 80.2 80.7 80.4 81.0 81.6 81.8 81.1 79.8 79.4 79.3 79.1 79.5 79.0 78.9 78.3 76.8 76.3 76.2 76.3 76.4 76.7 76.8 77.8 78.5 79.4 78.8 81.428125 5.783896359661285
4 93.1 94.3 95.1 95.4 94.8 93.7 93.4 92.7 93.3 95.4 95.6 94.4 92.3 89.0 89.1 92.2 91.8 90.8 90.7 92.3 93.2 94.3 94.8 95.1 95.1 95.4 95.8 96.5 97.1 97.2 96.9 96.3 95.9 96.5 96.6 96.6 96.2 93.7 92.7 92.4 93.8 94.2 94.2 88.5 86.5 89.8 91.7 92.5 94.6 95.2 93.7 93.1 93.5 93.4 92.4 92.1 92.5 93.2 93.4 91.3 92.0 91.8 90.5 91.9 91.8 92.3 93.6 94.5 94.1 93.4 92.2 91.3 93.3 94.6 95.2 95.5 95.0 94.8 95.0 95.5 95.6 95.8 94.9 95.1 95.7 95.7 94.7 93.5 92.9 92.6 93.3 94.8 95.6 95.4 95.6 96.0 96.1 95.7 95.9 95.8 96.0 93.3 90.1 90.3 90.8 89.5 87.8 87.5 87.9 88.2 89.1 90.2 90.9 91.1 91.4 90.9 90.1 88.2 87.5 86.9 86.5 86.1 86.5 86.8 86.5 86.0 86.1 85.4 85.1 85.0 84.7 84.4 84.9 85.5 86.1 86.6 87.3 86.5 86.7 85.6 85.4 85.9 86.1 86.3 86.3 86.2 86.6 86.0 85.4 84.0 82.6 83.8 83.5 83.6 83.2 83.7 82.5 81.6 81.2 81.6 80.8 80.1 80.3 80.1 80.5 80.5 80.7 81.2 79.7 80.3 79.8 81.9 81.9 81.9 82.7 83.0 83.3 83.5 84.0 84.2 84.7 86.1 88.7 89.6 89.7 89.7 89.8 89.4 89.3 88.2 87.8 87.9 88.5 88.5 88.4 88.8 88.8 88.7 89.3 90.0 90.0 90.0 89.8 89.6 89.3 88.9 88.8 88.7 88.3 87.7 87.9 87.4 86.9 86.8 87.1 87.0 87.3 87.7 87.9 88.2 88.2 88.0 87.6 86.4 84.7 84.0 83.4 83.3 83.1 82.9 83.1 83.1 82.6 82.0 81.4 80.8 80.6 80.6 80.6 80.7 81.1 81.0 80.7 81.1 81.9 82.8 83.6 83.8 83.9 83.7 83.9 84.4 84.4 84.9 85.3 85.8 86.3 87.1 87.5 87.8 87.8 88.1 88.1 88.7 89.4 90.1 90.8 90.8 90.4 90.0 90.2 89.4 89.4 89.8 89.4 90.8 92.1 93.7 94.3 94.7 95.1 95.2 95.3 95.1 95.4 94.9 95.8 96.4 89.14826388888889 4.789920868151308
5 54.2 52.7 52.1 52.9 53.5 53.2 52.9 54.2 55.8 57.2 61.7 66.6 66.9 66.1 71.1 73.9 69.1 63.1 72.4 78.0 76.2 80.1 81.4 83.3 84.9 85.9 85.8 84.4 85.2 84.4 84.5 87.6 87.2 83.8 85.8 87.5 89.2 90.0 90.7 91.1 92.2 92.7 92.0 89.8 89.9 90.7 90.9 91.2 91.1 91.7 92.3 93.1 93.6 93.9 92.5 90.4 90.6 92.0 91.5 91.7 78.4 70.0 73.7 78.2 82.2 83.6 84.6 84.7 87.7 88.4 88.9 90.3 90.9 91.6 91.8 92.5 92.3 92.6 93.5 94.2 94.3 94.3 94.2 94.2 94.7 95.0 94.6 94.1 94.1 95.2 95.3 95.7 95.7 95.5 95.1 95.3 94.9 95.2 95.1 93.3 92.7 92.3 91.6 89.9 90.4 90.9 87.4 85.7 83.4 81.7 82.1 81.3 80.4 78.5 78.3 78.3 76.0 71.6 71.1 70.3 69.4 68.5 69.9 71.6 72.7 72.0 71.9 71.0 72.6 73.4 74.8 75.5 75.4 77.1 78.4 79.4 82.6 84.5 84.7 84.2 82.3 80.9 81.2 81.2 81.0 81.2 81.7 81.5 81.0 80.7 81.0 81.4 81.8 81.4 81.6 82.6 82.6 82.9 82.4 82.1 82.1 80.4 81.7 80.1 81.1 79.7 79.7 77.7 78.5 77.4 76.7 76.9 77.7 78.4 78.6 78.7 79.8 79.1 79.5 79.4 78.4 78.2 78.3 78.9 79.0 79.0 79.0 78.7 80.1 80.8 81.0 81.4 82.4 83.5 83.8 84.7 87.0 88.7 90.2 91.5 92.4 92.8 93.3 93.0 92.4 92.3 92.2 92.3 92.2 92.7 93.2 93.5 94.4 94.9 95.0 94.6 94.1 94.3 94.8 95.1 95.0 95.0 95.6 95.6 95.0 95.0 92.2 91.7 90.5 90.7 90.5 89.8 88.7 87.9 87.6 86.7 88.3 88.7 88.6 88.8 89.3 89.5 89.9 89.4 90.1 90.3 90.4 89.6 89.5 90.9 91.6 90.8 90.2 91.9 91.8 90.4 89.8 89.9 90.0 89.1 89.5 89.3 89.1 88.1 87.5 85.9 87.2 86.4 85.8 86.3 86.1 87.7 87.2 86.3 87.2 86.2 86.4 85.6 85.2 85.7 87.6 89.5 90.5 92.5 92.2 92.6 94.8 91.2 84.671875 9.305496893251513
6 58.0 57.3 55.5 55.5 56.6 55.9 56.9 57.4 57.8 57.2 57.4 58.9 61.7 70.8 78.7 81.1 81.3 81.0 80.4 80.5 80.1 80.1 82.8 82.4 83.0 84.7 76.6 70.9 74.1 75.3 74.5 74.0 75.3 74.1 72.2 69.1 67.0 65.2 66.6 68.1 78.5 79.3 80.6 83.2 83.4 81.9 70.5 63.9 62.5 62.9 62.7 63.0 62.9 62.8 62.2 62.3 61.7 61.7 61.8 61.7 70.4 79.1 79.2 80.5 82.0 80.9 78.1 82.6 82.9 79.6 83.8 82.7 82.9 83.0 83.1 82.0 83.4 82.8 83.9 85.3 86.6 86.5 88.0 88.7 89.8 89.1 89.9 90.2 89.4 87.9 87.9 88.6 88.5 89.1 89.6 90.4 89.8 88.6 88.7 88.5 84.7 85.4 84.8 83.7 83.4 83.6 84.6 83.8 80.9 82.8 84.3 84.6 82.1 74.0 70.4 72.4 70.6 68.0 69.0 69.9 69.7 67.8 69.6 70.4 71.8 73.2 76.0 73.5 72.8 75.2 76.9 77.5 81.0 84.1 86.0 87.7 89.5 91.6 92.2 91.7 90.2 89.5 88.5 88.4 88.8 88.1 87.1 85.2 84.4 84.6 82.8 82.4 83.1 84.3 85.7 87.0 87.1 87.4 87.1 86.9 86.3 86.5 85.9 83.5 81.7 80.0 78.2 76.1 75.8 76.9 76.7 76.8 76.1 75.4 75.4 76.7 76.9 77.3 78.3 77.8 78.1 79.1 78.8 77.8 77.2 77.1 77.9 78.6 79.3 79.7 79.5 79.0 78.6 79.0 80.1 80.8 81.6 81.9 83.2 85.7 88.5 91.0 92.1 93.0 94.0 94.9 95.6 96.1 96.4 96.6 96.8 97.2 97.1 96.9 96.6 96.1 95.6 96.0 96.3 95.2 94.2 94.0 94.1 94.4 94.9 95.4 95.1 94.4 93.4 93.3 93.1 93.4 94.1 94.2 93.8 93.7 92.9 92.3 92.5 92.3 92.3 92.1 92.0 92.4 92.8 93.3 93.5 93.4 93.3 93.6 92.4 92.3 92.6 92.8 92.5 92.6 92.1 92.4 92.8 93.1 93.0 93.6 92.9 93.0 93.1 93.3 93.4 93.6 93.9 93.8 92.6 89.5 91.0 91.7 92.8 93.4 93.2 91.8 89.9 87.9 88.5 89.0 89.6 89.7 91.3 91.6 90.8 90.2 82.74479166666667 10.368266411917746
7 77.2 79.9 77.4 77.8 80.2 81.8 82.3 85.1 82.1 79.7 83.2 83.0 82.2 82.3 82.9 84.2 80.6 85.2 84.2 84.8 82.8 85.5 84.9 84.9 85.5 86.6 86.8 88.9 89.8 90.4 90.1 89.2 89.0 88.7 87.6 85.5 86.1 85.2 86.1 86.0 86.9 88.8 89.5 90.6 89.9 87.7 88.1 89.4 89.3 88.7 89.3 88.9 89.4 89.1 85.4 85.7 86.6 86.7 84.3 83.8 85.2 86.8 85.8 80.9 76.8 79.7 81.7 84.3 84.2 81.7 81.1 77.2 82.4 84.5 86.6 87.0 87.3 85.7 86.8 87.1 85.8 84.3 85.2 83.6 83.6 85.7 85.9 84.5 79.3 82.3 79.5 81.2 82.5 83.9 84.7 84.1 83.4 86.3 87.9 88.1 87.7 90.1 88.2 85.5 85.9 86.3 87.2 85.4 82.9 82.8 82.0 83.5 82.6 81.2 77.6 76.6 71.8 66.4 66.1 68.7 69.9 69.5 68.6 66.2 69.1 73.6 74.4 75.1 71.1 69.9 68.5 68.1 69.0 68.9 70.5 68.1 68.8 69.1 69.5 67.3 64.2 64.3 62.3 63.4 64.0 62.0 62.8 63.7 64.3 64.7 65.0 65.2 64.4 63.6 64.8 65.3 65.5 65.7 65.4 65.4 65.6 66.1 65.5 65.1 63.2 63.6 65.2 65.9 68.5 69.7 69.8 70.3 70.6 70.7 70.6 71.4 72.2 72.3 71.9 71.6 71.0 73.0 73.7 77.0 77.9 78.1 78.3 78.4 78.4 79.0 79.3 79.5 78.9 79.3 79.3 79.4 78.9 78.4 79.0 79.3 80.1 80.8 81.7 81.7 81.9 81.8 81.8 81.6 81.7 82.0 82.7 82.5 82.8 83.0 83.7 84.2 84.8 84.8 85.0 84.7 84.5 84.8 84.1 85.2 86.9 88.9 90.9 92.2 93.1 94.0 94.6 94.5 94.5 94.7 94.9 94.4 94.2 94.2 94.3 94.3 94.3 94.1 93.5 93.0 93.2 93.0 92.9 93.3 93.6 93.7 93.7 93.5 93.4 93.4 93.5 92.3 90.3 90.8 90.9 90.3 89.1 87.8 88.0 89.5 91.7 92.8 91.9 92.3 92.2 92.1 91.1 88.2 85.0 84.5 79.9 81.4 83.0 84.6 85.2 85.1 85.7 86.0 85.1 85.9 86.1 87.3 89.0 90.1 81.61041666666667 8.816370730473107
8 66.6 66.5 65.6 63.7 62.7 63.5 60.6 58.7 59.3 59.5 59.8 61.0 62.2 62.7 62.6 62.4 62.3 60.6 60.3 59.0 57.7 56.6 56.1 56.4 56.1 54.3 53.8 53.1 52.3 51.7 52.1 52.6 53.2 53.4 54.1 55.0 55.8 56.8 58.4 60.5 57.3 55.6 57.2 62.8 64.3 65.7 63.1 65.0 62.4 59.6 62.3 56.8 53.2 52.6 49.8 50.3 49.1 50.8 50.6 52.0 52.2 54.2 52.7 55.8 54.3 55.5 54.6 55.9 56.5 56.6 56.7 56.7 55.2 56.7 57.7 58.1 56.5 55.8 56.3 57.6 59.9 55.7 53.0 54.8 57.4 56.8 56.4 57.8 58.2 58.8 56.5 56.3 57.2 57.2 60.6 60.2 58.7 60.2 61.9 62.3 61.9 62.3 64.0 63.8 63.7 60.4 57.6 57.3 57.7 56.0 55.3 55.9 57.0 58.8 61.2 62.9 60.1 57.4 59.1 59.8 58.3 58.1 57.7 56.9 57.1 57.1 58.3 58.5 57.2 57.8 55.6 56.3 57.5 58.2 58.7 60.3 58.8 60.0 59.5 59.8 57.9 58.2 58.2 57.9 57.2 58.0 57.3 57.6 58.0 59.6 57.6 57.8 58.1 56.8 57.6 58.4 58.2 58.1 57.2 57.8 58.1 58.3 59.3 60.6 60.6 61.1 61.6 62.3 61.7 62.2 61.3 61.6 62.6 64.8 66.9 68.1 69.8 70.5 71.7 72.2 72.6 72.2 72.2 73.5 74.4 74.2 74.5 74.7 75.3 74.8 74.4 75.0 74.9 75.1 74.3 74.4 72.8 76.1 77.0 77.7 77.8 77.7 78.2 78.5 78.8 79.1 79.1 79.4 79.5 80.0 80.1 80.9 80.7 80.9 81.2 81.6 82.4 83.0 83.4 83.7 83.3 83.9 84.1 84.6 85.2 85.7 86.0 86.4 86.7 87.2 87.1 86.7 87.1 87.4 88.4 90.2 91.7 92.5 93.8 94.4 94.2 93.2 93.1 93.6 93.7 94.5 94.5 94.9 95.4 95.5 95.2 95.1 94.9 94.8 94.9 94.7 93.8 93.7 92.5 90.9 90.1 90.3 90.1 89.3 90.0 90.0 89.4 89.3 89.5 88.8 89.1 88.6 89.9 90.4 90.0 88.2 87.1 89.5 89.8 88.8 89.7 90.3 91.3 88.7 83.5 81.9 81.9 81.4 68.57916666666668 14.000213413007533
9 98.2 98.4 98.4 98.7 98.3 98.5 98.5 98.5 98.5 98.5 98.8 98.9 98.8 98.3 98.1 98.0 97.3 97.6 97.5 97.4 97.8 98.0 98.2 98.1 98.2 98.4 98.2 98.4 98.5 98.6 98.6 98.7 98.8 98.8 98.6 98.6 98.3 97.9 97.5 97.0 97.0 97.1 96.9 96.8 96.6 96.7 96.8 96.5 96.4 96.6 96.9 97.1 97.2 97.3 97.3 97.3 97.4 97.5 97.4 97.5 97.6 97.7 97.8 97.9 98.0 98.1 98.2 98.1 97.9 98.0 98.1 98.1 98.1 98.1 98.1 98.2 98.4 98.3 98.2 98.1 98.0 97.9 97.9 97.8 98.0 98.1 98.3 98.2 98.0 98.0 98.2 98.1 96.8 95.6 95.7 94.4 93.4 92.9 92.3 93.3 93.7 94.0 93.5 93.2 92.3 89.4 88.8 85.6 85.6 83.7 83.0 82.1 83.0 81.4 83.2 81.7 82.5 82.8 84.7 82.8 80.0 79.0 78.6 77.8 78.3 77.7 77.5 78.7 74.8 72.9 72.6 76.5 78.5 80.7 76.8 76.2 75.9 74.1 70.9 66.7 65.4 60.6 60.6 60.6 62.5 61.6 61.3 59.6 57.7 57.1 57.5 56.0 56.8 56.2 55.0 52.6 53.6 53.7 53.7 53.4 53.3 51.9 52.4 52.5 52.8 53.7 54.2 54.0 54.0 55.2 56.2 56.8 55.8 56.1 56.4 56.2 56.7 56.6 56.7 58.3 59.4 57.4 58.7 58.7 62.2 62.7 62.7 67.4 68.7 69.0 69.6 69.8 69.2 67.8 66.7 66.6 65.9 67.7 67.5 67.3 68.5 69.1 71.3 71.5 71.9 72.7 73.6 74.6 74.8 74.9 74.8 74.0 73.9 74.5 75.3 76.0 76.3 76.5 77.3 77.5 78.1 78.4 78.6 79.2 79.6 79.8 79.4 79.6 80.2 80.7 81.0 81.1 81.6 81.8 82.2 82.2 82.3 82.9 83.6 84.2 84.5 85.0 85.3 85.5 85.7 86.1 86.3 86.4 86.5 87.1 87.2 88.1 88.9 89.4 89.5 89.9 90.2 89.8 89.7 90.1 89.7 89.9 89.8 89.9 89.9 89.8 89.7 89.8 89.9 90.3 90.5 90.9 91.4 91.2 91.9 91.7 91.4 91.5 91.8 91.9 91.9 92.0 92.0 92.1 92.0 91.8 91.8 92.4 83.228125 14.800847770650346
END
#################################################################
SECTION3 (Edges Information)
EndPoint0 EndPoint1 Weight
0 1 1.000000
1 2 1.000000
2 3 1.000000
3 4 1.000000
3 5 1.000000
4 5 1.000000
4 6 1.000000
5 6 1.000000
5 7 1.000000
6 7 1.000000
7 8 1.000000
7 9 1.000000
8 9 1.000000
END
#################################################################
SECTION4 (TrueSubGraph Information)
EndPoint0 EndPoint1 Weight
END
#################################################################
