#################################################################
#APDM Input Graph, this input graph includes 3 sections:
#section1 : general information
#section2 : nodes
#section3 : edges
#section4 : trueSubGraph (Optional)
#
#if nodes haven't information set weight to null
#################################################################
SECTION1 (General Information)
numNodes = 10
numEdges = 13
usedAlgorithm = NULL
dataSource = TransWeatherRealData
END
#################################################################
SECTION2 (Nodes Information)
NodeID rh  mean  std 
0 74.0 73.0 72.0 74.0 73.0 73.0 72.0 73.0 73.0 73.0 74.0 74.0 74.0 74.0 73.0 73.0 74.0 74.0 74.0 74.0 75.0 75.0 75.0 75.0 76.0 76.0 76.0 75.0 75.0 75.0 75.0 74.0 74.0 74.0 74.0 74.0 73.0 74.0 73.0 73.0 73.0 73.0 72.0 72.0 72.0 72.0 72.0 72.0 71.0 70.0 70.0 70.0 70.0 70.0 71.0 70.0 70.0 70.0 70.0 69.0 69.0 69.0 69.0 69.0 69.0 68.0 68.0 69.0 68.0 68.0 68.0 68.0 69.0 69.0 68.0 69.0 69.0 70.0 70.0 71.0 71.0 72.0 72.0 72.0 72.0 72.0 73.0 75.0 75.0 75.0 75.0 75.0 76.0 77.0 77.0 76.0 76.0 76.0 76.0 76.0 75.0 76.0 76.0 75.0 74.0 74.0 74.0 74.0 75.0 74.0 74.0 75.0 74.0 74.0 74.0 75.0 74.0 74.0 75.0 75.0 75.0 74.0 74.0 75.0 76.0 78.0 76.0 76.0 76.0 75.0 75.0 76.0 76.0 76.0 77.0 77.0 78.0 78.0 78.0 78.0 78.0 78.0 79.0 78.0 78.0 77.0 77.0 77.0 77.0 76.0 76.0 75.0 75.0 73.0 73.0 73.0 72.0 72.0 71.0 70.0 70.0 69.0 68.0 67.0 67.0 67.0 69.0 71.0 72.0 72.0 74.0 75.0 75.0 77.0 78.0 79.0 80.0 80.0 80.0 81.0 80.0 80.0 79.0 78.0 76.0 75.0 75.0 73.0 70.0 71.0 71.0 71.0 68.0 70.0 70.0 70.0 70.0 72.0 71.0 71.0 71.0 72.0 72.0 72.0 72.0 71.0 71.0 72.0 70.0 70.0 69.0 67.0 66.0 68.0 70.0 71.0 71.0 70.0 70.0 70.0 70.0 69.0 69.0 68.0 68.0 70.0 69.0 69.0 69.0 69.0 69.0 69.0 70.0 70.0 71.0 72.0 73.0 73.0 74.0 75.0 75.0 75.0 75.0 75.0 75.0 75.0 76.0 77.0 78.0 77.0 77.0 78.0 77.0 77.0 77.0 77.0 77.0 72.0 71.0 70.0 67.0 67.0 68.0 68.0 69.0 69.0 66.0 67.0 64.0 64.0 65.0 67.0 68.0 67.0 68.0 68.0 68.0 68.0 68.0 67.0 66.0 67.0 65.0 63.0 62.0 63.0 64.0 63.0 72.47916666666666 3.681517544243327
1 59.0 59.0 61.0 61.0 60.0 60.0 59.0 58.0 58.0 60.0 59.0 59.0 59.0 58.0 59.0 60.0 61.0 61.0 61.0 60.0 61.0 62.0 62.0 63.0 64.0 64.0 64.0 66.0 66.0 67.0 67.0 68.0 68.0 68.0 68.0 68.0 68.0 69.0 69.0 69.0 69.0 69.0 69.0 69.0 69.0 69.0 69.0 69.0 68.0 68.0 68.0 69.0 68.0 68.0 68.0 67.0 68.0 67.0 66.0 65.0 65.0 64.0 64.0 63.0 63.0 63.0 62.0 62.0 63.0 62.0 63.0 63.0 62.0 62.0 61.0 61.0 61.0 61.0 62.0 62.0 63.0 62.0 61.0 61.0 61.0 61.0 61.0 61.0 61.0 62.0 61.0 62.0 62.0 62.0 62.0 62.0 63.0 64.0 63.0 64.0 64.0 68.0 71.0 73.0 72.0 70.0 70.0 68.0 74.0 78.0 80.0 81.0 81.0 80.0 75.0 70.0 69.0 68.0 69.0 69.0 69.0 69.0 68.0 68.0 68.0 68.0 69.0 71.0 72.0 73.0 75.0 74.0 74.0 71.0 68.0 67.0 66.0 69.0 70.0 69.0 69.0 68.0 69.0 70.0 70.0 69.0 70.0 70.0 71.0 72.0 72.0 71.0 71.0 71.0 70.0 69.0 69.0 68.0 68.0 68.0 66.0 67.0 65.0 64.0 65.0 65.0 63.0 63.0 62.0 61.0 60.0 60.0 61.0 60.0 61.0 61.0 60.0 60.0 61.0 59.0 58.0 57.0 57.0 57.0 57.0 58.0 58.0 60.0 59.0 62.0 62.0 61.0 60.0 62.0 65.0 69.0 66.0 66.0 65.0 66.0 66.0 64.0 64.0 64.0 62.0 61.0 61.0 62.0 62.0 62.0 59.0 59.0 59.0 58.0 59.0 60.0 61.0 61.0 62.0 62.0 64.0 65.0 65.0 65.0 65.0 65.0 65.0 65.0 66.0 70.0 78.0 82.0 83.0 85.0 82.0 82.0 81.0 79.0 77.0 75.0 73.0 71.0 69.0 70.0 69.0 69.0 70.0 66.0 65.0 65.0 62.0 63.0 64.0 63.0 64.0 63.0 65.0 66.0 66.0 68.0 68.0 68.0 69.0 70.0 73.0 75.0 76.0 77.0 78.0 80.0 79.0 78.0 77.0 77.0 76.0 76.0 75.0 75.0 75.0 75.0 75.0 74.0 73.0 73.0 73.0 73.0 73.0 72.0 66.58333333333334 5.874411528093151
2 61.0 62.0 62.0 64.0 65.0 66.0 67.0 68.0 69.0 69.0 69.0 69.0 68.0 67.0 66.0 66.0 66.0 67.0 68.0 69.0 70.0 71.0 71.0 72.0 73.0 73.0 74.0 73.0 74.0 76.0 76.0 77.0 77.0 77.0 78.0 80.0 81.0 78.0 78.0 77.0 76.0 77.0 75.0 74.0 75.0 75.0 76.0 77.0 76.0 76.0 75.0 76.0 76.0 74.0 74.0 76.0 77.0 77.0 77.0 76.0 77.0 78.0 78.0 79.0 81.0 83.0 86.0 84.0 85.0 83.0 80.0 82.0 81.0 80.0 80.0 81.0 80.0 78.0 81.0 82.0 82.0 85.0 85.0 84.0 83.0 83.0 82.0 82.0 81.0 79.0 76.0 76.0 77.0 76.0 74.0 76.0 76.0 77.0 78.0 79.0 79.0 79.0 78.0 76.0 76.0 77.0 76.0 76.0 76.0 76.0 76.0 76.0 75.0 76.0 77.0 77.0 76.0 76.0 76.0 76.0 76.0 76.0 75.0 75.0 76.0 76.0 76.0 75.0 75.0 75.0 75.0 75.0 75.0 76.0 76.0 76.0 76.0 74.0 72.0 73.0 75.0 74.0 74.0 73.0 73.0 73.0 72.0 72.0 71.0 71.0 70.0 69.0 69.0 69.0 69.0 68.0 68.0 67.0 68.0 67.0 67.0 65.0 64.0 66.0 66.0 65.0 63.0 60.0 60.0 59.0 60.0 61.0 62.0 62.0 59.0 56.0 55.0 56.0 55.0 54.0 52.0 52.0 52.0 52.0 51.0 51.0 50.0 51.0 49.0 49.0 49.0 49.0 50.0 50.0 50.0 51.0 51.0 51.0 52.0 52.0 53.0 53.0 54.0 53.0 53.0 54.0 53.0 54.0 54.0 54.0 54.0 57.0 60.0 64.0 66.0 66.0 63.0 61.0 61.0 63.0 64.0 63.0 62.0 61.0 60.0 59.0 59.0 59.0 59.0 60.0 59.0 59.0 58.0 58.0 58.0 58.0 58.0 60.0 79.0 87.0 89.0 87.0 86.0 86.0 84.0 83.0 81.0 80.0 79.0 78.0 76.0 73.0 70.0 69.0 67.0 65.0 63.0 63.0 64.0 66.0 67.0 68.0 68.0 65.0 66.0 66.0 66.0 64.0 66.0 67.0 67.0 68.0 69.0 71.0 71.0 71.0 71.0 71.0 71.0 71.0 72.0 73.0 72.0 72.0 73.0 73.0 72.0 72.0 69.70486111111113 9.455178179480797
3 57.0 57.0 58.0 59.0 60.0 60.0 60.0 62.0 62.0 62.0 63.0 63.0 64.0 65.0 66.0 67.0 67.0 68.0 69.0 68.0 69.0 70.0 71.0 72.0 74.0 75.0 75.0 75.0 76.0 75.0 74.0 73.0 73.0 73.0 72.0 73.0 73.0 73.0 72.0 72.0 71.0 72.0 73.0 73.0 73.0 73.0 73.0 73.0 73.0 73.0 73.0 74.0 74.0 74.0 74.0 75.0 75.0 77.0 77.0 77.0 77.0 77.0 76.0 76.0 76.0 77.0 77.0 77.0 76.0 76.0 77.0 79.0 78.0 76.0 75.0 74.0 73.0 72.0 72.0 71.0 70.0 70.0 68.0 68.0 68.0 69.0 69.0 70.0 70.0 70.0 70.0 70.0 70.0 69.0 69.0 68.0 68.0 68.0 68.0 68.0 69.0 69.0 69.0 68.0 68.0 68.0 71.0 73.0 76.0 83.0 84.0 81.0 83.0 86.0 86.0 88.0 88.0 85.0 86.0 88.0 87.0 86.0 85.0 76.0 74.0 72.0 70.0 68.0 68.0 69.0 69.0 69.0 69.0 70.0 68.0 68.0 68.0 66.0 65.0 66.0 65.0 64.0 65.0 65.0 65.0 65.0 65.0 65.0 64.0 61.0 61.0 61.0 61.0 58.0 58.0 58.0 56.0 57.0 56.0 57.0 56.0 57.0 56.0 57.0 57.0 56.0 57.0 56.0 56.0 55.0 55.0 54.0 54.0 52.0 54.0 53.0 53.0 53.0 53.0 52.0 53.0 52.0 52.0 52.0 51.0 51.0 51.0 52.0 50.0 48.0 48.0 48.0 47.0 46.0 46.0 46.0 45.0 46.0 47.0 47.0 48.0 50.0 50.0 52.0 53.0 53.0 52.0 51.0 52.0 51.0 52.0 52.0 52.0 53.0 51.0 52.0 54.0 55.0 55.0 56.0 56.0 57.0 57.0 59.0 62.0 65.0 66.0 64.0 65.0 66.0 66.0 65.0 65.0 64.0 63.0 61.0 62.0 59.0 59.0 58.0 57.0 56.0 57.0 74.0 82.0 85.0 85.0 88.0 89.0 88.0 88.0 87.0 86.0 86.0 86.0 84.0 84.0 82.0 81.0 79.0 78.0 76.0 80.0 83.0 83.0 83.0 83.0 82.0 82.0 81.0 80.0 81.0 81.0 80.0 80.0 78.0 78.0 78.0 75.0 73.0 72.0 72.0 71.0 71.0 72.0 71.0 71.0 70.0 67.50347222222223 10.906315743334334
4 65.0 65.0 66.0 67.0 68.0 68.0 68.0 68.0 68.0 69.0 70.0 70.0 70.0 71.0 71.0 72.0 73.0 73.0 74.0 74.0 74.0 73.0 73.0 73.0 77.0 79.0 81.0 83.0 85.0 86.0 86.0 87.0 88.0 88.0 89.0 91.0 93.0 93.0 93.0 93.0 93.0 92.0 92.0 92.0 92.0 93.0 93.0 93.0 93.0 94.0 95.0 96.0 96.0 96.0 96.0 95.0 96.0 96.0 96.0 96.0 95.0 95.0 96.0 96.0 97.0 96.0 96.0 97.0 97.0 97.0 97.0 97.0 97.0 96.0 97.0 97.0 97.0 97.0 97.0 97.0 96.0 97.0 97.0 97.0 97.0 97.0 97.0 98.0 97.0 97.0 97.0 97.0 97.0 98.0 97.0 97.0 97.0 97.0 97.0 97.0 97.0 97.0 97.0 97.0 97.0 97.0 97.0 97.0 97.0 97.0 97.0 97.0 97.0 96.0 96.0 96.0 96.0 96.0 94.0 96.0 97.0 97.0 97.0 97.0 97.0 96.0 95.0 95.0 93.0 94.0 92.0 90.0 91.0 90.0 90.0 90.0 90.0 89.0 88.0 88.0 86.0 86.0 86.0 86.0 85.0 82.0 83.0 82.0 81.0 78.0 77.0 74.0 73.0 73.0 73.0 70.0 68.0 66.0 66.0 66.0 66.0 68.0 67.0 69.0 68.0 68.0 67.0 67.0 66.0 66.0 66.0 65.0 64.0 62.0 61.0 59.0 56.0 57.0 56.0 57.0 58.0 56.0 56.0 54.0 54.0 54.0 53.0 52.0 52.0 51.0 49.0 50.0 50.0 49.0 49.0 49.0 47.0 47.0 46.0 47.0 46.0 45.0 46.0 46.0 47.0 47.0 47.0 48.0 47.0 48.0 51.0 53.0 51.0 52.0 53.0 53.0 54.0 55.0 54.0 55.0 56.0 56.0 56.0 54.0 56.0 57.0 61.0 67.0 72.0 73.0 76.0 76.0 78.0 79.0 80.0 79.0 78.0 77.0 78.0 77.0 79.0 78.0 79.0 78.0 77.0 75.0 75.0 74.0 72.0 70.0 75.0 79.0 82.0 84.0 86.0 87.0 85.0 85.0 86.0 86.0 84.0 85.0 85.0 85.0 83.0 84.0 83.0 83.0 81.0 81.0 80.0 78.0 77.0 76.0 75.0 74.0 75.0 75.0 76.0 77.0 76.0 75.0 74.0 74.0 73.0 72.0 71.0 70.0 78.52777777777776 16.168082484072425
5 66.0 67.0 68.0 68.0 69.0 69.0 70.0 71.0 72.0 73.0 73.0 74.0 74.0 75.0 76.0 76.0 75.0 75.0 75.0 76.0 79.0 79.0 84.0 88.0 91.0 90.0 87.0 86.0 87.0 88.0 86.0 85.0 87.0 90.0 91.0 92.0 93.0 93.0 93.0 93.0 95.0 95.0 95.0 95.0 95.0 94.0 95.0 96.0 95.0 96.0 96.0 96.0 96.0 97.0 97.0 97.0 97.0 97.0 97.0 97.0 98.0 98.0 98.0 97.0 97.0 97.0 98.0 98.0 98.0 98.0 97.0 98.0 98.0 98.0 98.0 98.0 98.0 98.0 98.0 98.0 98.0 98.0 98.0 98.0 98.0 98.0 98.0 98.0 98.0 98.0 98.0 98.0 98.0 98.0 98.0 98.0 98.0 98.0 98.0 98.0 98.0 99.0 99.0 98.0 98.0 98.0 98.0 98.0 98.0 99.0 98.0 98.0 98.0 98.0 98.0 98.0 98.0 98.0 98.0 98.0 98.0 98.0 98.0 98.0 98.0 98.0 98.0 98.0 98.0 98.0 98.0 97.0 97.0 97.0 96.0 96.0 94.0 93.0 92.0 91.0 89.0 90.0 89.0 88.0 85.0 86.0 85.0 85.0 84.0 81.0 81.0 81.0 77.0 75.0 75.0 71.0 70.0 71.0 67.0 67.0 66.0 65.0 64.0 62.0 63.0 62.0 61.0 60.0 61.0 59.0 59.0 55.0 57.0 54.0 57.0 56.0 54.0 55.0 56.0 55.0 54.0 54.0 54.0 53.0 54.0 54.0 52.0 54.0 54.0 54.0 54.0 54.0 54.0 52.0 52.0 54.0 51.0 51.0 51.0 46.0 48.0 46.0 45.0 45.0 46.0 48.0 49.0 47.0 46.0 46.0 46.0 46.0 45.0 43.0 45.0 46.0 44.0 45.0 46.0 46.0 44.0 43.0 43.0 43.0 45.0 46.0 46.0 46.0 45.0 45.0 45.0 45.0 45.0 45.0 46.0 46.0 46.0 48.0 47.0 48.0 49.0 51.0 52.0 52.0 53.0 57.0 59.0 60.0 61.0 64.0 66.0 69.0 79.0 84.0 85.0 87.0 85.0 83.0 83.0 84.0 85.0 86.0 83.0 86.0 88.0 90.0 90.0 91.0 92.0 92.0 93.0 93.0 93.0 92.0 91.0 92.0 93.0 93.0 93.0 92.0 91.0 90.0 91.0 89.0 90.0 90.0 88.0 88.0 78.05208333333334 19.939823996476303
6 68.0 69.0 70.0 71.0 72.0 73.0 74.0 74.0 75.0 76.0 76.0 76.0 78.0 78.0 80.0 80.0 80.0 80.0 79.0 79.0 79.0 79.0 79.0 79.0 79.0 79.0 78.0 78.0 78.0 78.0 79.0 79.0 80.0 80.0 81.0 81.0 81.0 81.0 80.0 80.0 80.0 79.0 80.0 80.0 80.0 81.0 81.0 81.0 81.0 82.0 82.0 83.0 83.0 86.0 88.0 87.0 86.0 85.0 85.0 86.0 86.0 88.0 90.0 92.0 92.0 93.0 94.0 95.0 94.0 93.0 92.0 92.0 92.0 91.0 91.0 91.0 91.0 92.0 92.0 92.0 94.0 94.0 92.0 95.0 97.0 97.0 97.0 98.0 98.0 98.0 98.0 98.0 97.0 98.0 98.0 99.0 99.0 99.0 99.0 99.0 99.0 99.0 99.0 99.0 99.0 99.0 99.0 99.0 99.0 99.0 99.0 99.0 99.0 99.0 99.0 99.0 99.0 99.0 99.0 99.0 99.0 99.0 99.0 99.0 99.0 98.0 99.0 99.0 99.0 98.0 98.0 98.0 97.0 96.0 95.0 93.0 94.0 94.0 94.0 93.0 92.0 92.0 91.0 85.0 84.0 83.0 84.0 84.0 83.0 82.0 81.0 79.0 79.0 78.0 77.0 78.0 75.0 74.0 75.0 75.0 75.0 75.0 74.0 73.0 71.0 71.0 70.0 71.0 68.0 69.0 69.0 69.0 65.0 69.0 68.0 67.0 67.0 68.0 67.0 67.0 68.0 68.0 68.0 68.0 66.0 64.0 63.0 62.0 62.0 58.0 58.0 59.0 60.0 59.0 59.0 58.0 59.0 59.0 59.0 59.0 56.0 53.0 51.0 48.0 48.0 48.0 49.0 50.0 49.0 49.0 48.0 48.0 47.0 46.0 46.0 45.0 46.0 44.0 45.0 46.0 46.0 46.0 43.0 43.0 43.0 43.0 42.0 43.0 44.0 45.0 44.0 45.0 45.0 46.0 46.0 47.0 47.0 48.0 48.0 49.0 51.0 49.0 49.0 47.0 47.0 48.0 49.0 50.0 51.0 53.0 59.0 69.0 77.0 80.0 79.0 79.0 79.0 78.0 78.0 79.0 80.0 84.0 86.0 88.0 89.0 91.0 92.0 92.0 93.0 95.0 95.0 92.0 92.0 91.0 92.0 93.0 94.0 94.0 94.0 92.0 92.0 92.0 93.0 94.0 93.0 93.0 93.0 93.0 77.73263888888887 17.722248580644653
7 67.0 66.0 66.0 66.0 66.0 67.0 69.0 68.0 68.0 67.0 68.0 70.0 71.0 70.0 70.0 70.0 70.0 71.0 71.0 72.0 73.0 73.0 75.0 77.0 79.0 80.0 82.0 81.0 82.0 84.0 85.0 85.0 86.0 82.0 83.0 83.0 85.0 85.0 83.0 82.0 83.0 83.0 84.0 84.0 87.0 88.0 86.0 85.0 84.0 84.0 83.0 83.0 83.0 84.0 86.0 86.0 88.0 91.0 92.0 90.0 91.0 91.0 92.0 91.0 89.0 92.0 93.0 94.0 93.0 92.0 92.0 93.0 93.0 93.0 93.0 93.0 95.0 95.0 95.0 94.0 93.0 94.0 94.0 94.0 94.0 95.0 95.0 94.0 95.0 93.0 95.0 93.0 92.0 93.0 95.0 97.0 94.0 93.0 92.0 95.0 93.0 94.0 95.0 97.0 96.0 96.0 97.0 97.0 96.0 94.0 91.0 95.0 94.0 95.0 95.0 96.0 97.0 96.0 97.0 97.0 96.0 96.0 96.0 96.0 97.0 97.0 97.0 96.0 95.0 94.0 93.0 92.0 92.0 93.0 92.0 90.0 88.0 86.0 88.0 89.0 89.0 90.0 90.0 90.0 89.0 88.0 86.0 84.0 84.0 83.0 81.0 81.0 81.0 81.0 81.0 82.0 82.0 81.0 79.0 80.0 78.0 75.0 73.0 72.0 73.0 72.0 73.0 71.0 71.0 72.0 72.0 73.0 74.0 69.0 67.0 69.0 69.0 66.0 70.0 68.0 69.0 64.0 60.0 60.0 59.0 60.0 57.0 61.0 58.0 58.0 54.0 50.0 53.0 53.0 49.0 48.0 48.0 49.0 49.0 46.0 45.0 45.0 46.0 47.0 46.0 48.0 47.0 45.0 45.0 47.0 46.0 47.0 45.0 46.0 46.0 50.0 44.0 48.0 46.0 42.0 43.0 44.0 45.0 45.0 44.0 43.0 44.0 46.0 43.0 44.0 45.0 44.0 46.0 46.0 44.0 44.0 47.0 45.0 46.0 47.0 47.0 47.0 47.0 47.0 45.0 46.0 43.0 44.0 44.0 45.0 44.0 46.0 48.0 48.0 49.0 50.0 53.0 50.0 48.0 51.0 53.0 55.0 56.0 57.0 59.0 61.0 63.0 65.0 68.0 70.0 71.0 73.0 74.0 75.0 75.0 75.0 77.0 78.0 79.0 79.0 80.0 80.0 81.0 81.0 78.0 80.0 86.0 87.0 73.62847222222226 18.400996652277698
8 77.0 70.0 70.0 74.0 70.0 72.0 74.0 76.0 72.0 76.0 78.0 81.0 84.0 83.0 81.0 81.0 81.0 83.0 83.0 81.0 79.0 81.0 83.0 81.0 82.0 84.0 84.0 84.0 85.0 85.0 86.0 87.0 89.0 91.0 90.0 91.0 92.0 90.0 90.0 92.0 91.0 88.0 89.0 89.0 89.0 89.0 88.0 91.0 92.0 93.0 92.0 94.0 94.0 94.0 94.0 94.0 93.0 93.0 94.0 94.0 94.0 94.0 95.0 95.0 95.0 95.0 96.0 96.0 96.0 94.0 92.0 93.0 95.0 96.0 96.0 96.0 96.0 96.0 96.0 96.0 95.0 95.0 94.0 94.0 94.0 92.0 95.0 96.0 97.0 96.0 92.0 94.0 96.0 96.0 96.0 96.0 96.0 95.0 95.0 96.0 97.0 96.0 97.0 97.0 95.0 92.0 90.0 89.0 91.0 93.0 92.0 95.0 96.0 97.0 97.0 97.0 96.0 95.0 96.0 96.0 96.0 96.0 97.0 96.0 96.0 96.0 95.0 95.0 96.0 97.0 97.0 94.0 94.0 93.0 89.0 89.0 89.0 89.0 88.0 86.0 86.0 83.0 83.0 81.0 80.0 78.0 77.0 76.0 75.0 75.0 73.0 72.0 70.0 71.0 69.0 68.0 67.0 68.0 67.0 72.0 70.0 70.0 70.0 71.0 69.0 68.0 65.0 66.0 66.0 62.0 59.0 59.0 59.0 60.0 59.0 57.0 59.0 58.0 58.0 59.0 56.0 58.0 57.0 58.0 57.0 57.0 52.0 53.0 51.0 51.0 51.0 50.0 49.0 50.0 48.0 47.0 49.0 47.0 48.0 49.0 49.0 47.0 49.0 49.0 49.0 48.0 49.0 49.0 47.0 47.0 47.0 48.0 47.0 47.0 48.0 47.0 47.0 46.0 45.0 45.0 44.0 45.0 45.0 47.0 46.0 47.0 46.0 45.0 47.0 48.0 48.0 48.0 48.0 48.0 46.0 48.0 48.0 47.0 45.0 46.0 46.0 47.0 46.0 45.0 45.0 47.0 44.0 42.0 45.0 44.0 44.0 44.0 46.0 46.0 45.0 45.0 44.0 42.0 42.0 46.0 50.0 54.0 58.0 62.0 63.0 64.0 65.0 67.0 69.0 70.0 72.0 74.0 75.0 74.0 74.0 75.0 76.0 77.0 79.0 81.0 81.0 83.0 84.0 84.0 83.0 84.0 84.0 84.0 73.91666666666669 19.312576466025906
9 97.0 98.0 98.0 98.0 98.0 98.0 98.0 98.0 98.0 98.0 98.0 98.0 98.0 98.0 98.0 98.0 98.0 98.0 98.0 98.0 98.0 98.0 98.0 99.0 99.0 98.0 99.0 99.0 99.0 99.0 99.0 98.0 98.0 98.0 98.0 98.0 97.0 97.0 96.0 95.0 96.0 97.0 96.0 96.0 96.0 95.0 95.0 97.0 97.0 97.0 97.0 97.0 97.0 97.0 97.0 97.0 97.0 98.0 98.0 98.0 98.0 98.0 98.0 98.0 98.0 98.0 98.0 98.0 98.0 98.0 98.0 98.0 98.0 98.0 99.0 99.0 99.0 99.0 99.0 99.0 99.0 99.0 99.0 99.0 99.0 99.0 99.0 99.0 99.0 99.0 99.0 99.0 99.0 99.0 99.0 99.0 99.0 99.0 99.0 99.0 99.0 99.0 99.0 99.0 99.0 99.0 99.0 99.0 99.0 99.0 99.0 99.0 99.0 99.0 99.0 99.0 99.0 99.0 99.0 99.0 99.0 99.0 99.0 99.0 99.0 99.0 99.0 99.0 99.0 99.0 99.0 99.0 99.0 99.0 99.0 99.0 99.0 99.0 99.0 99.0 99.0 99.0 99.0 99.0 99.0 98.0 99.0 98.0 98.0 98.0 98.0 98.0 98.0 97.0 96.0 93.0 91.0 87.0 85.0 84.0 82.0 82.0 82.0 77.0 76.0 75.0 75.0 73.0 72.0 71.0 68.0 66.0 64.0 65.0 63.0 65.0 63.0 65.0 63.0 62.0 63.0 59.0 58.0 59.0 56.0 54.0 55.0 56.0 55.0 53.0 54.0 54.0 54.0 54.0 52.0 51.0 50.0 52.0 51.0 52.0 52.0 49.0 42.0 42.0 43.0 43.0 43.0 44.0 45.0 44.0 44.0 46.0 46.0 46.0 45.0 45.0 46.0 45.0 45.0 44.0 45.0 44.0 44.0 46.0 46.0 47.0 47.0 46.0 46.0 45.0 46.0 44.0 42.0 42.0 42.0 44.0 43.0 43.0 44.0 44.0 45.0 45.0 45.0 45.0 45.0 46.0 46.0 47.0 46.0 47.0 49.0 48.0 48.0 47.0 47.0 47.0 47.0 47.0 46.0 47.0 49.0 50.0 53.0 55.0 57.0 58.0 57.0 57.0 56.0 56.0 56.0 55.0 55.0 55.0 56.0 55.0 55.0 56.0 57.0 58.0 58.0 57.0 57.0 57.0 57.0 58.0 59.0 60.0 77.99305555555549 23.28448408261216
END
#################################################################
SECTION3 (Edges Information)
EndPoint0 EndPoint1 Weight
0 1 1.000000
1 2 1.000000
2 3 1.000000
3 4 1.000000
3 5 1.000000
4 5 1.000000
4 6 1.000000
5 6 1.000000
5 7 1.000000
6 7 1.000000
7 8 1.000000
7 9 1.000000
8 9 1.000000
END
#################################################################
SECTION4 (TrueSubGraph Information)
EndPoint0 EndPoint1 Weight
END
#################################################################
