#################################################################
#APDM Input Graph, this input graph includes 3 sections:
#section1 : general information
#section2 : nodes
#section3 : edges
#section4 : trueSubGraph (Optional)
#
#if nodes haven't information set weight to null
#################################################################
SECTION1 (General Information)
numNodes = 10
numEdges = 65
usedAlgorithm = NULL
dataSource = TransWeatherRealData
END
#################################################################
SECTION2 (Nodes Information)
NodeID rh  mean  std 
0 42.0 42.0 42.0 43.0 43.0 44.0 44.0 44.0 44.0 44.0 44.0 44.0 45.0 45.0 45.0 45.0 46.0 47.0 47.0 48.0 47.0 48.0 48.0 48.0 47.0 49.0 49.0 49.0 49.0 50.0 50.0 50.0 50.0 50.0 51.0 51.0 51.0 51.0 50.0 50.0 50.0 51.0 52.0 51.0 51.0 52.0 52.0 51.0 50.0 51.0 51.0 51.0 51.0 50.0 49.0 52.0 51.0 52.0 52.0 51.0 51.0 50.0 51.0 50.0 50.0 50.0 50.0 51.0 50.0 49.0 49.0 48.0 47.0 47.0 47.0 47.0 47.0 47.0 47.0 47.0 47.0 47.0 47.0 47.0 47.0 47.0 47.0 47.0 47.0 47.0 47.0 48.0 48.0 49.0 49.0 49.0 49.0 50.0 52.0 52.0 53.0 53.0 54.0 54.0 54.0 55.0 56.0 58.0 59.0 60.0 61.0 62.0 62.0 64.0 65.0 65.0 66.0 67.0 67.0 66.0 66.0 65.0 64.0 64.0 64.0 63.0 62.0 61.0 62.0 62.0 59.0 57.0 59.0 60.0 60.0 60.0 59.0 58.0 59.0 61.0 62.0 61.0 59.0 58.0 57.0 58.0 57.0 56.0 57.0 58.0 55.0 54.0 55.0 55.0 52.0 48.0 47.0 47.0 47.0 45.0 44.0 44.0 44.0 42.0 42.0 42.0 42.0 44.0 41.0 42.0 42.0 41.0 42.0 41.0 41.0 41.0 39.0 39.0 38.0 38.0 37.0 36.0 36.0 36.0 36.0 36.0 35.0 35.0 33.0 34.0 34.0 33.0 34.0 32.0 32.0 33.0 31.0 30.0 30.0 29.0 29.0 30.0 30.0 30.0 30.0 29.0 30.0 29.0 28.0 28.0 28.0 28.0 27.0 28.0 28.0 27.0 27.0 27.0 26.0 26.0 26.0 26.0 27.0 26.0 28.0 27.0 26.0 26.0 26.0 27.0 26.0 26.0 28.0 29.0 30.0 31.0 30.0 30.0 30.0 31.0 30.0 30.0 30.0 31.0 29.0 30.0 30.0 30.0 30.0 30.0 30.0 30.0 31.0 31.0 31.0 30.0 31.0 31.0 30.0 31.0 30.0 29.0 30.0 31.0 30.0 30.0 31.0 31.0 31.0 31.0 32.0 32.0 32.0 32.0 31.0 31.0 32.0 32.0 32.0 32.0 33.0 33.0 34.0 33.0 33.0 34.0 35.0 35.0 43.29513888888887 11.434088223369905
1 49.0 48.0 49.0 49.0 50.0 51.0 51.0 52.0 51.0 50.0 51.0 48.0 47.0 48.0 49.0 50.0 50.0 49.0 49.0 48.0 49.0 50.0 50.0 52.0 54.0 56.0 57.0 59.0 57.0 59.0 57.0 58.0 53.0 55.0 56.0 50.0 48.0 50.0 51.0 52.0 51.0 55.0 51.0 51.0 52.0 49.0 48.0 51.0 54.0 54.0 58.0 55.0 50.0 52.0 55.0 52.0 53.0 54.0 55.0 53.0 56.0 55.0 59.0 57.0 56.0 58.0 58.0 56.0 59.0 57.0 58.0 60.0 60.0 62.0 61.0 59.0 55.0 58.0 58.0 58.0 60.0 62.0 60.0 61.0 61.0 57.0 60.0 58.0 55.0 52.0 55.0 60.0 60.0 58.0 53.0 55.0 58.0 53.0 53.0 53.0 50.0 52.0 53.0 59.0 54.0 54.0 58.0 61.0 63.0 64.0 61.0 57.0 55.0 54.0 60.0 59.0 61.0 62.0 61.0 60.0 61.0 60.0 60.0 58.0 56.0 58.0 55.0 55.0 55.0 53.0 53.0 60.0 60.0 60.0 57.0 56.0 57.0 59.0 61.0 61.0 57.0 58.0 53.0 51.0 53.0 50.0 50.0 53.0 54.0 54.0 53.0 50.0 49.0 52.0 48.0 47.0 46.0 44.0 43.0 42.0 41.0 41.0 40.0 40.0 37.0 36.0 35.0 32.0 33.0 30.0 29.0 29.0 29.0 28.0 28.0 29.0 28.0 28.0 28.0 28.0 27.0 28.0 28.0 29.0 29.0 27.0 28.0 27.0 26.0 26.0 28.0 27.0 27.0 27.0 26.0 26.0 26.0 27.0 26.0 27.0 26.0 26.0 26.0 27.0 27.0 26.0 27.0 26.0 26.0 27.0 26.0 27.0 26.0 26.0 26.0 26.0 26.0 26.0 26.0 27.0 26.0 26.0 26.0 28.0 26.0 27.0 27.0 26.0 25.0 26.0 27.0 26.0 27.0 27.0 26.0 26.0 26.0 26.0 26.0 26.0 26.0 26.0 26.0 26.0 26.0 26.0 26.0 25.0 26.0 25.0 24.0 24.0 24.0 24.0 25.0 24.0 25.0 25.0 25.0 24.0 24.0 24.0 24.0 24.0 24.0 24.0 24.0 25.0 25.0 25.0 25.0 26.0 26.0 28.0 27.0 27.0 28.0 28.0 31.0 33.0 34.0 35.0 35.0 34.0 35.0 36.0 36.0 36.0 42.663194444444485 14.029874777618225
2 48.0 50.0 53.0 53.0 50.0 51.0 54.0 53.0 51.0 51.0 51.0 51.0 51.0 52.0 52.0 54.0 52.0 51.0 51.0 50.0 51.0 53.0 55.0 58.0 60.0 58.0 61.0 64.0 64.0 65.0 66.0 68.0 70.0 72.0 73.0 74.0 75.0 75.0 76.0 77.0 77.0 76.0 73.0 75.0 77.0 79.0 79.0 81.0 80.0 82.0 81.0 81.0 83.0 82.0 81.0 83.0 81.0 82.0 83.0 82.0 85.0 84.0 85.0 84.0 79.0 77.0 79.0 82.0 83.0 82.0 80.0 78.0 76.0 77.0 77.0 78.0 77.0 76.0 76.0 74.0 75.0 74.0 76.0 81.0 83.0 85.0 87.0 88.0 88.0 87.0 86.0 86.0 87.0 87.0 87.0 86.0 86.0 88.0 89.0 89.0 87.0 87.0 88.0 90.0 87.0 89.0 88.0 88.0 88.0 89.0 88.0 86.0 85.0 85.0 87.0 89.0 88.0 88.0 88.0 88.0 89.0 91.0 91.0 91.0 90.0 91.0 91.0 90.0 89.0 88.0 87.0 84.0 82.0 83.0 83.0 82.0 81.0 79.0 76.0 75.0 75.0 73.0 73.0 72.0 69.0 69.0 68.0 70.0 70.0 65.0 65.0 65.0 63.0 62.0 61.0 57.0 57.0 54.0 53.0 53.0 49.0 48.0 49.0 47.0 46.0 44.0 44.0 43.0 43.0 41.0 38.0 37.0 36.0 36.0 36.0 33.0 33.0 32.0 32.0 31.0 32.0 30.0 31.0 29.0 29.0 29.0 29.0 28.0 28.0 29.0 28.0 25.0 25.0 25.0 24.0 23.0 24.0 23.0 23.0 24.0 24.0 24.0 24.0 25.0 26.0 26.0 26.0 26.0 25.0 26.0 25.0 25.0 24.0 25.0 24.0 25.0 25.0 26.0 25.0 26.0 26.0 25.0 25.0 26.0 26.0 25.0 25.0 26.0 25.0 26.0 27.0 26.0 25.0 26.0 27.0 25.0 26.0 25.0 24.0 26.0 26.0 27.0 27.0 26.0 26.0 25.0 25.0 26.0 26.0 26.0 26.0 25.0 24.0 25.0 25.0 25.0 25.0 26.0 25.0 24.0 27.0 27.0 30.0 31.0 30.0 30.0 29.0 30.0 31.0 32.0 32.0 33.0 33.0 32.0 33.0 31.0 34.0 34.0 35.0 33.0 34.0 37.0 38.0 33.0 34.0 35.0 37.0 37.0 54.71527777777774 24.926418039880478
3 36.0 37.0 37.0 38.0 41.0 41.0 40.0 40.0 41.0 43.0 44.0 47.0 50.0 52.0 55.0 55.0 56.0 58.0 58.0 60.0 62.0 61.0 62.0 63.0 65.0 67.0 67.0 67.0 66.0 66.0 67.0 69.0 70.0 69.0 68.0 69.0 69.0 69.0 70.0 73.0 70.0 70.0 70.0 72.0 71.0 70.0 71.0 71.0 71.0 71.0 71.0 72.0 72.0 73.0 74.0 74.0 76.0 77.0 76.0 77.0 76.0 77.0 77.0 76.0 79.0 78.0 79.0 79.0 77.0 78.0 81.0 82.0 83.0 80.0 80.0 81.0 83.0 84.0 86.0 88.0 87.0 86.0 87.0 86.0 86.0 86.0 86.0 87.0 87.0 88.0 89.0 89.0 88.0 84.0 82.0 84.0 87.0 87.0 87.0 88.0 90.0 91.0 90.0 85.0 83.0 84.0 86.0 89.0 90.0 91.0 91.0 91.0 90.0 91.0 92.0 92.0 90.0 90.0 90.0 90.0 91.0 93.0 93.0 90.0 90.0 88.0 88.0 89.0 91.0 91.0 92.0 90.0 87.0 86.0 86.0 85.0 83.0 80.0 79.0 79.0 78.0 77.0 75.0 74.0 72.0 71.0 67.0 65.0 63.0 62.0 60.0 59.0 59.0 58.0 57.0 55.0 52.0 51.0 50.0 50.0 47.0 47.0 46.0 45.0 46.0 44.0 44.0 42.0 43.0 41.0 41.0 40.0 39.0 39.0 39.0 39.0 38.0 37.0 36.0 37.0 36.0 34.0 37.0 33.0 32.0 33.0 34.0 34.0 32.0 31.0 32.0 29.0 33.0 31.0 30.0 29.0 30.0 27.0 27.0 27.0 27.0 25.0 26.0 24.0 27.0 26.0 24.0 28.0 25.0 26.0 26.0 26.0 26.0 25.0 25.0 25.0 25.0 24.0 26.0 24.0 25.0 26.0 26.0 26.0 26.0 27.0 25.0 25.0 25.0 25.0 25.0 25.0 24.0 25.0 26.0 25.0 25.0 26.0 26.0 24.0 25.0 24.0 25.0 26.0 25.0 26.0 26.0 26.0 25.0 26.0 24.0 25.0 24.0 25.0 24.0 23.0 24.0 22.0 23.0 22.0 23.0 21.0 22.0 21.0 20.0 20.0 20.0 21.0 24.0 25.0 26.0 26.0 27.0 27.0 28.0 29.0 29.0 29.0 29.0 29.0 29.0 29.0 29.0 31.0 32.0 33.0 33.0 33.0 54.01736111111105 25.34589378356895
4 34.0 34.0 34.0 34.0 34.0 34.0 34.0 35.0 35.0 36.0 37.0 43.0 43.0 43.0 41.0 43.0 46.0 48.0 52.0 55.0 58.0 58.0 58.0 57.0 58.0 60.0 60.0 63.0 64.0 66.0 68.0 69.0 69.0 68.0 65.0 64.0 65.0 73.0 72.0 70.0 68.0 68.0 72.0 75.0 75.0 77.0 80.0 79.0 78.0 77.0 79.0 83.0 83.0 81.0 81.0 82.0 82.0 82.0 83.0 84.0 84.0 84.0 85.0 85.0 84.0 84.0 84.0 85.0 86.0 85.0 85.0 87.0 86.0 87.0 88.0 89.0 90.0 91.0 88.0 89.0 90.0 90.0 88.0 86.0 85.0 84.0 86.0 87.0 84.0 83.0 82.0 83.0 86.0 83.0 79.0 78.0 79.0 80.0 78.0 73.0 75.0 73.0 68.0 65.0 63.0 62.0 59.0 56.0 54.0 55.0 57.0 54.0 54.0 54.0 52.0 52.0 51.0 51.0 52.0 50.0 50.0 50.0 49.0 48.0 49.0 49.0 49.0 49.0 49.0 49.0 49.0 48.0 48.0 49.0 47.0 46.0 46.0 46.0 45.0 45.0 45.0 43.0 43.0 43.0 42.0 42.0 42.0 41.0 42.0 41.0 40.0 40.0 39.0 39.0 38.0 38.0 38.0 37.0 38.0 37.0 36.0 36.0 35.0 36.0 36.0 33.0 34.0 34.0 34.0 34.0 34.0 33.0 33.0 33.0 32.0 30.0 32.0 30.0 31.0 31.0 30.0 29.0 29.0 31.0 28.0 27.0 28.0 27.0 25.0 30.0 30.0 29.0 27.0 27.0 28.0 26.0 26.0 24.0 24.0 26.0 24.0 25.0 26.0 25.0 25.0 25.0 23.0 24.0 24.0 24.0 23.0 23.0 23.0 23.0 24.0 22.0 23.0 23.0 23.0 23.0 24.0 23.0 23.0 22.0 25.0 23.0 22.0 22.0 22.0 23.0 23.0 22.0 21.0 23.0 22.0 23.0 22.0 22.0 22.0 23.0 22.0 22.0 21.0 21.0 23.0 23.0 26.0 25.0 26.0 27.0 27.0 27.0 26.0 26.0 27.0 27.0 27.0 27.0 27.0 27.0 28.0 28.0 28.0 28.0 28.0 27.0 27.0 27.0 28.0 28.0 28.0 29.0 29.0 30.0 30.0 29.0 29.0 29.0 30.0 30.0 31.0 30.0 31.0 31.0 31.0 31.0 31.0 30.0 46.62847222222226 22.343629803138835
5 41.0 44.0 45.0 44.0 44.0 43.0 45.0 48.0 47.0 52.0 62.0 64.0 61.0 57.0 59.0 57.0 59.0 64.0 63.0 59.0 62.0 64.0 57.0 59.0 73.0 77.0 72.0 69.0 67.0 66.0 67.0 72.0 71.0 65.0 64.0 64.0 70.0 79.0 76.0 71.0 68.0 66.0 69.0 71.0 74.0 76.0 82.0 72.0 79.0 83.0 79.0 79.0 78.0 81.0 85.0 86.0 87.0 88.0 89.0 88.0 87.0 86.0 85.0 87.0 90.0 91.0 93.0 89.0 85.0 85.0 85.0 88.0 91.0 91.0 91.0 91.0 91.0 91.0 91.0 91.0 91.0 86.0 81.0 85.0 86.0 87.0 87.0 87.0 87.0 87.0 85.0 86.0 85.0 85.0 82.0 80.0 78.0 80.0 83.0 84.0 84.0 83.0 83.0 84.0 84.0 77.0 72.0 70.0 65.0 67.0 70.0 70.0 69.0 65.0 64.0 63.0 64.0 66.0 70.0 74.0 76.0 76.0 75.0 76.0 77.0 78.0 78.0 78.0 74.0 71.0 69.0 69.0 68.0 66.0 65.0 65.0 64.0 62.0 62.0 61.0 58.0 60.0 58.0 58.0 60.0 58.0 57.0 55.0 54.0 54.0 55.0 55.0 54.0 52.0 50.0 49.0 50.0 50.0 48.0 46.0 45.0 44.0 44.0 44.0 43.0 42.0 41.0 42.0 44.0 41.0 39.0 40.0 39.0 38.0 36.0 37.0 35.0 37.0 37.0 36.0 37.0 35.0 35.0 37.0 36.0 37.0 35.0 34.0 35.0 36.0 34.0 33.0 34.0 34.0 32.0 34.0 32.0 33.0 31.0 30.0 31.0 30.0 30.0 30.0 27.0 29.0 27.0 27.0 28.0 26.0 27.0 23.0 27.0 26.0 27.0 25.0 23.0 23.0 23.0 26.0 22.0 24.0 24.0 26.0 23.0 25.0 24.0 22.0 22.0 23.0 22.0 23.0 22.0 21.0 22.0 23.0 24.0 24.0 21.0 22.0 22.0 21.0 23.0 21.0 23.0 23.0 24.0 23.0 22.0 22.0 22.0 23.0 22.0 21.0 21.0 22.0 22.0 23.0 21.0 21.0 21.0 21.0 22.0 22.0 22.0 21.0 22.0 24.0 25.0 23.0 22.0 24.0 22.0 23.0 23.0 22.0 24.0 23.0 23.0 23.0 27.0 26.0 26.0 26.0 27.0 27.0 28.0 28.0 52.083333333333286 24.218085792285653
6 32.0 37.0 41.0 40.0 42.0 39.0 39.0 35.0 35.0 36.0 37.0 38.0 38.0 40.0 42.0 41.0 40.0 40.0 40.0 40.0 40.0 43.0 45.0 47.0 47.0 48.0 49.0 52.0 53.0 54.0 56.0 52.0 50.0 52.0 51.0 48.0 53.0 51.0 48.0 48.0 46.0 46.0 49.0 53.0 57.0 55.0 51.0 47.0 50.0 52.0 50.0 51.0 53.0 56.0 56.0 59.0 56.0 55.0 56.0 59.0 58.0 57.0 54.0 50.0 52.0 53.0 54.0 55.0 55.0 55.0 56.0 57.0 57.0 55.0 56.0 56.0 58.0 61.0 66.0 65.0 65.0 65.0 65.0 66.0 61.0 58.0 59.0 61.0 61.0 60.0 58.0 59.0 57.0 58.0 59.0 61.0 64.0 63.0 65.0 66.0 65.0 66.0 67.0 69.0 70.0 69.0 67.0 68.0 69.0 70.0 68.0 68.0 68.0 68.0 69.0 71.0 72.0 71.0 71.0 71.0 70.0 70.0 69.0 68.0 68.0 69.0 71.0 71.0 70.0 68.0 65.0 65.0 66.0 71.0 70.0 70.0 68.0 62.0 60.0 58.0 57.0 55.0 54.0 54.0 53.0 52.0 51.0 50.0 48.0 49.0 47.0 43.0 40.0 40.0 40.0 37.0 33.0 33.0 30.0 30.0 29.0 29.0 30.0 28.0 27.0 27.0 28.0 27.0 26.0 26.0 27.0 27.0 26.0 25.0 25.0 25.0 25.0 24.0 24.0 25.0 24.0 27.0 29.0 28.0 29.0 29.0 30.0 30.0 29.0 29.0 30.0 30.0 28.0 27.0 29.0 29.0 29.0 29.0 29.0 29.0 28.0 28.0 28.0 27.0 26.0 27.0 26.0 26.0 26.0 25.0 26.0 26.0 26.0 26.0 26.0 26.0 26.0 25.0 25.0 26.0 25.0 26.0 25.0 24.0 24.0 24.0 24.0 24.0 23.0 23.0 23.0 23.0 23.0 23.0 22.0 22.0 22.0 22.0 22.0 22.0 22.0 22.0 22.0 22.0 22.0 22.0 21.0 21.0 21.0 22.0 21.0 21.0 21.0 22.0 21.0 21.0 22.0 22.0 22.0 21.0 21.0 22.0 22.0 22.0 22.0 22.0 22.0 22.0 23.0 23.0 23.0 23.0 23.0 23.0 23.0 24.0 23.0 24.0 24.0 25.0 25.0 26.0 26.0 28.0 29.0 33.0 32.0 33.0 41.70833333333334 17.07408534135584
7 28.0 34.0 33.0 31.0 28.0 26.0 24.0 25.0 29.0 29.0 27.0 29.0 32.0 44.0 46.0 41.0 38.0 33.0 35.0 39.0 42.0 43.0 42.0 38.0 38.0 37.0 41.0 41.0 37.0 33.0 32.0 32.0 38.0 38.0 37.0 37.0 39.0 39.0 36.0 36.0 38.0 45.0 50.0 51.0 51.0 49.0 49.0 49.0 49.0 50.0 49.0 56.0 59.0 58.0 59.0 63.0 66.0 69.0 66.0 61.0 59.0 60.0 55.0 57.0 61.0 60.0 52.0 60.0 49.0 56.0 65.0 56.0 55.0 56.0 61.0 53.0 54.0 54.0 58.0 63.0 64.0 66.0 66.0 67.0 68.0 68.0 64.0 63.0 68.0 71.0 72.0 71.0 71.0 70.0 70.0 70.0 69.0 71.0 70.0 66.0 67.0 70.0 73.0 73.0 77.0 78.0 77.0 77.0 77.0 75.0 75.0 75.0 75.0 76.0 75.0 77.0 78.0 79.0 79.0 78.0 75.0 73.0 76.0 77.0 77.0 76.0 72.0 73.0 74.0 71.0 71.0 68.0 65.0 64.0 66.0 68.0 72.0 67.0 68.0 68.0 68.0 67.0 63.0 65.0 62.0 62.0 60.0 61.0 64.0 63.0 64.0 63.0 63.0 63.0 61.0 52.0 48.0 46.0 45.0 44.0 44.0 42.0 42.0 42.0 40.0 41.0 41.0 41.0 40.0 40.0 40.0 39.0 40.0 40.0 38.0 40.0 39.0 41.0 39.0 39.0 39.0 37.0 37.0 38.0 36.0 37.0 34.0 34.0 32.0 33.0 32.0 31.0 31.0 30.0 30.0 29.0 28.0 29.0 28.0 28.0 26.0 25.0 24.0 24.0 25.0 24.0 24.0 24.0 24.0 24.0 23.0 24.0 24.0 24.0 24.0 25.0 25.0 23.0 25.0 25.0 26.0 25.0 24.0 25.0 25.0 23.0 25.0 24.0 23.0 22.0 24.0 23.0 24.0 24.0 22.0 22.0 24.0 23.0 22.0 22.0 23.0 22.0 23.0 23.0 23.0 23.0 23.0 22.0 21.0 20.0 20.0 22.0 20.0 19.0 20.0 20.0 20.0 20.0 20.0 20.0 20.0 20.0 20.0 21.0 19.0 22.0 20.0 22.0 22.0 22.0 22.0 22.0 19.0 20.0 23.0 27.0 25.0 22.0 22.0 21.0 21.0 27.0 25.0 22.0 23.0 24.0 24.0 24.0 43.69097222222225 19.329663121829274
8 35.0 38.0 37.0 36.0 38.0 40.0 39.0 37.0 36.0 35.0 32.0 32.0 32.0 33.0 33.0 37.0 46.0 48.0 45.0 43.0 44.0 45.0 47.0 48.0 49.0 48.0 50.0 51.0 51.0 49.0 53.0 53.0 50.0 52.0 47.0 54.0 56.0 55.0 55.0 54.0 59.0 63.0 59.0 54.0 47.0 51.0 59.0 56.0 58.0 67.0 68.0 68.0 65.0 60.0 64.0 66.0 66.0 57.0 56.0 63.0 65.0 66.0 62.0 62.0 68.0 70.0 72.0 64.0 68.0 68.0 63.0 69.0 67.0 70.0 71.0 68.0 66.0 73.0 76.0 75.0 77.0 73.0 72.0 73.0 75.0 72.0 71.0 73.0 75.0 72.0 70.0 67.0 62.0 65.0 64.0 64.0 70.0 73.0 72.0 72.0 74.0 77.0 78.0 76.0 79.0 82.0 83.0 78.0 74.0 72.0 71.0 69.0 67.0 67.0 74.0 72.0 68.0 67.0 71.0 72.0 76.0 78.0 78.0 78.0 79.0 81.0 80.0 77.0 76.0 76.0 75.0 75.0 76.0 74.0 70.0 73.0 74.0 73.0 71.0 68.0 69.0 68.0 66.0 65.0 65.0 63.0 63.0 62.0 62.0 60.0 59.0 57.0 54.0 53.0 51.0 50.0 49.0 48.0 47.0 47.0 46.0 44.0 44.0 44.0 43.0 43.0 42.0 41.0 40.0 40.0 41.0 40.0 40.0 41.0 37.0 37.0 37.0 38.0 38.0 38.0 37.0 37.0 38.0 36.0 36.0 36.0 35.0 30.0 31.0 33.0 31.0 30.0 30.0 31.0 31.0 31.0 30.0 30.0 30.0 30.0 31.0 30.0 29.0 29.0 30.0 29.0 28.0 27.0 29.0 29.0 28.0 28.0 27.0 29.0 27.0 29.0 28.0 30.0 27.0 29.0 29.0 29.0 28.0 28.0 28.0 28.0 26.0 27.0 26.0 27.0 26.0 25.0 23.0 23.0 22.0 23.0 24.0 23.0 21.0 22.0 22.0 23.0 22.0 23.0 23.0 22.0 22.0 22.0 21.0 22.0 22.0 23.0 21.0 22.0 22.0 21.0 22.0 21.0 22.0 22.0 21.0 21.0 22.0 21.0 20.0 20.0 22.0 22.0 21.0 22.0 23.0 23.0 24.0 25.0 25.0 25.0 25.0 26.0 28.0 28.0 29.0 28.0 30.0 30.0 34.0 34.0 33.0 32.0 47.163194444444485 19.51210915552829
9 27.0 27.0 28.0 32.0 32.0 32.0 39.0 45.0 40.0 41.0 40.0 43.0 43.0 52.0 51.0 51.0 52.0 54.0 52.0 52.0 51.0 56.0 59.0 53.0 56.0 57.0 56.0 59.0 62.0 62.0 66.0 71.0 73.0 71.0 62.0 64.0 66.0 66.0 67.0 65.0 65.0 64.0 64.0 66.0 65.0 66.0 68.0 69.0 69.0 69.0 68.0 68.0 67.0 71.0 73.0 74.0 74.0 75.0 73.0 75.0 78.0 79.0 82.0 79.0 80.0 83.0 83.0 82.0 80.0 82.0 83.0 80.0 78.0 78.0 79.0 78.0 81.0 81.0 81.0 81.0 83.0 82.0 82.0 82.0 81.0 82.0 82.0 84.0 87.0 86.0 86.0 86.0 85.0 88.0 89.0 90.0 88.0 86.0 87.0 87.0 84.0 83.0 84.0 85.0 86.0 86.0 86.0 86.0 86.0 86.0 87.0 88.0 89.0 88.0 87.0 85.0 86.0 89.0 90.0 91.0 89.0 89.0 89.0 89.0 89.0 90.0 89.0 88.0 88.0 88.0 89.0 88.0 85.0 84.0 79.0 76.0 76.0 74.0 71.0 70.0 70.0 68.0 67.0 68.0 66.0 66.0 65.0 65.0 67.0 64.0 60.0 46.0 42.0 41.0 37.0 36.0 31.0 28.0 28.0 27.0 27.0 26.0 25.0 25.0 25.0 25.0 24.0 24.0 24.0 23.0 24.0 24.0 25.0 25.0 23.0 25.0 24.0 25.0 25.0 24.0 24.0 24.0 24.0 23.0 24.0 23.0 25.0 23.0 23.0 23.0 24.0 22.0 21.0 24.0 22.0 23.0 22.0 22.0 23.0 22.0 23.0 23.0 23.0 25.0 22.0 24.0 23.0 21.0 23.0 21.0 22.0 22.0 22.0 21.0 21.0 22.0 23.0 21.0 21.0 22.0 22.0 22.0 22.0 20.0 22.0 23.0 23.0 23.0 23.0 23.0 21.0 23.0 22.0 21.0 22.0 23.0 22.0 22.0 22.0 23.0 21.0 22.0 23.0 23.0 22.0 22.0 23.0 23.0 23.0 23.0 23.0 22.0 21.0 22.0 22.0 23.0 23.0 22.0 22.0 22.0 22.0 22.0 22.0 22.0 22.0 21.0 22.0 22.0 21.0 21.0 22.0 21.0 21.0 21.0 21.0 20.0 21.0 21.0 21.0 23.0 24.0 24.0 24.0 28.0 26.0 28.0 31.0 35.0 49.17013888888895 26.907938493827643
END
#################################################################
SECTION3 (Edges Information)
EndPoint0 EndPoint1 Weight
0 1 1.000000
1 2 1.000000
2 3 1.000000
3 4 1.000000
3 5 1.000000
4 5 1.000000
4 6 1.000000
5 6 1.000000
5 7 1.000000
6 7 1.000000
7 8 1.000000
7 9 1.000000
8 9 1.000000
0 1 1.000000
1 2 1.000000
2 3 1.000000
3 4 1.000000
3 5 1.000000
4 5 1.000000
4 6 1.000000
5 6 1.000000
5 7 1.000000
6 7 1.000000
7 8 1.000000
7 9 1.000000
8 9 1.000000
0 1 1.000000
1 2 1.000000
2 3 1.000000
3 4 1.000000
3 5 1.000000
4 5 1.000000
4 6 1.000000
5 6 1.000000
5 7 1.000000
6 7 1.000000
7 8 1.000000
7 9 1.000000
8 9 1.000000
0 1 1.000000
1 2 1.000000
2 3 1.000000
3 4 1.000000
3 5 1.000000
4 5 1.000000
4 6 1.000000
5 6 1.000000
5 7 1.000000
6 7 1.000000
7 8 1.000000
7 9 1.000000
8 9 1.000000
0 1 1.000000
1 2 1.000000
2 3 1.000000
3 4 1.000000
3 5 1.000000
4 5 1.000000
4 6 1.000000
5 6 1.000000
5 7 1.000000
6 7 1.000000
7 8 1.000000
7 9 1.000000
8 9 1.000000
END
#################################################################
SECTION4 (TrueSubGraph Information)
EndPoint0 EndPoint1 Weight
END
#################################################################
