#################################################################
#APDM Input Graph, this input graph includes 3 sections:
#section1 : general information
#section2 : nodes
#section3 : edges
#section4 : trueSubGraph (Optional)
#
#if nodes haven't information set weight to null
#################################################################
SECTION1 (General Information)
numNodes = 10
numEdges = 65
usedAlgorithm = NULL
dataSource = TransWeatherRealData
END
#################################################################
SECTION2 (Nodes Information)
NodeID rh  mean  std 
0 65.0 65.0 64.0 65.0 67.0 68.0 71.0 71.0 71.0 73.0 75.0 75.0 74.0 74.0 74.0 73.0 77.0 79.0 78.0 78.0 80.0 81.0 81.0 81.0 81.0 84.0 85.0 85.0 85.0 85.0 85.0 86.0 86.0 85.0 85.0 85.0 84.0 83.0 83.0 83.0 82.0 82.0 81.0 81.0 82.0 81.0 81.0 81.0 83.0 83.0 83.0 83.0 82.0 81.0 80.0 82.0 82.0 83.0 82.0 82.0 84.0 84.0 84.0 84.0 85.0 85.0 84.0 83.0 83.0 83.0 83.0 81.0 81.0 80.0 81.0 81.0 81.0 81.0 82.0 81.0 80.0 79.0 79.0 79.0 78.0 78.0 79.0 79.0 78.0 77.0 77.0 76.0 74.0 73.0 74.0 76.0 78.0 76.0 74.0 75.0 76.0 78.0 79.0 79.0 81.0 79.0 79.0 79.0 79.0 79.0 79.0 78.0 78.0 77.0 77.0 78.0 79.0 79.0 79.0 79.0 78.0 78.0 78.0 78.0 79.0 79.0 78.0 78.0 78.0 78.0 77.0 78.0 78.0 77.0 76.0 76.0 75.0 75.0 75.0 73.0 73.0 72.0 71.0 70.0 70.0 69.0 69.0 69.0 68.0 67.0 67.0 66.0 66.0 66.0 65.0 65.0 64.0 63.0 62.0 62.0 62.0 62.0 61.0 61.0 61.0 62.0 61.0 61.0 62.0 61.0 61.0 59.0 58.0 58.0 57.0 57.0 57.0 57.0 57.0 56.0 55.0 53.0 54.0 55.0 56.0 55.0 56.0 56.0 56.0 57.0 57.0 58.0 59.0 59.0 59.0 57.0 56.0 56.0 56.0 55.0 54.0 55.0 55.0 54.0 53.0 52.0 52.0 52.0 52.0 51.0 53.0 53.0 54.0 54.0 55.0 55.0 55.0 56.0 55.0 55.0 53.0 53.0 53.0 54.0 53.0 53.0 54.0 53.0 53.0 53.0 54.0 53.0 52.0 51.0 51.0 52.0 53.0 53.0 53.0 53.0 50.0 50.0 50.0 49.0 49.0 50.0 50.0 48.0 49.0 49.0 51.0 52.0 52.0 52.0 54.0 60.0 65.0 68.0 70.0 71.0 72.0 72.0 72.0 74.0 73.0 74.0 74.0 73.0 74.0 74.0 75.0 76.0 76.0 77.0 77.0 78.0 79.0 78.0 78.0 77.0 78.0 79.0 79.0 78.0 77.0 77.0 75.0 75.0 69.625 11.591703749614002
1 86.0 87.0 87.0 87.0 86.0 87.0 87.0 86.0 87.0 86.0 87.0 88.0 90.0 90.0 90.0 88.0 89.0 90.0 90.0 90.0 91.0 91.0 90.0 88.0 87.0 88.0 90.0 93.0 93.0 92.0 92.0 90.0 89.0 89.0 90.0 90.0 91.0 88.0 89.0 91.0 92.0 90.0 90.0 90.0 91.0 93.0 92.0 89.0 89.0 87.0 88.0 90.0 90.0 91.0 92.0 94.0 93.0 91.0 92.0 93.0 93.0 93.0 93.0 92.0 92.0 92.0 90.0 91.0 93.0 91.0 92.0 93.0 93.0 91.0 92.0 94.0 92.0 93.0 93.0 93.0 94.0 94.0 93.0 91.0 89.0 90.0 89.0 90.0 89.0 90.0 91.0 92.0 94.0 94.0 92.0 93.0 93.0 91.0 91.0 92.0 93.0 95.0 95.0 94.0 93.0 94.0 93.0 93.0 93.0 93.0 95.0 97.0 96.0 94.0 94.0 94.0 93.0 93.0 94.0 93.0 92.0 93.0 93.0 93.0 92.0 91.0 91.0 92.0 92.0 88.0 87.0 88.0 86.0 84.0 85.0 84.0 83.0 82.0 82.0 84.0 81.0 81.0 79.0 75.0 72.0 72.0 68.0 67.0 64.0 68.0 74.0 71.0 73.0 74.0 69.0 69.0 69.0 69.0 67.0 63.0 63.0 61.0 61.0 61.0 62.0 62.0 60.0 60.0 61.0 63.0 61.0 61.0 61.0 62.0 60.0 60.0 58.0 57.0 57.0 56.0 46.0 40.0 39.0 38.0 38.0 39.0 40.0 39.0 40.0 39.0 40.0 40.0 42.0 39.0 40.0 40.0 41.0 41.0 39.0 41.0 40.0 40.0 41.0 39.0 39.0 40.0 42.0 40.0 39.0 39.0 40.0 39.0 40.0 40.0 39.0 40.0 41.0 40.0 41.0 42.0 41.0 41.0 39.0 41.0 42.0 41.0 41.0 40.0 41.0 43.0 41.0 40.0 41.0 42.0 40.0 40.0 40.0 41.0 40.0 40.0 40.0 41.0 40.0 40.0 40.0 42.0 41.0 41.0 41.0 41.0 42.0 43.0 43.0 44.0 43.0 44.0 45.0 45.0 44.0 44.0 46.0 50.0 53.0 54.0 54.0 55.0 56.0 57.0 59.0 60.0 62.0 64.0 66.0 66.0 66.0 67.0 68.0 68.0 68.0 66.0 61.0 61.0 61.0 64.0 68.0 67.0 67.0 66.0 70.51736111111106 21.698111897373842
2 89.0 90.0 91.0 90.0 91.0 91.0 91.0 92.0 92.0 93.0 94.0 95.0 94.0 93.0 93.0 94.0 93.0 94.0 95.0 94.0 94.0 94.0 95.0 95.0 95.0 95.0 95.0 95.0 96.0 96.0 96.0 96.0 96.0 97.0 97.0 97.0 96.0 97.0 97.0 97.0 97.0 97.0 97.0 97.0 97.0 97.0 97.0 97.0 97.0 97.0 97.0 97.0 97.0 96.0 95.0 95.0 94.0 94.0 93.0 90.0 89.0 88.0 88.0 89.0 88.0 89.0 90.0 90.0 91.0 91.0 90.0 90.0 91.0 91.0 91.0 91.0 92.0 92.0 91.0 92.0 92.0 91.0 91.0 91.0 92.0 92.0 92.0 92.0 93.0 93.0 93.0 93.0 92.0 92.0 92.0 93.0 92.0 93.0 93.0 94.0 94.0 94.0 95.0 94.0 95.0 94.0 94.0 94.0 94.0 94.0 95.0 96.0 96.0 96.0 96.0 96.0 96.0 95.0 95.0 95.0 95.0 95.0 95.0 94.0 94.0 95.0 95.0 95.0 96.0 95.0 95.0 95.0 95.0 94.0 94.0 95.0 94.0 93.0 93.0 93.0 93.0 93.0 93.0 93.0 92.0 93.0 92.0 92.0 92.0 91.0 90.0 90.0 89.0 89.0 87.0 87.0 86.0 85.0 84.0 83.0 82.0 80.0 78.0 78.0 76.0 74.0 74.0 73.0 72.0 70.0 68.0 68.0 66.0 64.0 66.0 63.0 63.0 59.0 59.0 59.0 58.0 57.0 55.0 54.0 53.0 53.0 51.0 52.0 48.0 48.0 47.0 47.0 43.0 40.0 44.0 44.0 44.0 42.0 42.0 42.0 41.0 42.0 42.0 42.0 40.0 40.0 40.0 40.0 42.0 42.0 41.0 39.0 39.0 39.0 40.0 39.0 39.0 38.0 37.0 37.0 38.0 38.0 38.0 37.0 37.0 36.0 38.0 37.0 38.0 38.0 37.0 38.0 36.0 37.0 35.0 36.0 36.0 37.0 36.0 36.0 38.0 36.0 38.0 37.0 37.0 37.0 37.0 38.0 39.0 39.0 39.0 39.0 40.0 40.0 41.0 40.0 40.0 39.0 41.0 42.0 49.0 58.0 62.0 62.0 67.0 69.0 70.0 71.0 72.0 73.0 73.0 73.0 72.0 72.0 73.0 73.0 74.0 74.0 74.0 77.0 78.0 79.0 81.0 81.0 81.0 82.0 83.0 86.0 75.0868055555555 23.05264614506512
3 94.0 95.0 95.0 96.0 96.0 96.0 96.0 95.0 93.0 95.0 96.0 96.0 96.0 96.0 96.0 96.0 96.0 97.0 97.0 97.0 97.0 97.0 97.0 97.0 97.0 97.0 97.0 97.0 97.0 97.0 97.0 98.0 98.0 98.0 98.0 98.0 97.0 98.0 98.0 98.0 98.0 98.0 98.0 98.0 98.0 98.0 98.0 98.0 98.0 98.0 98.0 98.0 98.0 98.0 98.0 98.0 98.0 98.0 98.0 98.0 98.0 98.0 98.0 99.0 98.0 98.0 98.0 98.0 98.0 98.0 98.0 99.0 98.0 98.0 99.0 99.0 99.0 99.0 98.0 99.0 99.0 98.0 99.0 99.0 99.0 99.0 99.0 98.0 99.0 99.0 99.0 99.0 99.0 99.0 99.0 99.0 99.0 99.0 99.0 99.0 99.0 99.0 99.0 99.0 99.0 99.0 99.0 99.0 99.0 99.0 99.0 99.0 99.0 99.0 99.0 99.0 99.0 98.0 98.0 98.0 98.0 98.0 99.0 99.0 99.0 99.0 99.0 99.0 98.0 99.0 99.0 99.0 99.0 99.0 99.0 99.0 98.0 98.0 98.0 98.0 98.0 98.0 98.0 97.0 96.0 93.0 92.0 91.0 92.0 90.0 90.0 92.0 93.0 91.0 88.0 87.0 87.0 85.0 81.0 79.0 76.0 75.0 74.0 74.0 74.0 71.0 69.0 67.0 65.0 63.0 63.0 60.0 61.0 60.0 59.0 57.0 57.0 56.0 55.0 56.0 56.0 55.0 57.0 56.0 56.0 54.0 53.0 54.0 52.0 51.0 52.0 50.0 48.0 46.0 47.0 49.0 47.0 47.0 48.0 47.0 48.0 46.0 48.0 45.0 43.0 44.0 45.0 44.0 45.0 43.0 45.0 44.0 45.0 44.0 42.0 43.0 43.0 44.0 43.0 44.0 44.0 43.0 44.0 44.0 44.0 43.0 43.0 42.0 42.0 43.0 42.0 42.0 42.0 41.0 40.0 40.0 40.0 40.0 41.0 40.0 41.0 42.0 41.0 41.0 41.0 40.0 42.0 41.0 50.0 53.0 54.0 54.0 54.0 55.0 54.0 55.0 55.0 56.0 57.0 59.0 61.0 63.0 66.0 67.0 68.0 68.0 68.0 68.0 69.0 70.0 70.0 70.0 72.0 72.0 72.0 74.0 77.0 79.0 80.0 81.0 83.0 84.0 84.0 85.0 87.0 88.0 88.0 89.0 78.7083333333333 22.6449262071403
4 96.0 96.0 96.0 97.0 97.0 97.0 97.0 97.0 97.0 97.0 98.0 98.0 96.0 98.0 98.0 98.0 98.0 97.0 98.0 98.0 97.0 97.0 97.0 98.0 98.0 98.0 98.0 97.0 98.0 98.0 98.0 98.0 98.0 98.0 98.0 98.0 98.0 98.0 98.0 98.0 98.0 99.0 98.0 98.0 98.0 98.0 98.0 98.0 98.0 98.0 99.0 99.0 98.0 98.0 98.0 98.0 98.0 98.0 98.0 99.0 98.0 98.0 98.0 99.0 99.0 99.0 99.0 98.0 99.0 99.0 99.0 98.0 98.0 98.0 98.0 98.0 99.0 98.0 97.0 98.0 98.0 99.0 99.0 99.0 98.0 98.0 98.0 98.0 98.0 99.0 99.0 98.0 98.0 98.0 98.0 98.0 98.0 98.0 98.0 98.0 99.0 99.0 99.0 99.0 99.0 99.0 99.0 99.0 99.0 99.0 99.0 99.0 99.0 98.0 99.0 99.0 99.0 99.0 99.0 99.0 99.0 99.0 99.0 99.0 99.0 99.0 99.0 99.0 99.0 99.0 99.0 99.0 99.0 99.0 99.0 99.0 99.0 99.0 99.0 98.0 98.0 98.0 98.0 98.0 97.0 96.0 95.0 95.0 92.0 92.0 90.0 90.0 90.0 89.0 88.0 88.0 88.0 88.0 88.0 87.0 87.0 87.0 86.0 85.0 85.0 84.0 84.0 84.0 84.0 83.0 82.0 83.0 83.0 82.0 80.0 81.0 79.0 79.0 78.0 77.0 75.0 76.0 74.0 73.0 73.0 72.0 72.0 70.0 68.0 69.0 67.0 66.0 60.0 62.0 59.0 58.0 65.0 59.0 61.0 66.0 60.0 58.0 58.0 56.0 52.0 50.0 52.0 51.0 51.0 49.0 51.0 50.0 51.0 50.0 51.0 50.0 51.0 52.0 51.0 51.0 50.0 52.0 49.0 50.0 49.0 49.0 50.0 50.0 50.0 49.0 49.0 49.0 49.0 48.0 49.0 49.0 51.0 49.0 48.0 49.0 51.0 50.0 51.0 51.0 53.0 52.0 53.0 54.0 54.0 54.0 56.0 56.0 59.0 60.0 60.0 60.0 62.0 67.0 67.0 66.0 65.0 65.0 66.0 67.0 67.0 68.0 69.0 70.0 71.0 71.0 72.0 73.0 74.0 73.0 72.0 74.0 75.0 75.0 76.0 76.0 77.0 77.0 82.0 86.0 89.0 89.0 88.0 88.0 82.8506944444445 18.64509723986472
5 96.0 97.0 98.0 97.0 98.0 98.0 98.0 97.0 98.0 98.0 98.0 98.0 98.0 98.0 98.0 98.0 98.0 98.0 98.0 99.0 99.0 99.0 98.0 98.0 98.0 99.0 99.0 99.0 98.0 99.0 99.0 99.0 99.0 99.0 99.0 99.0 99.0 99.0 99.0 99.0 99.0 99.0 99.0 99.0 99.0 99.0 99.0 99.0 99.0 99.0 99.0 99.0 99.0 99.0 99.0 99.0 99.0 99.0 99.0 99.0 99.0 99.0 99.0 99.0 99.0 99.0 99.0 99.0 99.0 99.0 99.0 99.0 99.0 99.0 99.0 99.0 99.0 99.0 99.0 99.0 99.0 99.0 99.0 99.0 99.0 99.0 99.0 99.0 99.0 99.0 99.0 99.0 99.0 99.0 99.0 99.0 99.0 99.0 99.0 99.0 99.0 99.0 99.0 99.0 99.0 99.0 99.0 99.0 99.0 99.0 99.0 99.0 99.0 99.0 99.0 99.0 99.0 99.0 99.0 99.0 99.0 99.0 99.0 99.0 99.0 99.0 99.0 99.0 99.0 99.0 99.0 99.0 99.0 99.0 99.0 99.0 99.0 99.0 99.0 99.0 99.0 99.0 99.0 99.0 98.0 98.0 98.0 97.0 96.0 95.0 93.0 92.0 92.0 91.0 91.0 90.0 89.0 88.0 88.0 88.0 88.0 86.0 85.0 85.0 86.0 84.0 83.0 83.0 83.0 81.0 81.0 81.0 80.0 79.0 77.0 77.0 75.0 75.0 73.0 73.0 71.0 71.0 70.0 71.0 62.0 63.0 63.0 65.0 63.0 63.0 64.0 63.0 63.0 62.0 62.0 62.0 61.0 64.0 62.0 62.0 61.0 62.0 59.0 61.0 59.0 58.0 56.0 57.0 57.0 57.0 58.0 57.0 54.0 54.0 54.0 52.0 54.0 50.0 52.0 50.0 50.0 49.0 50.0 50.0 50.0 49.0 49.0 48.0 49.0 48.0 47.0 47.0 44.0 46.0 47.0 46.0 45.0 45.0 44.0 45.0 45.0 45.0 44.0 44.0 45.0 44.0 44.0 43.0 43.0 43.0 44.0 43.0 43.0 45.0 51.0 53.0 55.0 54.0 54.0 55.0 56.0 55.0 56.0 56.0 58.0 59.0 61.0 66.0 69.0 75.0 80.0 80.0 81.0 84.0 86.0 87.0 87.0 81.0 73.0 73.0 75.0 76.0 79.0 82.0 82.0 80.0 79.0 79.0 82.20833333333331 20.239463641651724
6 83.0 85.0 88.0 87.0 85.0 85.0 84.0 84.0 86.0 92.0 95.0 95.0 96.0 96.0 94.0 93.0 94.0 94.0 92.0 94.0 95.0 96.0 97.0 98.0 98.0 98.0 98.0 99.0 98.0 98.0 98.0 98.0 99.0 99.0 99.0 99.0 99.0 99.0 99.0 99.0 99.0 99.0 99.0 99.0 99.0 99.0 99.0 99.0 99.0 99.0 99.0 99.0 99.0 99.0 99.0 99.0 99.0 99.0 99.0 99.0 99.0 99.0 99.0 99.0 99.0 99.0 99.0 99.0 99.0 100.0 99.0 99.0 99.0 99.0 99.0 99.0 99.0 99.0 99.0 99.0 100.0 99.0 99.0 99.0 99.0 99.0 99.0 99.0 99.0 99.0 99.0 99.0 99.0 99.0 99.0 99.0 99.0 99.0 99.0 99.0 99.0 99.0 100.0 99.0 99.0 100.0 100.0 99.0 99.0 99.0 99.0 99.0 99.0 99.0 99.0 99.0 99.0 99.0 100.0 99.0 99.0 99.0 99.0 99.0 99.0 99.0 100.0 99.0 99.0 99.0 99.0 100.0 99.0 99.0 99.0 99.0 99.0 99.0 99.0 99.0 99.0 99.0 99.0 99.0 98.0 98.0 96.0 95.0 93.0 92.0 91.0 91.0 91.0 90.0 91.0 92.0 91.0 90.0 88.0 87.0 88.0 88.0 87.0 86.0 84.0 83.0 82.0 80.0 80.0 78.0 77.0 77.0 76.0 77.0 75.0 75.0 73.0 72.0 73.0 72.0 72.0 71.0 72.0 70.0 71.0 71.0 72.0 70.0 71.0 69.0 69.0 67.0 66.0 65.0 67.0 67.0 65.0 66.0 66.0 63.0 66.0 67.0 63.0 62.0 64.0 60.0 62.0 60.0 62.0 61.0 60.0 58.0 58.0 56.0 54.0 56.0 55.0 52.0 52.0 52.0 51.0 51.0 50.0 50.0 51.0 52.0 50.0 50.0 51.0 52.0 53.0 52.0 52.0 52.0 52.0 53.0 53.0 52.0 51.0 50.0 49.0 49.0 48.0 48.0 49.0 49.0 49.0 49.0 49.0 49.0 49.0 50.0 49.0 49.0 49.0 49.0 50.0 50.0 50.0 50.0 51.0 50.0 51.0 52.0 53.0 55.0 57.0 59.0 61.0 61.0 62.0 64.0 65.0 66.0 69.0 73.0 78.0 78.0 76.0 74.0 73.0 73.0 73.0 73.0 72.0 73.0 74.0 72.0 81.68402777777773 19.097060587778994
7 89.0 90.0 91.0 91.0 92.0 93.0 93.0 93.0 93.0 92.0 93.0 93.0 93.0 92.0 93.0 93.0 93.0 91.0 92.0 93.0 95.0 95.0 93.0 94.0 95.0 95.0 95.0 94.0 97.0 97.0 96.0 96.0 96.0 97.0 96.0 96.0 97.0 96.0 96.0 97.0 98.0 97.0 96.0 97.0 97.0 97.0 97.0 98.0 97.0 97.0 97.0 97.0 98.0 98.0 97.0 98.0 97.0 98.0 97.0 97.0 98.0 98.0 98.0 98.0 98.0 98.0 98.0 98.0 98.0 99.0 98.0 99.0 99.0 98.0 98.0 99.0 98.0 98.0 98.0 98.0 98.0 98.0 98.0 98.0 98.0 98.0 98.0 99.0 99.0 99.0 98.0 98.0 98.0 98.0 99.0 98.0 98.0 98.0 98.0 99.0 99.0 98.0 99.0 99.0 98.0 99.0 99.0 98.0 99.0 99.0 99.0 99.0 99.0 99.0 99.0 99.0 99.0 99.0 99.0 99.0 99.0 99.0 99.0 99.0 99.0 99.0 99.0 99.0 99.0 99.0 99.0 99.0 99.0 99.0 99.0 99.0 99.0 99.0 99.0 99.0 99.0 99.0 99.0 99.0 99.0 99.0 99.0 99.0 99.0 99.0 99.0 99.0 99.0 99.0 99.0 99.0 99.0 99.0 99.0 99.0 99.0 99.0 99.0 99.0 99.0 99.0 99.0 99.0 99.0 99.0 98.0 98.0 98.0 98.0 97.0 97.0 95.0 90.0 88.0 85.0 83.0 82.0 80.0 78.0 78.0 78.0 76.0 74.0 72.0 73.0 73.0 72.0 73.0 72.0 71.0 69.0 68.0 68.0 67.0 67.0 66.0 65.0 62.0 63.0 62.0 62.0 62.0 61.0 60.0 61.0 61.0 60.0 61.0 58.0 59.0 56.0 55.0 48.0 48.0 48.0 49.0 47.0 48.0 48.0 48.0 48.0 47.0 46.0 46.0 47.0 47.0 46.0 44.0 46.0 44.0 43.0 43.0 44.0 45.0 46.0 46.0 48.0 47.0 47.0 47.0 47.0 48.0 47.0 47.0 47.0 47.0 47.0 48.0 49.0 51.0 49.0 51.0 51.0 52.0 53.0 53.0 53.0 53.0 53.0 55.0 57.0 59.0 59.0 61.0 64.0 65.0 67.0 69.0 70.0 72.0 74.0 76.0 77.0 78.0 78.0 79.0 80.0 80.0 80.0 79.0 79.0 80.0 81.0 83.24652777777774 19.7199466155939
8 96.0 95.0 95.0 96.0 96.0 96.0 96.0 96.0 96.0 96.0 97.0 97.0 97.0 97.0 97.0 97.0 98.0 98.0 98.0 98.0 98.0 97.0 97.0 98.0 98.0 98.0 98.0 98.0 98.0 98.0 98.0 98.0 98.0 98.0 98.0 97.0 98.0 98.0 98.0 98.0 98.0 98.0 98.0 98.0 98.0 99.0 98.0 98.0 98.0 98.0 98.0 98.0 99.0 98.0 98.0 98.0 98.0 98.0 97.0 98.0 98.0 98.0 98.0 98.0 98.0 99.0 98.0 99.0 98.0 98.0 98.0 98.0 98.0 98.0 99.0 98.0 98.0 98.0 98.0 99.0 98.0 98.0 98.0 98.0 98.0 98.0 98.0 99.0 99.0 99.0 98.0 98.0 99.0 99.0 99.0 99.0 99.0 98.0 99.0 99.0 99.0 98.0 98.0 99.0 99.0 99.0 99.0 99.0 99.0 99.0 99.0 98.0 98.0 99.0 99.0 99.0 99.0 99.0 99.0 99.0 99.0 99.0 99.0 99.0 99.0 99.0 99.0 99.0 99.0 99.0 99.0 99.0 99.0 99.0 99.0 98.0 98.0 98.0 98.0 99.0 98.0 98.0 98.0 98.0 97.0 97.0 96.0 95.0 94.0 94.0 89.0 89.0 88.0 87.0 86.0 85.0 85.0 85.0 82.0 83.0 82.0 79.0 77.0 76.0 78.0 78.0 79.0 76.0 77.0 77.0 77.0 77.0 74.0 74.0 74.0 74.0 71.0 71.0 70.0 70.0 69.0 66.0 65.0 61.0 59.0 59.0 59.0 59.0 59.0 59.0 59.0 59.0 59.0 60.0 59.0 58.0 59.0 57.0 56.0 57.0 58.0 57.0 56.0 55.0 55.0 54.0 54.0 53.0 53.0 52.0 53.0 54.0 51.0 52.0 51.0 52.0 53.0 50.0 50.0 52.0 49.0 51.0 50.0 49.0 49.0 48.0 47.0 48.0 50.0 49.0 50.0 49.0 49.0 48.0 47.0 48.0 46.0 46.0 45.0 44.0 43.0 46.0 44.0 44.0 44.0 43.0 44.0 48.0 48.0 48.0 49.0 49.0 48.0 50.0 48.0 47.0 48.0 51.0 50.0 50.0 50.0 51.0 53.0 56.0 58.0 60.0 60.0 62.0 63.0 63.0 64.0 67.0 67.0 67.0 69.0 70.0 71.0 70.0 75.0 76.0 75.0 76.0 77.0 79.0 81.0 80.0 82.0 81.0 80.3506944444445 20.54209410401207
9 99.0 99.0 99.0 99.0 99.0 99.0 99.0 99.0 99.0 99.0 99.0 99.0 99.0 99.0 99.0 99.0 99.0 99.0 99.0 99.0 99.0 99.0 99.0 99.0 99.0 99.0 99.0 99.0 99.0 99.0 99.0 99.0 99.0 99.0 99.0 99.0 99.0 99.0 99.0 99.0 99.0 99.0 99.0 99.0 99.0 99.0 99.0 99.0 99.0 99.0 99.0 99.0 99.0 99.0 99.0 99.0 99.0 99.0 99.0 99.0 99.0 99.0 99.0 99.0 99.0 99.0 99.0 99.0 99.0 99.0 99.0 99.0 99.0 99.0 99.0 99.0 99.0 99.0 99.0 99.0 99.0 99.0 99.0 99.0 99.0 99.0 99.0 99.0 99.0 99.0 99.0 99.0 99.0 99.0 99.0 99.0 99.0 99.0 99.0 99.0 99.0 99.0 99.0 99.0 99.0 99.0 99.0 99.0 99.0 99.0 99.0 99.0 99.0 99.0 99.0 99.0 99.0 99.0 99.0 99.0 99.0 99.0 99.0 99.0 99.0 99.0 99.0 99.0 99.0 99.0 99.0 99.0 99.0 99.0 99.0 99.0 99.0 99.0 99.0 99.0 99.0 99.0 99.0 99.0 99.0 99.0 99.0 99.0 99.0 99.0 99.0 98.0 98.0 98.0 97.0 97.0 96.0 96.0 95.0 95.0 94.0 94.0 94.0 92.0 92.0 91.0 92.0 91.0 90.0 90.0 88.0 85.0 85.0 83.0 80.0 78.0 77.0 77.0 73.0 73.0 73.0 73.0 68.0 64.0 64.0 65.0 66.0 66.0 66.0 67.0 61.0 63.0 61.0 57.0 56.0 55.0 55.0 56.0 56.0 56.0 58.0 56.0 55.0 53.0 55.0 56.0 58.0 59.0 59.0 58.0 55.0 55.0 54.0 53.0 53.0 53.0 52.0 53.0 54.0 52.0 51.0 49.0 48.0 48.0 47.0 48.0 47.0 45.0 47.0 50.0 52.0 54.0 55.0 55.0 57.0 55.0 56.0 55.0 55.0 53.0 53.0 51.0 53.0 51.0 52.0 50.0 48.0 44.0 47.0 45.0 49.0 48.0 48.0 46.0 45.0 47.0 52.0 51.0 55.0 59.0 62.0 69.0 72.0 69.0 71.0 74.0 77.0 79.0 81.0 82.0 84.0 86.0 91.0 92.0 92.0 91.0 93.0 93.0 92.0 92.0 93.0 93.0 93.0 94.0 94.0 95.0 95.0 96.0 84.38541666666667 19.706754245486135
END
#################################################################
SECTION3 (Edges Information)
EndPoint0 EndPoint1 Weight
0 1 1.000000
1 2 1.000000
2 3 1.000000
3 4 1.000000
3 5 1.000000
4 5 1.000000
4 6 1.000000
5 6 1.000000
5 7 1.000000
6 7 1.000000
7 8 1.000000
7 9 1.000000
8 9 1.000000
0 1 1.000000
1 2 1.000000
2 3 1.000000
3 4 1.000000
3 5 1.000000
4 5 1.000000
4 6 1.000000
5 6 1.000000
5 7 1.000000
6 7 1.000000
7 8 1.000000
7 9 1.000000
8 9 1.000000
0 1 1.000000
1 2 1.000000
2 3 1.000000
3 4 1.000000
3 5 1.000000
4 5 1.000000
4 6 1.000000
5 6 1.000000
5 7 1.000000
6 7 1.000000
7 8 1.000000
7 9 1.000000
8 9 1.000000
0 1 1.000000
1 2 1.000000
2 3 1.000000
3 4 1.000000
3 5 1.000000
4 5 1.000000
4 6 1.000000
5 6 1.000000
5 7 1.000000
6 7 1.000000
7 8 1.000000
7 9 1.000000
8 9 1.000000
0 1 1.000000
1 2 1.000000
2 3 1.000000
3 4 1.000000
3 5 1.000000
4 5 1.000000
4 6 1.000000
5 6 1.000000
5 7 1.000000
6 7 1.000000
7 8 1.000000
7 9 1.000000
8 9 1.000000
END
#################################################################
SECTION4 (TrueSubGraph Information)
EndPoint0 EndPoint1 Weight
END
#################################################################
