#################################################################
#APDM Input Graph, this input graph includes 3 sections:
#section1 : general information
#section2 : nodes
#section3 : edges
#section4 : trueSubGraph (Optional)
#
#if nodes haven't information set weight to null
#################################################################
SECTION1 (General Information)
numNodes = 10
numEdges = 91
usedAlgorithm = NULL
dataSource = TransWeatherRealData
END
#################################################################
SECTION2 (Nodes Information)
NodeID rh  mean  std 
0 53.0 52.0 52.0 52.0 53.0 53.0 54.0 54.0 54.0 54.0 55.0 55.0 55.0 56.0 56.0 56.0 56.0 56.0 56.0 57.0 57.0 58.0 58.0 58.0 58.0 58.0 58.0 58.0 59.0 59.0 59.0 60.0 61.0 61.0 60.0 60.0 60.0 61.0 61.0 61.0 61.0 61.0 62.0 62.0 63.0 62.0 63.0 65.0 65.0 64.0 63.0 64.0 67.0 68.0 69.0 69.0 69.0 70.0 72.0 72.0 73.0 74.0 75.0 77.0 78.0 80.0 81.0 81.0 82.0 82.0 84.0 85.0 86.0 87.0 89.0 89.0 90.0 91.0 92.0 92.0 92.0 93.0 94.0 94.0 94.0 94.0 94.0 94.0 94.0 94.0 94.0 95.0 95.0 95.0 95.0 94.0 95.0 95.0 95.0 95.0 95.0 95.0 95.0 95.0 95.0 95.0 95.0 95.0 95.0 95.0 95.0 95.0 95.0 95.0 95.0 94.0 95.0 95.0 95.0 95.0 95.0 95.0 95.0 95.0 95.0 95.0 95.0 94.0 94.0 94.0 94.0 95.0 95.0 94.0 94.0 92.0 87.0 85.0 82.0 81.0 80.0 79.0 79.0 79.0 78.0 78.0 77.0 77.0 77.0 83.0 84.0 81.0 78.0 77.0 77.0 76.0 75.0 74.0 73.0 73.0 76.0 86.0 89.0 89.0 90.0 89.0 88.0 87.0 87.0 86.0 85.0 84.0 83.0 83.0 82.0 82.0 82.0 82.0 82.0 81.0 81.0 81.0 81.0 82.0 81.0 81.0 81.0 81.0 81.0 80.0 79.0 79.0 79.0 78.0 78.0 78.0 79.0 79.0 79.0 80.0 79.0 79.0 81.0 82.0 82.0 83.0 83.0 82.0 83.0 83.0 82.0 82.0 81.0 82.0 81.0 81.0 81.0 80.0 78.0 78.0 78.0 77.0 77.0 77.0 77.0 77.0 77.0 77.0 76.0 77.0 77.0 76.0 76.0 77.0 77.0 77.0 77.0 76.0 75.0 75.0 75.0 75.0 75.0 75.0 75.0 75.0 74.0 74.0 74.0 73.0 74.0 74.0 73.0 72.0 69.0 69.0 69.0 67.0 66.0 65.0 64.0 63.0 62.0 64.0 63.0 63.0 64.0 64.0 65.0 66.0 67.0 67.0 67.0 68.0 69.0 69.0 72.0 73.0 73.0 74.0 74.0 73.0 72.0 73.0 73.0 73.0 74.0 74.0 77.26041666666667 12.34315800966545
1 60.0 61.0 62.0 62.0 62.0 63.0 64.0 65.0 65.0 65.0 66.0 66.0 68.0 68.0 68.0 68.0 66.0 66.0 67.0 69.0 70.0 71.0 70.0 70.0 70.0 68.0 68.0 70.0 71.0 71.0 72.0 72.0 72.0 73.0 73.0 72.0 73.0 73.0 76.0 77.0 77.0 76.0 78.0 79.0 80.0 81.0 82.0 85.0 86.0 87.0 88.0 90.0 91.0 92.0 92.0 92.0 92.0 93.0 94.0 94.0 95.0 95.0 95.0 95.0 95.0 95.0 95.0 96.0 95.0 96.0 96.0 96.0 96.0 96.0 96.0 96.0 96.0 96.0 97.0 97.0 97.0 97.0 97.0 97.0 97.0 97.0 97.0 97.0 97.0 97.0 97.0 97.0 97.0 97.0 97.0 97.0 97.0 97.0 97.0 97.0 97.0 97.0 97.0 97.0 97.0 97.0 97.0 97.0 97.0 97.0 97.0 98.0 98.0 98.0 98.0 98.0 98.0 98.0 98.0 98.0 98.0 98.0 98.0 98.0 97.0 97.0 97.0 97.0 96.0 94.0 94.0 93.0 93.0 94.0 93.0 93.0 93.0 92.0 93.0 92.0 90.0 89.0 89.0 88.0 86.0 85.0 85.0 85.0 84.0 84.0 84.0 84.0 83.0 84.0 83.0 83.0 83.0 83.0 83.0 82.0 82.0 83.0 82.0 82.0 83.0 82.0 83.0 83.0 81.0 79.0 81.0 81.0 80.0 80.0 81.0 80.0 78.0 77.0 77.0 78.0 79.0 78.0 77.0 77.0 76.0 77.0 80.0 82.0 79.0 82.0 86.0 85.0 83.0 84.0 84.0 85.0 83.0 81.0 79.0 80.0 81.0 83.0 85.0 89.0 89.0 90.0 87.0 87.0 86.0 85.0 85.0 84.0 84.0 85.0 85.0 86.0 84.0 83.0 83.0 83.0 83.0 81.0 81.0 81.0 82.0 81.0 80.0 81.0 81.0 81.0 81.0 80.0 80.0 81.0 81.0 80.0 80.0 80.0 81.0 80.0 78.0 78.0 78.0 76.0 77.0 77.0 77.0 77.0 77.0 76.0 76.0 75.0 76.0 76.0 76.0 76.0 75.0 76.0 76.0 76.0 76.0 77.0 77.0 76.0 75.0 71.0 70.0 69.0 69.0 68.0 68.0 69.0 69.0 70.0 70.0 71.0 70.0 76.0 78.0 82.0 84.0 85.0 86.0 85.0 85.0 80.0 80.0 81.0 83.53472222222223 10.023952633737197
2 51.0 52.0 52.0 53.0 53.0 54.0 54.0 54.0 54.0 54.0 55.0 55.0 55.0 55.0 55.0 56.0 56.0 56.0 56.0 57.0 59.0 58.0 58.0 58.0 58.0 59.0 58.0 58.0 59.0 60.0 60.0 60.0 62.0 61.0 62.0 65.0 67.0 67.0 65.0 66.0 69.0 71.0 71.0 72.0 72.0 69.0 70.0 71.0 70.0 71.0 74.0 75.0 73.0 73.0 72.0 72.0 72.0 73.0 75.0 77.0 78.0 78.0 79.0 80.0 80.0 79.0 80.0 79.0 80.0 80.0 80.0 82.0 82.0 83.0 84.0 84.0 85.0 86.0 88.0 90.0 91.0 92.0 92.0 92.0 93.0 94.0 95.0 95.0 95.0 95.0 95.0 95.0 95.0 95.0 96.0 96.0 96.0 96.0 96.0 96.0 95.0 95.0 94.0 94.0 94.0 94.0 93.0 93.0 93.0 93.0 93.0 93.0 93.0 93.0 93.0 93.0 93.0 93.0 93.0 93.0 93.0 93.0 93.0 92.0 92.0 92.0 92.0 92.0 92.0 92.0 91.0 91.0 91.0 91.0 91.0 91.0 91.0 91.0 90.0 90.0 90.0 90.0 90.0 90.0 89.0 89.0 88.0 88.0 88.0 88.0 87.0 87.0 87.0 87.0 86.0 86.0 86.0 86.0 86.0 85.0 85.0 84.0 83.0 82.0 81.0 79.0 80.0 81.0 80.0 81.0 81.0 80.0 81.0 83.0 84.0 85.0 86.0 86.0 87.0 87.0 88.0 88.0 86.0 85.0 85.0 84.0 85.0 85.0 85.0 85.0 84.0 82.0 83.0 83.0 84.0 84.0 84.0 84.0 83.0 80.0 80.0 85.0 87.0 88.0 86.0 86.0 86.0 87.0 85.0 85.0 86.0 88.0 89.0 89.0 88.0 87.0 87.0 87.0 86.0 88.0 89.0 89.0 89.0 89.0 88.0 88.0 88.0 87.0 89.0 89.0 90.0 91.0 90.0 90.0 89.0 89.0 88.0 88.0 88.0 88.0 88.0 88.0 88.0 89.0 89.0 88.0 88.0 88.0 88.0 87.0 87.0 87.0 87.0 86.0 86.0 86.0 85.0 84.0 85.0 84.0 84.0 85.0 85.0 85.0 84.0 85.0 85.0 84.0 84.0 83.0 81.0 81.0 80.0 80.0 80.0 79.0 80.0 81.0 81.0 82.0 82.0 82.0 82.0 82.0 82.0 82.0 76.0 81.0 81.98958333333334 11.400679842495382
3 52.0 53.0 54.0 55.0 55.0 55.0 55.0 55.0 56.0 60.0 63.0 64.0 65.0 67.0 68.0 70.0 71.0 72.0 73.0 74.0 76.0 75.0 77.0 78.0 78.0 78.0 79.0 79.0 79.0 78.0 79.0 79.0 80.0 81.0 81.0 82.0 83.0 82.0 82.0 81.0 81.0 81.0 81.0 81.0 80.0 80.0 80.0 79.0 80.0 81.0 82.0 81.0 80.0 78.0 79.0 79.0 79.0 79.0 82.0 83.0 84.0 83.0 84.0 84.0 84.0 85.0 85.0 85.0 85.0 84.0 82.0 83.0 83.0 83.0 85.0 84.0 85.0 87.0 89.0 90.0 91.0 92.0 94.0 95.0 96.0 96.0 96.0 97.0 96.0 96.0 96.0 97.0 96.0 96.0 97.0 97.0 97.0 97.0 97.0 97.0 97.0 97.0 95.0 94.0 93.0 92.0 92.0 91.0 92.0 92.0 91.0 91.0 92.0 92.0 91.0 92.0 91.0 92.0 92.0 93.0 93.0 93.0 94.0 93.0 92.0 93.0 94.0 93.0 92.0 92.0 91.0 92.0 91.0 91.0 90.0 90.0 89.0 89.0 89.0 88.0 88.0 87.0 87.0 87.0 87.0 86.0 85.0 85.0 85.0 84.0 84.0 84.0 84.0 84.0 83.0 83.0 82.0 82.0 82.0 81.0 81.0 80.0 80.0 80.0 80.0 79.0 79.0 79.0 78.0 79.0 79.0 79.0 80.0 80.0 81.0 81.0 82.0 81.0 81.0 82.0 82.0 83.0 84.0 84.0 83.0 83.0 83.0 82.0 81.0 82.0 81.0 81.0 80.0 81.0 82.0 81.0 81.0 83.0 84.0 85.0 86.0 86.0 85.0 85.0 86.0 84.0 90.0 92.0 92.0 93.0 94.0 93.0 91.0 91.0 91.0 92.0 91.0 91.0 91.0 90.0 90.0 91.0 90.0 90.0 90.0 90.0 89.0 88.0 87.0 87.0 88.0 87.0 88.0 88.0 88.0 87.0 87.0 86.0 86.0 85.0 85.0 85.0 85.0 85.0 84.0 84.0 83.0 83.0 84.0 83.0 84.0 84.0 83.0 83.0 83.0 83.0 83.0 83.0 83.0 83.0 83.0 83.0 83.0 82.0 82.0 82.0 82.0 82.0 82.0 82.0 82.0 82.0 82.0 80.0 80.0 79.0 78.0 77.0 77.0 77.0 77.0 77.0 77.0 78.0 78.0 79.0 79.0 79.0 83.77777777777777 8.28368485432517
4 58.0 60.0 60.0 60.0 62.0 64.0 65.0 66.0 67.0 68.0 70.0 70.0 72.0 75.0 78.0 79.0 81.0 82.0 84.0 85.0 86.0 86.0 86.0 86.0 87.0 88.0 89.0 89.0 88.0 88.0 89.0 90.0 90.0 91.0 90.0 91.0 92.0 92.0 91.0 92.0 91.0 89.0 87.0 84.0 86.0 89.0 89.0 87.0 82.0 76.0 77.0 74.0 73.0 73.0 72.0 73.0 73.0 72.0 72.0 72.0 71.0 70.0 69.0 69.0 69.0 68.0 67.0 67.0 67.0 67.0 66.0 65.0 65.0 65.0 64.0 65.0 65.0 65.0 65.0 65.0 65.0 65.0 66.0 69.0 68.0 68.0 69.0 71.0 72.0 74.0 76.0 77.0 78.0 82.0 85.0 88.0 88.0 89.0 90.0 91.0 93.0 94.0 95.0 96.0 97.0 97.0 97.0 97.0 97.0 97.0 97.0 97.0 97.0 97.0 97.0 97.0 97.0 97.0 97.0 97.0 97.0 97.0 97.0 97.0 97.0 97.0 97.0 97.0 97.0 97.0 97.0 97.0 97.0 96.0 96.0 96.0 96.0 96.0 95.0 95.0 95.0 95.0 95.0 95.0 95.0 95.0 95.0 95.0 96.0 96.0 95.0 95.0 95.0 95.0 95.0 95.0 95.0 95.0 95.0 95.0 95.0 95.0 94.0 93.0 94.0 93.0 92.0 92.0 92.0 92.0 91.0 91.0 90.0 90.0 89.0 89.0 89.0 89.0 89.0 89.0 89.0 90.0 89.0 88.0 89.0 90.0 89.0 89.0 90.0 90.0 89.0 90.0 90.0 89.0 90.0 89.0 89.0 90.0 90.0 91.0 91.0 91.0 92.0 92.0 89.0 88.0 88.0 89.0 89.0 90.0 90.0 90.0 89.0 92.0 92.0 89.0 93.0 94.0 94.0 94.0 94.0 92.0 93.0 93.0 93.0 94.0 95.0 96.0 96.0 96.0 96.0 96.0 96.0 96.0 96.0 96.0 95.0 95.0 96.0 95.0 95.0 94.0 94.0 94.0 95.0 94.0 94.0 94.0 94.0 95.0 95.0 95.0 95.0 94.0 94.0 94.0 95.0 94.0 93.0 94.0 93.0 94.0 93.0 94.0 94.0 93.0 94.0 94.0 93.0 93.0 93.0 94.0 94.0 93.0 93.0 93.0 93.0 93.0 91.0 90.0 90.0 89.0 89.0 89.0 89.0 90.0 91.0 91.0 87.51736111111113 10.312185071858083
5 68.0 71.0 74.0 75.0 75.0 72.0 75.0 77.0 78.0 79.0 81.0 79.0 80.0 81.0 80.0 82.0 83.0 83.0 82.0 84.0 87.0 88.0 88.0 87.0 85.0 86.0 88.0 89.0 88.0 88.0 86.0 85.0 88.0 91.0 90.0 89.0 87.0 88.0 89.0 91.0 91.0 89.0 88.0 89.0 89.0 89.0 88.0 87.0 85.0 83.0 82.0 84.0 86.0 82.0 82.0 80.0 79.0 80.0 80.0 79.0 78.0 77.0 77.0 76.0 75.0 76.0 76.0 77.0 77.0 78.0 78.0 77.0 76.0 75.0 75.0 76.0 76.0 77.0 77.0 79.0 78.0 77.0 76.0 77.0 77.0 76.0 76.0 76.0 77.0 78.0 78.0 81.0 83.0 84.0 86.0 87.0 87.0 88.0 88.0 89.0 90.0 90.0 91.0 92.0 93.0 94.0 95.0 95.0 96.0 96.0 96.0 96.0 96.0 96.0 96.0 97.0 97.0 97.0 97.0 98.0 98.0 98.0 98.0 98.0 98.0 98.0 98.0 98.0 98.0 98.0 98.0 98.0 98.0 98.0 98.0 98.0 98.0 98.0 98.0 98.0 98.0 98.0 98.0 98.0 98.0 98.0 98.0 98.0 98.0 98.0 98.0 98.0 98.0 98.0 98.0 97.0 97.0 97.0 97.0 96.0 96.0 95.0 95.0 95.0 96.0 96.0 95.0 95.0 96.0 95.0 95.0 96.0 96.0 95.0 96.0 96.0 95.0 95.0 95.0 95.0 95.0 95.0 96.0 96.0 96.0 95.0 96.0 96.0 95.0 96.0 96.0 96.0 95.0 95.0 94.0 93.0 89.0 87.0 88.0 91.0 93.0 94.0 94.0 94.0 92.0 93.0 92.0 92.0 92.0 92.0 92.0 91.0 92.0 93.0 93.0 93.0 92.0 92.0 92.0 92.0 92.0 93.0 94.0 94.0 93.0 94.0 93.0 93.0 93.0 93.0 93.0 93.0 94.0 94.0 95.0 95.0 95.0 95.0 95.0 95.0 95.0 96.0 96.0 96.0 96.0 96.0 96.0 96.0 97.0 97.0 97.0 97.0 97.0 97.0 97.0 97.0 97.0 97.0 97.0 97.0 96.0 96.0 97.0 96.0 96.0 96.0 96.0 96.0 97.0 97.0 97.0 97.0 96.0 96.0 95.0 94.0 95.0 95.0 96.0 95.0 95.0 96.0 96.0 96.0 95.0 93.0 92.0 91.0 90.59375 7.518031460317756
6 49.0 55.0 59.0 58.0 56.0 57.0 57.0 59.0 59.0 60.0 59.0 62.0 63.0 61.0 53.0 57.0 58.0 60.0 65.0 65.0 62.0 63.0 65.0 67.0 69.0 69.0 70.0 70.0 67.0 67.0 65.0 67.0 70.0 70.0 73.0 76.0 77.0 77.0 78.0 78.0 73.0 72.0 73.0 73.0 75.0 74.0 73.0 74.0 74.0 76.0 77.0 76.0 75.0 77.0 78.0 79.0 80.0 80.0 81.0 82.0 81.0 80.0 80.0 78.0 76.0 75.0 73.0 73.0 74.0 72.0 70.0 70.0 70.0 69.0 68.0 67.0 66.0 66.0 66.0 66.0 67.0 68.0 68.0 70.0 69.0 69.0 70.0 69.0 69.0 68.0 68.0 69.0 71.0 74.0 77.0 80.0 81.0 81.0 84.0 85.0 85.0 84.0 84.0 84.0 85.0 86.0 87.0 87.0 88.0 89.0 90.0 91.0 92.0 93.0 93.0 94.0 94.0 95.0 95.0 96.0 96.0 96.0 97.0 97.0 97.0 97.0 98.0 98.0 98.0 98.0 98.0 98.0 98.0 97.0 97.0 97.0 97.0 97.0 97.0 97.0 97.0 97.0 97.0 97.0 97.0 97.0 95.0 95.0 96.0 96.0 96.0 96.0 95.0 95.0 95.0 95.0 95.0 95.0 95.0 95.0 94.0 94.0 94.0 94.0 94.0 95.0 95.0 95.0 95.0 95.0 95.0 95.0 95.0 95.0 95.0 95.0 95.0 95.0 95.0 95.0 95.0 95.0 95.0 94.0 95.0 95.0 94.0 94.0 94.0 94.0 94.0 95.0 95.0 95.0 95.0 95.0 95.0 95.0 95.0 95.0 95.0 95.0 95.0 95.0 95.0 95.0 95.0 96.0 95.0 96.0 96.0 96.0 96.0 96.0 96.0 96.0 96.0 96.0 96.0 96.0 96.0 97.0 97.0 97.0 97.0 96.0 96.0 96.0 96.0 96.0 96.0 96.0 97.0 97.0 97.0 93.0 95.0 96.0 95.0 96.0 96.0 96.0 97.0 97.0 97.0 97.0 97.0 97.0 97.0 97.0 97.0 97.0 98.0 98.0 98.0 98.0 98.0 98.0 98.0 98.0 98.0 98.0 98.0 97.0 97.0 97.0 97.0 96.0 97.0 97.0 97.0 97.0 97.0 97.0 97.0 97.0 97.0 97.0 98.0 98.0 97.0 97.0 97.0 97.0 97.0 97.0 97.0 97.0 86.57291666666664 13.13962392532432
7 59.0 64.0 65.0 60.0 59.0 59.0 61.0 62.0 63.0 64.0 64.0 64.0 65.0 67.0 67.0 66.0 67.0 68.0 68.0 69.0 70.0 71.0 70.0 67.0 67.0 68.0 68.0 70.0 69.0 68.0 69.0 69.0 68.0 68.0 70.0 70.0 70.0 72.0 72.0 73.0 70.0 69.0 70.0 68.0 68.0 75.0 78.0 77.0 76.0 76.0 76.0 78.0 80.0 82.0 82.0 81.0 79.0 78.0 79.0 78.0 76.0 76.0 75.0 76.0 76.0 76.0 77.0 76.0 76.0 76.0 76.0 76.0 76.0 77.0 77.0 76.0 76.0 76.0 76.0 76.0 76.0 76.0 75.0 76.0 79.0 79.0 79.0 79.0 78.0 79.0 78.0 77.0 78.0 79.0 80.0 78.0 79.0 81.0 83.0 85.0 86.0 87.0 88.0 88.0 89.0 90.0 91.0 91.0 92.0 92.0 93.0 94.0 94.0 95.0 95.0 95.0 96.0 96.0 96.0 96.0 96.0 97.0 97.0 97.0 97.0 97.0 97.0 97.0 97.0 97.0 97.0 98.0 98.0 98.0 98.0 98.0 98.0 98.0 98.0 98.0 98.0 98.0 98.0 98.0 98.0 98.0 97.0 97.0 97.0 97.0 96.0 95.0 94.0 94.0 94.0 95.0 95.0 94.0 92.0 91.0 91.0 91.0 91.0 90.0 89.0 89.0 88.0 88.0 87.0 86.0 85.0 85.0 83.0 84.0 83.0 82.0 81.0 81.0 80.0 80.0 79.0 80.0 79.0 80.0 80.0 80.0 79.0 78.0 80.0 79.0 79.0 79.0 80.0 79.0 78.0 77.0 78.0 78.0 78.0 80.0 80.0 80.0 79.0 79.0 80.0 81.0 81.0 81.0 81.0 81.0 82.0 82.0 83.0 83.0 84.0 84.0 84.0 85.0 85.0 86.0 87.0 87.0 87.0 88.0 88.0 89.0 89.0 90.0 90.0 90.0 90.0 90.0 89.0 90.0 89.0 89.0 90.0 91.0 92.0 93.0 93.0 93.0 93.0 93.0 93.0 93.0 93.0 94.0 94.0 94.0 94.0 94.0 95.0 96.0 97.0 97.0 97.0 97.0 97.0 97.0 97.0 97.0 97.0 97.0 97.0 97.0 97.0 97.0 97.0 96.0 96.0 96.0 96.0 96.0 96.0 97.0 97.0 97.0 97.0 97.0 97.0 97.0 96.0 96.0 96.0 96.0 96.0 96.0 84.42708333333333 10.629730961486686
8 64.0 65.0 62.0 64.0 63.0 64.0 66.0 67.0 67.0 68.0 68.0 68.0 69.0 70.0 69.0 68.0 71.0 71.0 72.0 73.0 75.0 73.0 73.0 73.0 73.0 74.0 76.0 77.0 77.0 79.0 78.0 77.0 79.0 78.0 79.0 81.0 80.0 78.0 79.0 81.0 83.0 81.0 82.0 82.0 82.0 84.0 83.0 83.0 83.0 85.0 86.0 86.0 85.0 86.0 86.0 87.0 88.0 88.0 85.0 85.0 86.0 87.0 88.0 87.0 88.0 88.0 88.0 87.0 87.0 87.0 87.0 87.0 85.0 86.0 87.0 88.0 88.0 88.0 88.0 87.0 86.0 86.0 87.0 87.0 88.0 88.0 89.0 88.0 90.0 92.0 94.0 94.0 95.0 96.0 95.0 94.0 95.0 95.0 95.0 95.0 96.0 96.0 97.0 97.0 96.0 96.0 96.0 96.0 96.0 96.0 95.0 95.0 95.0 95.0 96.0 97.0 97.0 97.0 97.0 97.0 97.0 96.0 96.0 97.0 97.0 96.0 96.0 96.0 96.0 96.0 96.0 95.0 95.0 95.0 95.0 94.0 95.0 95.0 95.0 95.0 95.0 95.0 94.0 93.0 91.0 91.0 92.0 92.0 92.0 92.0 91.0 91.0 90.0 89.0 88.0 89.0 87.0 86.0 87.0 87.0 86.0 86.0 86.0 86.0 85.0 86.0 85.0 84.0 84.0 82.0 82.0 82.0 81.0 81.0 81.0 80.0 80.0 80.0 80.0 80.0 80.0 81.0 81.0 81.0 80.0 80.0 81.0 81.0 81.0 80.0 80.0 78.0 79.0 78.0 78.0 78.0 79.0 78.0 79.0 78.0 77.0 78.0 79.0 78.0 78.0 80.0 80.0 80.0 80.0 80.0 80.0 81.0 80.0 81.0 81.0 82.0 82.0 82.0 84.0 84.0 85.0 84.0 84.0 85.0 86.0 86.0 85.0 86.0 84.0 84.0 84.0 84.0 83.0 84.0 83.0 84.0 84.0 85.0 87.0 87.0 89.0 91.0 91.0 91.0 92.0 93.0 92.0 93.0 95.0 95.0 95.0 96.0 95.0 95.0 96.0 96.0 96.0 96.0 95.0 93.0 93.0 93.0 95.0 96.0 95.0 95.0 95.0 96.0 96.0 95.0 95.0 92.0 93.0 92.0 89.0 91.0 92.0 93.0 94.0 95.0 95.0 96.0 96.0 96.0 96.0 95.0 95.0 95.0 86.32986111111113 8.251209011706022
9 76.0 79.0 79.0 78.0 80.0 80.0 80.0 80.0 80.0 81.0 84.0 83.0 84.0 83.0 83.0 84.0 86.0 83.0 84.0 86.0 86.0 86.0 86.0 85.0 85.0 86.0 87.0 87.0 87.0 87.0 87.0 87.0 88.0 89.0 89.0 88.0 89.0 90.0 91.0 91.0 91.0 91.0 91.0 91.0 91.0 91.0 91.0 93.0 91.0 91.0 91.0 89.0 89.0 89.0 90.0 91.0 92.0 91.0 91.0 91.0 91.0 91.0 90.0 90.0 91.0 89.0 89.0 88.0 88.0 89.0 90.0 89.0 88.0 87.0 87.0 88.0 89.0 89.0 88.0 88.0 91.0 91.0 89.0 88.0 87.0 90.0 90.0 90.0 90.0 91.0 91.0 91.0 90.0 91.0 91.0 92.0 93.0 94.0 94.0 94.0 94.0 94.0 93.0 93.0 93.0 94.0 94.0 94.0 96.0 96.0 96.0 96.0 97.0 96.0 96.0 96.0 97.0 97.0 97.0 97.0 97.0 97.0 97.0 97.0 97.0 96.0 96.0 95.0 92.0 92.0 92.0 93.0 94.0 94.0 93.0 94.0 94.0 92.0 93.0 93.0 92.0 92.0 92.0 93.0 93.0 92.0 92.0 91.0 91.0 92.0 91.0 91.0 90.0 90.0 90.0 90.0 90.0 90.0 89.0 88.0 87.0 85.0 85.0 84.0 85.0 85.0 84.0 84.0 83.0 84.0 83.0 83.0 84.0 84.0 83.0 83.0 83.0 85.0 84.0 83.0 83.0 83.0 81.0 80.0 78.0 78.0 77.0 77.0 79.0 80.0 81.0 81.0 81.0 81.0 79.0 78.0 76.0 76.0 76.0 75.0 74.0 73.0 72.0 73.0 74.0 75.0 74.0 75.0 76.0 76.0 77.0 78.0 78.0 80.0 81.0 81.0 85.0 86.0 88.0 89.0 90.0 90.0 90.0 90.0 91.0 91.0 90.0 90.0 89.0 89.0 90.0 91.0 91.0 91.0 90.0 90.0 90.0 90.0 89.0 88.0 88.0 89.0 90.0 90.0 89.0 90.0 90.0 90.0 90.0 91.0 91.0 91.0 91.0 91.0 91.0 91.0 91.0 91.0 92.0 92.0 91.0 91.0 92.0 92.0 93.0 93.0 94.0 95.0 95.0 95.0 95.0 95.0 93.0 94.0 95.0 96.0 96.0 96.0 96.0 96.0 95.0 94.0 95.0 94.0 95.0 95.0 94.0 94.0 88.48611111111111 5.74242250123877
END
#################################################################
SECTION3 (Edges Information)
EndPoint0 EndPoint1 Weight
0 1 1.000000
1 2 1.000000
2 3 1.000000
3 4 1.000000
3 5 1.000000
4 5 1.000000
4 6 1.000000
5 6 1.000000
5 7 1.000000
6 7 1.000000
7 8 1.000000
7 9 1.000000
8 9 1.000000
0 1 1.000000
1 2 1.000000
2 3 1.000000
3 4 1.000000
3 5 1.000000
4 5 1.000000
4 6 1.000000
5 6 1.000000
5 7 1.000000
6 7 1.000000
7 8 1.000000
7 9 1.000000
8 9 1.000000
0 1 1.000000
1 2 1.000000
2 3 1.000000
3 4 1.000000
3 5 1.000000
4 5 1.000000
4 6 1.000000
5 6 1.000000
5 7 1.000000
6 7 1.000000
7 8 1.000000
7 9 1.000000
8 9 1.000000
0 1 1.000000
1 2 1.000000
2 3 1.000000
3 4 1.000000
3 5 1.000000
4 5 1.000000
4 6 1.000000
5 6 1.000000
5 7 1.000000
6 7 1.000000
7 8 1.000000
7 9 1.000000
8 9 1.000000
0 1 1.000000
1 2 1.000000
2 3 1.000000
3 4 1.000000
3 5 1.000000
4 5 1.000000
4 6 1.000000
5 6 1.000000
5 7 1.000000
6 7 1.000000
7 8 1.000000
7 9 1.000000
8 9 1.000000
0 1 1.000000
1 2 1.000000
2 3 1.000000
3 4 1.000000
3 5 1.000000
4 5 1.000000
4 6 1.000000
5 6 1.000000
5 7 1.000000
6 7 1.000000
7 8 1.000000
7 9 1.000000
8 9 1.000000
0 1 1.000000
1 2 1.000000
2 3 1.000000
3 4 1.000000
3 5 1.000000
4 5 1.000000
4 6 1.000000
5 6 1.000000
5 7 1.000000
6 7 1.000000
7 8 1.000000
7 9 1.000000
8 9 1.000000
END
#################################################################
SECTION4 (TrueSubGraph Information)
EndPoint0 EndPoint1 Weight
END
#################################################################
