#################################################################
#APDM Input Graph, this input graph includes 3 sections:
#section1 : general information
#section2 : nodes
#section3 : edges
#section4 : trueSubGraph (Optional)
#
#if nodes haven't information set weight to null
#################################################################
SECTION1 (General Information)
numNodes = 10
numEdges = 65
usedAlgorithm = NULL
dataSource = TransWeatherRealData
END
#################################################################
SECTION2 (Nodes Information)
NodeID rh  mean  std 
0 58.0 59.0 59.0 59.0 59.0 59.0 59.0 60.0 60.0 60.0 60.0 60.0 60.0 61.0 62.0 62.0 62.0 62.0 64.0 67.0 68.0 70.0 70.0 71.0 70.0 69.0 69.0 67.0 67.0 69.0 70.0 72.0 73.0 73.0 72.0 75.0 74.0 75.0 74.0 72.0 71.0 70.0 70.0 70.0 75.0 75.0 76.0 76.0 76.0 77.0 78.0 78.0 77.0 76.0 76.0 73.0 73.0 74.0 74.0 75.0 76.0 78.0 79.0 79.0 79.0 79.0 79.0 79.0 80.0 81.0 81.0 81.0 82.0 82.0 83.0 83.0 83.0 83.0 84.0 85.0 85.0 86.0 87.0 87.0 88.0 88.0 88.0 87.0 88.0 87.0 88.0 88.0 88.0 88.0 88.0 87.0 87.0 87.0 87.0 87.0 87.0 87.0 87.0 87.0 86.0 86.0 86.0 87.0 87.0 86.0 85.0 85.0 85.0 85.0 85.0 85.0 85.0 85.0 86.0 86.0 86.0 86.0 85.0 85.0 85.0 84.0 84.0 84.0 84.0 83.0 83.0 83.0 83.0 83.0 83.0 83.0 83.0 82.0 82.0 82.0 82.0 82.0 81.0 80.0 79.0 79.0 78.0 78.0 78.0 76.0 76.0 76.0 76.0 75.0 75.0 74.0 74.0 73.0 73.0 74.0 73.0 73.0 73.0 73.0 73.0 73.0 73.0 73.0 73.0 73.0 73.0 74.0 73.0 73.0 72.0 72.0 72.0 72.0 72.0 71.0 71.0 72.0 70.0 71.0 70.0 70.0 70.0 69.0 66.0 64.0 63.0 63.0 62.0 62.0 62.0 62.0 61.0 60.0 61.0 61.0 59.0 58.0 58.0 58.0 56.0 57.0 57.0 57.0 56.0 56.0 54.0 54.0 53.0 53.0 52.0 51.0 50.0 52.0 51.0 50.0 50.0 50.0 50.0 51.0 51.0 51.0 50.0 49.0 50.0 48.0 49.0 49.0 49.0 48.0 48.0 48.0 48.0 49.0 48.0 48.0 48.0 49.0 50.0 49.0 50.0 50.0 51.0 52.0 52.0 52.0 53.0 53.0 52.0 53.0 53.0 53.0 53.0 54.0 55.0 55.0 56.0 56.0 56.0 57.0 57.0 56.0 56.0 59.0 62.0 63.0 62.0 62.0 62.0 62.0 62.0 62.0 61.0 61.0 61.0 60.0 59.0 57.0 55.0 55.0 54.0 52.0 51.0 51.0 69.15972222222226 12.684410138029612
1 66.0 66.0 67.0 67.0 68.0 69.0 68.0 67.0 67.0 67.0 68.0 68.0 68.0 68.0 68.0 70.0 72.0 72.0 73.0 73.0 72.0 72.0 73.0 76.0 77.0 77.0 79.0 79.0 78.0 79.0 80.0 80.0 81.0 80.0 79.0 80.0 80.0 80.0 79.0 79.0 80.0 80.0 78.0 79.0 79.0 78.0 79.0 80.0 81.0 83.0 83.0 84.0 84.0 84.0 84.0 84.0 83.0 83.0 83.0 83.0 78.0 77.0 76.0 76.0 76.0 77.0 77.0 77.0 78.0 78.0 79.0 79.0 80.0 79.0 78.0 78.0 78.0 78.0 78.0 77.0 78.0 78.0 77.0 77.0 78.0 78.0 80.0 79.0 79.0 80.0 83.0 85.0 84.0 86.0 86.0 86.0 87.0 85.0 84.0 85.0 84.0 87.0 85.0 85.0 86.0 87.0 88.0 87.0 86.0 86.0 88.0 87.0 87.0 89.0 90.0 91.0 91.0 89.0 87.0 85.0 83.0 84.0 85.0 87.0 88.0 88.0 89.0 89.0 89.0 90.0 89.0 89.0 84.0 83.0 85.0 89.0 90.0 89.0 90.0 88.0 87.0 86.0 84.0 84.0 83.0 84.0 81.0 78.0 77.0 76.0 77.0 77.0 77.0 78.0 78.0 76.0 77.0 78.0 78.0 77.0 76.0 75.0 76.0 77.0 79.0 80.0 79.0 79.0 78.0 79.0 80.0 79.0 80.0 82.0 81.0 83.0 82.0 84.0 83.0 87.0 87.0 89.0 90.0 91.0 91.0 92.0 92.0 92.0 93.0 94.0 92.0 90.0 88.0 87.0 88.0 86.0 86.0 85.0 85.0 78.0 78.0 81.0 82.0 82.0 83.0 83.0 84.0 85.0 84.0 85.0 83.0 83.0 82.0 80.0 80.0 78.0 77.0 77.0 78.0 78.0 78.0 78.0 79.0 77.0 80.0 78.0 79.0 78.0 78.0 78.0 78.0 75.0 75.0 77.0 77.0 77.0 77.0 77.0 77.0 75.0 75.0 74.0 73.0 73.0 74.0 74.0 71.0 72.0 71.0 71.0 69.0 70.0 70.0 67.0 70.0 69.0 68.0 68.0 67.0 67.0 66.0 68.0 68.0 68.0 67.0 68.0 67.0 67.0 67.0 69.0 69.0 70.0 71.0 72.0 72.0 72.0 72.0 74.0 73.0 74.0 74.0 75.0 74.0 75.0 75.0 75.0 76.0 76.0 79.13888888888889 6.6017747704700955
2 50.0 51.0 51.0 52.0 53.0 54.0 54.0 55.0 56.0 58.0 59.0 62.0 65.0 67.0 68.0 69.0 71.0 71.0 70.0 70.0 72.0 74.0 76.0 77.0 77.0 78.0 79.0 80.0 80.0 80.0 81.0 81.0 81.0 80.0 80.0 81.0 81.0 82.0 83.0 85.0 86.0 87.0 88.0 87.0 87.0 88.0 86.0 86.0 86.0 85.0 85.0 86.0 87.0 88.0 88.0 88.0 89.0 90.0 91.0 91.0 90.0 90.0 89.0 88.0 87.0 87.0 86.0 84.0 82.0 82.0 82.0 82.0 83.0 83.0 84.0 85.0 85.0 86.0 86.0 87.0 88.0 90.0 89.0 87.0 86.0 86.0 86.0 85.0 85.0 85.0 85.0 87.0 89.0 91.0 90.0 90.0 90.0 90.0 90.0 90.0 91.0 91.0 91.0 90.0 91.0 91.0 91.0 90.0 90.0 90.0 91.0 90.0 91.0 89.0 89.0 89.0 89.0 90.0 91.0 90.0 88.0 87.0 87.0 86.0 86.0 87.0 86.0 87.0 90.0 90.0 91.0 90.0 89.0 88.0 86.0 85.0 85.0 85.0 84.0 84.0 82.0 82.0 81.0 82.0 82.0 81.0 81.0 81.0 80.0 80.0 80.0 80.0 80.0 79.0 78.0 79.0 78.0 78.0 76.0 76.0 75.0 74.0 73.0 72.0 71.0 72.0 71.0 70.0 70.0 69.0 69.0 69.0 69.0 70.0 70.0 70.0 70.0 70.0 70.0 69.0 69.0 70.0 70.0 70.0 70.0 69.0 70.0 71.0 71.0 73.0 75.0 72.0 74.0 75.0 75.0 75.0 76.0 79.0 78.0 77.0 78.0 78.0 77.0 76.0 77.0 75.0 76.0 75.0 72.0 73.0 73.0 73.0 73.0 73.0 73.0 73.0 73.0 71.0 70.0 70.0 70.0 69.0 69.0 68.0 67.0 67.0 67.0 67.0 68.0 68.0 68.0 67.0 67.0 67.0 67.0 67.0 66.0 65.0 64.0 64.0 65.0 63.0 62.0 63.0 63.0 63.0 64.0 63.0 60.0 60.0 60.0 59.0 58.0 58.0 58.0 61.0 62.0 62.0 62.0 64.0 65.0 65.0 66.0 67.0 68.0 70.0 69.0 68.0 69.0 68.0 68.0 69.0 69.0 69.0 70.0 70.0 71.0 71.0 71.0 71.0 72.0 72.0 72.0 72.0 73.0 73.0 74.0 74.0 76.49652777777776 10.093982843448122
3 52.0 54.0 55.0 56.0 57.0 59.0 62.0 65.0 67.0 68.0 68.0 69.0 70.0 72.0 73.0 74.0 75.0 76.0 77.0 77.0 79.0 79.0 80.0 80.0 81.0 83.0 83.0 83.0 84.0 84.0 85.0 86.0 86.0 87.0 87.0 88.0 89.0 89.0 90.0 90.0 90.0 90.0 91.0 92.0 92.0 92.0 92.0 92.0 93.0 92.0 93.0 94.0 94.0 94.0 93.0 94.0 95.0 95.0 95.0 95.0 95.0 95.0 95.0 95.0 95.0 95.0 96.0 95.0 95.0 95.0 95.0 95.0 96.0 96.0 96.0 96.0 96.0 96.0 96.0 96.0 96.0 96.0 96.0 96.0 96.0 96.0 96.0 97.0 97.0 97.0 97.0 97.0 96.0 95.0 95.0 95.0 95.0 95.0 95.0 95.0 95.0 95.0 95.0 95.0 95.0 95.0 95.0 95.0 96.0 96.0 96.0 96.0 96.0 95.0 95.0 96.0 96.0 96.0 96.0 96.0 96.0 96.0 96.0 96.0 96.0 96.0 96.0 96.0 95.0 95.0 94.0 93.0 92.0 92.0 91.0 90.0 90.0 90.0 89.0 90.0 90.0 89.0 89.0 89.0 87.0 87.0 86.0 85.0 85.0 85.0 86.0 85.0 84.0 84.0 83.0 83.0 82.0 81.0 81.0 80.0 80.0 79.0 79.0 77.0 75.0 73.0 72.0 72.0 71.0 69.0 67.0 67.0 66.0 65.0 63.0 63.0 63.0 63.0 62.0 62.0 61.0 61.0 60.0 60.0 60.0 59.0 60.0 58.0 59.0 60.0 59.0 58.0 57.0 56.0 55.0 56.0 54.0 55.0 55.0 57.0 56.0 55.0 55.0 55.0 56.0 59.0 59.0 59.0 60.0 60.0 61.0 61.0 61.0 62.0 63.0 63.0 63.0 62.0 63.0 63.0 61.0 60.0 60.0 61.0 60.0 60.0 59.0 58.0 58.0 57.0 57.0 57.0 56.0 57.0 56.0 56.0 56.0 56.0 56.0 56.0 57.0 55.0 54.0 54.0 53.0 53.0 54.0 53.0 51.0 51.0 53.0 54.0 54.0 55.0 54.0 54.0 53.0 53.0 53.0 52.0 52.0 52.0 52.0 52.0 51.0 52.0 52.0 52.0 53.0 53.0 54.0 55.0 55.0 55.0 56.0 56.0 57.0 57.0 58.0 58.0 58.0 58.0 58.0 59.0 60.0 61.0 62.0 63.0 75.40277777777774 17.101590057680834
4 58.0 59.0 59.0 60.0 61.0 62.0 63.0 65.0 66.0 68.0 69.0 71.0 72.0 72.0 73.0 77.0 78.0 79.0 80.0 81.0 81.0 83.0 83.0 85.0 85.0 85.0 86.0 86.0 86.0 86.0 86.0 87.0 89.0 91.0 90.0 88.0 86.0 81.0 83.0 84.0 84.0 82.0 83.0 87.0 89.0 89.0 89.0 90.0 90.0 90.0 89.0 91.0 92.0 91.0 90.0 90.0 90.0 91.0 92.0 95.0 96.0 95.0 96.0 96.0 96.0 95.0 95.0 94.0 91.0 90.0 92.0 91.0 93.0 95.0 95.0 94.0 95.0 95.0 94.0 96.0 95.0 95.0 95.0 95.0 95.0 95.0 95.0 96.0 96.0 96.0 97.0 96.0 96.0 97.0 97.0 96.0 96.0 96.0 96.0 97.0 96.0 95.0 94.0 95.0 95.0 93.0 94.0 96.0 96.0 96.0 96.0 97.0 96.0 96.0 97.0 97.0 97.0 98.0 98.0 96.0 96.0 97.0 97.0 97.0 97.0 96.0 96.0 96.0 94.0 94.0 95.0 95.0 96.0 95.0 96.0 96.0 95.0 93.0 92.0 90.0 89.0 89.0 87.0 86.0 86.0 86.0 87.0 86.0 85.0 85.0 84.0 84.0 83.0 83.0 82.0 81.0 81.0 81.0 81.0 78.0 77.0 77.0 75.0 73.0 71.0 72.0 73.0 70.0 71.0 71.0 70.0 70.0 69.0 70.0 69.0 69.0 69.0 69.0 69.0 68.0 68.0 68.0 67.0 68.0 68.0 66.0 65.0 67.0 62.0 63.0 63.0 60.0 59.0 57.0 56.0 51.0 55.0 49.0 49.0 49.0 50.0 48.0 50.0 50.0 57.0 59.0 55.0 56.0 56.0 56.0 56.0 56.0 57.0 57.0 58.0 58.0 60.0 59.0 57.0 57.0 57.0 57.0 55.0 57.0 55.0 58.0 59.0 58.0 57.0 58.0 59.0 55.0 56.0 56.0 56.0 59.0 58.0 61.0 61.0 59.0 60.0 61.0 59.0 59.0 62.0 64.0 66.0 67.0 63.0 66.0 65.0 63.0 63.0 63.0 64.0 64.0 64.0 65.0 68.0 66.0 67.0 68.0 67.0 69.0 67.0 67.0 65.0 67.0 67.0 67.0 68.0 67.0 65.0 65.0 65.0 64.0 66.0 68.0 68.0 68.0 67.0 70.0 69.0 69.0 68.0 67.0 69.0 67.0 77.15972222222226 15.172257460188657
5 -1.0 -1.0 -1.0 -1.0 -1.0 -1.0 -1.0 -1.0 -1.0 -1.0 -1.0 -1.0 -1.0 -1.0 -1.0 -1.0 -1.0 -1.0 -1.0 -1.0 -1.0 -1.0 -1.0 -1.0 -1.0 -1.0 -1.0 -1.0 -1.0 -1.0 -1.0 -1.0 -1.0 -1.0 -1.0 -1.0 -1.0 -1.0 -1.0 -1.0 -1.0 -1.0 -1.0 -1.0 -1.0 -1.0 -1.0 -1.0 -1.0 -1.0 -1.0 -1.0 -1.0 -1.0 -1.0 -1.0 -1.0 -1.0 -1.0 -1.0 -1.0 -1.0 -1.0 -1.0 -1.0 -1.0 -1.0 -1.0 -1.0 -1.0 -1.0 -1.0 -1.0 -1.0 -1.0 -1.0 -1.0 -1.0 -1.0 -1.0 -1.0 -1.0 -1.0 -1.0 -1.0 -1.0 -1.0 -1.0 -1.0 -1.0 -1.0 -1.0 -1.0 -1.0 -1.0 -1.0 -1.0 -1.0 -1.0 -1.0 -1.0 -1.0 -1.0 -1.0 -1.0 -1.0 -1.0 -1.0 -1.0 -1.0 -1.0 -1.0 -1.0 -1.0 -1.0 -1.0 -1.0 -1.0 -1.0 -1.0 -1.0 -1.0 -1.0 -1.0 -1.0 -1.0 -1.0 -1.0 -1.0 -1.0 -1.0 -1.0 -1.0 -1.0 -1.0 -1.0 -1.0 -1.0 -1.0 -1.0 -1.0 -1.0 -1.0 -1.0 -1.0 -1.0 -1.0 -1.0 -1.0 -1.0 -1.0 -1.0 -1.0 -1.0 -1.0 -1.0 -1.0 -1.0 -1.0 -1.0 -1.0 -1.0 -1.0 -1.0 -1.0 -1.0 -1.0 -1.0 -1.0 -1.0 -1.0 -1.0 -1.0 -1.0 -1.0 -1.0 -1.0 -1.0 -1.0 -1.0 -1.0 -1.0 -1.0 -1.0 -1.0 -1.0 -1.0 -1.0 -1.0 -1.0 -1.0 -1.0 -1.0 -1.0 -1.0 -1.0 -1.0 -1.0 -1.0 -1.0 -1.0 -1.0 -1.0 -1.0 -1.0 -1.0 -1.0 -1.0 -1.0 -1.0 -1.0 -1.0 -1.0 -1.0 -1.0 -1.0 -1.0 -1.0 -1.0 -1.0 -1.0 -1.0 -1.0 -1.0 -1.0 -1.0 -1.0 -1.0 -1.0 -1.0 -1.0 -1.0 -1.0 -1.0 -1.0 -1.0 -1.0 -1.0 -1.0 -1.0 -1.0 -1.0 -1.0 -1.0 -1.0 -1.0 -1.0 -1.0 -1.0 -1.0 -1.0 -1.0 -1.0 -1.0 -1.0 -1.0 -1.0 -1.0 -1.0 -1.0 -1.0 -1.0 -1.0 -1.0 -1.0 -1.0 -1.0 -1.0 -1.0 -1.0 -1.0 -1.0 -1.0 -1.0 -1.0 -1.0 -1.0 -1.0 -1.0 -1.0 -1.0 -1.0 -1.0 -1.0 -1.0 -1.0 -1.0 -1.0 -1.0 0.0
6 54.0 56.0 57.0 58.0 59.0 60.0 61.0 62.0 62.0 63.0 64.0 65.0 66.0 67.0 67.0 68.0 69.0 69.0 70.0 72.0 73.0 73.0 73.0 75.0 76.0 76.0 76.0 77.0 77.0 78.0 79.0 78.0 77.0 79.0 80.0 81.0 81.0 79.0 78.0 78.0 78.0 78.0 78.0 79.0 80.0 81.0 83.0 81.0 80.0 81.0 83.0 83.0 84.0 83.0 85.0 87.0 85.0 84.0 85.0 86.0 88.0 86.0 90.0 92.0 92.0 92.0 92.0 94.0 95.0 92.0 95.0 96.0 96.0 96.0 94.0 94.0 94.0 93.0 92.0 93.0 94.0 95.0 94.0 93.0 94.0 95.0 96.0 96.0 96.0 97.0 96.0 96.0 96.0 96.0 97.0 97.0 93.0 96.0 98.0 98.0 99.0 98.0 98.0 98.0 97.0 96.0 98.0 99.0 99.0 99.0 99.0 98.0 99.0 99.0 99.0 99.0 99.0 99.0 98.0 98.0 99.0 98.0 99.0 98.0 98.0 98.0 98.0 98.0 98.0 98.0 98.0 98.0 97.0 97.0 97.0 97.0 96.0 96.0 95.0 95.0 94.0 94.0 94.0 94.0 94.0 93.0 92.0 91.0 91.0 91.0 90.0 89.0 89.0 88.0 88.0 88.0 86.0 85.0 84.0 83.0 83.0 83.0 83.0 83.0 82.0 82.0 81.0 80.0 80.0 79.0 79.0 78.0 78.0 76.0 77.0 76.0 74.0 69.0 69.0 64.0 64.0 61.0 58.0 57.0 58.0 57.0 58.0 55.0 55.0 57.0 58.0 57.0 55.0 57.0 58.0 62.0 62.0 62.0 61.0 62.0 61.0 62.0 63.0 61.0 63.0 63.0 64.0 66.0 67.0 68.0 68.0 71.0 70.0 70.0 70.0 68.0 70.0 68.0 69.0 68.0 68.0 68.0 66.0 65.0 68.0 70.0 71.0 71.0 71.0 72.0 71.0 69.0 69.0 70.0 70.0 70.0 71.0 72.0 73.0 73.0 74.0 73.0 75.0 75.0 75.0 76.0 75.0 74.0 73.0 74.0 75.0 74.0 72.0 71.0 72.0 73.0 74.0 74.0 73.0 74.0 73.0 74.0 75.0 75.0 76.0 77.0 76.0 75.0 75.0 75.0 76.0 76.0 77.0 77.0 77.0 77.0 78.0 77.0 77.0 78.0 79.0 78.0 78.0 78.0 79.0 79.0 79.0 78.0 79.94097222222224 12.77955637228446
7 49.0 53.0 57.0 61.0 65.0 59.0 62.0 68.0 72.0 75.0 78.0 77.0 74.0 70.0 67.0 64.0 65.0 62.0 65.0 66.0 70.0 73.0 70.0 76.0 80.0 82.0 84.0 84.0 84.0 84.0 82.0 82.0 79.0 81.0 84.0 86.0 86.0 85.0 84.0 85.0 86.0 86.0 87.0 87.0 86.0 85.0 86.0 82.0 85.0 87.0 86.0 86.0 87.0 88.0 90.0 91.0 90.0 91.0 91.0 92.0 92.0 92.0 91.0 92.0 93.0 93.0 92.0 92.0 93.0 93.0 94.0 93.0 93.0 93.0 94.0 93.0 93.0 93.0 93.0 94.0 93.0 94.0 94.0 95.0 96.0 95.0 95.0 95.0 94.0 95.0 95.0 96.0 97.0 96.0 96.0 96.0 96.0 96.0 97.0 96.0 96.0 97.0 96.0 97.0 96.0 97.0 97.0 97.0 97.0 97.0 97.0 97.0 97.0 97.0 97.0 97.0 97.0 97.0 97.0 97.0 97.0 97.0 97.0 97.0 97.0 97.0 97.0 97.0 97.0 96.0 96.0 96.0 96.0 96.0 96.0 96.0 96.0 95.0 93.0 92.0 91.0 88.0 88.0 87.0 85.0 85.0 84.0 84.0 83.0 83.0 84.0 80.0 81.0 81.0 82.0 81.0 81.0 82.0 82.0 82.0 80.0 80.0 80.0 80.0 80.0 80.0 78.0 76.0 74.0 73.0 73.0 74.0 73.0 74.0 74.0 74.0 74.0 73.0 73.0 72.0 72.0 73.0 73.0 75.0 75.0 75.0 75.0 74.0 74.0 73.0 72.0 72.0 70.0 70.0 71.0 70.0 70.0 69.0 69.0 69.0 68.0 68.0 69.0 70.0 70.0 69.0 71.0 71.0 69.0 69.0 69.0 69.0 70.0 69.0 68.0 66.0 66.0 66.0 67.0 66.0 67.0 68.0 66.0 67.0 67.0 68.0 69.0 70.0 68.0 67.0 65.0 65.0 64.0 65.0 64.0 63.0 62.0 62.0 62.0 62.0 61.0 61.0 62.0 61.0 63.0 62.0 62.0 59.0 64.0 64.0 65.0 63.0 63.0 62.0 60.0 62.0 62.0 64.0 64.0 64.0 65.0 66.0 68.0 70.0 71.0 71.0 71.0 73.0 74.0 76.0 76.0 75.0 75.0 74.0 75.0 74.0 74.0 76.0 76.0 75.0 76.0 79.0 80.0 80.0 80.0 81.0 82.0 82.0 79.70138888888887 12.211880809583441
8 65.0 61.0 60.0 59.0 57.0 56.0 54.0 53.0 54.0 56.0 57.0 57.0 63.0 64.0 63.0 65.0 73.0 73.0 71.0 70.0 72.0 79.0 78.0 77.0 76.0 73.0 73.0 74.0 73.0 74.0 75.0 75.0 78.0 78.0 79.0 81.0 81.0 79.0 80.0 80.0 80.0 84.0 83.0 85.0 84.0 85.0 86.0 87.0 88.0 88.0 88.0 88.0 89.0 89.0 89.0 90.0 90.0 90.0 89.0 91.0 90.0 90.0 89.0 89.0 89.0 88.0 88.0 88.0 90.0 91.0 89.0 88.0 89.0 91.0 93.0 94.0 94.0 94.0 94.0 94.0 93.0 94.0 94.0 95.0 92.0 91.0 93.0 93.0 93.0 94.0 95.0 95.0 95.0 96.0 95.0 93.0 92.0 93.0 94.0 95.0 95.0 95.0 96.0 96.0 96.0 96.0 96.0 96.0 97.0 97.0 97.0 97.0 97.0 97.0 97.0 97.0 97.0 96.0 97.0 97.0 97.0 97.0 97.0 97.0 97.0 96.0 96.0 96.0 95.0 96.0 96.0 96.0 94.0 93.0 93.0 92.0 93.0 93.0 91.0 90.0 91.0 89.0 88.0 87.0 87.0 87.0 87.0 87.0 85.0 83.0 83.0 82.0 81.0 81.0 82.0 82.0 82.0 80.0 80.0 80.0 79.0 78.0 78.0 77.0 77.0 76.0 76.0 76.0 76.0 74.0 73.0 74.0 74.0 73.0 73.0 72.0 72.0 71.0 72.0 71.0 71.0 71.0 70.0 70.0 69.0 69.0 70.0 70.0 69.0 70.0 69.0 69.0 69.0 70.0 67.0 67.0 65.0 65.0 66.0 66.0 67.0 67.0 65.0 66.0 65.0 66.0 66.0 66.0 65.0 66.0 66.0 65.0 66.0 64.0 64.0 62.0 60.0 56.0 59.0 56.0 55.0 56.0 55.0 54.0 57.0 59.0 61.0 62.0 63.0 64.0 65.0 67.0 67.0 67.0 67.0 67.0 66.0 68.0 67.0 68.0 68.0 67.0 68.0 65.0 65.0 64.0 65.0 66.0 66.0 68.0 65.0 64.0 64.0 65.0 65.0 64.0 65.0 64.0 63.0 64.0 65.0 65.0 65.0 64.0 64.0 65.0 66.0 67.0 67.0 70.0 65.0 64.0 66.0 68.0 68.0 70.0 72.0 74.0 70.0 73.0 74.0 75.0 76.0 76.0 78.0 77.0 78.0 80.0 77.66319444444446 12.832386328695412
9 77.0 77.0 78.0 84.0 86.0 89.0 90.0 89.0 91.0 91.0 91.0 90.0 90.0 92.0 94.0 94.0 93.0 94.0 94.0 95.0 95.0 95.0 95.0 95.0 95.0 95.0 95.0 96.0 96.0 96.0 96.0 96.0 96.0 96.0 97.0 96.0 96.0 94.0 95.0 95.0 95.0 95.0 94.0 94.0 94.0 95.0 95.0 94.0 94.0 94.0 94.0 94.0 94.0 95.0 95.0 95.0 96.0 96.0 97.0 97.0 97.0 97.0 97.0 96.0 93.0 93.0 94.0 95.0 96.0 97.0 97.0 98.0 97.0 98.0 98.0 98.0 98.0 98.0 98.0 98.0 98.0 98.0 98.0 98.0 98.0 98.0 98.0 98.0 98.0 98.0 98.0 99.0 98.0 98.0 98.0 98.0 98.0 98.0 98.0 99.0 99.0 98.0 98.0 99.0 99.0 99.0 98.0 98.0 98.0 98.0 98.0 98.0 99.0 99.0 98.0 98.0 98.0 98.0 98.0 98.0 98.0 98.0 98.0 98.0 98.0 98.0 98.0 97.0 97.0 97.0 96.0 95.0 93.0 92.0 93.0 91.0 90.0 88.0 88.0 89.0 88.0 88.0 86.0 86.0 84.0 84.0 81.0 79.0 81.0 81.0 81.0 78.0 78.0 78.0 78.0 77.0 77.0 76.0 77.0 77.0 75.0 72.0 72.0 70.0 69.0 68.0 67.0 66.0 66.0 64.0 64.0 62.0 64.0 64.0 59.0 57.0 57.0 57.0 56.0 57.0 56.0 56.0 54.0 54.0 54.0 52.0 51.0 49.0 52.0 51.0 53.0 52.0 53.0 49.0 51.0 52.0 53.0 51.0 54.0 51.0 53.0 60.0 55.0 59.0 50.0 49.0 49.0 48.0 48.0 49.0 49.0 51.0 51.0 51.0 50.0 46.0 46.0 45.0 48.0 46.0 46.0 46.0 49.0 49.0 49.0 50.0 52.0 52.0 52.0 51.0 51.0 52.0 54.0 53.0 53.0 54.0 54.0 55.0 56.0 56.0 57.0 56.0 58.0 56.0 56.0 55.0 54.0 53.0 54.0 56.0 54.0 55.0 59.0 59.0 55.0 56.0 59.0 60.0 63.0 63.0 64.0 66.0 68.0 69.0 74.0 75.0 77.0 79.0 80.0 80.0 81.0 81.0 82.0 83.0 84.0 84.0 85.0 85.0 86.0 88.0 88.0 89.0 89.0 89.0 90.0 90.0 89.0 89.0 78.98263888888891 18.898307834434092
END
#################################################################
SECTION3 (Edges Information)
EndPoint0 EndPoint1 Weight
0 1 1.000000
1 2 1.000000
2 3 1.000000
3 4 1.000000
3 5 1.000000
4 5 1.000000
4 6 1.000000
5 6 1.000000
5 7 1.000000
6 7 1.000000
7 8 1.000000
7 9 1.000000
8 9 1.000000
0 1 1.000000
1 2 1.000000
2 3 1.000000
3 4 1.000000
3 5 1.000000
4 5 1.000000
4 6 1.000000
5 6 1.000000
5 7 1.000000
6 7 1.000000
7 8 1.000000
7 9 1.000000
8 9 1.000000
0 1 1.000000
1 2 1.000000
2 3 1.000000
3 4 1.000000
3 5 1.000000
4 5 1.000000
4 6 1.000000
5 6 1.000000
5 7 1.000000
6 7 1.000000
7 8 1.000000
7 9 1.000000
8 9 1.000000
0 1 1.000000
1 2 1.000000
2 3 1.000000
3 4 1.000000
3 5 1.000000
4 5 1.000000
4 6 1.000000
5 6 1.000000
5 7 1.000000
6 7 1.000000
7 8 1.000000
7 9 1.000000
8 9 1.000000
0 1 1.000000
1 2 1.000000
2 3 1.000000
3 4 1.000000
3 5 1.000000
4 5 1.000000
4 6 1.000000
5 6 1.000000
5 7 1.000000
6 7 1.000000
7 8 1.000000
7 9 1.000000
8 9 1.000000
END
#################################################################
SECTION4 (TrueSubGraph Information)
EndPoint0 EndPoint1 Weight
END
#################################################################
