#################################################################
#APDM Input Graph, this input graph includes 3 sections:
#section1 : general information
#section2 : nodes
#section3 : edges
#section4 : trueSubGraph (Optional)
#
#if nodes haven't information set weight to null
#################################################################
SECTION1 (General Information)
numNodes = 10
numEdges = 91
usedAlgorithm = NULL
dataSource = TransWeatherRealData
END
#################################################################
SECTION2 (Nodes Information)
NodeID rh  mean  std 
0 74.3 74.5 75.1 76.2 77.1 75.9 74.0 74.8 75.5 76.4 76.4 75.2 75.4 75.5 73.1 72.5 73.8 75.0 75.8 75.6 75.9 76.8 76.8 75.7 74.6 76.0 75.6 74.1 74.2 73.6 73.4 73.5 74.2 74.6 75.3 76.3 77.5 78.6 79.6 80.6 81.0 81.8 83.0 83.9 83.6 84.3 85.7 86.3 86.1 86.7 85.8 84.8 84.8 85.0 85.5 86.1 86.7 87.4 88.0 88.5 88.8 89.7 89.4 89.3 88.4 88.4 88.1 88.7 89.0 89.2 89.2 89.2 89.0 89.2 89.6 89.4 89.4 89.6 90.1 90.7 91.2 91.1 91.5 92.0 92.3 92.2 92.2 92.2 91.8 91.7 91.7 91.4 91.4 91.2 90.7 90.5 90.4 90.3 90.0 88.9 87.6 86.7 86.9 87.8 87.9 85.0 82.6 81.3 80.7 79.6 77.3 78.3 75.7 74.7 75.6 75.0 74.1 75.2 75.5 74.6 73.6 73.3 75.2 73.5 72.4 71.1 70.3 69.2 67.6 66.4 64.9 64.8 63.3 64.1 63.6 62.2 61.2 62.6 62.4 61.6 60.9 60.2 60.6 59.4 60.7 60.1 59.8 58.9 58.1 58.6 58.4 58.4 58.6 58.6 59.1 58.4 57.6 57.8 56.8 55.8 56.0 55.9 56.7 55.2 54.3 54.4 53.9 52.6 53.2 54.6 55.0 54.3 54.5 55.0 54.3 54.1 54.0 54.7 55.0 53.2 53.9 54.2 53.9 52.9 52.6 53.0 54.1 54.8 55.9 55.9 54.7 54.2 54.6 53.6 53.0 53.1 52.9 52.9 52.6 52.0 52.5 53.2 52.7 52.5 52.5 52.5 52.8 53.5 52.6 52.6 53.5 52.6 52.7 53.6 52.4 52.8 53.3 53.3 53.8 53.8 54.0 54.9 54.5 55.3 55.5 55.9 55.8 56.9 58.0 58.8 59.1 60.1 60.2 61.1 61.2 61.2 61.4 61.7 60.8 60.5 60.7 59.6 59.4 67.9 70.6 70.6 72.4 73.6 76.6 82.2 87.6 91.2 91.7 91.5 90.7 90.9 90.2 90.9 93.2 94.5 94.9 95.1 94.9 93.0 92.1 92.4 92.3 92.6 92.8 92.9 93.1 92.8 92.7 93.1 93.6 93.2 93.4 93.1 92.7 93.1 93.5 92.1 90.9 89.5 88.6 89.8 90.5 91.4 73.06666666666666 14.874197193807769
1 84.6 84.6 86.2 86.3 86.0 86.2 86.7 86.3 86.8 86.3 86.1 85.9 85.8 87.0 88.8 89.5 89.5 87.7 87.0 83.7 84.0 88.8 89.3 88.6 89.2 89.9 90.9 91.6 91.9 92.6 92.0 90.8 89.6 90.9 91.4 91.5 91.6 91.1 91.3 91.4 91.6 91.3 91.0 89.9 89.6 91.7 93.1 93.4 92.5 91.9 92.7 94.6 95.7 95.5 95.5 96.1 96.2 95.5 95.3 95.5 95.6 95.8 95.9 95.0 95.2 95.1 95.2 95.8 95.8 96.0 96.1 96.4 96.7 96.8 96.7 96.5 96.2 96.1 96.3 96.4 96.1 95.6 95.8 96.4 96.5 96.6 96.5 95.9 95.6 95.6 95.7 95.6 95.2 94.7 94.3 93.8 90.7 90.0 88.3 86.2 85.9 85.4 84.0 84.8 84.5 84.7 85.5 86.7 85.7 85.1 86.1 83.9 81.4 80.3 79.6 78.6 77.7 76.6 76.1 75.9 75.6 75.3 73.6 73.5 73.4 72.6 73.1 72.6 72.6 72.1 71.3 71.8 71.0 70.3 66.1 64.3 64.3 64.9 63.8 62.5 63.4 60.3 61.1 61.1 59.0 57.9 59.4 59.4 58.9 59.5 59.5 60.1 58.6 60.3 58.9 59.7 59.9 59.8 59.6 60.1 59.8 59.2 59.2 58.3 57.5 58.0 57.3 57.8 57.1 57.4 57.5 58.6 59.2 58.9 58.8 59.9 58.7 58.2 58.5 58.2 58.2 58.1 58.6 58.3 57.1 57.7 56.1 55.0 54.3 54.1 53.7 53.4 53.3 52.6 52.8 52.9 53.3 53.9 53.4 53.3 52.3 52.8 51.8 51.9 51.5 51.8 51.6 51.3 50.9 51.4 51.6 52.3 52.3 53.1 52.9 52.1 52.8 52.9 52.6 52.2 52.2 52.1 52.3 52.8 52.9 52.8 53.8 54.1 54.3 54.7 54.3 53.8 53.9 53.8 54.0 54.2 54.3 54.3 54.7 55.1 55.0 55.1 54.9 54.3 53.7 53.7 53.2 53.4 52.8 53.0 53.2 53.3 53.5 53.6 53.7 53.6 53.7 54.1 53.9 53.6 53.6 54.1 54.3 54.6 54.9 55.3 54.9 55.2 55.3 55.6 56.4 57.4 58.3 60.3 61.3 62.1 60.8 61.7 61.7 61.9 63.0 65.0 66.1 66.1 66.3 67.0 66.9 66.4 71.52395833333334 17.03880840735374
2 95.4 95.1 94.9 95.9 95.4 94.9 95.4 96.0 96.2 96.2 96.3 96.3 96.3 96.3 96.5 96.5 96.4 96.6 96.8 97.1 97.1 96.9 96.8 96.6 96.6 96.6 96.7 96.7 96.8 96.6 96.6 96.7 96.8 96.8 96.9 97.3 97.0 97.1 97.3 97.3 97.3 97.2 97.2 97.1 97.1 97.2 97.2 97.1 97.1 97.2 97.2 97.3 97.4 97.4 97.5 97.4 97.4 97.6 97.6 97.6 97.8 97.7 97.6 97.5 97.5 97.4 97.4 97.5 97.6 97.6 97.5 97.1 96.7 96.4 96.0 95.4 94.9 94.9 94.9 94.4 94.3 94.1 93.5 92.8 92.9 93.0 93.0 93.1 92.7 92.4 92.1 92.0 91.7 91.7 92.1 92.1 91.9 91.9 91.9 92.2 91.8 91.8 90.7 90.8 90.8 90.5 90.5 90.4 90.2 89.7 89.6 88.6 87.3 86.4 84.4 83.3 82.4 81.4 80.1 79.8 79.1 79.7 80.2 79.6 78.3 77.8 76.8 76.2 76.7 76.0 76.2 76.3 75.7 74.8 74.9 73.2 72.8 71.6 70.5 70.7 69.6 71.4 71.5 72.4 72.4 67.0 65.2 64.9 63.9 63.7 63.2 63.2 62.3 62.3 61.4 61.9 61.0 61.0 61.0 59.7 59.7 59.7 59.2 58.8 58.2 57.9 57.8 58.3 56.9 57.4 56.9 56.4 58.1 58.6 57.9 57.1 56.6 56.6 55.7 55.1 53.5 52.8 52.8 52.6 52.8 51.0 51.4 51.1 51.2 52.2 52.2 52.9 52.4 50.5 49.6 49.1 49.6 49.8 49.7 50.4 50.9 50.6 51.3 51.0 50.9 50.1 50.4 50.5 51.3 53.0 51.6 52.5 51.8 51.7 52.6 52.4 52.4 51.7 52.0 53.0 52.7 53.8 53.9 54.1 54.4 54.7 55.6 56.1 56.7 57.4 58.3 57.8 57.6 57.6 57.3 56.1 56.6 56.3 56.5 57.4 56.7 57.1 56.9 56.5 56.4 57.0 58.2 61.2 63.6 65.6 67.4 68.2 68.5 69.3 69.6 69.7 70.5 70.5 70.6 70.8 70.6 70.8 71.7 72.7 72.9 72.8 72.8 70.2 66.3 64.2 63.2 64.1 64.4 65.7 66.2 66.4 65.9 66.7 66.0 67.0 66.0 61.7 62.3 63.3 62.5 60.5 64.6 68.1 75.14791666666667 17.776386752042377
3 94.7 95.4 95.5 95.4 96.2 96.2 96.7 96.7 97.0 96.7 96.4 96.1 96.3 96.6 96.6 96.2 96.3 96.3 95.7 94.9 95.2 95.2 95.7 96.0 96.0 96.1 95.8 95.6 95.8 95.9 96.3 96.3 96.2 96.3 96.7 96.8 96.5 96.2 96.3 96.3 96.7 96.7 96.9 97.0 96.8 97.0 97.1 96.9 96.6 96.9 97.2 97.4 97.1 96.8 97.4 97.4 97.5 97.6 97.5 97.5 97.4 97.4 97.6 97.7 97.7 97.3 96.7 96.3 96.1 95.6 95.1 95.0 95.3 95.1 95.0 94.9 94.9 94.7 94.3 93.8 93.1 92.6 92.3 92.7 92.9 92.9 92.2 92.1 93.1 93.6 94.1 93.8 93.2 92.8 92.5 92.4 91.6 91.4 91.0 90.9 90.5 90.0 88.8 89.1 89.9 89.1 88.9 88.5 88.4 87.6 87.6 87.2 86.5 86.0 84.9 83.8 82.4 80.8 80.3 79.0 78.6 77.8 78.1 77.1 75.5 73.2 73.9 75.0 76.2 75.6 73.7 71.9 72.0 72.1 72.5 71.2 71.6 71.2 71.4 69.7 70.4 69.1 69.3 67.9 67.9 66.9 67.5 66.9 66.7 66.0 64.9 65.4 63.6 63.5 62.5 62.4 63.5 61.2 60.7 59.7 59.5 59.2 59.0 57.9 57.6 57.5 58.7 58.4 58.4 57.7 57.4 56.9 57.1 56.3 55.2 55.3 55.6 54.1 53.1 53.0 52.8 51.8 52.2 53.2 52.6 52.8 51.8 50.4 52.3 51.5 51.3 52.6 53.5 53.8 53.2 52.8 51.7 52.1 52.0 52.3 52.8 54.1 55.2 55.8 55.3 56.1 55.7 56.3 56.9 57.0 56.8 56.0 56.1 56.2 56.1 56.6 56.9 57.1 57.3 58.0 58.3 58.9 59.4 59.5 59.9 59.9 59.8 59.8 59.7 59.7 60.2 60.6 61.3 61.8 62.1 62.3 62.4 62.6 62.6 62.4 62.2 61.9 61.9 62.0 62.2 62.1 62.1 62.2 62.2 62.3 62.4 62.3 62.4 62.4 62.1 62.0 61.9 61.7 61.6 61.8 61.9 62.1 61.8 61.6 61.4 61.2 61.5 61.7 61.9 62.1 62.1 62.0 61.7 61.8 61.4 61.2 61.0 60.9 60.9 61.2 61.0 61.0 61.1 61.5 62.6 63.2 63.8 64.7 74.8607638888889 17.11059808019074
4 97.5 97.7 97.6 97.4 96.5 96.4 98.0 98.2 98.0 97.9 97.2 97.5 97.8 97.2 97.8 98.4 98.2 97.8 98.6 98.5 98.5 98.0 97.5 97.8 97.8 97.9 97.7 97.4 97.9 97.9 97.6 97.3 96.7 96.4 95.6 95.7 97.1 97.3 97.4 97.3 97.3 97.2 97.0 96.8 96.5 96.6 96.8 97.5 98.0 97.9 96.0 96.9 97.6 97.9 97.9 98.0 97.8 97.7 97.3 96.3 96.9 97.3 97.8 98.0 98.0 97.7 97.3 96.2 95.5 95.4 95.5 95.8 95.7 95.8 95.8 95.9 95.8 95.6 95.1 94.6 94.5 94.3 94.0 93.9 93.7 93.7 93.5 93.5 93.8 94.2 94.0 92.9 92.2 92.6 92.5 92.0 91.8 91.0 90.5 90.7 90.0 89.5 89.2 88.9 88.6 88.1 87.9 87.8 87.6 86.8 87.2 87.1 86.3 86.0 85.3 84.9 85.6 84.3 84.3 84.5 84.7 83.6 83.2 82.8 82.5 82.2 81.7 81.7 81.7 80.8 80.0 79.2 79.0 79.4 78.1 77.1 76.3 75.3 75.2 76.3 76.8 76.1 75.9 75.7 74.6 75.4 76.6 75.9 76.0 78.0 78.0 77.0 76.3 78.0 77.8 78.4 76.5 76.2 76.8 74.4 74.1 73.6 72.9 71.6 71.1 68.9 68.8 67.7 67.5 67.7 66.3 66.1 64.4 64.5 64.4 62.8 64.5 61.9 59.8 62.3 60.8 62.4 63.7 64.0 63.1 63.8 63.7 64.8 63.4 61.1 62.4 62.7 62.8 63.8 64.4 65.1 65.4 65.7 66.5 63.7 64.0 63.7 64.7 64.6 64.6 64.8 62.8 63.0 62.1 63.2 66.7 65.9 65.6 64.8 65.5 65.1 66.7 67.3 69.2 69.9 69.1 68.3 68.6 69.3 69.3 70.5 70.5 70.5 70.9 71.8 72.7 71.8 72.7 73.2 73.4 73.2 73.5 74.1 74.5 74.4 74.6 74.1 72.8 72.7 72.7 73.1 74.0 74.4 74.4 74.7 74.7 74.1 73.4 72.8 71.6 71.8 73.0 73.0 71.0 69.9 69.8 71.3 72.5 72.7 71.7 70.6 70.0 70.3 69.7 68.9 67.7 67.4 66.7 66.3 65.5 65.2 64.3 63.7 62.8 62.8 63.3 63.5 62.9 62.4 62.8 62.7 63.4 62.7 80.48333333333332 13.164568115154278
5 98.0 98.2 98.2 98.3 98.3 97.9 98.1 98.3 98.5 98.6 98.4 98.6 98.5 98.6 98.6 98.5 98.5 98.4 98.6 98.6 98.8 98.9 98.8 98.9 98.8 98.8 99.0 99.0 99.0 99.0 99.0 98.9 99.0 99.0 99.0 99.0 99.0 99.1 99.0 99.1 99.1 99.1 99.1 99.0 98.9 98.8 98.7 98.6 98.5 98.4 98.3 98.4 98.4 98.1 97.9 97.5 97.3 97.5 97.6 97.7 97.8 97.8 97.7 97.7 97.8 97.8 97.9 98.0 98.2 98.1 98.1 97.9 97.5 97.3 97.3 97.2 97.2 97.1 97.1 97.2 97.3 97.2 97.1 97.2 97.1 96.9 96.8 96.6 96.5 96.5 96.3 95.8 94.9 94.4 94.0 93.9 93.7 93.3 93.3 92.9 92.3 92.1 92.0 92.0 91.9 92.3 91.6 91.4 90.7 91.0 91.0 90.8 90.7 90.6 90.2 90.1 89.9 89.3 89.3 88.9 88.9 88.4 88.5 87.1 86.5 85.8 85.7 86.5 85.6 85.1 84.0 83.7 84.3 84.8 84.7 84.6 85.0 84.9 84.8 84.1 83.0 81.2 80.6 80.2 79.4 79.6 79.6 80.1 80.9 80.8 79.5 80.0 79.6 78.8 74.8 74.0 73.8 73.8 73.7 72.4 71.8 70.7 70.1 69.4 69.8 69.8 70.1 69.6 69.2 67.7 68.5 66.0 66.4 64.9 64.4 66.5 64.2 63.9 64.2 62.9 63.4 63.8 61.7 61.6 61.5 63.3 62.5 63.5 63.3 62.7 62.3 63.2 62.6 63.4 63.6 63.7 64.1 64.8 65.3 65.6 66.9 68.0 68.4 68.6 65.8 66.6 66.9 67.6 66.1 67.1 67.4 66.9 67.1 66.6 66.5 66.5 67.7 67.9 68.6 69.3 69.6 70.8 70.9 70.2 69.9 70.4 70.2 70.1 69.4 70.2 70.7 70.5 71.4 72.5 73.5 73.0 72.3 72.7 73.0 73.3 72.9 71.9 70.9 70.1 70.2 69.5 69.9 69.8 70.3 70.0 70.3 70.4 70.8 70.6 70.7 71.2 70.8 70.8 70.9 70.6 70.6 70.8 70.4 70.7 70.6 70.2 69.7 70.0 70.2 70.7 70.0 68.9 68.7 68.9 68.9 69.1 69.4 69.8 70.3 71.1 71.0 71.1 71.1 71.3 72.3 72.3 72.2 71.9 82.10729166666665 13.4472274369261
6 97.1 97.2 97.0 97.1 97.4 97.6 97.5 97.8 97.5 98.2 98.3 98.3 97.9 97.7 97.9 98.4 98.6 98.5 98.4 98.3 98.4 98.1 97.9 98.3 98.0 98.3 98.8 98.8 99.0 99.0 99.0 98.8 98.8 98.9 98.7 98.7 98.5 98.3 98.2 97.5 96.7 96.2 96.6 97.2 97.2 96.9 97.2 97.0 96.8 96.9 97.1 96.9 96.4 96.5 96.9 97.6 97.4 97.4 97.1 97.2 97.0 97.3 96.8 96.9 95.6 95.3 95.6 96.7 96.7 96.1 96.4 96.8 96.4 95.5 94.6 95.6 96.3 96.4 95.6 95.4 95.5 95.2 94.7 93.7 93.0 92.6 91.9 92.7 93.1 93.5 93.4 94.6 93.8 92.6 92.1 91.2 91.7 91.8 90.1 90.1 90.5 91.5 91.4 92.2 91.7 90.8 91.4 90.4 89.7 88.6 86.5 85.7 86.5 87.7 87.3 87.7 87.2 86.0 84.7 83.8 83.1 80.7 79.4 78.3 78.4 78.6 79.2 79.1 79.2 81.0 84.2 85.9 87.4 85.3 82.8 82.1 80.6 80.5 80.0 80.1 80.5 80.6 81.1 81.8 82.6 83.0 83.7 84.2 83.5 82.7 80.5 78.0 77.6 78.4 78.5 80.2 79.9 81.0 81.4 81.6 82.1 80.9 79.2 77.2 76.9 77.8 79.3 79.4 79.4 78.9 77.0 76.6 75.9 75.2 74.6 73.6 73.9 74.6 75.0 73.8 71.8 71.9 72.7 75.0 76.5 76.5 74.3 73.2 73.4 73.4 73.7 73.4 75.6 76.3 75.0 73.9 73.1 73.0 72.6 73.3 73.7 72.7 73.2 73.4 74.0 74.2 74.9 74.5 74.2 74.4 73.8 74.3 75.2 75.3 75.3 76.0 76.1 77.4 77.6 77.8 77.9 77.9 78.0 78.1 78.6 78.7 78.7 78.7 78.8 79.5 79.4 79.5 79.4 79.8 80.2 80.2 79.7 78.7 78.8 78.6 78.4 77.7 78.0 78.2 78.4 78.4 78.9 79.0 79.1 78.9 79.0 79.1 78.7 78.5 78.3 78.3 78.1 78.4 78.3 77.8 77.3 77.8 78.1 78.4 78.5 78.9 78.5 78.7 79.0 78.1 77.9 77.2 76.5 76.7 76.6 77.1 77.6 77.8 77.7 77.6 77.1 76.8 76.6 76.1 76.4 76.6 76.5 76.5 85.06736111111111 9.129489148143957
7 94.8 94.4 95.2 94.9 95.6 95.9 96.4 95.6 96.4 96.2 96.1 96.8 96.9 97.3 97.5 97.3 96.9 96.8 96.4 96.3 96.5 96.6 96.4 96.3 96.5 96.4 96.7 96.1 96.5 97.1 97.1 96.4 96.6 97.2 96.5 96.5 97.6 96.5 98.2 98.0 97.8 97.2 97.4 97.6 97.7 98.1 98.2 98.1 98.0 98.0 97.9 98.0 97.8 98.0 98.0 98.0 98.1 98.1 98.1 97.8 98.2 98.1 98.1 97.8 97.7 97.6 97.7 97.7 97.7 98.0 98.2 98.0 98.0 97.8 97.8 97.7 97.7 97.9 98.0 97.9 97.9 97.9 97.9 97.9 98.0 98.0 97.9 97.9 97.8 97.8 97.7 97.3 97.0 96.5 96.0 95.5 94.9 94.6 94.6 93.7 92.8 91.7 91.8 91.4 90.9 91.4 92.3 92.6 91.8 91.7 91.6 91.1 91.3 90.9 90.4 90.0 88.8 87.4 87.6 87.0 86.6 86.3 86.4 86.2 86.1 86.9 87.9 88.1 88.5 89.0 88.8 89.0 89.3 90.1 90.8 91.4 92.3 92.9 92.6 93.1 92.8 92.8 92.1 91.2 90.6 90.4 90.4 88.9 88.6 86.8 87.6 88.1 87.5 87.7 87.3 84.9 84.3 83.8 83.8 83.7 83.2 82.5 82.9 82.6 80.5 81.2 81.4 81.1 80.9 79.9 78.2 77.8 75.9 75.9 75.0 75.9 75.1 73.6 73.1 73.7 73.0 69.3 70.5 67.9 64.3 63.4 63.6 62.4 61.9 60.3 59.7 60.8 61.7 60.8 63.8 66.1 65.8 66.9 66.7 68.8 68.4 67.4 67.7 68.9 70.6 71.3 69.7 65.7 65.0 64.9 65.0 65.5 64.4 65.2 66.7 67.5 67.1 67.1 66.2 66.6 66.6 68.3 68.6 69.1 67.6 67.5 68.1 69.4 70.0 72.0 75.2 74.7 76.1 75.6 75.8 74.1 76.0 76.2 77.5 78.2 78.8 81.5 83.1 79.8 77.5 74.0 72.8 74.2 76.5 79.2 83.7 85.1 84.1 86.2 86.9 85.7 80.7 76.6 75.2 75.3 72.6 71.3 71.1 71.5 72.1 78.7 79.6 80.2 80.9 81.7 82.2 81.8 83.5 84.5 83.1 81.5 81.2 79.4 76.8 77.8 77.9 78.5 78.1 76.4 76.5 77.3 77.3 76.0 85.11736111111111 11.562876617005175
8 89.4 88.3 89.2 91.5 91.5 90.1 89.7 90.1 91.1 91.1 92.6 93.4 93.4 93.3 93.4 94.3 93.7 92.2 91.8 92.2 92.8 93.9 94.7 94.9 95.0 94.3 94.2 94.2 93.1 93.4 94.5 94.6 93.0 91.1 92.7 92.1 91.1 91.1 91.9 92.8 93.6 94.2 94.4 92.9 92.6 92.6 93.3 94.1 94.6 94.8 94.6 94.7 94.7 94.5 94.7 95.6 95.6 95.9 95.7 95.6 95.3 95.5 95.5 95.4 95.3 95.2 95.1 95.4 95.5 95.6 95.4 95.2 95.4 95.5 95.5 95.5 95.4 95.4 95.4 95.4 94.1 94.0 94.7 94.8 94.7 94.5 94.4 94.2 94.1 94.1 92.6 91.2 90.4 87.9 86.8 87.7 87.5 85.4 84.5 84.7 84.8 85.1 85.7 86.2 85.7 85.2 84.5 85.3 84.7 84.0 84.7 85.3 84.3 83.1 83.2 83.2 82.8 81.7 82.8 80.7 80.2 79.5 78.9 78.7 78.3 76.9 73.2 70.2 67.2 66.4 66.4 67.4 66.3 66.3 63.9 65.5 66.3 66.3 65.7 65.8 66.3 65.9 65.3 66.7 66.2 67.9 66.9 67.0 66.5 64.2 64.1 63.8 64.2 62.7 63.3 64.1 64.0 65.0 64.8 65.5 64.6 63.9 63.2 63.2 63.9 64.4 64.9 64.5 63.0 62.8 61.2 60.9 61.0 60.6 59.7 59.4 60.3 60.9 60.3 59.5 58.0 57.7 57.4 57.2 57.6 57.6 59.0 59.3 60.8 59.5 59.9 60.0 60.7 61.0 61.3 61.9 61.7 60.6 59.9 59.0 57.6 58.3 58.5 58.4 59.2 59.7 60.4 60.3 59.7 60.2 60.5 59.9 61.0 60.5 61.3 61.6 61.8 61.7 62.8 62.5 63.3 64.1 64.9 65.2 64.3 64.6 65.5 65.9 66.6 67.8 67.4 67.8 68.6 68.8 68.2 68.4 69.5 69.6 68.8 68.6 69.3 69.7 70.3 70.7 70.9 71.0 71.2 71.7 70.8 71.0 70.8 71.7 72.7 73.2 72.1 71.6 71.2 72.2 71.5 71.1 70.5 70.0 68.1 68.0 67.5 66.6 66.3 67.2 67.7 67.4 65.9 65.6 65.7 65.9 66.1 66.4 67.1 67.0 68.2 68.3 68.8 68.9 70.5 73.4 73.1 72.2 72.2 72.7 76.49826388888889 13.638285056232974
9 98.7 98.8 98.7 98.6 98.6 98.6 98.7 98.7 98.7 98.7 98.7 98.7 98.7 98.6 98.5 98.4 98.0 97.8 97.9 97.9 97.9 97.9 97.9 97.8 97.9 97.8 97.9 97.9 97.8 97.8 98.0 98.0 98.2 98.2 98.3 98.3 98.3 98.5 98.5 98.5 98.5 98.5 98.5 98.6 98.6 98.7 98.7 98.7 98.7 98.6 98.6 98.6 98.6 98.6 98.6 98.6 98.6 98.6 98.6 98.5 98.5 98.4 98.4 98.3 98.2 98.3 98.2 98.3 98.3 98.3 98.4 98.4 98.4 98.4 98.4 98.4 98.4 98.3 98.3 98.2 98.2 98.2 98.2 98.3 98.2 98.1 98.2 98.3 98.2 98.2 98.2 98.0 97.6 97.4 97.0 97.0 97.0 96.6 96.6 96.8 96.5 96.0 96.3 96.6 96.4 95.7 95.2 93.1 94.3 94.3 94.3 89.3 91.1 90.1 84.0 80.4 77.5 81.5 81.2 77.4 78.5 77.2 75.5 75.5 70.4 74.5 73.6 75.3 72.5 72.7 75.8 76.3 74.4 73.0 73.3 74.2 72.7 72.8 74.0 73.2 75.0 75.8 76.1 75.9 76.9 76.6 78.1 76.6 75.6 72.0 73.0 73.0 73.0 74.0 73.2 73.3 74.4 74.4 73.4 74.3 74.3 74.1 72.9 72.9 71.8 70.8 72.7 70.8 70.3 71.6 70.5 71.5 72.2 73.5 72.8 72.0 72.5 72.7 72.8 73.5 73.4 71.4 72.3 71.5 71.6 70.7 72.4 73.1 73.8 73.4 73.0 73.2 73.4 74.5 75.1 76.0 75.9 76.3 76.3 76.4 76.4 76.9 77.4 76.2 75.4 74.8 72.9 74.6 76.1 77.0 76.2 75.8 75.1 74.7 74.1 74.3 73.4 73.3 74.3 76.3 77.8 78.8 79.5 80.3 80.8 81.6 80.8 81.0 80.5 80.6 82.1 84.3 86.2 86.3 85.3 84.6 86.3 88.6 89.3 89.5 87.9 90.4 91.0 90.5 92.0 92.3 88.6 87.5 88.1 89.3 89.8 89.5 89.5 88.7 88.1 87.5 87.7 86.8 84.7 85.7 85.1 84.8 84.8 85.2 84.5 83.6 82.8 82.4 82.2 82.7 82.9 83.3 83.4 83.4 82.4 82.4 82.5 83.3 84.2 83.7 84.6 84.5 84.4 84.6 85.5 85.9 87.1 88.7 86.19965277777777 10.503875170966179
END
#################################################################
SECTION3 (Edges Information)
EndPoint0 EndPoint1 Weight
0 1 1.000000
1 2 1.000000
2 3 1.000000
3 4 1.000000
3 5 1.000000
4 5 1.000000
4 6 1.000000
5 6 1.000000
5 7 1.000000
6 7 1.000000
7 8 1.000000
7 9 1.000000
8 9 1.000000
0 1 1.000000
1 2 1.000000
2 3 1.000000
3 4 1.000000
3 5 1.000000
4 5 1.000000
4 6 1.000000
5 6 1.000000
5 7 1.000000
6 7 1.000000
7 8 1.000000
7 9 1.000000
8 9 1.000000
0 1 1.000000
1 2 1.000000
2 3 1.000000
3 4 1.000000
3 5 1.000000
4 5 1.000000
4 6 1.000000
5 6 1.000000
5 7 1.000000
6 7 1.000000
7 8 1.000000
7 9 1.000000
8 9 1.000000
0 1 1.000000
1 2 1.000000
2 3 1.000000
3 4 1.000000
3 5 1.000000
4 5 1.000000
4 6 1.000000
5 6 1.000000
5 7 1.000000
6 7 1.000000
7 8 1.000000
7 9 1.000000
8 9 1.000000
0 1 1.000000
1 2 1.000000
2 3 1.000000
3 4 1.000000
3 5 1.000000
4 5 1.000000
4 6 1.000000
5 6 1.000000
5 7 1.000000
6 7 1.000000
7 8 1.000000
7 9 1.000000
8 9 1.000000
0 1 1.000000
1 2 1.000000
2 3 1.000000
3 4 1.000000
3 5 1.000000
4 5 1.000000
4 6 1.000000
5 6 1.000000
5 7 1.000000
6 7 1.000000
7 8 1.000000
7 9 1.000000
8 9 1.000000
0 1 1.000000
1 2 1.000000
2 3 1.000000
3 4 1.000000
3 5 1.000000
4 5 1.000000
4 6 1.000000
5 6 1.000000
5 7 1.000000
6 7 1.000000
7 8 1.000000
7 9 1.000000
8 9 1.000000
END
#################################################################
SECTION4 (TrueSubGraph Information)
EndPoint0 EndPoint1 Weight
END
#################################################################
