#################################################################
#APDM Input Graph, this input graph includes 3 sections:
#section1 : general information
#section2 : nodes
#section3 : edges
#section4 : trueSubGraph (Optional)
#
#if nodes haven't information set weight to null
#################################################################
SECTION1 (General Information)
numNodes = 10
numEdges = 91
usedAlgorithm = NULL
dataSource = TransWeatherRealData
END
#################################################################
SECTION2 (Nodes Information)
NodeID rh  mean  std 
0 64.0 65.0 66.0 62.0 62.0 63.0 63.0 61.0 57.0 56.0 58.0 56.0 56.0 55.0 56.0 56.0 56.0 56.0 56.0 58.0 57.0 57.0 57.0 57.0 57.0 58.0 57.0 57.0 57.0 56.0 56.0 56.0 57.0 58.0 59.0 59.0 59.0 59.0 59.0 58.0 59.0 60.0 61.0 61.0 61.0 63.0 64.0 65.0 65.0 66.0 67.0 68.0 68.0 69.0 70.0 70.0 70.0 70.0 70.0 70.0 70.0 70.0 71.0 72.0 72.0 71.0 70.0 70.0 69.0 66.0 63.0 61.0 58.0 57.0 56.0 54.0 53.0 53.0 52.0 52.0 53.0 52.0 52.0 52.0 52.0 53.0 53.0 53.0 53.0 53.0 53.0 54.0 53.0 53.0 52.0 53.0 53.0 54.0 54.0 55.0 55.0 56.0 57.0 59.0 62.0 62.0 60.0 59.0 57.0 56.0 54.0 53.0 53.0 55.0 62.0 64.0 66.0 71.0 73.0 73.0 68.0 60.0 58.0 56.0 57.0 58.0 58.0 58.0 58.0 58.0 58.0 59.0 60.0 60.0 60.0 60.0 60.0 59.0 59.0 60.0 61.0 60.0 61.0 60.0 60.0 60.0 59.0 60.0 58.0 58.0 57.0 57.0 57.0 56.0 56.0 56.0 55.0 55.0 55.0 55.0 55.0 55.0 55.0 55.0 53.0 54.0 53.0 52.0 53.0 52.0 51.0 50.0 51.0 49.0 50.0 49.0 48.0 49.0 49.0 49.0 48.0 48.0 48.0 47.0 46.0 47.0 48.0 47.0 48.0 49.0 47.0 47.0 46.0 46.0 46.0 47.0 48.0 47.0 48.0 47.0 45.0 46.0 47.0 46.0 46.0 46.0 45.0 44.0 45.0 43.0 44.0 45.0 45.0 47.0 45.0 46.0 47.0 47.0 48.0 49.0 47.0 48.0 46.0 44.0 47.0 47.0 46.0 45.0 45.0 43.0 46.0 46.0 44.0 42.0 41.0 41.0 44.0 44.0 44.0 45.0 46.0 45.0 44.0 45.0 45.0 45.0 47.0 46.0 45.0 45.0 45.0 45.0 44.0 43.0 43.0 43.0 42.0 42.0 43.0 42.0 41.0 41.0 40.0 39.0 38.0 38.0 37.0 37.0 37.0 39.0 38.0 37.0 37.0 37.0 37.0 35.0 35.0 36.0 36.0 37.0 40.0 40.0 40.0 42.0 44.0 44.0 43.0 42.0 53.04166666666668 8.790535772281636
1 73.0 72.0 72.0 71.0 71.0 69.0 68.0 68.0 67.0 66.0 66.0 66.0 66.0 65.0 66.0 65.0 66.0 65.0 64.0 62.0 59.0 59.0 57.0 55.0 54.0 53.0 53.0 52.0 53.0 52.0 53.0 54.0 54.0 54.0 55.0 56.0 56.0 57.0 58.0 59.0 60.0 60.0 60.0 61.0 60.0 61.0 61.0 62.0 63.0 63.0 63.0 64.0 64.0 65.0 65.0 65.0 66.0 66.0 67.0 65.0 66.0 66.0 65.0 64.0 65.0 64.0 63.0 62.0 61.0 60.0 59.0 57.0 56.0 56.0 55.0 56.0 56.0 55.0 56.0 54.0 55.0 55.0 55.0 55.0 56.0 55.0 55.0 55.0 55.0 55.0 55.0 54.0 54.0 54.0 54.0 54.0 55.0 55.0 55.0 55.0 56.0 57.0 57.0 58.0 60.0 66.0 67.0 67.0 66.0 64.0 63.0 59.0 56.0 56.0 56.0 57.0 58.0 58.0 59.0 62.0 63.0 62.0 61.0 60.0 59.0 58.0 58.0 58.0 57.0 57.0 57.0 56.0 56.0 56.0 56.0 56.0 57.0 58.0 57.0 57.0 56.0 55.0 55.0 54.0 54.0 53.0 54.0 55.0 55.0 55.0 55.0 56.0 55.0 55.0 55.0 54.0 54.0 54.0 54.0 54.0 54.0 54.0 54.0 54.0 53.0 54.0 55.0 54.0 54.0 53.0 54.0 55.0 54.0 52.0 53.0 51.0 53.0 52.0 52.0 51.0 51.0 52.0 52.0 50.0 52.0 50.0 49.0 51.0 50.0 49.0 47.0 47.0 47.0 47.0 45.0 44.0 45.0 46.0 50.0 52.0 47.0 47.0 45.0 48.0 49.0 50.0 49.0 49.0 52.0 48.0 45.0 46.0 45.0 44.0 45.0 47.0 46.0 46.0 44.0 45.0 43.0 44.0 45.0 44.0 43.0 40.0 42.0 43.0 43.0 42.0 41.0 40.0 41.0 42.0 43.0 42.0 42.0 42.0 41.0 41.0 40.0 41.0 39.0 41.0 42.0 40.0 41.0 40.0 44.0 41.0 43.0 44.0 44.0 45.0 45.0 45.0 44.0 45.0 44.0 44.0 44.0 44.0 45.0 44.0 44.0 43.0 43.0 43.0 42.0 43.0 43.0 42.0 43.0 44.0 45.0 45.0 44.0 45.0 45.0 46.0 46.0 46.0 46.0 45.0 46.0 45.0 44.0 43.0 53.36805555555557 7.929784657082698
2 85.0 86.0 87.0 87.0 88.0 88.0 90.0 90.0 87.0 80.0 76.0 73.0 72.0 72.0 71.0 71.0 70.0 71.0 72.0 75.0 76.0 75.0 76.0 75.0 77.0 74.0 70.0 69.0 68.0 67.0 67.0 66.0 67.0 66.0 66.0 65.0 64.0 64.0 63.0 64.0 64.0 66.0 68.0 69.0 68.0 68.0 69.0 67.0 67.0 63.0 60.0 57.0 53.0 52.0 52.0 54.0 57.0 62.0 60.0 57.0 55.0 54.0 55.0 56.0 56.0 58.0 56.0 56.0 57.0 59.0 59.0 59.0 59.0 61.0 62.0 61.0 62.0 65.0 68.0 64.0 68.0 70.0 69.0 66.0 70.0 71.0 67.0 66.0 69.0 72.0 74.0 75.0 77.0 73.0 73.0 71.0 66.0 63.0 62.0 63.0 68.0 70.0 74.0 75.0 77.0 76.0 77.0 80.0 79.0 79.0 78.0 78.0 79.0 77.0 79.0 82.0 84.0 82.0 82.0 81.0 82.0 82.0 78.0 79.0 82.0 80.0 78.0 77.0 76.0 76.0 77.0 77.0 80.0 82.0 82.0 82.0 82.0 79.0 75.0 76.0 76.0 75.0 75.0 74.0 65.0 61.0 61.0 57.0 54.0 54.0 56.0 55.0 54.0 56.0 55.0 56.0 54.0 55.0 55.0 56.0 56.0 52.0 54.0 53.0 52.0 52.0 54.0 54.0 53.0 55.0 56.0 56.0 54.0 55.0 54.0 56.0 58.0 55.0 55.0 55.0 54.0 55.0 54.0 50.0 52.0 50.0 51.0 51.0 51.0 49.0 47.0 47.0 48.0 47.0 50.0 50.0 50.0 47.0 47.0 50.0 47.0 48.0 52.0 49.0 51.0 49.0 50.0 47.0 49.0 50.0 52.0 48.0 49.0 50.0 49.0 48.0 50.0 50.0 49.0 49.0 51.0 51.0 49.0 48.0 50.0 49.0 46.0 46.0 47.0 46.0 48.0 49.0 47.0 46.0 45.0 47.0 46.0 49.0 45.0 45.0 45.0 42.0 44.0 42.0 42.0 39.0 39.0 42.0 39.0 38.0 41.0 41.0 40.0 39.0 44.0 42.0 43.0 46.0 45.0 45.0 45.0 47.0 46.0 46.0 43.0 44.0 44.0 46.0 44.0 45.0 44.0 43.0 42.0 47.0 47.0 44.0 45.0 46.0 44.0 43.0 45.0 49.0 48.0 51.0 50.0 50.0 53.0 55.0 59.97222222222226 13.164700157472614
3 81.0 82.0 82.0 83.0 86.0 88.0 88.0 88.0 89.0 90.0 90.0 91.0 91.0 92.0 88.0 85.0 85.0 88.0 91.0 92.0 93.0 94.0 94.0 94.0 94.0 95.0 94.0 94.0 95.0 96.0 96.0 95.0 96.0 96.0 93.0 74.0 61.0 51.0 48.0 47.0 48.0 48.0 48.0 48.0 46.0 46.0 46.0 46.0 45.0 45.0 45.0 43.0 44.0 43.0 43.0 44.0 43.0 44.0 43.0 43.0 43.0 43.0 44.0 44.0 43.0 44.0 44.0 43.0 44.0 44.0 44.0 44.0 46.0 47.0 47.0 48.0 49.0 50.0 55.0 60.0 59.0 64.0 66.0 63.0 64.0 68.0 71.0 72.0 73.0 73.0 74.0 76.0 76.0 75.0 76.0 78.0 80.0 82.0 81.0 81.0 80.0 80.0 80.0 80.0 81.0 82.0 81.0 82.0 82.0 83.0 84.0 83.0 82.0 83.0 83.0 82.0 81.0 81.0 80.0 79.0 81.0 84.0 82.0 80.0 81.0 82.0 81.0 82.0 83.0 82.0 82.0 81.0 77.0 71.0 70.0 75.0 81.0 82.0 79.0 73.0 72.0 70.0 58.0 55.0 54.0 53.0 53.0 53.0 49.0 50.0 47.0 47.0 48.0 46.0 47.0 47.0 48.0 48.0 48.0 47.0 49.0 47.0 48.0 49.0 49.0 49.0 50.0 50.0 49.0 49.0 51.0 50.0 51.0 50.0 50.0 51.0 51.0 50.0 51.0 48.0 50.0 50.0 49.0 49.0 47.0 47.0 47.0 48.0 48.0 49.0 51.0 50.0 50.0 52.0 52.0 50.0 51.0 50.0 47.0 49.0 49.0 49.0 50.0 48.0 50.0 49.0 48.0 48.0 48.0 46.0 46.0 44.0 42.0 44.0 41.0 44.0 44.0 46.0 46.0 45.0 43.0 44.0 44.0 43.0 44.0 41.0 40.0 38.0 39.0 40.0 35.0 37.0 37.0 36.0 37.0 38.0 38.0 38.0 39.0 39.0 39.0 39.0 39.0 39.0 39.0 39.0 39.0 38.0 37.0 37.0 37.0 38.0 38.0 38.0 37.0 38.0 38.0 39.0 37.0 37.0 37.0 37.0 38.0 37.0 38.0 36.0 36.0 37.0 37.0 37.0 36.0 36.0 34.0 34.0 35.0 36.0 35.0 35.0 36.0 36.0 35.0 35.0 36.0 37.0 38.0 39.0 39.0 40.0 57.173611111111136 19.19851542645801
4 73.0 73.0 75.0 76.0 78.0 81.0 79.0 75.0 77.0 83.0 87.0 88.0 86.0 72.0 81.0 86.0 88.0 88.0 87.0 86.0 84.0 79.0 73.0 68.0 65.0 65.0 62.0 61.0 59.0 58.0 57.0 60.0 61.0 61.0 62.0 65.0 61.0 63.0 63.0 62.0 60.0 59.0 55.0 57.0 56.0 57.0 56.0 55.0 55.0 56.0 54.0 53.0 51.0 51.0 52.0 52.0 56.0 56.0 54.0 55.0 55.0 56.0 56.0 54.0 54.0 56.0 58.0 60.0 59.0 63.0 54.0 53.0 53.0 53.0 52.0 52.0 52.0 52.0 53.0 52.0 53.0 55.0 55.0 55.0 57.0 58.0 58.0 58.0 58.0 58.0 58.0 58.0 57.0 58.0 57.0 56.0 57.0 58.0 59.0 58.0 61.0 60.0 60.0 62.0 64.0 61.0 60.0 60.0 62.0 62.0 62.0 65.0 65.0 66.0 67.0 69.0 70.0 70.0 72.0 73.0 77.0 76.0 78.0 81.0 82.0 78.0 75.0 74.0 78.0 81.0 81.0 82.0 81.0 80.0 81.0 82.0 83.0 83.0 83.0 85.0 84.0 86.0 82.0 76.0 75.0 73.0 76.0 75.0 75.0 72.0 69.0 63.0 53.0 51.0 51.0 50.0 50.0 49.0 49.0 50.0 48.0 48.0 48.0 49.0 48.0 49.0 49.0 50.0 50.0 50.0 51.0 49.0 50.0 52.0 50.0 51.0 50.0 51.0 49.0 51.0 51.0 49.0 49.0 51.0 49.0 46.0 45.0 48.0 49.0 49.0 49.0 47.0 48.0 46.0 44.0 44.0 44.0 42.0 44.0 42.0 43.0 43.0 42.0 41.0 44.0 41.0 42.0 41.0 43.0 42.0 35.0 39.0 37.0 36.0 39.0 40.0 38.0 39.0 41.0 42.0 45.0 44.0 47.0 47.0 47.0 46.0 48.0 44.0 44.0 48.0 44.0 45.0 45.0 46.0 44.0 45.0 43.0 44.0 45.0 46.0 45.0 46.0 46.0 47.0 46.0 48.0 46.0 46.0 47.0 47.0 47.0 47.0 47.0 47.0 46.0 47.0 47.0 46.0 46.0 46.0 46.0 46.0 45.0 46.0 46.0 46.0 46.0 47.0 48.0 47.0 47.0 47.0 48.0 47.0 48.0 48.0 48.0 48.0 48.0 47.0 48.0 48.0 48.0 49.0 49.0 49.0 50.0 50.0 56.77430555555554 12.973079854444537
5 54.0 54.0 56.0 55.0 55.0 55.0 57.0 57.0 58.0 56.0 56.0 55.0 55.0 56.0 57.0 57.0 58.0 59.0 62.0 64.0 65.0 64.0 64.0 63.0 65.0 66.0 67.0 67.0 68.0 66.0 59.0 55.0 54.0 51.0 49.0 46.0 47.0 46.0 47.0 47.0 46.0 47.0 48.0 48.0 49.0 49.0 50.0 50.0 50.0 49.0 49.0 50.0 50.0 50.0 53.0 52.0 52.0 53.0 52.0 52.0 50.0 50.0 52.0 52.0 51.0 51.0 51.0 53.0 51.0 52.0 53.0 52.0 55.0 60.0 59.0 60.0 58.0 57.0 57.0 57.0 59.0 59.0 59.0 60.0 60.0 59.0 60.0 60.0 60.0 59.0 58.0 59.0 61.0 61.0 60.0 63.0 62.0 62.0 64.0 63.0 61.0 62.0 62.0 63.0 63.0 63.0 64.0 63.0 63.0 62.0 62.0 63.0 64.0 63.0 63.0 64.0 64.0 64.0 63.0 63.0 63.0 62.0 62.0 62.0 63.0 63.0 64.0 63.0 63.0 64.0 64.0 65.0 64.0 65.0 65.0 65.0 67.0 67.0 68.0 67.0 66.0 64.0 61.0 61.0 59.0 58.0 57.0 56.0 55.0 55.0 53.0 52.0 52.0 53.0 51.0 51.0 49.0 48.0 47.0 47.0 48.0 47.0 48.0 47.0 46.0 45.0 44.0 45.0 46.0 47.0 46.0 46.0 47.0 46.0 44.0 43.0 45.0 45.0 45.0 46.0 45.0 46.0 45.0 44.0 46.0 44.0 44.0 44.0 45.0 43.0 46.0 43.0 45.0 42.0 43.0 45.0 46.0 47.0 45.0 46.0 44.0 42.0 44.0 46.0 43.0 46.0 44.0 45.0 47.0 46.0 46.0 44.0 44.0 42.0 41.0 42.0 41.0 39.0 40.0 37.0 39.0 41.0 39.0 38.0 40.0 40.0 39.0 38.0 40.0 37.0 38.0 38.0 37.0 36.0 37.0 37.0 36.0 38.0 38.0 38.0 35.0 37.0 35.0 36.0 36.0 37.0 38.0 37.0 37.0 36.0 38.0 39.0 40.0 38.0 40.0 39.0 41.0 41.0 42.0 40.0 41.0 43.0 43.0 43.0 43.0 44.0 45.0 45.0 45.0 45.0 45.0 47.0 48.0 48.0 48.0 48.0 48.0 49.0 50.0 51.0 51.0 51.0 52.0 52.0 52.0 52.0 53.0 55.0 51.23611111111113 8.933346767892546
6 56.0 54.0 55.0 53.0 53.0 53.0 51.0 50.0 50.0 48.0 48.0 50.0 49.0 48.0 48.0 49.0 49.0 48.0 49.0 50.0 50.0 50.0 52.0 53.0 52.0 51.0 49.0 50.0 49.0 51.0 50.0 51.0 52.0 52.0 53.0 52.0 52.0 51.0 52.0 52.0 53.0 53.0 53.0 53.0 53.0 53.0 53.0 53.0 53.0 53.0 53.0 54.0 53.0 53.0 53.0 54.0 55.0 55.0 54.0 54.0 55.0 54.0 55.0 55.0 55.0 56.0 56.0 57.0 58.0 57.0 58.0 57.0 59.0 60.0 60.0 60.0 61.0 62.0 61.0 62.0 62.0 61.0 60.0 60.0 60.0 61.0 62.0 63.0 64.0 65.0 66.0 66.0 65.0 66.0 66.0 66.0 67.0 69.0 68.0 67.0 68.0 70.0 70.0 69.0 69.0 69.0 68.0 69.0 69.0 69.0 68.0 68.0 68.0 67.0 67.0 68.0 68.0 68.0 68.0 68.0 69.0 69.0 69.0 68.0 68.0 68.0 68.0 68.0 69.0 70.0 70.0 70.0 71.0 71.0 72.0 73.0 73.0 72.0 72.0 71.0 70.0 69.0 69.0 69.0 68.0 68.0 65.0 64.0 63.0 62.0 62.0 61.0 59.0 59.0 58.0 57.0 57.0 57.0 55.0 56.0 55.0 54.0 54.0 54.0 54.0 53.0 55.0 54.0 54.0 54.0 52.0 52.0 52.0 51.0 50.0 49.0 49.0 49.0 50.0 48.0 47.0 47.0 48.0 50.0 48.0 49.0 46.0 44.0 46.0 48.0 44.0 47.0 45.0 45.0 44.0 45.0 43.0 42.0 43.0 42.0 40.0 41.0 40.0 41.0 40.0 39.0 38.0 40.0 38.0 39.0 38.0 38.0 38.0 37.0 37.0 36.0 37.0 36.0 37.0 37.0 35.0 35.0 36.0 36.0 36.0 36.0 36.0 37.0 36.0 36.0 34.0 36.0 34.0 34.0 33.0 33.0 33.0 33.0 33.0 31.0 31.0 31.0 29.0 30.0 29.0 31.0 29.0 30.0 32.0 32.0 32.0 32.0 31.0 34.0 32.0 32.0 33.0 32.0 32.0 31.0 32.0 32.0 31.0 32.0 33.0 33.0 33.0 33.0 33.0 35.0 35.0 34.0 35.0 35.0 36.0 36.0 37.0 38.0 37.0 38.0 39.0 40.0 39.0 39.0 39.0 39.0 40.0 39.0 50.71180555555553 12.580483732537392
7 67.0 67.0 66.0 66.0 66.0 65.0 64.0 63.0 61.0 61.0 61.0 60.0 59.0 60.0 59.0 58.0 57.0 58.0 58.0 57.0 58.0 59.0 60.0 61.0 60.0 60.0 60.0 60.0 61.0 61.0 62.0 63.0 64.0 65.0 65.0 60.0 56.0 57.0 56.0 56.0 56.0 54.0 54.0 54.0 51.0 50.0 48.0 48.0 48.0 48.0 48.0 48.0 48.0 48.0 48.0 49.0 50.0 50.0 50.0 51.0 52.0 53.0 53.0 53.0 53.0 53.0 53.0 53.0 53.0 53.0 54.0 55.0 54.0 55.0 55.0 55.0 55.0 56.0 55.0 56.0 55.0 56.0 56.0 57.0 56.0 57.0 57.0 57.0 57.0 57.0 57.0 57.0 58.0 58.0 58.0 58.0 58.0 58.0 57.0 58.0 58.0 59.0 58.0 58.0 59.0 59.0 60.0 61.0 60.0 60.0 60.0 60.0 60.0 59.0 59.0 58.0 58.0 59.0 60.0 60.0 60.0 61.0 61.0 60.0 60.0 59.0 59.0 59.0 58.0 58.0 59.0 59.0 60.0 61.0 64.0 65.0 64.0 63.0 63.0 61.0 60.0 59.0 58.0 59.0 59.0 58.0 60.0 58.0 57.0 55.0 55.0 54.0 53.0 52.0 51.0 51.0 50.0 51.0 50.0 50.0 49.0 48.0 48.0 48.0 48.0 46.0 46.0 45.0 45.0 44.0 43.0 43.0 43.0 44.0 42.0 44.0 41.0 42.0 41.0 39.0 38.0 37.0 38.0 38.0 36.0 38.0 37.0 37.0 37.0 36.0 35.0 35.0 36.0 36.0 36.0 36.0 36.0 36.0 36.0 37.0 38.0 37.0 36.0 36.0 35.0 34.0 34.0 34.0 34.0 36.0 32.0 33.0 34.0 37.0 37.0 36.0 38.0 35.0 35.0 34.0 35.0 34.0 32.0 32.0 32.0 32.0 32.0 33.0 35.0 31.0 32.0 33.0 35.0 34.0 33.0 33.0 32.0 34.0 36.0 33.0 33.0 29.0 31.0 32.0 27.0 29.0 30.0 31.0 28.0 27.0 27.0 26.0 27.0 27.0 28.0 26.0 27.0 27.0 27.0 27.0 26.0 27.0 28.0 28.0 27.0 27.0 27.0 26.0 27.0 27.0 29.0 27.0 26.0 26.0 26.0 28.0 28.0 29.0 30.0 29.0 29.0 29.0 30.0 29.0 30.0 30.0 31.0 33.0 46.87847222222226 12.680301951770552
8 62.0 62.0 61.0 62.0 62.0 62.0 63.0 62.0 62.0 62.0 62.0 62.0 61.0 61.0 60.0 60.0 59.0 60.0 59.0 61.0 60.0 59.0 58.0 59.0 59.0 63.0 66.0 60.0 57.0 58.0 59.0 62.0 65.0 60.0 62.0 60.0 58.0 58.0 59.0 58.0 58.0 59.0 57.0 53.0 49.0 50.0 49.0 50.0 50.0 51.0 53.0 53.0 53.0 53.0 53.0 51.0 52.0 51.0 51.0 50.0 50.0 49.0 49.0 50.0 50.0 51.0 51.0 53.0 52.0 51.0 51.0 51.0 50.0 51.0 53.0 54.0 57.0 55.0 57.0 57.0 56.0 54.0 52.0 53.0 55.0 53.0 52.0 53.0 53.0 53.0 53.0 54.0 54.0 55.0 54.0 54.0 54.0 53.0 56.0 55.0 53.0 55.0 54.0 55.0 55.0 56.0 55.0 57.0 57.0 57.0 56.0 56.0 57.0 55.0 57.0 56.0 54.0 54.0 54.0 56.0 60.0 57.0 56.0 57.0 57.0 58.0 58.0 60.0 60.0 59.0 62.0 61.0 57.0 60.0 63.0 66.0 62.0 64.0 62.0 61.0 60.0 57.0 57.0 57.0 54.0 54.0 52.0 50.0 49.0 47.0 47.0 47.0 47.0 47.0 47.0 46.0 47.0 48.0 48.0 47.0 47.0 46.0 47.0 46.0 46.0 45.0 45.0 45.0 45.0 45.0 46.0 46.0 46.0 46.0 46.0 45.0 43.0 43.0 44.0 45.0 41.0 43.0 41.0 41.0 40.0 38.0 40.0 39.0 42.0 40.0 39.0 39.0 38.0 37.0 40.0 39.0 38.0 41.0 40.0 40.0 37.0 37.0 40.0 39.0 37.0 39.0 38.0 40.0 37.0 37.0 39.0 36.0 35.0 37.0 36.0 34.0 35.0 37.0 36.0 35.0 38.0 34.0 36.0 35.0 37.0 37.0 34.0 34.0 35.0 35.0 37.0 35.0 33.0 34.0 35.0 34.0 34.0 34.0 34.0 33.0 34.0 33.0 33.0 34.0 33.0 32.0 33.0 33.0 33.0 32.0 34.0 31.0 32.0 32.0 31.0 31.0 32.0 31.0 32.0 32.0 31.0 31.0 31.0 31.0 32.0 32.0 32.0 34.0 34.0 35.0 35.0 34.0 34.0 34.0 34.0 36.0 36.0 38.0 37.0 37.0 38.0 38.0 39.0 39.0 40.0 40.0 40.0 40.0 47.52777777777774 10.196634304616541
9 58.0 58.0 56.0 57.0 58.0 60.0 60.0 60.0 61.0 61.0 61.0 60.0 61.0 61.0 62.0 61.0 62.0 63.0 64.0 65.0 67.0 67.0 68.0 68.0 69.0 70.0 70.0 70.0 71.0 71.0 70.0 70.0 71.0 70.0 71.0 69.0 68.0 63.0 61.0 59.0 57.0 55.0 54.0 51.0 49.0 51.0 51.0 50.0 49.0 50.0 50.0 58.0 62.0 67.0 66.0 62.0 62.0 62.0 60.0 59.0 61.0 62.0 62.0 60.0 58.0 55.0 54.0 53.0 55.0 53.0 53.0 53.0 52.0 51.0 51.0 51.0 51.0 52.0 53.0 52.0 51.0 51.0 51.0 50.0 50.0 50.0 51.0 52.0 53.0 54.0 54.0 53.0 51.0 51.0 50.0 52.0 54.0 53.0 51.0 50.0 51.0 53.0 55.0 54.0 56.0 55.0 55.0 58.0 61.0 59.0 63.0 68.0 64.0 62.0 65.0 66.0 61.0 61.0 63.0 64.0 62.0 59.0 57.0 61.0 67.0 66.0 66.0 67.0 66.0 67.0 70.0 72.0 72.0 73.0 75.0 73.0 73.0 69.0 73.0 71.0 64.0 64.0 64.0 64.0 51.0 49.0 46.0 46.0 46.0 46.0 47.0 47.0 45.0 44.0 44.0 43.0 44.0 43.0 41.0 41.0 42.0 42.0 43.0 40.0 40.0 41.0 40.0 41.0 39.0 40.0 38.0 38.0 37.0 36.0 36.0 35.0 35.0 35.0 37.0 38.0 35.0 35.0 35.0 35.0 34.0 34.0 34.0 35.0 35.0 36.0 34.0 35.0 35.0 34.0 34.0 34.0 35.0 32.0 33.0 34.0 34.0 33.0 33.0 32.0 33.0 34.0 34.0 30.0 32.0 34.0 31.0 32.0 34.0 33.0 34.0 33.0 33.0 33.0 33.0 33.0 33.0 32.0 31.0 31.0 31.0 32.0 31.0 31.0 30.0 30.0 30.0 30.0 29.0 30.0 29.0 30.0 29.0 29.0 30.0 29.0 31.0 29.0 29.0 28.0 28.0 28.0 29.0 29.0 29.0 29.0 29.0 29.0 30.0 30.0 29.0 30.0 30.0 29.0 29.0 30.0 29.0 30.0 30.0 30.0 32.0 31.0 31.0 32.0 31.0 31.0 31.0 32.0 32.0 34.0 36.0 34.0 33.0 35.0 38.0 39.0 42.0 48.0 52.0 51.0 56.0 57.0 54.0 60.0 47.6875 14.054135627031515
END
#################################################################
SECTION3 (Edges Information)
EndPoint0 EndPoint1 Weight
0 1 1.000000
1 2 1.000000
2 3 1.000000
3 4 1.000000
3 5 1.000000
4 5 1.000000
4 6 1.000000
5 6 1.000000
5 7 1.000000
6 7 1.000000
7 8 1.000000
7 9 1.000000
8 9 1.000000
0 1 1.000000
1 2 1.000000
2 3 1.000000
3 4 1.000000
3 5 1.000000
4 5 1.000000
4 6 1.000000
5 6 1.000000
5 7 1.000000
6 7 1.000000
7 8 1.000000
7 9 1.000000
8 9 1.000000
0 1 1.000000
1 2 1.000000
2 3 1.000000
3 4 1.000000
3 5 1.000000
4 5 1.000000
4 6 1.000000
5 6 1.000000
5 7 1.000000
6 7 1.000000
7 8 1.000000
7 9 1.000000
8 9 1.000000
0 1 1.000000
1 2 1.000000
2 3 1.000000
3 4 1.000000
3 5 1.000000
4 5 1.000000
4 6 1.000000
5 6 1.000000
5 7 1.000000
6 7 1.000000
7 8 1.000000
7 9 1.000000
8 9 1.000000
0 1 1.000000
1 2 1.000000
2 3 1.000000
3 4 1.000000
3 5 1.000000
4 5 1.000000
4 6 1.000000
5 6 1.000000
5 7 1.000000
6 7 1.000000
7 8 1.000000
7 9 1.000000
8 9 1.000000
0 1 1.000000
1 2 1.000000
2 3 1.000000
3 4 1.000000
3 5 1.000000
4 5 1.000000
4 6 1.000000
5 6 1.000000
5 7 1.000000
6 7 1.000000
7 8 1.000000
7 9 1.000000
8 9 1.000000
0 1 1.000000
1 2 1.000000
2 3 1.000000
3 4 1.000000
3 5 1.000000
4 5 1.000000
4 6 1.000000
5 6 1.000000
5 7 1.000000
6 7 1.000000
7 8 1.000000
7 9 1.000000
8 9 1.000000
END
#################################################################
SECTION4 (TrueSubGraph Information)
EndPoint0 EndPoint1 Weight
END
#################################################################
