#################################################################
#APDM Input Graph, this input graph includes 3 sections:
#section1 : general information
#section2 : nodes
#section3 : edges
#section4 : trueSubGraph (Optional)
#
#if nodes haven't information set weight to null
#################################################################
SECTION1 (General Information)
numNodes = 10
numEdges = 13
usedAlgorithm = NULL
dataSource = TransWeatherRealData
END
#################################################################
SECTION2 (Nodes Information)
NodeID rh  mean  std 
0 61.7 61.8 62.2 63.0 63.7 63.9 64.2 63.7 64.1 64.1 63.8 63.8 64.3 65.2 66.5 67.7 68.3 68.8 68.4 67.8 67.5 67.5 67.5 67.3 67.3 67.8 67.1 67.1 67.5 67.4 67.5 68.1 68.0 67.5 67.2 67.6 67.7 68.1 68.9 68.8 68.6 69.1 68.1 68.5 67.9 68.3 67.7 67.5 67.9 67.9 68.3 68.4 68.4 68.6 68.8 69.0 69.4 69.7 69.9 69.8 70.1 71.4 72.0 71.5 72.5 71.6 71.8 72.2 72.9 72.5 72.9 72.6 72.5 73.2 73.5 73.6 74.2 74.1 74.6 75.4 75.4 75.8 74.3 74.0 74.0 74.7 74.3 74.0 73.4 73.3 72.8 72.2 71.6 71.3 70.8 70.9 71.2 70.8 70.6 70.4 70.9 69.3 69.3 69.2 68.0 67.5 66.2 66.1 66.0 65.0 65.1 65.7 64.5 64.3 65.0 63.6 64.5 63.7 63.8 63.7 63.7 64.3 64.3 64.0 62.6 62.7 62.7 63.3 63.2 62.6 63.3 62.9 63.1 63.3 62.8 63.0 64.9 63.7 63.0 62.9 62.9 63.2 63.2 61.6 61.6 61.4 61.4 59.1 59.3 59.8 59.3 58.4 57.1 57.4 58.4 57.4 56.6 57.4 56.7 57.2 56.7 56.8 55.6 54.9 54.5 54.8 54.7 54.8 55.3 55.3 54.4 55.6 55.8 54.7 54.3 53.8 55.0 50.8 53.0 52.2 51.7 51.6 51.5 51.7 51.8 53.4 53.5 53.2 53.2 52.9 52.7 51.7 50.6 51.6 51.6 49.7 48.8 49.9 50.7 49.4 46.8 46.9 46.7 45.5 46.2 47.3 49.1 49.8 50.0 50.6 50.8 51.5 51.6 52.0 51.9 52.2 52.3 52.9 52.7 53.2 52.5 51.6 51.7 51.9 50.7 49.3 48.5 48.9 48.3 48.8 48.1 47.3 47.7 48.0 47.5 47.4 47.7 47.7 48.0 48.5 49.4 49.8 50.2 49.9 50.7 51.5 51.0 50.4 51.3 52.5 53.2 53.5 53.9 54.6 55.0 55.7 55.6 55.8 56.3 56.5 57.2 58.0 57.9 58.0 58.2 57.0 57.8 58.7 59.0 58.2 58.2 58.5 59.1 59.3 59.8 60.0 60.3 61.5 62.0 62.6 62.8 63.3 63.0 63.0 63.2 63.4 62.9 63.7 60.964930555555554 8.069760260204857
1 51.0 51.2 50.9 51.2 50.8 50.8 50.9 51.1 51.0 51.0 51.3 51.3 52.0 52.1 51.7 52.4 52.8 52.4 51.9 51.2 51.2 53.2 55.4 56.2 56.0 54.7 54.1 54.8 54.8 54.6 55.1 54.9 55.6 55.7 56.2 55.4 58.0 60.9 63.2 64.1 65.3 65.4 65.9 66.4 67.2 65.6 63.9 63.2 62.6 62.2 59.6 59.1 57.7 57.1 57.5 58.1 58.1 57.7 57.8 58.4 59.0 59.7 59.8 59.7 59.3 59.3 60.0 59.5 59.7 60.1 61.2 61.6 63.1 63.9 66.7 69.4 70.3 70.6 71.9 72.8 71.9 70.2 69.6 70.3 71.3 71.9 72.0 72.6 72.6 73.7 71.9 69.4 68.4 67.2 67.0 66.9 66.2 66.8 66.8 65.8 65.0 65.0 65.0 65.1 64.9 65.3 65.0 64.1 64.3 63.3 62.8 59.3 58.6 59.8 62.4 60.1 59.4 60.8 57.5 57.6 56.6 57.3 57.6 57.4 57.8 57.9 56.9 56.2 57.2 56.7 57.6 57.3 57.4 56.9 56.4 57.1 56.5 56.4 55.5 56.4 56.1 58.0 56.0 56.5 56.5 55.0 54.5 55.1 53.7 52.7 53.4 52.4 52.9 52.0 52.1 52.6 52.8 52.1 51.0 51.8 52.9 53.3 52.0 51.9 50.9 50.0 50.1 47.5 50.4 48.3 48.7 47.7 48.0 51.3 51.5 49.5 48.5 48.0 49.6 48.3 46.7 44.9 45.5 42.6 41.6 41.1 40.8 39.7 39.8 38.5 38.8 38.4 38.8 36.0 35.5 36.2 35.6 34.1 33.2 32.4 33.0 32.1 32.9 32.5 33.0 32.5 32.8 33.8 33.8 34.7 35.4 36.3 36.8 37.8 37.3 37.9 38.1 38.5 38.0 38.5 39.6 40.5 39.9 40.9 41.2 41.8 42.0 42.3 42.8 44.4 45.1 45.4 46.0 46.7 48.9 49.5 51.9 54.8 56.3 58.6 59.4 60.3 63.3 64.1 64.3 65.9 66.8 68.1 68.9 70.1 70.9 71.4 71.7 72.8 71.6 71.7 72.7 72.7 73.1 73.8 72.8 73.6 74.5 75.1 75.5 75.6 75.1 73.4 70.3 70.8 71.2 71.4 65.9 62.1 60.7 59.9 59.5 59.3 60.0 59.6 58.7 58.4 58.7 58.5 58.2 58.1 57.1 57.6 55.94340277777778 10.82958386266982
2 59.0 60.0 61.0 63.7 66.4 67.3 70.2 71.6 71.4 68.7 65.5 65.3 64.8 65.9 65.8 64.8 63.1 64.5 65.3 66.8 67.1 68.0 69.2 70.0 69.8 69.2 68.3 65.7 65.9 66.6 65.9 66.0 64.9 63.9 64.9 64.8 65.3 65.8 66.0 65.8 65.8 65.4 65.7 66.1 65.7 64.6 64.5 63.7 64.1 65.1 65.6 65.7 66.0 66.7 66.8 67.0 67.1 67.3 67.5 67.5 67.3 67.7 68.2 68.2 68.4 67.8 66.9 67.2 66.3 66.7 67.2 67.9 68.6 69.4 70.0 70.4 70.8 70.7 70.5 69.5 68.4 67.3 67.7 69.2 69.6 69.5 68.9 69.8 70.8 70.5 69.8 68.6 68.2 67.3 65.0 64.4 65.5 64.7 64.6 63.2 62.3 61.5 61.1 60.0 59.8 59.7 58.8 58.1 58.1 59.4 59.1 58.6 58.4 58.1 57.7 58.0 57.3 57.4 58.1 57.3 57.0 58.1 57.6 57.5 56.8 57.6 56.5 56.7 55.6 55.9 56.5 54.2 54.7 55.1 54.7 52.7 52.9 55.8 56.0 52.3 53.8 54.8 54.5 53.4 52.2 53.2 53.4 53.3 52.0 50.9 49.6 51.2 51.2 50.5 51.6 50.3 49.5 48.4 48.7 47.8 48.7 49.6 48.1 47.7 48.7 49.5 48.7 48.1 47.7 47.6 47.6 47.5 47.7 47.7 48.4 48.5 47.9 47.4 47.2 48.3 47.6 48.4 47.3 46.2 46.2 46.7 45.5 46.7 46.7 45.2 44.3 45.0 43.6 44.0 43.5 43.1 41.4 42.8 42.1 43.1 41.9 42.2 41.2 39.8 39.5 36.1 35.5 34.3 34.7 34.8 34.9 34.9 34.9 33.9 33.7 32.9 33.7 32.9 32.5 32.3 32.4 30.6 30.4 31.9 32.8 33.1 33.8 34.4 34.9 35.7 35.9 36.7 37.3 37.9 38.7 39.5 39.9 40.4 40.7 41.2 41.5 41.8 44.0 50.7 56.9 62.7 64.9 65.5 68.3 68.9 69.6 69.7 71.5 71.1 73.3 74.1 73.5 70.8 73.1 70.8 71.0 71.5 71.4 66.2 63.2 63.2 62.6 60.4 59.0 57.6 57.3 56.5 56.4 56.3 57.0 57.2 57.1 57.5 58.0 58.6 60.2 61.3 62.5 63.4 63.8 64.0 64.9 65.8 56.63715277777778 11.569350423294981
3 55.8 55.4 53.5 53.8 53.2 52.7 52.6 53.4 54.2 52.6 52.6 51.5 51.4 51.5 51.3 50.7 51.9 54.8 53.4 52.2 51.4 50.6 51.3 50.5 50.6 50.8 51.7 52.1 52.6 53.1 53.2 53.3 52.9 52.8 52.9 53.3 53.4 53.6 54.2 54.5 54.3 53.8 54.2 54.0 53.6 53.4 53.5 53.8 53.8 53.8 53.4 53.8 53.9 54.5 55.0 55.7 56.5 56.4 56.1 56.8 57.2 57.1 57.4 56.7 57.3 57.8 58.1 58.3 58.7 58.7 58.2 59.4 60.7 60.3 59.8 60.2 60.3 60.2 60.1 59.7 58.8 58.7 59.6 59.6 60.3 61.2 61.1 61.6 61.7 62.1 61.9 62.2 61.5 61.3 61.8 61.8 61.3 59.9 59.8 59.7 60.0 59.6 59.8 59.2 59.6 58.6 59.0 58.3 58.5 58.7 59.5 57.6 58.4 57.8 58.3 57.8 56.7 55.8 56.2 55.2 56.3 55.1 56.5 55.6 55.1 53.6 55.1 55.3 56.1 56.5 55.8 56.7 56.4 55.9 55.7 56.5 56.9 57.8 55.4 57.1 56.3 56.8 55.8 56.7 57.0 55.5 54.7 56.2 55.7 54.6 55.8 54.8 53.6 55.6 54.9 53.1 53.7 53.8 54.7 53.7 52.0 53.5 54.8 53.1 53.3 52.1 52.0 52.9 52.7 53.0 51.3 52.7 52.0 51.0 52.2 50.3 51.8 51.0 50.4 50.9 51.5 50.6 48.7 50.1 50.4 50.6 50.3 50.1 50.5 50.4 49.1 49.7 48.4 47.5 48.4 49.6 48.1 48.9 47.9 48.3 49.3 48.1 47.6 48.6 48.2 49.1 48.2 48.4 46.3 47.9 47.5 47.5 46.9 46.4 46.3 47.6 48.0 46.6 47.8 47.2 46.2 44.7 45.0 37.1 35.6 34.5 33.5 31.8 31.7 32.1 32.5 32.8 33.6 34.3 35.0 34.8 34.9 35.1 36.1 37.5 38.5 40.0 40.8 42.6 42.5 44.5 48.4 52.1 54.0 57.7 59.8 62.3 64.4 65.1 66.4 65.0 67.7 67.3 69.9 67.9 67.8 70.8 71.6 73.4 73.5 71.8 73.4 73.8 73.0 70.7 69.8 68.2 64.6 62.0 61.4 60.9 60.9 60.3 59.8 59.9 58.7 58.3 58.0 57.8 57.6 56.5 56.2 56.4 54.184375 7.7073609974683395
4 82.2 83.9 84.4 85.5 84.4 84.5 85.9 88.5 86.8 85.7 85.7 88.0 89.6 91.5 91.2 87.0 84.5 86.3 86.8 88.0 88.7 88.2 87.4 89.6 90.4 91.4 92.6 93.5 93.7 92.6 89.7 87.7 88.4 89.0 88.8 90.1 90.8 91.3 90.1 91.1 93.7 94.7 95.1 94.3 93.4 93.7 93.3 93.2 93.3 93.9 94.2 94.8 95.4 95.6 95.7 96.1 95.9 95.6 95.6 96.4 96.5 96.4 96.6 96.9 96.4 95.2 95.9 95.1 94.2 94.5 94.3 93.5 94.5 94.6 93.5 92.6 91.3 91.2 87.2 88.2 90.4 90.1 86.6 82.8 81.1 80.3 79.2 79.3 81.8 77.7 78.0 78.6 77.4 78.5 78.6 78.8 81.3 83.6 82.0 80.2 79.0 78.9 78.0 76.1 77.7 76.6 76.5 75.7 73.7 73.3 72.1 71.5 69.1 70.1 68.8 66.6 66.4 66.3 65.7 65.8 64.4 65.7 64.9 63.9 65.2 62.3 63.8 60.0 60.6 60.9 62.0 60.4 61.6 61.1 61.0 59.2 57.6 57.8 56.7 57.5 56.8 56.9 57.7 57.7 56.8 57.5 55.8 55.9 56.1 56.1 57.6 57.6 57.8 55.9 57.1 58.1 56.4 57.0 56.0 56.6 56.6 56.1 56.9 54.2 56.4 56.2 54.6 54.9 53.4 54.6 54.3 54.2 55.0 56.1 54.6 54.6 52.3 55.4 53.7 54.1 53.7 53.5 52.8 54.8 53.6 55.8 55.3 53.3 51.7 55.2 52.9 51.9 52.1 53.6 52.3 50.2 51.9 50.1 48.6 51.0 49.9 49.5 50.7 49.4 50.2 51.7 51.0 51.4 51.0 50.7 52.4 51.2 51.6 50.1 51.3 52.5 51.6 52.1 51.9 52.1 52.3 51.5 53.3 53.3 54.4 53.4 51.6 52.2 53.3 52.2 52.9 54.6 54.6 54.8 54.9 54.8 56.3 55.2 55.6 56.7 59.5 60.8 62.1 63.1 65.3 66.9 69.7 72.8 73.7 77.2 77.7 77.8 78.8 80.6 81.8 83.7 85.3 86.0 87.1 87.5 87.6 87.6 87.6 88.7 90.9 90.9 92.3 93.0 90.9 90.6 92.0 90.7 90.3 90.4 89.7 89.0 89.6 91.0 90.5 92.0 91.4 89.1 87.1 88.7 91.2 92.1 91.2 89.8 72.99375 16.715980456235293
5 94.1 95.3 93.8 93.9 93.3 93.0 93.9 94.2 94.2 93.6 94.7 95.5 95.8 96.1 96.4 96.2 96.1 96.2 96.8 96.4 96.9 96.7 97.1 97.0 97.1 97.1 96.8 97.0 97.2 97.5 97.5 97.4 97.3 97.4 97.3 97.2 97.1 96.9 97.0 97.0 97.0 96.9 97.1 97.2 96.6 96.2 96.3 96.8 97.3 97.5 97.0 97.1 97.4 97.8 97.9 97.7 97.8 98.0 98.1 98.0 98.4 98.0 98.0 98.2 98.6 98.7 98.7 98.7 98.7 98.7 98.7 98.7 98.7 98.7 98.6 98.6 98.6 98.6 98.5 98.4 98.5 98.3 97.7 96.9 96.3 95.8 95.2 93.5 93.5 93.2 91.5 84.8 75.8 71.4 74.0 73.1 76.5 76.6 75.2 73.8 69.6 67.6 66.3 66.2 65.8 63.8 62.5 63.9 61.6 58.7 59.4 59.8 58.8 59.6 58.8 59.6 61.2 62.0 60.8 62.1 61.4 61.5 60.8 60.5 60.6 60.3 59.9 61.9 59.4 59.6 58.3 58.8 57.2 57.6 58.8 56.6 55.5 59.1 56.7 54.6 59.2 57.6 56.0 54.0 54.4 54.5 54.8 53.6 54.7 52.7 54.3 54.7 54.4 54.4 56.7 54.1 53.4 53.5 52.2 52.8 53.5 51.4 52.7 52.3 51.8 51.9 52.0 51.8 52.1 52.0 51.6 51.6 52.1 53.5 50.9 53.2 54.6 51.8 51.9 51.3 51.7 52.3 54.0 53.2 55.6 54.6 53.1 52.1 51.2 51.9 52.0 52.3 52.4 52.4 52.1 51.4 51.5 52.2 51.6 51.5 51.7 50.4 52.2 52.2 50.9 50.9 51.1 51.0 51.3 50.5 50.3 51.0 52.2 51.2 51.5 52.3 51.6 51.7 53.0 53.1 53.1 52.5 52.3 52.8 52.7 52.8 53.5 52.2 53.5 53.9 53.4 52.7 55.3 55.2 56.2 64.8 67.6 69.9 73.4 72.2 71.9 75.5 78.9 82.1 83.5 83.6 84.4 86.7 87.8 87.9 88.6 90.3 90.6 91.2 91.5 92.5 92.2 94.2 94.1 94.4 93.5 94.7 95.1 95.4 95.0 93.2 92.3 94.9 96.0 95.6 95.4 94.7 91.9 90.9 90.7 91.5 91.0 86.4 82.9 81.5 83.6 83.1 83.0 86.8 89.6 88.5 87.3 88.2 74.85104166666666 19.60870350804842
6 73.1 75.9 77.0 82.5 79.5 82.0 81.6 82.5 85.3 84.8 86.9 88.4 89.0 88.9 88.9 89.6 89.1 88.8 88.5 89.2 91.2 91.3 90.1 89.6 91.4 92.2 89.6 89.5 93.9 94.2 93.8 92.6 93.2 94.4 93.6 92.6 93.9 93.7 94.4 94.0 93.7 92.9 93.7 94.7 95.5 95.3 94.6 93.9 94.1 95.6 95.8 95.5 95.1 94.1 95.0 96.2 96.1 96.4 96.5 96.7 96.2 96.5 95.9 96.6 96.9 96.6 97.2 97.4 97.3 97.4 97.8 97.8 97.6 97.2 96.3 94.7 92.2 90.2 90.7 89.5 88.9 88.2 88.8 88.7 88.1 88.9 89.3 90.9 93.5 92.7 89.4 87.2 87.2 87.0 83.2 77.0 70.5 68.4 67.3 65.7 65.1 65.7 63.8 64.1 65.1 63.9 62.1 63.5 62.7 61.3 61.9 61.2 63.0 62.2 61.7 62.1 62.5 61.7 62.0 61.7 62.8 62.9 64.1 61.1 61.1 61.5 60.5 59.3 59.7 58.0 57.8 57.6 57.7 57.7 57.7 57.3 59.2 57.9 57.7 59.4 58.5 57.7 57.4 59.3 57.6 57.3 58.7 58.5 56.7 58.6 57.5 57.8 58.0 57.6 56.2 58.7 57.4 57.2 55.7 55.7 56.4 54.5 55.2 54.4 53.1 53.8 53.3 52.5 51.9 52.7 52.0 52.0 51.2 52.2 51.2 52.5 53.2 51.8 50.9 52.1 51.0 53.3 55.4 55.8 53.1 52.7 54.0 52.3 52.3 51.5 51.2 51.6 52.2 51.2 51.9 51.9 52.9 52.2 53.4 53.4 54.3 55.8 56.3 54.6 55.9 56.3 55.8 55.0 53.2 53.9 54.8 54.3 54.7 53.3 53.6 52.0 51.2 51.4 52.3 51.8 52.0 51.8 51.1 52.2 52.3 53.2 53.1 52.4 52.2 52.4 53.9 53.3 53.3 54.3 56.0 55.3 56.0 56.4 57.6 58.5 59.4 63.9 69.8 71.8 74.7 76.5 77.4 78.6 80.1 81.7 82.6 81.7 83.6 85.1 85.7 86.6 86.3 85.8 85.9 85.9 86.3 85.4 85.7 85.0 86.1 86.5 89.8 87.7 86.1 87.0 88.6 86.6 87.5 89.4 87.7 87.9 86.6 87.9 89.5 89.8 90.8 91.3 90.8 90.7 90.3 89.9 89.5 90.1 72.76736111111111 17.213849985971404
7 82.4 77.4 79.0 79.4 81.4 85.1 84.3 84.9 86.6 87.4 87.6 90.0 91.4 90.7 91.4 92.6 92.3 91.8 91.6 90.4 88.0 88.1 89.4 90.4 90.3 90.2 89.9 89.3 90.0 90.1 89.4 89.9 90.7 90.2 89.6 90.4 90.4 89.9 90.9 92.0 91.1 91.4 92.2 91.7 92.2 92.3 94.0 93.4 93.1 92.8 93.4 94.2 95.5 93.3 92.2 92.7 93.3 93.7 93.8 93.9 93.7 93.2 92.7 93.2 94.5 94.8 94.1 94.0 94.1 95.0 93.9 93.7 94.5 94.7 93.7 93.7 92.9 92.2 91.0 88.1 85.5 82.7 81.0 82.4 84.7 82.5 81.9 79.9 76.5 76.6 76.5 74.2 75.5 74.8 76.2 72.5 73.1 71.7 72.8 77.2 78.4 77.6 73.5 70.6 71.0 71.6 71.9 67.1 66.5 65.6 63.3 63.9 62.1 61.9 62.2 61.8 62.5 62.5 64.5 64.5 63.6 63.0 63.4 61.3 61.3 57.7 53.8 56.1 53.9 53.5 53.4 54.2 57.5 57.4 58.5 58.3 57.7 56.0 55.0 54.0 52.8 53.0 52.4 52.8 49.4 51.3 51.0 52.5 51.7 53.3 51.9 52.1 51.6 51.7 49.8 50.7 49.2 49.4 49.7 49.5 50.0 49.1 48.9 48.6 47.8 49.5 48.4 48.5 48.5 47.9 49.0 47.2 47.3 49.5 48.1 47.8 47.4 46.0 45.2 46.9 46.3 46.0 48.5 47.7 46.2 46.9 46.1 46.1 47.4 46.0 45.5 44.8 45.9 45.2 46.9 46.0 45.7 46.9 44.2 46.8 46.5 46.7 47.2 46.8 46.9 48.3 48.6 47.8 47.8 49.1 49.8 50.6 49.0 48.6 48.6 48.0 47.8 47.3 48.4 48.6 48.2 46.4 47.3 47.8 48.3 48.9 49.6 50.1 50.9 51.1 50.3 52.1 52.5 52.8 53.8 54.4 56.2 58.2 62.1 64.6 67.9 71.1 73.9 75.5 79.9 81.6 82.7 83.1 85.6 84.2 83.1 83.1 83.8 85.1 83.0 80.5 80.1 81.9 79.6 77.1 77.4 79.6 80.3 80.4 79.9 79.3 79.0 78.2 77.5 76.8 76.2 76.6 78.2 79.4 79.9 81.0 81.5 81.9 82.7 81.8 79.2 78.7 79.6 78.0 76.1 75.3 75.3 77.5 69.60451388888889 17.750611132625483
8 82.6 82.9 83.7 83.4 84.1 83.7 79.8 71.3 69.7 70.5 73.7 76.7 81.2 83.2 84.9 84.1 81.6 76.8 78.5 80.4 81.8 82.4 81.9 82.6 83.1 83.8 84.6 86.3 86.6 83.8 84.6 86.4 87.4 88.6 86.6 85.7 85.6 85.4 82.8 83.0 81.5 82.8 81.1 80.0 79.5 79.7 79.3 79.2 78.5 79.8 79.3 80.3 81.1 82.5 81.9 82.3 84.5 86.4 84.9 85.4 85.8 84.4 83.4 83.9 87.2 86.9 84.0 82.2 83.1 83.6 83.5 83.7 84.2 87.1 85.3 86.6 84.9 82.6 79.6 77.0 79.4 80.2 80.9 80.5 77.8 76.7 77.0 74.6 75.6 75.0 66.3 62.8 62.8 63.8 63.9 63.0 62.8 63.0 60.8 61.2 61.9 62.3 61.7 60.6 61.4 61.0 60.8 62.6 63.4 62.8 60.8 59.5 59.3 60.9 59.6 59.9 58.7 58.5 57.6 57.6 58.0 55.9 56.7 55.7 55.9 56.0 57.7 57.8 56.2 56.9 57.6 58.5 59.8 58.0 57.8 58.1 57.3 57.7 55.5 53.8 54.3 54.8 54.4 51.5 52.6 51.8 52.9 51.0 51.8 51.0 49.9 51.4 48.2 48.0 48.7 49.0 48.2 49.0 49.2 47.9 47.7 49.6 48.2 47.9 48.8 48.9 47.7 50.4 50.9 45.9 46.6 46.3 45.5 46.0 48.3 49.3 48.0 48.0 48.1 48.0 49.3 48.7 49.6 49.8 49.8 50.0 51.1 49.1 48.7 48.1 48.2 48.0 48.3 47.9 48.1 47.9 48.4 47.2 48.5 50.6 50.4 48.8 48.8 48.9 49.2 49.2 49.6 49.3 48.9 48.3 49.4 49.4 48.8 48.8 47.8 48.3 49.1 49.1 49.1 49.0 49.4 48.6 48.7 48.1 47.6 48.3 50.9 50.4 50.8 52.7 52.2 51.3 51.4 52.8 54.4 55.2 56.0 55.9 55.9 59.0 57.9 59.5 61.4 62.2 61.7 61.2 60.4 58.9 60.4 66.0 67.7 68.0 71.3 72.7 72.5 68.9 69.1 74.0 76.1 73.9 73.8 76.3 77.7 76.2 75.5 78.3 78.3 76.7 74.4 74.2 77.2 75.4 74.6 75.9 77.3 78.3 80.2 81.4 81.5 80.3 79.8 78.8 80.6 81.7 79.6 79.1 76.9 75.4 65.3704861111111 14.225824181061304
9 93.1 93.3 92.8 92.1 92.2 92.9 93.4 93.7 94.5 94.6 94.6 94.5 94.0 94.1 95.1 95.4 95.1 94.3 95.2 95.4 95.2 95.6 95.2 96.1 96.2 96.6 96.2 96.0 95.9 95.8 96.1 96.7 96.9 97.0 97.0 97.2 97.3 97.4 97.3 97.1 97.2 96.9 96.8 97.2 97.3 97.5 97.6 97.6 97.7 97.7 97.7 97.7 97.9 97.8 98.0 98.0 97.9 98.0 98.0 98.0 97.8 98.0 98.0 98.1 98.1 98.1 98.2 98.2 98.1 98.2 98.1 97.7 97.7 97.4 96.8 96.5 96.3 94.9 95.5 94.7 92.3 91.4 90.5 91.3 88.7 86.8 87.8 88.2 86.5 83.5 82.4 83.0 82.3 80.0 79.4 77.7 76.3 76.0 72.4 69.8 65.4 65.3 64.2 64.8 61.5 57.2 57.2 56.3 55.7 58.2 57.1 57.2 54.2 57.3 56.0 60.1 59.7 54.0 60.5 55.5 52.4 55.2 56.7 54.6 52.5 54.8 49.7 50.4 53.1 54.5 52.6 50.6 50.8 53.3 51.3 49.1 47.2 47.3 47.5 48.5 49.3 48.2 49.7 48.9 48.0 49.7 50.0 48.7 50.2 46.5 47.2 47.4 46.9 47.1 46.6 46.8 47.2 47.4 50.1 50.1 50.1 47.7 47.0 47.4 49.7 49.6 48.4 49.3 48.7 47.7 50.8 45.4 44.8 47.5 48.0 47.3 48.4 45.4 46.5 47.1 46.0 47.3 45.2 47.5 48.6 45.8 48.3 49.6 48.1 51.3 47.1 45.9 44.5 45.3 46.5 48.7 47.8 49.7 49.6 49.1 49.0 50.6 50.6 48.3 49.3 51.6 51.4 50.5 51.7 51.7 50.0 50.3 53.9 52.7 50.2 50.5 51.5 52.8 53.0 52.3 52.4 51.5 51.7 51.4 53.2 52.6 52.5 52.4 53.2 52.0 53.4 53.7 54.5 55.2 55.4 57.5 60.6 64.0 65.7 68.8 72.7 73.6 77.7 79.1 82.5 82.2 83.8 85.2 85.6 86.1 86.9 86.8 87.3 88.3 88.8 89.8 90.6 91.1 90.5 89.9 91.8 92.5 93.5 93.2 93.1 94.4 94.4 94.5 94.3 94.4 95.0 95.1 95.5 95.9 96.2 96.2 96.3 96.2 96.6 96.9 96.8 96.6 96.8 96.8 97.0 96.8 96.9 96.7 72.78125 21.440430298707355
END
#################################################################
SECTION3 (Edges Information)
EndPoint0 EndPoint1 Weight
0 1 1.000000
1 2 1.000000
2 3 1.000000
3 4 1.000000
3 5 1.000000
4 5 1.000000
4 6 1.000000
5 6 1.000000
5 7 1.000000
6 7 1.000000
7 8 1.000000
7 9 1.000000
8 9 1.000000
END
#################################################################
SECTION4 (TrueSubGraph Information)
EndPoint0 EndPoint1 Weight
END
#################################################################
