10 0.2222222222222222 0.01904761904761905 0.03508771929824562
15 0.3333333333333333 0.047619047619047616 0.08333333333333333
20 0.4090909090909091 0.08571428571428572 0.14173228346456695
25 0.3333333333333333 0.08571428571428572 0.13636363636363638
30 0.375 0.11428571428571428 0.17518248175182483
35 0.425 0.1619047619047619 0.23448275862068962
40 0.4222222222222222 0.18095238095238095 0.25333333333333335
45 0.4117647058823529 0.2 0.2692307692307692
50 0.43103448275862066 0.23809523809523808 0.3067484662576687
55 0.46875 0.2857142857142857 0.35502958579881655
60 0.43478260869565216 0.2857142857142857 0.3448275862068965
65 0.44 0.3142857142857143 0.3666666666666667
70 0.4125 0.3142857142857143 0.3567567567567568
75 0.4117647058823529 0.3333333333333333 0.36842105263157887
80 0.4 0.34285714285714286 0.36923076923076925
85 0.3894736842105263 0.3523809523809524 0.37
90 0.37 0.3523809523809524 0.36097560975609755
95 0.3619047619047619 0.3619047619047619 0.3619047619047619
100 0.34545454545454546 0.3619047619047619 0.35348837209302325
105 0.33043478260869563 0.3619047619047619 0.34545454545454546
