10 0.1111111111111111 0.009523809523809525 0.01754385964912281
15 0.14285714285714285 0.01904761904761905 0.033613445378151266
20 0.25 0.047619047619047616 0.08
25 0.20833333333333334 0.047619047619047616 0.07751937984496124
30 0.2903225806451613 0.08571428571428572 0.13235294117647062
35 0.25 0.08571428571428572 0.1276595744680851
40 0.21951219512195122 0.08571428571428572 0.12328767123287672
45 0.2608695652173913 0.11428571428571428 0.15894039735099338
50 0.2962962962962963 0.1523809523809524 0.20125786163522014
55 0.3103448275862069 0.17142857142857143 0.22085889570552147
60 0.31746031746031744 0.19047619047619047 0.23809523809523808
65 0.34285714285714286 0.22857142857142856 0.2742857142857143
70 0.3333333333333333 0.23809523809523808 0.2777777777777778
75 0.35802469135802467 0.2761904761904762 0.31182795698924737
80 0.3488372093023256 0.2857142857142857 0.31413612565445026
85 0.34782608695652173 0.3047619047619048 0.32487309644670054
90 0.32989690721649484 0.3047619047619048 0.31683168316831684
95 0.3333333333333333 0.3238095238095238 0.3285024154589372
100 0.32710280373831774 0.3333333333333333 0.330188679245283
105 0.3153153153153153 0.3333333333333333 0.324074074074074
110 0.3017241379310345 0.3333333333333333 0.3167420814479638
115 0.2892561983471074 0.3333333333333333 0.30973451327433627
120 0.2777777777777778 0.3333333333333333 0.303030303030303
125 0.26717557251908397 0.3333333333333333 0.29661016949152536
130 0.2647058823529412 0.34285714285714286 0.29875518672199164
135 0.2553191489361702 0.34285714285714286 0.2926829268292683
140 0.2465753424657534 0.34285714285714286 0.28685258964143423
