#################################################################
#APDM Input Graph, this input graph includes 3 sections:
#section1 : general information
#section2 : nodes
#section3 : edges
#section4 : trueSubGraph (Optional)
#
#if nodes haven't information set weight to null
#################################################################
SECTION1 (General Information)
numNodes = 10
numEdges = 13
usedAlgorithm = NULL
dataSource = TransWeatherRealData
END
#################################################################
SECTION2 (Nodes Information)
NodeID Temperatures  mean  std 
0 59.7 59.3 58.8 58.6 58.3 57.9 57.5 57.2 56.9 56.8 56.6 56.3 56.1 56.0 55.7 55.7 55.6 55.5 55.4 55.1 55.3 55.2 54.9 55.0 55.0 54.8 54.8 54.6 54.7 54.6 54.3 54.3 54.4 54.2 54.0 54.0 53.9 54.0 53.7 53.6 53.8 53.6 53.7 53.6 53.4 53.4 53.3 53.3 53.1 53.1 53.0 52.9 52.6 52.7 52.9 52.8 52.8 52.4 52.3 52.0 52.1 52.3 52.6 52.5 52.8 53.0 53.0 52.8 52.8 52.8 52.7 52.6 52.5 52.5 52.4 52.4 52.4 52.2 52.2 52.1 52.0 52.0 52.0 52.0 51.9 51.9 51.8 51.8 51.7 51.7 51.7 51.6 51.5 51.5 51.4 51.4 51.4 51.2 51.2 51.1 51.0 51.0 50.9 50.8 50.7 50.2 49.5 49.0 48.7 48.7 48.6 48.1 48.0 48.0 47.8 47.8 47.8 47.7 47.7 47.7 47.7 47.8 47.8 47.8 47.8 47.8 47.8 47.8 47.8 47.8 47.8 47.8 47.8 47.9 47.9 47.9 47.9 48.0 48.3 48.2 48.3 48.0 47.9 48.0 48.1 48.2 48.0 48.2 48.2 47.9 48.2 48.2 48.1 48.0 47.8 47.9 48.0 47.8 47.7 47.7 48.4 49.5 49.7 49.7 49.7 49.1 48.2 48.0 48.1 48.4 48.7 48.7 48.8 49.2 49.9 49.9 49.5 49.8 50.1 51.1 52.7 53.0 51.9 51.4 51.9 52.1 53.3 53.6 52.6 53.5 54.6 53.0 53.7 53.1 53.2 55.1 55.5 55.4 54.8 55.1 55.2 56.5 55.4 54.9 55.2 54.5 54.9 54.8 54.8 55.8 55.5 54.9 54.7 55.4 54.5 54.2 53.9 53.7 54.0 55.0 55.1 55.4 55.8 55.5 54.3 54.4 54.5 54.3 54.0 54.3 54.5 54.3 54.1 54.7 55.0 54.9 54.2 54.5 54.4 54.7 54.2 54.0 54.9 54.4 54.3 54.1 53.9 54.0 54.5 54.2 54.0 53.9 54.1 54.2 54.5 54.2 54.5 54.5 54.1 53.9 54.0 54.0 53.9 53.8 53.7 53.7 53.6 53.5 53.5 53.4 53.5 53.4 53.3 53.2 53.2 53.1 52.9 52.8 52.7 52.7 52.6 52.6 52.6 52.6 52.7 52.7 52.7 52.6 52.38854166666667 2.7852474649062278
1 59.7 59.8 59.9 60.1 59.9 59.8 59.8 59.7 59.6 59.5 59.5 59.2 58.9 59.2 58.9 58.9 58.7 58.5 58.5 58.2 57.9 57.5 57.4 56.9 56.6 56.3 56.0 55.8 55.6 55.3 55.2 55.3 55.0 54.9 54.9 54.9 54.5 54.6 54.5 54.4 54.3 54.3 54.2 54.1 53.9 53.8 53.7 53.7 53.6 53.6 53.4 53.4 53.4 53.3 53.3 53.3 53.3 53.1 53.3 53.2 53.2 52.9 53.1 52.9 52.8 52.7 52.9 52.9 52.6 52.5 52.5 52.6 52.2 52.3 52.4 52.1 52.2 52.0 51.9 52.0 51.7 52.0 52.1 51.9 51.9 51.9 51.7 51.6 51.5 51.4 51.1 51.1 51.1 51.0 50.9 51.0 51.0 51.0 50.8 50.7 50.5 50.7 50.8 50.8 50.8 50.7 50.5 50.4 50.2 50.2 50.2 50.0 49.8 49.6 49.4 49.6 49.6 49.4 49.5 49.5 49.4 49.8 50.0 50.2 50.3 50.4 50.2 49.5 49.2 48.6 48.1 47.8 47.8 47.7 47.7 47.7 47.6 47.5 47.5 47.6 47.7 47.9 48.0 48.0 48.0 47.9 48.0 48.3 48.5 48.5 48.7 48.4 47.9 47.8 47.8 48.0 48.0 48.1 48.0 48.3 48.8 50.1 50.5 50.9 49.9 49.3 50.8 51.5 52.0 52.3 50.9 50.5 51.2 51.1 50.5 50.2 50.1 51.0 51.6 50.1 49.8 49.3 48.9 48.9 48.7 48.6 48.8 48.8 49.0 49.1 49.5 49.8 49.8 49.7 49.6 49.7 50.0 50.1 50.2 50.5 50.5 50.8 52.5 54.0 54.0 53.2 53.6 53.8 56.0 55.0 54.8 54.1 53.8 55.4 55.3 54.9 55.8 55.0 54.3 54.4 54.2 54.0 53.9 53.8 53.8 53.9 53.7 53.5 54.7 54.8 54.9 55.1 55.3 55.0 54.9 54.8 54.8 54.2 53.7 53.4 52.6 53.2 53.6 53.2 53.3 53.5 53.3 53.0 53.0 52.8 52.6 52.5 52.7 52.6 52.9 52.9 52.7 52.9 52.9 52.8 52.8 52.8 52.8 52.7 52.7 52.7 52.8 52.8 52.8 52.6 52.5 52.4 52.4 52.3 52.2 52.2 52.2 52.3 52.3 52.3 52.3 52.2 52.1 52.1 52.1 51.9 51.8 51.8 52.376041666666666 2.938394574289849
2 64.6 64.5 64.5 64.5 64.3 63.8 63.6 63.4 63.0 62.8 62.7 62.4 62.2 62.5 62.4 62.1 61.9 61.7 61.3 61.0 60.7 61.0 61.2 60.9 61.2 61.0 60.6 60.3 60.1 59.7 59.4 59.3 58.9 58.8 58.5 58.3 58.1 58.2 58.0 58.0 57.7 57.7 57.6 57.5 57.2 57.1 57.0 56.8 56.9 56.8 56.6 56.5 56.5 56.5 56.3 56.3 56.1 55.8 55.9 55.8 55.7 55.7 55.6 55.4 55.3 55.2 55.2 55.1 55.0 54.9 55.1 55.0 55.2 55.4 55.3 55.1 55.0 54.8 54.6 54.6 54.4 54.4 54.5 54.3 54.3 54.3 54.2 54.2 54.2 54.1 54.0 53.9 54.1 54.0 54.0 54.0 54.0 53.9 54.0 53.9 53.8 53.6 53.1 53.0 52.7 52.7 52.7 52.3 52.0 51.8 51.9 51.9 52.2 52.2 52.1 52.1 52.2 52.1 52.1 52.3 52.3 52.6 52.6 52.8 53.1 53.2 53.2 53.2 53.1 53.1 53.2 53.4 53.5 53.5 53.6 53.5 52.9 51.9 51.3 51.1 50.9 50.5 50.5 50.6 50.6 50.6 50.8 51.0 51.3 51.7 52.1 52.8 53.1 52.8 52.3 52.9 53.4 53.7 54.3 54.5 54.8 54.5 54.4 54.4 54.8 55.6 55.7 55.6 55.6 55.8 55.1 54.8 55.1 55.6 56.6 55.9 56.0 55.8 55.3 54.6 54.8 55.4 55.1 55.0 55.1 54.8 54.3 54.1 54.2 54.4 54.2 54.4 54.8 54.3 55.2 54.0 53.8 54.0 54.6 54.9 54.8 55.2 55.2 55.1 54.8 54.5 54.6 55.1 55.4 55.9 56.3 56.3 56.1 57.6 57.4 56.8 56.4 56.8 56.6 56.2 56.0 56.3 57.9 58.2 57.4 57.9 58.1 57.8 57.4 57.2 57.2 57.4 57.1 56.9 56.7 56.7 56.7 56.6 56.4 56.2 56.2 56.2 56.2 56.3 56.3 55.7 55.3 55.1 55.0 54.8 54.2 53.2 52.5 52.6 52.8 53.0 53.0 52.9 53.0 53.0 53.1 53.2 53.3 53.2 53.1 53.2 53.2 53.1 53.0 53.0 53.2 52.9 52.8 52.7 52.7 52.7 52.8 52.8 52.8 52.9 52.9 52.9 52.9 52.9 52.8 52.9 52.8 52.9 55.36388888888889 2.9828572021899755
3 62.8 62.8 62.9 62.8 62.9 62.8 62.8 62.7 62.8 62.7 62.5 62.1 62.2 61.7 61.6 61.3 61.1 60.7 60.6 60.4 60.2 59.8 59.6 59.8 59.6 59.4 59.2 58.9 58.8 58.6 58.5 58.5 58.5 58.4 58.2 58.0 57.7 57.6 57.6 57.7 57.5 57.3 57.3 57.0 56.9 57.0 56.7 56.7 56.4 56.2 56.1 55.9 55.6 55.6 55.3 55.0 54.9 54.9 54.8 54.9 54.7 54.5 54.7 54.4 54.4 54.5 54.5 54.4 54.2 53.9 54.0 54.2 54.1 54.1 53.9 54.2 54.3 54.3 54.1 54.1 54.1 53.9 54.2 54.2 54.3 54.5 54.5 54.5 54.5 54.7 54.7 54.6 54.7 54.7 54.7 54.6 54.5 54.3 54.3 54.2 54.1 54.0 53.9 53.8 53.7 53.7 53.6 53.6 53.5 53.4 53.2 53.3 53.0 53.1 53.0 52.8 52.6 52.8 52.9 53.1 53.1 53.2 53.2 53.3 53.3 53.4 53.3 53.2 53.1 53.1 53.1 53.1 53.0 53.0 53.0 53.0 53.0 53.0 53.1 53.2 53.6 53.7 53.5 53.6 53.5 53.5 53.4 53.6 53.8 54.1 54.6 54.9 54.9 55.0 54.9 54.9 54.8 54.7 54.3 53.8 53.8 54.0 54.2 54.7 55.0 54.3 54.0 54.1 54.3 54.2 54.3 54.6 55.0 55.1 54.8 54.5 54.2 54.4 55.0 55.7 55.6 56.5 56.5 55.5 55.2 54.8 54.5 54.5 55.7 55.3 54.9 53.8 52.4 51.6 51.4 51.2 51.2 51.2 51.0 50.9 51.0 51.0 51.2 51.8 51.8 51.8 51.9 52.1 52.5 53.4 54.9 55.5 55.1 55.2 55.0 55.0 56.1 56.7 56.7 57.5 57.6 57.7 57.8 57.7 58.3 58.6 57.2 56.5 56.0 57.1 57.2 56.9 57.1 56.6 56.4 56.2 55.7 55.5 55.6 55.6 54.9 54.6 54.8 54.8 54.7 55.0 55.1 55.1 54.9 54.8 54.5 54.0 53.9 53.9 53.9 53.5 53.4 53.4 53.3 53.3 53.2 53.2 53.1 53.0 52.9 52.9 53.1 53.1 53.1 53.2 53.6 53.4 53.2 53.1 53.0 53.1 53.1 53.1 53.0 53.0 53.0 53.1 53.0 53.0 53.0 53.0 53.0 53.0 55.12361111111111 2.6191997105031555
4 60.0 59.7 59.7 59.5 59.4 59.3 59.5 59.6 60.0 60.2 60.4 60.4 60.5 60.7 60.6 60.3 60.3 60.1 60.0 60.0 59.9 59.7 59.7 59.4 59.3 59.2 59.0 58.7 58.5 58.5 58.2 57.8 57.6 57.4 57.4 57.3 57.5 57.4 57.4 57.4 57.3 57.3 57.3 57.2 57.1 56.8 56.7 56.4 56.1 56.0 56.0 55.9 55.8 55.8 55.9 55.9 55.7 55.3 55.1 54.8 54.7 54.6 54.5 54.5 54.4 54.3 54.4 54.4 54.3 54.3 54.4 54.1 54.3 54.3 54.3 54.3 54.2 54.2 54.0 54.1 54.1 54.0 54.1 54.0 54.0 54.2 54.0 53.9 54.0 54.0 53.8 53.6 53.6 53.8 53.6 53.5 53.5 53.6 53.5 53.5 53.4 53.6 53.6 53.4 53.0 52.8 52.9 52.8 53.0 53.0 53.1 53.1 53.0 53.0 53.2 53.3 53.4 53.3 53.3 53.3 53.2 53.2 53.1 53.1 53.1 53.1 53.1 53.1 53.1 53.1 53.2 53.2 53.2 53.2 53.1 53.2 53.2 53.1 53.0 53.0 53.0 53.0 53.0 53.0 53.0 53.0 53.0 52.9 52.9 52.8 52.8 52.8 52.9 52.9 53.0 52.9 52.8 52.7 52.7 52.8 52.8 52.9 53.0 53.1 53.0 52.8 52.6 52.5 52.6 52.6 52.6 52.6 52.5 52.5 52.7 52.6 52.5 52.5 52.7 53.6 54.1 53.7 53.3 53.2 52.6 52.6 52.8 54.8 55.0 53.6 52.6 52.0 51.2 50.4 49.9 49.6 49.8 49.8 49.9 50.0 50.0 50.4 50.5 50.6 51.2 51.6 52.0 53.2 53.8 54.5 54.5 54.5 55.2 55.4 55.4 55.1 55.5 55.0 55.1 56.0 55.6 55.8 55.6 55.2 55.0 54.9 55.3 56.0 56.2 56.4 57.0 57.1 56.3 54.8 54.6 53.9 53.7 53.9 53.9 53.9 54.0 54.2 54.0 53.8 53.9 53.9 53.6 53.5 53.4 53.3 52.9 52.9 52.7 52.6 52.5 52.6 52.6 52.4 52.1 52.0 52.1 52.2 52.2 52.3 52.1 51.8 51.6 51.4 51.5 51.5 51.4 51.4 51.4 51.5 51.6 51.5 51.5 51.5 51.5 51.5 51.1 50.7 50.5 50.2 50.4 50.6 50.7 51.0 54.203472222222224 2.516064434023801
5 60.1 59.9 59.8 59.9 59.9 60.0 59.9 59.5 59.0 58.9 58.9 58.4 57.8 57.3 57.1 56.9 56.7 56.4 56.8 57.0 57.2 57.2 57.1 56.9 56.4 56.3 56.3 56.5 56.5 56.8 56.8 56.9 57.0 57.1 57.0 57.1 57.4 57.4 57.6 57.5 57.4 57.3 57.3 57.3 57.3 56.9 56.7 56.5 56.4 56.2 56.3 56.1 56.2 56.2 56.2 56.0 55.9 55.9 56.0 55.9 55.8 55.9 55.8 55.7 55.6 55.6 55.4 55.3 55.2 55.1 55.1 55.0 54.9 54.7 54.7 54.6 54.5 54.5 54.4 54.3 54.3 54.3 54.3 54.2 54.2 54.2 54.1 54.0 54.0 54.0 53.9 53.7 53.4 53.0 52.7 52.8 52.7 52.7 52.9 53.0 52.9 52.9 52.8 52.7 52.7 52.6 52.7 52.7 52.8 52.8 52.8 52.7 52.7 52.7 52.7 52.7 52.6 52.7 52.7 52.7 52.6 52.6 52.6 52.6 52.6 52.7 52.7 52.7 52.8 52.8 52.7 52.7 52.6 52.6 52.5 52.4 52.4 52.4 52.4 52.3 52.3 52.3 52.3 52.3 52.3 52.3 52.3 52.2 52.2 52.2 52.2 52.2 52.1 52.2 52.1 51.9 51.7 51.4 51.0 50.7 50.7 50.6 50.5 50.7 50.9 50.9 51.1 51.0 50.9 51.0 51.0 50.9 51.0 51.2 51.3 51.3 51.3 51.1 51.1 51.2 51.2 51.3 51.4 51.5 51.5 51.4 51.3 51.0 50.7 50.4 50.3 50.6 50.8 51.3 51.5 51.9 52.6 53.6 53.9 53.7 53.8 54.4 54.3 53.3 50.9 50.8 51.2 52.0 52.9 53.7 54.2 54.1 54.0 53.3 52.9 52.6 53.1 53.7 54.1 54.6 54.7 54.6 54.5 54.6 54.4 54.3 54.1 54.1 54.2 54.5 54.8 55.0 54.5 54.4 54.6 54.7 54.7 55.4 55.4 55.5 55.4 55.2 55.0 54.3 53.8 53.7 53.5 53.3 53.2 53.0 52.7 52.6 52.6 52.6 52.5 52.4 52.4 52.4 52.5 52.4 52.3 52.2 52.1 52.0 52.0 52.0 52.0 51.9 52.0 51.9 51.8 51.7 51.6 51.5 51.4 51.4 51.4 51.2 51.0 50.9 50.8 50.7 50.8 50.9 50.8 50.8 50.8 50.8 53.73229166666667 2.2967403712114716
6 56.0 55.9 56.0 56.1 56.1 56.0 56.1 56.1 55.9 55.5 55.3 55.2 55.2 55.3 55.3 55.2 55.1 55.1 55.0 54.9 54.9 54.9 54.9 54.7 54.7 54.6 54.6 54.6 54.5 54.5 54.5 54.3 54.3 54.3 54.2 53.9 53.6 53.4 53.3 53.2 53.1 53.0 53.0 53.0 52.9 52.9 52.9 52.9 52.8 52.9 52.7 52.5 52.5 52.4 52.4 52.4 52.4 52.2 52.2 52.2 52.2 52.2 52.2 52.3 52.1 52.1 52.1 52.1 52.0 52.0 52.0 51.9 51.9 51.8 51.6 51.5 51.5 51.5 51.6 51.5 51.5 51.4 51.2 51.0 51.0 50.9 50.9 50.8 50.8 50.7 50.7 50.5 50.5 50.6 50.7 50.7 50.7 50.8 50.7 50.6 50.5 50.5 50.5 50.4 50.4 50.3 50.2 50.1 50.0 50.0 49.9 49.8 49.7 49.7 49.7 49.7 49.6 49.6 49.5 49.4 49.5 49.5 49.5 49.5 49.4 49.5 49.5 49.4 49.5 49.5 49.6 49.5 49.3 49.2 49.1 49.2 49.2 49.2 49.2 49.2 49.2 49.2 49.1 49.1 49.1 49.1 49.1 49.1 49.0 49.0 49.1 49.1 49.1 49.1 49.1 48.9 49.0 48.9 48.9 48.9 48.9 48.9 48.7 48.8 48.8 48.8 49.0 49.0 49.0 49.2 49.4 49.4 49.4 49.5 49.4 49.5 49.5 49.5 49.5 49.4 49.5 49.7 49.7 49.8 49.8 50.0 50.0 49.9 49.8 49.6 49.5 49.8 49.8 49.4 49.5 49.8 49.6 49.5 50.2 50.5 50.3 50.7 50.2 50.1 50.7 51.2 51.6 51.6 51.9 50.8 49.7 49.4 49.6 50.1 51.1 51.4 51.4 51.2 50.8 50.5 50.5 50.3 51.0 51.4 51.4 51.2 51.5 51.4 50.9 51.0 50.8 50.3 50.0 50.4 50.8 51.2 51.4 50.9 49.9 49.6 50.7 51.8 52.3 52.5 52.1 51.8 51.6 51.3 51.1 50.7 50.2 49.8 49.7 49.5 49.6 49.6 49.5 49.2 48.7 48.4 47.8 47.5 47.6 47.7 47.6 47.8 47.6 47.5 47.2 47.0 46.9 47.1 47.3 47.4 47.7 47.5 47.3 47.3 47.3 47.3 47.3 47.2 47.1 46.9 46.7 46.5 46.4 46.3 50.748263888888886 2.2138140358151763
7 61.2 60.7 60.6 60.2 60.1 60.2 60.0 59.9 59.8 59.7 59.4 59.1 59.2 58.8 58.7 58.7 58.8 58.8 58.6 58.6 58.6 58.4 58.6 58.6 58.8 58.9 58.9 58.8 58.8 58.8 58.8 58.5 58.2 58.0 58.0 57.8 57.8 57.7 57.8 57.5 57.4 57.6 57.4 57.4 57.4 57.4 57.3 57.2 57.2 57.3 57.4 57.6 57.5 57.4 57.5 57.3 57.1 57.0 57.0 56.9 56.8 56.6 56.5 56.4 56.1 55.7 55.4 55.3 55.5 55.4 55.2 55.2 55.2 55.3 55.5 55.4 55.5 55.5 55.6 55.5 55.4 55.4 55.2 55.2 55.2 55.2 55.2 55.2 55.1 55.2 55.1 55.1 55.3 55.3 55.3 55.3 55.2 55.1 54.9 54.7 54.7 54.6 54.7 54.6 54.7 54.9 55.1 55.1 54.9 54.9 54.8 54.8 54.7 54.5 54.3 54.2 54.0 54.0 53.8 53.7 53.6 53.8 53.9 54.1 54.2 54.2 54.3 54.2 54.2 54.1 54.2 54.2 54.2 54.2 54.2 54.3 54.4 54.4 54.5 54.5 54.3 54.2 54.5 54.6 54.6 54.7 54.7 54.7 54.7 54.7 54.9 55.0 55.0 55.3 55.5 55.7 55.8 55.8 55.5 55.3 55.6 55.6 55.4 55.1 54.7 54.5 54.4 54.4 54.4 54.3 54.2 54.2 54.1 54.3 54.8 54.8 54.7 54.8 54.7 54.6 54.5 54.6 54.8 54.9 54.9 55.0 55.1 55.1 55.6 55.5 55.3 55.1 55.4 55.4 55.5 56.0 55.9 55.4 55.8 56.0 57.1 57.1 56.5 56.3 56.8 56.5 56.1 55.5 55.4 55.6 55.9 56.7 57.6 58.0 58.5 59.2 58.9 59.0 58.7 58.4 56.3 56.2 57.3 57.5 57.5 57.3 58.1 58.6 58.9 59.3 58.5 57.0 57.2 58.0 57.8 57.7 57.7 57.7 57.6 56.7 56.8 56.4 55.9 55.9 55.9 56.0 55.9 55.7 55.1 55.9 55.3 55.5 56.6 56.0 56.1 56.0 55.9 55.7 55.5 55.4 55.1 55.0 54.9 54.7 54.4 54.3 54.2 54.0 54.0 53.7 53.6 53.5 53.5 53.5 53.4 53.2 53.1 52.9 52.9 52.8 52.8 52.7 52.7 52.6 52.5 52.4 52.3 52.3 55.92604166666667 1.822674345101913
8 59.3 59.3 59.9 59.6 59.5 59.3 59.2 59.0 59.0 58.6 58.4 57.7 57.9 57.7 57.8 57.6 57.4 57.2 57.0 57.5 57.4 57.3 57.3 57.2 57.0 57.7 57.6 57.5 57.6 57.8 57.8 57.9 57.8 57.7 57.8 57.8 57.7 57.5 57.0 56.4 55.8 55.9 55.6 55.6 55.4 55.0 54.8 54.7 54.3 54.5 54.2 54.5 54.4 53.9 54.5 54.3 54.6 54.5 54.7 55.1 55.2 55.2 55.2 55.0 55.0 55.1 55.0 54.9 54.8 54.8 54.5 54.3 54.5 54.4 54.2 53.9 53.8 53.9 53.6 54.1 53.6 53.3 53.9 54.1 54.1 54.1 54.1 54.1 54.2 54.1 54.2 54.1 54.1 54.1 53.9 54.1 54.0 53.9 53.8 53.8 53.9 53.8 53.9 53.9 53.8 53.8 53.9 54.0 53.8 53.7 53.6 53.7 53.4 53.4 53.6 53.4 53.4 53.4 53.5 53.3 53.1 53.2 53.3 53.2 53.1 53.1 53.1 53.1 52.9 53.0 53.0 53.0 53.0 52.9 52.9 52.9 52.8 52.8 52.9 52.9 53.0 53.1 53.1 53.3 53.4 53.6 53.9 54.5 55.6 56.4 55.5 54.7 54.7 54.5 54.7 54.7 54.9 54.9 55.1 54.8 54.9 55.0 54.8 54.6 54.6 54.5 54.6 54.6 54.9 55.3 55.3 55.6 55.9 55.7 55.6 55.3 55.0 55.0 55.0 55.9 55.7 55.3 55.1 56.0 56.1 56.3 55.5 54.8 54.0 54.0 54.3 54.4 54.1 53.8 53.6 53.5 53.4 53.4 53.7 54.4 54.8 54.9 53.9 52.2 52.2 52.5 52.0 51.9 51.8 52.2 52.7 53.6 54.2 54.8 55.3 55.1 54.5 55.2 55.6 55.7 56.0 56.5 57.2 57.8 57.1 56.1 55.5 55.0 54.4 55.0 56.4 55.7 55.4 55.6 57.0 56.2 56.8 57.0 56.5 55.6 54.7 54.4 54.0 53.9 53.7 53.5 53.5 53.6 53.8 53.8 53.7 53.3 53.7 55.0 55.8 55.4 55.1 55.1 54.8 54.6 54.4 54.4 54.4 54.6 54.2 53.9 53.5 53.2 52.9 52.6 52.5 52.3 52.2 52.3 52.3 52.2 51.9 51.8 51.6 51.5 51.4 51.4 51.3 51.3 51.3 51.2 51.1 51.0 54.69895833333333 1.7766092351905804
9 58.5 58.6 58.8 58.8 58.5 58.9 58.2 58.3 58.1 58.0 57.8 57.7 57.9 58.8 58.1 58.2 58.1 57.5 57.3 57.7 58.1 57.6 57.5 56.5 56.9 56.9 56.6 56.5 56.4 55.8 55.7 55.5 55.4 55.8 55.8 55.6 55.1 54.8 54.7 54.7 54.5 54.7 54.2 53.6 53.1 53.3 53.8 54.0 54.5 53.1 52.3 52.5 52.3 53.5 52.8 53.4 54.0 54.5 55.0 55.2 55.2 55.4 55.4 55.6 55.6 55.6 55.4 55.5 55.4 55.2 55.3 55.3 55.4 55.5 55.4 55.4 55.3 55.3 55.3 55.3 55.1 55.1 55.2 55.2 55.2 55.1 55.0 54.9 55.0 55.1 55.0 55.0 54.9 54.9 54.9 54.8 54.7 54.7 54.6 54.7 54.7 54.6 54.5 54.5 54.3 54.2 53.8 53.9 53.8 53.9 54.0 53.9 53.8 53.9 53.9 54.0 54.0 54.0 54.1 54.0 53.9 53.8 53.9 53.9 54.1 54.1 54.1 54.1 54.0 54.0 54.1 54.2 54.5 54.8 55.2 55.4 55.2 55.0 54.5 54.4 54.4 54.6 54.7 54.7 54.7 54.6 54.7 54.8 54.7 54.7 54.8 54.9 55.1 55.1 55.3 55.4 55.4 55.6 56.1 56.3 56.4 56.6 56.9 57.2 57.1 57.4 58.3 58.7 58.8 58.7 58.0 58.9 59.2 59.1 59.8 58.8 58.0 58.3 58.9 58.6 58.5 58.5 58.2 57.8 57.8 57.9 57.7 57.6 58.2 58.7 58.6 57.8 57.9 58.0 58.3 58.4 58.4 58.4 58.3 58.1 58.3 57.7 56.7 56.0 55.9 56.4 57.2 57.8 58.0 57.5 57.4 57.5 58.0 58.0 58.4 58.5 58.1 58.4 58.5 59.6 59.9 59.1 58.6 58.7 58.4 58.5 58.3 57.9 57.3 56.6 56.6 54.9 55.1 55.8 56.6 57.4 57.8 58.1 58.8 58.4 58.6 58.2 58.5 59.1 60.6 60.1 59.8 58.3 58.0 58.7 57.7 57.3 57.0 57.3 58.6 57.6 56.8 56.8 56.8 56.2 56.2 56.2 56.1 55.8 55.4 55.5 55.7 55.5 55.5 55.5 56.2 56.4 55.9 55.7 55.6 55.1 55.0 54.8 54.6 54.3 54.1 54.0 53.9 53.7 53.6 53.6 53.4 53.3 56.15486111111111 1.8233227646216685
END
#################################################################
SECTION3 (Edges Information)
EndPoint0 EndPoint1 Weight
0 1 1.000000
1 2 1.000000
2 3 1.000000
3 4 1.000000
3 5 1.000000
4 5 1.000000
4 6 1.000000
5 6 1.000000
5 7 1.000000
6 7 1.000000
7 8 1.000000
7 9 1.000000
8 9 1.000000
END
#################################################################
SECTION4 (TrueSubGraph Information)
EndPoint0 EndPoint1 Weight
END
#################################################################
