#################################################################
#APDM Input Graph, this input graph includes 3 sections:
#section1 : general information
#section2 : nodes
#section3 : edges
#section4 : trueSubGraph (Optional)
#
#if nodes haven't information set weight to null
#################################################################
SECTION1 (General Information)
numNodes = 10
numEdges = 13
usedAlgorithm = NULL
dataSource = TransWeatherRealData
END
#################################################################
SECTION2 (Nodes Information)
NodeID Temperatures  mean  std 
0 66.5 66.5 66.6 66.3 66.5 66.2 65.8 65.0 64.1 63.0 63.3 63.4 63.0 63.1 63.7 63.7 63.0 62.0 62.4 62.7 62.4 61.3 61.2 61.1 61.0 61.5 61.9 61.1 59.6 59.2 59.1 58.7 58.3 58.1 58.1 57.0 56.8 56.7 57.1 57.3 56.8 56.6 56.6 56.8 56.4 56.9 56.0 56.2 55.8 55.7 55.0 56.0 55.5 56.0 56.1 55.6 55.3 55.4 55.9 56.0 56.4 56.0 55.7 55.4 55.8 55.7 56.1 56.8 57.0 57.2 57.3 57.4 57.6 57.4 57.0 57.1 57.6 57.1 56.7 56.5 56.1 56.6 56.4 56.2 55.7 55.8 56.7 57.4 57.6 58.3 58.8 59.1 59.3 59.4 59.4 59.3 59.0 59.3 59.5 59.9 60.3 60.7 60.9 61.5 62.5 63.1 63.3 63.2 62.9 63.0 63.5 64.3 64.9 65.6 65.9 66.5 67.2 67.4 67.7 67.8 67.8 67.9 68.1 68.3 68.4 68.5 68.6 68.9 69.1 69.3 69.5 69.8 70.1 70.2 70.3 70.4 70.6 70.5 70.7 70.8 71.4 71.5 71.8 71.9 71.9 71.9 72.2 72.4 72.7 73.0 73.1 73.4 73.9 73.8 74.0 74.5 74.8 75.1 75.0 74.6 74.9 75.0 74.1 73.9 73.6 72.7 72.2 72.3 72.9 73.6 73.6 73.6 73.7 72.8 72.9 72.7 72.4 73.5 73.9 74.5 75.2 75.4 75.3 75.4 75.1 74.2 75.7 76.3 77.1 76.8 77.8 77.6 77.7 78.5 78.7 78.3 78.8 79.4 79.8 80.1 80.1 80.7 80.2 79.8 80.3 80.8 80.4 80.0 80.9 81.1 80.8 81.1 81.0 81.0 81.3 81.5 81.8 81.9 82.4 81.9 82.1 82.1 82.1 81.9 81.8 82.5 82.6 83.0 82.0 81.9 81.5 81.6 82.1 82.3 82.5 83.1 83.0 82.6 82.4 82.4 82.3 82.8 82.7 82.7 82.5 82.7 83.1 82.9 82.4 82.5 82.0 81.8 82.2 81.7 81.7 82.1 82.3 82.0 81.5 81.4 81.4 81.3 81.5 81.5 81.1 81.1 81.3 81.3 81.2 81.0 81.0 80.9 80.1 79.8 79.8 79.9 79.8 79.7 79.6 79.3 79.1 78.8 78.7 78.5 78.2 78.0 77.8 77.6 70.078125 9.710788602758091
1 60.7 59.0 57.5 57.0 56.5 56.0 55.9 55.7 55.7 55.7 55.4 54.8 53.0 53.5 53.2 52.8 53.1 53.6 52.9 52.6 51.5 51.1 50.7 50.8 50.4 51.0 51.3 51.6 50.8 51.0 50.5 50.9 51.7 51.2 50.8 50.1 50.0 50.0 49.7 49.7 49.2 49.2 49.4 50.0 49.4 49.4 49.7 48.9 48.8 48.8 48.4 48.2 48.2 48.1 48.6 48.4 50.1 49.3 48.6 47.9 47.5 47.7 47.8 48.3 48.8 48.3 48.3 48.5 48.8 48.7 48.2 48.0 47.5 47.5 48.2 47.8 48.7 48.9 49.9 51.2 49.5 49.4 51.4 54.5 56.1 56.6 57.1 56.9 56.5 53.4 51.5 51.4 51.2 51.3 51.2 51.8 52.1 52.7 52.5 52.3 52.4 51.8 51.9 52.7 55.6 61.1 62.1 62.8 62.6 63.0 62.9 62.1 60.6 60.3 60.3 61.2 61.3 61.7 62.1 62.1 61.8 61.9 61.8 61.6 61.9 61.8 62.0 62.4 63.4 64.7 67.7 69.0 69.4 69.8 70.1 70.6 71.0 71.0 71.0 71.4 71.3 71.5 71.5 71.7 71.9 71.9 71.8 72.0 72.1 72.5 72.7 73.0 72.3 72.5 72.7 72.9 73.1 73.0 73.1 73.1 72.9 72.9 73.7 75.0 75.0 75.1 75.5 75.6 74.9 74.6 74.6 74.9 75.9 77.0 77.7 76.8 76.4 76.0 75.7 75.7 75.9 76.2 76.3 75.8 75.6 76.2 77.4 79.0 79.1 79.2 79.7 79.5 79.6 79.7 79.2 79.4 79.6 79.8 79.0 78.4 79.6 80.2 81.2 81.2 81.9 81.5 80.8 81.4 82.9 82.7 82.9 82.6 82.8 82.5 82.8 82.5 83.0 81.6 81.6 81.4 83.4 82.8 82.3 82.9 83.0 83.4 83.0 81.9 83.0 82.8 83.3 82.9 83.0 83.2 83.7 84.1 84.0 84.6 84.6 84.4 84.9 84.4 84.5 84.3 84.5 84.6 84.5 84.0 84.2 83.5 83.9 83.6 83.0 82.5 83.7 84.0 83.5 83.4 83.1 82.9 83.0 83.6 83.0 83.5 82.8 82.4 82.7 83.2 83.0 82.5 82.6 82.5 82.5 82.3 82.2 82.1 81.9 81.8 81.6 81.3 81.1 81.0 80.9 80.7 80.7 80.6 80.2 80.3 67.48055555555555 13.677409731835647
2 65.7 65.6 64.7 63.9 63.5 61.3 59.7 59.0 57.7 57.4 56.7 56.9 57.4 56.9 55.7 55.7 55.1 54.5 54.2 54.0 53.7 53.5 53.7 51.1 53.1 52.7 52.5 51.0 51.8 50.9 52.3 52.7 51.2 51.1 51.1 50.8 50.8 50.5 50.2 51.4 52.0 53.9 54.6 54.6 55.5 55.4 55.5 55.5 55.9 56.3 55.9 55.9 55.7 55.7 55.5 55.1 55.2 55.1 54.7 54.7 54.6 54.2 54.1 54.1 53.7 53.8 53.5 53.5 53.2 53.1 52.7 52.7 52.8 52.9 52.7 52.4 52.5 52.6 52.5 52.4 52.6 52.9 52.7 52.9 52.6 53.0 53.1 53.0 53.2 53.2 53.2 53.2 53.0 53.0 53.0 52.8 52.9 53.1 53.0 53.1 53.1 53.4 53.6 53.9 54.1 54.3 54.8 55.1 55.3 55.7 55.8 56.0 56.1 56.3 56.2 56.4 56.5 56.6 56.8 57.0 57.3 57.4 57.7 57.9 58.0 58.3 58.5 58.8 58.9 59.1 59.2 59.3 59.5 59.5 59.6 59.8 59.7 59.2 59.7 59.8 60.3 60.4 60.6 60.3 56.4 56.0 55.6 55.6 56.0 56.3 56.4 56.6 57.2 57.2 57.6 58.0 58.3 58.7 59.0 59.5 59.8 60.1 60.2 60.4 60.8 61.3 61.7 62.3 63.5 64.5 65.6 67.1 68.0 69.2 70.8 71.2 71.2 72.2 72.6 73.0 73.0 73.2 73.1 73.0 73.4 74.2 75.0 76.8 79.2 80.2 80.0 79.1 79.0 79.0 79.8 80.7 81.1 81.1 81.7 82.1 81.9 81.7 82.6 82.8 83.7 83.5 82.7 82.3 82.1 82.3 82.5 82.1 81.9 82.3 83.5 83.8 84.6 84.5 83.3 83.5 84.1 84.7 84.9 85.6 85.5 85.7 86.0 84.9 85.0 85.8 86.6 86.2 85.2 85.0 85.6 86.1 86.3 86.9 86.6 85.9 86.0 86.7 86.5 87.3 87.2 87.0 87.2 86.9 86.5 86.2 86.6 86.3 86.6 86.6 86.1 86.1 86.5 87.2 86.8 87.0 86.7 86.8 87.0 86.9 86.8 86.4 86.6 86.5 86.5 86.3 86.1 86.2 86.1 86.0 86.0 85.8 85.4 85.0 85.0 84.8 84.8 84.5 84.5 84.3 84.0 83.8 83.6 83.3 66.83159722222223 13.858996557951164
3 60.6 61.1 59.9 59.2 58.6 57.8 57.6 57.1 56.9 56.1 55.3 54.9 54.7 53.6 53.3 52.3 52.2 51.5 51.3 51.0 51.5 50.8 50.9 50.7 50.7 49.6 49.7 49.3 49.3 49.1 48.2 48.3 48.1 47.7 48.0 47.5 47.1 46.7 46.4 46.9 48.3 48.8 49.3 48.7 48.8 48.4 48.2 47.0 47.7 47.6 47.7 48.5 48.5 48.6 47.8 48.4 49.2 49.0 49.5 48.8 47.5 47.0 46.8 45.9 45.8 45.5 45.5 45.5 45.7 44.9 45.2 44.8 44.8 44.6 44.4 44.3 44.3 44.2 44.1 44.0 43.8 43.5 43.5 43.3 43.5 43.5 43.4 43.4 43.5 43.6 43.6 43.7 43.9 44.1 44.3 44.7 45.3 45.7 45.6 46.1 46.3 46.5 46.3 46.2 46.8 47.0 47.1 47.5 47.3 47.4 47.5 47.8 47.9 47.8 47.8 48.0 48.1 48.4 48.7 48.6 49.0 49.6 50.4 50.5 50.6 50.9 51.3 51.3 51.8 52.0 51.8 52.2 52.3 52.4 52.5 52.7 52.6 52.3 51.8 51.6 51.4 51.0 51.0 51.0 51.0 50.6 50.6 51.0 51.6 52.6 53.2 53.0 53.3 54.0 53.6 53.1 53.2 53.5 53.6 53.6 53.7 54.0 54.0 54.4 54.5 54.8 54.7 54.8 55.0 54.9 55.1 55.5 55.8 56.1 56.9 57.6 58.0 58.5 59.1 59.6 59.7 59.9 60.7 61.4 62.1 62.1 62.4 62.2 62.7 63.6 64.1 65.4 67.0 68.4 68.6 69.6 70.9 71.4 72.5 73.4 74.2 74.6 74.5 75.8 76.8 76.9 76.6 76.2 76.0 75.7 75.5 75.3 75.0 74.9 75.2 75.2 74.9 74.6 74.2 74.6 75.3 76.3 76.4 76.4 76.8 77.6 77.6 77.6 77.3 77.8 78.5 78.6 79.0 79.0 78.4 78.6 78.8 79.3 79.2 78.8 78.3 78.6 78.6 78.6 78.9 78.2 78.1 78.5 78.5 78.4 78.7 78.8 78.9 78.7 78.8 78.9 78.9 79.0 79.3 79.5 79.6 79.9 80.1 80.3 80.3 80.4 80.2 79.9 79.8 80.0 80.3 80.3 80.4 80.4 80.4 80.2 80.1 80.0 80.3 80.5 80.3 80.3 80.2 79.7 79.3 78.8 77.3 76.7 59.621180555555554 13.407707596441545
4 62.4 61.4 60.8 59.7 59.8 59.2 58.0 57.0 55.3 54.7 55.1 54.7 54.4 53.1 52.8 52.5 50.5 51.4 52.3 50.8 49.0 49.2 49.7 50.0 49.3 48.9 49.4 49.3 46.6 47.0 47.5 47.8 48.0 46.9 46.9 46.7 47.4 47.5 45.2 43.7 44.5 45.7 46.6 46.9 45.4 46.2 43.9 41.7 43.3 44.2 45.3 44.3 42.3 42.8 44.0 43.8 43.9 45.1 43.6 44.8 43.2 43.5 44.0 42.0 42.6 44.0 43.6 44.9 45.1 42.6 41.9 41.8 42.2 42.7 42.4 42.6 41.2 42.7 43.2 42.9 43.9 43.3 44.1 44.4 44.4 43.9 42.7 43.4 44.8 45.2 45.3 45.2 44.4 44.6 42.8 42.3 43.8 44.5 44.5 45.0 44.8 44.9 44.7 44.7 45.0 45.1 45.5 45.5 45.8 45.9 45.9 46.1 46.5 46.6 46.7 46.9 47.2 47.3 47.1 47.5 47.7 48.0 48.1 48.2 48.6 49.0 49.4 49.4 49.6 49.6 49.7 49.8 50.0 50.1 50.2 50.3 49.9 49.2 48.8 48.7 48.5 48.2 48.2 48.2 48.3 48.3 48.2 48.4 48.4 48.6 48.5 48.4 48.4 48.5 48.5 48.6 48.6 48.6 48.8 48.7 49.1 49.6 49.8 49.9 49.8 50.0 50.2 50.4 50.3 50.4 50.8 50.9 51.1 51.3 51.5 51.8 52.0 52.2 52.3 52.5 52.7 52.8 52.8 53.1 53.2 53.4 53.9 54.1 54.3 55.0 55.1 55.1 55.3 56.2 57.6 57.7 58.4 59.3 60.7 61.6 61.2 61.2 62.4 63.4 64.4 64.2 64.3 63.7 64.4 65.3 65.1 64.4 64.2 63.9 63.5 63.3 63.3 63.4 63.9 63.8 64.2 63.9 63.7 64.3 64.7 64.6 65.2 65.4 65.4 65.5 65.2 65.5 66.2 67.5 66.4 66.6 67.9 68.9 69.4 69.8 69.7 70.3 71.2 70.9 72.6 73.2 74.3 75.7 76.2 76.6 76.7 76.7 77.0 77.1 77.4 77.4 77.3 77.3 77.5 77.7 77.8 77.9 77.7 77.6 77.5 77.5 77.5 77.6 77.6 77.5 77.6 77.3 77.3 77.0 76.7 76.9 76.8 76.8 76.6 76.4 76.3 76.0 75.9 75.7 75.6 75.4 75.0 75.0 55.381249999999994 11.537890728979349
5 60.7 60.2 58.2 57.0 56.9 55.5 54.4 53.8 53.6 53.0 52.6 51.4 51.6 51.4 51.3 51.3 51.5 50.5 50.3 50.2 49.2 48.3 48.0 48.1 48.6 48.8 47.2 46.8 47.8 47.2 47.2 46.2 46.8 46.5 46.5 46.4 45.8 44.9 46.1 46.2 47.1 45.8 45.0 45.8 45.2 44.8 44.8 44.0 44.6 44.5 44.9 45.4 43.6 43.1 43.6 43.8 43.5 43.1 43.1 42.6 42.9 42.8 43.1 42.8 42.6 41.7 42.2 42.2 42.2 42.2 42.5 42.1 41.7 41.9 42.0 42.2 41.0 40.9 41.1 41.1 40.3 40.2 41.0 40.7 40.8 40.7 40.7 40.3 40.6 40.5 40.5 40.0 40.4 41.0 41.5 41.2 40.6 41.6 42.3 43.0 43.0 43.1 43.1 43.0 43.2 43.4 43.6 43.6 43.7 43.8 44.2 44.2 44.4 44.5 44.5 44.6 44.8 45.2 45.4 45.5 45.7 45.7 45.9 46.1 46.2 46.5 46.7 46.7 47.0 47.3 47.6 47.8 47.9 48.2 48.3 48.4 48.5 48.7 48.9 49.2 49.4 49.6 49.5 48.9 48.9 48.8 48.7 48.6 48.4 48.4 48.2 48.1 48.0 47.9 47.8 47.9 47.9 48.0 48.1 48.2 48.3 48.5 48.4 48.3 48.3 48.5 48.7 48.8 48.8 48.8 49.0 49.2 49.4 49.7 50.0 50.2 50.2 50.3 50.6 50.4 50.3 50.4 50.3 50.3 50.4 50.5 50.6 50.6 50.7 50.7 50.8 51.1 51.5 52.2 51.9 51.8 52.0 52.1 52.6 52.9 53.5 54.3 54.5 55.0 56.2 56.3 56.7 56.8 56.0 56.2 56.5 56.5 57.2 58.6 58.6 59.4 59.4 59.2 59.7 59.2 58.8 59.2 60.2 60.1 60.2 60.2 61.6 62.2 62.4 62.5 63.2 63.1 63.7 64.3 65.0 65.2 66.3 66.1 66.7 66.4 66.8 67.2 67.4 68.0 68.4 69.0 69.4 69.8 69.7 69.9 70.6 71.3 71.4 71.4 71.9 72.0 72.1 72.2 72.5 72.4 72.6 72.8 72.8 72.9 73.3 73.4 73.2 73.3 73.5 73.6 73.7 73.8 73.9 74.0 74.1 74.0 74.0 73.6 73.4 73.4 73.7 73.6 73.6 73.6 73.5 73.6 73.4 73.2 52.87847222222223 10.394505136397045
6 58.7 58.4 58.1 57.7 57.3 57.0 56.7 56.4 56.3 56.0 55.6 55.2 54.6 54.2 54.3 53.9 53.8 53.9 53.5 53.6 53.2 52.8 52.6 52.0 52.0 51.9 49.5 51.9 50.6 49.0 48.5 48.5 48.2 49.3 48.6 47.1 46.6 46.7 47.1 47.3 46.4 46.5 46.5 46.4 45.6 45.9 45.7 45.2 44.9 43.9 45.0 44.4 44.5 44.0 42.6 43.4 43.3 43.1 42.7 43.3 43.7 43.8 43.2 42.3 42.5 43.0 42.3 42.9 43.3 42.9 42.7 42.1 42.1 40.6 40.4 40.6 40.7 40.4 39.6 39.1 39.2 39.4 40.3 40.0 40.2 40.0 39.5 39.8 40.3 40.3 40.0 39.6 39.1 39.5 39.5 38.2 38.5 39.3 38.8 38.3 38.2 37.4 37.8 38.0 38.0 37.4 37.7 38.4 38.5 38.6 39.0 39.4 39.6 39.7 39.9 40.9 41.0 40.7 40.8 41.1 40.8 40.8 40.9 41.5 41.3 41.3 42.0 42.9 44.1 45.1 44.4 45.3 46.3 46.4 46.7 47.0 47.5 48.3 48.8 48.7 48.6 48.6 48.7 48.9 49.4 49.6 49.7 49.7 49.7 49.4 49.0 48.7 48.4 48.2 47.9 47.6 47.7 47.6 47.9 48.3 48.3 48.9 49.4 49.0 48.7 48.7 48.8 49.3 49.7 49.9 50.1 50.1 49.7 49.5 49.4 49.6 48.9 48.1 48.0 47.9 48.0 48.3 48.5 48.8 49.1 49.0 48.9 49.0 49.0 49.2 49.3 49.4 49.6 49.8 49.9 49.9 50.2 50.6 50.7 50.8 50.9 51.0 51.4 51.9 52.7 53.0 53.1 53.4 53.1 53.3 53.6 54.2 54.8 55.2 55.5 55.9 55.9 55.8 55.7 55.4 55.2 55.1 55.1 55.0 55.0 55.3 55.4 55.5 55.8 56.0 56.7 57.4 57.5 58.1 59.2 60.0 60.7 59.8 59.8 60.3 60.8 61.7 61.6 61.1 61.2 61.5 61.8 62.0 62.2 62.7 62.9 63.5 64.3 64.9 65.6 66.4 66.3 66.0 65.7 66.0 65.7 66.1 66.2 66.1 66.2 66.5 66.7 66.5 66.0 65.6 65.3 65.3 65.2 65.1 65.3 65.5 66.0 66.0 66.5 66.6 66.7 66.7 66.7 66.7 66.7 66.6 66.5 66.5 50.63923611111111 8.458220056398064
7 61.3 61.1 61.2 60.8 60.4 60.2 59.9 59.6 57.3 55.7 55.6 55.6 55.6 54.9 55.4 55.3 53.5 53.4 53.4 52.9 52.5 52.0 52.3 51.9 51.9 51.9 51.8 51.5 51.7 51.7 51.5 52.1 52.8 53.0 53.5 53.0 51.3 49.9 48.8 48.8 48.2 49.5 49.1 47.5 47.4 48.7 49.1 48.2 48.2 47.8 46.4 47.0 46.6 47.5 47.6 47.1 46.8 45.4 45.7 44.3 45.7 44.5 43.8 42.9 43.1 42.9 43.2 43.0 43.7 43.6 43.0 43.2 42.9 43.0 42.5 42.1 41.6 42.9 42.5 41.9 41.4 41.3 42.4 43.4 42.2 43.0 41.7 41.2 40.8 41.3 40.3 40.0 39.4 39.4 39.3 39.5 39.4 39.3 38.8 39.1 39.7 40.0 40.0 39.6 39.1 39.7 39.7 40.0 40.2 39.9 40.7 40.9 40.6 39.9 39.3 39.5 40.1 41.1 41.7 41.6 41.7 42.0 41.9 42.2 42.7 43.4 44.3 45.3 45.9 46.2 46.5 46.6 46.4 46.2 46.2 46.6 47.0 47.2 47.6 48.2 49.3 48.9 48.8 48.8 49.1 49.3 49.6 49.6 49.7 49.9 50.1 49.8 49.5 48.9 48.4 48.3 48.0 47.8 48.0 48.0 47.8 47.8 47.9 48.0 48.3 48.6 49.2 49.5 49.6 49.8 50.0 49.7 49.5 49.2 49.3 49.2 49.3 49.1 48.6 48.4 48.6 48.7 48.9 49.1 49.3 49.4 49.6 49.6 49.6 49.7 50.0 49.6 49.7 49.8 49.8 49.9 50.0 49.9 50.0 50.2 50.3 50.3 50.5 50.8 50.8 50.8 50.7 50.8 51.2 51.4 51.6 52.5 53.0 53.3 53.5 53.9 54.0 54.8 54.7 54.0 53.5 53.0 52.8 53.0 54.2 54.4 55.7 55.8 55.5 55.5 55.3 55.7 54.9 54.9 54.9 55.0 55.0 55.2 55.4 55.9 56.0 56.4 56.5 57.2 57.8 57.0 57.4 57.5 57.8 57.4 57.8 58.6 59.4 59.6 59.4 59.7 60.4 60.7 61.0 60.9 60.4 61.5 62.1 62.3 62.4 62.5 62.4 62.5 62.8 62.8 62.8 62.8 62.8 63.3 63.4 63.3 63.4 63.5 63.3 63.2 63.6 63.6 63.6 63.6 63.8 64.2 64.0 64.2 50.44722222222222 6.8691649999934565
8 59.7 59.0 57.1 57.9 58.8 58.6 57.0 57.3 57.7 55.8 56.2 55.2 55.1 55.8 55.0 53.8 53.2 52.6 52.1 53.4 52.6 50.2 50.9 51.1 51.7 51.7 51.5 50.2 49.4 47.8 48.4 48.7 47.9 48.2 46.5 47.5 47.3 46.5 47.0 47.5 46.5 46.4 46.8 45.3 46.2 45.9 45.2 45.2 45.9 45.0 44.8 45.9 46.1 45.3 45.7 45.2 44.6 45.2 44.4 44.7 44.6 44.8 44.5 44.6 45.0 44.6 45.3 44.9 44.0 44.0 44.3 43.0 44.3 44.0 43.5 43.0 43.7 44.2 42.2 43.0 43.1 43.5 43.3 42.5 42.3 42.5 43.7 43.0 42.6 42.3 41.9 41.8 42.2 41.9 41.7 42.3 42.4 42.0 41.5 41.3 40.9 41.9 41.1 40.3 40.5 40.5 41.5 41.9 40.9 40.7 41.1 42.0 40.6 41.5 41.6 41.3 41.1 41.7 41.2 40.6 40.9 41.1 41.1 41.2 41.3 41.4 41.7 42.0 42.2 42.5 43.0 43.2 43.2 43.3 43.6 44.5 44.6 44.6 44.8 45.4 46.3 46.6 46.9 47.0 47.3 47.3 47.9 48.1 48.6 48.7 48.5 48.8 48.7 48.9 49.1 49.3 49.2 48.9 48.8 48.5 48.3 48.4 48.4 48.4 48.2 48.1 47.8 47.4 47.6 48.2 49.2 49.3 48.4 48.1 48.1 47.7 47.7 47.9 49.5 52.5 52.9 50.1 50.0 50.4 51.3 51.8 51.4 51.2 52.2 52.7 55.3 56.5 54.7 56.2 57.9 58.1 55.8 55.1 54.6 54.2 53.4 53.4 53.1 52.8 52.5 52.4 52.4 52.9 53.2 53.2 52.8 52.8 54.3 55.2 55.2 55.5 56.3 56.6 58.1 58.6 58.6 60.2 59.4 60.0 60.5 61.0 61.2 61.2 62.4 63.3 63.0 62.6 63.0 63.7 63.7 63.7 63.4 63.1 62.6 63.0 63.1 62.9 62.8 63.1 63.8 64.6 64.7 64.7 65.1 65.6 65.5 65.6 65.7 65.6 65.8 66.2 66.2 66.2 66.6 67.4 67.2 67.7 67.6 68.0 68.3 68.0 68.5 68.9 68.6 68.6 68.4 68.2 68.6 68.2 68.7 68.7 68.4 68.2 68.8 69.3 68.8 67.3 66.6 66.8 66.3 66.0 65.6 65.5 51.91770833333333 8.797952661647216
9 61.3 59.3 59.9 59.2 59.3 57.9 56.3 55.9 55.6 54.7 55.9 54.7 53.9 53.1 53.8 52.5 52.6 52.7 52.5 52.0 51.6 50.8 51.5 51.0 51.2 50.3 49.7 49.3 49.5 49.1 48.2 48.4 48.0 48.1 47.8 47.6 46.9 47.1 47.0 46.6 46.3 46.2 46.0 46.1 45.4 44.9 45.6 45.1 45.3 44.9 45.1 44.9 44.6 44.5 44.3 44.1 44.1 44.0 44.0 43.8 43.4 43.5 43.8 43.6 43.2 43.1 43.1 43.0 42.9 43.0 43.1 42.6 42.4 42.3 42.5 42.4 42.6 42.4 42.0 42.0 41.7 41.5 41.5 41.3 41.4 41.5 41.0 40.7 41.2 41.0 40.8 40.4 40.4 40.4 40.3 39.9 40.0 39.9 39.5 39.5 39.3 39.6 39.6 39.2 39.1 39.2 39.2 39.0 39.3 39.0 39.0 38.8 39.0 39.3 38.9 39.0 38.6 38.6 38.9 39.2 39.7 40.4 40.7 40.6 40.8 41.2 42.0 43.0 43.2 44.0 44.5 45.1 45.2 45.3 45.5 45.5 45.8 46.4 46.9 47.4 47.8 47.9 48.2 48.7 48.8 49.2 49.2 49.9 50.3 50.6 50.9 51.1 51.5 51.9 52.5 53.0 53.4 53.8 54.3 54.5 54.9 55.3 55.5 55.9 56.2 56.4 56.3 56.3 56.6 56.6 56.6 56.8 56.6 55.6 55.8 56.0 56.4 56.7 56.5 56.4 55.2 55.7 55.7 55.1 54.5 53.8 53.8 54.0 54.2 53.6 53.6 53.1 53.4 53.8 53.7 53.5 53.1 53.2 53.5 53.3 53.1 53.2 53.4 53.5 53.8 53.9 54.1 54.1 54.0 54.1 54.4 54.5 54.6 54.7 55.0 55.2 55.3 55.6 55.7 55.6 55.6 56.3 56.3 56.5 56.7 57.3 57.6 57.7 58.1 58.7 58.8 58.7 59.2 59.2 59.1 59.2 59.4 59.5 59.6 59.6 59.9 59.9 60.2 60.2 60.2 60.7 61.0 61.2 61.4 61.9 61.9 61.7 61.5 61.7 61.6 61.7 61.7 61.7 61.7 61.6 61.7 61.8 61.9 61.9 62.1 62.1 62.8 62.5 62.5 62.7 62.8 63.2 63.3 63.4 63.4 63.6 63.6 63.6 63.3 62.9 63.3 63.6 63.3 62.1 61.6 62.2 61.1 60.8 51.27048611111112 7.681721626668868
END
#################################################################
SECTION3 (Edges Information)
EndPoint0 EndPoint1 Weight
0 1 1.000000
1 2 1.000000
2 3 1.000000
3 4 1.000000
3 5 1.000000
4 5 1.000000
4 6 1.000000
5 6 1.000000
5 7 1.000000
6 7 1.000000
7 8 1.000000
7 9 1.000000
8 9 1.000000
END
#################################################################
SECTION4 (TrueSubGraph Information)
EndPoint0 EndPoint1 Weight
END
#################################################################
