#################################################################
#APDM Input Graph, this input graph includes 3 sections:
#section1 : general information
#section2 : nodes
#section3 : edges
#section4 : trueSubGraph (Optional)
#
#if nodes haven't information set weight to null
#################################################################
SECTION1 (General Information)
numNodes = 10
numEdges = 13
usedAlgorithm = NULL
dataSource = TransWeatherRealData
END
#################################################################
SECTION2 (Nodes Information)
NodeID Temperatures  mean  std 
0 74.1 74.1 73.8 73.6 73.2 72.9 72.2 71.9 71.9 72.2 72.2 71.4 71.2 71.1 70.7 70.6 70.4 70.2 70.3 70.7 70.5 70.3 70.1 69.8 69.4 69.2 69.3 69.2 68.9 68.9 68.2 67.8 67.9 68.3 68.5 68.0 67.9 68.2 68.5 68.3 68.3 68.1 67.8 67.5 67.7 67.3 67.5 67.8 68.3 68.3 68.0 68.2 68.0 67.7 67.6 67.5 66.4 66.8 66.8 66.2 66.0 66.0 66.1 65.9 65.6 65.3 65.6 65.2 66.0 66.0 66.2 66.2 66.1 65.8 65.7 65.6 65.8 65.6 65.6 65.5 65.8 65.4 65.8 65.6 65.2 64.7 64.6 64.6 65.1 64.9 64.8 64.9 64.9 64.7 64.9 64.6 64.6 64.5 64.3 64.4 64.8 64.8 64.6 65.2 65.1 65.4 65.2 65.1 64.7 64.5 64.4 64.4 64.7 64.5 64.6 64.6 64.2 63.7 64.0 64.5 64.5 64.3 64.3 64.7 64.9 65.1 65.3 65.6 65.8 66.0 65.9 66.1 66.4 66.6 66.9 66.5 66.6 66.5 66.5 66.4 66.1 65.2 64.9 64.9 65.1 65.0 65.1 65.3 65.5 65.9 66.3 66.7 66.9 67.2 67.6 68.2 68.6 69.7 70.3 71.2 72.1 72.8 74.1 74.6 75.7 75.8 75.8 75.9 76.1 76.1 75.6 73.2 70.5 68.9 68.6 69.6 70.4 70.9 71.0 71.3 72.4 73.2 72.9 73.2 73.4 73.7 74.5 75.5 76.1 76.4 77.0 77.7 78.4 78.9 79.0 79.6 79.2 79.7 80.1 79.5 80.4 79.8 79.8 79.6 80.2 79.6 78.6 77.8 78.3 79.2 79.7 79.9 80.7 81.1 81.5 80.7 80.1 81.0 80.7 79.6 79.5 80.7 82.0 81.3 80.9 80.9 80.7 80.4 80.2 80.2 80.2 80.2 81.5 82.5 82.4 81.8 81.8 82.4 82.2 80.4 80.9 81.0 81.4 81.4 79.8 79.5 79.0 78.5 77.7 75.6 74.4 73.7 73.9 75.4 74.7 74.2 74.6 75.1 75.1 74.9 75.1 74.5 74.6 74.8 75.1 75.7 76.0 76.3 76.5 76.7 76.8 77.0 76.6 76.4 75.9 75.8 75.8 75.9 76.0 76.0 76.1 75.9 75.8 75.5 75.5 75.2 75.0 74.7 71.51840277777778 5.772520649814589
1 76.1 74.5 74.5 75.0 75.3 74.7 74.3 74.1 73.9 73.4 73.2 72.5 72.0 72.9 72.1 71.7 71.6 72.4 72.7 72.1 71.9 71.6 70.5 70.1 70.6 70.1 70.6 71.2 71.4 71.6 70.9 71.1 70.8 71.1 69.7 66.0 65.7 66.2 65.6 65.3 64.1 63.7 63.6 63.2 64.8 65.4 66.9 68.0 67.7 65.9 64.2 64.3 66.3 64.7 63.6 62.6 62.1 63.5 63.8 63.4 65.3 64.7 64.2 61.8 61.5 61.4 64.3 66.6 67.2 68.5 69.0 69.3 69.4 68.6 68.5 68.2 68.2 67.8 68.2 68.0 67.7 66.8 66.6 66.7 66.3 65.9 67.3 68.4 65.4 62.4 64.1 64.1 63.0 63.1 63.2 62.3 62.0 62.1 61.5 61.9 62.6 62.0 61.2 60.7 59.9 59.1 60.2 59.9 61.3 63.0 61.8 61.0 60.8 60.5 60.3 60.1 60.9 60.9 60.9 61.0 60.3 60.7 61.9 63.1 64.0 64.1 61.9 63.0 64.0 63.8 63.2 63.6 64.0 64.1 64.4 64.0 64.0 64.2 65.1 66.6 68.1 67.9 68.4 69.0 70.1 71.0 70.9 71.8 73.1 72.6 71.9 71.6 71.4 71.2 71.0 72.1 73.0 74.1 74.4 74.4 73.7 73.8 74.4 75.3 76.2 76.6 76.7 77.0 77.4 77.6 77.6 78.0 78.1 78.1 78.4 79.0 79.2 80.4 80.4 79.8 79.1 79.1 79.7 79.7 79.8 79.5 79.4 79.7 79.5 79.1 79.1 78.9 78.8 78.5 78.4 78.6 78.7 79.0 79.4 79.7 80.1 79.8 79.7 79.9 80.2 79.8 79.6 79.9 80.2 79.9 79.5 79.2 80.1 80.8 81.0 81.3 81.0 81.5 81.8 81.6 81.0 80.3 80.6 80.5 80.5 80.2 79.9 79.4 79.0 78.8 79.0 78.6 78.4 78.4 79.1 80.0 81.7 82.5 81.1 80.1 80.0 80.3 79.5 78.3 77.3 76.5 76.0 76.3 76.9 77.3 77.6 77.7 77.5 77.7 77.8 78.1 78.4 78.0 77.5 74.9 74.1 72.1 71.2 70.3 70.0 69.8 69.9 70.9 72.8 73.9 73.1 73.1 73.6 73.9 73.0 72.8 73.1 72.8 72.6 72.1 72.2 71.9 71.4 71.4 71.2 71.3 70.8 70.0 71.51631944444445 6.591752131444877
2 80.9 80.5 79.4 77.7 77.2 76.1 74.9 75.0 74.8 72.5 72.2 73.1 72.4 71.2 71.1 70.3 69.7 70.5 69.5 68.2 68.3 67.4 66.7 67.6 67.5 67.3 66.5 66.1 65.3 65.7 65.3 64.4 64.4 65.3 65.0 64.7 63.8 63.7 63.7 63.3 63.2 63.0 62.2 64.2 63.3 63.0 62.8 62.7 62.6 63.1 62.7 63.2 63.6 62.9 62.1 63.4 62.4 62.3 61.9 61.6 60.0 59.8 61.1 60.7 61.9 61.9 60.4 61.9 64.3 64.3 64.8 65.0 65.6 65.6 66.5 66.1 65.5 65.1 64.9 64.3 64.7 64.8 64.9 65.0 65.2 64.8 64.2 63.9 62.3 60.7 59.7 59.8 59.7 58.8 58.3 57.7 57.9 57.5 58.1 58.4 56.6 57.9 56.8 56.3 56.2 56.8 56.4 56.9 56.7 57.0 56.8 57.1 57.1 56.3 56.5 55.8 55.3 55.8 55.9 55.4 56.9 55.4 55.4 57.0 57.8 58.3 57.7 59.0 59.7 59.9 61.1 61.2 61.2 61.9 62.9 63.6 64.3 64.9 65.6 66.3 67.6 68.4 68.8 68.9 69.4 69.5 69.7 70.0 70.5 71.4 71.8 72.2 72.3 73.1 73.9 74.0 74.0 74.2 74.1 74.3 74.5 75.4 75.2 76.1 76.0 76.3 76.5 77.2 77.2 78.0 78.4 78.8 79.1 79.5 80.3 80.5 81.0 81.3 81.4 82.1 81.9 82.3 82.5 83.0 83.7 83.9 84.5 83.7 83.7 83.2 84.2 83.5 83.6 83.6 83.4 84.2 84.8 84.6 84.7 84.8 84.5 85.1 84.9 84.6 84.8 85.1 85.5 85.4 84.7 84.6 84.6 85.1 84.9 85.1 85.4 85.1 84.9 85.1 85.1 85.0 84.8 84.8 84.3 84.2 85.0 85.1 84.8 85.0 85.3 85.5 85.9 85.3 85.3 85.1 84.7 84.8 84.8 84.6 84.6 84.5 84.5 84.2 84.1 84.1 84.3 84.4 84.6 84.5 84.0 84.1 83.7 83.0 82.8 82.4 82.4 83.4 84.7 84.7 84.5 84.1 84.1 84.5 84.6 85.1 85.1 85.5 85.3 84.1 83.4 83.0 82.7 82.6 82.2 80.4 76.2 74.4 72.7 71.6 70.6 70.6 70.9 71.1 71.1 71.0 71.4 71.5 71.5 71.6 72.2329861111111 10.200221462367358
3 74.2 73.0 72.6 71.8 71.8 71.0 70.7 70.7 70.1 68.9 68.9 68.1 67.6 67.8 67.5 67.5 67.2 66.2 65.3 65.7 64.7 64.6 64.9 63.9 63.6 63.7 63.4 63.1 62.5 62.6 62.1 62.1 61.9 61.6 61.2 61.3 61.1 61.0 60.8 60.8 61.0 61.1 60.7 60.8 60.6 60.2 60.5 59.7 60.1 59.9 60.0 60.3 59.3 58.8 58.8 58.9 59.5 59.0 58.5 58.8 58.3 58.1 58.0 57.9 57.9 57.7 58.4 58.6 58.4 56.9 57.8 58.2 57.4 57.3 57.2 57.4 57.3 56.6 56.8 56.6 56.6 56.7 56.7 56.2 56.1 56.1 56.4 56.0 55.8 55.3 55.2 55.7 55.3 55.4 55.3 55.3 55.2 55.3 55.2 54.9 54.9 54.6 54.5 54.4 54.5 54.8 54.3 54.2 54.2 54.1 53.8 54.2 54.3 54.5 54.0 53.9 53.5 53.5 53.6 53.4 53.7 53.6 53.6 53.6 54.2 54.8 54.8 55.0 55.6 56.0 56.2 56.5 57.4 58.2 59.2 60.0 60.7 61.6 62.4 63.4 64.5 64.9 65.7 66.5 67.0 67.2 67.6 67.8 67.9 68.1 68.8 69.0 69.6 70.0 70.6 71.2 72.1 72.2 72.6 73.4 74.1 74.3 74.6 75.2 75.3 76.0 76.6 77.2 77.8 78.6 79.5 79.7 79.7 79.6 80.3 81.4 80.7 81.2 81.3 81.5 81.9 82.0 82.4 83.5 83.4 83.5 83.4 83.8 83.9 83.8 84.1 84.3 84.1 84.4 84.1 84.1 84.0 83.4 83.4 83.8 83.8 84.7 84.9 85.2 85.8 86.2 85.0 85.3 85.1 84.9 85.0 84.9 84.0 83.8 83.8 83.6 84.0 84.1 84.0 83.8 83.7 83.7 83.9 83.8 83.7 84.0 83.4 83.5 83.9 84.0 83.9 83.6 83.5 83.3 83.4 83.8 84.0 83.7 84.0 84.3 84.3 84.3 84.7 85.1 84.3 84.1 84.0 83.8 83.6 83.5 83.6 84.0 83.8 83.6 83.1 83.4 83.5 83.5 83.3 83.8 83.6 83.1 82.9 82.9 83.0 82.7 82.5 82.6 83.1 82.7 82.7 82.4 81.4 80.5 79.4 77.7 75.8 75.1 74.3 73.7 73.3 72.5 71.4 70.4 70.0 69.5 68.4 67.7 69.99097222222223 11.628221186894887
4 74.5 74.3 73.8 73.4 72.2 70.9 69.1 69.3 68.0 67.6 68.2 69.2 70.0 67.0 65.9 66.3 66.8 67.1 65.7 64.7 64.4 64.3 63.5 63.4 61.9 63.5 62.1 60.2 62.0 61.4 62.6 64.1 63.5 61.9 60.8 60.4 60.3 62.3 62.8 63.6 62.9 62.8 62.2 61.3 60.1 59.9 59.8 59.5 59.8 59.9 58.3 57.6 59.2 62.0 61.3 60.6 60.2 58.8 59.4 59.4 58.3 57.4 56.5 57.1 55.8 57.1 58.1 58.3 58.5 58.2 56.4 55.9 55.7 55.1 54.8 55.6 55.9 56.9 57.5 57.4 56.9 56.1 56.3 56.1 54.2 55.2 56.3 56.7 56.6 56.0 55.7 55.9 56.3 57.4 57.0 55.4 56.4 56.6 56.5 56.3 56.1 55.7 56.3 56.2 56.0 56.1 55.2 54.7 54.5 54.6 54.2 54.7 55.0 55.0 53.7 53.3 53.0 53.8 54.5 55.1 55.0 54.0 53.6 53.6 53.3 53.4 54.8 54.0 54.3 54.4 55.4 54.7 54.4 55.0 56.0 57.3 59.1 59.0 60.1 60.8 61.6 62.5 63.3 63.9 64.8 65.5 65.7 65.7 66.3 66.8 67.8 68.3 68.5 69.0 69.5 69.8 70.3 70.1 70.8 71.5 71.8 71.9 72.5 72.6 73.2 73.4 73.7 73.8 74.3 74.5 74.4 74.9 75.6 75.7 75.4 76.1 76.6 76.9 77.3 77.3 77.4 77.4 77.3 77.4 77.5 77.3 77.4 77.2 77.4 77.6 77.7 78.3 78.0 78.1 78.2 78.5 78.7 78.6 79.3 79.8 79.8 80.0 80.3 80.7 82.2 82.6 82.5 82.1 82.6 82.6 82.7 82.3 82.3 82.3 82.9 83.5 83.1 82.8 82.3 82.2 81.9 81.9 81.5 81.6 81.5 82.1 82.1 81.5 81.1 80.9 80.2 80.0 80.3 80.7 81.0 81.1 81.2 81.3 81.4 81.8 82.7 82.4 82.1 81.9 82.5 84.2 84.4 84.2 84.2 83.5 82.8 82.9 82.4 82.6 82.3 82.6 82.7 82.5 82.7 82.8 82.0 82.1 82.2 81.7 81.9 82.2 81.0 80.5 80.4 80.7 80.7 80.2 80.1 80.1 80.3 79.8 79.8 78.5 77.1 77.0 75.7 76.2 75.6 76.4 76.4 76.3 75.8 75.3 68.89687500000001 10.645423545597275
5 72.1 72.0 71.8 71.0 71.4 71.6 69.8 68.2 68.1 67.6 66.9 66.3 64.4 63.7 64.6 64.8 63.6 64.0 64.0 62.6 62.5 62.2 63.0 62.7 66.0 63.4 58.8 60.2 59.2 59.7 60.6 60.2 59.8 59.9 59.1 58.4 58.4 58.2 58.4 58.9 58.1 60.1 58.9 57.6 58.5 57.8 57.9 57.1 58.1 58.4 58.5 57.9 58.4 57.2 56.4 56.6 57.1 58.0 57.7 57.9 57.7 56.7 57.2 56.0 55.5 55.7 55.8 55.2 54.8 54.6 55.0 55.8 55.7 56.1 55.7 57.1 56.3 55.2 56.1 56.6 55.7 55.1 54.9 56.4 55.4 53.9 54.3 54.7 55.4 54.6 54.1 54.5 54.5 53.9 54.2 54.7 54.7 54.7 54.5 54.5 52.7 53.0 53.3 53.8 53.0 53.0 52.6 52.8 53.4 54.1 54.1 52.9 53.0 53.9 53.5 53.4 53.0 53.5 53.8 53.4 53.1 53.9 54.9 55.3 55.3 55.5 55.3 55.9 55.7 55.6 55.4 55.4 55.4 56.0 57.1 58.5 59.2 60.2 60.8 61.1 61.6 62.2 62.6 62.7 63.0 63.1 63.6 64.7 65.4 65.9 66.3 66.6 67.1 67.7 68.4 68.7 69.2 69.6 69.8 70.2 70.5 70.8 70.5 70.5 70.9 71.4 72.0 72.7 73.2 73.5 73.9 74.3 74.7 74.9 75.3 75.4 75.4 75.6 76.3 76.5 77.0 77.5 77.7 78.0 78.0 78.2 78.6 78.6 78.7 79.4 80.0 79.5 79.1 79.3 78.8 79.2 79.1 78.8 79.4 79.7 79.6 79.9 80.5 80.4 80.9 80.4 81.0 81.2 81.1 81.1 81.2 81.6 82.0 82.6 83.4 83.5 83.7 83.7 83.4 84.8 83.4 83.1 84.1 83.7 83.2 83.0 82.8 82.2 82.3 82.4 82.9 82.9 83.8 83.8 83.5 83.1 83.1 83.2 83.2 83.2 82.5 82.3 81.5 81.7 82.3 81.9 82.0 81.9 82.1 82.2 82.1 81.3 81.0 81.2 81.0 81.2 82.5 83.1 83.0 82.1 81.6 81.2 80.8 80.5 80.4 80.0 80.4 80.3 80.2 80.5 80.4 80.9 80.8 80.5 80.2 79.1 78.3 78.9 77.2 76.1 76.6 77.3 77.4 75.9 75.1 74.9 74.3 74.2 68.15520833333333 11.188525759332519
6 71.8 71.4 71.2 70.5 70.4 70.1 69.4 69.0 68.8 68.7 68.3 68.1 67.0 66.4 66.4 66.9 66.0 62.9 62.3 63.0 63.2 62.1 62.1 63.0 64.3 61.8 62.2 61.5 62.7 60.3 59.7 61.1 60.1 59.0 57.4 58.6 58.8 60.2 60.2 59.6 58.4 57.6 57.5 58.0 57.3 58.2 57.6 57.9 57.8 57.3 56.1 55.4 56.1 55.3 54.6 56.0 54.8 55.2 55.3 55.5 55.8 55.3 55.6 54.9 54.5 54.2 54.5 54.6 55.0 54.1 53.4 53.6 52.9 52.0 52.9 53.2 52.7 52.3 52.2 52.1 52.3 52.9 52.6 52.3 52.7 52.2 52.3 51.7 51.6 51.6 51.8 52.2 52.7 52.8 52.6 52.4 52.5 52.6 53.0 53.3 52.8 52.5 52.8 51.8 52.3 52.2 52.2 51.7 52.1 51.8 51.6 51.7 51.9 52.0 52.6 52.8 53.2 53.0 52.7 52.7 52.7 52.8 53.1 53.3 53.7 54.0 53.9 54.1 54.9 56.1 56.7 57.1 56.6 56.8 56.7 56.7 57.1 57.6 57.9 58.1 58.7 59.2 59.2 60.2 61.8 62.8 63.0 63.3 63.6 64.5 65.5 67.0 68.3 69.0 69.3 69.3 69.9 70.6 70.7 70.6 71.0 70.9 71.0 70.8 71.0 71.3 72.5 72.0 72.7 72.5 72.1 73.0 72.8 72.7 73.2 73.0 73.1 73.4 73.3 74.0 74.4 75.6 75.3 75.3 75.1 75.3 75.6 75.6 76.2 76.2 76.7 77.0 76.7 77.3 77.0 77.3 77.8 78.6 78.5 78.8 78.4 79.2 78.7 78.3 78.3 78.5 78.1 78.9 79.5 78.5 79.0 79.4 79.3 79.8 79.2 79.9 79.3 79.0 79.3 79.5 79.4 79.7 79.6 79.3 79.7 79.6 79.7 79.2 80.4 80.8 80.4 80.0 80.4 80.8 80.7 80.9 80.9 80.4 80.1 79.4 79.8 80.1 79.4 79.7 79.5 80.0 80.0 80.0 79.9 80.9 80.1 80.3 79.4 79.9 79.1 78.5 78.6 78.5 78.2 78.2 78.3 78.3 78.3 78.2 79.2 79.1 79.1 78.5 78.1 78.1 78.1 77.7 77.9 77.4 76.9 77.0 76.9 76.1 75.7 75.5 75.5 75.4 75.1 74.1 73.5 73.2 72.8 72.9 66.63263888888889 10.713294550231291
7 74.8 74.5 73.5 73.5 73.6 72.9 72.0 71.3 71.5 71.0 70.9 70.9 70.7 71.3 68.7 69.9 70.6 68.5 67.9 68.0 68.4 66.4 63.4 63.9 63.9 64.5 63.7 63.4 64.1 62.9 64.0 61.5 62.1 61.9 62.1 65.0 64.7 64.4 64.4 63.1 61.7 62.6 63.6 63.7 63.7 63.9 63.4 61.8 62.0 60.7 60.1 62.4 61.2 58.3 57.8 57.5 58.8 58.8 59.1 57.0 57.5 57.8 57.4 57.8 58.0 58.1 57.0 56.7 57.0 57.1 57.3 56.9 57.0 56.2 55.5 55.3 56.0 55.2 55.8 55.1 54.7 54.7 55.5 56.4 55.8 55.6 55.1 54.5 54.7 54.8 54.6 53.9 54.2 54.6 55.3 55.5 55.2 55.2 55.5 55.2 54.7 55.2 54.3 53.7 55.5 55.6 56.0 55.4 55.9 54.9 55.1 56.0 57.0 57.1 57.2 57.1 56.9 56.6 56.7 56.4 56.5 56.8 57.7 57.9 57.9 57.7 57.9 57.8 58.0 58.1 58.1 58.6 59.2 59.7 60.6 60.9 61.1 62.3 62.5 63.1 63.5 63.9 64.3 64.6 64.8 64.9 65.3 65.5 65.5 65.8 65.8 66.7 67.3 67.0 67.2 67.7 67.6 67.9 68.3 68.4 68.9 68.7 68.8 69.5 69.3 69.8 70.5 70.7 70.7 71.0 71.7 71.4 71.6 71.5 72.0 72.7 73.0 73.3 73.8 74.2 73.7 74.3 74.4 74.1 74.3 75.1 74.7 75.7 75.9 76.2 75.7 75.9 76.4 76.6 77.1 77.5 77.3 77.1 77.5 77.3 77.7 77.2 77.5 77.9 78.4 79.1 79.0 78.4 78.7 79.6 79.8 79.4 79.4 79.1 79.3 79.9 80.0 80.6 80.1 80.5 81.5 81.7 81.4 81.4 82.0 81.1 80.8 81.7 81.9 81.9 82.4 81.8 82.5 82.8 82.5 81.7 81.2 81.6 82.1 81.6 81.4 81.9 82.2 82.0 82.1 82.0 81.9 81.5 81.1 80.8 80.7 80.8 80.9 80.9 80.3 79.7 79.3 78.7 77.9 77.8 78.3 78.3 78.8 78.2 78.0 76.5 76.2 76.0 76.8 77.7 78.1 77.9 77.4 77.5 77.0 76.3 75.4 75.8 76.2 75.4 74.5 73.2 73.2 75.0 71.4 70.8 71.0 70.7 68.30520833333333 9.391875462074763
8 73.1 73.0 72.3 72.9 72.3 71.9 70.4 70.9 69.8 70.5 70.6 69.5 69.4 69.3 68.6 67.9 68.0 67.3 67.0 67.2 67.2 67.2 67.9 67.6 65.4 65.1 65.9 65.3 65.4 64.6 64.6 65.0 64.9 64.4 64.9 64.8 64.6 63.9 64.1 63.7 63.6 63.8 65.8 67.3 66.7 63.5 62.3 61.5 62.3 62.7 62.9 61.3 61.4 61.3 61.2 61.4 61.5 60.8 61.8 62.0 62.3 61.8 60.4 59.8 60.3 59.6 60.4 59.9 59.5 59.0 58.8 59.2 59.5 61.4 62.9 60.1 59.8 59.3 59.3 59.5 60.4 58.8 59.0 60.1 60.2 59.5 58.9 58.3 58.4 58.7 58.2 59.4 59.0 59.8 59.2 57.6 57.3 57.9 58.0 59.0 60.2 58.8 59.7 61.3 59.3 59.2 59.6 58.7 57.2 56.8 56.0 55.4 55.8 56.0 56.3 56.5 57.0 57.4 57.4 56.9 57.3 57.0 58.3 58.3 57.2 57.4 57.2 57.2 57.4 57.4 58.0 58.3 58.3 58.3 59.7 60.1 60.1 60.6 61.3 61.3 61.3 61.8 62.0 62.0 62.6 63.5 64.6 65.5 65.5 67.0 68.3 67.9 68.4 68.6 68.7 69.0 69.0 69.0 69.7 69.9 70.0 70.2 70.7 71.0 71.3 71.6 71.7 71.8 71.9 72.5 72.5 72.6 72.8 73.3 73.4 73.7 73.7 73.8 74.7 74.8 75.1 75.2 75.3 75.4 75.5 76.1 76.4 76.9 77.0 77.3 77.9 78.4 79.7 79.6 80.1 80.2 80.0 79.9 79.8 79.6 79.3 79.4 79.6 79.9 80.0 79.7 78.7 78.2 78.3 79.3 79.9 79.3 80.1 80.1 79.7 79.6 80.3 80.8 81.1 80.4 80.6 79.7 79.7 79.7 79.3 79.9 80.6 80.6 80.3 80.6 80.0 79.6 79.1 79.3 79.4 78.6 79.1 79.1 79.2 79.1 79.6 79.7 79.6 80.2 80.0 79.9 79.5 79.5 79.7 79.6 79.6 79.7 78.8 78.2 77.3 77.6 77.5 77.0 77.2 76.7 76.9 76.9 77.0 77.2 77.2 77.5 77.8 77.8 77.7 77.4 77.2 77.8 78.0 77.8 77.7 77.7 77.2 76.1 75.2 74.5 73.5 73.3 72.7 72.2 72.1 71.8 71.7 71.1 69.03819444444444 8.325017889531194
9 74.9 74.7 74.7 73.9 73.5 73.0 71.1 70.3 69.2 68.6 67.8 67.1 66.8 66.7 66.7 66.3 66.6 66.2 65.6 65.8 65.6 65.3 65.2 64.9 65.4 64.4 63.5 62.9 63.0 62.7 62.2 61.5 61.2 61.4 60.6 60.7 59.7 59.2 59.0 59.2 58.8 58.5 59.2 57.9 57.5 57.9 57.5 57.1 57.3 57.3 57.9 56.7 56.7 56.0 56.1 55.9 56.2 56.5 56.2 55.8 55.5 55.7 55.5 55.4 55.2 54.8 54.7 54.7 54.9 54.6 54.5 54.4 53.9 53.2 53.6 53.9 53.6 53.3 53.6 53.5 53.0 53.3 53.5 52.9 52.6 52.5 52.9 52.8 52.6 52.9 52.8 52.7 53.2 52.9 52.4 52.2 52.3 52.3 52.2 52.0 51.7 51.5 51.9 51.7 51.8 51.3 51.1 51.0 51.5 51.7 51.4 51.3 51.1 51.3 51.0 50.9 51.7 51.7 51.8 51.9 52.1 52.3 52.5 52.8 53.1 53.5 54.3 54.9 55.3 55.5 55.9 56.7 57.4 57.6 57.8 58.0 58.5 59.0 59.5 59.7 60.6 60.6 61.1 61.2 61.5 62.2 63.3 63.4 64.1 64.6 65.2 65.7 66.3 66.3 68.1 68.9 69.4 70.0 70.9 70.7 71.2 71.7 72.0 72.3 72.7 72.9 72.8 73.6 73.5 74.2 73.9 74.4 74.3 74.7 75.3 75.7 75.6 76.9 76.3 76.2 76.1 76.4 76.2 76.3 76.6 77.2 77.4 77.3 77.5 77.5 78.0 78.4 78.2 78.2 78.6 78.7 79.1 79.1 79.4 79.4 79.4 79.0 79.3 79.3 80.1 80.3 80.4 80.8 80.7 80.7 80.6 80.8 80.8 81.1 81.1 81.4 81.4 81.4 80.7 81.0 81.5 81.6 81.4 81.9 81.9 81.6 81.3 81.9 81.7 81.8 82.1 82.2 82.2 82.9 83.2 82.1 81.9 83.1 83.9 83.7 83.5 83.4 83.6 83.8 83.2 82.8 83.0 82.4 82.0 82.2 81.9 82.1 82.2 81.8 81.6 81.5 81.5 80.3 79.7 80.3 80.1 80.0 80.0 80.2 80.1 79.3 78.3 77.8 77.7 77.1 76.7 76.5 76.5 76.0 75.2 74.8 74.5 74.3 73.6 72.9 73.2 72.2 72.1 71.5 70.8 71.0 71.0 70.7 67.42812500000001 11.260235326493573
END
#################################################################
SECTION3 (Edges Information)
EndPoint0 EndPoint1 Weight
0 1 1.000000
1 2 1.000000
2 3 1.000000
3 4 1.000000
3 5 1.000000
4 5 1.000000
4 6 1.000000
5 6 1.000000
5 7 1.000000
6 7 1.000000
7 8 1.000000
7 9 1.000000
8 9 1.000000
END
#################################################################
SECTION4 (TrueSubGraph Information)
EndPoint0 EndPoint1 Weight
END
#################################################################
