#################################################################
#APDM Input Graph, this input graph includes 3 sections:
#section1 : general information
#section2 : nodes
#section3 : edges
#section4 : trueSubGraph (Optional)
#
#if nodes haven't information set weight to null
#################################################################
SECTION1 (General Information)
numNodes = 10
numEdges = 13
usedAlgorithm = NULL
dataSource = TransWeatherRealData
END
#################################################################
SECTION2 (Nodes Information)
NodeID Temperatures  mean  std 
0 77.0 76.7 76.5 76.1 75.6 75.3 75.1 75.0 74.9 75.0 74.7 74.7 74.5 74.5 74.4 74.4 74.0 73.9 73.9 74.0 73.4 73.4 73.4 73.2 72.9 72.8 72.7 72.4 72.2 71.8 72.1 72.4 72.2 72.1 71.1 70.3 70.8 71.2 71.2 71.1 71.2 71.5 72.0 71.9 71.3 71.1 70.8 70.7 70.8 70.9 70.9 70.7 70.4 70.2 70.2 70.3 70.0 69.8 69.9 69.9 70.0 70.2 70.3 70.1 69.8 69.5 70.1 70.4 70.2 70.2 70.2 70.0 69.6 69.6 69.5 69.6 70.0 70.5 70.8 70.8 71.1 71.5 71.6 72.0 72.2 72.6 73.0 73.0 72.8 73.1 72.7 72.6 72.5 72.3 72.6 72.5 72.5 72.9 72.9 72.6 72.7 72.3 72.3 71.9 71.7 71.5 71.5 71.2 71.0 71.1 71.2 71.3 71.1 71.4 71.5 71.6 71.6 71.4 71.2 71.1 70.9 70.7 70.7 70.3 70.5 70.4 70.4 70.3 70.3 70.5 70.7 71.0 71.2 71.4 71.7 71.7 71.9 71.8 71.7 71.8 71.7 71.6 71.5 71.9 72.4 72.8 73.0 73.3 73.7 73.8 74.1 74.5 74.7 75.1 75.4 76.0 76.1 76.3 76.8 76.9 76.7 76.9 76.7 76.9 77.0 77.2 77.4 77.0 77.4 77.3 77.6 77.9 78.3 78.4 79.2 79.8 80.2 80.0 80.1 79.9 80.5 80.8 80.6 80.9 80.7 81.5 81.6 82.4 82.2 82.6 83.1 82.7 83.3 82.4 81.6 81.2 82.6 82.8 82.9 82.9 83.6 83.6 83.4 83.6 83.3 82.8 83.9 84.0 83.8 83.9 82.7 84.1 84.8 84.1 84.5 84.6 84.8 84.3 84.9 84.8 84.4 84.8 84.0 84.1 84.4 84.8 85.5 85.5 86.5 85.9 86.1 86.0 85.6 85.5 85.5 85.9 86.2 86.3 86.3 87.8 87.1 86.0 87.2 86.6 86.9 87.3 86.7 87.2 87.0 86.7 87.3 87.3 86.8 86.9 87.5 87.9 88.3 88.0 86.5 85.7 85.9 86.3 85.7 85.1 84.1 78.5 74.3 72.3 72.0 71.9 72.1 72.6 72.9 72.2 72.3 73.1 73.0 73.7 74.0 74.0 73.9 73.7 73.8 73.8 74.3 74.1 73.8 73.2 76.35138888888889 5.886072690920741
1 72.3 71.1 70.4 70.3 70.7 70.1 70.0 69.6 69.3 68.7 68.8 69.1 68.6 68.5 68.8 69.1 67.9 67.4 68.0 67.6 67.8 67.4 67.2 66.4 67.3 68.3 67.4 67.1 65.8 65.3 65.5 66.8 67.4 66.7 66.0 66.0 65.4 65.1 65.4 66.8 67.1 66.2 64.9 65.8 65.9 69.5 70.2 68.8 68.3 67.4 66.1 65.6 65.3 64.9 66.0 67.0 68.7 67.2 69.4 70.9 70.3 69.6 69.8 71.0 70.8 69.6 69.8 69.6 68.8 68.9 70.4 70.8 71.7 71.5 71.3 70.6 70.3 70.3 69.8 69.4 69.4 69.7 70.5 70.1 70.3 70.9 71.6 71.6 71.1 71.3 71.5 71.6 70.8 70.9 70.5 69.7 69.9 69.9 70.3 70.7 71.1 71.3 71.2 71.1 70.9 70.8 70.6 70.6 70.2 70.0 69.9 69.7 69.6 68.5 67.8 67.4 66.6 67.2 67.2 67.3 67.1 67.1 66.3 66.4 66.0 65.1 65.7 66.4 67.1 68.8 71.5 71.6 71.0 70.5 70.7 70.1 68.9 69.4 70.0 70.7 70.8 71.0 71.3 71.5 71.5 71.3 71.5 72.3 73.2 74.1 73.7 73.9 75.4 76.1 76.3 76.9 77.0 77.1 77.9 78.4 78.5 78.7 78.8 78.9 79.0 79.1 79.6 80.1 80.0 80.5 80.3 80.1 80.4 80.5 80.4 80.8 81.3 80.6 81.4 81.4 82.0 82.1 82.1 82.7 82.3 82.1 82.0 82.2 82.8 82.7 83.4 83.3 83.7 83.3 83.6 84.2 83.7 84.8 84.8 84.6 84.8 84.9 84.5 84.7 84.6 85.8 85.9 86.0 86.8 85.6 84.6 83.7 84.4 85.8 85.9 86.7 86.5 85.7 85.0 86.7 86.7 85.1 87.1 87.3 87.6 87.6 87.6 87.6 87.3 85.8 85.3 85.9 86.2 86.3 86.2 85.9 85.8 85.7 85.6 85.9 86.0 85.8 86.0 86.1 86.1 85.4 84.7 84.8 85.0 83.8 83.1 82.9 83.0 83.4 83.6 83.8 84.4 84.3 85.1 85.0 84.7 84.0 83.6 82.9 82.6 82.4 82.3 82.4 82.0 81.4 79.7 79.4 79.3 78.8 78.6 77.5 77.3 77.1 77.2 77.0 76.6 76.9 76.7 76.2 75.6 75.8 76.2 76.5 75.46076388888889 7.281987378524568
2 73.2 73.8 73.7 71.1 70.8 71.0 69.5 69.6 68.6 68.4 69.9 69.4 69.8 70.4 68.7 69.6 68.1 67.3 67.4 67.7 67.1 67.2 66.9 67.2 67.7 68.4 68.2 67.7 68.0 67.8 67.7 66.7 66.5 66.8 67.6 68.6 68.9 70.0 70.0 69.6 69.0 69.9 70.5 70.0 68.8 68.8 68.2 67.8 68.3 68.8 68.6 67.6 68.9 69.0 69.3 69.0 68.8 68.7 68.6 68.5 68.6 68.7 68.8 68.6 68.4 68.2 68.6 69.1 69.2 69.4 69.5 69.3 69.2 69.0 68.8 69.1 69.1 69.1 68.8 69.0 68.7 68.4 67.8 67.9 68.2 68.5 68.3 68.1 68.4 68.3 68.2 68.0 67.8 67.8 67.8 67.9 68.2 68.3 68.4 68.5 68.5 68.3 68.2 67.9 67.7 67.6 67.7 67.8 68.0 68.3 68.4 68.4 68.2 68.2 68.5 68.7 68.6 68.5 68.4 68.4 68.3 68.2 68.3 68.5 68.6 68.5 68.7 68.8 68.7 68.7 68.9 69.0 69.2 69.1 69.0 69.2 69.1 69.4 69.6 69.6 69.7 69.9 70.2 70.5 70.7 71.1 71.4 71.7 71.7 72.1 72.4 72.7 73.1 73.4 73.9 74.0 74.2 74.7 75.0 75.5 76.0 76.2 76.3 77.1 76.9 77.1 77.6 77.8 78.2 78.7 79.0 79.1 79.7 79.7 79.8 80.2 80.8 81.4 81.2 81.3 82.4 81.7 82.4 81.5 82.6 83.5 83.2 83.2 83.8 83.8 84.2 84.7 84.6 84.3 85.0 85.1 85.4 85.6 85.8 85.9 85.5 86.7 86.7 87.0 86.7 87.0 87.2 86.3 87.0 87.3 87.4 87.5 87.5 87.3 87.9 88.7 88.4 88.3 88.5 89.5 88.7 88.8 89.1 89.3 89.2 89.4 89.8 90.3 89.3 90.2 90.7 91.0 90.4 90.1 90.1 90.0 89.8 89.5 89.6 89.2 88.9 88.6 89.1 89.0 88.8 88.8 88.6 88.4 88.8 88.0 88.4 87.7 87.1 87.0 85.7 85.4 84.6 85.2 85.6 85.8 85.5 84.6 84.2 84.0 83.3 83.2 84.1 84.5 84.6 84.7 84.7 84.5 84.3 84.2 84.1 83.7 83.5 83.1 82.8 82.5 82.3 82.2 81.9 82.0 81.6 81.5 81.3 81.0 76.19583333333333 8.363525214104913
3 72.9 72.9 72.3 71.9 72.0 70.8 70.2 70.2 69.3 69.1 69.2 69.4 69.2 68.8 68.0 68.0 68.2 68.0 67.8 67.9 67.5 66.9 66.4 66.7 66.8 66.5 66.0 65.8 66.3 66.1 65.5 65.5 65.4 65.6 65.6 65.0 65.2 64.7 65.0 65.0 65.2 65.9 66.3 66.4 65.9 65.6 65.3 64.8 64.3 65.3 65.6 64.9 64.8 64.7 64.9 64.7 65.2 64.5 64.5 64.5 64.3 64.0 63.7 63.9 63.7 63.5 63.7 63.2 63.6 63.2 63.5 63.0 62.8 63.1 63.3 63.0 62.9 63.1 62.7 62.9 63.0 62.9 62.8 62.8 62.7 63.0 62.7 62.8 62.5 62.4 62.1 62.3 62.1 62.2 62.6 62.4 62.0 61.9 61.6 61.3 61.4 61.2 61.5 61.4 61.2 61.5 61.0 60.9 61.1 61.2 61.3 61.3 61.1 61.5 61.0 60.8 60.8 60.7 61.0 61.2 61.5 61.5 61.5 61.4 61.1 61.2 61.6 61.9 62.3 63.1 63.4 63.6 65.3 66.1 68.4 71.5 73.0 70.9 68.8 69.0 69.2 69.9 69.2 70.9 73.5 74.8 75.4 75.8 76.1 76.2 76.4 76.6 77.0 77.0 77.4 77.6 77.9 78.1 78.3 77.8 78.0 78.2 78.7 79.0 79.3 79.2 79.6 79.8 79.5 79.4 79.6 80.7 80.1 80.1 80.4 80.6 80.8 80.9 81.5 82.1 81.5 82.1 82.3 82.4 83.3 83.2 82.0 82.2 82.9 82.8 83.1 83.8 83.3 83.4 84.7 85.1 85.2 84.9 85.6 85.6 85.5 85.5 85.7 86.0 86.1 86.6 86.8 86.9 86.6 86.5 86.7 86.3 86.4 86.8 86.4 87.1 86.9 87.1 87.2 87.5 87.5 87.7 87.6 88.5 88.6 88.3 88.3 88.7 88.2 88.0 88.7 89.0 89.4 89.7 89.1 89.1 90.0 89.4 89.7 89.9 89.9 89.4 89.8 89.4 89.6 89.9 89.3 88.5 88.3 87.7 87.3 86.8 86.6 84.0 81.5 81.2 82.3 82.3 82.5 82.1 85.5 86.4 86.6 86.6 86.5 86.3 85.8 85.5 85.3 85.2 84.8 84.6 84.5 84.4 84.0 83.7 83.5 83.4 83.2 83.0 82.8 82.7 82.4 82.2 82.3 81.6 81.7 81.4 74.35625 10.227395189848588
4 74.4 73.0 72.7 72.7 72.0 71.9 71.0 70.8 70.3 70.2 69.6 69.4 69.0 69.1 69.1 68.8 67.9 67.3 66.9 67.8 67.4 67.7 67.1 66.9 67.2 66.0 65.8 65.7 65.6 65.9 66.1 66.1 64.3 64.0 64.4 65.1 65.2 65.7 65.8 65.2 64.5 64.4 65.1 64.2 64.1 65.2 64.0 63.7 62.6 63.7 65.0 65.4 63.5 63.2 63.2 64.0 64.7 64.7 64.7 64.6 65.0 63.5 62.5 65.0 65.4 65.1 65.0 64.8 64.8 64.3 64.0 64.5 64.9 64.7 64.4 64.7 64.6 64.6 64.9 64.8 64.8 65.1 64.9 64.6 64.5 64.7 65.0 64.8 64.7 64.8 64.7 64.8 64.7 64.5 64.6 64.6 64.5 64.3 64.2 64.3 64.2 64.0 64.0 64.0 63.7 63.5 63.8 63.8 63.9 63.9 63.8 63.5 63.4 63.5 63.8 63.8 63.7 63.9 64.0 63.7 63.9 63.8 63.3 63.4 63.5 63.2 63.5 63.4 63.4 63.3 63.3 63.7 64.1 64.2 64.7 65.0 65.2 65.7 65.9 66.1 66.4 66.7 67.0 67.4 67.8 68.1 68.6 68.8 69.1 69.6 70.2 70.7 70.9 71.2 71.5 72.0 72.2 72.6 72.8 73.2 73.6 74.0 74.5 74.6 74.7 75.0 75.3 75.8 76.2 76.4 76.5 76.8 77.0 77.6 77.6 77.6 78.0 77.6 78.2 77.9 78.2 78.1 78.9 79.5 79.9 80.0 79.9 80.7 81.3 81.4 81.2 81.8 81.6 81.4 82.0 82.1 82.2 82.0 82.7 82.8 82.5 82.9 83.1 83.3 83.9 83.9 83.7 83.8 84.3 84.4 84.5 84.4 84.6 84.6 84.6 85.2 85.2 85.3 85.6 84.7 85.5 85.8 85.6 84.0 84.9 84.8 85.3 85.3 83.9 83.7 84.0 83.9 86.0 84.7 83.7 83.6 83.9 83.6 83.4 83.1 83.2 83.3 83.5 83.5 83.3 83.6 83.5 83.2 83.5 84.0 84.7 85.1 85.4 85.6 85.6 85.0 84.2 83.7 84.0 84.0 84.8 84.4 83.7 83.5 84.5 84.9 84.0 83.0 82.6 82.6 82.4 82.1 81.7 81.5 81.6 81.7 81.9 81.2 80.9 80.1 79.6 79.8 79.7 78.9 79.3 79.2 78.8 78.4 73.02083333333333 8.474428639533789
5 -100.0 -100.0 -100.0 -100.0 -100.0 -100.0 -100.0 -100.0 -100.0 -100.0 -100.0 -100.0 -100.0 -100.0 -100.0 -100.0 -100.0 -100.0 -100.0 -100.0 -100.0 -100.0 -100.0 -100.0 -100.0 -100.0 -100.0 -100.0 -100.0 -100.0 -100.0 -100.0 -100.0 -100.0 -100.0 -100.0 -100.0 -100.0 -100.0 -100.0 -100.0 -100.0 -100.0 -100.0 -100.0 -100.0 -100.0 -100.0 -100.0 -100.0 -100.0 -100.0 -100.0 -100.0 -100.0 -100.0 -100.0 -100.0 -100.0 -100.0 -100.0 -100.0 -100.0 -100.0 -100.0 -100.0 -100.0 -100.0 -100.0 -100.0 -100.0 -100.0 -100.0 -100.0 -100.0 -100.0 -100.0 -100.0 -100.0 -100.0 -100.0 -100.0 -100.0 -100.0 -100.0 -100.0 -100.0 -100.0 -100.0 -100.0 -100.0 -100.0 -100.0 -100.0 -100.0 -100.0 -100.0 -100.0 -100.0 -100.0 -100.0 -100.0 -100.0 -100.0 -100.0 -100.0 -100.0 -100.0 -100.0 -100.0 -100.0 -100.0 -100.0 -100.0 -100.0 -100.0 -100.0 -100.0 -100.0 -100.0 -100.0 -100.0 -100.0 -100.0 -100.0 -100.0 -100.0 -100.0 -100.0 -100.0 -100.0 -100.0 -100.0 -100.0 -100.0 -100.0 -100.0 -100.0 -100.0 -100.0 -100.0 -100.0 -100.0 -100.0 -100.0 -100.0 -100.0 -100.0 -100.0 -100.0 -100.0 -100.0 -100.0 -100.0 -100.0 -100.0 -100.0 -100.0 -100.0 -100.0 -100.0 -100.0 -100.0 -100.0 -100.0 -100.0 -100.0 -100.0 -100.0 -100.0 -100.0 -100.0 -100.0 -100.0 -100.0 -100.0 -100.0 -100.0 -100.0 -100.0 -100.0 -100.0 -100.0 -100.0 -100.0 -100.0 -100.0 -100.0 -100.0 -100.0 -100.0 -100.0 -100.0 -100.0 -100.0 -100.0 -100.0 -100.0 -100.0 -100.0 -100.0 -100.0 -100.0 -100.0 -100.0 -100.0 -100.0 -100.0 -100.0 -100.0 -100.0 -100.0 -100.0 -100.0 -100.0 -100.0 -100.0 -100.0 -100.0 -100.0 -100.0 -100.0 -100.0 -100.0 -100.0 -100.0 -100.0 -100.0 -100.0 -100.0 -100.0 -100.0 -100.0 -100.0 -100.0 -100.0 -100.0 -100.0 -100.0 -100.0 -100.0 -100.0 -100.0 -100.0 -100.0 -100.0 -100.0 -100.0 -100.0 -100.0 -100.0 -100.0 -100.0 -100.0 -100.0 -100.0 -100.0 -100.0 -100.0 -100.0 -100.0 -100.0 -100.0 -100.0 -100.0 -100.0 -100.0 -100.0 -100.0 -100.0 -100.0 -100.0 -100.0 -100.0 -100.0 -100.0 -100.0 -100.0 -100.0 -100.0 -100.0 -100.0 -100.0 -100.0 -100.0 -100.0 -100.0 -100.0 -100.0 0.0
6 69.7 68.7 69.7 67.3 66.5 66.0 65.5 65.2 64.1 64.2 64.5 64.2 62.9 63.2 64.8 64.7 64.4 64.0 63.5 63.0 61.8 62.2 62.1 62.8 62.6 61.8 62.2 62.0 63.5 63.1 62.8 63.1 63.0 62.8 62.8 61.9 61.6 61.1 61.6 61.2 61.1 61.2 61.2 61.3 61.0 61.3 61.9 62.7 62.0 62.1 61.5 61.8 61.4 61.0 61.0 61.4 61.4 60.9 60.7 60.4 60.4 60.1 60.4 60.5 60.1 60.4 60.5 60.0 59.8 60.6 61.1 60.4 60.7 60.7 60.7 61.1 60.8 60.4 60.4 60.1 60.1 59.4 59.2 59.2 59.2 59.0 58.9 58.5 58.2 58.4 58.2 58.2 58.4 58.8 58.7 58.5 58.8 58.4 58.2 57.7 57.4 57.4 58.0 57.5 57.4 58.5 57.9 57.9 58.9 57.9 57.4 56.5 56.9 56.2 56.3 56.2 56.3 56.1 56.4 56.4 56.0 54.8 54.5 54.5 56.1 56.4 56.5 56.9 56.6 56.4 56.5 57.3 57.6 58.3 58.8 59.2 59.6 60.1 60.9 61.6 61.8 62.0 62.6 63.4 64.2 65.0 65.3 65.9 66.4 67.0 67.7 68.3 68.6 69.0 69.6 69.7 70.1 70.3 70.7 71.0 71.3 71.2 71.5 71.8 72.0 72.4 72.8 73.2 73.7 73.7 73.6 74.3 74.2 75.0 74.9 75.2 75.1 75.2 75.4 75.7 75.7 76.3 75.9 76.5 76.6 76.7 77.0 76.9 77.3 77.5 76.8 77.4 77.3 77.8 77.5 77.9 78.4 78.4 78.2 78.4 79.0 79.1 78.8 78.9 79.0 79.2 78.9 79.5 79.5 80.1 80.2 80.4 80.4 81.1 80.4 80.9 80.9 80.8 80.9 80.4 80.9 81.2 80.9 81.0 81.2 81.4 81.2 81.6 81.4 81.9 81.8 81.6 81.5 81.7 81.7 81.6 82.3 81.6 82.2 81.9 82.2 81.8 81.7 80.2 80.5 80.6 79.2 79.4 79.3 78.6 79.0 79.2 79.5 80.3 79.9 80.4 80.7 80.6 80.8 81.0 80.9 80.4 80.2 80.1 80.0 79.7 78.9 78.2 77.9 77.3 76.9 76.7 76.5 76.3 76.2 76.1 75.8 75.8 75.8 75.7 75.4 75.3 74.9 74.5 74.5 74.3 74.0 73.7 68.73576388888888 9.068938762916018
7 69.7 69.6 69.0 69.4 70.1 70.1 68.9 69.5 69.5 67.8 67.5 68.8 66.7 65.1 64.6 64.3 65.2 67.1 67.4 66.7 64.1 64.0 63.9 64.7 66.1 66.4 66.0 63.5 63.9 64.4 64.5 65.5 66.1 65.0 64.6 65.3 65.1 64.3 63.0 63.2 64.0 61.8 62.0 62.4 64.2 62.1 60.9 61.4 61.5 61.6 61.2 63.7 63.8 62.4 62.1 61.2 61.4 61.4 60.3 59.8 60.1 60.0 59.6 59.6 62.2 61.4 59.0 59.4 58.6 59.9 60.0 60.3 60.7 59.7 60.7 60.5 60.4 60.2 60.1 60.3 60.5 60.5 60.2 59.7 60.0 59.3 58.7 58.5 58.7 59.1 59.4 59.6 59.8 61.1 60.5 60.8 60.1 59.4 59.3 60.0 59.9 58.0 58.0 58.0 58.1 58.1 57.6 57.7 57.9 58.0 58.1 57.1 57.0 56.9 57.0 57.0 56.8 56.9 57.1 57.1 56.8 56.7 57.3 56.8 56.3 56.7 57.3 57.1 57.4 56.9 57.9 57.8 58.2 59.0 59.6 59.7 60.1 60.8 61.0 61.2 61.1 62.0 62.5 62.7 62.8 63.0 63.0 63.0 63.2 63.9 64.3 64.8 65.2 65.5 65.7 65.8 66.1 66.7 67.4 67.7 67.6 68.3 68.9 68.6 69.1 69.3 69.4 70.4 70.2 71.0 71.5 72.0 72.1 72.5 73.0 73.0 72.8 73.7 74.3 74.9 75.2 75.6 75.4 75.6 76.0 76.4 76.6 76.9 77.0 77.4 77.7 78.3 78.5 78.9 79.2 79.6 80.3 80.7 81.7 81.7 82.0 81.9 82.4 82.7 82.7 83.0 83.4 83.4 82.2 83.3 83.7 82.6 82.7 83.9 83.8 83.2 83.9 84.1 84.0 84.0 84.1 83.9 83.9 84.0 84.4 84.3 84.8 84.7 84.7 84.6 84.8 84.6 84.5 84.6 84.9 85.1 84.8 84.8 84.5 84.5 84.8 84.8 84.3 84.2 84.0 84.0 84.0 83.9 83.8 83.7 83.4 83.2 83.2 83.3 83.1 83.1 83.0 82.5 82.7 82.6 82.6 82.7 82.4 82.4 82.2 81.9 81.0 81.2 81.2 81.0 80.8 80.6 80.2 79.9 79.6 79.1 78.9 78.5 78.4 78.7 78.5 78.3 76.8 75.9 76.1 75.1 74.9 74.3 69.86284722222223 9.91570261835247
8 68.6 68.3 67.0 66.4 65.4 65.5 65.0 65.2 65.2 64.6 64.8 64.9 64.8 64.3 64.7 64.0 64.6 64.0 63.8 64.0 63.6 64.1 64.0 63.7 63.9 63.3 63.2 63.0 63.2 63.3 63.0 62.7 62.4 62.3 61.8 62.0 62.0 62.2 62.6 62.5 62.0 61.4 61.6 61.7 61.8 62.0 61.1 62.0 61.2 61.0 61.1 60.9 60.8 61.3 61.5 61.6 61.0 60.9 60.2 59.9 60.4 60.7 60.7 60.5 60.8 60.2 59.9 59.8 59.8 59.9 59.8 60.0 59.4 59.0 59.1 59.2 59.2 58.9 59.0 58.7 58.5 59.3 58.9 59.0 58.8 58.8 58.9 58.6 58.6 58.1 58.0 58.4 58.7 59.0 59.4 59.1 58.3 57.9 58.0 58.1 57.7 57.8 57.8 57.9 58.0 58.3 58.3 57.9 58.0 58.4 58.3 58.2 58.1 57.6 58.1 58.1 58.3 57.5 57.6 58.1 58.0 58.0 58.0 57.4 57.2 57.0 57.1 57.2 57.4 57.7 57.8 57.9 58.3 58.7 59.3 59.4 59.5 59.7 60.1 60.6 60.8 61.0 61.3 61.7 62.2 62.6 62.9 63.5 63.9 64.5 64.9 65.1 65.5 66.0 66.4 67.3 67.8 68.0 68.8 69.0 69.5 70.3 70.3 70.8 71.0 71.2 71.5 72.0 72.8 73.2 73.9 74.4 75.0 75.0 75.6 76.2 76.6 77.0 77.1 77.5 77.5 78.2 78.2 78.5 79.1 79.7 79.8 79.6 79.4 79.5 80.2 80.7 80.8 80.9 81.2 80.3 81.4 80.4 81.1 81.6 81.6 80.9 81.4 81.8 81.4 81.4 82.6 82.7 82.5 82.2 82.3 82.9 82.5 83.1 83.5 83.4 83.2 83.3 83.7 83.6 83.1 83.8 83.8 83.3 82.6 82.9 83.9 83.9 83.4 82.6 82.9 82.8 82.8 82.0 82.5 83.4 82.5 81.3 82.7 82.7 82.0 81.6 81.8 82.5 83.0 82.9 82.6 82.8 83.1 82.9 81.5 80.6 81.4 81.7 81.4 81.5 81.9 82.0 81.8 81.7 81.3 81.2 81.2 81.1 81.1 81.0 80.8 80.5 80.5 80.6 80.5 80.1 79.6 79.5 79.1 79.1 78.7 78.5 78.5 78.2 77.9 77.5 77.0 76.4 76.2 75.4 75.1 74.9 69.46493055555555 9.900331849330508
9 65.0 64.9 64.3 63.9 63.9 63.1 62.4 62.1 62.3 61.9 61.4 61.2 61.4 60.8 61.4 61.2 60.7 60.9 60.2 59.7 59.6 59.3 59.6 59.3 59.0 59.3 59.2 59.2 59.1 59.1 59.2 58.6 58.1 58.1 57.7 57.6 57.2 57.1 57.1 56.9 57.1 57.5 57.4 56.6 56.3 56.1 55.9 56.0 56.0 55.9 56.1 55.8 55.5 55.4 55.4 55.4 55.2 55.0 55.0 55.1 55.1 55.1 54.8 54.5 54.4 54.4 54.3 54.4 54.6 54.3 54.1 54.2 54.2 54.1 54.1 54.1 54.1 53.9 53.3 53.3 53.4 53.7 53.6 53.4 53.5 53.9 53.6 53.0 53.1 52.9 52.8 52.9 52.9 52.6 52.5 52.6 52.6 52.5 52.5 52.4 52.6 52.3 52.0 52.0 52.0 52.1 52.1 52.1 51.9 51.6 51.8 51.9 51.8 51.9 51.9 52.1 52.3 52.3 52.1 51.9 51.8 51.9 52.0 51.9 51.7 52.0 52.1 52.5 52.4 52.4 52.9 53.3 53.7 54.0 54.3 54.6 55.0 55.5 56.5 56.7 57.2 58.2 59.3 59.9 60.4 60.9 61.5 61.7 62.4 63.3 63.7 64.6 65.4 65.9 66.7 67.3 67.9 68.8 69.4 69.7 70.0 70.4 70.9 72.4 72.8 73.2 73.1 74.5 74.9 75.5 75.8 75.3 76.0 76.2 77.2 77.6 77.6 77.5 77.8 77.8 78.1 78.3 78.5 78.4 78.5 78.6 79.0 78.8 79.0 79.4 79.4 79.9 80.0 80.4 79.8 80.1 80.8 79.8 79.4 80.3 79.9 80.1 81.2 81.7 81.2 81.6 81.2 81.6 81.5 81.7 81.2 81.5 81.7 81.9 81.9 82.0 81.7 81.9 81.8 82.5 82.5 82.2 82.4 82.5 82.5 82.5 82.2 82.3 82.7 80.8 80.6 81.8 82.5 81.6 82.7 83.3 81.8 80.7 82.7 83.3 83.3 83.4 82.9 83.0 83.6 82.9 82.5 81.2 82.2 81.6 82.1 81.5 81.7 82.0 82.1 82.0 81.4 82.1 81.3 81.3 79.6 80.3 80.3 79.9 79.7 79.7 79.4 79.3 79.1 79.0 78.7 78.2 78.2 77.9 77.7 77.2 77.2 76.7 76.2 76.0 75.7 75.4 75.2 75.0 74.6 74.3 73.8 74.0 66.76493055555555 12.003846044322124
END
#################################################################
SECTION3 (Edges Information)
EndPoint0 EndPoint1 Weight
0 1 1.000000
1 2 1.000000
2 3 1.000000
3 4 1.000000
3 5 1.000000
4 5 1.000000
4 6 1.000000
5 6 1.000000
5 7 1.000000
6 7 1.000000
7 8 1.000000
7 9 1.000000
8 9 1.000000
END
#################################################################
SECTION4 (TrueSubGraph Information)
EndPoint0 EndPoint1 Weight
END
#################################################################
