#################################################################
#APDM Input Graph, this input graph includes 3 sections:
#section1 : general information
#section2 : nodes
#section3 : edges
#section4 : trueSubGraph (Optional)
#
#if nodes haven't information set weight to null
#################################################################
SECTION1 (General Information)
numNodes = 10
numEdges = 13
usedAlgorithm = NULL
dataSource = TransWeatherRealData
END
#################################################################
SECTION2 (Nodes Information)
NodeID Temperatures  mean  std 
0 62.7 62.5 62.6 62.5 62.4 62.3 62.3 62.0 61.7 61.5 61.3 61.3 61.4 61.2 61.1 61.2 60.9 60.4 60.3 60.5 60.4 60.5 60.4 60.2 60.6 61.3 61.3 61.8 61.9 61.5 61.2 61.1 60.9 61.0 61.2 61.2 61.0 60.8 60.7 60.9 61.6 61.7 61.2 61.3 61.2 61.0 61.1 61.1 61.2 61.2 61.2 61.4 61.5 61.7 61.8 61.5 61.1 61.2 61.1 60.9 60.9 60.9 60.8 60.6 60.2 60.0 59.8 59.7 59.4 59.5 59.3 59.2 59.1 59.2 59.4 59.6 59.7 59.7 59.9 60.4 60.6 60.9 60.7 60.3 60.3 60.4 60.4 60.5 60.4 60.4 60.3 60.4 60.0 59.6 59.1 58.9 58.9 58.5 58.5 58.1 57.9 57.9 57.9 57.8 57.5 57.3 57.4 57.3 57.3 57.3 57.2 57.1 57.2 57.2 57.2 57.0 56.8 57.0 56.9 56.7 56.6 56.6 56.6 56.7 56.7 56.6 56.5 56.4 56.3 56.3 56.6 56.9 57.2 57.2 57.4 57.7 57.8 57.5 57.5 57.8 58.2 58.3 58.4 58.5 58.7 59.0 59.1 59.3 59.6 59.6 59.8 60.0 60.6 61.0 61.5 61.4 61.5 62.0 61.9 62.6 62.0 61.6 61.7 61.7 61.4 61.4 61.4 61.5 61.6 61.5 61.9 62.7 62.6 63.7 64.8 63.8 64.3 64.6 63.9 62.9 63.6 65.0 64.3 64.6 65.2 65.4 64.3 65.2 64.6 65.1 65.6 66.1 65.2 65.7 65.9 66.2 66.5 66.7 65.3 65.3 66.7 66.0 66.2 68.1 68.5 66.6 66.3 66.5 67.9 68.2 67.7 66.5 66.8 68.5 67.6 66.4 67.4 66.5 67.2 68.6 68.6 67.9 69.4 68.9 69.4 68.0 67.3 68.3 67.7 66.6 68.4 68.0 66.6 68.5 68.6 68.1 69.3 69.4 68.7 69.3 69.5 68.7 68.9 68.6 68.4 68.5 68.5 68.3 68.7 68.5 68.7 68.3 68.2 67.9 67.8 67.9 67.9 67.9 67.5 67.4 67.2 67.1 67.0 67.0 67.0 67.0 66.9 66.8 66.8 66.8 66.7 66.4 66.2 66.0 66.1 65.9 65.7 65.1 64.9 64.8 64.7 64.9 64.8 64.2 64.1 63.9 63.9 63.5 62.61736111111111 3.7757585454956044
1 59.7 59.5 59.3 59.1 59.3 59.2 59.1 59.2 59.1 59.0 59.1 59.1 59.2 59.1 59.1 59.1 59.1 59.3 59.4 59.4 59.3 59.2 59.1 59.4 59.8 60.5 61.1 61.1 61.2 61.2 60.7 59.7 59.4 59.1 58.8 58.8 58.8 58.5 58.6 59.0 59.1 59.3 59.3 59.4 59.1 59.3 59.8 60.0 60.1 60.0 59.6 59.5 59.5 59.7 60.1 60.1 60.4 60.5 60.3 60.0 59.9 59.8 59.8 59.9 60.0 60.2 60.2 60.2 60.1 60.1 60.2 60.3 60.3 60.4 60.5 60.3 60.1 60.1 60.2 60.3 59.9 60.1 60.2 60.3 60.2 60.3 60.3 60.3 60.1 60.0 60.0 59.9 60.0 59.8 59.8 59.9 59.7 59.6 59.5 59.5 59.4 59.3 59.2 59.3 59.3 59.2 59.0 58.9 58.7 58.5 58.3 58.4 58.6 58.7 58.5 58.1 57.7 57.8 57.6 57.7 58.1 58.5 58.5 58.4 58.5 58.7 59.0 58.9 59.0 58.8 58.5 58.5 58.4 58.5 58.5 59.0 60.0 60.6 61.0 60.6 60.6 61.2 61.3 61.6 61.2 60.6 60.5 60.7 60.9 61.0 60.9 61.0 61.1 61.0 61.1 62.1 62.5 62.2 62.1 62.7 62.2 62.0 62.6 62.7 62.8 63.6 63.6 64.6 63.6 62.8 62.3 63.0 63.5 65.2 63.2 62.8 63.2 65.6 65.6 66.1 66.7 66.2 66.5 66.9 67.1 66.3 67.0 66.8 67.8 68.5 66.4 66.8 68.0 69.0 68.4 66.0 66.6 68.8 69.0 67.6 68.8 66.8 66.4 67.4 69.3 69.9 70.1 68.7 67.4 67.2 67.7 69.8 68.6 69.0 68.2 68.4 68.1 68.9 69.2 67.9 68.2 69.5 68.8 67.6 67.5 69.0 70.0 69.2 69.9 69.9 69.8 70.3 69.7 71.7 71.5 70.9 69.6 69.7 70.3 70.3 70.7 70.7 70.8 70.2 69.2 69.5 68.3 69.1 69.6 70.0 68.9 68.2 67.7 68.9 69.2 69.0 68.9 68.7 68.9 68.1 68.2 68.1 68.2 67.4 67.1 67.0 66.7 66.6 66.4 66.3 66.0 65.8 65.6 65.3 65.0 64.7 64.4 63.9 63.4 63.1 62.5 61.9 61.3 60.4 60.2 60.0 59.8 59.5 62.922222222222224 4.123324399529502
2 65.3 65.2 65.2 65.0 64.7 64.9 64.4 64.2 63.8 63.9 63.8 63.5 63.3 63.4 63.2 62.9 62.4 62.6 62.6 62.4 62.0 62.1 61.8 61.8 62.1 62.4 62.9 63.3 63.4 63.5 63.4 62.4 62.1 61.8 62.1 62.3 62.0 61.3 61.2 61.5 61.6 61.7 61.6 61.4 61.6 61.8 62.1 62.4 62.1 61.7 61.7 61.7 61.7 61.6 61.6 61.8 61.7 61.3 61.2 61.3 61.5 61.6 61.7 62.0 62.1 62.1 61.9 61.8 61.7 61.7 61.9 62.2 62.4 62.5 62.5 62.6 62.7 62.6 62.3 61.9 61.7 61.5 61.0 60.3 59.7 59.6 59.5 59.5 59.6 59.7 59.8 59.8 60.0 60.1 59.9 59.9 59.8 59.5 59.3 59.0 58.6 58.5 58.2 58.3 58.2 58.0 58.0 57.8 57.6 57.2 57.0 56.7 56.7 57.0 56.9 57.0 57.1 57.1 57.0 57.2 57.4 57.4 57.2 57.2 57.1 56.8 56.2 56.4 56.2 55.4 55.6 55.6 55.8 56.1 56.1 56.3 56.8 57.1 57.5 57.9 58.5 59.1 59.5 59.7 59.8 60.2 60.4 60.9 61.4 61.7 62.4 62.9 63.3 63.3 63.6 63.7 63.8 63.9 63.7 63.7 64.0 64.5 64.6 64.9 64.9 64.8 65.1 65.5 65.9 65.9 65.9 66.1 66.0 66.4 66.1 66.4 66.8 67.3 67.1 67.6 68.2 68.1 69.2 68.2 68.0 67.5 68.9 69.3 69.5 69.2 70.2 69.8 70.7 69.6 70.0 71.4 70.5 70.6 69.9 70.3 70.5 70.7 71.3 71.4 71.3 71.1 70.7 71.3 71.2 71.4 72.0 71.5 71.8 70.7 72.0 72.0 71.4 72.2 72.4 71.9 71.6 71.8 70.9 71.7 71.7 71.8 71.8 71.8 72.0 71.8 71.8 71.9 72.1 71.3 72.3 71.6 71.9 71.2 71.2 71.7 71.4 69.7 70.0 70.1 69.7 69.2 71.1 69.6 69.4 69.6 69.9 69.9 69.1 69.1 70.1 70.0 69.6 69.6 69.8 69.6 69.6 69.6 69.3 69.1 69.3 69.0 69.1 68.7 68.5 68.5 68.3 68.1 67.8 67.6 67.3 67.1 66.7 66.4 65.9 65.4 64.9 64.4 64.1 63.9 63.3 63.2 61.5 60.3 64.39340277777778 4.849461145135654
3 63.4 62.9 62.7 61.9 61.7 62.0 62.0 61.8 61.5 61.4 60.9 60.8 60.6 60.1 59.7 59.5 59.2 59.2 58.8 58.6 58.7 58.5 58.4 58.2 58.1 58.1 58.3 59.4 59.9 60.5 60.4 61.2 61.9 61.9 61.9 62.3 61.9 62.0 61.8 61.7 61.9 61.9 61.8 61.9 62.1 61.5 61.4 61.0 60.7 60.1 60.0 59.6 58.9 58.7 58.9 59.3 59.3 59.4 58.6 58.4 58.5 58.5 58.5 58.6 58.3 58.1 58.0 57.8 58.0 58.0 58.1 58.4 58.9 58.9 58.9 58.5 58.1 58.0 57.9 57.7 57.4 57.3 56.9 56.7 56.7 56.5 56.4 55.8 55.9 55.9 56.1 55.8 55.8 55.7 55.8 55.6 55.3 55.4 55.2 54.8 54.9 55.0 54.5 54.4 54.4 54.4 54.1 54.8 54.1 54.1 53.8 53.7 54.0 54.0 54.0 53.7 53.6 53.7 53.3 53.2 53.0 53.2 53.2 53.0 52.6 52.3 52.5 52.8 52.6 52.3 52.6 52.2 52.4 52.8 52.6 53.3 53.5 53.9 54.2 55.3 56.1 56.4 56.7 57.4 58.1 59.0 59.9 60.3 60.7 61.2 61.7 61.8 62.1 62.6 62.4 62.5 62.5 62.6 63.1 63.8 62.9 63.0 63.5 63.9 64.1 63.9 63.6 63.5 63.7 64.1 64.0 64.9 64.9 65.3 65.7 66.1 65.4 65.9 66.4 66.6 67.0 67.4 67.8 67.4 67.9 67.6 68.2 68.6 67.8 68.1 68.2 68.8 69.4 69.3 70.3 70.2 69.6 70.3 71.0 70.8 70.5 70.5 70.9 71.2 70.7 71.4 71.1 71.5 70.8 70.5 71.4 71.4 71.2 69.1 70.9 70.6 70.7 70.1 70.6 70.3 70.0 72.1 71.3 70.6 70.6 69.9 70.8 71.4 71.3 70.1 71.5 70.5 71.5 71.1 70.7 71.1 71.5 70.1 68.8 70.3 70.4 70.3 70.0 70.9 70.7 70.7 70.8 70.4 70.3 70.8 70.3 69.7 70.0 70.1 69.9 69.6 69.7 69.5 69.6 69.7 70.0 69.6 69.7 69.3 69.2 69.1 69.2 69.0 68.9 68.6 68.5 68.4 68.2 68.0 67.9 67.4 67.1 66.7 66.0 65.1 64.0 63.3 63.2 62.6 62.3 61.7 60.8 60.1 62.61736111111111 6.066625784791608
4 64.8 64.3 64.0 63.9 63.9 63.6 63.2 62.7 62.7 62.5 62.3 61.5 60.8 60.1 59.3 58.7 58.2 58.1 57.5 56.0 56.8 57.2 56.5 55.6 55.5 55.7 56.7 56.7 56.7 55.3 54.3 54.5 55.1 55.8 55.4 55.3 54.1 53.9 53.7 53.8 53.8 53.8 53.9 54.2 53.9 53.9 54.2 54.3 53.9 53.7 53.4 53.0 52.6 53.2 53.6 53.7 53.5 53.9 54.3 54.5 54.2 54.2 54.5 54.5 54.6 55.5 55.5 55.0 55.5 55.9 55.7 55.6 55.6 55.3 55.3 55.1 55.1 55.2 54.9 54.8 54.8 54.6 54.7 54.8 54.8 54.6 54.2 53.0 53.1 54.1 54.2 54.1 54.4 54.5 54.1 54.0 53.9 53.0 52.1 52.6 52.8 53.4 53.4 53.5 51.9 51.3 51.0 52.1 52.3 52.9 53.4 53.3 53.0 53.4 52.9 52.7 50.8 49.8 51.1 51.8 52.1 51.9 50.9 50.4 50.5 49.5 49.0 49.7 51.2 51.7 51.7 50.8 50.1 50.0 49.8 50.3 50.9 51.7 52.6 53.5 54.2 54.9 55.6 56.6 56.9 57.4 57.7 57.9 58.1 58.3 58.7 59.1 59.4 59.5 60.2 60.2 60.6 60.9 61.1 61.0 61.6 61.4 61.3 61.9 61.7 61.8 62.2 62.4 62.5 62.9 63.3 63.5 63.5 63.8 64.0 64.4 64.8 64.8 64.6 65.5 65.2 65.8 66.2 66.6 66.4 67.0 66.9 67.3 67.7 67.5 68.7 68.2 69.3 68.9 68.8 69.3 69.4 69.3 69.6 69.7 69.8 69.7 69.8 70.2 70.2 69.9 69.8 69.9 69.6 69.8 70.5 70.0 69.8 69.8 69.7 69.7 69.7 70.2 70.3 70.3 70.7 70.6 70.8 70.8 71.0 71.1 71.3 70.2 70.7 70.6 71.1 70.8 70.9 71.1 70.9 71.0 71.3 70.6 70.4 70.6 70.6 70.8 70.6 70.4 70.0 70.0 70.1 70.0 70.0 69.8 69.9 69.8 69.6 69.8 69.8 69.6 69.4 69.4 69.4 69.2 69.1 69.0 68.9 68.9 68.6 68.3 68.2 68.1 67.9 67.7 67.5 67.4 67.3 67.1 66.8 66.5 66.5 66.2 65.7 65.6 65.1 64.6 64.4 63.4 63.4 63.1 63.1 62.1 60.83541666666667 7.105682750581847
5 -100.0 -100.0 -100.0 -100.0 -100.0 -100.0 -100.0 -100.0 -100.0 -100.0 -100.0 -100.0 -100.0 -100.0 -100.0 -100.0 -100.0 -100.0 -100.0 -100.0 -100.0 -100.0 -100.0 -100.0 -100.0 -100.0 -100.0 -100.0 -100.0 -100.0 -100.0 -100.0 -100.0 -100.0 -100.0 -100.0 -100.0 -100.0 -100.0 57.1 56.7 56.1 56.2 55.6 55.1 54.8 54.8 54.8 54.9 54.7 54.4 55.4 54.6 54.6 54.6 54.6 54.3 54.0 54.4 53.7 54.1 54.5 54.2 54.3 53.7 53.2 53.2 53.6 53.4 53.6 53.3 53.7 52.7 52.9 53.0 51.8 53.0 52.7 51.8 51.7 52.0 52.7 52.9 51.8 51.8 52.2 52.7 53.3 53.7 53.7 54.5 54.5 55.0 55.2 55.4 55.9 56.3 56.5 56.7 56.6 56.5 56.7 56.8 56.9 57.2 57.3 57.4 57.5 57.3 57.2 57.3 57.4 57.8 57.9 58.0 57.9 57.7 57.6 57.5 57.7 57.8 57.9 58.0 58.1 58.1 58.1 58.1 58.1 58.2 58.1 58.1 58.1 58.2 58.1 58.0 58.0 57.9 57.9 58.0 58.2 58.4 58.7 59.0 58.9 59.2 59.5 59.9 60.3 60.7 61.0 61.1 61.3 61.4 61.9 61.8 61.9 62.0 62.4 62.4 62.9 62.7 62.9 63.1 62.9 63.2 63.7 63.9 63.7 62.8 63.7 64.5 64.4 64.5 63.8 63.1 64.6 65.5 65.4 65.1 65.8 66.0 66.0 66.1 67.0 66.4 66.8 66.4 66.7 67.5 67.4 67.2 67.7 68.3 68.4 68.2 68.6 68.8 68.6 69.5 68.9 69.8 69.3 69.5 69.8 69.2 69.3 69.2 68.7 68.6 68.6 68.6 68.6 68.6 68.6 68.6 68.6 68.6 68.6 68.6 68.6 68.6 68.6 68.6 68.6 68.6 68.6 68.6 68.6 68.6 68.6 69.7 69.3 69.1 68.9 69.0 69.1 70.1 70.9 71.5 71.7 71.8 71.3 71.7 72.2 71.0 71.4 72.0 70.5 69.8 71.2 72.0 71.8 70.3 71.1 71.3 71.7 70.7 69.2 68.9 68.8 68.4 68.4 68.2 67.9 68.3 68.4 67.5 66.1 65.5 66.0 66.2 66.7 66.8 66.6 66.9 67.1 66.9 66.9 66.9 66.0 65.2 64.8 64.5 64.8 64.1 63.7 63.1 62.7 40.253125 55.904033537930914
6 60.2 60.0 59.9 59.8 59.9 59.8 59.4 59.2 59.0 59.3 58.9 59.0 58.9 58.6 58.7 58.7 58.5 58.2 58.4 58.0 58.0 58.1 57.9 58.1 57.8 57.6 57.7 57.8 57.2 56.9 57.0 56.8 56.9 57.0 56.6 56.1 56.5 56.4 55.7 55.8 55.6 56.0 55.5 55.5 55.3 55.1 55.2 55.4 54.9 54.0 55.2 55.0 54.8 54.5 54.7 54.4 54.5 54.9 54.5 53.7 53.4 53.0 52.6 53.0 53.2 53.5 53.9 53.8 53.5 53.7 53.7 53.7 53.5 53.4 53.3 53.3 53.3 53.3 53.2 53.4 53.5 53.2 53.3 53.5 53.4 53.4 53.3 53.3 53.3 53.4 53.3 53.2 52.9 52.8 52.6 52.7 52.7 52.7 52.5 52.3 52.3 52.0 51.7 51.7 51.7 52.0 52.1 52.1 52.5 52.8 52.3 50.7 50.4 50.8 51.2 51.3 51.1 51.0 51.5 52.1 52.3 49.9 51.2 52.0 53.0 53.7 53.7 54.0 54.2 54.3 54.3 54.3 54.3 54.2 54.2 54.3 54.4 54.8 54.9 55.2 55.7 55.8 56.1 56.4 56.4 56.7 56.5 56.8 57.2 57.4 57.8 58.6 58.7 58.9 59.5 59.8 60.0 60.5 60.5 59.6 60.5 60.7 60.9 61.5 61.7 62.0 62.0 62.3 62.5 63.0 63.4 64.0 64.0 62.7 64.3 64.2 65.3 65.2 65.3 65.5 65.2 65.6 65.3 65.5 65.7 66.2 66.5 66.5 65.6 66.9 67.6 67.5 67.0 68.0 66.1 67.1 66.8 68.1 67.0 66.8 69.2 68.7 68.0 68.6 68.6 68.9 68.5 67.7 68.1 69.0 69.4 69.7 69.2 69.2 68.9 69.2 70.0 69.7 69.3 69.9 69.9 69.6 70.0 69.6 70.2 69.3 70.3 69.6 69.4 69.6 69.9 69.6 69.6 69.5 69.6 69.2 69.3 69.0 69.3 69.2 69.3 69.2 69.3 68.4 69.3 69.2 68.4 67.8 67.5 68.1 68.4 68.4 68.1 68.1 68.3 67.9 67.8 67.8 67.8 67.4 67.2 67.2 66.9 67.1 66.7 66.5 66.3 66.2 66.0 65.7 65.5 65.2 64.8 64.5 64.3 64.0 63.6 63.2 62.9 62.5 61.8 61.5 61.4 61.0 60.7 60.2 59.5 59.4 60.20555555555555 6.331815332475223
7 66.4 66.4 66.5 66.4 66.3 66.0 65.9 65.6 65.3 65.0 64.4 64.3 64.1 63.7 63.6 63.6 63.3 63.4 63.2 63.3 63.2 63.1 63.1 62.9 62.8 62.9 62.9 62.5 62.3 61.7 60.7 60.8 60.6 60.3 59.9 58.7 58.6 58.9 60.0 60.7 60.6 60.7 60.4 60.1 59.2 58.9 58.5 58.1 58.2 57.9 57.8 57.6 56.7 56.3 56.1 55.3 55.1 54.6 54.4 55.0 54.9 54.5 54.4 54.1 54.1 53.9 53.7 54.1 54.0 54.6 54.5 54.6 54.5 54.0 54.1 54.3 53.5 54.0 54.1 53.5 54.2 54.3 54.6 55.0 54.2 53.5 53.6 54.1 54.3 54.5 54.5 55.2 55.6 55.6 55.6 54.8 53.8 53.4 53.6 52.6 52.7 53.2 52.8 52.5 52.6 52.7 52.7 52.3 52.1 53.1 53.0 53.0 53.2 53.6 53.8 54.0 54.5 54.4 53.6 52.9 52.7 52.0 51.7 52.0 51.7 51.1 51.4 51.2 51.0 50.8 50.4 50.3 50.0 50.9 51.6 52.4 52.9 53.7 54.3 55.0 55.5 56.1 56.4 56.6 57.1 57.1 57.0 57.0 57.2 57.8 58.4 59.2 59.7 59.6 59.7 60.2 60.4 60.6 61.2 61.7 61.6 61.8 62.2 63.0 62.8 63.3 63.7 63.7 64.4 64.1 64.9 65.1 65.7 66.3 66.0 66.5 66.4 67.1 66.4 66.8 67.7 67.2 67.2 67.9 68.4 68.8 68.9 69.0 69.4 69.8 69.9 69.8 70.4 70.1 70.8 70.0 69.7 71.1 72.1 70.8 71.0 70.3 69.6 69.3 69.5 69.7 70.0 70.7 71.7 70.5 72.1 73.2 72.4 71.7 71.4 71.6 72.6 73.7 72.7 71.2 71.3 73.5 72.2 72.7 74.0 73.0 73.6 73.1 73.9 74.6 75.0 74.9 74.9 74.8 74.4 73.2 72.7 73.3 74.2 75.0 74.5 73.8 73.5 74.5 74.8 74.7 74.7 74.4 74.2 73.9 73.9 74.1 74.0 73.5 73.5 73.4 73.6 73.4 73.2 73.0 72.9 72.6 72.4 72.4 72.3 72.1 72.0 71.8 71.5 71.5 71.2 71.0 71.0 70.8 70.4 70.3 70.0 69.8 69.4 68.9 68.7 68.1 67.7 67.9 67.1 67.0 66.3 65.7 62.968402777777776 7.810312682573864
8 64.4 64.2 64.1 63.9 63.8 64.0 64.3 64.3 64.5 64.6 64.5 64.6 64.5 64.3 64.2 64.1 64.0 63.8 63.7 63.8 63.4 63.2 62.8 62.3 62.2 62.3 61.4 61.2 61.0 61.2 61.0 61.2 60.7 60.6 61.1 61.4 61.2 61.3 61.2 60.8 60.6 60.8 60.7 60.6 60.2 59.9 59.7 59.6 58.8 57.9 57.7 58.3 57.5 56.2 55.7 55.4 55.0 55.0 55.7 55.4 55.5 54.5 54.5 55.2 54.9 54.3 54.8 54.8 54.3 54.9 55.4 54.7 53.9 53.9 53.9 54.1 53.8 53.3 53.9 54.4 53.8 54.2 53.6 53.8 52.9 52.9 52.1 52.4 52.0 52.4 53.1 52.7 52.1 52.3 53.0 53.3 53.3 53.3 53.4 53.0 52.7 52.4 52.0 51.7 52.1 52.4 53.4 53.6 50.9 51.5 51.7 51.7 51.7 51.8 51.9 50.8 51.1 51.4 51.5 51.4 51.7 51.1 51.5 50.5 50.6 50.8 50.7 52.0 51.7 51.7 52.2 52.5 51.5 51.9 51.7 51.7 52.6 53.0 53.5 54.1 54.8 54.8 54.6 55.3 56.5 56.9 57.5 57.8 58.6 58.7 58.4 58.2 58.7 59.3 59.5 59.7 60.4 61.4 62.5 62.0 62.1 62.3 62.4 62.8 62.8 63.0 63.3 63.3 63.4 63.5 64.7 66.4 66.3 66.3 65.1 66.6 65.8 65.4 66.1 66.8 65.7 65.9 67.1 67.8 67.4 68.5 67.5 66.9 68.0 68.5 68.1 68.2 68.8 68.3 68.2 69.7 70.3 70.4 70.1 69.6 69.2 69.1 70.9 71.3 70.8 71.5 71.5 70.0 70.0 71.0 70.7 70.2 70.4 71.6 70.0 70.1 72.0 72.6 71.5 70.2 69.2 71.2 72.1 72.4 72.2 72.8 72.7 72.4 72.2 71.0 70.9 71.4 72.0 70.8 71.0 71.2 71.8 71.3 71.4 71.5 71.3 70.7 70.4 71.5 72.7 72.7 71.7 70.9 72.1 72.6 72.6 72.3 72.2 72.2 72.1 72.0 72.0 72.0 71.7 71.5 71.3 71.1 71.0 70.9 70.5 70.5 70.5 69.8 69.0 68.6 68.2 67.9 67.4 67.2 67.2 66.6 66.3 65.5 65.9 65.9 65.4 65.4 65.2 65.2 63.6 64.5 64.0 63.9 62.11770833333333 7.260834674161456
9 62.1 62.0 61.4 61.7 61.5 61.4 61.9 61.9 61.6 60.5 60.4 60.7 61.1 60.1 60.2 59.6 59.6 59.6 59.8 59.6 59.7 59.8 59.8 59.7 59.9 60.0 59.8 59.9 60.2 60.2 60.3 60.4 60.2 60.0 59.9 59.7 59.4 58.9 58.8 58.7 58.5 58.1 58.3 57.9 57.6 57.1 57.1 57.0 56.7 55.9 55.2 55.1 55.2 55.3 55.2 54.7 54.6 54.4 53.9 53.2 53.2 52.9 53.0 53.0 53.1 52.9 52.6 52.4 52.4 52.3 52.1 52.0 52.0 52.1 51.7 51.7 51.5 51.4 51.2 51.1 50.8 50.8 50.6 50.7 50.2 50.5 50.3 50.5 50.0 49.5 49.8 49.8 49.5 49.6 49.8 49.7 49.8 49.7 49.4 49.6 49.7 49.6 49.0 49.0 49.0 48.8 49.0 48.6 48.7 48.8 48.7 48.4 48.2 48.2 48.2 48.2 47.8 47.9 47.6 47.7 47.9 47.7 47.9 48.1 48.0 48.1 48.1 48.0 48.0 48.0 48.2 48.3 48.6 48.7 49.1 49.7 50.3 50.8 50.6 51.0 52.3 52.8 53.1 53.1 53.5 54.2 54.3 54.4 54.7 55.2 56.3 56.9 57.7 58.2 59.4 60.8 61.5 61.8 61.9 61.7 61.7 63.5 63.7 63.9 64.5 64.7 64.6 65.3 66.1 65.6 65.6 65.6 66.6 66.9 66.7 66.4 66.9 67.1 67.3 68.1 67.8 68.1 68.2 68.4 68.5 68.6 69.2 69.5 69.5 69.6 69.8 69.8 70.5 70.1 70.2 70.7 70.5 71.0 71.2 71.1 71.1 70.9 71.0 71.3 71.5 72.0 72.0 71.8 72.0 72.0 72.6 72.0 72.0 72.0 72.5 72.6 72.5 72.5 72.3 72.5 73.4 73.2 72.9 72.9 72.7 73.1 72.5 72.7 72.9 72.7 73.1 73.2 72.8 72.9 72.7 72.6 72.6 73.0 73.0 72.6 72.7 72.5 72.5 72.9 72.5 72.6 72.5 72.5 72.4 72.4 72.3 72.1 72.2 72.1 72.0 72.0 71.9 72.1 72.0 71.9 71.8 71.5 71.5 71.2 71.0 70.4 70.0 69.7 69.3 69.0 68.7 68.2 67.5 66.6 66.1 65.4 64.7 63.5 62.1 62.8 62.6 61.2 60.7 59.5 60.2 58.8 58.5 58.1 60.91875 8.797718810679108
END
#################################################################
SECTION3 (Edges Information)
EndPoint0 EndPoint1 Weight
0 1 1.000000
1 2 1.000000
2 3 1.000000
3 4 1.000000
3 5 1.000000
4 5 1.000000
4 6 1.000000
5 6 1.000000
5 7 1.000000
6 7 1.000000
7 8 1.000000
7 9 1.000000
8 9 1.000000
END
#################################################################
SECTION4 (TrueSubGraph Information)
EndPoint0 EndPoint1 Weight
END
#################################################################
