#################################################################
#APDM Input Graph, this input graph includes 3 sections:
#section1 : general information
#section2 : nodes
#section3 : edges
#section4 : trueSubGraph (Optional)
#
#if nodes haven't information set weight to null
#################################################################
SECTION1 (General Information)
numNodes = 10
numEdges = 13
usedAlgorithm = NULL
dataSource = TransWeatherRealData
END
#################################################################
SECTION2 (Nodes Information)
NodeID Temperatures  mean  std 
0 55.4 54.8 54.5 54.4 54.5 54.4 54.3 54.3 54.2 54.0 53.9 53.6 53.1 52.8 52.6 52.3 51.9 51.7 51.5 51.5 51.4 51.1 51.2 51.3 51.3 51.1 50.9 50.7 50.5 50.7 50.7 50.3 49.5 49.8 50.4 50.4 50.6 50.6 50.9 50.8 50.8 50.6 50.4 50.6 50.8 51.1 51.1 51.1 51.0 50.9 50.8 50.8 50.7 50.9 50.6 50.6 50.4 50.2 50.1 49.9 49.5 49.7 49.5 49.6 49.8 49.9 49.7 49.7 49.7 49.6 49.7 49.8 49.7 49.8 49.8 49.8 49.8 49.8 49.9 50.2 50.5 50.4 50.0 49.6 49.7 49.5 49.6 49.6 49.8 49.9 50.1 50.3 50.1 50.3 50.2 49.9 49.7 48.5 48.3 49.2 50.0 49.9 50.0 49.5 49.1 48.8 49.0 49.2 49.1 49.1 49.0 48.8 48.8 48.2 47.8 47.8 47.5 47.4 44.4 43.1 43.3 44.0 44.6 44.1 43.9 43.5 43.3 43.7 43.4 43.0 42.7 42.8 42.7 42.8 42.8 42.9 42.0 42.0 43.1 43.4 45.0 45.9 45.2 45.3 45.9 46.4 46.4 46.9 47.4 47.7 48.4 49.4 49.4 49.9 50.6 51.2 51.8 52.3 53.1 53.0 53.7 54.2 54.5 54.9 55.6 55.9 55.8 56.2 56.8 56.7 56.7 57.6 58.0 58.1 58.6 59.1 59.4 59.7 60.4 60.3 62.1 61.8 62.1 61.8 63.0 62.5 63.2 63.2 63.5 63.5 64.4 64.4 64.4 64.4 64.6 64.2 64.7 65.0 64.6 65.0 65.3 65.5 65.5 65.6 66.5 66.5 66.5 66.5 66.7 66.3 67.4 67.0 66.9 67.5 66.9 67.6 66.7 67.5 67.8 68.1 68.5 68.1 67.7 67.5 68.4 68.3 68.6 68.6 68.6 68.4 68.8 69.1 69.2 68.7 69.2 69.6 68.4 69.5 69.2 69.1 69.7 69.7 69.8 69.8 69.4 69.6 69.7 69.3 69.7 69.7 69.4 69.5 69.4 69.5 69.8 69.4 69.5 69.5 69.4 69.1 69.0 69.1 68.8 68.9 68.7 68.6 68.3 68.0 67.7 67.6 67.4 67.2 67.0 66.8 66.3 66.3 66.0 65.5 65.4 64.9 65.1 64.9 64.3 64.4 64.4 64.0 64.0 63.3 56.473611111111104 8.79930695806864
1 56.0 56.6 54.7 51.4 52.4 53.8 53.6 52.5 52.3 52.5 52.4 53.2 52.4 51.4 51.8 50.8 50.7 49.8 48.8 51.4 50.7 48.8 47.9 47.5 47.0 47.5 47.7 48.2 46.7 48.2 48.1 49.0 49.1 49.4 47.1 46.1 46.2 47.4 47.3 47.8 47.3 46.8 46.7 46.6 46.9 46.7 46.9 47.0 47.1 45.9 46.2 45.9 46.3 46.7 46.9 46.2 45.6 46.3 46.0 46.3 46.9 47.2 46.5 46.3 45.4 45.7 46.2 45.6 46.6 46.3 45.9 45.6 46.3 45.3 44.7 45.2 45.8 45.3 45.8 45.6 46.0 45.2 45.1 44.9 43.6 44.8 44.5 44.5 45.7 45.0 44.4 45.9 46.6 44.9 45.6 45.6 45.4 45.6 44.9 45.1 44.5 46.0 45.9 45.5 44.6 44.0 45.1 43.9 44.0 45.9 47.4 46.0 45.6 45.5 44.5 44.2 45.8 46.5 45.5 45.2 45.1 45.3 44.9 44.9 44.9 45.8 44.3 45.2 45.6 45.3 44.1 46.7 47.8 47.2 47.9 48.6 48.8 48.9 49.7 50.0 50.3 50.5 50.4 50.3 50.5 50.8 51.5 51.4 51.7 51.8 52.1 52.8 52.9 53.5 53.7 54.3 54.4 55.1 55.4 55.5 55.7 55.7 55.5 55.9 56.0 56.5 56.6 56.7 57.0 57.4 57.8 57.9 58.3 59.3 60.0 60.0 60.5 60.5 60.6 61.1 61.5 61.3 61.2 61.7 62.5 62.3 62.7 63.1 63.6 63.6 64.2 64.3 64.3 64.1 65.0 65.4 65.3 65.0 66.0 65.8 66.1 65.3 66.0 66.2 65.9 65.8 66.0 66.0 66.0 66.3 66.5 66.6 66.9 66.8 67.7 67.8 67.6 67.6 68.1 68.1 67.7 67.6 68.4 68.1 68.2 68.2 68.2 68.3 68.7 69.2 68.9 68.5 69.1 69.0 69.4 69.7 69.1 69.2 69.5 69.3 69.5 69.6 69.7 70.0 70.5 71.4 70.9 70.8 70.7 70.7 70.8 70.6 70.5 70.6 70.5 70.5 70.2 70.4 70.0 70.0 70.1 70.0 69.7 69.3 69.3 68.9 68.2 67.9 67.3 67.4 67.2 66.9 66.4 66.1 66.1 66.0 65.7 65.5 65.0 64.5 63.9 64.0 63.1 62.8 62.3 62.3 61.6 61.0 55.69236111111111 9.585068090224054
2 55.2 55.0 54.7 54.7 54.6 54.0 54.3 53.6 53.2 52.8 51.5 50.7 50.7 51.5 50.7 49.4 50.1 49.6 49.3 47.5 46.7 46.4 47.0 47.1 46.3 46.4 45.5 45.7 44.7 44.2 44.8 44.5 44.1 43.5 43.1 43.3 43.5 43.4 43.6 44.0 43.9 43.5 42.2 43.3 43.4 43.0 41.8 42.8 42.7 41.9 41.5 41.6 42.1 42.0 42.4 42.0 42.3 42.1 42.1 41.7 41.2 40.7 40.0 40.7 40.1 39.6 39.8 40.3 40.2 40.1 39.7 38.6 38.3 38.5 38.4 38.7 38.4 38.4 38.1 37.9 38.9 38.0 37.3 36.9 36.3 36.9 36.9 37.2 38.2 36.3 36.6 38.1 37.1 37.0 35.7 36.0 36.2 36.4 36.3 36.5 35.6 34.9 35.0 35.3 35.1 35.8 36.5 36.7 36.7 36.4 35.8 35.2 35.0 35.1 35.1 34.5 34.9 35.1 35.4 35.3 34.0 33.8 33.9 33.4 33.6 33.8 33.7 33.8 34.3 34.1 33.9 34.3 35.0 35.5 35.8 36.5 37.1 37.6 38.2 39.0 40.0 40.8 41.6 42.1 43.6 44.1 44.8 45.5 46.4 46.7 47.1 47.6 47.9 48.3 48.6 49.3 49.6 50.1 50.3 50.9 51.1 52.1 52.0 52.4 53.2 53.6 53.9 54.3 55.0 55.4 56.1 56.1 57.2 56.8 56.9 57.9 58.5 58.7 58.9 59.1 59.6 60.5 60.4 61.1 61.8 61.8 62.5 63.1 63.6 63.3 63.6 63.8 64.2 64.5 64.8 65.2 65.3 65.8 65.9 66.7 66.4 67.0 67.3 67.6 66.3 66.7 67.7 68.1 68.4 68.2 68.8 68.6 69.1 69.4 68.2 69.0 68.5 69.9 69.7 69.5 69.9 69.7 70.9 70.4 69.8 69.7 69.7 70.3 70.7 70.6 70.6 70.7 70.9 70.8 70.9 71.4 70.9 70.8 70.9 71.1 70.9 71.4 71.0 71.2 71.2 70.6 70.8 70.9 70.4 71.5 71.2 70.7 71.2 70.4 70.3 70.2 70.3 70.0 69.8 69.7 69.5 69.4 69.2 69.0 69.1 69.0 68.6 68.4 68.3 68.0 67.8 67.6 67.3 67.0 66.7 66.4 66.1 65.7 65.3 64.9 64.4 63.8 63.7 62.7 62.7 62.1 61.6 61.3 52.336111111111116 13.318720215125621
3 58.3 56.9 56.0 55.3 54.9 54.6 53.8 53.7 53.3 52.6 52.1 50.7 50.5 50.4 50.0 50.3 49.9 49.4 48.7 48.4 48.0 48.5 48.5 48.0 46.5 47.8 46.2 46.3 45.4 46.2 47.1 45.7 44.4 44.6 44.7 45.3 44.5 44.7 45.1 44.7 44.1 44.0 43.5 43.4 43.4 43.4 43.2 42.2 41.5 42.2 42.3 42.0 42.6 41.8 42.0 41.6 41.3 41.6 41.3 41.1 40.8 40.6 40.6 40.5 40.1 40.1 39.9 39.6 39.5 39.4 39.0 38.7 39.1 38.7 38.7 38.9 39.0 38.5 38.2 38.1 38.2 38.0 37.8 37.7 37.3 37.4 37.6 37.2 37.2 37.0 36.8 36.9 36.7 36.3 36.5 36.6 36.6 36.0 36.1 36.0 36.0 36.0 36.5 36.4 36.5 36.5 36.0 35.6 35.6 35.7 35.4 35.1 35.0 35.1 35.0 35.1 35.2 35.1 34.7 34.7 34.7 34.4 34.6 34.6 34.5 34.5 34.7 34.3 34.3 34.5 34.8 35.1 35.6 35.4 35.6 36.6 36.7 37.1 37.7 38.4 39.0 39.7 40.7 42.0 43.8 44.7 45.9 46.3 47.0 47.7 49.2 49.9 50.2 50.5 51.0 51.4 51.7 52.1 52.5 52.7 53.1 53.6 54.0 54.3 54.4 54.5 54.8 55.1 55.3 55.7 56.3 56.4 56.8 57.2 57.4 57.2 57.6 58.0 58.3 58.5 58.7 59.0 58.6 59.4 59.4 59.5 60.3 60.7 60.6 61.3 61.4 62.1 62.7 62.3 63.0 62.5 63.3 63.6 63.6 63.8 64.6 64.7 65.1 65.4 65.4 65.2 65.8 66.5 66.2 66.9 66.8 67.0 66.7 67.0 67.0 67.0 67.9 67.6 67.9 68.0 67.8 67.7 68.4 68.4 68.1 68.4 68.1 67.9 68.6 68.6 68.7 68.4 68.8 68.5 68.3 68.9 68.6 68.9 68.7 68.7 68.7 68.6 68.5 68.6 68.4 68.7 68.8 68.9 68.7 68.7 68.9 68.8 68.6 68.8 68.7 68.6 68.5 68.7 68.7 68.3 68.2 68.2 68.2 67.9 67.7 67.5 67.4 67.2 67.2 67.2 67.2 66.7 66.6 66.5 66.3 66.3 65.6 65.4 65.2 65.1 64.4 64.0 63.6 63.7 63.0 61.9 61.2 60.5 51.980208333333344 12.504320812456633
4 57.9 57.4 56.9 56.5 56.5 56.6 56.5 56.2 56.0 55.1 54.6 54.3 54.2 54.1 53.7 53.6 53.8 53.6 52.9 52.4 51.0 51.6 51.3 50.7 50.0 49.7 48.6 47.2 48.0 46.9 46.9 47.7 46.7 46.2 45.5 44.7 45.0 44.9 45.2 44.9 43.6 43.8 43.8 43.1 43.5 43.0 42.8 42.9 41.4 41.3 42.1 42.5 42.4 42.2 41.3 41.3 41.1 41.1 40.5 40.3 40.1 40.4 40.4 40.2 39.6 40.0 40.4 40.1 39.5 37.1 38.1 39.7 39.3 39.0 39.1 40.1 38.3 37.6 38.2 38.4 37.7 37.1 35.8 35.7 37.5 38.4 37.1 37.2 36.9 36.4 36.1 36.5 36.5 35.8 35.7 35.8 36.2 35.9 36.1 36.0 36.0 36.0 36.0 35.0 34.5 34.3 34.8 34.3 34.3 34.6 34.2 34.6 34.7 34.6 34.9 34.7 34.0 34.1 34.2 34.2 33.7 33.1 33.9 34.0 33.9 33.7 33.7 33.4 33.4 33.8 34.2 34.0 33.8 34.3 34.8 35.2 36.1 37.1 37.8 39.1 40.4 41.4 41.7 41.9 42.9 44.1 44.9 45.3 45.9 46.9 47.4 48.1 48.5 48.5 49.3 49.2 50.2 50.5 50.8 51.1 51.1 51.4 51.8 52.2 52.7 53.1 53.5 53.6 54.0 54.6 55.2 55.5 56.4 56.6 57.2 57.8 57.9 58.6 59.4 59.2 60.0 60.3 60.7 61.6 61.8 62.0 62.0 62.5 62.9 63.3 64.1 64.6 64.4 65.5 65.0 65.4 65.2 66.2 66.8 66.9 67.2 67.6 67.3 67.3 67.5 68.1 68.1 67.5 68.4 68.2 68.4 68.6 68.0 68.5 68.3 69.0 68.5 69.4 68.8 69.1 69.5 68.9 68.8 69.2 68.6 69.2 68.6 68.6 68.5 68.6 68.7 68.4 68.4 69.0 68.0 67.8 67.7 67.3 67.4 67.9 67.6 67.3 67.8 67.7 67.8 68.1 68.0 68.0 67.8 67.6 67.6 67.3 67.1 66.9 66.7 67.0 66.7 66.4 66.1 66.0 65.5 65.6 65.5 65.6 65.5 65.3 65.1 65.0 65.1 65.1 64.9 65.0 65.0 65.0 64.9 64.9 64.6 64.6 64.6 64.3 63.5 63.1 62.6 62.1 61.5 60.8 59.8 59.1 52.00173611111111 12.692705404860698
5 59.2 58.7 58.7 58.4 57.9 57.0 56.4 53.2 51.9 53.4 54.0 52.4 52.4 52.1 51.9 51.9 51.4 52.1 51.4 52.1 51.5 50.6 48.8 46.9 47.3 48.0 47.5 46.8 46.3 46.3 45.7 46.1 45.1 44.6 45.2 45.5 46.2 46.3 45.5 43.1 43.8 44.5 45.4 44.3 43.9 44.2 44.3 41.4 40.8 40.8 41.1 41.8 42.1 42.4 42.0 39.5 38.5 39.7 40.3 39.8 39.1 39.6 40.2 40.9 41.2 39.4 38.5 38.3 38.1 38.3 37.7 37.7 38.1 38.2 38.0 38.1 38.2 38.2 38.1 37.4 37.3 36.1 35.8 36.1 37.2 38.6 35.7 35.2 35.6 36.0 36.2 36.4 36.3 34.6 35.0 35.9 37.5 37.0 36.9 35.3 34.1 34.6 33.7 33.0 33.2 33.8 34.9 34.6 34.4 34.1 33.0 32.9 32.6 33.5 33.9 34.3 34.8 34.2 32.2 32.5 34.0 33.4 32.2 32.0 32.6 33.9 34.6 33.5 32.2 34.1 32.8 33.0 33.6 34.2 35.2 35.7 36.6 37.6 38.5 39.3 40.0 41.0 42.1 42.8 43.2 43.9 44.6 45.3 45.8 46.2 46.3 47.0 47.7 48.2 49.2 50.0 51.0 51.7 52.3 52.8 52.9 53.3 53.5 54.7 54.7 55.3 56.2 56.0 56.3 56.4 57.7 57.8 58.3 58.0 58.4 58.3 59.4 59.7 60.0 60.0 60.2 60.4 60.8 61.1 61.7 62.0 62.4 62.3 62.5 62.9 62.9 63.2 63.7 63.8 63.5 64.3 64.5 65.5 65.8 65.7 65.9 66.5 66.7 67.0 67.0 67.0 67.2 67.4 67.7 67.3 67.8 67.7 67.8 68.5 68.3 68.3 68.5 69.2 69.0 69.0 69.2 69.0 68.8 69.2 69.1 69.9 69.9 69.6 69.9 69.8 69.9 69.8 70.2 70.4 70.2 70.5 70.0 70.4 70.6 70.7 70.6 70.6 70.7 71.1 71.1 70.7 70.8 70.8 70.5 70.9 70.9 71.1 70.7 70.5 70.7 70.2 69.9 69.7 69.4 69.2 69.0 69.0 69.0 68.7 68.7 68.4 68.3 68.1 68.0 67.7 67.4 67.2 66.9 66.6 66.2 65.9 65.5 65.1 64.6 64.1 63.9 63.8 63.2 62.7 62.4 61.8 61.5 61.0 52.27291666666666 13.473808474531697
6 57.3 56.2 55.4 53.7 53.8 53.3 53.4 53.5 53.8 53.3 51.0 50.5 50.8 51.1 52.4 51.2 52.6 53.4 53.7 52.6 52.7 53.4 51.8 52.0 49.6 49.9 53.7 54.0 54.0 53.7 53.7 53.7 53.0 52.7 52.4 51.1 48.5 48.6 47.1 46.7 44.5 42.7 42.8 43.9 46.0 46.4 46.9 46.2 47.1 44.5 46.8 48.3 46.4 45.7 45.0 45.3 44.4 42.3 41.0 40.9 37.9 40.4 40.9 37.4 37.0 36.4 35.6 36.1 36.4 36.6 38.0 36.6 37.9 40.1 39.8 40.1 38.4 40.0 40.3 39.9 40.6 39.9 37.7 37.6 37.1 35.1 36.6 33.4 33.1 33.0 31.9 31.0 32.2 33.3 33.7 32.3 33.6 33.5 33.4 29.8 32.8 33.4 32.1 31.5 34.4 33.1 33.8 32.8 32.1 31.6 31.7 30.2 29.7 29.4 30.3 29.8 28.2 29.9 29.5 28.7 30.7 29.4 30.0 30.5 29.2 30.1 30.4 30.6 32.0 32.8 33.1 32.0 33.2 32.9 34.6 35.3 35.9 37.1 37.6 38.8 39.5 40.2 40.2 40.9 41.2 42.1 43.1 44.1 45.2 46.5 47.2 47.9 48.8 49.4 50.7 51.5 52.4 53.2 53.8 55.2 55.4 56.1 56.1 56.6 57.1 57.4 57.5 58.1 58.1 58.7 59.0 58.5 59.0 59.6 60.0 59.8 60.8 61.7 61.2 61.7 62.2 62.0 62.4 62.5 63.8 63.3 63.6 63.3 63.4 64.1 65.0 64.5 64.8 65.2 65.4 65.1 66.7 66.6 66.1 66.7 66.9 67.2 68.3 68.9 68.8 69.2 69.3 69.1 69.1 69.0 68.7 69.9 69.9 70.0 69.8 70.3 70.7 70.3 70.1 71.4 71.6 70.6 70.6 71.3 71.5 71.5 71.8 70.4 71.0 71.9 71.4 70.8 70.7 70.2 70.2 70.4 70.3 70.4 70.7 70.9 71.4 71.5 70.6 70.6 70.9 70.9 71.5 71.6 70.3 71.0 70.8 70.4 70.7 70.7 70.9 70.4 70.7 70.5 70.0 69.9 70.1 70.1 69.4 69.4 69.3 69.1 68.8 68.5 68.3 68.2 68.1 68.2 68.6 68.5 68.3 68.0 67.7 67.6 67.3 66.9 66.4 65.7 65.4 64.7 64.4 63.8 63.6 62.9 52.875347222222224 14.399851790429436
7 53.4 54.8 56.8 57.4 56.8 55.7 54.2 53.9 55.0 50.9 53.7 54.1 53.7 53.4 53.4 52.3 49.6 49.2 46.7 45.6 45.4 43.1 43.8 48.0 50.1 46.5 43.0 44.1 46.1 47.1 48.1 48.7 51.0 51.3 51.8 50.8 50.8 50.1 49.8 49.8 49.0 46.8 44.1 46.6 45.8 44.2 44.0 40.6 39.1 40.1 41.1 39.2 36.6 36.9 36.5 39.0 42.8 44.5 43.9 41.7 42.8 41.6 44.9 45.8 44.0 43.1 42.1 37.4 38.3 37.0 36.6 36.2 35.1 35.3 36.1 37.0 36.9 36.4 38.2 41.2 37.9 37.1 36.4 35.2 33.7 33.8 35.3 36.4 36.3 34.1 34.3 34.4 34.9 36.5 37.2 37.6 35.8 32.5 34.5 36.1 34.2 34.9 35.8 35.5 35.9 34.9 30.7 30.9 32.5 33.6 31.8 30.7 31.3 31.6 31.4 31.6 32.3 32.1 32.7 32.6 32.2 32.7 33.2 32.5 32.9 31.6 30.1 30.5 30.4 31.2 31.8 33.6 33.7 34.0 34.1 34.6 35.6 36.2 36.9 37.6 38.2 38.5 38.8 39.6 40.4 40.9 41.7 42.1 42.5 42.5 43.1 43.5 44.3 44.8 45.2 45.6 45.9 46.4 46.6 46.9 47.3 48.0 48.9 49.6 50.1 50.5 51.6 52.0 52.9 53.3 53.8 54.4 54.5 55.3 55.7 56.1 56.9 57.2 57.6 58.9 59.0 59.2 59.0 59.9 60.2 61.2 61.2 61.5 61.6 62.3 62.3 62.3 62.5 62.8 63.3 63.9 63.9 64.4 65.3 64.7 64.6 64.8 65.5 65.6 66.2 66.4 67.3 66.6 67.3 66.8 67.6 67.7 67.7 68.1 68.0 69.0 69.8 69.3 70.5 69.9 70.2 70.2 71.4 71.4 71.6 71.5 71.7 71.4 71.6 71.3 71.6 71.8 71.9 72.2 72.5 72.6 73.4 73.0 72.7 73.3 72.9 73.1 73.5 73.7 73.9 74.2 74.3 74.4 74.5 74.7 75.2 74.6 74.7 74.5 74.6 74.5 74.7 74.6 74.5 74.1 73.9 73.9 74.1 74.0 73.8 73.7 73.5 73.4 72.9 72.5 72.2 72.1 72.1 71.8 71.6 71.1 70.9 70.5 70.6 70.1 69.7 69.2 68.4 68.5 67.5 66.7 66.6 66.9 52.45451388888888 14.873463277508783
8 54.7 54.8 54.3 54.8 54.5 53.8 53.1 53.2 53.1 51.2 51.3 51.5 51.3 51.9 51.3 48.3 47.7 46.2 45.7 47.9 48.7 49.3 49.3 48.7 46.8 45.9 45.6 46.9 44.0 42.8 44.5 46.4 47.7 45.6 44.0 42.4 42.5 43.0 42.8 42.8 43.2 41.8 41.7 42.2 40.9 41.3 41.6 42.2 42.7 39.9 42.5 42.4 41.0 41.0 39.9 39.4 40.6 41.1 39.3 42.0 40.4 42.8 42.3 39.4 37.8 37.4 37.7 36.8 36.6 36.7 37.2 38.0 37.1 38.4 39.3 38.0 37.6 36.9 37.0 38.1 36.3 37.2 36.9 36.0 35.5 34.9 34.7 35.8 36.8 36.3 37.3 38.7 38.6 35.1 34.5 33.9 34.3 34.9 35.4 37.8 36.9 35.7 35.2 34.5 34.4 33.8 33.9 34.0 34.0 33.8 34.8 34.4 34.0 34.0 33.1 33.1 33.8 34.2 35.1 34.5 32.8 32.4 32.1 31.6 32.6 34.0 34.8 33.3 33.3 36.0 36.1 34.1 33.8 33.6 33.7 33.7 34.8 35.2 35.6 36.3 36.9 37.7 38.7 39.3 39.9 40.7 41.1 41.8 42.4 42.8 43.5 43.8 44.6 45.1 45.7 46.4 47.4 48.2 48.9 49.4 50.7 51.4 51.4 52.1 52.5 53.4 54.1 54.8 55.7 56.1 56.5 56.5 57.1 57.2 57.8 58.0 58.6 58.7 59.0 59.1 59.0 59.5 60.6 61.3 61.8 61.8 62.1 62.7 63.2 62.7 63.1 62.8 63.1 64.2 64.5 64.9 64.5 64.6 64.9 64.9 65.5 66.2 66.4 65.4 65.8 66.9 67.2 67.0 67.3 66.7 67.6 67.8 68.6 68.2 68.0 68.5 68.5 68.6 68.8 69.1 69.1 69.4 69.8 69.1 69.7 69.8 70.2 70.3 70.1 70.7 70.9 70.9 71.0 71.1 71.3 72.2 72.4 72.1 71.6 71.8 72.7 72.4 72.2 72.4 72.7 72.3 72.3 72.8 72.5 72.2 72.4 73.2 73.2 73.3 73.3 73.3 73.2 72.8 73.3 73.1 73.0 72.9 72.8 72.8 72.6 72.4 72.4 72.3 72.3 71.9 71.5 71.1 70.7 70.0 70.2 69.6 69.6 69.2 69.5 69.0 68.0 68.0 67.1 66.3 66.8 66.1 67.0 66.9 52.19027777777777 14.39000727346015
9 50.1 50.8 51.6 49.4 48.7 48.9 46.5 47.3 47.4 47.5 46.7 45.3 45.5 44.7 45.3 44.5 44.7 43.6 42.9 43.1 43.4 42.9 42.4 42.1 42.2 42.1 39.0 39.8 40.3 40.9 40.5 40.2 38.9 38.0 38.5 38.6 39.1 37.0 37.1 36.9 37.2 37.0 37.3 37.2 36.6 36.4 36.8 36.1 36.2 36.6 36.9 34.9 34.9 35.3 36.4 36.1 35.6 35.1 34.9 34.5 35.0 34.6 34.4 33.8 33.6 33.4 33.5 33.6 34.3 34.1 33.8 33.5 33.8 33.4 33.3 32.7 32.4 31.8 31.9 32.0 31.6 32.0 31.1 31.7 31.8 31.6 30.6 31.0 30.6 30.2 30.6 30.5 30.3 30.0 30.6 30.5 30.5 30.4 30.1 28.9 29.0 28.9 29.1 29.4 29.7 29.7 29.5 29.4 29.8 29.4 29.1 29.0 28.9 29.0 29.1 29.4 29.2 28.8 28.3 28.5 29.0 28.6 29.1 28.8 29.0 29.0 28.7 28.9 29.0 28.9 29.3 29.8 30.5 31.1 31.5 32.2 32.8 33.6 34.4 35.4 35.7 36.1 37.0 37.0 39.2 39.2 40.6 41.2 42.1 43.1 44.0 44.8 45.8 46.9 47.9 48.7 49.0 49.4 50.2 50.5 50.9 51.1 51.6 52.0 52.9 53.4 54.0 54.0 54.6 55.2 56.0 55.7 55.7 56.1 56.4 56.5 57.5 57.6 58.4 58.5 58.8 58.8 58.8 59.1 59.4 59.8 60.0 61.2 61.2 61.4 61.6 61.0 61.6 62.5 61.8 61.8 62.5 62.8 63.0 62.8 63.0 62.9 63.4 63.7 63.4 64.1 64.2 64.6 65.2 65.4 65.7 65.5 65.6 65.1 65.8 66.1 66.0 66.4 66.7 67.5 67.0 67.9 67.9 68.2 68.3 68.4 68.7 68.1 68.8 68.3 68.3 68.7 69.3 69.4 68.7 69.1 69.5 69.4 69.5 69.7 69.5 69.7 69.7 69.7 70.5 70.4 70.4 70.1 70.7 71.1 70.9 70.7 71.0 71.1 70.9 71.1 71.0 71.2 71.4 71.1 71.1 71.1 71.0 71.0 71.1 70.8 71.0 71.0 70.6 70.7 70.7 70.0 69.1 68.0 66.9 66.2 66.1 66.1 65.3 64.2 61.6 61.5 62.4 61.0 59.5 58.3 58.9 58.2 48.84791666666667 15.38166458484572
END
#################################################################
SECTION3 (Edges Information)
EndPoint0 EndPoint1 Weight
0 1 1.000000
1 2 1.000000
2 3 1.000000
3 4 1.000000
3 5 1.000000
4 5 1.000000
4 6 1.000000
5 6 1.000000
5 7 1.000000
6 7 1.000000
7 8 1.000000
7 9 1.000000
8 9 1.000000
END
#################################################################
SECTION4 (TrueSubGraph Information)
EndPoint0 EndPoint1 Weight
END
#################################################################
