#################################################################
#APDM Input Graph, this input graph includes 3 sections:
#section1 : general information
#section2 : nodes
#section3 : edges
#section4 : trueSubGraph (Optional)
#
#if nodes haven't information set weight to null
#################################################################
SECTION1 (General Information)
numNodes = 10
numEdges = 13
usedAlgorithm = NULL
dataSource = TransWeatherRealData
END
#################################################################
SECTION2 (Nodes Information)
NodeID Temperatures  mean  std 
0 64.2 64.1 64.1 63.9 64.0 63.8 63.7 63.5 63.1 62.9 62.6 62.2 62.6 62.7 63.1 63.0 63.7 63.8 64.3 64.4 64.5 64.7 64.7 64.5 64.3 63.9 63.3 62.8 62.8 63.1 63.4 63.8 63.2 63.5 63.8 64.1 64.0 64.7 64.6 65.1 65.1 65.2 65.4 65.3 65.2 65.9 65.8 65.7 65.4 65.3 65.4 65.4 65.8 66.1 66.3 66.6 66.7 66.8 67.1 67.1 67.2 67.0 66.8 64.6 62.6 61.7 61.3 61.0 60.8 60.7 60.2 59.9 59.8 59.4 59.3 59.3 59.1 58.6 57.9 57.4 57.0 56.5 56.4 56.3 56.0 56.0 56.0 55.9 55.8 55.6 55.6 55.6 55.7 55.8 55.7 55.8 55.8 55.8 55.8 55.7 55.7 55.4 55.4 55.6 55.6 55.6 55.5 55.6 55.5 55.5 55.4 55.2 55.2 55.2 55.1 55.2 55.1 54.9 54.7 54.7 54.6 54.5 54.4 54.2 54.2 54.1 54.1 54.2 54.3 54.3 54.3 54.1 54.1 54.1 53.9 53.8 53.8 53.6 53.4 53.5 53.4 53.3 53.2 53.0 52.9 52.7 52.5 52.4 52.2 52.0 52.2 52.5 52.8 53.0 53.2 53.1 53.4 53.2 53.5 53.6 53.0 53.2 53.6 53.4 54.1 54.0 53.5 53.1 53.4 53.8 53.7 53.4 53.9 53.5 53.7 53.3 52.9 53.6 53.8 54.1 53.7 52.8 52.1 52.2 51.9 51.7 52.0 51.3 50.7 50.4 50.0 49.9 50.0 51.0 51.4 51.8 52.0 51.4 51.1 51.5 52.0 52.1 51.7 50.9 51.5 51.2 50.5 50.1 49.9 49.3 48.9 48.9 49.7 49.5 49.7 50.0 50.0 49.9 49.4 50.4 49.9 50.1 49.8 49.4 49.3 49.4 50.5 50.4 49.1 48.6 48.5 49.8 50.1 49.4 49.6 50.2 50.1 49.3 49.5 49.1 49.4 49.5 49.3 48.8 48.1 48.2 47.3 47.7 46.9 46.6 46.4 46.4 46.3 46.2 46.2 46.0 46.1 45.6 45.4 45.4 45.4 45.4 45.2 44.9 44.7 44.5 44.5 44.4 44.4 44.3 44.2 44.0 43.9 43.7 43.6 43.5 43.3 43.2 43.0 42.9 42.8 42.7 42.7 42.6 42.6 42.5 42.4 42.4 54.57743055555556 6.65450079505575
1 65.8 65.7 65.6 65.3 65.2 65.0 64.9 64.8 64.7 64.6 64.5 64.4 64.4 64.3 64.2 64.2 64.3 64.0 64.1 64.2 64.3 64.3 64.4 64.2 64.2 64.4 64.3 64.1 63.8 63.6 63.8 64.4 63.9 64.0 64.1 64.1 64.2 64.4 64.4 64.4 64.6 64.3 64.8 64.9 64.9 64.9 65.2 65.0 65.1 64.7 64.9 64.7 64.8 65.1 65.1 65.1 65.0 64.9 65.1 64.5 64.3 64.2 64.1 64.1 64.1 64.1 64.2 64.0 63.8 64.4 64.7 65.0 64.7 64.4 64.4 64.1 64.5 64.9 65.3 65.3 65.4 65.3 65.3 64.6 63.5 62.5 62.0 61.8 61.1 60.7 60.4 60.4 60.4 60.3 60.5 60.5 60.4 60.4 60.4 59.9 59.8 59.7 60.0 60.0 60.5 60.4 60.5 60.7 60.5 60.0 59.9 59.8 59.4 58.9 58.9 58.6 58.9 59.1 58.9 58.9 58.6 58.3 58.3 58.0 57.8 57.8 57.6 57.6 57.5 57.7 57.6 57.6 57.5 57.5 57.5 57.7 57.2 57.5 57.2 56.9 57.3 57.4 57.3 57.6 57.3 57.6 57.7 58.0 57.9 58.1 58.1 57.7 57.4 57.5 57.5 57.7 57.9 57.8 57.0 56.1 56.0 55.7 55.6 55.4 55.2 55.3 55.3 55.3 55.4 55.3 55.2 55.2 55.1 55.2 55.8 55.7 56.8 56.6 57.2 57.0 57.5 58.0 57.8 58.2 58.1 57.4 57.2 57.7 57.9 58.4 58.7 58.8 58.8 58.6 59.0 58.8 59.0 59.4 59.1 59.1 58.8 58.6 58.7 58.9 59.6 59.8 58.7 57.9 57.3 57.6 57.9 58.2 57.9 57.3 57.6 57.2 57.2 57.2 57.0 56.6 56.7 56.4 55.4 55.0 55.0 56.0 56.6 57.1 56.8 56.0 54.3 54.4 53.5 53.2 53.6 52.8 51.8 52.2 52.2 51.7 51.6 51.8 51.5 51.8 52.0 51.5 51.6 51.1 51.7 51.0 50.8 51.4 51.4 51.3 50.8 50.3 49.9 50.0 49.7 49.9 49.6 49.3 49.0 48.9 48.9 48.8 48.7 48.7 48.5 48.3 48.3 47.9 47.6 47.6 47.5 47.2 47.1 47.0 46.7 46.5 46.2 45.8 45.9 45.8 45.8 45.6 45.6 45.6 58.26111111111111 5.424658002176081
2 66.6 66.4 66.4 66.4 66.1 65.8 65.2 65.1 65.2 65.0 65.0 65.1 65.3 65.1 65.5 65.3 65.2 65.2 65.3 65.1 65.1 65.2 65.1 65.3 65.2 65.2 65.1 65.5 65.3 65.1 65.4 65.5 65.6 65.2 65.1 65.1 65.1 65.0 65.1 65.3 65.3 65.4 65.5 65.4 65.3 65.6 65.4 65.5 65.7 65.7 65.5 65.5 65.7 65.9 66.0 66.0 66.3 66.2 65.9 65.9 66.3 66.1 65.8 65.5 65.5 65.2 65.4 65.3 65.4 65.3 65.4 65.3 65.3 65.4 65.0 64.7 64.9 64.7 64.6 64.4 64.7 64.8 65.1 65.3 65.4 65.5 65.6 65.7 65.8 66.0 65.9 65.2 64.0 63.9 63.8 63.9 63.8 63.6 63.6 63.4 63.2 63.0 62.7 62.4 61.9 61.9 62.0 62.0 62.1 62.2 62.0 62.0 61.9 61.7 61.6 61.1 60.8 60.9 61.2 61.4 61.6 61.6 61.8 62.0 62.0 62.0 61.9 61.5 61.4 61.6 61.4 60.9 60.3 59.6 59.5 59.2 59.0 58.7 58.7 58.3 58.2 58.3 58.1 58.2 58.6 58.6 58.5 58.5 58.7 58.8 58.8 59.0 59.3 59.3 59.2 59.3 59.4 59.4 59.4 59.5 59.6 59.6 59.6 59.4 59.6 59.6 58.7 57.9 57.8 58.0 58.0 58.0 58.1 58.1 58.0 58.1 58.4 58.5 58.5 58.5 58.4 58.5 58.5 58.7 59.1 59.9 60.0 60.4 60.6 60.9 61.2 61.1 61.4 61.5 60.7 60.0 59.7 59.7 60.9 61.1 61.3 62.3 61.4 61.9 62.2 61.5 62.0 62.0 63.0 62.7 62.7 62.9 62.3 62.1 61.6 62.4 62.3 62.7 61.4 60.9 60.8 60.1 60.0 59.6 59.8 59.1 58.9 58.7 59.0 58.8 59.2 60.0 59.2 59.0 59.1 59.4 59.0 58.8 58.4 59.0 58.9 57.8 57.4 57.4 57.1 56.9 55.6 55.2 54.6 54.1 54.9 54.9 55.1 55.5 55.0 54.8 54.6 54.5 54.4 54.2 54.5 54.3 54.2 53.7 53.7 53.7 53.7 53.6 53.0 52.5 52.3 52.4 52.1 51.9 51.7 51.3 50.8 50.7 50.3 50.0 49.8 49.5 49.3 49.2 48.7 48.4 48.3 48.1 60.810763888888886 4.39204881510116
3 67.3 67.1 67.0 67.0 66.9 67.0 66.9 67.0 66.7 66.6 66.6 66.3 66.3 66.2 66.0 65.9 65.8 65.9 65.9 66.0 66.1 66.1 65.9 65.8 66.0 66.5 66.3 66.3 66.5 66.4 66.7 66.7 66.9 66.7 66.5 66.7 66.6 66.6 66.6 66.8 66.9 66.8 66.8 66.7 66.7 66.6 66.6 66.6 66.8 66.8 66.7 66.6 66.5 66.6 66.5 66.7 66.6 66.6 66.8 66.8 67.0 66.9 66.8 66.9 66.8 66.7 66.5 66.6 66.4 66.4 66.1 66.0 66.0 66.0 65.9 65.7 65.7 65.9 65.8 65.7 65.7 65.8 65.8 65.9 65.9 65.9 65.9 66.0 66.0 66.2 66.2 66.0 65.7 65.8 65.3 65.5 65.6 65.9 66.1 66.1 66.0 65.9 65.8 65.8 65.7 65.5 65.3 65.1 65.0 64.7 64.6 64.6 64.5 64.2 64.2 64.3 64.1 64.1 63.9 63.7 63.7 63.7 63.1 62.3 62.2 62.1 62.4 62.6 62.3 61.7 61.3 60.7 60.5 60.0 59.8 59.6 59.2 59.0 59.0 58.8 58.7 58.6 58.5 58.6 58.7 58.7 58.6 58.6 58.8 58.6 58.8 58.9 58.9 58.8 58.9 59.0 59.3 59.3 59.4 59.6 59.6 59.7 59.8 60.0 59.9 59.5 58.8 58.2 57.9 57.7 57.6 57.5 57.4 57.5 57.6 57.6 57.7 57.7 57.7 57.7 57.8 57.7 57.6 57.8 58.0 58.0 58.0 58.2 58.5 58.9 59.8 60.0 60.1 59.7 59.7 59.6 59.6 59.9 59.9 59.7 60.2 60.7 60.7 61.4 61.4 61.2 61.8 60.9 60.3 60.3 60.5 60.6 61.1 61.8 61.7 61.9 62.5 61.5 60.8 60.3 59.8 59.4 58.9 58.8 58.8 58.4 58.0 57.8 57.7 57.4 57.1 54.2 52.5 51.8 51.6 51.4 51.4 51.8 51.7 51.9 51.9 51.7 51.2 50.6 50.5 50.5 50.4 50.7 51.4 52.0 51.4 51.5 51.6 50.7 50.1 50.3 50.4 50.8 51.3 51.1 50.6 50.9 51.3 51.0 51.4 51.3 51.7 52.3 52.5 52.5 52.4 52.3 52.2 52.2 52.2 52.2 51.6 51.2 50.9 50.7 50.4 50.4 50.2 49.8 49.7 49.6 49.2 49.0 60.6375 5.645736265456799
4 66.5 66.4 66.4 66.2 66.3 66.4 66.2 66.4 66.3 66.3 66.6 66.2 66.3 66.4 65.8 65.9 65.9 65.9 65.5 65.2 65.2 65.2 65.3 65.0 65.1 65.4 65.1 65.1 65.1 64.7 65.1 65.4 65.2 65.6 65.5 65.2 65.3 65.7 65.3 65.4 65.8 65.7 65.7 66.0 65.8 65.6 65.7 65.7 65.7 65.6 65.9 65.9 65.9 66.0 65.8 65.7 65.5 65.6 65.7 65.7 65.1 65.3 64.9 65.1 65.3 65.4 65.2 65.3 65.3 65.2 65.1 65.2 65.5 65.5 65.6 65.6 65.8 65.8 65.7 65.4 65.3 65.2 65.2 65.1 65.0 65.5 65.3 65.6 65.9 65.9 65.8 65.7 65.7 65.8 65.8 65.9 65.3 64.8 64.6 64.5 64.1 64.0 64.1 64.6 64.6 64.8 64.8 64.7 64.8 64.8 64.9 64.4 64.4 64.6 64.5 64.3 64.3 64.1 64.1 64.0 63.8 63.6 63.7 63.5 63.1 63.2 63.2 62.5 61.6 60.8 60.0 59.6 58.9 58.5 58.1 58.3 58.4 58.2 58.0 57.9 57.6 57.5 57.4 57.4 57.4 57.4 57.3 57.2 57.2 57.1 57.1 57.1 57.1 57.1 57.0 57.1 57.3 57.3 57.4 57.5 57.6 57.6 57.7 57.8 57.8 57.8 57.9 57.9 57.7 57.4 57.1 57.1 57.1 57.1 57.1 57.3 57.2 57.0 57.2 57.2 57.0 56.8 56.9 57.7 57.7 57.5 57.5 57.7 57.9 57.3 57.3 57.5 57.6 57.6 57.6 57.7 57.8 58.1 58.5 58.4 57.8 57.9 58.2 58.5 58.5 58.1 58.1 58.6 58.4 58.0 58.2 58.5 58.7 59.3 60.1 59.5 58.6 59.0 58.5 58.5 58.2 57.9 57.7 57.0 55.8 55.0 54.8 54.6 54.1 53.5 53.2 52.9 52.7 52.1 51.8 51.5 51.4 51.4 51.5 51.3 50.8 50.6 50.5 51.0 51.0 50.4 50.6 50.6 50.3 50.2 49.8 50.0 49.8 49.5 49.6 49.3 49.1 49.0 48.6 48.6 48.6 48.5 48.7 48.2 47.7 47.3 47.3 47.5 47.5 47.4 47.3 46.9 46.6 46.0 45.7 45.5 45.3 45.3 45.0 45.0 44.8 44.7 44.7 44.7 44.4 44.3 44.1 44.3 59.202083333333334 6.516748390254261
5 64.5 65.1 65.2 64.6 64.2 64.3 64.1 64.0 64.0 64.0 64.3 64.3 64.2 64.3 64.2 64.2 64.0 64.2 64.2 64.3 64.3 64.2 64.4 64.3 64.5 64.4 64.5 64.2 63.9 63.9 63.9 64.0 63.9 64.1 64.1 63.8 63.7 63.8 63.8 63.9 63.9 63.8 63.8 63.9 63.7 63.8 63.9 63.8 63.8 63.6 63.6 63.6 63.7 63.7 63.6 63.8 63.7 63.8 63.7 63.8 63.9 63.8 64.0 63.9 64.1 63.8 63.9 64.0 63.9 64.1 63.9 63.6 63.4 63.5 63.3 63.5 63.6 63.3 63.5 63.9 63.8 63.9 64.2 64.2 64.1 64.2 64.5 64.5 64.5 64.5 64.5 64.6 64.4 64.3 64.2 64.3 64.5 64.6 64.6 64.8 64.7 64.5 64.4 63.6 63.4 63.5 63.5 63.5 63.3 63.4 63.1 62.8 62.8 62.5 62.6 62.6 62.1 62.2 62.4 62.6 62.7 63.0 62.9 62.7 62.6 62.6 62.5 62.5 62.3 62.2 62.3 62.0 61.9 61.8 62.1 62.2 62.2 61.7 61.6 61.4 60.8 60.6 60.7 60.5 60.2 60.1 59.7 59.9 60.0 59.9 59.0 58.2 57.4 57.3 57.5 57.3 57.1 56.9 56.7 56.8 56.8 56.7 56.7 56.7 56.7 56.8 56.7 56.7 56.9 57.6 57.6 57.5 57.7 58.2 58.7 58.9 58.9 58.9 59.1 59.0 59.0 59.1 59.2 59.4 59.4 59.6 59.7 59.6 57.3 55.2 54.4 54.1 54.2 54.3 54.3 54.2 54.2 54.6 55.0 55.6 56.3 57.2 57.7 58.2 58.4 58.8 58.7 58.5 57.9 57.8 57.8 57.7 57.6 57.6 57.6 57.7 57.8 58.1 58.4 58.5 58.2 58.0 58.3 58.6 59.0 58.7 58.4 58.2 58.6 58.8 58.6 58.2 58.0 57.9 57.7 57.7 56.9 55.6 54.9 54.7 54.6 54.2 54.1 53.6 53.1 52.8 52.5 51.9 51.5 51.1 50.8 50.6 50.5 50.3 50.3 50.2 50.0 49.9 49.8 49.8 49.7 49.6 49.5 49.3 49.1 49.1 49.0 49.0 49.0 49.5 49.8 49.6 49.3 48.5 48.1 47.6 47.3 47.2 47.1 46.9 46.6 46.5 46.4 46.2 46.0 45.7 45.3 44.9 59.24340277777778 5.3416995642227345
6 58.4 58.0 57.8 57.3 57.1 57.0 56.9 56.6 56.9 57.1 56.7 56.3 56.2 55.9 56.2 56.2 56.6 57.0 57.1 57.3 57.6 58.4 58.7 59.1 59.0 59.1 59.4 59.5 59.6 59.8 60.0 59.9 60.2 60.4 60.1 60.5 60.5 60.6 60.7 60.4 60.6 60.3 60.5 60.8 60.6 60.5 60.7 60.8 60.4 60.4 60.3 60.2 60.3 60.3 60.2 60.4 60.5 60.4 60.4 60.3 60.4 60.4 60.4 60.5 60.3 60.4 60.5 60.6 60.7 60.7 60.9 60.8 61.2 60.9 61.2 61.2 61.4 61.3 61.4 61.2 61.4 61.3 61.3 61.2 61.2 61.2 61.4 61.5 61.3 61.2 61.4 61.3 61.3 61.2 61.3 61.3 61.1 61.3 61.3 61.1 61.2 61.2 61.2 61.0 60.9 61.0 60.9 60.6 59.4 59.2 59.1 59.1 59.2 59.3 59.5 59.6 59.5 59.4 59.4 59.5 59.5 59.6 59.7 59.7 59.6 59.9 60.0 60.2 60.2 60.3 60.2 60.1 60.3 60.2 60.2 60.1 60.2 59.9 59.9 60.0 60.1 59.7 59.3 59.0 59.0 58.8 58.7 58.9 58.9 59.1 59.3 59.4 59.5 59.5 59.7 59.0 57.3 56.4 56.0 55.6 55.4 55.0 55.0 54.9 54.9 54.8 54.7 54.6 54.7 54.8 54.9 54.9 54.8 54.7 54.7 54.8 55.0 55.0 55.1 55.2 55.1 55.3 55.6 55.6 55.6 55.5 55.6 55.7 55.9 56.0 56.0 55.9 55.8 55.8 55.6 55.6 55.2 54.7 54.4 54.1 53.7 53.3 53.4 53.5 53.2 53.2 53.5 53.7 53.7 54.1 53.9 54.2 54.4 54.7 55.0 55.1 55.0 54.8 54.6 54.8 55.1 54.9 54.6 54.9 54.9 54.4 54.6 55.0 55.4 55.3 55.5 56.4 56.3 56.3 56.6 55.6 55.0 54.8 53.7 52.8 52.2 51.7 51.7 51.7 51.3 51.1 50.6 50.6 50.5 50.1 49.7 49.4 48.9 48.6 48.4 48.3 47.8 47.3 47.1 47.0 46.7 46.3 45.7 45.5 45.7 45.6 45.6 45.6 45.5 45.3 45.1 45.0 44.8 44.7 44.8 44.9 44.9 44.7 44.2 43.7 43.2 42.9 42.5 42.3 42.2 42.0 41.9 41.7 56.19444444444444 5.068723220987656
7 64.9 64.7 64.8 64.3 64.3 64.4 64.2 64.5 64.2 64.4 64.5 64.5 64.6 65.1 65.1 64.8 64.6 65.0 65.4 65.2 65.1 65.4 65.1 65.4 65.4 65.3 65.3 65.4 65.0 65.3 65.4 65.2 65.3 65.4 65.3 65.3 65.4 65.4 65.5 65.4 65.5 65.5 65.5 65.7 65.4 65.4 65.4 65.6 65.7 65.9 65.6 65.7 65.9 65.5 65.5 65.5 65.4 65.6 65.4 65.4 65.2 65.6 65.7 65.4 65.3 65.3 65.5 65.5 65.4 65.4 65.3 65.3 65.1 65.1 65.2 65.3 65.1 64.8 64.6 64.7 64.7 64.7 64.8 64.8 65.0 64.8 65.0 65.1 65.2 65.0 64.5 64.4 64.8 64.3 64.5 64.2 64.5 64.4 64.1 64.3 64.2 64.5 64.5 64.7 65.0 65.0 65.0 65.0 64.7 64.7 65.0 64.5 64.3 64.5 64.6 64.7 64.6 64.8 64.9 64.7 65.0 64.8 64.6 64.6 64.5 63.9 63.8 64.1 64.5 64.1 64.0 63.2 63.3 63.4 63.2 63.6 64.0 63.8 64.2 63.9 63.5 64.1 64.2 64.3 64.4 64.7 64.5 64.4 64.8 64.9 65.1 65.1 65.2 65.2 65.7 65.8 65.8 66.4 66.6 66.9 66.8 67.0 66.7 67.0 67.0 67.1 67.1 66.5 66.0 65.8 65.3 64.8 63.9 63.9 63.9 63.8 63.9 64.1 64.3 64.4 64.7 64.8 65.0 65.2 65.1 65.4 65.6 65.9 66.2 66.4 66.4 66.6 66.4 63.7 61.9 61.1 60.2 58.9 58.1 57.9 57.9 58.5 58.4 58.6 58.3 58.4 58.4 58.2 58.1 58.1 58.1 58.0 58.4 58.7 58.6 58.6 59.1 59.3 60.0 60.6 61.1 59.6 58.5 58.0 57.9 58.1 58.5 58.3 58.1 58.5 58.8 59.7 59.9 59.8 59.5 59.3 58.7 58.1 57.8 57.6 57.3 57.3 57.2 57.1 56.8 56.2 55.9 55.6 55.5 55.5 55.7 55.9 56.1 56.3 55.5 54.4 53.6 53.3 53.2 53.0 53.1 52.8 52.2 51.9 51.7 51.3 51.0 51.0 51.0 50.8 50.8 50.7 50.6 50.5 50.3 50.2 50.0 49.9 49.6 49.4 48.9 48.5 48.6 48.6 48.5 48.4 48.4 48.0 61.92986111111111 4.996048331966626
8 63.2 63.6 63.7 63.5 63.5 63.3 63.4 63.8 63.8 63.9 63.7 63.7 63.9 63.9 64.1 64.1 64.1 64.2 64.1 64.1 64.1 64.1 64.1 64.0 63.9 64.0 63.9 64.0 63.8 64.0 64.2 64.4 64.4 64.2 64.3 64.1 64.2 64.2 64.0 64.0 63.8 64.2 63.7 63.7 63.9 64.0 63.7 64.1 63.8 63.9 63.8 63.9 64.0 63.7 63.8 63.7 63.9 63.9 63.9 63.6 63.3 63.6 63.7 63.3 63.6 63.6 63.4 63.6 63.8 63.8 63.7 63.7 63.6 63.8 63.7 63.5 63.6 63.7 63.5 63.8 63.7 63.5 63.5 63.5 63.6 63.4 63.6 63.3 63.3 63.3 63.1 63.1 63.1 63.2 63.3 63.2 63.4 63.1 63.2 63.2 63.1 63.2 63.0 63.1 63.1 63.1 63.0 63.1 63.0 63.1 63.2 63.2 63.2 63.6 63.6 63.6 63.4 63.3 63.6 63.4 63.2 63.4 63.5 63.4 63.5 63.3 63.4 63.4 62.9 62.8 63.1 63.2 63.2 63.0 63.0 63.0 63.2 63.0 63.1 63.3 63.4 63.7 63.7 63.8 64.0 63.7 64.0 64.0 64.1 64.4 64.6 64.7 64.8 65.0 65.1 65.3 65.5 65.6 65.6 65.8 65.8 65.0 64.7 64.9 65.2 65.4 65.1 64.1 64.0 64.1 64.1 63.6 63.7 63.5 63.5 63.0 62.4 62.2 62.0 62.0 61.8 61.5 61.3 61.4 61.5 61.8 62.5 63.4 64.0 64.1 64.3 64.7 64.9 64.9 65.4 65.9 66.9 66.8 66.8 66.8 66.5 66.4 63.9 58.2 57.0 57.2 57.2 57.5 57.8 57.5 57.3 57.2 57.2 57.2 57.3 57.1 57.1 57.5 58.4 59.5 60.3 61.0 61.5 61.4 61.4 61.2 61.8 62.3 61.8 61.8 62.2 63.0 63.4 63.8 63.9 64.1 64.3 64.7 64.6 64.9 65.3 65.4 65.4 65.5 65.5 65.4 65.5 61.5 59.3 58.9 58.0 57.1 56.3 56.4 56.5 56.4 56.7 56.4 55.4 53.5 52.5 52.0 51.8 51.6 51.5 51.2 50.8 50.5 50.3 50.0 49.9 49.8 49.7 49.6 49.7 49.6 49.5 49.4 49.3 49.1 49.0 48.9 48.7 48.3 48.0 48.1 47.9 47.9 61.72013888888889 4.5083674411173495
9 63.4 63.4 63.3 63.2 62.7 62.4 62.4 62.3 62.1 61.8 61.8 61.7 61.6 61.8 61.7 61.6 61.3 61.3 61.3 61.5 61.7 61.6 61.5 61.3 61.3 61.2 61.3 61.2 61.2 61.1 61.2 61.0 61.1 61.1 61.2 61.1 61.2 61.2 61.3 61.1 61.1 61.3 61.1 60.8 61.0 60.9 61.0 61.1 61.1 61.2 61.2 61.4 61.6 61.6 61.7 61.7 61.8 61.8 61.8 61.8 61.8 61.9 61.7 61.6 61.6 61.5 61.6 61.6 61.6 61.7 61.7 61.6 61.6 61.8 61.6 61.7 61.7 61.7 61.5 61.7 61.6 61.6 61.5 61.4 61.4 61.5 61.5 61.5 61.6 61.8 62.1 62.1 62.2 62.2 62.1 62.3 62.4 62.5 62.6 62.5 62.6 62.5 62.3 62.6 62.5 62.6 62.5 62.5 62.6 62.5 62.4 62.4 62.3 62.4 62.3 62.5 62.5 62.4 62.5 62.1 62.5 62.7 62.9 63.1 63.2 63.1 62.9 63.1 63.2 63.3 63.5 63.3 63.5 63.5 63.5 63.7 63.7 63.7 63.8 63.8 63.8 63.9 64.0 64.0 64.1 64.3 64.4 64.4 64.4 64.4 64.6 64.5 64.5 64.7 64.6 64.6 64.8 64.9 65.1 65.2 65.3 65.4 65.5 65.6 65.6 65.6 65.6 65.6 65.7 65.6 65.6 65.7 65.7 65.7 65.7 65.8 66.0 66.0 65.9 65.9 66.0 66.0 66.1 66.1 66.2 66.3 66.5 66.7 66.8 66.8 66.8 66.8 66.8 66.8 66.8 66.9 66.9 67.1 67.3 67.6 67.7 68.0 68.2 68.5 68.7 69.0 69.0 68.9 68.7 68.5 68.5 68.2 68.2 68.3 68.6 68.9 69.3 69.5 69.5 69.4 69.3 69.4 69.5 69.4 69.5 69.6 69.5 69.7 70.0 68.1 65.9 64.4 64.3 64.0 63.7 63.4 63.2 63.3 63.5 63.6 63.5 63.4 63.4 64.0 64.2 64.3 64.3 63.9 63.8 64.0 63.3 62.8 62.3 62.2 61.7 61.0 58.8 58.5 58.9 58.9 59.0 58.9 58.8 58.7 58.7 58.6 58.6 58.6 58.5 59.1 60.8 60.4 59.5 59.0 58.2 57.9 57.5 57.0 55.9 54.5 54.1 53.5 53.4 53.2 53.0 52.9 52.8 52.4 63.071875 3.2737591406744975
END
#################################################################
SECTION3 (Edges Information)
EndPoint0 EndPoint1 Weight
0 1 1.000000
1 2 1.000000
2 3 1.000000
3 4 1.000000
3 5 1.000000
4 5 1.000000
4 6 1.000000
5 6 1.000000
5 7 1.000000
6 7 1.000000
7 8 1.000000
7 9 1.000000
8 9 1.000000
END
#################################################################
SECTION4 (TrueSubGraph Information)
EndPoint0 EndPoint1 Weight
END
#################################################################
