28.16666666666667 [0] [230, 231, 232] 20160816
23.5 [0] [199, 200, 201, 202, 203, 204, 205, 206, 207, 208, 209, 210, 211, 212, 213, 214, 215, 216] 20160816
21.85714285714286 [0, 1, 2, 3] [180, 181, 182, 183, 184, 185, 186, 187, 188, 189, 190, 191, 192, 193, 194, 195, 196] 20160816
20.152543263816604 [8, 9] [148, 149, 150, 151, 152, 153, 154, 155, 156, 157, 158, 159, 160, 161, 162, 163, 164, 165] 20160816
18.83333333333333 [9] [156, 157, 158, 159, 160, 161, 162, 163, 164, 165, 166, 167, 168, 169, 170, 171] 20160816
8.85270412757426 [0, 1, 2] [88, 89, 90, 91, 92, 93, 94, 95, 96, 97, 98, 99, 100, 101, 102, 103, 104] 20160816
8.801967285736389 [0, 1, 2] [94, 95, 96, 97, 98, 99, 100, 101, 102, 103, 104, 105, 106, 107, 108, 109, 110, 111] 20160816
8.367430244040808 [1, 2] [134, 135, 136, 137, 138, 139, 140, 141, 142, 143, 144, 145, 146, 147] 20160816
7.392857142857139 [2, 3, 4, 6] [105, 106, 107, 108, 109, 110, 111, 112, 113, 114, 115, 116, 117, 118, 119, 120, 121, 122] 20160816
6.49519052838329 [0, 1, 2] [75, 76, 77, 78, 79, 80, 81, 82, 83, 84, 85, 86, 87, 88, 89, 90, 91, 92] 20160816
