23.499515361432934 [3, 4] [121, 122, 123, 124, 125, 126, 127, 128, 129, 130, 131, 132, 133, 134, 135, 136, 137, 138] 20161201
22.430208333333333 [4, 5, 7, 8] [78, 79, 80, 81, 82, 83, 84, 85, 86, 87, 88, 89, 90, 91, 92, 93, 94, 95] 20161201
21.390827473475635 [2, 3, 4] [117, 118, 119, 120, 121, 122, 123, 124, 125, 126, 127, 128, 129, 130, 131, 132] 20161201
18.86796594466104 [1, 2] [175, 176, 177, 178, 179, 180, 181, 182, 183, 184, 185, 186, 187, 188, 189, 190, 191, 192] 20161201
17.970027128527104 [0, 1, 2] [108, 109, 110, 111, 112, 113, 114, 115, 116, 117, 118, 119, 120, 121, 122, 123, 124, 125] 20161201
17.595186840121418 [1, 2, 3] [107, 108, 109, 110, 111, 112, 113, 114, 115, 116, 117, 118, 119] 20161201
15.662415203282011 [7, 8] [87, 88, 89, 90, 91, 92, 93, 94, 95, 96, 97, 98, 99, 100, 101, 102, 103, 104] 20161201
15.06137443927346 [8, 9] [163, 164, 165, 166, 167, 168, 169, 170, 171, 172, 173, 174, 175, 176] 20161201
13.866028965037508 [5, 7, 8] [148, 149, 150, 151, 152, 153, 154, 155, 156, 157, 158, 159, 160, 161, 162, 163, 164] 20161201
11.299999999999997 [0] [220, 221, 222, 223, 224, 225, 226, 227, 228, 229, 230, 231, 232, 233, 234, 235] 20161201
9.670617008926232 [0, 1, 2] [233, 234, 235, 236, 237, 238, 239, 240, 241, 242, 243, 244, 245, 246, 247, 248, 249, 250] 20161201
9.460256410256413 [1, 2, 3, 4] [208, 209, 210, 211, 212, 213, 214, 215, 216, 217, 218, 219, 220, 221, 222] 20161201
