43.217948717948715 [1, 2, 3, 5] [157, 158, 159, 160, 161, 162, 163, 164, 165, 166, 167, 168, 169, 170, 171, 172] 20160306
38.8749181254348 [3, 5, 6] [150, 151, 152, 153, 154, 155, 156, 157, 158, 159, 160, 161, 162, 163, 164, 165] 20160306
29.5 [5, 6, 7, 8] [175, 176, 177, 178, 179, 180, 181, 182, 183, 184, 185, 186, 187, 188, 189, 190] 20160306
17.324116139070412 [2, 3] [78, 79, 80, 81, 82, 83, 84, 85, 86, 87, 88, 89, 90, 91, 92, 93, 94, 95] 20160306
14.14213562373095 [8, 9] [124, 125, 126, 127, 128, 129, 130, 131, 132, 133, 134, 135, 136, 137, 138, 139, 140] 20160306
12.42857142857143 [5, 7, 8, 9] [111, 112, 113, 114, 115, 116, 117, 118, 119, 120, 121, 122, 123, 124, 125, 126, 127] 20160306
10.6424899620621 [2, 3, 4] [197, 198, 199, 200, 201, 202, 203, 204, 205, 206, 207, 208, 209, 210, 211, 212, 213, 214] 20160306
10.01734606680942 [0, 1] [223, 224, 225, 226, 227, 228, 229, 230, 231, 232, 233, 234, 235, 236, 237, 238] 20160306
9.333333333333332 [5, 7, 8, 9] [212, 213, 214, 215, 216, 217, 218, 219, 220, 221, 222, 223, 224, 225, 226, 227, 228, 229] 20160306
8.367430244040813 [0, 1] [235, 236, 237, 238, 239, 240, 241, 242, 243, 244, 245, 246, 247, 248, 249, 250] 20160306
