27.845238095238095 [3, 4, 5, 6] [220, 221, 222, 223, 224, 225, 226, 227, 228, 229, 230, 231, 232, 233, 234, 235, 236] 20160513
26.91666666666667 [1, 2, 3, 5] [203, 204, 205, 206, 207, 208, 209, 210, 211, 212, 213, 214, 215, 216, 217, 218, 219, 220] 20160513
26.752206554891053 [7, 8] [163, 164, 165, 166, 167, 168, 169, 170, 171, 172, 173, 174, 175, 176, 177, 178, 179, 180] 20160513
25.833333333333332 [5, 6, 7, 9] [146, 147, 148, 149, 150, 151, 152, 153, 154, 155, 156, 157, 158, 159, 160, 161, 162, 163] 20160513
25.666666666666664 [1, 2, 3, 5] [184, 185, 186, 187, 188, 189, 190, 191, 192, 193, 194, 195, 196, 197, 198, 199, 200] 20160513
23.808825386581706 [3, 5, 6] [138, 139, 140, 141, 142, 143, 144, 145, 146, 147, 148, 149, 150, 151, 152, 153, 154, 155] 20160513
23.408333333333324 [1, 2, 3, 5] [196, 197, 198, 199, 200, 201, 202, 203, 204, 205, 206, 207, 208, 209, 210, 211, 212, 213] 20160513
23.150000000000006 [4, 6, 7, 9] [123, 124, 125, 126, 127, 128, 129, 130, 131, 132, 133, 134, 135, 136, 137, 138, 139, 140] 20160513
22.5 [0] [91, 92, 93, 94, 95, 96, 97, 98, 99, 100, 101, 102, 103, 104] 20160513
18.612672963875077 [3, 4, 6] [241, 242, 243, 244, 245, 246, 247, 248, 249, 250, 251] 20160513
15.428571428571434 [5, 6, 7, 9] [72, 73, 74, 75, 76, 77, 78, 79, 80, 81, 82, 83, 84, 85, 86, 87, 88] 20160513
