24.30499999999999 [2, 3, 4, 5] [131, 132, 133, 134, 135, 136, 137, 138, 139, 140, 141, 142, 143, 144, 145, 146, 147] 20161025
22.75666666666667 [1, 2, 3, 5] [139, 140, 141, 142, 143, 144, 145, 146, 147, 148, 149, 150, 151, 152, 153, 154, 155] 20161025
21.8625 [1, 2, 3, 5] [153, 154, 155, 156, 157, 158, 159, 160, 161, 162, 163, 164, 165, 166] 20161025
21.05115813157451 [1, 2] [93, 94, 95, 96, 97, 98, 99, 100, 101, 102, 103, 104, 105, 106, 107, 108, 109, 110] 20161025
18.691189249364406 [1, 2] [213, 214, 215, 216, 217, 218, 219, 220, 221, 222, 223, 224, 225, 226, 227, 228, 229] 20161025
17.400000000000006 [4] [83, 84, 85, 86, 87, 88, 89, 90, 91, 92, 93, 94, 95, 96, 97, 98, 99, 100] 20161025
17.380867422013154 [0, 1, 2] [91, 92, 93, 94, 95, 96, 97, 98, 99, 100, 101, 102, 103] 20161025
14.587716801524552 [2, 3, 4] [239, 240, 241, 242, 243, 244, 245, 246, 247, 248, 249] 20161025
13.373958333333334 [4, 5, 7, 9] [74, 75, 76, 77, 78, 79, 80, 81, 82, 83, 84, 85, 86, 87, 88, 89, 90, 91] 20161025
12.82 [3, 5, 7, 9] [72, 73, 74, 75, 76, 77, 78, 79, 80, 81, 82, 83] 20161025
10.430794863359234 [2, 3, 4] [167, 168, 169, 170, 171, 172, 173, 174, 175, 176, 177, 178, 179, 180, 181, 182, 183, 184] 20161025
9.68333333333333 [0, 1, 2, 3] [188, 189, 190, 191, 192, 193, 194] 20161025
9.633333333333333 [0, 1, 2, 3] [191, 192, 193, 194, 195] 20161025
