45.21666666666667 [5, 7, 8, 9] [211, 212, 213, 214, 215, 216, 217, 218, 219, 220, 221, 222, 223, 224, 225, 226, 227, 228] 20161012
29.983723979914572 [7, 8, 9] [103, 104, 105, 106, 107, 108, 109, 110, 111, 112, 113, 114, 115, 116, 117, 118, 119, 120] 20161012
21.637467504308354 [7, 8] [139, 140, 141, 142, 143, 144, 145, 146, 147, 148, 149, 150, 151, 152, 153, 154, 155] 20161012
19.19794910921477 [7, 8] [92, 93, 94, 95, 96, 97, 98, 99, 100, 101] 20161012
17.36831031289457 [5, 7] [72, 73, 74, 75, 76, 77, 78, 79, 80, 81] 20161012
16.619545633480353 [7, 8, 9] [133, 134, 135, 136, 137, 138, 139, 140, 141, 142, 143, 144, 145, 146, 147] 20161012
15.366666666666674 [0] [230, 231, 232, 233, 234, 235, 236, 237, 238, 239, 240, 241, 242, 243, 244, 245, 246] 20161012
13.919322836039628 [5, 7, 8] [80, 81, 82, 83, 84, 85, 86, 87, 88, 89, 90, 91, 92, 93, 94] 20161012
10.008333333333333 [5, 7, 8, 9] [166, 167, 168, 169, 170, 171, 172, 173, 174, 175, 176, 177, 178, 179, 180, 181, 182] 20161012
9.015611460128476 [5, 7] [184, 185, 186, 187, 188, 189, 190, 191, 192, 193, 194, 195, 196, 197] 20161012
