33.81666666666667 [1, 2, 3, 4] [135, 136, 137, 138, 139, 140, 141, 142, 143, 144, 145, 146, 147, 148, 149, 150, 151, 152] 20160717
28.349999999999994 [1, 2, 3, 4] [149, 150, 151, 152, 153, 154, 155, 156, 157, 158, 159, 160, 161, 162, 163, 164, 165, 166] 20160717
25.749822005857308 [1, 2, 3] [128, 129, 130, 131, 132, 133, 134, 135, 136, 137, 138, 139, 140, 141, 142, 143, 144, 145] 20160717
25.16666666666667 [0] [161, 162, 163, 164, 165, 166, 167, 168, 169, 170, 171, 172, 173, 174, 175, 176, 177, 178] 20160717
21.265734915151214 [1, 2, 3] [119, 120, 121, 122, 123, 124, 125, 126, 127, 128, 129, 130, 131, 132, 133, 134, 135, 136] 20160717
19.533684107582342 [0, 1, 2] [208, 209, 210, 211, 212, 213, 214, 215, 216, 217, 218, 219, 220, 221, 222, 223, 224] 20160717
14.606060606060602 [6, 7, 8, 9] [186, 187, 188, 189, 190, 191, 192, 193, 194, 195, 196, 197, 198, 199] 20160717
14.52998177460558 [0, 1, 2] [195, 196, 197, 198, 199, 200, 201, 202, 203, 204, 205, 206, 207, 208, 209, 210, 211, 212] 20160717
10.163770363859037 [6, 7, 9] [221, 222, 223, 224, 225, 226, 227, 228, 229, 230, 231, 232, 233, 234, 235, 236, 237, 238] 20160717
9.9375 [0, 1, 2, 3] [83, 84, 85, 86, 87, 88, 89, 90, 91, 92, 93] 20160717
9.733333333333334 [0, 1, 2, 3] [88, 89, 90, 91, 92, 93, 94, 95, 96, 97, 98, 99, 100, 101, 102, 103, 104, 105] 20160717
9.666666666666664 [8] [246, 247, 248] 20160717
9.499999999999996 [6, 7, 8, 9] [231, 232, 233, 234, 235, 236, 237, 238, 239, 240, 241, 242, 243] 20160717
8.666666666666664 [8] [245, 246, 247] 20160717
8.333333333333329 [0] [72, 73, 74, 75, 76, 77, 78, 79, 80, 81] 20160717
7.666666666666664 [8] [244, 245, 246] 20160717
