59.80833333333334 [1, 2, 3, 5] [206, 207, 208, 209, 210, 211, 212, 213, 214, 215, 216, 217, 218, 219, 220, 221, 222, 223] 20161213
20.358541666666664 [4, 5, 6, 7] [109, 110, 111, 112, 113, 114, 115, 116, 117, 118, 119, 120, 121, 122, 123, 124, 125, 126] 20161213
19.050000000000004 [0] [177, 178, 179, 180, 181, 182, 183, 184, 185, 186, 187, 188, 189, 190, 191, 192, 193, 194] 20161213
16.89479166666666 [5, 6, 7, 8] [96, 97, 98, 99, 100, 101, 102, 103, 104, 105, 106, 107, 108, 109, 110, 111, 112, 113] 20161213
15.963734943093169 [0, 1, 2] [92, 93, 94, 95, 96, 97, 98, 99, 100, 101, 102, 103, 104, 105, 106] 20161213
14.086458333333333 [4, 6, 7, 9] [129, 130, 131, 132, 133, 134, 135, 136, 137, 138, 139, 140, 141, 142, 143, 144, 145, 146] 20161213
13.016666666666666 [2] [74, 75, 76, 77, 78] 20161213
11.966666666666654 [2] [77, 78, 79] 20161213
5.792747700869236 [0, 1, 2] [152, 153, 154, 155, 156, 157, 158, 159, 160, 161, 162, 163, 164, 165, 166, 167, 168, 169] 20161213
5.20000000000001 [0] [159, 160, 161, 162, 163, 164, 165, 166, 167, 168, 169, 170, 171, 172, 173, 174] 20161213
