33.39009056813335 [5, 7, 9] [131, 132, 133, 134, 135, 136, 137, 138, 139, 140, 141, 142, 143, 144, 145, 146, 147, 148] 20160620
32.5 [3] [97, 98, 99, 100, 101, 102, 103, 104, 105, 106, 107] 20160620
32.04293994002423 [6, 7, 9] [138, 139, 140, 141, 142, 143, 144, 145, 146, 147, 148, 149, 150, 151, 152, 153, 154, 155] 20160620
29.99815773664431 [4, 5, 7] [175, 176, 177, 178, 179, 180, 181, 182, 183, 184, 185, 186, 187, 188, 189, 190, 191, 192] 20160620
27.23958333333333 [4, 5, 6, 7] [151, 152, 153, 154, 155, 156, 157, 158, 159, 160, 161, 162, 163, 164, 165, 166, 167, 168] 20160620
10.488750587600457 [0, 1] [234, 235, 236, 237, 238, 239, 240, 241, 242, 243, 244, 245, 246, 247, 248, 249, 250, 251] 20160620
9.781643806413904 [7, 8] [79, 80, 81] 20160620
9.663792676216152 [7, 8] [78, 79, 80] 20160620
7.3131034097352625 [5, 7, 8] [209, 210, 211, 212, 213, 214, 215, 216, 217, 218, 219, 220] 20160620
7.25 [4, 5, 6, 7] [215, 216, 217, 218, 219, 220, 221, 222, 223, 224, 225, 226, 227] 20160620
5.75 [5, 6, 7, 8] [225, 226, 227, 228, 229, 230, 231, 232, 233, 234, 235, 236, 237, 238, 239] 20160620
