168.573573032 [5] [0, 1, 2] 20160813
117.72937627610953 [3, 4, 5, 6, 7, 8, 9] [233, 234, 235, 236, 237] 20160309
117.02008505161444 [3, 4, 5, 6, 7, 8, 9] [242, 243, 244, 245, 246, 247, 248, 249, 250, 251, 252, 253, 254, 255, 256, 257, 258, 259, 260, 261, 262] 20160309
116.02441617941842 [1, 2, 3, 5, 7, 8, 9] [214, 215, 216, 217, 218, 219, 220] 20160309
107.07382376134731 [2, 3, 5, 6, 7, 8, 9] [253, 254, 255, 256, 257, 258, 259, 260, 261, 262, 263, 264, 265, 266] 20160309
97.64801291484378 [3, 4, 5, 6, 7, 8, 9] [125, 126, 127, 128] 20160405
92.80583403391425 [0, 1, 2, 3, 5, 7, 8] [163, 164, 165, 166, 167, 168, 169, 170, 171, 172, 173, 174, 175, 176, 177, 178] 20160309
85.22441390687568 [2, 3, 5, 7, 8, 9] [97, 98, 99, 100, 101, 102, 103, 104, 105, 106, 107, 108, 109] 20160405
82.26479527086022 [0, 1, 2, 3, 4, 5, 6] [203, 204, 205, 206, 207, 208, 209, 210, 211, 212, 213, 214, 215, 216, 217, 218, 219, 220, 221, 222] 20160308
79.51509137793792 [0, 1, 2, 3, 4, 5, 6] [267, 268, 269, 270, 271, 272, 273, 274, 275, 276, 277, 278] 20160308
79.44752330739848 [2, 3, 4, 5, 6, 7] [80, 81, 82, 83, 84, 85, 86, 87, 88, 89, 90] 20160405
78.17191869997748 [1, 2, 3, 5, 6, 7, 8] [228, 229, 230, 231, 232, 233, 234, 235, 236, 237, 238, 239, 240, 241, 242, 243, 244] 20160312
77.48986246357602 [3, 4, 5, 6, 7, 8, 9] [212, 213, 214, 215, 216, 217, 218, 219, 220, 221, 222, 223, 224, 225, 226, 227, 228, 229, 230, 231, 232, 233] 20160308
76.90855388094805 [0, 1, 2, 3, 4, 5, 6] [190, 191, 192, 193, 194, 195, 196, 197, 198, 199, 200, 201, 202, 203, 204, 205, 206, 207] 20160308
76.0865381554185 [1, 2, 3, 5, 7, 8, 9] [244, 245, 246, 247, 248, 249, 250, 251, 252, 253, 254, 255, 256, 257, 258, 259, 260, 261, 262, 263, 264, 265, 266, 267] 20160312
75.66207559229532 [0, 1, 2, 3, 5] [241, 242, 243, 244, 245, 246, 247, 248, 249] 20160308
73.9695168589869 [1, 2, 3, 5, 7, 8, 9] [256, 257, 258, 259, 260, 261, 262, 263, 264, 265, 266, 267, 268, 269, 270, 271, 272, 273, 274, 275, 276, 277] 20160312
73.03869316411438 [0, 1, 2, 3, 5, 7, 8] [203, 204, 205, 206, 207, 208, 209, 210, 211, 212, 213, 214, 215, 216, 217, 218, 219, 220, 221, 222, 223, 224] 20160312
73.004479932666 [0, 1, 2, 3, 5, 6] [97, 98, 99, 100, 101, 102, 103, 104, 105, 106, 107, 108, 109, 110, 111, 112, 113, 114, 115, 116, 117, 118, 119] 20160309
71.09348912539944 [0, 1, 2, 3, 5, 6] [126, 127, 128, 129, 130, 131, 132, 133, 134, 135, 136, 137] 20160309
70.54345412141808 [2, 3, 5, 6, 7, 8, 9] [228, 229, 230, 231, 232, 233] 20160421
67.68828706180993 [1, 2, 3, 4, 5, 7, 8] [251, 252, 253] 20160324
66.46413934241876 [1, 2, 3, 5, 7, 8] [259, 260, 261, 262, 263, 264, 265, 266, 267, 268, 269, 270, 271, 272, 273, 274, 275, 276, 277, 278, 279, 280] 20160324
65.66363939573516 [2, 3, 5, 6, 7, 8, 9] [242, 243, 244, 245, 246, 247] 20160421
65.31899776742888 [1, 2, 3, 5, 7, 8, 9] [234, 235, 236, 237] 20160922
64.59787684227321 [2, 3, 5, 6, 7, 8, 9] [247, 248, 249, 250, 251] 20160922
63.82323061709719 [2, 3, 4, 6, 7, 8, 9] [192, 193, 194, 195, 196, 197, 198, 199, 200, 201, 202, 203, 204, 205, 206, 207] 20160529
63.08719672410857 [2, 3, 4, 6, 7, 8, 9] [203, 204, 205, 206, 207, 208, 209, 210, 211, 212, 213, 214, 215, 216, 217, 218, 219] 20160529
62.66860107025085 [2, 3, 4, 6, 7, 8, 9] [184, 185, 186, 187, 188, 189, 190, 191, 192, 193, 194, 195, 196, 197, 198, 199, 200, 201] 20160529
61.4003294040756 [0, 1, 2, 3, 4, 5, 6] [4, 5, 6, 7, 8, 9, 10, 11, 12, 13, 14, 15, 16, 17, 18] 20160309
61.04306825495 [0, 1, 2, 3] [238, 239, 240, 241, 242, 243, 244, 245, 246, 247] 20160312
60.605632567495626 [0, 1, 2, 3, 4, 5, 6] [13, 14, 15, 16, 17, 18, 19, 20, 21, 22, 23, 24, 25, 26, 27, 28, 29, 30] 20160309
60.33476033209189 [0, 1, 2, 3, 4, 5, 6] [2, 3, 4, 5, 6, 7] 20160309
60.20035853610815 [1, 2, 3, 4, 5, 6] [0, 1, 2, 3, 4, 5, 6, 7] 20160325
59.35700258113416 [3, 4, 5, 6, 7, 8, 9] [172, 173, 174, 175, 176, 177, 178, 179, 180, 181, 182, 183, 184] 20160529
58.565163674878704 [2, 3, 5, 6, 7, 8, 9] [227, 228, 229, 230, 231, 232, 233, 234, 235, 236, 237, 238, 239, 240] 20160313
58.06518430103498 [0, 1, 2, 3, 4, 6] [0, 1, 2, 3] 20160309
57.39825397796949 [2, 3, 5, 6, 7, 8, 9] [221, 222, 223, 224] 20160313
56.4136042475748 [3, 4, 5, 6, 7, 8, 9] [161, 162, 163, 164, 165, 166, 167, 168, 169, 170, 171, 172, 173, 174, 175, 176, 177, 178] 20160529
55.9591031964854 [1, 2, 3, 5, 6, 7, 8] [3, 4, 5, 6, 7, 8, 9, 10, 11, 12, 13] 20160313
54.64257904165055 [3, 5, 6, 7, 8, 9] [252, 253, 254, 255, 256, 257, 258, 259, 260, 261, 262, 263, 264, 265, 266, 267, 268, 269, 270, 271, 272] 20160313
54.59635111495356 [2, 3, 5, 6, 7, 8, 9] [247, 248, 249, 250, 251, 252, 253, 254, 255, 256, 257, 258, 259, 260] 20160313
53.42044244165601 [0, 1, 2, 3, 5, 7, 8] [26, 27, 28, 29, 30, 31, 32, 33, 34, 35, 36, 37, 38, 39, 40, 41] 20160313
51.77001627817181 [0, 1, 2, 3, 4, 5] [56, 57, 58, 59, 60, 61, 62, 63, 64, 65, 66, 67, 68, 69, 70, 71, 72, 73, 74, 75, 76] 20160325
51.664270196079826 [1, 2, 3, 4, 5, 7, 8] [32, 33, 34, 35, 36, 37, 38, 39, 40, 41, 42, 43, 44, 45, 46, 47, 48, 49, 50, 51, 52, 53, 54] 20160325
51.04353839062692 [1, 2, 3, 4, 5, 7, 8] [50, 51, 52, 53, 54, 55, 56, 57] 20160325
50.99970879700941 [2, 3, 4, 5, 6, 7, 8] [3, 4, 5, 6, 7, 8, 9, 10, 11, 12, 13, 14, 15, 16, 17, 18, 19, 20, 21] 20160911
50.8836692470815 [0, 1, 2, 3, 5, 7, 9] [180, 181, 182, 183, 184, 185, 186, 187, 188, 189, 190, 191, 192, 193, 194, 195, 196] 20160922
50.87350448228464 [0, 1, 2] [29, 30, 31, 32, 33, 34, 35, 36, 37, 38, 39, 40, 41, 42, 43, 44, 45, 46, 47, 48, 49, 50, 51] 20160309
50.01352099803215 [1, 2, 3, 4, 5, 6, 7] [20, 21, 22, 23] 20160911
49.95518224422766 [0, 1, 2, 3, 5, 6] [1, 2, 3, 4, 5] 20160911
49.68915083601684 [3, 4, 5, 6, 7, 8, 9] [172, 173, 174, 175, 176, 177, 178, 179, 180, 181, 182, 183, 184, 185, 186, 187, 188, 189, 190, 191, 192, 193, 194] 20160405
49.26709057567624 [1, 2, 3, 4, 5, 6, 7] [0, 1, 2, 3, 4] 20160529
48.90063155554271 [2, 3, 4, 5, 6, 7, 8] [31, 32, 33, 34, 35, 36, 37, 38, 39, 40, 41, 42, 43, 44, 45, 46, 47, 48, 49, 50, 51, 52, 53, 54] 20160911
48.7617568426669 [1, 2, 3, 5, 6, 7, 8] [40, 41, 42, 43, 44, 45, 46, 47, 48, 49, 50] 20160313
47.89190092859668 [2, 3, 5, 6, 7, 8, 9] [269, 270, 271, 272, 273, 274, 275, 276, 277, 278, 279, 280, 281, 282, 283, 284, 285, 286] 20160313
45.2338854598209 [2, 3, 4, 5, 6, 7, 8] [173, 174, 175, 176, 177, 178, 179, 180, 181, 182, 183, 184, 185, 186, 187, 188, 189, 190, 191, 192] 20160313
44.62941541127556 [2, 3, 5, 6, 7, 8, 9] [184, 185, 186, 187, 188, 189, 190, 191, 192, 193, 194, 195, 196, 197, 198, 199, 200, 201, 202, 203, 204, 205, 206, 207] 20160405
44.037700721162494 [3, 4, 5, 6, 7, 8, 9] [76, 77, 78, 79, 80, 81, 82, 83, 84, 85, 86, 87, 88, 89, 90, 91, 92, 93, 94, 95, 96, 97, 98] 20160302
43.77388310463025 [0, 1, 2, 3, 5, 7, 8] [0, 1, 2, 3, 4, 5, 6, 7, 8, 9, 10, 11, 12] 20160308
42.705493978331205 [0, 1, 2, 3, 4, 5, 6] [0, 1, 2, 3, 4, 5, 6, 7, 8, 9, 10, 11, 12, 13, 14] 20160328
42.23185787950046 [0, 1, 2, 3, 4, 5, 6] [92, 93, 94, 95, 96, 97, 98, 99, 100, 101, 102, 103, 104, 105, 106, 107, 108, 109, 110, 111, 112, 113, 114, 115] 20160325
42.0001733704469 [3, 4, 5, 6, 7, 8, 9] [171, 172, 173, 174, 175, 176, 177, 178, 179, 180, 181, 182, 183] 20160313
41.51125247072698 [4, 5, 6, 7, 8, 9] [54, 55, 56, 57, 58, 59, 60, 61, 62, 63, 64, 65, 66, 67, 68, 69, 70, 71, 72, 73, 74, 75, 76, 77] 20160313
41.44091529717758 [4, 5, 6, 7, 8, 9] [88, 89, 90, 91, 92, 93, 94, 95, 96, 97, 98, 99, 100, 101, 102, 103, 104, 105, 106, 107, 108, 109, 110] 20160302
41.210073587728154 [3, 4, 5, 6, 7, 8, 9] [98, 99, 100, 101, 102, 103] 20160421
41.01602157133572 [5, 6, 7, 8, 9] [97, 98, 99, 100, 101, 102, 103, 104, 105, 106, 107, 108, 109, 110, 111, 112] 20160302
40.98329490392261 [3, 4, 5, 6, 7, 8, 9] [97, 98, 99] 20160421
40.614407185447746 [0, 1, 2, 3, 4, 5, 6] [112, 113, 114, 115, 116, 117, 118, 119, 120, 121, 122, 123, 124, 125, 126, 127, 128, 129, 130, 131, 132, 133, 134] 20160325
40.60909284294122 [3, 4, 5, 6, 7, 8] [1, 2, 3, 4, 5, 6, 7, 8, 9, 10] 20160419
40.3009269964213 [2, 3, 5, 6, 7, 8, 9] [116, 117, 118, 119, 120, 121] 20160421
40.096261604917764 [2, 3, 5, 6, 7, 8, 9] [79, 80, 81, 82, 83, 84, 85, 86, 87, 88, 89, 90, 91, 92, 93, 94, 95, 96, 97, 98, 99, 100, 101, 102] 20160911
39.945931977327774 [2, 3, 5, 6, 7, 8, 9] [67, 68, 69, 70, 71, 72, 73, 74, 75, 76, 77, 78, 79, 80, 81, 82, 83, 84, 85, 86, 87, 88, 89] 20160911
39.92145606995108 [2, 3, 4, 5, 6, 7, 8] [12, 13, 14, 15, 16, 17, 18, 19, 20, 21, 22, 23, 24, 25, 26, 27, 28, 29, 30, 31, 32, 33, 34, 35] 20160301
39.842613150143464 [1, 2, 3, 5, 7, 8] [4, 5, 6, 7, 8, 9, 10, 11, 12, 13, 14, 15, 16, 17, 18, 19, 20, 21, 22, 23, 24, 25, 26, 27] 20160301
39.54702990648755 [3, 4, 5, 6, 7, 8, 9] [121, 122, 123, 124, 125, 126, 127, 128] 20160421
39.3211128644359 [0, 1, 2, 3, 4, 5, 6] [39, 40, 41, 42, 43, 44, 45, 46, 47, 48, 49, 50, 51, 52, 53, 54, 55, 56, 57, 58, 59, 60, 61, 62] 20160328
39.28697905946621 [1, 2, 3, 5, 6, 7, 8] [9, 10, 11, 12, 13, 14, 15, 16, 17, 18, 19, 20, 21, 22, 23, 24, 25, 26, 27, 28, 29, 30, 31] 20160419
39.26280818590895 [1, 2, 3, 4, 5, 7, 8] [269, 270, 271, 272, 273, 274, 275, 276, 277, 278, 279, 280, 281, 282, 283, 284] 20160405
39.21150316726321 [0, 1, 2, 3, 4, 5, 6] [54, 55, 56, 57, 58, 59, 60, 61, 62, 63, 64, 65, 66, 67, 68, 69, 70, 71, 72, 73, 74] 20160328
38.99690333869909 [0, 1, 2, 3, 4, 5, 6] [62, 63, 64, 65, 66, 67, 68, 69, 70, 71, 72, 73, 74, 75, 76, 77, 78, 79, 80, 81, 82, 83, 84] 20160328
38.99225344429262 [2, 3, 4, 6, 7, 8, 9] [208, 209, 210, 211, 212, 213, 214, 215, 216, 217, 218, 219, 220, 221, 222] 20160405
38.78379127397193 [0, 1, 2, 3, 4, 5, 6] [2, 3, 4, 5, 6] 20160301
38.414237766437914 [3, 5, 6, 7, 8, 9] [241, 242, 243, 244, 245, 246, 247, 248, 249, 250, 251, 252, 253, 254, 255, 256, 257, 258, 259, 260, 261, 262, 263] 20160529
37.57595246809216 [0, 1, 2, 3, 4, 5] [2, 3, 4, 5, 6, 7, 8, 9, 10, 11, 12, 13, 14, 15, 16, 17, 18, 19, 20, 21, 22, 23, 24] 20160621
37.56649563603571 [2, 3, 5, 6, 7, 8, 9] [162, 163, 164, 165, 166, 167, 168, 169, 170, 171, 172, 173, 174, 175, 176, 177, 178, 179, 180, 181, 182, 183, 184, 185] 20160325
36.58354660187274 [1, 2, 3, 5, 7, 8] [217, 218, 219, 220, 221, 222, 223, 224, 225, 226, 227, 228, 229, 230, 231, 232, 233, 234, 235] 20160328
36.5801636964961 [0, 1, 2, 3, 4, 5, 6] [222, 223, 224, 225, 226, 227, 228, 229, 230, 231, 232, 233, 234, 235, 236, 237, 238, 239, 240, 241, 242, 243, 244, 245] 20160405
36.52909467781528 [1, 2, 3, 5, 6, 7, 8] [34, 35, 36, 37, 38, 39, 40, 41, 42, 43, 44, 45, 46] 20160419
35.97990692303433 [0, 1, 2, 3, 4, 5, 6] [192, 193, 194, 195, 196, 197, 198, 199, 200, 201, 202, 203, 204, 205, 206, 207, 208, 209, 210, 211, 212, 213, 214, 215] 20160328
35.59816248044049 [8, 9] [187, 188, 189, 190, 191, 192, 193, 194, 195, 196, 197, 198, 199, 200, 201, 202, 203, 204, 205, 206, 207, 208, 209, 210] 20160325
35.52006334124641 [0, 1, 2, 3, 4, 5, 6] [252, 253, 254, 255, 256, 257, 258, 259, 260, 261, 262, 263, 264, 265, 266, 267, 268, 269, 270, 271, 272, 273] 20160405
35.49378802250992 [0, 1, 2, 3, 5] [1, 2, 3, 4] 20160621
34.922403310224965 [2, 3, 4, 5, 7, 9] [60, 61, 62, 63, 64, 65, 66, 67, 68, 69, 70, 71, 72, 73] 20160421
33.65670987384241 [5, 6, 7, 8, 9] [22, 23, 24, 25, 26, 27, 28, 29, 30, 31, 32, 33, 34, 35, 36, 37, 38, 39, 40, 41, 42] 20160301
32.54969743171105 [1, 2, 3, 5, 6, 7, 8] [67, 68, 69, 70, 71, 72, 73, 74, 75, 76, 77, 78, 79, 80, 81, 82, 83, 84, 85, 86, 87] 20160419
32.358503289494024 [1, 2, 3, 4, 5, 6, 7] [32, 33, 34, 35, 36, 37, 38, 39, 40, 41, 42, 43, 44, 45, 46, 47, 48, 49] 20160621
31.768269447082886 [1, 2, 3, 5, 6, 7, 8] [64, 65, 66, 67, 68, 69, 70, 71, 72, 73, 74, 75, 76] 20160419
30.606994382369255 [0, 1, 2, 3, 5, 7, 8] [216, 217, 218, 219, 220, 221] 20160628
30.556599119301346 [0, 1, 2, 3, 5, 7, 8] [212, 213, 214, 215, 216, 217] 20160628
30.399113922214177 [0, 1, 2, 3, 5, 7, 8] [219, 220, 221, 222, 223] 20160628
30.184278453297985 [0, 1] [37, 38, 39, 40, 41, 42, 43, 44, 45, 46, 47, 48, 49, 50, 51] 20160308
29.766023429923717 [0, 1, 2, 3, 5, 7, 8] [202, 203, 204, 205, 206, 207, 208, 209, 210, 211, 212] 20160628
29.107446160908882 [3, 4, 5, 6, 7, 8, 9] [214, 215, 216, 217, 218] 20160514
28.898722850508552 [0, 1, 2, 3, 4, 6] [152, 153, 154, 155, 156, 157, 158, 159, 160, 161, 162, 163, 164, 165, 166, 167, 168, 169, 170, 171, 172, 173, 174, 175] 20160328
28.78411228833775 [3, 4, 5, 6, 7, 8, 9] [118, 119, 120] 20160514
27.748213759306125 [0, 1, 2, 3, 5, 7, 8] [123, 124, 125, 126, 127, 128, 129, 130, 131, 132, 133, 134, 135, 136, 137, 138, 139, 140, 141, 142, 143, 144, 145, 146] 20160308
27.722551985124714 [3, 4, 5, 6, 7, 8, 9] [139, 140, 141, 142, 143, 144, 145, 146] 20160301
27.716270895529732 [0, 1, 2, 3, 4, 6] [66, 67, 68, 69, 70, 71, 72, 73, 74, 75, 76, 77] 20160529
27.577051611389134 [4, 5, 6, 7, 8, 9] [226, 227, 228, 229, 230, 231, 232, 233, 234, 235, 236, 237] 20160419
27.339165312673558 [3, 4, 5, 6, 7, 8, 9] [190, 191, 192, 193, 194, 195, 196, 197, 198, 199, 200, 201, 202, 203, 204, 205, 206, 207, 208] 20160514
27.231161047162633 [5, 6, 7, 8, 9] [237, 238, 239, 240] 20160419
26.82780237492759 [1, 2, 3, 5, 6, 7, 8] [180, 181, 182, 183, 184, 185, 186, 187, 188, 189, 190, 191, 192, 193, 194, 195, 196, 197, 198, 199] 20160628
26.679508216747376 [0, 1, 2, 3, 5, 6] [268, 269, 270, 271, 272, 273, 274, 275, 276, 277, 278, 279, 280, 281, 282, 283, 284, 285, 286, 287] 20160529
26.583903362783936 [3, 4, 5, 6, 7, 8, 9] [189, 190, 191, 192, 193, 194, 195] 20160514
26.377164358398872 [0, 1, 2, 3, 4, 5, 6] [151, 152, 153, 154, 155, 156, 157, 158, 159, 160, 161, 162, 163, 164, 165, 166, 167, 168, 169, 170, 171, 172, 173, 174] 20160312
26.07355180098929 [0, 1, 2, 3, 4, 5] [98, 99, 100, 101, 102, 103, 104, 105, 106, 107, 108, 109, 110, 111, 112, 113, 114, 115, 116, 117, 118] 20160529
25.795373866493026 [0, 1, 2, 3, 5, 7, 8] [94, 95, 96, 97, 98, 99, 100, 101, 102, 103, 104, 105, 106, 107, 108, 109, 110, 111, 112, 113, 114, 115, 116] 20160308
25.575524404486476 [4, 5, 6, 7, 8, 9] [79, 80, 81, 82, 83, 84, 85, 86, 87, 88, 89, 90, 91, 92, 93, 94, 95, 96, 97, 98, 99, 100, 101] 20160514
25.565528229553507 [0, 1, 2, 3, 4, 5, 6] [133, 134, 135, 136, 137, 138, 139, 140, 141, 142, 143, 144] 20160412
25.441143557526832 [0, 1, 2, 3, 4, 5, 6] [121, 122, 123, 124, 125, 126, 127, 128, 129, 130, 131, 132, 133, 134] 20160412
25.4197696191058 [0, 1, 2, 3, 4, 5] [86, 87, 88, 89, 90, 91, 92, 93, 94, 95, 96, 97, 98, 99, 100, 101, 102, 103, 104, 105, 106, 107] 20160529
25.20787257487177 [0, 1, 2, 3, 5, 7, 8] [87, 88, 89, 90, 91, 92, 93, 94, 95, 96, 97, 98, 99, 100, 101, 102, 103, 104] 20160308
24.32087172804167 [3, 4, 5, 6, 7, 8, 9] [102, 103, 104, 105, 106, 107, 108, 109, 110, 111, 112, 113, 114, 115, 116, 117, 118, 119, 120, 121, 122, 123, 124] 20160301
23.453968689828773 [0, 1, 2, 3, 5, 7, 9] [234, 235, 236, 237, 238, 239, 240, 241, 242, 243, 244, 245, 246, 247, 248, 249, 250, 251, 252] 20160628
23.449716653768057 [0, 1, 2, 3, 4, 5, 6] [145, 146, 147, 148, 149, 150, 151, 152, 153, 154, 155, 156, 157, 158, 159, 160, 161, 162, 163] 20160302
23.359950091428363 [0, 1, 2, 3, 4, 5, 6] [161, 162, 163, 164, 165, 166, 167, 168, 169, 170, 171, 172, 173, 174, 175, 176, 177, 178] 20160302
23.03490335031171 [0, 1, 2, 3, 4, 5, 6] [283, 284, 285, 286, 287] 20160514
22.920566391555134 [0, 1, 2, 3, 4, 5, 6] [172, 173, 174, 175, 176, 177, 178, 179, 180, 181, 182, 183, 184, 185, 186, 187, 188, 189, 190, 191, 192, 193, 194] 20160302
22.81795265850981 [0, 1, 2, 3, 4] [0, 1, 2] 20160628
22.331111420745426 [0, 1, 2, 3, 4, 5, 6] [99, 100, 101, 102, 103, 104, 105, 106, 107, 108, 109, 110, 111, 112, 113, 114, 115, 116, 117, 118, 119, 120, 121] 20160621
21.984438655462014 [3, 4, 5, 6, 7, 8, 9] [116, 117, 118, 119, 120, 121, 122, 123, 124, 125, 126, 127, 128, 129, 130] 20160922
21.911129113415377 [0, 1] [78, 79, 80, 81, 82, 83] 20160308
21.911129113415377 [0, 1] [82, 83, 84, 85, 86, 87, 88] 20160308
21.852356421600405 [0, 1, 2, 3, 4, 5, 6] [122, 123, 124, 125, 126, 127, 128, 129, 130, 131, 132, 133, 134, 135, 136, 137, 138, 139, 140, 141, 142, 143, 144, 145] 20160621
21.622266753964887 [3, 4, 5, 6, 7, 8, 9] [121, 122, 123, 124, 125, 126, 127, 128, 129, 130, 131, 132, 133, 134, 135] 20160922
20.203451394985255 [5, 6, 7, 8, 9] [196, 197, 198, 199, 200, 201, 202, 203, 204, 205, 206, 207, 208, 209, 210, 211] 20160911
20.138682358350003 [6, 7, 8, 9] [215, 216, 217, 218, 219, 220, 221, 222] 20160911
20.138682358350003 [6, 7, 8, 9] [221, 222, 223, 224] 20160911
20.05897776568126 [0, 1, 2, 3, 4, 5, 6] [77, 78, 79, 80, 81, 82, 83, 84, 85, 86, 87, 88, 89, 90, 91, 92, 93, 94, 95, 96, 97, 98, 99] 20160301
19.378852429688738 [2, 3, 5, 6, 7, 8, 9] [273, 274, 275, 276, 277, 278, 279, 280, 281] 20160419
19.02167168111849 [1, 2, 3, 5, 7, 8, 9] [225, 226, 227, 228, 229, 230, 231, 232, 233, 234, 235, 236, 237] 20160621
18.960688009004866 [1, 2, 3, 5, 7, 8, 9] [232, 233, 234, 235, 236, 237, 238, 239, 240, 241, 242, 243, 244, 245, 246, 247] 20160621
18.886152409754864 [1, 2, 3, 5, 7, 8, 9] [223, 224, 225, 226, 227] 20160621
18.781802570804878 [1, 2, 3, 5, 7, 8, 9] [246, 247, 248, 249, 250] 20160621
18.27868727586742 [1, 2, 3, 5, 7, 8, 9] [216, 217, 218, 219, 220, 221] 20160621
18.110982177554934 [1, 2, 3, 5, 7, 8, 9] [215, 216, 217, 218] 20160621
17.557472314807555 [3, 4, 5, 6, 7, 8, 9] [115, 116, 117, 118, 119, 120, 121, 122, 123, 124, 125, 126, 127, 128, 129, 130, 131, 132, 133, 134, 135, 136, 137, 138] 20160312
17.160362582544597 [3, 4, 5, 6, 7, 8, 9] [110, 111, 112, 113, 114, 115, 116, 117, 118, 119, 120, 121, 122, 123, 124, 125, 126, 127, 128, 129] 20160312
17.099468306337556 [3, 4, 5, 6, 7, 8, 9] [102, 103, 104, 105, 106, 107, 108, 109, 110, 111, 112, 113, 114, 115, 116] 20160312
16.95729415225264 [4, 5, 6, 7, 8, 9] [250, 251, 252, 253, 254, 255, 256, 257, 258, 259, 260, 261, 262, 263, 264, 265, 266, 267, 268, 269, 270, 271] 20160302
16.92955420431086 [4, 5, 6, 7, 8, 9] [259, 260, 261, 262, 263, 264, 265, 266, 267, 268, 269, 270, 271, 272, 273, 274] 20160302
16.88810466027236 [5, 6, 7, 8, 9] [280, 281, 282, 283, 284, 285, 286, 287] 20160302
16.605892379620386 [1, 2, 3, 5, 6, 7, 9] [0, 1, 2, 3, 4, 5, 6, 7, 8, 9, 10, 11, 12, 13, 14, 15] 20160421
16.590788769703234 [3, 4, 5, 6, 7, 8, 9] [240, 241, 242, 243, 244, 245, 246, 247, 248, 249, 250, 251, 252, 253, 254, 255, 256, 257, 258, 259, 260, 261, 262] 20160302
16.563958533565778 [0, 1, 2, 3, 5, 7, 9] [51, 52, 53, 54, 55, 56, 57, 58, 59, 60, 61, 62, 63, 64, 65, 66, 67, 68, 69, 70, 71, 72, 73, 74] 20160301
16.547273353134585 [0, 1, 2, 3, 4, 5, 6] [0, 1, 2] 20160412
15.814389098106183 [3, 4, 5, 6, 7, 8, 9] [82, 83, 84, 85, 86, 87, 88, 89, 90, 91, 92, 93, 94, 95, 96, 97, 98, 99, 100, 101, 102, 103] 20160312
15.775437324381642 [1, 2, 3, 4, 5, 7, 8] [0, 1, 2, 3, 4, 5, 6, 7, 8, 9] 20160514
15.696288410187925 [6, 7, 8, 9] [257, 258, 259, 260] 20160301
15.625624520603674 [0, 1, 2, 3, 5, 7] [20, 21, 22, 23] 20160412
15.58081835635 [6, 7, 8, 9] [259, 260, 261, 262] 20160301
15.460149992135719 [0, 1, 2, 3] [256, 257, 258, 259, 260, 261, 262, 263, 264, 265, 266, 267, 268, 269, 270, 271] 20160621
15.373518895409049 [3, 4, 5, 6, 7, 8, 9] [178, 179, 180, 181, 182, 183, 184, 185, 186, 187, 188, 189, 190, 191, 192, 193, 194] 20160412
14.077005888566713 [0, 1, 2, 3, 5, 7] [19, 20, 21, 22, 23, 24, 25, 26, 27, 28, 29, 30, 31, 32, 33, 34, 35, 36, 37, 38, 39, 40, 41, 42] 20160628
13.995386981187496 [0, 1, 2, 3, 4, 6] [264, 265, 266, 267, 268, 269, 270, 271, 272, 273, 274, 275, 276, 277, 278, 279, 280, 281, 282, 283, 284, 285, 286, 287] 20160412
13.455620789571864 [0, 1, 2, 3, 5, 7, 9] [50, 51, 52, 53, 54, 55, 56, 57, 58, 59, 60, 61, 62] 20160412
12.886639264851217 [3, 4, 5, 6, 7, 8, 9] [256, 257, 258, 259, 260, 261, 262, 263, 264, 265, 266, 267, 268, 269, 270, 271, 272, 273, 274, 275, 276, 277, 278] 20160325
12.822343541440237 [0, 1, 2, 3, 4, 6] [0, 1, 2, 3, 4, 5, 6, 7, 8, 9, 10, 11, 12, 13, 14, 15, 16] 20160922
12.628780085197018 [0, 1, 2, 3, 5, 7, 8] [181, 182, 183, 184, 185, 186, 187, 188, 189, 190, 191, 192, 193] 20160621
12.261751311524808 [5, 6, 7, 8, 9] [0, 1, 2, 3, 4, 5] 20160312
12.063352378175999 [0, 1, 2, 3, 5, 7, 9] [29, 30, 31, 32, 33, 34, 35, 36, 37, 38, 39, 40, 41, 42, 43, 44, 45, 46, 47, 48, 49] 20160922
12.032449465214436 [0, 1, 2, 3, 4, 5, 6] [146, 147, 148, 149, 150, 151, 152, 153, 154, 155] 20160419
11.918424960398777 [0, 1, 2, 3, 4, 5, 6] [284, 285, 286, 287] 20160325
11.794506549790158 [3, 4, 5, 6, 7, 9] [39, 40, 41, 42, 43, 44, 45, 46, 47, 48, 49, 50, 51, 52, 53] 20160922
10.917371734496431 [0, 1, 2, 3, 5, 6] [243, 244, 245, 246, 247, 248, 249, 250, 251, 252, 253, 254, 255, 256, 257, 258, 259, 260, 261, 262, 263, 264, 265, 266] 20160412
10.28329656431409 [2, 3, 4, 5, 7, 8, 9] [47, 48, 49, 50, 51, 52, 53, 54, 55, 56, 57, 58, 59, 60, 61, 62, 63, 64, 65, 66, 67, 68, 69] 20160312
10.136123344111285 [0, 1, 2, 3, 5, 6, 7] [214, 215, 216, 217, 218, 219, 220, 221, 222, 223, 224, 225, 226, 227, 228, 229, 230, 231, 232, 233, 234, 235, 236, 237] 20160412
9.880637550550002 [4, 5, 7, 8] [99, 100, 101, 102, 103, 104, 105, 106, 107, 108, 109, 110, 111, 112] 20160628
9.730666751891693 [0, 1, 2, 3, 5, 7, 8] [120, 121, 122, 123, 124, 125, 126, 127, 128, 129, 130, 131, 132, 133, 134, 135, 136, 137, 138, 139, 140, 141, 142, 143] 20160324
9.641986151018708 [0, 1, 2, 3, 5, 7, 8] [114, 115, 116, 117, 118, 119, 120, 121, 122, 123, 124, 125, 126, 127, 128, 129, 130, 131, 132, 133, 134, 135] 20160324
9.569408677158465 [0, 1, 2, 3, 5, 7, 8] [131, 132, 133, 134, 135, 136, 137, 138, 139, 140, 141, 142, 143, 144, 145, 146, 147, 148, 149, 150, 151, 152, 153, 154] 20160324
9.477138728221869 [0, 1, 2, 3, 5, 7, 8] [140, 141, 142, 143, 144, 145, 146, 147, 148, 149, 150, 151, 152, 153, 154, 155] 20160324
9.176955813441321 [3, 4, 5, 7, 8] [83, 84, 85, 86, 87, 88, 89, 90, 91, 92, 93, 94, 95, 96, 97, 98, 99] 20160628
8.706616819750002 [0, 1, 2, 3, 5, 7, 8] [98, 99, 100, 101, 102, 103, 104, 105, 106, 107, 108, 109, 110, 111, 112] 20160324
8.687944669920851 [0, 1, 2, 3, 4, 5] [24, 25, 26, 27, 28, 29, 30, 31, 32, 33, 34, 35, 36, 37, 38, 39, 40, 41, 42, 43, 44, 45, 46] 20160312
7.80160724787341 [0, 1, 2, 3, 4] [64, 65, 66, 67, 68, 69, 70, 71, 72] 20160324
7.756885888323415 [0, 1, 2, 3, 4] [58, 59, 60, 61, 62, 63, 64, 65, 66] 20160324
6.061258163737917 [0, 1, 2, 3, 5, 7, 9] [4, 5, 6, 7, 8, 9, 10, 11, 12, 13, 14, 15, 16, 17, 18, 19, 20, 21, 22] 20160324
5.089507280017859 [4, 5, 6, 7, 8, 9] [0, 1, 2, 3] 20160324
