168.573573032 [5] [0, 1, 2] 20160813
117.80316933988753 [3, 4, 5, 6, 7, 8, 9] [234, 235, 236, 237, 238, 239, 240, 241, 242] 20160309
116.0562731850006 [1, 2, 3, 5, 7, 8, 9] [219, 220, 221, 222, 223, 224, 225, 226, 227, 228] 20160309
115.0001324575634 [1, 2, 3, 5, 7, 8, 9] [205, 206, 207, 208, 209, 210, 211, 212, 213, 214, 215, 216] 20160309
110.33101133432277 [1, 2, 3, 5, 7, 8, 9] [201, 202, 203, 204, 205] 20160309
109.49304296753715 [1, 2, 3, 5, 7, 8, 9] [241, 242, 243, 244, 245, 246, 247, 248, 249, 250, 251, 252, 253] 20160309
108.25567181741357 [0, 1, 2, 3, 5, 7, 8] [191, 192, 193, 194, 195, 196, 197] 20160309
107.35590830793461 [2, 3, 5, 6, 7, 8, 9] [253, 254, 255, 256, 257, 258, 259, 260, 261, 262] 20160309
104.74051222688655 [0, 1, 2, 3, 5, 7, 8] [182, 183, 184, 185, 186, 187, 188, 189, 190] 20160309
103.03457570426595 [3, 4, 5, 6, 7, 8, 9] [275, 276, 277, 278, 279, 280, 281, 282, 283, 284, 285, 286, 287] 20160309
99.46218252725424 [0, 1, 2, 3, 4, 5, 6] [178, 179, 180, 181, 182, 183, 184, 185, 186] 20160309
97.7141566976204 [3, 4, 5, 6, 7, 8, 9] [114, 115, 116, 117, 118, 119, 120, 121, 122, 123, 124, 125, 126, 127, 128] 20160405
93.29297321763316 [2, 3, 4, 5, 6, 7, 9] [99, 100, 101, 102, 103, 104, 105, 106, 107, 108, 109, 110, 111, 112, 113, 114, 115, 116] 20160405
92.63998364747152 [3, 4, 5, 6, 7, 8, 9] [139, 140, 141] 20160405
81.78329817651885 [0, 1, 2, 3, 4, 5, 6] [207, 208, 209, 210, 211, 212, 213, 214, 215, 216, 217, 218] 20160308
80.33486932243258 [0, 1, 2, 3, 4, 5, 6] [202, 203, 204, 205, 206, 207, 208, 209, 210, 211] 20160308
78.3861860778155 [0, 1, 2, 3, 4, 5, 6] [146, 147, 148, 149, 150, 151, 152, 153, 154, 155, 156, 157, 158, 159, 160, 161, 162, 163] 20160309
78.23239301565896 [1, 2, 3, 5, 6, 7, 8] [242, 243, 244] 20160312
77.82559018358667 [0, 1, 2, 3, 4, 5, 6] [268, 269, 270, 271, 272, 273, 274, 275, 276, 277, 278, 279] 20160308
77.28860119256285 [2, 3, 4, 5, 6, 7] [73, 74, 75, 76, 77, 78, 79, 80, 81, 82, 83, 84, 85] 20160405
77.24350351496571 [3, 4, 5, 6, 7, 8, 9] [217, 218, 219, 220, 221, 222, 223, 224, 225] 20160308
76.27849595267273 [2, 3, 4, 5, 6, 7] [69, 70, 71, 72, 73, 74, 75, 76, 77, 78, 79, 80] 20160405
75.56368860128534 [0, 1, 2, 3, 5] [242, 243, 244, 245, 246, 247, 248, 249] 20160308
74.5580873144219 [0, 1, 2, 3, 4, 5, 6] [195, 196, 197, 198, 199, 200] 20160308
72.6683378337646 [0, 1, 2, 3, 5, 6] [97, 98, 99, 100, 101, 102, 103, 104, 105, 106, 107, 108, 109] 20160309
71.09348912539944 [0, 1, 2, 3, 5, 6] [126, 127, 128, 129, 130, 131, 132, 133, 134, 135, 136, 137] 20160309
71.04994264108329 [0, 1, 2, 3, 5, 6] [112, 113, 114, 115, 116, 117, 118, 119, 120, 121, 122, 123, 124, 125, 126, 127, 128, 129] 20160309
70.87946805191385 [0, 1, 2, 3, 5, 6] [118, 119, 120, 121, 122, 123, 124, 125, 126, 127, 128, 129, 130] 20160309
70.54345412141808 [2, 3, 5, 6, 7, 8, 9] [228, 229, 230, 231, 232, 233] 20160421
70.09506985170205 [0, 1, 2, 3, 5, 7, 8] [208, 209, 210, 211, 212, 213, 214, 215, 216] 20160312
69.49233426541745 [0, 1, 2, 3, 4, 5] [182, 183, 184, 185, 186, 187, 188, 189, 190, 191, 192, 193, 194, 195, 196, 197, 198] 20160308
69.45671966883107 [2, 3, 4, 6, 7, 8, 9] [266, 267, 268, 269, 270, 271, 272, 273, 274, 275, 276, 277] 20160312
69.29350776024528 [2, 3, 4, 6, 7, 8, 9] [44, 45, 46, 47, 48, 49, 50, 51, 52, 53, 54, 55, 56, 57, 58, 59, 60, 61] 20160405
68.22034944082372 [0, 1, 2, 3, 4, 6] [274, 275, 276, 277, 278, 279, 280, 281, 282, 283, 284, 285, 286] 20160308
68.13000761328365 [0, 1, 2, 3, 4, 5, 6] [73, 74, 75, 76, 77, 78, 79, 80, 81, 82, 83, 84, 85, 86, 87, 88] 20160309
67.97279239082003 [0, 1, 2, 3, 4, 5, 6] [79, 80, 81, 82, 83, 84, 85, 86, 87, 88, 89, 90, 91, 92, 93] 20160309
67.83735512132506 [0, 1, 2, 3, 4, 5, 6] [67, 68, 69, 70, 71, 72, 73, 74, 75] 20160309
67.35642113895163 [2, 3, 4, 5, 6, 7, 9] [42, 43, 44, 45, 46, 47, 48, 49, 50, 51, 52, 53, 54, 55] 20160405
66.892443938802 [0, 1, 2, 3, 4, 5, 6] [56, 57, 58, 59, 60, 61, 62, 63, 64, 65, 66, 67, 68, 69] 20160309
66.72236329567146 [2, 3, 5, 6, 7, 8, 9] [236, 237, 238, 239, 240, 241, 242] 20160421
66.56347975976497 [1, 2, 3, 5, 7, 8] [250, 251, 252, 253, 254, 255, 256, 257, 258, 259, 260, 261, 262, 263, 264, 265, 266] 20160324
65.84054698826948 [2, 3, 5, 6, 7, 8, 9] [243, 244, 245, 246] 20160421
65.35448160814842 [1, 2, 3, 5, 7, 8] [262, 263, 264, 265, 266, 267, 268, 269, 270, 271, 272, 273, 274, 275, 276, 277, 278] 20160324
65.31899776742888 [1, 2, 3, 5, 7, 8, 9] [234, 235, 236, 237] 20160922
65.090002657546 [1, 2, 3, 4, 5, 6, 7] [207, 208, 209, 210, 211, 212, 213] 20160421
64.53706851800273 [2, 3, 5, 6, 7, 8, 9] [246, 247, 248, 249, 250, 251, 252, 253, 254, 255, 256, 257, 258, 259, 260, 261] 20160421
64.45511998207483 [0, 1, 2, 3, 5, 7, 8] [195, 196, 197, 198, 199, 200, 201, 202, 203, 204, 205, 206, 207] 20160312
64.05197686179683 [1, 2, 3, 5, 7, 8, 9] [218, 219, 220, 221, 222, 223, 224, 225, 226, 227, 228, 229] 20160922
63.78803007963836 [2, 3, 4, 6, 7, 8, 9] [193, 194, 195, 196, 197, 198, 199, 200, 201, 202, 203, 204, 205, 206, 207] 20160529
63.63857946140346 [1, 2, 3, 4, 5, 6] [275, 276, 277, 278, 279, 280, 281, 282, 283, 284, 285] 20160324
63.51876343147184 [2, 3, 4, 6, 7, 8, 9] [199, 200, 201, 202, 203, 204, 205, 206, 207, 208, 209, 210, 211] 20160529
62.66860107025085 [2, 3, 4, 6, 7, 8, 9] [184, 185, 186, 187, 188, 189, 190, 191, 192, 193, 194, 195, 196, 197, 198, 199, 200, 201] 20160529
62.156459444555836 [3, 4, 5, 6, 7, 8, 9] [177, 178, 179, 180, 181, 182, 183, 184, 185, 186, 187, 188, 189, 190, 191, 192, 193, 194] 20160529
61.654112994176415 [0, 1, 2, 3, 5, 6, 7] [194, 195, 196, 197, 198, 199, 200, 201, 202, 203, 204, 205, 206, 207] 20160421
61.3834851822476 [2, 3, 4, 6, 7, 8, 9] [256, 257, 258, 259, 260, 261, 262, 263, 264, 265, 266, 267, 268] 20160922
60.605632567495626 [0, 1, 2, 3, 4, 5, 6] [13, 14, 15, 16, 17, 18, 19, 20, 21, 22, 23, 24, 25, 26, 27, 28, 29, 30] 20160309
60.20035853610815 [1, 2, 3, 4, 5, 6] [0, 1, 2, 3, 4, 5, 6, 7] 20160325
59.35700258113416 [3, 4, 5, 6, 7, 8, 9] [172, 173, 174, 175, 176, 177, 178, 179, 180, 181, 182, 183, 184] 20160529
58.54405667385819 [0, 1, 2, 3, 5, 6, 7] [261, 262, 263, 264, 265, 266, 267, 268, 269, 270, 271, 272, 273, 274, 275, 276, 277, 278] 20160922
58.14056297046767 [1, 2, 3, 5, 6, 7] [199, 200, 201, 202, 203, 204, 205, 206, 207, 208, 209, 210] 20160421
58.104641591813156 [0, 1, 2, 3, 4, 5, 6] [188, 189, 190, 191, 192, 193, 194, 195, 196, 197, 198] 20160421
57.91264682395396 [2, 3, 5, 6, 7, 8, 9] [227, 228, 229, 230, 231, 232, 233] 20160313
57.106648056209586 [2, 3, 5, 6, 7, 8, 9] [216, 217, 218, 219, 220, 221, 222, 223, 224] 20160313
56.66411192877901 [1, 2, 3, 5, 6, 7, 8] [0, 1, 2, 3, 4, 5, 6, 7, 8, 9, 10] 20160313
55.335951202884736 [5, 6, 7, 8, 9] [230, 231, 232, 233, 234, 235, 236, 237, 238, 239, 240, 241, 242, 243, 244] 20160313
55.17845378925601 [2, 3, 4, 6, 7, 8, 9] [207, 208, 209, 210, 211, 212, 213, 214, 215, 216, 217, 218, 219] 20160313
54.19586152143059 [2, 3, 5, 6, 7, 8, 9] [165, 166, 167, 168, 169, 170, 171] 20160529
53.22947192081891 [2, 3, 5, 6, 7, 8, 9] [255, 256, 257, 258, 259, 260, 261, 262, 263, 264, 265, 266] 20160313
52.76035448700775 [0, 1, 2, 3, 5, 7, 8] [25, 26, 27, 28, 29, 30, 31, 32, 33, 34, 35, 36, 37, 38] 20160313
51.81341736442385 [2, 3, 5, 6, 7, 8, 9] [262, 263, 264, 265, 266, 267, 268] 20160313
51.320943158661564 [0, 1, 2, 3, 4, 5] [59, 60, 61, 62, 63, 64, 65, 66, 67, 68, 69, 70, 71, 72, 73, 74, 75, 76] 20160325
51.157847911956786 [1, 2, 3, 4, 5, 7, 8] [47, 48, 49, 50, 51] 20160325
51.14468232836591 [2, 3, 4, 6, 7, 8, 9] [195, 196, 197, 198, 199, 200, 201, 202, 203, 204, 205, 206, 207] 20160313
51.04353839062692 [1, 2, 3, 4, 5, 7, 8] [50, 51, 52, 53, 54, 55, 56, 57] 20160325
51.003885379592205 [1, 2, 3, 4, 5, 6] [29, 30, 31, 32, 33, 34, 35, 36, 37, 38, 39, 40, 41, 42, 43, 44, 45] 20160325
50.256048201546406 [1, 2, 3, 4, 5, 6, 7] [15, 16, 17, 18, 19, 20, 21] 20160911
49.896861059875675 [0, 1, 2, 3, 5, 6] [0, 1, 2, 3, 4, 5, 6, 7, 8] 20160911
49.86731751641346 [0, 1, 2, 3, 4, 5, 6] [223, 224, 225, 226, 227, 228, 229, 230, 231, 232, 233, 234, 235, 236, 237, 238, 239, 240] 20160529
49.50205252785323 [3, 4, 5, 6, 7, 8, 9] [21, 22, 23, 24, 25, 26, 27, 28, 29, 30, 31, 32, 33, 34, 35] 20160911
49.4812704437148 [1, 2, 3, 4, 5, 6, 7] [0, 1, 2, 3, 4, 5, 6] 20160529
49.18326047624688 [0, 1, 2, 3, 5, 6] [189, 190, 191, 192, 193, 194] 20160922
48.89971527803239 [2, 3, 4, 5, 6, 7, 8] [40, 41, 42, 43, 44, 45, 46, 47, 48, 49, 50, 51, 52, 53, 54] 20160911
48.84136980984692 [2, 3, 5, 6, 7, 8, 9] [191, 192, 193, 194, 195, 196, 197, 198, 199, 200, 201, 202] 20160313
48.76685994629769 [1, 2, 3, 5, 6, 7, 8] [40, 41, 42, 43, 44, 45, 46, 47] 20160313
46.2810496410424 [3, 4, 5, 6, 7, 8, 9] [47, 48, 49, 50, 51, 52, 53, 54, 55, 56, 57, 58, 59, 60, 61, 62, 63, 64] 20160911
44.61980708496121 [0, 1, 2, 3, 4] [9, 10, 11, 12, 13, 14, 15, 16, 17, 18, 19] 20160405
43.65619871189784 [0, 1, 2, 3, 5, 7, 8] [1, 2, 3, 4, 5, 6, 7] 20160308
43.63915045762263 [2, 3, 4, 5, 6, 7, 9] [189, 190, 191, 192, 193, 194] 20160405
43.20894991754533 [0, 1, 2, 3, 5, 6, 7] [178, 179, 180, 181, 182, 183, 184, 185, 186, 187, 188, 189, 190, 191, 192, 193] 20160313
42.705493978331205 [0, 1, 2, 3, 4, 5, 6] [0, 1, 2, 3, 4, 5, 6, 7, 8, 9, 10, 11, 12, 13, 14] 20160328
42.0001733704469 [3, 4, 5, 6, 7, 8, 9] [171, 172, 173, 174, 175, 176, 177, 178, 179, 180, 181, 182, 183] 20160313
41.210073587728154 [3, 4, 5, 6, 7, 8, 9] [98, 99, 100, 101, 102, 103] 20160421
41.14778705009672 [0, 1, 2, 3, 4, 5, 6] [97, 98, 99, 100, 101, 102, 103, 104, 105, 106, 107, 108, 109, 110, 111] 20160325
41.01602157133572 [5, 6, 7, 8, 9] [97, 98, 99, 100, 101, 102, 103, 104, 105, 106, 107, 108, 109, 110, 111, 112] 20160302
40.98329490392261 [3, 4, 5, 6, 7, 8, 9] [97, 98, 99] 20160421
40.30873874352852 [3, 4, 5, 6, 7, 8] [2, 3, 4] 20160419
40.200513589617344 [0, 1, 2, 3, 4, 5, 6] [111, 112, 113, 114, 115, 116, 117, 118, 119, 120, 121, 122, 123, 124, 125, 126, 127, 128] 20160325
40.08649547788355 [0, 1, 2, 3, 5, 6] [241, 242, 243, 244, 245, 246, 247, 248, 249, 250, 251, 252, 253] 20160529
39.998555418013915 [2, 3, 5, 6, 7, 8, 9] [119, 120, 121] 20160421
39.98263136270917 [0, 1, 2, 3, 4, 5, 6] [3, 4, 5, 6, 7, 8] 20160621
39.684223336388314 [2, 3, 5, 6, 7, 8, 9] [77, 78, 79, 80, 81, 82] 20160911
39.64036142717922 [0, 1, 2, 3, 5, 7, 8] [7, 8, 9, 10, 11, 12] 20160308
39.54702990648755 [3, 4, 5, 6, 7, 8, 9] [121, 122, 123, 124, 125, 126, 127, 128] 20160421
39.43622053372716 [1, 2, 3, 5, 7, 8] [9, 10, 11, 12, 13, 14, 15, 16, 17, 18, 19, 20, 21, 22] 20160301
39.14947822810272 [0, 1, 2, 3, 4, 5, 6] [46, 47, 48, 49, 50, 51, 52, 53, 54, 55, 56, 57, 58, 59, 60] 20160328
39.11047517158171 [0, 1, 2, 3, 4, 5, 7] [268, 269, 270, 271, 272, 273, 274, 275, 276, 277, 278, 279, 280, 281, 282, 283, 284] 20160405
39.10483067946526 [4, 5, 6, 7, 8, 9] [59, 60, 61, 62, 63, 64, 65, 66, 67, 68, 69, 70, 71, 72, 73] 20160313
39.07246623612053 [0, 1, 2, 3, 4, 5, 6] [54, 55, 56, 57, 58, 59, 60, 61, 62, 63, 64, 65, 66, 67, 68, 69, 70, 71] 20160328
39.06841661676687 [0, 1, 2, 3, 4, 5, 6] [37, 38, 39, 40, 41, 42, 43, 44, 45, 46, 47, 48, 49, 50, 51, 52, 53] 20160328
38.78379127397193 [0, 1, 2, 3, 4, 5, 6] [2, 3, 4, 5, 6] 20160301
38.32733981079186 [4, 5, 6, 7, 8, 9] [70, 71, 72, 73, 74, 75, 76, 77] 20160911
38.291139150465206 [3, 4, 5, 6, 7, 8, 9] [76, 77, 78, 79, 80, 81, 82, 83, 84, 85, 86, 87, 88] 20160302
38.19615104235195 [3, 4, 5, 6, 7, 8] [3, 4, 5, 6, 7, 8, 9, 10, 11, 12, 13, 14, 15, 16, 17, 18, 19] 20160419
37.99256774180846 [0, 1, 2, 3, 4, 5, 6] [77, 78, 79, 80, 81, 82, 83, 84, 85, 86] 20160328
37.81857548015048 [0, 1, 2, 3, 5, 6] [11, 12, 13, 14, 15, 16, 17, 18, 19, 20, 21, 22, 23, 24, 25, 26, 27, 28] 20160419
37.452567539757574 [5, 6, 7, 8, 9] [67, 68, 69, 70, 71, 72, 73, 74, 75, 76, 77] 20160313
37.440581304069205 [0, 1, 2, 3, 5, 6] [18, 19, 20, 21, 22, 23, 24, 25, 26, 27, 28, 29, 30, 31, 32, 33] 20160419
37.36789657619728 [2, 3, 5, 6, 7, 8, 9] [167, 168, 169, 170, 171, 172, 173, 174, 175, 176, 177, 178, 179, 180, 181, 182, 183, 184] 20160325
36.952721491445054 [1, 2, 3, 4, 5, 6] [126, 127, 128, 129, 130, 131, 132, 133, 134, 135, 136, 137, 138] 20160325
36.787045788002224 [2, 3, 4, 5, 6, 7, 8] [224, 225, 226, 227, 228, 229, 230, 231, 232, 233, 234, 235, 236, 237, 238, 239, 240, 241] 20160328
36.78497471713104 [1, 2, 3, 5, 6, 7, 8] [35, 36, 37, 38, 39, 40, 41, 42, 43, 44, 45, 46, 47] 20160419
36.24231601130187 [1, 2, 3, 5, 7, 8] [219, 220, 221, 222, 223, 224] 20160328
36.09874265071663 [0, 1, 2, 3, 4, 6] [216, 217, 218, 219, 220, 221, 222, 223, 224, 225, 226, 227, 228, 229, 230, 231, 232] 20160405
36.05280501688487 [0, 1, 2, 3, 5] [0, 1, 2] 20160621
36.049213603459336 [0, 1, 2, 3, 4, 5, 6] [228, 229, 230, 231, 232, 233, 234, 235, 236, 237, 238, 239, 240, 241, 242, 243, 244] 20160405
35.903900241881836 [2, 3, 4, 5, 7, 9] [71, 72, 73, 74, 75, 76, 77, 78, 79, 80] 20160421
35.45898485172317 [0, 1, 2, 3, 4, 5] [26, 27, 28, 29, 30, 31, 32] 20160328
35.34215390543739 [0, 1, 2, 3, 4, 5] [13, 14, 15, 16, 17, 18, 19, 20] 20160621
35.251344197171875 [6, 7, 8, 9] [109, 110, 111, 112, 113, 114, 115, 116, 117, 118, 119, 120, 121, 122, 123, 124, 125, 126] 20160302
35.17635582797003 [1, 2, 3, 4, 6, 7, 8] [40, 41, 42, 43, 44, 45, 46, 47, 48, 49, 50, 51, 52] 20160419
34.89858882661457 [2, 3, 4, 5, 7, 9] [64, 65, 66, 67, 68, 69, 70, 71, 72, 73, 74] 20160421
34.811419277059755 [3, 4, 5, 6, 7, 8, 9] [261, 262, 263, 264, 265, 266, 267, 268, 269, 270, 271, 272, 273, 274, 275] 20160405
34.78931883305526 [0, 1, 2, 3, 4, 5, 6] [105, 106, 107, 108, 109, 110, 111, 112, 113, 114, 115, 116, 117, 118, 119] 20160328
34.54680482324765 [0, 1, 2, 3, 4, 5, 6] [243, 244, 245, 246, 247, 248, 249, 250, 251, 252, 253, 254, 255, 256, 257, 258, 259] 20160405
34.24758294878202 [0, 1, 2, 3, 4, 5, 6] [253, 254, 255, 256, 257, 258, 259, 260, 261, 262, 263, 264, 265, 266] 20160405
33.50050489277639 [0, 1, 2, 3, 5, 6, 7] [52, 53, 54, 55, 56, 57, 58, 59, 60, 61, 62] 20160419
32.62379684839158 [0, 1] [23, 24, 25, 26, 27] 20160308
32.61972032355276 [1, 2, 3, 5, 6, 7, 8] [65, 66, 67, 68, 69, 70, 71] 20160419
32.521719036263136 [5, 6, 7, 8, 9] [23, 24, 25, 26, 27, 28, 29, 30, 31, 32, 33, 34, 35, 36, 37, 38, 39, 40] 20160301
31.995171249964084 [1, 2, 3, 5, 6, 7, 8] [37, 38, 39, 40, 41, 42, 43, 44, 45] 20160621
31.987914879924144 [0, 1, 2, 3, 4, 5, 6] [188, 189, 190, 191, 192, 193, 194, 195, 196, 197, 198, 199, 200, 201] 20160328
31.424880133252344 [1, 2, 3, 5, 6, 7, 8] [69, 70, 71, 72, 73, 74, 75, 76, 77, 78, 79, 80, 81, 82, 83, 84, 85, 86] 20160419
31.132945788094762 [3, 4, 5, 6, 7, 8, 9] [151, 152, 153, 154, 155, 156, 157, 158, 159, 160, 161, 162, 163, 164] 20160325
30.681327395394394 [0, 1, 2, 3, 5, 7, 8] [215, 216, 217, 218, 219, 220, 221] 20160628
30.556599119301346 [0, 1, 2, 3, 5, 7, 8] [212, 213, 214, 215, 216, 217] 20160628
30.13377082607037 [0, 1] [35, 36, 37, 38, 39, 40, 41, 42, 43, 44] 20160308
29.766023429923717 [0, 1, 2, 3, 5, 7, 8] [202, 203, 204, 205, 206, 207, 208, 209, 210, 211, 212] 20160628
28.8554698455694 [3, 4, 5, 6, 7, 8, 9] [215, 216, 217] 20160514
28.78411228833775 [3, 4, 5, 6, 7, 8, 9] [118, 119, 120] 20160514
28.151737433143158 [1, 2, 3, 5, 6, 7, 8] [185, 186, 187, 188, 189, 190, 191, 192, 193, 194, 195, 196, 197, 198, 199] 20160628
28.083726311166036 [0, 1, 2, 3, 4] [155, 156, 157, 158, 159, 160, 161, 162, 163, 164, 165, 166, 167, 168, 169, 170, 171, 172] 20160328
27.778898676485266 [0, 1, 2, 3, 4] [48, 49, 50, 51] 20160529
27.722551985124714 [3, 4, 5, 6, 7, 8, 9] [139, 140, 141, 142, 143, 144, 145] 20160301
27.716270895529732 [0, 1, 2, 3, 4, 6] [66, 67, 68, 69, 70, 71, 72, 73, 74, 75, 76, 77] 20160529
27.603777499120508 [3, 4, 5, 6, 7, 8, 9] [192, 193, 194, 195, 196, 197, 198, 199, 200, 201, 202, 203, 204, 205, 206, 207, 208] 20160514
27.34162843055498 [4, 5, 6, 7, 8, 9] [220, 221, 222, 223, 224, 225, 226, 227, 228, 229, 230, 231, 232, 233, 234, 235, 236, 237] 20160419
27.321293180374784 [4, 5, 6, 7, 8, 9] [252, 253, 254, 255, 256, 257, 258, 259, 260, 261, 262, 263, 264, 265, 266, 267] 20160328
27.21480626461263 [1, 2, 3, 5, 7, 8] [199, 200, 201] 20160628
26.923987131885195 [3, 4, 5, 6, 7, 8, 9] [96, 97, 98, 99, 100, 101, 102, 103, 104, 105, 106, 107, 108, 109, 110, 111, 112] 20160514
26.895750850537667 [5, 6, 7, 8, 9] [237, 238, 239, 240, 241, 242, 243, 244, 245, 246] 20160419
26.551637796733335 [0, 1, 2, 3, 5, 7, 8] [122, 123, 124, 125, 126, 127, 128, 129, 130, 131, 132, 133, 134, 135, 136] 20160308
26.541278812068676 [0, 1, 2, 3, 5, 7, 9] [272, 273, 274, 275, 276, 277, 278, 279, 280, 281, 282, 283, 284, 285, 286, 287] 20160529
26.377164358398872 [0, 1, 2, 3, 4, 5, 6] [157, 158, 159, 160, 161, 162, 163, 164, 165, 166, 167, 168, 169, 170, 171, 172, 173, 174] 20160312
25.95294405651102 [2, 3, 5, 6, 7, 8, 9] [232, 233, 234, 235, 236, 237, 238, 239, 240] 20160514
25.725248907844446 [0, 1, 2, 3, 5, 7, 8] [114, 115, 116, 117, 118, 119, 120, 121, 122, 123, 124] 20160308
25.694883605957283 [0, 1, 2, 3, 4, 5] [103, 104, 105, 106, 107, 108, 109, 110, 111, 112, 113, 114, 115, 116, 117, 118, 119, 120] 20160529
25.6061852733068 [0, 1, 2, 3, 5, 6, 7] [129, 130, 131, 132, 133, 134, 135, 136, 137, 138, 139, 140, 141, 142, 143, 144] 20160412
25.441143557526832 [0, 1, 2, 3, 4, 5, 6] [121, 122, 123, 124, 125, 126, 127, 128, 129, 130, 131, 132, 133, 134] 20160412
25.440787514483567 [4, 5, 6, 7, 8, 9] [79, 80, 81, 82, 83, 84, 85, 86, 87, 88, 89, 90, 91, 92, 93] 20160514
25.3031821466489 [4, 5, 6, 7, 8, 9] [89, 90, 91, 92, 93, 94, 95, 96, 97, 98, 99, 100, 101] 20160514
25.20787257487177 [0, 1, 2, 3, 5, 7, 8] [87, 88, 89, 90, 91, 92, 93, 94, 95, 96, 97, 98, 99, 100, 101, 102, 103, 104] 20160308
25.08115034262661 [0, 1, 2, 3, 4, 5] [98, 99, 100, 101, 102, 103, 104, 105, 106] 20160529
24.987129524216744 [0, 1, 2, 3, 4, 5] [88, 89, 90, 91, 92, 93, 94, 95, 96, 97, 98, 99, 100] 20160529
24.12207137215451 [1, 2, 3, 5, 7, 8, 9] [235, 236, 237, 238, 239, 240, 241, 242, 243] 20160628
23.790985028775182 [0, 1, 2, 3, 4, 5, 6] [109, 110, 111, 112, 113, 114, 115, 116, 117, 118, 119, 120, 121, 122, 123] 20160412
23.359950091428363 [0, 1, 2, 3, 4, 5, 6] [161, 162, 163, 164, 165, 166, 167, 168, 169, 170, 171, 172, 173, 174, 175, 176, 177, 178] 20160302
23.24183619361298 [0, 1, 2, 3, 4, 5, 6] [145, 146, 147, 148, 149, 150, 151, 152, 153, 154, 155, 156, 157, 158, 159, 160, 161, 162] 20160302
23.03490335031171 [0, 1, 2, 3, 4, 5, 6] [283, 284, 285, 286, 287] 20160514
22.81795265850981 [0, 1, 2, 3, 4] [0, 1, 2] 20160628
22.570516313772313 [0, 1, 2, 3, 5, 7, 9] [134, 135, 136, 137, 138, 139, 140, 141, 142, 143, 144, 145, 146] 20160302
21.984438655462014 [3, 4, 5, 6, 7, 8, 9] [116, 117, 118, 119, 120, 121, 122, 123, 124, 125, 126, 127, 128, 129, 130] 20160922
21.97420319870603 [5, 6, 7, 8, 9] [60, 61, 62, 63, 64, 65, 66, 67, 68, 69, 70, 71, 72, 73] 20160308
21.911129113415377 [0, 1] [78, 79, 80, 81, 82, 83] 20160308
21.911129113415377 [0, 1] [82, 83, 84, 85, 86, 87, 88] 20160308
21.662915719666678 [0, 1, 2, 3, 4, 5] [108, 109, 110, 111, 112, 113, 114, 115, 116, 117, 118, 119, 120, 121] 20160621
21.622266753964887 [3, 4, 5, 6, 7, 8, 9] [121, 122, 123, 124, 125, 126, 127, 128, 129, 130, 131, 132, 133, 134, 135] 20160922
21.436595501290256 [0, 1, 2, 3, 4, 5, 6] [123, 124, 125, 126, 127, 128, 129, 130, 131, 132, 133, 134, 135, 136, 137, 138, 139] 20160621
20.203451394985255 [5, 6, 7, 8, 9] [196, 197, 198, 199, 200, 201, 202, 203, 204, 205, 206, 207, 208, 209, 210, 211] 20160911
20.138682358350003 [6, 7, 8, 9] [221, 222, 223, 224] 20160911
19.99701569168333 [6, 7, 8, 9] [214, 215, 216, 217, 218, 219, 220, 221, 222] 20160911
19.497344323604796 [1, 2, 3, 5, 7, 8, 9] [242, 243, 244, 245] 20160621
19.32429916863027 [0, 1, 2, 3, 5, 7, 9] [273, 274, 275, 276, 277, 278, 279, 280] 20160419
19.16396691605029 [1, 2, 3, 5, 7, 8, 9] [224, 225, 226, 227, 228, 229, 230, 231, 232, 233, 234, 235, 236] 20160621
19.0074612189761 [0, 1, 2, 3, 4, 5, 6] [77, 78, 79, 80, 81, 82, 83, 84, 85, 86, 87, 88, 89, 90, 91, 92, 93, 94] 20160301
18.992631837254855 [1, 2, 3, 5, 7, 8, 9] [223, 224, 225, 226, 227, 228, 229, 230, 231] 20160621
18.55664100573004 [1, 2, 3, 5, 6, 7, 8] [162, 163, 164, 165, 166, 167, 168, 169, 170, 171, 172, 173, 174] 20160628
18.240131372215334 [0, 1, 2, 3, 5, 7, 9] [252, 253, 254, 255, 256, 257, 258, 259, 260, 261, 262, 263, 264, 265, 266] 20160628
17.175061200939396 [3, 4, 5, 6, 7, 8, 9] [126, 127, 128, 129, 130, 131, 132, 133, 134, 135, 136, 137, 138, 139] 20160312
17.099468306337556 [3, 4, 5, 6, 7, 8, 9] [102, 103, 104, 105, 106, 107, 108, 109, 110, 111, 112, 113, 114, 115, 116] 20160312
17.039905971018317 [0, 1, 2] [233, 234, 235, 236, 237, 238] 20160621
17.02387541173571 [3, 4, 5, 6, 7, 8, 9] [114, 115, 116, 117, 118, 119, 120, 121, 122, 123, 124, 125, 126, 127, 128] 20160312
16.97052857485559 [4, 5, 6, 7, 8, 9] [259, 260, 261, 262, 263, 264, 265, 266, 267, 268, 269, 270, 271, 272, 273, 274, 275] 20160302
16.903632492555616 [0, 1, 2, 3, 5, 7, 9] [253, 254, 255, 256, 257, 258, 259, 260, 261] 20160911
16.854563640609868 [5, 6, 7, 8, 9] [278, 279, 280, 281, 282, 283, 284, 285, 286, 287] 20160302
16.634973037629866 [3, 4, 5, 6, 7, 8, 9] [245, 246, 247, 248, 249, 250, 251, 252, 253, 254, 255, 256, 257, 258, 259] 20160302
16.605892379620386 [1, 2, 3, 5, 6, 7, 9] [0, 1, 2, 3, 4, 5, 6, 7, 8, 9, 10, 11, 12, 13, 14, 15] 20160421
16.547273353134585 [0, 1, 2, 3, 4, 5, 6] [0, 1, 2] 20160412
16.2342406194 [1, 2, 3, 5, 7, 8, 9] [247, 248, 249, 250, 251, 252, 253, 254, 255, 256, 257] 20160911
16.058410513395952 [0, 1, 2] [217, 218, 219, 220, 221, 222, 223] 20160621
16.042620988720333 [0, 1, 2, 3, 5, 7] [12, 13, 14, 15, 16, 17, 18, 19, 20, 21] 20160412
15.798640578397466 [3, 4, 5, 6, 7, 8, 9] [90, 91, 92, 93, 94, 95, 96, 97, 98, 99, 100, 101, 102, 103] 20160312
15.791752548524652 [0, 1, 2, 3, 5, 7, 9] [59, 60, 61, 62, 63, 64, 65, 66, 67, 68, 69] 20160301
15.775437324381642 [1, 2, 3, 4, 5, 7, 8] [0, 1, 2, 3, 4, 5, 6, 7, 8, 9] 20160514
15.696288410187925 [6, 7, 8, 9] [257, 258, 259, 260] 20160301
15.611773368759103 [0, 1, 2, 3] [259, 260, 261, 262, 263, 264, 265, 266, 267, 268, 269, 270, 271] 20160621
15.60521210608048 [0, 1, 2, 3, 5, 7] [20, 21, 22] 20160412
15.58081835635 [6, 7, 8, 9] [259, 260, 261, 262] 20160301
15.028164084508372 [3, 4, 5, 6, 7, 8, 9] [180, 181, 182, 183, 184, 185, 186, 187, 188, 189, 190, 191, 192] 20160412
14.812783244631728 [3, 4, 5, 6, 7, 8, 9] [83, 84, 85, 86, 87, 88, 89, 90, 91, 92, 93] 20160312
13.995386981187496 [0, 1, 2, 3, 4, 6] [285, 286, 287] 20160412
13.99359031113635 [0, 1, 2, 3, 4, 5, 6] [30, 31, 32, 33, 34, 35, 36, 37, 38, 39, 40, 41, 42, 43, 44, 45, 46, 47] 20160412
13.768515836314453 [3, 4, 5, 7, 8, 9] [241, 242, 243, 244, 245, 246, 247, 248, 249, 250, 251, 252, 253, 254, 255, 256, 257, 258] 20160325
13.642319271842872 [0, 1, 2, 3, 5, 7, 9] [56, 57, 58, 59, 60, 61, 62, 63, 64] 20160412
13.337628305381141 [2, 3, 5, 6, 7, 8, 9] [165, 166, 167, 168, 169, 170, 171, 172, 173, 174, 175, 176, 177, 178, 179, 180] 20160911
13.135652024724466 [0, 1, 2, 3, 4, 6] [0, 1, 2, 3, 4, 5, 6, 7, 8, 9, 10, 11, 12, 13, 14] 20160922
13.081210282586797 [0, 1, 2, 3, 5, 7] [25, 26, 27, 28, 29, 30, 31, 32, 33, 34, 35, 36, 37, 38, 39, 40, 41, 42] 20160628
13.020864277850002 [0, 1, 2, 3] [273, 274, 275, 276, 277, 278] 20160621
12.708841237254925 [3, 4, 5, 7, 8, 9] [251, 252, 253, 254, 255, 256, 257, 258, 259, 260, 261, 262, 263, 264] 20160325
12.598627381283002 [0, 1, 2, 3, 5, 7, 8] [40, 41, 42, 43, 44] 20160628
12.567617453021905 [1, 2, 3, 4, 5, 6] [285, 286, 287] 20160911
12.388461830249796 [5, 6, 7, 8, 9] [0, 1, 2] 20160312
12.247898736744425 [0, 1, 2] [188, 189, 190, 191, 192, 193, 194, 195, 196, 197, 198, 199] 20160621
12.032449465214436 [0, 1, 2, 3, 4, 5, 6] [146, 147, 148, 149, 150, 151, 152, 153, 154, 155] 20160419
12.018263323548785 [0, 1, 2, 3, 5, 7, 8] [181, 182, 183, 184, 185, 186, 187, 188, 189, 190, 191, 192] 20160621
11.954857207064725 [3, 4, 5, 6, 7, 9] [262, 263, 264, 265, 266, 267, 268, 269, 270, 271, 272, 273, 274, 275, 276, 277, 278, 279] 20160325
11.890077624923087 [0, 1, 2, 3, 4, 5, 6] [275, 276, 277, 278, 279, 280, 281, 282, 283, 284, 285, 286, 287] 20160325
11.847216903800055 [0, 1, 2, 3, 5, 7, 9] [32, 33, 34, 35, 36, 37, 38, 39, 40, 41, 42, 43, 44, 45, 46, 47, 48, 49] 20160922
11.794506549790158 [3, 4, 5, 6, 7, 9] [39, 40, 41, 42, 43, 44, 45, 46, 47, 48, 49, 50, 51, 52, 53] 20160922
11.603555419743838 [0, 1, 2, 3, 5, 7, 9] [29, 30, 31, 32, 33, 34, 35, 36, 37, 38, 39, 40, 41, 42, 43] 20160922
11.126096337699728 [0, 1, 2, 3, 5, 6, 7] [203, 204, 205, 206, 207, 208, 209, 210, 211, 212] 20160412
10.816767032720305 [0, 1, 2, 3, 5, 7, 8] [260, 261, 262, 263, 264, 265, 266, 267] 20160412
10.73336529443636 [4, 5, 6, 7, 8] [144, 145, 146, 147, 148, 149, 150, 151, 152, 153, 154, 155, 156] 20160628
10.597266932399997 [0, 1, 2, 3, 5, 7, 9] [13, 14, 15, 16, 17, 18, 19, 20, 21, 22, 23, 24, 25, 26] 20160312
10.465431230849997 [1, 2, 3, 5, 7] [65, 66, 67, 68, 69, 70, 71, 72, 73, 74, 75, 76] 20160628
10.225463438787084 [0, 1, 2, 3, 4, 5, 7] [114, 115, 116, 117, 118] 20160628
10.218191435967062 [0, 1, 2, 3, 5, 7] [59, 60, 61, 62, 63, 64, 65, 66, 67] 20160628
9.880637550550002 [4, 5, 7, 8] [99, 100, 101, 102, 103, 104, 105, 106, 107, 108, 109, 110, 111, 112] 20160628
9.702047825396274 [0, 1, 2, 3, 4, 5, 7] [50, 51, 52, 53, 54, 55, 56, 57, 58, 59, 60, 61, 62, 63, 64, 65] 20160312
9.663164924969987 [2, 3, 4, 5, 7, 8, 9] [155, 156, 157, 158, 159, 160, 161, 162, 163, 164, 165, 166, 167] 20160911
9.59317935301924 [0, 1, 2, 3, 4, 5, 7] [70, 71, 72, 73, 74, 75, 76, 77, 78, 79, 80, 81, 82, 83, 84, 85, 86] 20160628
9.553078745539914 [0, 1, 2, 3, 5, 7, 8] [115, 116, 117, 118, 119, 120, 121, 122, 123, 124, 125, 126, 127, 128, 129, 130, 131, 132] 20160324
9.477138728221869 [0, 1, 2, 3, 5, 7, 8] [140, 141, 142, 143, 144, 145, 146, 147, 148, 149, 150, 151, 152, 153, 154, 155] 20160324
9.476872397986659 [0, 1, 2, 3, 5, 7, 8] [127, 128, 129, 130, 131, 132, 133, 134, 135, 136, 137, 138, 139, 140, 141, 142, 143, 144] 20160324
9.386489796391526 [1, 2, 3, 4, 5, 7, 8] [25, 26, 27, 28, 29, 30, 31, 32, 33, 34, 35, 36] 20160514
9.130637550549995 [4, 5, 7, 8] [81, 82, 83, 84, 85, 86, 87, 88, 89, 90, 91, 92, 93, 94, 95] 20160628
8.9414555043 [0, 1, 2, 3, 5, 7, 8] [97, 98, 99, 100, 101, 102, 103, 104, 105, 106, 107, 108, 109, 110, 111, 112] 20160324
8.929484773366577 [0, 1, 2, 3, 5, 6, 7] [235, 236, 237, 238, 239, 240, 241, 242] 20160412
8.8546392534482 [0, 1, 2, 3, 5, 6, 7] [234, 235, 236, 237, 238] 20160412
8.803465373934905 [2, 3, 4, 5, 6, 7, 9] [37, 38, 39, 40, 41, 42, 43, 44, 45, 46, 47, 48, 49, 50, 51, 52, 53, 54] 20160312
8.711616819749999 [0, 1, 2, 3, 5, 7, 8] [106, 107, 108, 109, 110, 111, 112, 113, 114, 115, 116, 117, 118, 119, 120, 121, 122, 123] 20160324
8.634878440423055 [0, 1, 2, 3, 5, 6, 7] [215, 216, 217, 218, 219, 220, 221, 222, 223, 224, 225, 226, 227, 228] 20160412
8.281824965642386 [2, 3, 4, 5, 7, 9] [26, 27, 28, 29, 30, 31, 32, 33, 34, 35, 36, 37, 38, 39, 40, 41, 42] 20160312
8.2122651083 [5, 7, 8, 9] [156, 157, 158, 159, 160, 161, 162, 163, 164, 165, 166, 167, 168, 169, 170, 171, 172, 173] 20160324
8.057491153749996 [0, 1, 2, 3, 4, 5, 7] [131, 132, 133, 134] 20160628
7.80160724787341 [0, 1, 2, 3, 4] [64, 65, 66, 67, 68, 69, 70, 71, 72] 20160324
7.756885888323415 [0, 1, 2, 3, 4] [58, 59, 60, 61, 62, 63, 64, 65, 66] 20160324
6.863206649846375 [1, 2, 3, 5, 6, 7, 9] [279, 280, 281, 282, 283, 284, 285, 286] 20160628
6.01873475360445 [0, 1, 2, 3, 5, 7, 9] [10, 11, 12, 13, 14, 15, 16, 17, 18, 19, 20, 21, 22, 23, 24, 25] 20160324
