17.400000000000002 [9] [118, 119, 120] 20160315
15.721340768380907 [0, 1] [47, 48, 49, 50, 51, 52, 53, 54, 55, 56, 57, 58, 59, 60, 61, 62, 63, 64] 20160315
15.658333333333333 [0] [58, 59, 60, 61, 62, 63, 64, 65] 20160315
15.616666666666669 [9] [108, 109, 110, 111, 112, 113, 114, 115, 116, 117, 118] 20160315
13.916666666666668 [9] [162, 163, 164, 165, 166, 167, 168, 169, 170, 171, 172, 173, 174, 175] 20160315
13.001785640103119 [7, 9] [135, 136, 137, 138, 139, 140, 141, 142, 143, 144, 145, 146, 147, 148, 149, 150, 151, 152] 20160315
12.879166666666666 [2, 3, 4, 6] [85, 86, 87, 88, 89, 90, 91, 92, 93, 94, 95, 96, 97, 98] 20160315
12.451813699180255 [6, 7, 9] [208, 209, 210, 211, 212, 213, 214, 215, 216, 217, 218, 219, 220, 221, 222, 223, 224, 225] 20160315
10.846666666666664 [2, 3, 4, 6] [9, 10, 11, 12, 13, 14, 15, 16, 17, 18, 19, 20, 21, 22, 23] 20160315
10.385833333333332 [2, 3, 4, 6] [79, 80, 81, 82, 83, 84, 85] 20160315
9.97777777777778 [5, 6, 7, 8] [246, 247, 248, 249, 250, 251, 252, 253, 254, 255, 256, 257] 20160315
9.965953877396311 [4, 5, 7, 9] [145, 146, 147, 148, 149, 150, 151, 152, 153, 154, 155, 156, 157, 158, 159, 160, 161] 20160315
9.700000000000001 [6] [35, 36, 37] 20160315
9.507986111111112 [0, 1, 2, 3] [193, 194, 195, 196, 197, 198, 199, 200, 201, 202, 203, 204, 205, 206, 207, 208, 209, 210] 20160315
8.9375 [5, 6, 7, 9] [156, 157, 158, 159, 160, 161, 162] 20160315
8.254166666666666 [2, 3, 5, 6] [19, 20, 21, 22, 23, 24, 25, 26, 27, 28, 29, 30, 31, 32, 33, 34] 20160315
8.11994287062552 [8, 9] [30, 31, 32, 33, 34, 35] 20160315
7.147619047619047 [6, 7, 8, 9] [266, 267, 268, 269, 270, 271, 272, 273, 274, 275, 276, 277, 278, 279, 280] 20160315
