15.325 [2, 3, 4, 6] [58, 59, 60, 61, 62, 63, 64, 65, 66, 67, 68, 69, 70, 71, 72, 73, 74, 75, 76, 77, 78, 79, 80, 81] 20160419
9.548767507002797 [3, 5, 7, 8] [5, 6, 7, 8, 9, 10, 11, 12, 13, 14, 15, 16, 17, 18, 19, 20, 21, 22, 23, 24, 25, 26, 27, 28] 20160419
8.556608187134504 [2, 3, 4, 5] [23, 24, 25, 26, 27, 28, 29, 30, 31, 32, 33, 34, 35, 36, 37, 38, 39, 40, 41, 42, 43] 20160419
8.51814104230548 [7, 8] [86, 87, 88, 89, 90, 91, 92, 93, 94, 95, 96, 97, 98, 99, 100, 101, 102, 103, 104, 105, 106, 107, 108, 109] 20160419
7.582077922077918 [5, 6, 7, 9] [166, 167, 168, 169, 170, 171, 172, 173, 174, 175, 176, 177, 178, 179, 180, 181, 182, 183, 184, 185, 186, 187, 188, 189] 20160419
7.450333751216103 [5, 6, 7, 9] [176, 177, 178, 179, 180, 181, 182, 183, 184, 185, 186, 187, 188, 189, 190, 191, 192, 193, 194, 195, 196, 197, 198, 199] 20160419
7.044887334887335 [2, 3, 4, 6] [152, 153, 154, 155, 156, 157, 158, 159, 160, 161, 162, 163, 164, 165, 166, 167, 168, 169, 170, 171, 172, 173, 174, 175] 20160419
6.131871345029236 [5, 6, 7, 9] [264, 265, 266, 267, 268, 269, 270, 271, 272, 273, 274, 275, 276, 277, 278, 279, 280, 281, 282, 283, 284, 285, 286, 287] 20160419
5.85529398003145 [2, 3, 4] [0, 1, 2, 3, 4, 5, 6] 20160419
4.103678534844057 [7, 8, 9] [202, 203, 204, 205, 206, 207, 208, 209, 210, 211, 212, 213, 214, 215, 216, 217, 218, 219, 220, 221, 222, 223, 224, 225] 20160419
4.103656784392079 [5, 7, 8, 9] [112, 113, 114, 115, 116, 117, 118, 119, 120, 121, 122, 123, 124, 125, 126, 127, 128, 129, 130, 131, 132, 133, 134, 135] 20160419
3.549999999999997 [2] [0, 1, 2] 20160419
2.8891414141414202 [2, 3, 4, 5] [224, 225, 226, 227, 228, 229, 230, 231, 232, 233, 234, 235, 236, 237, 238, 239, 240, 241, 242, 243, 244, 245, 246, 247] 20160419
0.954594154601835 [5, 6] [285, 286, 287] 20160419
