36.00458325162053 [3, 5, 7, 8, 9] [191, 192, 193, 194, 195, 196, 197, 198, 199, 200, 201, 202, 203, 204, 205, 206, 207, 208, 209, 210, 211, 212, 213, 214] 20160312
28.673371582735808 [0, 1, 2, 3, 4] [57, 58, 59, 60, 61, 62, 63, 64, 65, 66, 67, 68, 69, 70, 71, 72, 73, 74, 75, 76, 77, 78, 79, 80] 20160325
23.584605706873933 [1, 2, 3, 4, 5, 7] [9, 10, 11, 12, 13, 14, 15, 16, 17, 18, 19, 20, 21, 22, 23, 24, 25, 26, 27, 28, 29, 30, 31, 32] 20160301
21.89644371913168 [2, 3, 5, 6, 7, 8, 9] [140, 141, 142, 143, 144, 145, 146, 147, 148, 149, 150, 151, 152, 153, 154, 155, 156, 157, 158, 159, 160, 161, 162, 163] 20160421
21.873174603174597 [1, 2, 3, 4] [228, 229, 230, 231, 232, 233, 234, 235, 236, 237, 238, 239, 240, 241, 242, 243, 244, 245, 246, 247, 248, 249, 250, 251] 20160813
21.469430014430014 [0, 1, 2, 3, 5] [75, 76, 77, 78, 79, 80, 81, 82, 83, 84, 85, 86, 87, 88, 89, 90, 91, 92, 93, 94, 95, 96, 97, 98] 20160302
21.381437201530304 [1, 2, 3, 4, 5, 6] [32, 33, 34, 35, 36, 37, 38, 39, 40, 41, 42, 43, 44, 45, 46, 47, 48, 49, 50, 51, 52, 53, 54, 55] 20160621
21.306887932383244 [3, 4, 5, 6, 7, 8, 9] [138, 139, 140, 141, 142, 143, 144, 145, 146, 147, 148, 149, 150, 151, 152, 153, 154, 155, 156, 157, 158, 159, 160, 161] 20160405
20.49330179091533 [3, 4, 5, 6, 7, 8, 9] [150, 151, 152, 153, 154, 155, 156, 157, 158, 159, 160, 161, 162, 163, 164, 165, 166, 167, 168, 169, 170, 171, 172, 173] 20160421
20.215203414062582 [6, 7, 8] [258, 259, 260, 261, 262, 263, 264, 265, 266, 267, 268, 269, 270, 271, 272, 273, 274, 275, 276, 277, 278, 279, 280, 281] 20160813
19.83737466853126 [1, 2, 3, 5, 6, 7, 9] [257, 258, 259, 260, 261, 262, 263, 264, 265, 266, 267, 268, 269, 270, 271, 272, 273, 274, 275, 276, 277, 278, 279, 280] 20160922
19.02566661893776 [3, 4, 5, 6, 7, 8, 9] [151, 152, 153, 154, 155, 156, 157, 158, 159, 160, 161, 162, 163, 164, 165, 166, 167, 168, 169, 170, 171, 172, 173, 174] 20160922
18.903283163577253 [2, 3, 4, 5, 7, 8, 9] [214, 215, 216, 217, 218, 219, 220, 221, 222, 223, 224, 225, 226, 227, 228, 229, 230, 231, 232, 233, 234, 235, 236, 237] 20160529
18.530154680884955 [1, 2, 3, 4, 5, 6, 7] [212, 213, 214, 215, 216, 217, 218, 219, 220, 221, 222, 223, 224, 225, 226, 227, 228, 229, 230, 231, 232, 233, 234, 235] 20160324
18.10147471781191 [0, 1, 2, 3, 5, 6, 7] [64, 65, 66, 67, 68, 69, 70, 71, 72, 73, 74, 75, 76, 77, 78, 79, 80, 81, 82, 83, 84, 85, 86, 87] 20160419
18.087387413819688 [2, 3, 4, 5, 7, 8, 9] [143, 144, 145, 146, 147, 148, 149, 150, 151, 152, 153, 154, 155, 156, 157, 158, 159, 160, 161, 162, 163, 164, 165, 166] 20160313
17.997247523643317 [1, 2, 3, 4, 5, 6] [100, 101, 102, 103, 104, 105, 106, 107, 108, 109, 110, 111, 112, 113, 114, 115, 116, 117, 118, 119, 120, 121, 122, 123] 20160302
17.92444444444444 [3] [46, 47, 48, 49, 50, 51, 52, 53, 54, 55, 56, 57, 58, 59, 60, 61, 62, 63, 64, 65, 66, 67, 68, 69] 20160309
17.39220313999726 [2, 3, 4, 5, 7, 9] [159, 160, 161, 162, 163, 164, 165, 166, 167, 168, 169, 170, 171, 172, 173, 174, 175, 176, 177, 178, 179, 180, 181, 182] 20160309
17.269497482496316 [5, 6, 7, 8, 9] [24, 25, 26, 27, 28, 29, 30, 31, 32, 33, 34, 35, 36, 37, 38, 39, 40, 41, 42, 43, 44, 45, 46, 47] 20160301
16.51212406015037 [1, 2, 3, 5, 6, 7, 9] [201, 202, 203, 204, 205, 206, 207, 208, 209, 210, 211, 212, 213, 214, 215, 216, 217, 218, 219, 220, 221, 222, 223, 224] 20160529
16.393497526337143 [5, 7, 8] [230, 231, 232, 233, 234, 235, 236, 237, 238, 239, 240, 241, 242, 243, 244, 245, 246, 247, 248, 249, 250, 251, 252, 253] 20160628
16.306293706293708 [3] [53, 54, 55, 56, 57, 58, 59, 60, 61, 62, 63, 64, 65, 66, 67, 68, 69, 70, 71, 72, 73, 74, 75, 76] 20160302
16.161113488390967 [2, 3, 4, 5, 7, 8, 9] [146, 147, 148, 149, 150, 151, 152, 153, 154, 155, 156, 157, 158, 159, 160, 161, 162, 163, 164, 165, 166, 167, 168, 169] 20160309
16.107050611361384 [2, 3, 4, 5, 6] [234, 235, 236, 237, 238, 239, 240, 241, 242, 243, 244, 245, 246, 247, 248, 249, 250, 251, 252, 253, 254, 255, 256, 257] 20160514
15.993603896103895 [1, 2, 3, 4] [56, 57, 58, 59, 60, 61, 62, 63, 64, 65, 66, 67, 68, 69, 70, 71, 72, 73, 74, 75, 76, 77, 78, 79] 20160412
15.868994282813391 [2, 3, 5, 6, 7, 8, 9] [123, 124, 125, 126, 127, 128, 129, 130, 131, 132, 133, 134, 135, 136, 137, 138, 139, 140, 141, 142, 143, 144, 145, 146] 20160302
15.42321428571428 [1, 2, 3, 5, 6, 7, 8] [192, 193, 194, 195, 196, 197, 198, 199, 200, 201, 202, 203, 204, 205, 206, 207, 208, 209, 210, 211, 212, 213, 214] 20160529
15.18 [5] [91, 92, 93, 94, 95, 96, 97, 98, 99, 100, 101, 102, 103, 104, 105, 106, 107, 108, 109, 110, 111, 112, 113, 114] 20160309
15.069124850614102 [2, 3, 4, 5, 7, 8, 9] [263, 264, 265, 266, 267, 268, 269, 270, 271, 272, 273, 274, 275, 276, 277, 278, 279, 280, 281, 282, 283, 284, 285, 286] 20160312
14.98808442054133 [3, 4, 5, 6, 7, 8, 9] [0, 1, 2, 3, 4, 5, 6, 7, 8, 9, 10, 11, 12, 13, 14, 15, 16, 17, 18, 19, 20, 21, 22, 23] 20160529
14.80296594591155 [1, 2, 3, 4, 5, 6] [265, 266, 267, 268, 269, 270, 271, 272, 273, 274, 275, 276, 277, 278, 279, 280, 281, 282, 283, 284, 285, 286, 287] 20160911
14.788174091996837 [3, 5] [239, 240, 241, 242, 243, 244, 245, 246, 247, 248, 249, 250, 251, 252, 253, 254, 255, 256, 257, 258, 259, 260, 261, 262] 20160529
14.554755306391021 [0, 1, 2, 3, 5, 6] [151, 152, 153, 154, 155, 156, 157, 158, 159, 160, 161, 162, 163, 164, 165, 166, 167, 168, 169, 170, 171, 172, 173, 174] 20160312
14.491930373936244 [0, 1, 2, 3, 4, 5] [153, 154, 155, 156, 157, 158, 159, 160, 161, 162, 163, 164, 165, 166, 167, 168, 169, 170, 171, 172, 173, 174, 175, 176] 20160308
14.109407211087749 [7, 8] [106, 107, 108, 109, 110, 111, 112, 113, 114, 115, 116, 117, 118, 119, 120, 121, 122, 123, 124, 125, 126, 127, 128, 129] 20160911
14.004728358080628 [4, 5, 6, 7, 8, 9] [127, 128, 129, 130, 131, 132, 133, 134, 135, 136, 137, 138, 139, 140, 141, 142, 143, 144, 145, 146, 147, 148, 149, 150] 20160514
13.995630906088142 [2, 3, 5, 6, 7, 8, 9] [176, 177, 178, 179, 180, 181, 182, 183, 184, 185, 186, 187, 188, 189, 190, 191, 192, 193, 194, 195, 196, 197, 198, 199] 20160308
13.827337184873947 [0, 1, 2, 3, 4, 6] [201, 202, 203, 204, 205, 206, 207, 208, 209, 210, 211, 212, 213, 214, 215, 216, 217, 218, 219, 220, 221, 222, 223, 224] 20160813
13.774818263120974 [1, 2, 3, 4, 5, 6] [75, 76, 77, 78, 79, 80, 81, 82, 83, 84, 85, 86, 87, 88, 89, 90, 91, 92, 93, 94, 95, 96, 97, 98] 20160911
13.698394807930695 [2, 3, 5, 7, 8] [58, 59, 60, 61, 62, 63, 64, 65, 66, 67, 68, 69, 70, 71, 72, 73, 74, 75, 76, 77, 78, 79, 80, 81] 20160621
13.694043839115174 [4, 6, 7, 9] [58, 59, 60, 61, 62, 63, 64, 65, 66, 67, 68, 69, 70, 71, 72, 73, 74, 75, 76, 77, 78, 79, 80, 81] 20160313
13.685179120125326 [3, 4, 5, 6, 7, 8, 9] [123, 124, 125, 126, 127, 128, 129, 130, 131, 132, 133, 134, 135, 136, 137, 138, 139, 140, 141, 142, 143, 144, 145, 146] 20160529
13.643749999999997 [8] [182, 183, 184, 185, 186, 187, 188, 189, 190, 191, 192, 193, 194, 195, 196, 197, 198, 199, 200, 201, 202, 203, 204, 205] 20160325
13.542105975049424 [0, 1, 2, 3, 5] [262, 263, 264, 265, 266, 267, 268, 269, 270, 271, 272, 273, 274, 275, 276, 277, 278, 279, 280, 281, 282, 283, 284, 285] 20160308
13.528664630288798 [2, 3, 4, 5, 6, 7] [14, 15, 16, 17, 18, 19, 20, 21, 22, 23, 24, 25, 26, 27, 28, 29, 30, 31, 32, 33, 34, 35, 36, 37] 20160421
13.500948210599418 [2, 3, 5, 6, 7, 8, 9] [137, 138, 139, 140, 141, 142, 143, 144, 145, 146, 147, 148, 149, 150, 151, 152, 153, 154, 155, 156, 157, 158, 159, 160] 20160529
13.117597923895591 [0, 1, 2, 3, 4, 5] [89, 90, 91, 92, 93, 94, 95, 96, 97, 98, 99, 100, 101, 102, 103, 104, 105, 106, 107, 108, 109, 110, 111, 112] 20160325
13.05512316749127 [1, 2, 3, 5, 7, 8, 9] [256, 257, 258, 259, 260, 261, 262, 263, 264, 265, 266, 267, 268, 269, 270, 271, 272, 273, 274, 275, 276, 277, 278, 279] 20160324
12.970358672050384 [0, 1] [39, 40, 41, 42, 43, 44, 45, 46, 47, 48, 49, 50, 51, 52, 53, 54, 55, 56, 57, 58, 59, 60, 61, 62] 20160412
12.911852677803045 [1, 2, 3, 4, 5] [223, 224, 225, 226, 227, 228, 229, 230, 231, 232, 233, 234, 235, 236, 237, 238, 239, 240, 241, 242, 243, 244, 245, 246] 20160328
12.876271960045045 [2, 3, 4, 5, 7, 8, 9] [0, 1, 2, 3, 4, 5, 6, 7, 8, 9, 10, 11, 12, 13, 14, 15, 16, 17, 18, 19, 20, 21] 20160419
12.777902347398395 [2, 3, 4, 5, 6, 7, 8] [30, 31, 32, 33, 34, 35, 36, 37, 38, 39, 40, 41, 42, 43, 44, 45, 46, 47, 48, 49, 50, 51, 52, 53] 20160313
12.763316775194395 [1, 2, 3, 4, 5, 7, 9] [264, 265, 266, 267, 268, 269, 270, 271, 272, 273, 274, 275, 276, 277, 278, 279, 280, 281, 282, 283, 284, 285, 286, 287] 20160421
12.70112424414426 [0, 1, 2, 3, 4, 5, 7] [88, 89, 90, 91, 92, 93, 94, 95, 96, 97, 98, 99, 100, 101, 102, 103, 104, 105, 106, 107, 108, 109, 110, 111] 20160421
12.42304849807385 [0, 1, 2, 3, 5, 6, 7] [182, 183, 184, 185, 186, 187, 188, 189, 190, 191, 192, 193, 194, 195, 196, 197, 198, 199, 200, 201, 202, 203, 204, 205] 20160813
12.116391190508836 [0, 1, 2, 3, 4] [41, 42, 43, 44, 45, 46, 47, 48, 49, 50, 51, 52, 53, 54, 55, 56, 57, 58, 59, 60, 61, 62, 63, 64] 20160911
12.01714285714285 [8] [160, 161, 162, 163, 164, 165, 166, 167, 168, 169, 170, 171, 172, 173, 174, 175, 176, 177, 178, 179, 180, 181, 182, 183] 20160325
11.975163473947335 [6, 7] [30, 31, 32, 33, 34, 35, 36, 37, 38, 39, 40, 41, 42, 43, 44, 45, 46, 47, 48, 49] 20160421
11.748115727560238 [2, 3, 5, 6, 7] [30, 31, 32, 33, 34, 35, 36, 37, 38, 39, 40, 41, 42] 20160421
11.663862967776403 [1, 2, 3, 5, 7, 8, 9] [1, 2, 3, 4, 5, 6, 7, 8, 9, 10, 11, 12, 13, 14, 15, 16, 17, 18, 19, 20, 21, 22, 23, 24] 20160421
11.432064604456526 [3, 4, 6] [42, 43, 44, 45, 46, 47, 48, 49, 50, 51, 52, 53, 54, 55, 56, 57, 58, 59, 60, 61, 62, 63, 64, 65] 20160313
11.356349180638121 [1, 2, 3] [272, 273, 274, 275, 276, 277, 278, 279, 280, 281, 282, 283, 284, 285, 286, 287] 20160324
11.31998301008617 [6, 7, 8] [113, 114, 115, 116, 117, 118, 119, 120, 121, 122, 123, 124, 125, 126, 127, 128, 129, 130, 131, 132, 133, 134] 20160412
11.190667720567866 [2, 3, 5, 6, 7, 8] [2, 3, 4, 5, 6, 7, 8, 9, 10, 11, 12, 13, 14, 15, 16, 17, 18, 19, 20, 21, 22, 23, 24, 25] 20160313
10.933684210526323 [5] [171, 172, 173, 174, 175, 176, 177, 178, 179, 180, 181, 182, 183, 184, 185, 186, 187, 188, 189, 190, 191, 192, 193, 194] 20160529
10.819770342326244 [2, 3, 4, 6, 7, 8, 9] [151, 152, 153, 154, 155, 156, 157, 158, 159, 160, 161, 162, 163, 164, 165, 166, 167, 168, 169, 170, 171, 172, 173, 174] 20160813
10.689583333333331 [6] [186, 187, 188, 189, 190, 191, 192, 193, 194, 195, 196, 197, 198, 199, 200, 201, 202, 203, 204] 20160628
10.478371417888301 [4, 5] [75, 76, 77, 78, 79, 80, 81, 82, 83, 84, 85, 86, 87, 88, 89, 90, 91, 92, 93, 94, 95, 96, 97, 98] 20160412
10.388571428571431 [9] [134, 135, 136, 137, 138, 139, 140, 141, 142, 143, 144, 145, 146, 147, 148, 149, 150, 151, 152, 153, 154, 155, 156, 157] 20160412
10.379214190834427 [5, 6] [87, 88, 89, 90, 91, 92, 93, 94, 95, 96, 97, 98, 99, 100, 101, 102, 103, 104, 105, 106, 107, 108, 109, 110] 20160412
10.291666666666671 [9] [130, 131, 132, 133, 134, 135, 136, 137, 138, 139, 140, 141, 142, 143, 144, 145, 146, 147, 148, 149, 150, 151, 152, 153] 20160911
10.244309807405932 [0, 1, 2, 3, 4, 5, 7] [0, 1, 2, 3, 4, 5, 6, 7, 8, 9, 10, 11, 12, 13, 14, 15, 16, 17, 18, 19] 20160628
10.093338939912204 [4, 5, 6, 7, 8] [252, 253, 254, 255, 256, 257, 258, 259, 260, 261, 262, 263, 264, 265, 266, 267, 268, 269, 270, 271, 272, 273, 274, 275] 20160328
9.884451375006233 [1, 2, 3, 5, 7, 8, 9] [8, 9, 10, 11, 12, 13, 14, 15, 16, 17, 18, 19, 20, 21, 22, 23, 24, 25, 26, 27, 28, 29, 30, 31] 20160309
9.827777777777776 [9] [210, 211, 212, 213, 214, 215, 216, 217, 218, 219, 220, 221, 222, 223, 224, 225, 226, 227, 228, 229, 230, 231, 232, 233] 20160325
9.665236496936151 [2, 3, 5, 6, 7, 8, 9] [164, 165, 166, 167, 168, 169, 170, 171, 172, 173, 174, 175, 176, 177, 178, 179, 180, 181, 182, 183, 184, 185, 186, 187] 20160813
9.597561234419954 [2, 3, 4, 5, 7, 8] [4, 5, 6, 7, 8, 9, 10, 11, 12, 13, 14, 15, 16, 17, 18, 19, 20, 21, 22, 23, 24, 25, 26, 27] 20160514
9.520609790052514 [2, 3, 4, 5, 6, 7, 9] [263, 264, 265, 266, 267, 268, 269, 270, 271, 272, 273, 274, 275, 276, 277, 278, 279, 280, 281, 282, 283, 284, 285, 286] 20160309
9.49907750041147 [1, 2, 3, 5, 6, 7, 9] [164, 165, 166, 167, 168, 169, 170, 171, 172, 173, 174, 175, 176, 177, 178, 179, 180, 181, 182, 183, 184, 185, 186, 187] 20160419
9.399999999999999 [8] [188, 189, 190] 20160325
9.233137098242329 [4, 5, 6, 7, 8, 9] [56, 57, 58, 59, 60, 61, 62, 63, 64, 65, 66, 67, 68, 69, 70, 71, 72, 73, 74, 75, 76, 77, 78, 79] 20160301
8.973436590077386 [2, 3, 4, 5, 7, 8, 9] [61, 62, 63, 64, 65, 66, 67, 68, 69, 70, 71, 72, 73, 74, 75, 76, 77, 78, 79, 80, 81, 82, 83, 84] 20160405
8.96953863478964 [2, 3, 4, 5, 6, 7, 8] [47, 48, 49, 50, 51, 52, 53, 54, 55, 56, 57, 58, 59, 60, 61, 62, 63, 64, 65, 66, 67, 68, 69, 70] 20160405
8.9665508621434 [0, 1, 2, 3, 4, 5] [22, 23, 24, 25, 26, 27, 28, 29, 30, 31, 32, 33, 34, 35, 36, 37, 38, 39, 40, 41, 42, 43] 20160419
8.826950823988296 [0, 1, 2, 3, 5, 6] [118, 119, 120, 121, 122, 123, 124, 125, 126, 127, 128, 129, 130, 131, 132, 133, 134, 135, 136, 137, 138, 139, 140, 141] 20160325
8.76500594373969 [1, 2, 3, 5, 7, 8] [86, 87, 88, 89, 90, 91, 92, 93, 94, 95, 96, 97, 98, 99, 100, 101, 102, 103, 104, 105, 106, 107, 108, 109] 20160419
8.577958381289447 [1, 2, 3, 4, 5, 7] [36, 37, 38, 39, 40, 41, 42, 43, 44, 45, 46, 47, 48, 49, 50, 51, 52, 53, 54, 55, 56, 57, 58, 59] 20160308
8.561165413533832 [1, 2, 3, 5, 7, 8] [89, 90, 91, 92, 93, 94, 95, 96, 97, 98, 99, 100, 101, 102, 103, 104, 105, 106, 107, 108, 109, 110, 111, 112] 20160514
8.347565041869574 [1, 2, 3, 5, 7, 8, 9] [100, 101, 102, 103, 104, 105, 106, 107, 108, 109, 110, 111, 112, 113, 114, 115, 116, 117, 118, 119, 120, 121, 122, 123] 20160313
8.264826839826844 [2, 3, 4, 5, 7] [97, 98, 99, 100, 101, 102, 103, 104, 105, 106, 107, 108, 109, 110, 111, 112, 113, 114, 115, 116, 117, 118, 119, 120] 20160421
8.221165950766572 [0, 1, 2, 3, 5, 7] [0, 1, 2, 3, 4, 5, 6, 7, 8, 9, 10, 11, 12, 13, 14, 15, 16, 17, 18, 19, 20, 21, 22, 23] 20160911
8.21062613331146 [2, 3, 4, 5, 6, 7, 9] [158, 159, 160, 161, 162, 163, 164, 165, 166, 167, 168, 169, 170, 171, 172, 173, 174, 175, 176, 177, 178, 179, 180, 181] 20160514
8.17996466723614 [2, 3, 4, 6, 7, 9] [43, 44, 45, 46, 47, 48, 49, 50, 51, 52, 53, 54, 55, 56, 57, 58, 59, 60, 61, 62, 63, 64, 65, 66] 20160514
8.061308095162847 [5, 6, 7, 8, 9] [175, 176, 177, 178, 179, 180, 181, 182, 183, 184, 185, 186, 187, 188, 189, 190, 191, 192, 193, 194, 195, 196, 197, 198] 20160419
8.042277287929455 [0, 1, 2, 3, 5, 7] [55, 56, 57, 58, 59, 60, 61, 62, 63, 64, 65, 66, 67, 68, 69, 70, 71, 72, 73, 74, 75, 76, 77, 78] 20160628
8.000486140818547 [0, 1, 2, 3, 5, 6] [192, 193, 194, 195, 196, 197, 198, 199, 200, 201, 202, 203, 204, 205, 206, 207, 208, 209, 210, 211, 212, 213, 214, 215] 20160328
7.907810836269559 [3, 5] [22, 23, 24, 25, 26, 27, 28] 20160419
7.880504479170682 [2, 3, 4, 5, 6, 7] [22, 23, 24, 25, 26, 27, 28, 29, 30, 31, 32, 33, 34, 35, 36, 37, 38, 39, 40, 41, 42, 43, 44, 45] 20160405
7.8444444444444485 [0] [0, 1, 2, 3, 4, 5, 6, 7, 8, 9, 10, 11] 20160911
7.840833333333332 [1, 2, 3, 5, 7, 8] [104, 105, 106, 107, 108, 109, 110, 111, 112] 20160514
7.820945791808329 [1, 2, 3, 5, 6, 7, 8] [201, 202, 203, 204, 205, 206, 207, 208, 209, 210, 211, 212, 213, 214, 215, 216, 217, 218, 219, 220, 221, 222, 223] 20160308
7.800150461511768 [4, 5, 6, 7, 8] [97, 98, 99, 100, 101, 102, 103] 20160421
7.667796533129268 [0, 1, 2, 3, 4, 5] [78, 79, 80, 81, 82, 83, 84, 85, 86, 87, 88, 89, 90, 91, 92, 93, 94, 95, 96, 97, 98, 99, 100, 101] 20160621
7.492433550272072 [1, 2, 3, 4, 5, 7, 9] [28, 29, 30, 31, 32, 33, 34, 35, 36, 37, 38, 39, 40, 41, 42, 43, 44, 45, 46, 47, 48] 20160309
7.391148737790973 [3, 4, 5, 6, 7, 8, 9] [41, 42, 43, 44, 45, 46, 47, 48, 49, 50, 51, 52, 53, 54, 55, 56, 57, 58, 59, 60, 61, 62, 63, 64] 20160421
7.334445461210256 [0, 1, 2, 3, 4, 5] [129, 130, 131, 132, 133, 134, 135, 136, 137, 138, 139, 140, 141, 142, 143, 144, 145, 146, 147, 148, 149, 150, 151, 152] 20160621
7.215482535821499 [4, 5, 7, 8, 9] [140, 141, 142, 143, 144, 145, 146, 147, 148, 149, 150, 151, 152, 153, 154, 155, 156, 157, 158, 159, 160, 161, 162, 163] 20160628
7.042820505984691 [2, 3, 4, 5, 6, 7, 8] [97, 98, 99, 100, 101, 102, 103, 104, 105, 106, 107, 108, 109, 110, 111, 112, 113, 114, 115, 116, 117, 118, 119, 120] 20160621
6.998395865579349 [4, 5, 6, 7, 8] [130, 131, 132, 133, 134, 135, 136, 137, 138, 139, 140, 141, 142, 143, 144, 145, 146, 147, 148, 149, 150, 151, 152, 153] 20160628
6.933013630776672 [7, 8] [58, 59, 60, 61, 62, 63, 64, 65, 66] 20160421
6.906635352242083 [2, 3, 4, 5, 6, 7, 8] [2, 3, 4, 5, 6, 7, 8, 9, 10, 11, 12, 13, 14, 15, 16, 17, 18, 19, 20, 21, 22, 23, 24, 25] 20160325
6.888155161988973 [0, 1, 2, 3, 5, 6, 7] [157, 158, 159, 160, 161, 162, 163, 164, 165, 166, 167, 168, 169, 170, 171, 172, 173, 174, 175, 176, 177, 178, 179, 180] 20160628
6.864518563086503 [0, 1, 2, 3, 4, 6, 7] [202, 203, 204, 205, 206, 207, 208, 209, 210, 211, 212, 213, 214, 215, 216, 217, 218, 219, 220, 221, 222, 223, 224, 225] 20160421
6.829724818060264 [0, 1, 2, 3, 5, 7, 8] [19, 20, 21, 22, 23, 24, 25, 26, 27, 28, 29, 30, 31, 32, 33, 34, 35, 36, 37, 38, 39, 40, 41, 42] 20160628
6.806310964387345 [2, 3, 5, 6, 7, 8, 9] [97, 98, 99, 100, 101, 102, 103, 104, 105, 106, 107, 108, 109, 110, 111, 112, 113, 114, 115, 116, 117, 118, 119, 120] 20160405
6.763112745098049 [5, 6, 7, 8] [209, 210, 211, 212, 213, 214, 215, 216, 217, 218, 219, 220, 221, 222, 223, 224, 225, 226, 227, 228] 20160628
6.708514880420734 [7, 9] [55, 56, 57, 58, 59, 60, 61, 62, 63, 64, 65, 66, 67, 68, 69, 70, 71, 72, 73, 74, 75, 76, 77, 78] 20160308
6.662031600074644 [1, 2, 3, 5, 7, 8, 9] [99, 100, 101, 102, 103, 104, 105, 106, 107, 108, 109, 110, 111, 112, 113, 114, 115, 116, 117, 118, 119, 120, 121, 122] 20160308
6.635768032837267 [5, 6, 7, 8, 9] [264, 265, 266, 267, 268, 269, 270, 271, 272, 273, 274, 275, 276, 277, 278, 279, 280, 281, 282, 283, 284, 285, 286, 287] 20160419
6.630000000000003 [1, 2, 3, 5, 7] [13, 14, 15, 16, 17, 18, 19] 20160309
6.624418855865003 [3, 4, 5, 6, 7, 8] [118, 119, 120, 121, 122, 123, 124, 125, 126, 127, 128, 129, 130, 131, 132, 133, 134, 135, 136, 137, 138, 139, 140, 141] 20160628
6.6037807297333035 [2, 3, 5, 6, 7, 8] [117, 118, 119, 120, 121, 122, 123, 124, 125, 126, 127, 128, 129, 130, 131, 132, 133, 134, 135, 136, 137, 138, 139, 140] 20160313
6.583455155531972 [2, 3, 4, 6, 7, 8, 9] [264, 265, 266, 267, 268, 269, 270, 271, 272, 273, 274, 275, 276, 277, 278, 279, 280, 281, 282, 283, 284, 285, 286, 287] 20160313
6.581133282110411 [4, 5, 6, 7, 8, 9] [19, 20, 21, 22, 23, 24, 25, 26, 27, 28, 29, 30, 31, 32, 33, 34, 35, 36, 37, 38, 39, 40, 41, 42] 20160529
6.48568441229747 [1, 2, 3] [96, 97, 98, 99, 100, 101, 102, 103, 104, 105, 106, 107, 108, 109, 110, 111, 112, 113, 114, 115, 116, 117, 118, 119] 20160529
6.485646929824561 [2, 3, 5, 6, 7, 8] [16, 17, 18, 19, 20, 21, 22, 23, 24, 25, 26, 27, 28, 29, 30, 31, 32, 33, 34, 35, 36, 37, 38, 39] 20160325
6.4488670335278515 [2, 3, 4, 5, 6, 7, 9] [233, 234, 235, 236, 237, 238, 239, 240, 241, 242, 243, 244, 245, 246, 247, 248, 249, 250, 251, 252, 253, 254, 255, 256] 20160301
6.333333333333329 [2, 3, 5, 7, 8] [23, 24, 25, 26] 20160421
6.287056544458426 [1, 2, 3, 4, 6, 7, 8] [1, 2, 3, 4, 5, 6, 7, 8, 9, 10, 11, 12, 13, 14, 15, 16, 17, 18, 19, 20, 21, 22, 23, 24] 20160922
6.247774470883835 [5, 6, 7, 8, 9] [224, 225, 226, 227, 228, 229, 230, 231, 232, 233, 234, 235, 236, 237, 238, 239, 240, 241, 242, 243, 244, 245, 246, 247] 20160301
6.167418692418693 [0, 1, 2, 3, 5, 6, 7] [71, 72, 73, 74, 75, 76, 77, 78, 79, 80, 81, 82, 83, 84, 85, 86, 87, 88, 89, 90, 91, 92, 93, 94] 20160514
6.144151773209615 [4, 5, 6, 7, 8, 9] [193, 194, 195, 196, 197, 198, 199, 200, 201, 202, 203, 204, 205, 206, 207, 208, 209, 210, 211, 212, 213, 214, 215, 216] 20160313
6.138570744175719 [0, 1, 2, 3, 5, 7, 8] [149, 150, 151, 152, 153, 154, 155, 156, 157, 158, 159, 160, 161, 162, 163, 164, 165, 166, 167, 168, 169, 170, 171, 172] 20160328
6.076983190828955 [7, 8] [71, 72, 73, 74, 75, 76, 77, 78, 79, 80, 81, 82, 83, 84, 85, 86, 87, 88, 89, 90, 91] 20160308
6.0516555356548665 [7, 8] [75, 76, 77, 78, 79, 80] 20160309
6.02368780854509 [4, 6, 7] [44, 45, 46, 47] 20160421
6.0206154938536205 [1, 2, 3, 5, 7, 8, 9] [271, 272, 273, 274, 275, 276, 277, 278, 279, 280, 281, 282, 283, 284, 285, 286, 287] 20160621
5.985041440667629 [4, 5, 6, 7, 8, 9] [190, 191, 192, 193, 194, 195, 196, 197, 198, 199, 200, 201, 202, 203, 204, 205, 206, 207, 208, 209, 210, 211, 212, 213] 20160301
5.926355748913447 [1, 2, 3, 5, 6, 7, 8] [0, 1, 2, 3, 4, 5, 6, 7, 8, 9, 10] 20160309
5.922222222222231 [1] [108, 109, 110, 111, 112, 113, 114, 115, 116, 117, 118, 119] 20160529
5.887052906096809 [2, 3, 5, 7, 8, 9] [0, 1, 2, 3, 4, 5, 6, 7, 8, 9, 10, 11, 12, 13, 14, 15, 16, 17, 18, 19, 20, 21] 20160312
5.8519710887035945 [1, 2, 3, 5, 7, 8, 9] [109, 110, 111, 112, 113, 114, 115, 116, 117, 118, 119, 120, 121, 122] 20160308
5.82065288434209 [3, 4, 5, 6, 7, 8, 9] [271, 272, 273, 274] 20160922
5.7854610699740965 [1, 2, 3, 4, 6, 7, 8] [61, 62, 63, 64, 65, 66, 67, 68, 69, 70, 71, 72, 73, 74, 75, 76, 77, 78, 79, 80, 81, 82, 83, 84] 20160922
5.761875960852404 [1, 2, 3, 4, 6, 7, 8] [71, 72, 73, 74, 75, 76, 77, 78, 79, 80, 81, 82, 83, 84, 85, 86, 87, 88, 89, 90, 91] 20160922
5.748398373014462 [2, 3, 4, 5, 7, 8] [33, 34, 35, 36, 37, 38, 39, 40, 41, 42, 43] 20160419
5.707213393069286 [7, 8, 9] [251, 252, 253, 254, 255, 256, 257, 258, 259, 260, 261, 262, 263, 264, 265, 266, 267, 268, 269, 270, 271, 272, 273, 274] 20160325
5.650176018781176 [1, 2] [0, 1, 2, 3, 4, 5, 6, 7, 8, 9, 10, 11, 12, 13, 14, 15, 16, 17, 18, 19, 20, 21, 22, 23] 20160813
5.6232318059882225 [1, 2, 3, 5, 6, 7] [72, 73, 74, 75, 76, 77, 78, 79, 80] 20160421
5.60992011562587 [2, 3, 4, 5, 7] [95, 96, 97, 98] 20160421
5.5916666666666615 [4, 5, 6, 7, 8] [34, 35, 36, 37] 20160421
5.584139336173793 [2, 3, 5, 7, 8, 9] [131, 132, 133, 134, 135, 136, 137, 138, 139, 140, 141, 142, 143] 20160313
5.578989603861969 [1, 2, 3, 5, 7, 8] [46, 47, 48, 49, 50, 51, 52, 53] 20160419
5.5593916025876 [2, 3, 4, 5, 6, 7, 8] [149, 150, 151, 152, 153, 154, 155, 156, 157, 158, 159, 160, 161, 162, 163, 164, 165, 166, 167, 168, 169, 170, 171] 20160911
5.529635369421887 [4, 6, 7, 8, 9] [115, 116, 117, 118, 119, 120, 121, 122, 123, 124, 125, 126, 127, 128, 129, 130, 131, 132, 133, 134, 135, 136, 137, 138] 20160309
5.515432893255073 [2, 3, 5] [21, 22, 23] 20160419
5.473135345182619 [1, 2, 3, 4, 6, 7, 8] [68, 69, 70, 71, 72, 73, 74, 75, 76, 77, 78] 20160922
5.471111111111114 [7] [0, 1, 2, 3, 4, 5, 6, 7, 8, 9, 10, 11, 12, 13, 14, 15, 16, 17, 18, 19, 20, 21, 22, 23] 20160412
5.449999999999996 [8] [73, 74, 75] 20160309
5.357971492459012 [1, 2, 3, 4, 5, 6] [243, 244, 245, 246, 247, 248, 249, 250, 251, 252, 253, 254, 255, 256, 257, 258, 259, 260, 261, 262, 263, 264, 265, 266] 20160412
5.3236296023349645 [1, 2, 3, 4, 5, 7, 8] [0, 1, 2, 3, 4, 5, 6, 7, 8, 9, 10, 11, 12, 13, 14, 15, 16, 17, 18, 19, 20, 21, 22, 23] 20160405
5.308735725198609 [4, 5, 7] [41, 42, 43, 44, 45, 46] 20160419
5.292377467571568 [5, 6, 7] [76, 77, 78, 79, 80] 20160421
5.289749939983607 [0, 1, 2, 3, 4, 5, 6] [241, 242, 243, 244, 245, 246, 247, 248, 249, 250, 251, 252, 253, 254, 255, 256, 257, 258, 259, 260, 261, 262, 263, 264] 20160309
5.278682125169501 [3, 4, 5, 7, 8, 9] [190, 191, 192, 193, 194, 195, 196, 197, 198, 199, 200, 201, 202, 203, 204, 205, 206, 207, 208, 209, 210, 211, 212, 213] 20160412
5.247780070292641 [1, 2, 3, 4, 6] [0, 1, 2, 3, 4, 5, 6, 7, 8, 9, 10, 11, 12, 13, 14, 15, 16, 17, 18, 19, 20, 21, 22, 23] 20160308
5.245246469919831 [1, 2, 3, 4, 6, 7] [59, 60, 61, 62, 63, 64, 65, 66, 67, 68, 69, 70, 71, 72, 73, 74, 75, 76, 77, 78, 79, 80, 81, 82] 20160813
5.217054116007409 [5, 6, 7, 8, 9] [17, 18, 19, 20, 21, 22, 23, 24, 25, 26, 27, 28, 29, 30, 31, 32, 33, 34, 35, 36, 37, 38, 39, 40] 20160922
5.20953836279985 [0, 1, 2, 3, 4, 5, 6] [193, 194, 195, 196, 197, 198, 199, 200, 201, 202, 203, 204, 205, 206, 207, 208, 209, 210, 211, 212, 213, 214, 215, 216] 20160514
5.1769074137336455 [1, 2, 3, 4, 5, 7] [92, 93, 94, 95] 20160421
5.159723128581053 [0, 1, 2, 3, 4, 6] [120, 121, 122, 123, 124, 125, 126, 127, 128, 129, 130, 131, 132, 133, 134, 135, 136, 137, 138, 139, 140, 141, 142, 143] 20160328
5.135076870614519 [1, 2, 3, 4, 5, 7, 8] [105, 106, 107, 108, 109, 110, 111, 112, 113, 114, 115, 116, 117, 118, 119, 120, 121] 20160922
5.116031493329647 [1, 2, 3, 5, 7, 8, 9] [25, 26, 27, 28, 29, 30, 31] 20160309
5.095125721838628 [0, 1, 2, 3, 5, 7, 8] [87, 88, 89, 90, 91, 92, 93, 94, 95, 96, 97, 98, 99, 100, 101, 102, 103, 104, 105, 106, 107] 20160529
5.094366498824353 [3, 5, 6, 7, 8, 9] [76, 77, 78, 79, 80, 81, 82, 83, 84, 85, 86, 87, 88, 89, 90, 91, 92, 93, 94, 95, 96, 97, 98, 99] 20160529
5.085967742215059 [1, 2, 3, 4, 5, 7] [83, 84, 85, 86, 87, 88, 89, 90, 91, 92, 93, 94, 95, 96, 97, 98, 99, 100, 101, 102, 103, 104, 105, 106] 20160922
5.073165899311209 [0, 1, 2, 3, 4, 6] [35, 36, 37, 38, 39, 40, 41, 42, 43, 44, 45, 46, 47, 48, 49, 50, 51, 52, 53, 54, 55, 56, 57] 20160922
5.045079102268682 [2, 3, 5, 7] [124, 125, 126, 127, 128, 129, 130] 20160313
4.983489692308679 [2, 3, 4, 6, 7, 8, 9] [0, 1, 2, 3, 4, 5, 6, 7, 8, 9, 10, 11, 12, 13, 14, 15, 16, 17, 18, 19, 20, 21, 22, 23] 20160328
4.920541902245928 [1, 2, 3, 5] [101, 102, 103, 104, 105, 106, 107, 108, 109, 110, 111, 112, 113, 114, 115, 116, 117, 118, 119, 120, 121, 122, 123, 124] 20160628
4.912984984331785 [2, 3, 5, 6, 7, 8, 9] [179, 180, 181, 182, 183, 184, 185, 186, 187, 188, 189, 190, 191, 192, 193, 194, 195, 196, 197, 198, 199, 200, 201] 20160405
4.883978388907143 [0, 1, 2, 3, 4, 6, 7] [21, 22, 23, 24, 25, 26, 27, 28, 29, 30, 31, 32, 33, 34, 35, 36, 37, 38, 39, 40, 41, 42, 43, 44] 20160813
4.865201799629166 [1, 2, 3, 5, 6, 7, 9] [177, 178, 179, 180, 181, 182, 183, 184, 185, 186] 20160813
4.865007395681314 [1, 2, 3, 5, 6, 7, 8] [31, 32, 33, 34, 35, 36, 37, 38, 39, 40, 41, 42] 20160529
4.85194807289204 [1, 2, 3, 4, 5, 7, 8] [83, 84, 85, 86, 87, 88, 89, 90, 91, 92] 20160922
4.842122759835431 [3, 4, 5, 6, 7, 8, 9] [160, 161, 162, 163, 164, 165, 166, 167, 168, 169, 170, 171, 172, 173, 174, 175, 176, 177, 178, 179, 180, 181, 182, 183] 20160301
4.8260037815981836 [5, 7, 8] [32, 33, 34, 35, 36, 37] 20160419
4.798083856629603 [0, 1, 2, 3, 5, 7, 8] [82, 83, 84, 85, 86, 87, 88, 89, 90, 91, 92, 93, 94, 95, 96, 97, 98, 99, 100] 20160628
4.784625759231388 [4, 6, 7, 8, 9] [8, 9, 10, 11, 12, 13, 14, 15, 16, 17, 18, 19, 20, 21, 22, 23, 24, 25, 26, 27, 28, 29, 30, 31] 20160328
4.756092583904007 [2, 3, 4, 5, 6, 7, 8] [10, 11, 12, 13, 14, 15, 16] 20160529
4.75 [5] [18, 19, 20, 21] 20160419
4.677944555110468 [3, 4, 5, 6, 7, 8] [65, 66, 67, 68, 69, 70, 71, 72, 73, 74, 75, 76] 20160529
4.666904755831213 [7, 8] [98, 99, 100] 20160405
4.5975178536316825 [3, 4, 5, 6, 7, 8, 9] [145, 146, 147, 148, 149, 150, 151, 152, 153, 154, 155, 156, 157, 158, 159, 160, 161, 162, 163, 164, 165, 166, 167, 168] 20160301
4.581686779069101 [6, 7, 8] [118, 119, 120, 121, 122, 123, 124, 125, 126] 20160405
4.575500883327782 [2, 3, 5, 6, 7] [25, 26, 27, 28, 29] 20160313
4.573358713654763 [1, 2, 3, 5, 7, 8] [37, 38, 39, 40, 41, 42, 43, 44, 45, 46, 47, 48, 49, 50, 51, 52, 53, 54, 55, 56, 57, 58, 59, 60] 20160813
4.565000000000005 [1, 2, 3, 4, 5, 7, 8] [105, 106, 107, 108, 109, 110, 111] 20160922
4.5531746031746 [4, 6, 7, 8] [38, 39, 40, 41, 42, 43, 44, 45, 46, 47, 48, 49, 50, 51, 52, 53, 54, 55, 56, 57, 58, 59, 60, 61] 20160328
4.5307000165661355 [3, 4, 5, 6, 7, 8, 9] [44, 45, 46, 47, 48, 49, 50, 51, 52, 53, 54, 55, 56, 57, 58, 59, 60, 61, 62, 63, 64, 65, 66] 20160529
4.509403754624573 [1, 2, 3, 5, 7, 8, 9] [33, 34, 35, 36, 37] 20160309
4.490128060534578 [4, 6] [51, 52, 53, 54, 55] 20160309
4.487338784140168 [2, 3, 4, 5, 6, 7, 9] [257, 258, 259, 260, 261, 262, 263, 264, 265, 266, 267, 268, 269, 270, 271, 272, 273, 274, 275, 276, 277, 278, 279, 280] 20160412
4.478571428571435 [5, 6, 7, 8] [84, 85, 86, 87, 88, 89, 90, 91] 20160308
4.472135954999576 [2, 3, 5, 6, 7, 8, 9] [55, 56, 57, 58] 20160309
4.468486478146418 [0, 1, 2, 3, 5, 7, 8] [174, 175, 176, 177, 178, 179, 180, 181, 182, 183, 184, 185, 186, 187, 188, 189, 190, 191, 192, 193, 194, 195, 196, 197] 20160621
4.450000000000003 [8] [70, 71, 72, 73] 20160309
4.424333294101766 [3, 5, 6, 7, 8, 9] [118, 119, 120, 121, 122, 123, 124, 125, 126, 127, 128, 129, 130, 131, 132, 133, 134, 135, 136, 137, 138, 139, 140, 141] 20160419
4.419417382415927 [1, 2, 3, 4] [100, 101, 102, 103, 104, 105, 106] 20160922
4.412294516744586 [0, 1, 2, 3, 4, 6, 7] [103, 104, 105, 106, 107, 108, 109, 110, 111, 112, 113, 114, 115, 116, 117] 20160312
4.407296154060286 [4, 5, 6, 7, 8, 9] [41, 42, 43, 44, 45, 46, 47, 48, 49, 50, 51, 52, 53, 54, 55, 56, 57, 58, 59, 60, 61, 62, 63, 64] 20160312
4.400000000000002 [1, 2, 3, 5, 7] [17, 18, 19] 20160309
4.3726746445637135 [0, 1, 2, 3, 4, 5, 7] [215, 216, 217, 218, 219, 220, 221, 222, 223, 224, 225, 226, 227, 228, 229, 230, 231, 232, 233, 234, 235, 236, 237, 238] 20160419
4.347831738351774 [0, 1, 2, 3, 5, 6] [167, 168, 169, 170, 171, 172, 173, 174, 175, 176, 177, 178, 179, 180, 181, 182, 183, 184, 185, 186, 187, 188, 189, 190] 20160328
4.316519213289879 [2, 3, 4, 5, 7, 8, 9] [50, 51, 52, 53, 54, 55, 56, 57, 58, 59, 60, 61, 62, 63, 64, 65, 66, 67, 68, 69, 70, 71, 72, 73] 20160312
4.300000000000004 [6] [75, 76, 77, 78, 79, 80, 81, 82, 83, 84, 85] 20160529
4.299999999999997 [5] [32, 33, 34, 35] 20160419
4.293411188044963 [1, 2, 3, 4, 5, 6, 7] [47, 48, 49, 50, 51] 20160529
4.275000000000006 [6] [75, 76, 77, 78, 79, 80, 81] 20160529
4.272500000000001 [2, 3, 5, 6, 7, 8] [222, 223, 224, 225, 226, 227] 20160628
4.242952576463558 [5, 6, 7, 8, 9] [152, 153, 154, 155, 156, 157, 158, 159, 160, 161, 162, 163, 164, 165, 166, 167, 168, 169, 170, 171, 172, 173, 174, 175] 20160412
4.226168477474602 [3, 5, 6, 7, 8] [122, 123, 124, 125, 126] 20160405
4.172415467621394 [1, 2, 3, 4, 5, 7, 9] [222, 223, 224, 225, 226, 227, 228, 229, 230, 231, 232, 233, 234, 235, 236, 237, 238, 239, 240, 241, 242, 243, 244, 245] 20160313
4.113449800973019 [4, 5, 6, 7] [74, 75, 76, 77, 78, 79, 80, 81, 82, 83, 84, 85, 86, 87, 88, 89, 90, 91, 92, 93, 94, 95] 20160312
4.074999999999989 [1] [78, 79, 80, 81, 82, 83, 84, 85, 86] 20160628
4.060696893300367 [1, 2, 3, 4, 6] [78, 79, 80, 81, 82, 83] 20160922
4.058333333333337 [3, 4, 5, 7] [40, 41, 42, 43] 20160419
4.054078878802878 [2, 3, 5] [13, 14, 15, 16] 20160419
4.049999999999997 [1] [83, 84, 85] 20160922
4.027714384668582 [2, 3, 4, 6, 7, 8, 9] [125, 126, 127, 128, 129, 130, 131, 132, 133, 134, 135, 136, 137, 138] 20160309
4.026670396767746 [0, 1, 2, 3, 5, 7, 8] [169, 170, 171, 172, 173, 174, 175, 176, 177, 178, 179, 180, 181, 182, 183, 184, 185, 186, 187, 188, 189, 190, 191, 192] 20160302
4.018357873559796 [0, 1, 2, 3, 4] [59, 60, 61, 62, 63, 64] 20160922
4.009678626172574 [1, 2, 3, 4, 6, 7, 8] [192, 193, 194, 195, 196, 197, 198] 20160324
4.004166666666656 [1, 2, 3, 5, 7, 8, 9] [280, 281, 282, 283, 284, 285, 286, 287] 20160621
3.983716857408417 [2, 3, 5, 7] [22, 23, 24, 25] 20160313
3.972198413232947 [5, 6, 7, 8, 9] [264, 265, 266, 267, 268, 269, 270, 271, 272, 273, 274, 275, 276, 277, 278, 279, 280, 281, 282, 283, 284, 285, 286, 287] 20160405
3.9131189606246255 [0, 1, 2, 3, 5, 6, 7] [181, 182, 183, 184, 185, 186] 20160813
3.9127462826283823 [4, 6, 7, 8, 9] [127, 128, 129, 130, 131, 132, 133, 134, 135, 136, 137] 20160312
3.8999999999999995 [6] [126, 127, 128, 129] 20160405
3.8999999999999915 [1] [98, 99, 100, 101, 102] 20160628
3.8738874686063802 [1, 2, 3, 4, 6, 7, 9] [32, 33, 34, 35, 36, 37, 38, 39] 20160922
3.814360778446125 [6, 7, 8] [132, 133, 134, 135, 136, 137, 138] 20160312
3.783021279348035 [1, 2, 3, 5, 7] [68, 69, 70, 71, 72] 20160922
3.782606513640702 [1, 2, 3, 4, 5, 7] [98, 99, 100, 101, 102, 103, 104] 20160312
3.75 [1] [80, 81, 82, 83] 20160628
3.7357242344096493 [2, 3, 5, 7, 8, 9] [137, 138, 139, 140, 141, 142, 143] 20160313
3.724871486721745 [0, 1, 2, 3, 5, 7, 8] [227, 228, 229, 230, 231, 232, 233] 20160813
3.701585636585637 [2, 3, 5, 7, 8, 9] [185, 186, 187, 188, 189, 190, 191, 192, 193, 194, 195, 196, 197, 198, 199, 200, 201, 202, 203, 204, 205, 206, 207, 208] 20160302
3.6999830212210254 [4, 5, 6, 7, 8, 9] [227, 228, 229, 230, 231, 232, 233, 234, 235, 236, 237, 238, 239, 240, 241, 242, 243, 244, 245] 20160412
3.657224268738771 [1, 2, 3, 4, 6, 7, 8] [0, 1, 2, 3, 4] 20160922
3.6062445840513933 [1, 2, 3, 5, 7] [109, 110, 111] 20160308
3.6000000000000014 [1, 2, 3, 5, 7, 8] [274, 275, 276] 20160308
3.5999999999999943 [7] [93, 94, 95, 96] 20160514
3.5737981662837823 [2, 3, 5, 7, 8, 9] [85, 86, 87, 88, 89, 90, 91] 20160313
3.5416666666666714 [1, 2, 3, 4, 6, 7, 8] [162, 163, 164, 165] 20160308
3.5322420484571677 [2, 3, 4, 5, 7, 8] [44, 45, 46, 47, 48, 49] 20160405
3.5238245880385435 [1, 2, 3, 5, 7, 8, 9] [258, 259, 260, 261, 262, 263, 264, 265, 266, 267, 268, 269, 270, 271, 272, 273, 274, 275, 276, 277, 278, 279] 20160301
3.5035839160839153 [4, 6, 7, 8, 9] [0, 1, 2, 3, 4, 5, 6, 7, 8, 9, 10, 11, 12, 13, 14, 15, 16, 17, 18, 19, 20, 21, 22, 23] 20160302
3.5001785668734096 [2, 3, 5, 7, 8] [44, 45, 46, 47] 20160405
3.4838095238095264 [0, 1, 2, 3, 4, 5, 7] [127, 128, 129, 130, 131, 132, 133, 134, 135] 20160308
3.479999999999997 [0, 1, 2, 3, 5, 7, 8] [157, 158, 159, 160, 161, 162] 20160813
3.464213549191689 [4, 5, 6, 7, 8, 9] [215, 216, 217, 218, 219, 220, 221, 222, 223, 224, 225] 20160419
3.4390725493946754 [1, 2, 3, 4, 5, 7, 8] [22, 23, 24, 25, 26, 27, 28] 20160813
3.4305006645704337 [1, 2, 3, 4, 6, 7, 8] [73, 74, 75, 76, 77, 78, 79, 80, 81, 82] 20160813
3.428637565499673 [0, 1, 2, 3, 5, 6, 7] [207, 208, 209, 210] 20160628
3.4197006301500794 [4, 5, 7, 8] [237, 238, 239, 240, 241, 242, 243, 244, 245] 20160412
3.4036149000371805 [1, 2, 3, 4, 6, 7, 8] [116, 117, 118, 119, 120, 121, 122, 123, 124, 125, 126, 127] 20160312
3.3950965458371813 [4, 5, 6, 7, 8] [89, 90, 91, 92, 93] 20160514
3.3496298302946843 [1, 2, 3, 4, 6, 7, 8] [86, 87, 88, 89, 90, 91, 92] 20160312
3.348631561299832 [2, 3, 5, 7, 9] [131, 132, 133] 20160313
3.323329411702176 [1, 2, 3, 4, 5, 7, 9] [60, 61, 62, 63, 64, 65, 66, 67, 68, 69] 20160911
3.3197640478403483 [2, 3, 5, 7, 8] [54, 55, 56, 57] 20160313
3.306292541559253 [0, 1, 2, 3, 5, 7, 9] [250, 251, 252, 253, 254, 255] 20160621
3.291666666666668 [1, 2, 3, 4, 6, 7, 9] [143, 144, 145, 146] 20160308
3.28846558587901 [0, 1, 2, 3, 5, 6] [222, 223, 224, 225, 226, 227, 228, 229, 230, 231, 232, 233, 234, 235, 236, 237, 238, 239, 240, 241, 242] 20160911
3.2646592471496882 [2, 3, 5, 7, 8] [273, 274, 275] 20160308
3.252691193458118 [5, 7] [55, 56, 57] 20160405
3.228775680082197 [1, 2, 3, 4, 5, 7, 8] [75, 76, 77, 78, 79, 80, 81, 82, 83] 20160312
3.205 [2, 3, 5, 7, 8, 9] [83, 84, 85, 86, 87, 88] 20160405
3.202857001260209 [1, 2, 3, 5, 7] [16, 17, 18, 19, 20, 21, 22, 23] 20160813
3.200000000000003 [0, 1, 2, 3, 5, 7, 8] [231, 232, 233, 234] 20160813
3.199036602331025 [5, 6, 7, 8, 9] [201, 202, 203, 204, 205, 206, 207, 208, 209, 210, 211, 212, 213, 214, 215, 216, 217, 218, 219, 220, 221, 222, 223, 224] 20160405
3.1641545954045966 [5, 6, 7, 9] [81, 82, 83, 84, 85, 86, 87, 88, 89, 90, 91, 92, 93, 94, 95, 96, 97, 98, 99, 100, 101, 102, 103, 104] 20160328
3.1466251762801334 [0, 1, 2, 3, 5, 7, 9] [232, 233, 234, 235, 236] 20160412
3.144570135746605 [1, 2, 3, 5, 7, 8, 9] [198, 199, 200, 201, 202, 203, 204, 205, 206, 207, 208, 209, 210, 211, 212, 213, 214, 215] 20160302
3.1408236729672043 [0, 1, 2, 3, 5, 7, 8] [121, 122, 123, 124, 125, 126, 127, 128, 129] 20160621
3.1348400632603606 [2, 3, 5, 7] [34, 35, 36, 37] 20160405
3.099999999999998 [1, 2, 3, 5, 7] [271, 272, 273] 20160308
3.08642857142857 [0, 1, 2, 3, 5, 7, 9] [196, 197, 198, 199, 200, 201, 202, 203, 204, 205, 206, 207, 208, 209, 210, 211, 212, 213, 214, 215, 216, 217, 218] 20160621
3.0847000096702835 [2, 3, 5, 7, 8] [121, 122, 123, 124, 125, 126, 127, 128, 129] 20160308
3.0695789311915083 [1, 2, 3, 5, 7, 8] [22, 23, 24, 25] 20160813
3.064129385141706 [2, 3, 5, 7, 8] [81, 82, 83, 84] 20160405
3.0641293851416975 [2, 3, 5, 7] [121, 122, 123, 124, 125] 20160308
3.0503339222185217 [2, 3, 5, 7, 9] [137, 138, 139, 140] 20160313
3.0374999999999943 [1, 2, 3, 5, 6, 7, 9] [204, 205, 206, 207, 208] 20160911
2.9970764458422203 [0, 1, 2, 3, 5, 6] [110, 111, 112, 113, 114, 115, 116] 20160312
2.9875000000000007 [4, 5, 7, 8] [74, 75, 76, 77, 78] 20160312
2.9710237438858362 [0, 1, 2, 3, 5, 7, 9] [195, 196, 197, 198, 199, 200, 201, 202, 203, 204, 205, 206, 207, 208, 209, 210] 20160621
2.9396751206238294 [0, 1, 2, 3, 5, 7, 9] [253, 254, 255, 256, 257, 258, 259] 20160621
2.9299944065172223 [5, 6, 7, 8, 9] [188, 189, 190, 191, 192, 193, 194] 20160628
2.929249050524723 [0, 1, 2, 3, 5, 7] [197, 198, 199] 20160628
2.83980633142473 [0, 1, 2, 3, 4, 6, 7] [0, 1, 2, 3, 4, 5] 20160328
2.8290163190291655 [0, 1, 2, 3, 4] [78, 79, 80] 20160325
2.819976332255268 [2, 3, 4, 6, 7, 8, 9] [26, 27, 28, 29, 30, 31, 32, 33, 34, 35, 36, 37, 38, 39, 40, 41, 42, 43, 44, 45, 46, 47, 48, 49] 20160324
2.7981906218434798 [2, 3, 4, 5, 6, 7, 8] [239, 240, 241, 242, 243, 244, 245, 246, 247, 248] 20160911
2.7755952380952422 [2, 3, 5, 6] [232, 233, 234, 235, 236, 237, 238, 239, 240] 20160911
2.7666666666666764 [2, 3, 4, 6, 7, 8, 9] [267, 268, 269, 270] 20160312
2.7626210380723575 [3, 4, 6, 7, 9] [90, 91, 92, 93, 94, 95] 20160313
2.762480098805461 [4, 5, 6, 7, 8, 9] [188, 189, 190, 191] 20160628
2.7622893082047413 [2, 3, 4, 5, 7, 8, 9] [54, 55, 56, 57, 58, 59, 60] 20160312
2.751820282332249 [0, 1, 2, 3, 5, 7, 8] [176, 177, 178, 179, 180, 181, 182, 183, 184, 185] 20160412
2.749999999999993 [0, 1, 2, 3, 5, 7, 8] [222, 223, 224, 225, 226] 20160621
2.745931333607764 [6, 7, 9] [201, 202, 203, 204, 205] 20160911
2.7324994074579156 [2, 3, 4, 5, 6, 7] [57, 58, 59, 60, 61, 62, 63, 64, 65, 66, 67, 68, 69, 70, 71, 72, 73, 74, 75, 76, 77, 78, 79, 80] 20160328
2.7029859312631306 [1, 2, 3, 4, 5, 6, 7] [30, 31, 32, 33, 34, 35, 36, 37, 38] 20160312
2.7 [7] [118, 119, 120] 20160405
2.679166666666667 [1, 2, 3, 4, 5, 7, 8] [166, 167, 168, 169, 170] 20160412
2.675578179989948 [0, 1, 2, 3, 5, 6] [225, 226, 227, 228, 229, 230, 231, 232, 233, 234, 235, 236, 237, 238, 239, 240, 241, 242, 243] 20160621
2.674999999999997 [1] [95, 96, 97, 98, 99, 100] 20160621
2.6666666666666714 [9] [0, 1, 2, 3] 20160412
2.6499999999999986 [1, 2, 3, 5, 6, 7] [99, 100, 101, 102] 20160514
2.638560213449748 [4, 6, 7, 8, 9] [224, 225, 226, 227, 228] 20160412
2.6363021992393576 [2, 3, 5, 6, 7, 8, 9] [68, 69, 70, 71, 72] 20160514
2.6317549770560467 [0, 1, 2, 3, 5, 6] [229, 230, 231, 232, 233] 20160621
2.6243984495922494 [0, 1, 2, 3, 5, 7] [173, 174, 175, 176, 177, 178, 179] 20160412
2.6229952662303218 [0, 1, 2, 3, 5, 7] [169, 170, 171, 172, 173, 174] 20160412
2.619926313637254 [2, 3, 4, 5, 7, 8, 9] [58, 59, 60, 61, 62] 20160312
2.6166666666666742 [1, 2, 3, 5, 6, 7] [249, 250, 251, 252] 20160813
2.616666666666667 [2, 3, 4, 5, 7] [33, 34, 35, 36] 20160514
2.598076211353316 [0, 1, 2, 3, 5, 6] [229, 230, 231] 20160621
2.5811395263553827 [3, 4, 5, 6, 7, 8, 9] [0, 1, 2, 3, 4, 5, 6, 7, 8, 9, 10, 11, 12, 13, 14, 15, 16, 17, 18, 19, 20, 21, 22, 23] 20160324
2.5598139831823445 [0, 1, 2, 3, 5, 6, 7] [208, 209, 210, 211, 212, 213, 214, 215, 216] 20160301
2.5102290732122317 [5, 6] [198, 199, 200] 20160911
2.489484368450829 [0, 1, 2, 3, 5, 7, 8] [224, 225, 226, 227, 228, 229, 230, 231, 232, 233, 234, 235, 236, 237, 238, 239, 240, 241, 242] 20160302
2.444722222222211 [0, 1, 2, 3, 5, 6] [238, 239, 240, 241, 242, 243, 244, 245, 246, 247] 20160621
2.4041630560342555 [0, 1] [249, 250, 251, 252] 20160621
2.38117617995813 [0, 1, 2, 3, 5, 7, 9] [217, 218, 219] 20160324
2.371947355920711 [1, 2, 3, 5, 7, 8] [209, 210, 211, 212, 213, 214, 215] 20160302
2.3515981563372628 [3, 4, 6, 7, 8, 9] [208, 209, 210, 211, 212] 20160911
2.319023581244996 [6, 7, 8, 9] [207, 208, 209, 210] 20160911
2.2709110588125263 [5, 6, 7] [36, 37, 38, 39] 20160514
2.254166666666663 [1, 2, 3, 5, 6, 7, 9] [217, 218, 219, 220, 221, 222, 223] 20160911
2.2516660498395358 [5, 6, 7, 8] [200, 201, 202] 20160911
2.2506932400417003 [0, 1, 2, 3, 4, 6] [239, 240, 241, 242, 243, 244, 245, 246, 247, 248, 249, 250, 251, 252, 253, 254, 255, 256] 20160302
2.198800177874795 [0, 1, 2, 3, 5, 6] [254, 255, 256, 257, 258] 20160911
2.1666666666666643 [8] [43, 44, 45, 46] 20160302
2.144220960904893 [5, 7, 9] [52, 53, 54, 55, 56, 57, 58, 59, 60, 61, 62, 63, 64, 65, 66, 67, 68, 69, 70, 71, 72, 73, 74, 75] 20160324
2.126293179499282 [1, 2, 3, 4, 5, 6] [0, 1, 2, 3, 4, 5] 20160514
2.0800724479904247 [8, 9] [46, 47, 48, 49, 50, 51, 52] 20160325
2.0152543263816614 [2, 3] [88, 89, 90] 20160325
1.9445436482630105 [8, 9] [46, 47, 48] 20160325
1.90918830920368 [6, 7] [215, 216, 217] 20160514
1.869777170324492 [0, 1, 2, 3, 5, 7, 9] [222, 223, 224, 225, 226, 227] 20160302
1.7826842016922007 [1, 2, 3, 5, 7, 8, 9] [193, 194, 195, 196] 20160302
1.771117166795725 [1, 2, 3, 5, 7, 8, 9] [253, 254, 255, 256, 257, 258, 259, 260, 261] 20160301
1.7562499999999979 [0, 1, 2, 3, 5, 7, 8] [237, 238, 239, 240, 241, 242, 243, 244, 245] 20160302
1.7404985450109312 [0, 1, 2, 3, 5, 6, 7] [25, 26, 27, 28, 29, 30] 20160328
1.7078386817738287 [0, 1, 2, 3, 5, 7, 8] [28, 29, 30, 31] 20160328
1.6534055763786442 [3, 4, 6, 7, 8, 9] [152, 153, 154] 20160514
1.6263455967290623 [8, 9] [21, 22, 23] 20160328
1.6185770747720534 [4, 5, 7, 8, 9] [257, 258, 259, 260, 261, 262, 263, 264, 265, 266, 267, 268, 269, 270, 271, 272, 273, 274, 275, 276, 277, 278, 279, 280] 20160302
1.599999999999996 [2, 3, 5, 7, 8, 9] [198, 199, 200] 20160302
1.542886904474853 [0, 1, 2, 3, 4, 5, 6] [202, 203, 204] 20160514
1.5411372965010823 [0, 1, 2, 3, 4, 5, 6] [12, 13, 14, 15, 16] 20160328
1.501110699893028 [0, 1, 2] [218, 219, 220] 20160302
1.4849242404917482 [8, 9] [201, 202, 203, 204] 20160302
1.4087228258248683 [0, 1, 2, 3, 4, 5, 6] [219, 220, 221, 222] 20160302
1.3500000000000014 [8] [37, 38, 39] 20160325
1.2999999999999972 [1] [188, 189, 190, 191] 20160328
1.272142855548837 [3, 5, 7, 8, 9] [88, 89, 90, 91, 92, 93, 94, 95, 96, 97, 98, 99, 100, 101, 102, 103, 104, 105, 106, 107, 108, 109, 110, 111] 20160324
1.2451572859147781 [2, 3, 5, 7, 8, 9] [8, 9, 10, 11] 20160328
1.1333333333333329 [2, 3, 5, 6, 7, 8, 9] [178, 179, 180, 181] 20160301
1.1258330249197719 [6, 7, 8, 9] [27, 28, 29] 20160328
1.0584754935143152 [4, 6, 7, 8, 9] [23, 24, 25, 26] 20160328
1.0499999999999972 [9] [44, 45, 46] 20160325
1.0410331406828526 [1, 2, 3, 5, 7, 8, 9] [122, 123, 124, 125] 20160325
1.0311531724609624 [3, 4, 5, 6, 7, 8, 9] [113, 114, 115, 116, 117, 118, 119, 120, 121, 122, 123, 124, 125, 126, 127, 128, 129, 130, 131, 132, 133] 20160324
1.028591269649902 [1, 2, 3, 5, 6, 7, 8] [209, 210, 211] 20160301
0.9838699100999055 [0, 1, 2, 3, 5, 7, 8] [258, 259, 260, 261] 20160301
0.9391485505499091 [3, 4, 5, 7, 8] [233, 234, 235] 20160514
0.899999999999995 [6, 7, 8, 9] [6, 7, 8] 20160325
0.8675276172357083 [1, 2, 3, 4, 6, 7, 8] [127, 128, 129, 130, 131] 20160301
0.6531972647421873 [3, 4, 5, 7, 8, 9] [52, 53, 54] 20160325
0.6119912853409986 [2, 3, 5, 6, 7, 9] [133, 134, 135, 136, 137, 138, 139] 20160324
0.5249999999999986 [0, 1, 2, 3, 5, 7, 9] [122, 123, 124] 20160301
0.4999999999999982 [1, 2, 3, 4] [152, 153, 154] 20160301
0.4522577108651996 [2, 3, 5, 6, 7, 9] [133, 134, 135, 136] 20160324
0.4499999999999993 [0, 1, 2, 3, 5, 7, 9] [138, 139, 140] 20160301
0.3061862178478944 [2, 3, 4, 5, 6, 7, 9] [113, 114, 115, 116] 20160324
0.24596747752497242 [2, 3, 5, 6, 7, 9] [73, 74, 75, 76] 20160324
0.2020725942163678 [6, 7, 9] [111, 112, 113] 20160324
