47.369989267657566 [0, 1, 2, 3, 4, 5, 6, 7, 8, 9] [190, 191, 192, 193, 194, 195, 196, 197, 198, 199, 200, 201, 202, 203, 204, 205, 206, 207, 208, 209, 210, 211, 212, 213, 214, 215, 216, 217, 218, 219, 220, 221, 222, 223, 224, 225] 20160312
34.40151462976558 [0, 1, 2, 3, 4, 5, 6, 7, 8, 9] [133, 134, 135, 136, 137, 138, 139, 140, 141, 142, 143, 144, 145, 146, 147, 148, 149, 150, 151, 152, 153, 154, 155, 156, 157, 158, 159, 160, 161, 162, 163, 164, 165, 166, 167, 168] 20160421
31.008462018402337 [0, 1, 2, 3, 4] [48, 49, 50, 51, 52, 53, 54, 55, 56, 57, 58, 59, 60, 61, 62, 63, 64, 65, 66, 67, 68, 69, 70, 71, 72, 73, 74, 75, 76, 77, 78, 79, 80, 81, 82, 83] 20160325
30.48243027403043 [1, 2, 3, 4, 5, 6, 7, 8, 9] [252, 253, 254, 255, 256, 257, 258, 259, 260, 261, 262, 263, 264, 265, 266, 267, 268, 269, 270, 271, 272, 273, 274, 275, 276, 277, 278, 279, 280, 281, 282, 283, 284, 285, 286, 287] 20160922
29.348991697429113 [1, 2, 3, 4, 5, 6, 7, 8, 9] [11, 12, 13, 14, 15, 16, 17, 18, 19, 20, 21, 22, 23, 24, 25, 26, 27, 28, 29, 30, 31, 32, 33, 34, 35, 36, 37, 38, 39, 40, 41, 42, 43, 44, 45, 46] 20160301
29.2310466276393 [0, 1, 2, 3, 4, 5, 6, 7, 8, 9] [140, 141, 142, 143, 144, 145, 146, 147, 148, 149, 150, 151, 152, 153, 154, 155, 156, 157, 158, 159, 160, 161, 162, 163, 164, 165, 166, 167, 168, 169, 170, 171, 172, 173, 174, 175] 20160922
28.63566896302441 [2, 3, 4, 5, 6, 7, 8, 9] [133, 134, 135, 136, 137, 138, 139, 140, 141, 142, 143, 144, 145, 146, 147, 148, 149, 150, 151, 152, 153, 154, 155, 156, 157, 158, 159, 160, 161, 162, 163, 164, 165, 166, 167, 168] 20160405
25.76604707351841 [0, 1, 2, 3, 4, 5, 6, 7, 9] [23, 24, 25, 26, 27, 28, 29, 30, 31, 32, 33, 34, 35, 36, 37, 38, 39, 40, 41, 42, 43, 44, 45, 46, 47, 48, 49, 50, 51, 52, 53, 54, 55, 56, 57, 58] 20160621
25.674302440894163 [1, 2, 3, 4, 5, 6, 7, 8, 9] [202, 203, 204, 205, 206, 207, 208, 209, 210, 211, 212, 213, 214, 215, 216, 217, 218, 219, 220, 221, 222, 223, 224, 225, 226, 227, 228, 229, 230, 231, 232, 233, 234, 235, 236, 237] 20160529
24.548297568472748 [1, 2, 3, 4, 5, 6, 7, 8] [99, 100, 101, 102, 103, 104, 105, 106, 107, 108, 109, 110, 111, 112, 113, 114, 115, 116, 117, 118, 119, 120, 121, 122, 123, 124, 125, 126, 127, 128, 129, 130, 131, 132, 133, 134] 20160302
24.523967063104163 [0, 1, 2, 3, 4, 5, 6, 7, 8, 9] [156, 157, 158, 159, 160, 161, 162, 163, 164, 165, 166, 167, 168, 169, 170, 171, 172, 173, 174, 175, 176, 177, 178, 179, 180, 181, 182, 183, 184, 185, 186, 187, 188, 189, 190, 191] 20160309
24.492046353935287 [0, 1, 2, 3, 4, 5, 6, 7] [202, 203, 204, 205, 206, 207, 208, 209, 210, 211, 212, 213, 214, 215, 216, 217, 218, 219, 220, 221, 222, 223, 224, 225, 226, 227, 228, 229, 230, 231, 232, 233, 234, 235, 236, 237] 20160324
23.799969977227434 [0, 1, 2, 3, 4, 5, 6, 7, 8, 9] [143, 144, 145, 146, 147, 148, 149, 150, 151, 152, 153, 154, 155, 156, 157, 158, 159, 160, 161, 162, 163, 164, 165, 166, 167, 168, 169, 170, 171, 172, 173, 174, 175, 176, 177, 178] 20160312
23.749160268367888 [1, 2, 3, 5, 6, 7, 8] [242, 243, 244, 245, 246, 247, 248, 249, 250, 251, 252, 253, 254, 255, 256, 257, 258, 259, 260, 261, 262, 263, 264, 265, 266, 267, 268, 269, 270, 271, 272, 273, 274, 275, 276, 277] 20160813
23.6632298061099 [1, 2, 3, 4, 6] [230, 231, 232, 233, 234, 235, 236, 237, 238, 239, 240, 241, 242, 243, 244, 245, 246, 247, 248, 249, 250, 251, 252, 253, 254, 255, 256, 257, 258, 259, 260, 261, 262, 263, 264, 265] 20160813
23.083662255213106 [0, 1, 2, 3, 4, 5, 6, 7, 8, 9] [148, 149, 150, 151, 152, 153, 154, 155, 156, 157, 158, 159, 160, 161, 162, 163, 164, 165, 166, 167, 168, 169, 170, 171, 172, 173, 174, 175, 176, 177, 178, 179, 180, 181, 182, 183] 20160308
23.01959058061534 [0, 1, 2, 3, 4, 5, 7, 8] [74, 75, 76, 77, 78, 79, 80, 81, 82, 83, 84, 85, 86, 87, 88, 89, 90, 91, 92, 93, 94, 95, 96, 97, 98, 99, 100, 101] 20160302
22.748039745934374 [0, 1, 2, 3, 4, 5, 6, 7, 8, 9] [167, 168, 169, 170, 171, 172, 173, 174, 175, 176, 177, 178, 179, 180, 181, 182, 183, 184, 185, 186, 187, 188, 189, 190, 191, 192, 193, 194, 195, 196, 197, 198, 199, 200, 201, 202] 20160308
22.458927716306814 [2, 3, 4, 5, 6, 7, 8, 9] [140, 141, 142, 143, 144, 145, 146, 147, 148, 149, 150, 151, 152, 153, 154, 155, 156, 157, 158, 159, 160, 161, 162, 163, 164, 165, 166, 167, 168, 169, 170, 171, 172, 173, 174, 175] 20160313
22.228113980758906 [0, 1, 2, 3, 4, 5, 6, 7, 8] [58, 59, 60, 61, 62, 63, 64, 65, 66, 67, 68, 69, 70, 71, 72, 73, 74, 75, 76, 77, 78, 79, 80, 81, 82, 83, 84, 85, 86, 87, 88, 89, 90, 91, 92, 93] 20160419
21.62584570400355 [1, 2, 3, 4, 5, 6, 7, 8] [235, 236, 237, 238, 239, 240, 241, 242, 243, 244, 245, 246, 247, 248, 249, 250, 251, 252, 253, 254, 255, 256, 257, 258, 259, 260, 261, 262, 263, 264, 265, 266, 267, 268, 269, 270] 20160514
20.93879769513322 [0, 1, 2, 3, 4, 5, 6, 7, 8, 9] [252, 253, 254, 255, 256, 257, 258, 259, 260, 261, 262, 263, 264, 265, 266, 267, 268, 269, 270, 271, 272, 273, 274, 275, 276, 277, 278, 279, 280, 281, 282, 283, 284, 285, 286, 287] 20160911
20.814002766505237 [1, 2, 3, 4, 5, 6, 7, 8, 9] [1, 2, 3, 4, 5, 6, 7, 8, 9, 10, 11, 12, 13, 14, 15, 16, 17, 18, 19, 20, 21, 22, 23, 24, 25, 26, 27, 28, 29, 30, 31, 32, 33, 34, 35, 36] 20160421
20.40096970605486 [3, 4, 5, 6, 7, 8, 9] [122, 123, 124, 125, 126, 127, 128, 129, 130, 131, 132, 133, 134, 135, 136, 137, 138, 139, 140, 141, 142, 143, 144, 145, 146, 147, 148, 149, 150, 151, 152, 153, 154, 155, 156, 157] 20160514
20.138587907936007 [0, 1, 2, 3, 4, 5, 6, 7, 8, 9] [129, 130, 131, 132, 133, 134, 135, 136, 137, 138, 139, 140, 141, 142, 143, 144, 145, 146, 147, 148, 149, 150, 151, 152, 153, 154, 155, 156, 157, 158, 159, 160, 161, 162, 163, 164] 20160529
19.246547619047618 [1, 2, 3, 4] [55, 56, 57, 58, 59, 60, 61, 62, 63, 64, 65, 66, 67, 68, 69, 70, 71, 72, 73, 74, 75, 76, 77, 78, 79, 80, 81, 82, 83, 84, 85, 86, 87, 88, 89, 90] 20160412
18.60804953560372 [3] [42, 43, 44, 45, 46, 47, 48, 49, 50, 51, 52, 53, 54, 55, 56, 57, 58, 59, 60, 61, 62, 63, 64, 65, 66, 67, 68, 69, 70, 71, 72, 73, 74, 75, 76, 77] 20160309
18.478582008838288 [3, 5, 7, 8] [56, 57, 58, 59, 60, 61, 62, 63, 64, 65, 66, 67, 68, 69, 70, 71, 72, 73, 74, 75, 76, 77, 78, 79, 80, 81, 82, 83, 84, 85, 86, 87, 88, 89, 90, 91] 20160309
18.338589968847835 [5, 7, 8] [218, 219, 220, 221, 222, 223, 224, 225, 226, 227, 228, 229, 230, 231, 232, 233, 234, 235, 236, 237, 238, 239, 240, 241, 242, 243, 244, 245, 246, 247, 248, 249, 250, 251, 252, 253] 20160628
17.955632753034205 [2, 3, 4, 5, 7, 8, 9] [252, 253, 254, 255, 256, 257, 258, 259, 260, 261, 262, 263, 264, 265, 266, 267, 268, 269, 270, 271, 272, 273, 274, 275, 276, 277, 278, 279, 280, 281, 282, 283, 284, 285, 286, 287] 20160312
17.69752994055298 [0, 1, 2, 3, 4, 5] [49, 50, 51, 52, 53, 54, 55, 56, 57, 58, 59, 60, 61, 62, 63, 64, 65, 66, 67, 68, 69, 70, 71, 72, 73, 74, 75, 76, 77, 78, 79, 80, 81, 82, 83, 84] 20160911
17.650746036360765 [1, 2, 3, 4, 5, 6] [71, 72, 73, 74, 75, 76, 77, 78, 79, 80, 81, 82, 83, 84, 85, 86, 87, 88, 89, 90, 91, 92, 93, 94, 95, 96, 97, 98, 99, 100, 101, 102, 103, 104, 105, 106] 20160911
17.27992113681367 [0, 1, 2, 3, 5, 7, 8, 9] [245, 246, 247, 248, 249, 250, 251, 252, 253, 254, 255, 256, 257, 258, 259, 260, 261, 262, 263, 264, 265, 266, 267, 268, 269, 270, 271, 272, 273, 274, 275, 276, 277, 278, 279, 280] 20160324
17.14808472292251 [0, 1, 2, 3, 5, 7, 8, 9] [252, 253, 254, 255, 256, 257, 258, 259, 260, 261, 262, 263, 264, 265, 266, 267, 268, 269, 270, 271, 272, 273, 274, 275, 276, 277, 278, 279, 280, 281, 282, 283, 284, 285, 286, 287] 20160308
17.005515147608524 [2, 3, 4, 5, 6, 7, 8] [92, 93, 94, 95, 96, 97, 98, 99, 100, 101, 102, 103, 104, 105, 106, 107, 108, 109, 110, 111, 112, 113, 114, 115, 116, 117, 118, 119, 120, 121, 122, 123, 124, 125, 126, 127] 20160911
16.884133778474784 [7, 8, 9] [110, 111, 112, 113, 114, 115, 116, 117, 118, 119, 120, 121, 122, 123, 124, 125, 126, 127, 128, 129, 130, 131, 132, 133, 134, 135, 136, 137, 138, 139, 140, 141, 142, 143, 144, 145] 20160911
16.48782458842507 [0, 1, 2, 3, 5, 7, 8] [43, 44, 45, 46, 47, 48, 49, 50, 51, 52, 53, 54, 55, 56, 57, 58, 59, 60, 61, 62, 63, 64, 65, 66, 67, 68, 69, 70, 71, 72, 73, 74, 75, 76, 77] 20160302
16.457174046934256 [1, 2, 3, 4, 5] [219, 220, 221, 222, 223, 224, 225, 226, 227, 228, 229, 230, 231, 232, 233, 234, 235, 236, 237, 238, 239, 240, 241, 242, 243, 244, 245, 246, 247, 248, 249, 250, 251, 252, 253, 254] 20160328
16.324728471474263 [5, 7, 8] [75, 76, 77, 78, 79, 80, 81, 82, 83, 84, 85, 86, 87, 88, 89, 90, 91, 92, 93, 94, 95, 96, 97, 98, 99, 100, 101, 102, 103, 104, 105, 106, 107, 108, 109, 110] 20160309
15.74027674557683 [1, 2, 3, 4, 5, 7, 9] [252, 253, 254, 255, 256, 257, 258, 259, 260, 261, 262, 263, 264, 265, 266, 267, 268, 269, 270, 271, 272, 273, 274, 275, 276, 277, 278, 279, 280, 281, 282, 283, 284, 285, 286, 287] 20160421
15.400951735200866 [0, 1, 2, 3, 4, 5] [85, 86, 87, 88, 89, 90, 91, 92, 93, 94, 95, 96, 97, 98, 99, 100, 101, 102, 103, 104, 105, 106, 107, 108, 109, 110, 111, 112, 113, 114, 115, 116, 117, 118, 119, 120] 20160325
15.394144775634043 [2, 3, 4, 5, 6, 7, 8, 9] [184, 185, 186, 187, 188, 189, 190, 191, 192, 193, 194, 195, 196, 197, 198, 199, 200, 201, 202, 203, 204, 205, 206, 207, 208, 209, 210, 211, 212, 213, 214, 215, 216, 217, 218, 219] 20160325
15.3783035682083 [3, 4, 5, 6, 7, 8, 9] [0, 1, 2, 3, 4, 5, 6, 7, 8, 9, 10, 11, 12, 13, 14, 15, 16, 17, 18, 19, 20, 21, 22, 23, 24, 25, 26, 27, 28, 29, 30, 31, 32, 33, 34, 35] 20160529
15.364761904761906 [5] [90, 91, 92, 93, 94, 95, 96, 97, 98, 99, 100, 101, 102, 103, 104, 105, 106, 107, 108, 109, 110, 111, 112, 113, 114, 115, 116, 117, 118, 119, 120] 20160309
15.29731516098593 [4, 6, 7, 9] [52, 53, 54, 55, 56, 57, 58, 59, 60, 61, 62, 63, 64, 65, 66, 67, 68, 69, 70, 71, 72, 73, 74, 75, 76, 77, 78, 79, 80, 81, 82, 83, 84, 85, 86, 87] 20160313
15.2705645507792 [3, 4, 5, 6, 7, 8, 9] [0, 1, 2, 3, 4, 5, 6, 7, 8, 9, 10, 11, 12, 13, 14, 15, 16, 17, 18, 19, 20, 21, 22, 23, 24] 20160529
15.126443601356002 [6, 7, 8, 9] [113, 114, 115, 116, 117, 118, 119, 120, 121, 122, 123, 124, 125, 126, 127, 128, 129, 130, 131, 132, 133, 134, 135, 136, 137, 138, 139, 140, 141, 142, 143, 144, 145, 146, 147, 148] 20160412
15.064796875829485 [0, 1, 2, 3, 4, 5, 6, 7, 8, 9] [25, 26, 27, 28, 29, 30, 31, 32, 33, 34, 35, 36, 37, 38, 39, 40, 41, 42, 43, 44, 45, 46, 47, 48, 49, 50, 51, 52, 53, 54, 55, 56, 57, 58, 59, 60] 20160313
14.986381280693925 [0, 1, 2, 3, 4, 6, 7, 8, 9] [149, 150, 151, 152, 153, 154, 155, 156, 157, 158, 159, 160, 161, 162, 163, 164, 165, 166, 167, 168, 169, 170, 171, 172, 173, 174, 175, 176, 177, 178, 179, 180, 181, 182, 183, 184] 20160813
14.558948735010375 [2, 3, 4, 5, 6, 7, 8] [235, 236, 237, 238, 239, 240, 241, 242, 243, 244, 245, 246, 247, 248, 249, 250, 251, 252, 253, 254, 255, 256, 257, 258, 259, 260, 261, 262, 263, 264, 265, 266, 267, 268, 269, 270] 20160328
14.345854716349555 [0, 1, 2, 3, 4, 6, 7, 8, 9] [168, 169, 170, 171, 172, 173, 174, 175, 176, 177, 178, 179, 180, 181, 182, 183, 184, 185, 186, 187, 188, 189, 190, 191, 192, 193, 194, 195, 196, 197, 198, 199, 200, 201, 202, 203] 20160813
14.218279995481568 [0, 1, 2, 3, 4, 5, 6, 7] [71, 72, 73, 74, 75, 76, 77, 78, 79, 80, 81, 82, 83, 84, 85, 86, 87, 88, 89, 90, 91, 92, 93, 94, 95, 96, 97, 98, 99, 100, 101, 102, 103, 104, 105, 106] 20160421
13.927427141099963 [0, 1, 2, 3, 4, 5, 6, 7, 8, 9] [160, 161, 162, 163, 164, 165, 166, 167, 168, 169, 170, 171, 172, 173, 174, 175, 176, 177, 178, 179, 180, 181, 182, 183, 184, 185, 186, 187, 188, 189, 190, 191, 192, 193, 194, 195] 20160419
13.59863590933202 [4, 5, 6, 7, 8, 9] [151, 152, 153, 154, 155, 156, 157, 158, 159, 160, 161, 162, 163, 164, 165, 166, 167, 168, 169, 170, 171, 172, 173, 174, 175, 176, 177, 178, 179, 180, 181, 182, 183, 184, 185, 186] 20160325
13.52308841099164 [5, 6, 7, 8] [89, 90, 91, 92, 93, 94, 95, 96, 97, 98, 99, 100, 101, 102, 103, 104, 105, 106, 107, 108, 109, 110, 111, 112, 113, 114, 115, 116, 117, 118, 119, 120, 121, 122, 123, 124] 20160412
13.354967795001048 [0, 1, 2, 3, 4, 5, 7, 8, 9] [1, 2, 3, 4, 5, 6, 7, 8, 9, 10, 11, 12, 13, 14, 15, 16, 17, 18, 19, 20, 21, 22, 23, 24, 25, 26, 27, 28, 29, 30, 31, 32, 33, 34, 35, 36] 20160419
12.761733632220158 [0, 1, 2, 3, 4, 5, 6, 7, 8, 9] [140, 141, 142, 143, 144, 145, 146, 147, 148, 149, 150, 151, 152, 153, 154, 155, 156, 157, 158, 159, 160, 161, 162, 163, 164, 165, 166, 167, 168, 169, 170, 171, 172, 173, 174, 175] 20160628
12.696492799914681 [2, 3, 4, 5, 7, 8] [0, 1, 2, 3, 4, 5, 6, 7, 8, 9, 10, 11, 12, 13, 14, 15, 16, 17, 18, 19, 20, 21, 22, 23, 24, 25, 26, 27, 28, 29, 30, 31, 32, 33, 34, 35] 20160514
12.155072930923717 [2, 3, 4, 5, 6, 7, 8, 9] [49, 50, 51, 52, 53, 54, 55, 56, 57, 58, 59, 60, 61, 62, 63, 64, 65, 66, 67, 68, 69, 70, 71, 72, 73, 74, 75, 76, 77, 78, 79, 80, 81, 82, 83, 84] 20160405
12.149961758708395 [0, 1, 2, 3, 4, 5, 6, 7, 8, 9] [252, 253, 254, 255, 256, 257, 258, 259, 260, 261, 262, 263, 264, 265, 266, 267, 268, 269, 270, 271, 272, 273, 274, 275, 276, 277, 278, 279, 280, 281, 282, 283, 284, 285, 286, 287] 20160309
11.92933338941088 [2, 3, 4, 5, 6, 7, 8, 9] [0, 1, 2, 3, 4, 5, 6, 7, 8, 9, 10, 11, 12, 13, 14, 15, 16, 17, 18, 19, 20, 21, 22, 23, 24, 25, 26] 20160313
11.766507641367824 [1, 2, 3, 4, 6, 7, 8, 9] [9, 10, 11, 12, 13, 14, 15, 16, 17, 18, 19, 20, 21, 22, 23, 24, 25, 26, 27, 28, 29, 30, 31, 32, 33, 34, 35, 36, 37, 38, 39, 40, 41, 42, 43, 44] 20160309
11.748115727560238 [2, 3, 5, 6, 7] [30, 31, 32, 33, 34, 35, 36, 37, 38, 39, 40, 41, 42] 20160421
11.70377356494848 [2, 3, 4, 5, 6, 7] [22, 23, 24, 25, 26, 27, 28, 29, 30, 31, 32, 33, 34, 35, 36, 37, 38, 39, 40, 41, 42, 43, 44, 45, 46, 47, 48, 49, 50, 51, 52, 53, 54, 55, 56, 57] 20160405
11.536195860527737 [0, 1, 2, 3, 4, 5, 6, 7, 8, 9] [82, 83, 84, 85, 86, 87, 88, 89, 90, 91, 92, 93, 94, 95, 96, 97, 98, 99, 100, 101, 102, 103, 104, 105, 106, 107, 108, 109, 110, 111, 112, 113, 114, 115, 116, 117] 20160621
11.356349180638121 [1, 2, 3] [272, 273, 274, 275, 276, 277, 278, 279, 280, 281, 282, 283, 284, 285, 286, 287] 20160324
11.17125 [9] [128, 129, 130, 131, 132, 133, 134, 135, 136, 137, 138, 139, 140, 141, 142, 143, 144, 145, 146, 147, 148, 149, 150, 151, 152, 153, 154, 155, 156, 157, 158, 159, 160, 161, 162, 163] 20160412
11.066221125569472 [6, 7, 8] [197, 198, 199, 200, 201, 202, 203, 204, 205, 206, 207, 208, 209, 210, 211, 212, 213, 214, 215, 216, 217, 218, 219, 220, 221, 222, 223, 224, 225, 226, 227, 228, 229, 230] 20160628
11.022448160081165 [1, 2, 3, 5, 6, 7, 8, 9] [208, 209, 210, 211, 212, 213, 214, 215, 216, 217, 218, 219, 220, 221, 222, 223, 224, 225, 226, 227, 228, 229, 230, 231, 232, 233, 234, 235, 236, 237, 238, 239, 240, 241, 242, 243] 20160325
10.96442441564889 [0, 1, 2, 3, 4, 5, 6, 7, 8, 9] [128, 129, 130, 131, 132, 133, 134, 135, 136, 137, 138, 139, 140, 141, 142, 143, 144, 145, 146, 147, 148, 149, 150, 151, 152, 153, 154, 155, 156, 157, 158, 159, 160, 161, 162, 163] 20160621
10.885184425815792 [0, 1, 2, 3, 4, 5, 6, 7, 8] [0, 1, 2, 3, 4, 5, 6, 7, 8, 9, 10, 11, 12, 13, 14, 15, 16, 17, 18, 19, 20, 21, 22, 23, 24, 25, 26, 27, 28, 29, 30, 31, 32, 33, 34, 35] 20160628
10.8179132725873 [0, 1, 2, 3, 4, 6, 7, 8, 9] [168, 169, 170, 171, 172, 173, 174, 175, 176, 177, 178, 179, 180, 181, 182, 183, 184, 185, 186, 187, 188, 189, 190, 191, 192, 193, 194, 195, 196, 197, 198, 199, 200, 201, 202, 203] 20160628
10.762760327907387 [0, 1, 2, 3, 4, 5, 6, 7, 8] [0, 1, 2, 3, 4, 5, 6, 7, 8, 9, 10, 11, 12, 13, 14, 15, 16, 17, 18, 19, 20, 21, 22, 23] 20160628
10.689583333333331 [6] [186, 187, 188, 189, 190, 191, 192, 193, 194, 195, 196, 197, 198, 199, 200, 201, 202, 203, 204] 20160628
10.503562222644574 [1, 2, 3, 4, 5, 7, 9] [34, 35, 36, 37, 38, 39, 40, 41, 42, 43, 44, 45, 46, 47, 48, 49, 50, 51, 52, 53, 54, 55, 56, 57, 58, 59, 60, 61, 62, 63, 64, 65, 66, 67, 68, 69] 20160308
10.32469420072756 [1, 2, 3, 5, 7, 8, 9] [94, 95, 96, 97, 98, 99, 100, 101, 102, 103, 104, 105, 106, 107, 108, 109, 110, 111, 112, 113, 114, 115, 116, 117, 118, 119, 120, 121, 122, 123, 124, 125, 126, 127, 128, 129] 20160313
10.305693046859533 [2, 3, 4, 5, 6, 7, 8, 9] [31, 32, 33, 34, 35, 36, 37, 38, 39, 40, 41, 42, 43, 44, 45, 46, 47, 48, 49, 50, 51, 52, 53, 54, 55, 56, 57, 58, 59, 60, 61, 62, 63, 64, 65, 66] 20160514
10.301236403103506 [1, 2, 3, 5, 6, 7, 8] [77, 78, 79, 80, 81, 82, 83, 84, 85, 86, 87, 88, 89, 90, 91, 92, 93, 94, 95, 96, 97, 98, 99, 100, 101, 102, 103, 104, 105, 106, 107, 108, 109, 110, 111, 112] 20160514
10.031734932390702 [0, 1, 2, 3, 4, 5, 6, 7, 8, 9] [252, 253, 254, 255, 256, 257, 258, 259, 260, 261, 262, 263, 264, 265, 266, 267, 268, 269, 270, 271, 272, 273, 274, 275, 276, 277, 278, 279, 280, 281, 282, 283, 284, 285, 286, 287] 20160419
9.811097630079233 [0, 1, 2, 3, 4, 5, 6, 7, 8, 9] [213, 214, 215, 216, 217, 218, 219, 220, 221, 222, 223, 224, 225, 226, 227, 228, 229, 230, 231, 232, 233, 234, 235, 236, 237, 238, 239, 240, 241, 242, 243, 244, 245, 246, 247, 248] 20160301
9.523285042969077 [2, 3, 4, 5, 6, 7, 8] [1, 2, 3, 4, 5, 6, 7, 8, 9, 10, 11, 12, 13, 14, 15, 16, 17, 18, 19, 20, 21, 22, 23, 24, 25, 26, 27, 28, 29, 30, 31, 32, 33, 34, 35, 36] 20160325
9.399999999999999 [8] [188, 189, 190] 20160325
9.141715057302518 [1, 2, 3, 4, 5, 6, 7, 8, 9] [252, 253, 254, 255, 256, 257, 258, 259, 260, 261, 262, 263, 264, 265, 266, 267, 268, 269, 270, 271, 272, 273, 274, 275, 276, 277, 278, 279, 280, 281, 282, 283, 284, 285, 286, 287] 20160313
9.093099018272492 [0, 1, 2, 3, 4, 5, 6, 7, 8, 9] [252, 253, 254, 255, 256, 257, 258, 259, 260, 261, 262, 263, 264, 265, 266, 267, 268, 269, 270, 271, 272, 273, 274, 275, 276, 277, 278, 279, 280, 281, 282, 283, 284, 285, 286, 287] 20160621
8.551514326773285 [0, 1, 2, 3, 4, 5, 6, 7, 8, 9] [0, 1, 2, 3, 4, 5, 6, 7, 8, 9, 10, 11, 12, 13, 14, 15, 16, 17, 18, 19, 20, 21, 22, 23, 24, 25, 26, 27, 28, 29, 30, 31, 32] 20160922
8.547848568500743 [0, 1, 2, 3, 5, 7] [50, 51, 52, 53, 54, 55, 56, 57, 58, 59, 60, 61, 62, 63, 64, 65, 66, 67, 68, 69, 70, 71, 72, 73, 74, 75, 76, 77, 78] 20160628
8.406177321697704 [0, 1, 2, 3, 4, 5, 6, 7, 8, 9] [152, 153, 154, 155, 156, 157, 158, 159, 160, 161, 162, 163, 164, 165, 166, 167, 168, 169, 170, 171, 172, 173, 174, 175, 176, 177, 178, 179, 180, 181, 182, 183, 184, 185, 186, 187] 20160911
8.288877498977964 [7, 8, 9] [241, 242, 243, 244, 245, 246, 247, 248, 249, 250, 251, 252, 253, 254, 255, 256, 257, 258, 259, 260, 261, 262, 263, 264, 265, 266, 267, 268, 269, 270, 271, 272, 273, 274, 275, 276] 20160325
8.26871985581675 [0, 1, 2, 3, 5, 7] [0, 1, 2, 3, 4, 5, 6, 7, 8, 9, 10, 11, 12, 13, 14, 15, 16, 17, 18, 19, 20, 21, 22, 23, 24] 20160911
7.907810836269559 [3, 5] [22, 23, 24, 25, 26, 27, 28] 20160419
7.8444444444444485 [0] [0, 1, 2, 3, 4, 5, 6, 7, 8, 9, 10, 11] 20160911
7.840833333333332 [1, 2, 3, 5, 7, 8] [104, 105, 106, 107, 108, 109, 110, 111, 112] 20160514
7.800150461511768 [4, 5, 6, 7, 8] [97, 98, 99, 100, 101, 102, 103] 20160421
7.748709229342221 [0, 1, 2, 3, 4, 5, 6, 7, 8, 9] [1, 2, 3, 4, 5, 6, 7, 8, 9, 10, 11, 12, 13, 14, 15, 16, 17, 18, 19, 20, 21, 22, 23, 24, 25, 26, 27, 28, 29, 30, 31, 32, 33, 34, 35, 36] 20160312
7.533656300106062 [0, 1, 2, 3, 4, 5, 6, 7, 8, 9] [18, 19, 20, 21, 22, 23, 24, 25, 26, 27, 28, 29, 30, 31, 32, 33, 34, 35, 36, 37, 38, 39, 40, 41, 42, 43, 44, 45, 46, 47, 48, 49, 50, 51, 52, 53] 20160922
7.494846165506139 [0, 1, 2, 3, 4, 5, 6, 7, 8, 9] [164, 165, 166, 167, 168, 169, 170, 171, 172, 173, 174, 175, 176, 177, 178, 179, 180, 181, 182, 183, 184, 185, 186, 187, 188, 189, 190, 191, 192, 193, 194, 195, 196, 197, 198, 199] 20160301
7.446499003308258 [1, 2, 3, 4, 5, 6, 7, 8, 9] [87, 88, 89, 90, 91, 92, 93, 94, 95, 96, 97, 98, 99, 100, 101, 102, 103, 104, 105, 106, 107, 108, 109, 110, 111, 112, 113, 114, 115, 116, 117, 118, 119, 120, 121, 122] 20160308
7.399911741852213 [0, 1, 2, 3, 4, 5, 6, 7, 8, 9] [144, 145, 146, 147, 148, 149, 150, 151, 152, 153, 154, 155, 156, 157, 158, 159, 160, 161, 162, 163, 164, 165, 166, 167, 168, 169, 170, 171, 172, 173, 174, 175, 176, 177, 178, 179] 20160301
7.396867540003497 [0, 1, 2, 3, 5, 6, 7, 8] [152, 153, 154, 155, 156, 157, 158, 159, 160, 161, 162, 163, 164, 165, 166, 167, 168, 169, 170, 171, 172, 173, 174, 175, 176, 177, 178, 179, 180, 181, 182, 183, 184, 185, 186, 187] 20160328
7.141790182492159 [0, 1, 2, 3, 4, 5, 6, 7, 8, 9] [0, 1, 2, 3, 4, 5, 6, 7, 8, 9, 10, 11, 12, 13, 14, 15, 16, 17, 18, 19, 20, 21, 22, 23, 24, 25, 26, 27, 28, 29, 30, 31, 32, 33, 34, 35] 20160328
7.124186860424731 [0, 1, 2, 3, 5, 7, 8] [84, 85, 86, 87, 88, 89, 90, 91, 92, 93, 94, 95, 96, 97, 98, 99, 100, 101, 102, 103, 104, 105, 106, 107, 108, 109, 110, 111, 112, 113, 114, 115, 116, 117, 118, 119] 20160529
6.9977747686013805 [0, 1, 2, 3, 4, 6, 7, 8] [124, 125, 126, 127, 128, 129, 130, 131, 132, 133, 134, 135, 136, 137, 138, 139, 140, 141, 142, 143, 144, 145, 146, 147, 148, 149, 150, 151, 152, 153, 154, 155, 156, 157, 158, 159] 20160328
6.994219717538362 [0, 1, 2, 3, 4, 6, 7, 8] [59, 60, 61, 62, 63, 64, 65, 66, 67, 68, 69, 70, 71, 72, 73, 74, 75, 76, 77, 78, 79, 80, 81, 82, 83, 84, 85, 86, 87, 88, 89, 90, 91] 20160922
6.989160248890492 [5, 6, 7, 8] [70, 71, 72, 73, 74, 75, 76, 77, 78, 79, 80, 81, 82, 83, 84, 85, 86, 87, 88, 89, 90, 91, 92, 93, 94, 95, 96, 97, 98, 99, 100] 20160308
6.933013630776672 [7, 8] [58, 59, 60, 61, 62, 63, 64, 65, 66] 20160421
6.900686137392017 [0, 1, 2, 3, 4, 5, 6, 7, 9] [72, 73, 74, 75, 76, 77, 78, 79, 80, 81, 82, 83, 84, 85, 86, 87, 88, 89, 90, 91, 92, 93, 94, 95, 96, 97, 98, 99, 100, 101, 102, 103, 104, 105, 106, 107] 20160529
6.630000000000003 [1, 2, 3, 5, 7] [13, 14, 15, 16, 17, 18, 19] 20160309
6.524360182802518 [0, 1, 2, 3, 4, 5, 7, 8, 9] [176, 177, 178, 179, 180, 181, 182, 183, 184, 185, 186, 187, 188, 189, 190, 191, 192, 193, 194, 195, 196, 197, 198, 199, 200, 201, 202, 203, 204, 205, 206, 207, 208, 209, 210, 211] 20160412
6.473412004208574 [0, 1, 2, 3, 4, 5, 6, 7, 8, 9] [252, 253, 254, 255, 256, 257, 258, 259, 260, 261, 262, 263, 264, 265, 266, 267, 268, 269, 270, 271, 272, 273, 274, 275, 276, 277, 278, 279, 280, 281, 282, 283, 284, 285, 286, 287] 20160412
6.359068834067524 [1, 2, 3, 4, 5, 6, 7, 8, 9] [187, 188, 189, 190, 191, 192, 193, 194, 195, 196, 197, 198, 199, 200, 201, 202, 203, 204, 205, 206, 207, 208, 209, 210, 211, 212, 213, 214, 215, 216, 217, 218, 219, 220, 221, 222] 20160412
6.333333333333329 [2, 3, 5, 7, 8] [23, 24, 25, 26] 20160421
6.0516555356548665 [7, 8] [75, 76, 77, 78, 79, 80] 20160309
6.033111158441335 [1, 2, 3, 4, 6, 7, 8] [71, 72, 73, 74, 75, 76, 77, 78, 79, 80, 81, 82, 83, 84, 85, 86, 87, 88, 89, 90, 91, 92, 93, 94, 95, 96, 97, 98, 99, 100, 101, 102, 103, 104, 105, 106] 20160922
6.029860097196007 [3, 5, 6, 7, 8, 9] [109, 110, 111, 112, 113, 114, 115, 116, 117, 118, 119, 120, 121, 122, 123, 124, 125, 126, 127, 128, 129, 130, 131, 132, 133, 134, 135, 136, 137, 138, 139, 140, 141, 142, 143, 144] 20160419
6.02368780854509 [4, 6, 7] [44, 45, 46, 47] 20160421
5.932937595831165 [0, 1, 2, 3, 4, 6, 7] [0, 1, 2, 3, 4, 5, 6, 7, 8, 9, 10, 11, 12, 13, 14, 15, 16, 17, 18, 19, 20, 21, 22, 23, 24, 25, 26, 27, 28] 20160813
5.927013071604545 [0, 1, 2, 3, 4, 5, 6, 7, 8, 9] [252, 253, 254, 255, 256, 257, 258, 259, 260, 261, 262, 263, 264, 265, 266, 267, 268, 269, 270, 271, 272, 273, 274, 275, 276, 277, 278, 279, 280, 281, 282, 283, 284, 285, 286, 287] 20160405
5.926355748913447 [1, 2, 3, 5, 6, 7, 8] [0, 1, 2, 3, 4, 5, 6, 7, 8, 9, 10] 20160309
5.922222222222231 [1] [108, 109, 110, 111, 112, 113, 114, 115, 116, 117, 118, 119] 20160529
5.87063046902581 [0, 1, 2, 3, 5, 6, 7, 8] [217, 218, 219, 220, 221, 222, 223, 224, 225, 226, 227, 228, 229, 230] 20160628
5.8519710887035945 [1, 2, 3, 5, 7, 8, 9] [109, 110, 111, 112, 113, 114, 115, 116, 117, 118, 119, 120, 121, 122] 20160308
5.761875960852404 [1, 2, 3, 4, 6, 7, 8] [71, 72, 73, 74, 75, 76, 77, 78, 79, 80, 81, 82, 83, 84, 85, 86, 87, 88, 89, 90, 91] 20160922
5.6232318059882225 [1, 2, 3, 5, 6, 7] [72, 73, 74, 75, 76, 77, 78, 79, 80] 20160421
5.605221797014228 [1, 2, 3, 4, 5, 6, 7, 8] [244, 245, 246, 247, 248, 249, 250, 251, 252, 253, 254, 255, 256, 257, 258, 259, 260, 261, 262, 263, 264, 265, 266, 267, 268] 20160412
5.5916666666666615 [4, 5, 6, 7, 8] [34, 35, 36, 37] 20160421
5.584139336173793 [2, 3, 5, 7, 8, 9] [131, 132, 133, 134, 135, 136, 137, 138, 139, 140, 141, 142, 143] 20160313
5.578989603861969 [1, 2, 3, 5, 7, 8] [46, 47, 48, 49, 50, 51, 52, 53] 20160419
5.515432893255073 [2, 3, 5] [21, 22, 23] 20160419
5.475892943071344 [0, 1, 2, 3, 5, 7, 8, 9] [169, 170, 171, 172, 173, 174, 175, 176, 177, 178, 179, 180, 181, 182, 183, 184, 185, 186, 187, 188, 189, 190, 191, 192, 193, 194, 195, 196, 197, 198, 199, 200, 201, 202, 203, 204] 20160302
5.473135345182619 [1, 2, 3, 4, 6, 7, 8] [68, 69, 70, 71, 72, 73, 74, 75, 76, 77, 78] 20160922
5.449999999999996 [8] [73, 74, 75] 20160309
5.399098553194917 [0, 1, 2, 3, 4, 6, 7, 8] [23, 24, 25, 26, 27, 28, 29, 30, 31, 32, 33, 34, 35, 36, 37, 38, 39, 40, 41, 42, 43, 44, 45, 46, 47, 48, 49, 50, 51, 52, 53, 54, 55, 56, 57, 58] 20160813
5.390638531064405 [1, 2, 3, 4, 5, 6, 7, 8] [85, 86, 87, 88, 89, 90, 91, 92, 93, 94, 95, 96, 97, 98, 99, 100, 101, 102, 103, 104, 105, 106, 107, 108, 109, 110, 111, 112, 113, 114, 115, 116, 117, 118, 119, 120] 20160922
5.369549398475605 [0, 1, 2, 3, 4, 5, 6, 7, 8, 9] [103, 104, 105, 106, 107, 108, 109, 110, 111, 112, 113, 114, 115, 116, 117, 118, 119, 120, 121, 122, 123, 124, 125, 126, 127, 128, 129, 130, 131, 132, 133, 134, 135, 136, 137, 138] 20160312
5.354393977331689 [1, 2, 3, 4, 6, 7] [57, 58, 59, 60, 61, 62, 63, 64, 65, 66, 67, 68, 69, 70, 71, 72, 73, 74, 75, 76, 77, 78, 79, 80, 81, 82] 20160813
5.308735725198609 [4, 5, 7] [41, 42, 43, 44, 45, 46] 20160419
5.292377467571568 [5, 6, 7] [76, 77, 78, 79, 80] 20160421
5.1769074137336455 [1, 2, 3, 4, 5, 7] [92, 93, 94, 95] 20160421
5.154136688137018 [2, 3, 5, 6, 7, 8] [105, 106, 107, 108, 109, 110, 111] 20160421
5.135076870614519 [1, 2, 3, 4, 5, 7, 8] [105, 106, 107, 108, 109, 110, 111, 112, 113, 114, 115, 116, 117, 118, 119, 120, 121] 20160922
5.111153413461918 [0, 1, 2, 3, 4, 6, 7, 8] [20, 21, 22, 23, 24, 25, 26, 27, 28, 29, 30, 31, 32, 33, 34, 35, 36, 37, 38, 39, 40, 41, 42] 20160813
5.062706353057025 [0, 1, 2, 3, 4, 5, 7, 8] [49, 50, 51, 52, 53, 54, 55, 56, 57, 58, 59] 20160922
5.045079102268682 [2, 3, 5, 7] [124, 125, 126, 127, 128, 129, 130] 20160313
4.953412590961541 [1, 2, 3, 5, 6, 7, 8, 9] [28, 29, 30, 31] 20160309
4.892750103104441 [0, 1, 2, 3, 4, 5, 7, 8, 9] [33, 34, 35, 36, 37, 38] 20160309
4.879036790187176 [7, 8] [105, 106, 107] 20160421
4.864892154894752 [0, 1, 2, 3, 4, 5, 6, 7, 8] [38, 39, 40, 41, 42, 43, 44, 45, 46, 47, 48, 49, 50, 51, 52, 53, 54, 55, 56, 57, 58, 59, 60, 61, 62, 63, 64, 65, 66, 67, 68, 69, 70, 71, 72, 73] 20160328
4.85194807289204 [1, 2, 3, 4, 5, 7, 8] [83, 84, 85, 86, 87, 88, 89, 90, 91, 92] 20160922
4.8260037815981836 [5, 7, 8] [32, 33, 34, 35, 36, 37] 20160419
4.75 [5] [18, 19, 20, 21] 20160419
4.729311829216554 [0, 1, 2, 3, 4, 5, 6, 7, 8] [65, 66, 67, 68, 69, 70, 71, 72, 73, 74, 75, 76] 20160529
4.666904755831213 [7, 8] [98, 99, 100] 20160405
4.658567803300975 [1, 2, 3, 4, 5, 6, 7, 8, 9] [74, 75, 76, 77, 78, 79, 80, 81, 82, 83, 84, 85, 86, 87, 88, 89, 90, 91, 92, 93, 94, 95, 96, 97, 98, 99, 100, 101, 102, 103, 104] 20160312
4.647459319348587 [1, 2, 3, 4, 5, 6, 7, 8, 9] [38, 39, 40, 41, 42, 43, 44] 20160421
4.581686779069101 [6, 7, 8] [118, 119, 120, 121, 122, 123, 124, 125, 126] 20160405
4.575500883327782 [2, 3, 5, 6, 7] [25, 26, 27, 28, 29] 20160313
4.565000000000005 [1, 2, 3, 4, 5, 7, 8] [105, 106, 107, 108, 109, 110, 111] 20160922
4.491305343824903 [0, 1, 2, 3, 4, 5, 6, 7] [103, 104, 105, 106, 107, 108, 109, 110, 111, 112, 113, 114, 115, 116] 20160312
4.490128060534578 [4, 6] [51, 52, 53, 54, 55] 20160309
4.478571428571435 [5, 6, 7, 8] [84, 85, 86, 87, 88, 89, 90, 91] 20160308
4.451237187569325 [1, 2, 3, 4, 5, 6, 7, 8] [45, 46, 47, 48, 49, 50, 51] 20160529
4.450000000000003 [8] [70, 71, 72, 73] 20160309
4.419417382415927 [1, 2, 3, 4] [100, 101, 102, 103, 104, 105, 106] 20160922
4.400000000000002 [1, 2, 3, 5, 7] [17, 18, 19] 20160309
4.335256637817505 [1, 2, 3, 4, 6, 7, 8, 9] [127, 128, 129, 130, 131, 132, 133, 134, 135, 136, 137] 20160312
4.312172853935969 [0, 1, 2, 3, 4, 5, 6, 7, 8] [48, 49, 50, 51, 52, 53, 54] 20160529
4.300000000000004 [6] [75, 76, 77, 78, 79, 80, 81, 82, 83, 84, 85] 20160529
4.299999999999997 [5] [32, 33, 34, 35] 20160419
4.275000000000006 [6] [75, 76, 77, 78, 79, 80, 81] 20160529
4.245782220824178 [2, 3, 5, 6, 7, 8, 9] [55, 56, 57, 58, 59] 20160421
4.240472138164992 [0, 1, 2, 3, 5, 7, 8, 9] [121, 122, 123, 124, 125, 126, 127, 128, 129, 130, 131, 132, 133, 134, 135] 20160308
4.226168477474602 [3, 5, 6, 7, 8] [122, 123, 124, 125, 126] 20160405
4.151311942000888 [0, 1, 2, 3, 5, 6, 7, 8, 9] [207, 208, 209, 210, 211, 212, 213, 214, 215, 216, 217, 218, 219, 220, 221, 222, 223, 224, 225, 226, 227, 228, 229, 230, 231, 232, 233, 234, 235, 236, 237, 238, 239, 240, 241, 242] 20160911
4.11809185856211 [0, 1, 2, 3, 5, 6, 7, 8] [134, 135, 136, 137, 138] 20160312
4.074999999999989 [1] [78, 79, 80, 81, 82, 83, 84, 85, 86] 20160628
4.065863991822648 [7, 8] [47, 48, 49, 50] 20160421
4.060696893300367 [1, 2, 3, 4, 6] [78, 79, 80, 81, 82, 83] 20160922
4.058333333333337 [3, 4, 5, 7] [40, 41, 42, 43] 20160419
4.054078878802878 [2, 3, 5] [13, 14, 15, 16] 20160419
4.049999999999997 [1] [83, 84, 85] 20160922
4.036602896970172 [0, 1, 2, 3, 4, 5, 6, 7, 8, 9] [227, 228, 229, 230, 231, 232, 233, 234, 235, 236, 237, 238, 239, 240, 241, 242, 243, 244, 245] 20160412
4.030508652763328 [2, 3, 5, 7] [84, 85, 86, 87] 20160421
4.027714384668582 [2, 3, 4, 6, 7, 8, 9] [125, 126, 127, 128, 129, 130, 131, 132, 133, 134, 135, 136, 137, 138] 20160309
3.983716857408417 [2, 3, 5, 7] [22, 23, 24, 25] 20160313
3.9694128701984077 [5, 6, 7, 9] [77, 78, 79, 80, 81, 82, 83, 84, 85, 86, 87, 88, 89, 90, 91, 92, 93, 94, 95, 96, 97, 98, 99, 100, 101, 102, 103, 104, 105, 106, 107, 108, 109, 110, 111, 112] 20160328
3.8999999999999995 [6] [126, 127, 128, 129] 20160405
3.8999999999999915 [1] [98, 99, 100, 101, 102] 20160628
3.8509349749646327 [1, 2, 3, 4, 5, 7, 8] [111, 112, 113, 114, 115, 116, 117, 118] 20160922
3.783021279348035 [1, 2, 3, 5, 7] [68, 69, 70, 71, 72] 20160922
3.782606513640702 [1, 2, 3, 4, 5, 7] [98, 99, 100, 101, 102, 103, 104] 20160312
3.75 [1] [80, 81, 82, 83] 20160628
3.7357242344096493 [2, 3, 5, 7, 8, 9] [137, 138, 139, 140, 141, 142, 143] 20160313
3.657224268738771 [1, 2, 3, 4, 6, 7, 8] [0, 1, 2, 3, 4] 20160922
3.6470180614771754 [1, 2, 3, 5, 6, 7, 9] [68, 69, 70, 71, 72] 20160308
3.625976650148776 [2, 3, 4, 6, 7, 8, 9] [14, 15, 16, 17, 18, 19, 20, 21, 22, 23, 24, 25, 26, 27, 28, 29, 30, 31, 32, 33, 34, 35, 36, 37, 38, 39, 40, 41, 42, 43, 44, 45, 46, 47, 48, 49] 20160324
3.614288242840226 [3, 4, 5, 6, 7, 8, 9] [2, 3, 4, 5, 6, 7, 8, 9, 10, 11, 12, 13, 14, 15, 16, 17, 18, 19, 20, 21, 22, 23, 24, 25, 26, 27, 28, 29, 30, 31, 32, 33, 34, 35, 36, 37] 20160324
3.6073389159746556 [1, 2, 3, 4, 5, 6, 7, 8, 9] [83, 84, 85, 86, 87, 88, 89, 90, 91, 92] 20160312
3.6062445840513933 [1, 2, 3, 5, 7] [109, 110, 111] 20160308
3.5999999999999943 [7] [93, 94, 95, 96] 20160514
3.5737981662837823 [2, 3, 5, 7, 8, 9] [85, 86, 87, 88, 89, 90, 91] 20160313
3.559104131972288 [6, 7] [115, 116, 117, 118] 20160309
3.5408735059565717 [2, 3, 4, 6, 7, 8] [44, 45, 46, 47, 48, 49] 20160405
3.5001785668734096 [2, 3, 5, 7, 8] [44, 45, 46, 47] 20160405
3.495541434546998 [1, 2, 3, 4, 5, 6, 7, 8] [26, 27, 28, 29, 30, 31, 32] 20160922
3.4838095238095264 [0, 1, 2, 3, 4, 5, 7] [127, 128, 129, 130, 131, 132, 133, 134, 135] 20160308
3.4390725493946754 [1, 2, 3, 4, 5, 7, 8] [22, 23, 24, 25, 26, 27, 28] 20160813
3.4305006645704337 [1, 2, 3, 4, 6, 7, 8] [73, 74, 75, 76, 77, 78, 79, 80, 81, 82] 20160813
3.428637565499673 [0, 1, 2, 3, 5, 6, 7] [207, 208, 209, 210] 20160628
3.4166666666666643 [1, 2, 3, 4, 6, 7, 8] [96, 97, 98, 99] 20160529
3.3985305531413044 [1, 2, 3, 4, 5, 7, 8, 9] [63, 64, 65, 66, 67, 68] 20160421
3.3950965458371813 [4, 5, 6, 7, 8] [89, 90, 91, 92, 93] 20160514
3.385615443977123 [0, 1, 2, 3, 5, 6, 7, 8, 9] [242, 243, 244, 245, 246, 247, 248, 249, 250, 251, 252, 253, 254, 255] 20160621
3.36666666666666 [1] [107, 108, 109, 110] 20160529
3.353715324038518 [0, 1, 2, 3, 4, 6, 7, 8, 9] [224, 225, 226, 227, 228, 229, 230, 231, 232, 233, 234, 235, 236, 237, 238, 239, 240, 241, 242, 243, 244, 245, 246, 247, 248, 249, 250, 251, 252, 253, 254, 255, 256, 257, 258, 259] 20160302
3.3496298302946843 [1, 2, 3, 4, 6, 7, 8] [86, 87, 88, 89, 90, 91, 92] 20160312
3.348631561299832 [2, 3, 5, 7, 9] [131, 132, 133] 20160313
3.3298590700052846 [0, 1, 2, 3, 4, 6, 7, 8, 9] [241, 242, 243, 244, 245, 246, 247, 248, 249, 250, 251, 252, 253, 254, 255, 256, 257, 258, 259, 260, 261, 262, 263, 264, 265, 266, 267, 268, 269, 270, 271, 272, 273, 274, 275, 276] 20160302
3.3197640478403483 [2, 3, 5, 7, 8] [54, 55, 56, 57] 20160313
3.306292541559253 [0, 1, 2, 3, 5, 7, 9] [250, 251, 252, 253, 254, 255] 20160621
3.301927046774692 [1, 2, 3, 4, 6, 7, 9] [143, 144, 145, 146] 20160308
3.252691193458118 [5, 7] [55, 56, 57] 20160405
3.228775680082197 [1, 2, 3, 4, 5, 7, 8] [75, 76, 77, 78, 79, 80, 81, 82, 83] 20160312
3.2058032795151528 [0, 1, 2, 3, 4, 5, 7, 8] [166, 167, 168, 169, 170, 171, 172, 173, 174] 20160412
3.205 [2, 3, 5, 7, 8, 9] [83, 84, 85, 86, 87, 88] 20160405
3.202857001260209 [1, 2, 3, 5, 7] [16, 17, 18, 19, 20, 21, 22, 23] 20160813
3.200000000000003 [0, 1, 2, 3, 5, 7, 8] [231, 232, 233, 234] 20160813
3.1466251762801334 [0, 1, 2, 3, 5, 7, 9] [232, 233, 234, 235, 236] 20160412
3.1348400632603606 [2, 3, 5, 7] [34, 35, 36, 37] 20160405
3.1276560141513468 [0, 1, 2, 3, 5, 6, 7, 8, 9] [188, 189, 190, 191, 192] 20160628
3.099999999999998 [1, 2, 3, 5, 7] [271, 272, 273] 20160308
3.0847000096702835 [2, 3, 5, 7, 8] [121, 122, 123, 124, 125, 126, 127, 128, 129] 20160308
3.0695789311915083 [1, 2, 3, 5, 7, 8] [22, 23, 24, 25] 20160813
3.064129385141706 [2, 3, 5, 7, 8] [81, 82, 83, 84] 20160405
3.0641293851416975 [2, 3, 5, 7] [121, 122, 123, 124, 125] 20160308
3.0591405232092104 [0, 1, 2, 3, 4, 6, 7, 8, 9] [201, 202, 203, 204, 205, 206] 20160911
3.0503339222185217 [2, 3, 5, 7, 9] [137, 138, 139, 140] 20160313
3.0374999999999943 [1, 2, 3, 5, 6, 7, 9] [204, 205, 206, 207, 208] 20160911
2.9875000000000007 [4, 5, 7, 8] [74, 75, 76, 77, 78] 20160312
2.950000000000003 [8] [88, 89, 90] 20160308
2.9396751206238294 [0, 1, 2, 3, 5, 7, 9] [253, 254, 255, 256, 257, 258, 259] 20160621
2.9300526161373526 [2, 3, 4, 6] [0, 1, 2, 3, 4, 5] 20160308
2.9095466853463923 [0, 1, 2, 3, 5, 6, 7, 8, 9] [214, 215, 216, 217, 218, 219, 220, 221, 222, 223, 224] 20160911
2.900555555555561 [0, 1, 2, 3, 4, 5, 6, 7, 8] [178, 179, 180, 181, 182, 183] 20160628
2.8565908196854375 [0, 1, 2, 3, 4, 5, 6, 7, 8, 9] [167, 168, 169, 170, 171, 172] 20160911
2.8343196812560723 [3, 4] [63, 64, 65, 66, 67] 20160529
2.827777777777771 [1, 2, 3, 4, 5, 6, 7, 8, 9] [222, 223, 224, 225, 226, 227, 228] 20160412
2.799902858764663 [0, 1, 2, 3, 4, 5, 6, 7] [70, 71, 72, 73, 74] 20160312
2.7755952380952422 [2, 3, 5, 6] [232, 233, 234, 235, 236, 237, 238, 239, 240] 20160911
2.7626210380723575 [3, 4, 6, 7, 9] [90, 91, 92, 93, 94, 95] 20160313
2.749999999999993 [0, 1, 2, 3, 5, 7, 8] [222, 223, 224, 225, 226] 20160621
2.7316863104773454 [0, 1, 2, 3, 4, 6, 7, 8, 9] [230, 231, 232, 233, 234, 235, 236, 237, 238, 239, 240, 241, 242, 243] 20160621
2.7039237607047495 [2, 3, 4, 6] [78, 79, 80, 81] 20160313
2.702222222222223 [0, 1, 2, 3, 4, 5, 6, 7, 8, 9] [20, 21, 22, 23, 24, 25, 26] 20160308
2.7 [7] [118, 119, 120] 20160405
2.6999999999999957 [7] [124, 125, 126, 127] 20160308
2.6666666666666714 [9] [0, 1, 2, 3] 20160412
2.6499999999999986 [1, 2, 3, 5, 6, 7] [99, 100, 101, 102] 20160514
2.6363021992393576 [2, 3, 5, 6, 7, 8, 9] [68, 69, 70, 71, 72] 20160514
2.6317549770560467 [0, 1, 2, 3, 5, 6] [229, 230, 231, 232, 233] 20160621
2.6243984495922494 [0, 1, 2, 3, 5, 7] [173, 174, 175, 176, 177, 178, 179] 20160412
2.619926313637254 [2, 3, 4, 5, 7, 8, 9] [58, 59, 60, 61, 62] 20160312
2.6166666666666742 [1, 2, 3, 5, 6, 7] [249, 250, 251, 252] 20160813
2.616666666666667 [2, 3, 4, 5, 7] [33, 34, 35, 36] 20160514
2.599999999999998 [2] [43, 44, 45] 20160405
2.598076211353316 [0, 1, 2, 3, 5, 6] [229, 230, 231] 20160621
2.5783333333333367 [6, 7, 8, 9] [134, 135, 136, 137, 138, 139, 140] 20160309
2.571964229922342 [0, 1, 2, 3, 4, 6, 7, 8, 9] [189, 190, 191, 192, 193] 20160813
2.558333333333323 [0, 1, 2, 3, 4, 6, 7, 8] [214, 215, 216, 217, 218] 20160911
2.549999999999997 [0, 1, 2, 3, 4, 6, 7, 9] [127, 128, 129] 20160312
2.5333333333333385 [4] [91, 92, 93, 94] 20160309
2.5102290732122317 [5, 6] [198, 199, 200] 20160911
2.488630118224158 [0, 1, 2, 3, 4, 6, 7, 8, 9] [211, 212, 213, 214, 215, 216, 217, 218, 219, 220, 221, 222, 223, 224, 225, 226, 227, 228, 229, 230, 231, 232] 20160302
2.4820354550247714 [1, 2, 3, 4, 5, 7, 8] [53, 54, 55, 56] 20160529
2.4592888377133746 [1, 2, 3, 4, 6, 7, 9] [225, 226, 227, 228, 229, 230] 20160419
2.452114196079023 [0, 1, 2, 3, 5, 6, 7, 8] [238, 239, 240, 241, 242, 243, 244, 245, 246] 20160621
2.450000000000003 [5] [16, 17, 18] 20160529
2.4494897427831726 [1, 2, 3, 4, 5, 7] [67, 68, 69, 70] 20160529
2.4041630560342555 [0, 1] [249, 250, 251, 252] 20160621
2.3958333333333286 [0, 1, 2, 3, 5, 7, 8] [242, 243, 244, 245, 246] 20160621
2.3923779430144902 [4, 5, 7] [42, 43, 44, 45] 20160529
2.371947355920711 [1, 2, 3, 5, 7, 8] [209, 210, 211, 212, 213, 214, 215] 20160302
2.3382685902179827 [0, 1, 2, 3, 4, 6, 7, 9] [236, 237, 238] 20160412
2.3334523779156044 [0, 1] [232, 233, 234, 235] 20160621
2.3000000000000114 [2] [232, 233, 234] 20160628
2.2807893370497876 [1, 2, 3, 4, 5, 6, 7, 9] [83, 84, 85] 20160312
2.2807893370497765 [0, 1, 2, 3, 5, 6, 7, 8] [241, 242, 243, 244] 20160621
2.2749999999999915 [1, 2, 3, 5, 6, 7, 8] [200, 201, 202] 20160911
2.2709110588125263 [5, 6, 7] [36, 37, 38, 39] 20160514
2.266666666666655 [1, 2, 3, 5, 7, 8] [92, 93, 94, 95] 20160628
2.2250000000000085 [0, 1, 2, 3, 5, 6, 7, 9] [189, 190, 191] 20160813
2.192031021678293 [7, 9] [182, 183, 184] 20160911
2.188888888888892 [0, 1, 2, 3, 4, 6, 7, 8, 9] [185, 186, 187, 188] 20160621
2.1666666666666643 [8] [43, 44, 45, 46] 20160302
2.1458185004881023 [1, 2, 3, 4, 6, 7, 8] [38, 39, 40, 41, 42] 20160813
2.138888888888893 [0, 1, 2, 3, 4, 5, 6, 7, 9] [219, 220, 221, 222] 20160419
2.1092828340632943 [0, 1, 2, 3, 5, 7, 8] [235, 236, 237, 238, 239] 20160621
2.0880834735691347 [3, 4, 6, 7, 9] [229, 230, 231, 232, 233] 20160911
2.0800724479904247 [8, 9] [46, 47, 48, 49, 50, 51, 52] 20160325
2.068287334970649 [3, 4] [82, 83, 84, 85, 86] 20160813
2.066666666666677 [5, 6, 7, 8, 9] [248, 249, 250, 251, 252] 20160911
2.0623947784607717 [0, 1, 2, 3, 5, 7, 8, 9] [207, 208, 209, 210] 20160419
2.0506096654409918 [1, 2, 3, 5, 7, 8] [284, 285, 286, 287] 20160813
2.0152543263816614 [2, 3] [88, 89, 90] 20160325
1.997554059899813 [2, 3, 5, 6, 7] [39, 40, 41, 42] 20160405
1.9927380952380958 [3, 4, 6, 7, 8] [92, 93, 94, 95, 96, 97, 98, 99] 20160813
1.9843134832984428 [0, 1, 2, 3, 4, 5, 7, 9] [213, 214, 215, 216] 20160419
1.9500000000000028 [1, 2, 3, 5, 7, 8] [192, 193, 194] 20160529
1.9445436482630105 [8, 9] [46, 47, 48] 20160325
1.9349441565298184 [0, 1, 2, 3, 5, 6, 7, 9] [239, 240, 241, 242, 243, 244] 20160419
1.8898223650461334 [0, 1, 2, 3, 5, 7, 8, 9] [25, 26, 27, 28] 20160312
1.869777170324492 [0, 1, 2, 3, 5, 7, 9] [222, 223, 224, 225, 226, 227] 20160302
1.8209916964727184 [0, 1, 2, 3, 5, 7, 8, 9] [78, 79, 80, 81, 82, 83, 84, 85, 86, 87, 88, 89, 90, 91, 92, 93, 94, 95, 96, 97, 98, 99, 100, 101, 102, 103, 104, 105, 106, 107, 108, 109, 110, 111, 112, 113] 20160324
1.8018981118685828 [0, 1, 2, 3, 5, 6, 7, 8] [237, 238, 239, 240, 241, 242, 243, 244, 245, 246] 20160302
1.7962924780409955 [1, 2, 3, 5, 7, 8, 9] [67, 68, 69] 20160312
1.7292259025998342 [0, 1, 2, 3, 5, 7, 8] [213, 214, 215, 216] 20160621
1.7206265008872657 [0, 1, 2, 3, 5, 6, 7, 9] [223, 224, 225, 226] 20160419
1.6916666666666629 [0, 1, 2, 3, 5, 7] [179, 180, 181, 182] 20160412
1.599999999999996 [2, 3, 5, 7, 8, 9] [198, 199, 200] 20160302
1.5877132402714627 [0, 1, 2, 3, 5, 7] [208, 209, 210] 20160621
1.5105186747162944 [0, 1, 2, 3, 5, 7, 8, 9] [217, 218, 219, 220] 20160302
1.4087228258248683 [0, 1, 2, 3, 4, 5, 6] [219, 220, 221, 222] 20160302
1.4000000000000021 [2] [239, 240, 241, 242] 20160302
1.375000000000007 [1, 2, 3, 5, 7, 8] [57, 58, 59] 20160628
1.3500000000000014 [8] [37, 38, 39] 20160325
1.2999999999999972 [1] [188, 189, 190, 191] 20160328
1.1444444444444457 [0, 1, 2, 3, 4, 5, 6, 7, 8, 9] [230, 231, 232, 233] 20160405
1.0499999999999972 [9] [44, 45, 46] 20160325
0.9512185167808017 [1, 2, 3, 4, 5, 7, 9] [256, 257, 258, 259, 260, 261] 20160405
0.9253627917180899 [1, 2, 3, 5, 6, 7, 8, 9] [207, 208, 209, 210] 20160302
0.6062177826491054 [1, 2, 3, 4, 6] [251, 252, 253] 20160405
