29.845 [3, 5, 7, 8] [191, 192, 193, 194, 195, 196, 197, 198, 199, 200, 201] 20160312
23.40484126984127 [0, 1, 2, 3] [62, 63, 64, 65, 66, 67, 68, 69, 70, 71, 72, 73] 20160325
21.59032705222925 [3, 5, 7, 8] [191, 192, 193, 194] 20160312
18.60142857142857 [1, 2, 3, 4] [10, 11, 12, 13, 14, 15, 16, 17, 18, 19, 20, 21] 20160301
18.41170008445717 [0, 1, 2, 3] [76, 77, 78, 79, 80, 81, 82, 83, 84, 85, 86, 87] 20160302
17.63524312279248 [3, 4] [231, 232, 233, 234, 235, 236, 237, 238, 239, 240, 241, 242] 20160813
16.6152415909309 [7, 8] [268, 269, 270, 271, 272, 273, 274, 275, 276, 277, 278, 279] 20160813
16.437142857142852 [3] [56, 57, 58, 59, 60, 61, 62, 63, 64, 65, 66, 67] 20160309
15.233333333333334 [3] [60, 61, 62, 63, 64, 65, 66, 67, 68, 69, 70, 71] 20160302
13.86 [5] [98, 99, 100, 101, 102, 103, 104, 105, 106, 107, 108, 109] 20160302
13.533333333333331 [5] [94, 95, 96, 97, 98, 99, 100, 101, 102, 103, 104, 105] 20160309
12.892913643634717 [5, 6] [46, 47, 48, 49, 50, 51, 52, 53, 54, 55, 56, 57] 20160621
12.788308462550207 [1, 2, 3, 4] [38, 39, 40, 41, 42, 43, 44, 45, 46, 47, 48, 49] 20160621
12.529785353535349 [3, 4, 5, 6] [242, 243, 244, 245, 246, 247, 248, 249, 250, 251, 252, 253] 20160514
12.314056455715876 [7, 8, 9] [34, 35, 36, 37, 38, 39, 40, 41, 42, 43, 44, 45] 20160301
12.299999999999997 [8] [183, 184, 185, 186, 187, 188, 189, 190, 191, 192, 193, 194] 20160325
12.124355652982143 [0, 1, 2, 3] [67, 68, 69, 70] 20160325
11.968764364333962 [2, 3] [235, 236, 237, 238, 239, 240, 241, 242, 243, 244, 245, 246] 20160514
11.96077307671174 [0, 1, 2, 3] [194, 195, 196, 197, 198, 199, 200, 201, 202, 203, 204, 205] 20160813
11.643230428657457 [5, 7, 8] [240, 241, 242, 243, 244, 245, 246, 247, 248, 249, 250, 251] 20160628
11.223826697396134 [3, 4, 5] [143, 144, 145, 146, 147, 148, 149, 150, 151, 152, 153, 154] 20160405
11.037012646008352 [5, 6, 7] [263, 264, 265, 266, 267, 268, 269, 270, 271, 272, 273, 274] 20160922
11.022223370295636 [1, 2, 3] [274, 275, 276, 277, 278, 279, 280, 281, 282, 283, 284, 285] 20160324
11.019080673490361 [2, 3, 5, 6] [68, 69, 70, 71, 72, 73, 74, 75, 76, 77, 78, 79] 20160419
10.903953894094586 [6, 7] [30, 31, 32, 33, 34, 35, 36, 37, 38, 39, 40, 41] 20160421
10.8277380952381 [2, 3, 4, 5] [148, 149, 150, 151, 152, 153, 154, 155, 156, 157, 158, 159] 20160313
10.779954311869147 [1, 2, 3, 5] [74, 75, 76, 77, 78, 79, 80, 81, 82, 83, 84, 85] 20160911
10.75273711924344 [6, 7] [30, 31, 32, 33, 34, 35, 36] 20160421
10.516249184646597 [4, 5] [88, 89, 90, 91, 92, 93, 94, 95, 96, 97, 98, 99] 20160302
10.462857142857146 [0] [35, 36, 37, 38, 39, 40, 41, 42, 43, 44, 45, 46] 20160412
10.420000000000002 [6] [192, 193, 194, 195, 196, 197, 198, 199, 200, 201, 202, 203] 20160628
10.382857142857148 [3] [270, 271, 272, 273, 274, 275, 276, 277, 278, 279, 280, 281] 20160324
10.301944946140086 [3, 4, 5, 7] [47, 48, 49, 50, 51, 52, 53, 54, 55, 56, 57, 58] 20160911
10.298749999999991 [2, 3, 4, 5] [225, 226, 227, 228, 229, 230, 231, 232, 233, 234, 235, 236] 20160529
10.153025233849121 [3, 4, 5, 7] [42, 43, 44, 45, 46, 47, 48, 49, 50, 51, 52, 53] 20160313
10.083333333333336 [9] [136, 137, 138, 139, 140, 141, 142, 143, 144, 145, 146, 147] 20160302
10.032960538258557 [2, 3, 4] [92, 93, 94, 95, 96, 97, 98, 99, 100, 101, 102, 103] 20160325
10.000510191066883 [7, 8] [115, 116, 117, 118, 119, 120, 121, 122, 123, 124, 125, 126] 20160911
9.932142857142857 [2, 3, 4, 6] [106, 107, 108, 109, 110, 111, 112, 113, 114, 115, 116, 117] 20160302
9.844694161069702 [1, 2] [58, 59, 60, 61, 62, 63, 64, 65, 66, 67, 68, 69] 20160412
9.652007563196367 [2, 3, 5, 7] [59, 60, 61, 62, 63, 64, 65, 66, 67, 68, 69, 70] 20160621
9.643749999999997 [3, 5, 6, 7] [0, 1, 2, 3, 4, 5, 6, 7, 8, 9] 20160529
9.624999999999993 [1, 2, 3, 5] [274, 275, 276, 277, 278, 279, 280, 281, 282, 283, 284, 285] 20160911
9.557838898209788 [2, 3] [63, 64, 65, 66, 67, 68, 69, 70, 71, 72, 73, 74] 20160412
9.494044051599072 [1, 2, 3, 5] [81, 82, 83, 84, 85, 86, 87, 88, 89, 90, 91] 20160421
9.489373003523468 [1, 2] [228, 229, 230, 231, 232, 233, 234, 235, 236, 237, 238, 239] 20160514
9.427400793650794 [3, 5, 7, 8] [152, 153, 154, 155, 156, 157, 158, 159, 160, 161, 162, 163] 20160421
9.399999999999999 [8] [188, 189, 190] 20160325
9.31285714285714 [4, 6, 7, 9] [215, 216, 217, 218, 219, 220, 221, 222, 223, 224, 225, 226] 20160529
9.237499999999997 [3] [241, 242, 243, 244, 245, 246, 247, 248, 249, 250, 251, 252] 20160529
9.190000000000005 [8] [125, 126, 127, 128, 129, 130, 131, 132, 133, 134, 135, 136] 20160302
9.189999999999998 [5] [251, 252, 253, 254, 255, 256, 257, 258, 259, 260, 261, 262] 20160529
9.155555555555551 [8] [115, 116, 117, 118, 119, 120, 121, 122, 123, 124, 125, 126] 20160412
9.150000000000006 [1] [201, 202, 203, 204, 205, 206, 207, 208, 209, 210, 211, 212] 20160529
9.105606868643136 [1, 2] [248, 249, 250, 251, 252, 253, 254, 255, 256, 257, 258, 259] 20160324
9.065040726576228 [2, 3, 5] [79, 80, 81, 82, 83, 84, 85, 86, 87, 88, 89, 90] 20160911
8.960892857142849 [6, 7, 8, 9] [160, 161, 162, 163, 164, 165, 166, 167, 168, 169, 170, 171] 20160922
8.951553491844605 [6, 7, 9] [180, 181, 182, 183, 184, 185, 186, 187, 188, 189, 190, 191] 20160309
8.9375 [4, 6, 7, 9] [173, 174, 175, 176, 177, 178, 179, 180, 181, 182, 183, 184] 20160309
8.887499999999996 [9] [68, 69, 70, 71, 72, 73, 74, 75, 76, 77, 78, 79] 20160313
8.883333333333333 [8] [168, 169, 170, 171, 172, 173, 174, 175, 176, 177, 178, 179] 20160325
8.828571428571436 [0] [22, 23, 24, 25, 26, 27, 28, 29, 30, 31, 32, 33] 20160621
8.754279653112404 [3, 4, 6] [137, 138, 139, 140, 141, 142, 143, 144, 145, 146, 147, 148] 20160421
8.746237988648694 [6, 7, 9] [147, 148, 149, 150, 151, 152, 153, 154, 155, 156, 157, 158] 20160421
8.737500000000004 [1] [86, 87, 88, 89, 90, 91, 92, 93, 94, 95, 96, 97] 20160421
8.733333333333334 [9] [210, 211, 212, 213, 214, 215, 216, 217, 218, 219, 220, 221] 20160325
8.559999999999988 [5] [180, 181, 182, 183, 184, 185, 186, 187, 188, 189, 190, 191] 20160529
8.520636713297895 [3, 5, 7, 8] [157, 158, 159, 160, 161, 162, 163, 164, 165, 166, 167, 168] 20160421
8.49428571428571 [9] [139, 140, 141, 142, 143, 144, 145, 146, 147, 148, 149, 150] 20160412
8.450000000000003 [9] [136, 137, 138, 139, 140, 141, 142, 143, 144, 145, 146, 147] 20160911
8.407502919999152 [4, 6, 7] [55, 56, 57, 58, 59, 60, 61, 62, 63, 64, 65, 66] 20160313
8.3325 [3, 4, 5, 6] [142, 143, 144, 145, 146, 147, 148, 149, 150, 151, 152, 153] 20160421
8.306626997965743 [5, 6, 7] [220, 221, 222, 223, 224, 225, 226, 227, 228, 229, 230, 231] 20160324
8.301666666666673 [1, 2, 3, 5] [274, 275, 276, 277, 278, 279, 280, 281, 282, 283, 284, 285] 20160308
8.202857142857145 [5, 7, 8, 9] [153, 154, 155, 156, 157, 158, 159, 160, 161, 162, 163, 164] 20160405
8.132757506184785 [1, 2, 3, 5] [222, 223, 224, 225, 226, 227, 228, 229, 230, 231, 232, 233] 20160328
8.018787317205774 [4, 5, 7] [264, 265, 266, 267, 268, 269, 270, 271, 272, 273, 274, 275] 20160421
7.988888888888887 [4, 6, 7, 8] [75, 76, 77, 78, 79, 80, 81, 82, 83, 84, 85] 20160309
7.9414529527033 [4, 5, 7, 9] [160, 161, 162, 163, 164, 165, 166, 167, 168, 169, 170] 20160309
7.926507936507932 [4, 5, 7, 8] [126, 127, 128, 129, 130, 131, 132, 133, 134, 135, 136, 137] 20160514
7.907810836269559 [3, 5] [22, 23, 24, 25, 26, 27, 28] 20160419
7.881487254289743 [2, 3, 4, 6] [5, 6, 7, 8, 9, 10, 11, 12, 13, 14, 15, 16] 20160313
7.8444444444444485 [0] [0, 1, 2, 3, 4, 5, 6, 7, 8, 9, 10, 11] 20160911
7.831550205032559 [2, 3, 5, 6] [11, 12, 13, 14, 15, 16, 17, 18, 19, 20, 21, 22] 20160313
7.791428571428572 [0, 1, 2, 3] [186, 187, 188, 189, 190, 191, 192, 193, 194, 195, 196, 197] 20160308
7.7686602649958365 [4, 5, 7, 9] [168, 169, 170, 171, 172, 173, 174, 175, 176, 177, 178] 20160309
7.70559523809524 [4, 5, 6, 7] [97, 98, 99, 100, 101, 102, 103, 104] 20160421
7.705476190476194 [2, 3, 4, 5] [268, 269, 270, 271, 272, 273, 274, 275, 276, 277, 278, 279] 20160312
7.699444444444438 [3, 5, 7, 8] [3, 4, 5, 6, 7, 8, 9, 10, 11, 12, 13] 20160419
7.672698412698409 [4, 5, 7, 9] [153, 154, 155, 156, 157, 158, 159, 160, 161, 162, 163, 164] 20160309
7.670000000000005 [1, 2, 3, 5] [270, 271, 272, 273, 274, 275, 276, 277, 278, 279, 280, 281] 20160308
7.582738095238099 [3, 5, 7, 8] [256, 257, 258, 259, 260, 261, 262, 263, 264, 265, 266, 267] 20160514
7.487358218254311 [7, 8, 9] [145, 146, 147, 148, 149, 150, 151, 152, 153, 154, 155, 156] 20160309
7.468888888888888 [4, 6, 7, 8] [82, 83, 84, 85, 86, 87, 88, 89, 90, 91, 92] 20160309
7.443095238095239 [3, 5, 7, 9] [147, 148, 149, 150, 151, 152, 153, 154, 155, 156, 157, 158] 20160922
7.315509035856876 [3, 5, 7, 8] [104, 105, 106, 107, 108, 109, 110, 111, 112] 20160325
7.28487012987013 [6, 7, 8, 9] [127, 128, 129, 130, 131, 132, 133, 134, 135, 136, 137, 138] 20160421
7.220345910115967 [3, 4] [259, 260, 261, 262, 263, 264, 265, 266, 267, 268, 269, 270] 20160421
7.202777777777776 [1, 2, 3, 5] [211, 212, 213, 214, 215, 216, 217, 218, 219, 220, 221, 222] 20160324
7.176784596176596 [3, 5, 7, 8] [36, 37, 38, 39, 40, 41, 42, 43, 44, 45, 46] 20160313
7.170649350649349 [0, 1, 2, 3] [168, 169, 170, 171, 172, 173, 174, 175, 176, 177, 178, 179] 20160308
7.159945213325238 [4, 5, 7] [225, 226, 227, 228, 229, 230, 231, 232, 233, 234, 235, 236] 20160324
7.148174603174606 [5, 7, 8, 9] [170, 171, 172, 173, 174, 175, 176, 177, 178, 179, 180, 181] 20160421
7.130275824491871 [5, 7, 8] [13, 14, 15, 16, 17, 18, 19, 20, 21, 22] 20160421
7.112500000000001 [2] [129, 130, 131, 132, 133, 134, 135, 136, 137, 138, 139, 140] 20160405
7.087500000000002 [0] [0, 1, 2, 3, 4, 5, 6, 7, 8, 9, 10, 11] 20160301
7.055264028153983 [3, 4, 6] [141, 142, 143, 144, 145, 146, 147, 148, 149, 150, 151, 152] 20160922
6.947619047619046 [1, 2, 3, 4] [154, 155, 156, 157, 158, 159, 160, 161, 162, 163] 20160308
6.933013630776672 [7, 8] [58, 59, 60, 61, 62, 63, 64, 65, 66] 20160421
6.906758791705611 [1, 2, 3, 4] [161, 162, 163, 164, 165, 166, 167, 168, 169, 170, 171, 172] 20160308
6.900670995671 [5, 7, 8, 9] [175, 176, 177, 178, 179, 180, 181, 182, 183, 184, 185, 186] 20160421
6.841600689897066 [6, 7, 8] [97, 98, 99, 100] 20160421
6.826785714285716 [3, 4, 5, 6] [154, 155, 156, 157, 158, 159, 160, 161, 162, 163, 164] 20160922
6.819999999999993 [1] [67, 68, 69, 70, 71, 72, 73, 74, 75, 76, 77, 78] 20160628
6.802367235014585 [5, 7] [52, 53, 54, 55, 56, 57, 58, 59, 60, 61, 62, 63] 20160419
6.794285714285714 [5] [88, 89, 90, 91, 92, 93, 94, 95, 96, 97, 98, 99] 20160412
6.788225099390852 [1, 2, 3, 4] [88, 89, 90, 91] 20160421
6.776648784613227 [2, 3, 4] [233, 234, 235, 236, 237, 238, 239, 240, 241, 242, 243, 244] 20160328
6.759580294512191 [0, 1, 2] [207, 208, 209, 210, 211, 212, 213, 214, 215, 216, 217, 218] 20160324
6.742936507936509 [0, 1, 2, 3] [201, 202, 203, 204, 205, 206, 207, 208, 209, 210, 211, 212] 20160324
6.686031746031745 [6, 7, 8, 9] [166, 167, 168, 169, 170, 171, 172, 173, 174, 175, 176, 177] 20160813
6.6278633829431906 [1, 2, 3, 4] [222, 223, 224, 225, 226, 227, 228, 229, 230, 231, 232, 233] 20160514
6.603856096905759 [2, 3, 5, 7] [13, 14, 15, 16, 17, 18, 19, 20, 21] 20160309
6.596626984126981 [2, 3, 5, 6] [90, 91, 92, 93, 94, 95, 96, 97, 98, 99, 100, 101] 20160911
6.593821199369848 [0, 1, 2] [164, 165, 166, 167, 168, 169, 170, 171, 172, 173, 174, 175] 20160312
6.5625 [3] [213, 214, 215, 216, 217, 218, 219, 220, 221, 222, 223, 224] 20160813
6.53560504722656 [2, 3, 4, 5] [23, 24, 25, 26, 27, 28, 29] 20160421
6.487499999999997 [4] [75, 76, 77, 78, 79, 80, 81, 82, 83, 84, 85, 86] 20160412
6.483333333333334 [1] [36, 37, 38, 39, 40, 41, 42, 43, 44, 45, 46, 47] 20160308
6.477098115668772 [5, 7, 8] [10, 11, 12, 13, 14, 15, 16, 17, 18, 19, 20, 21] 20160419
6.457662760885974 [2, 3, 4] [0, 1, 2, 3, 4, 5, 6, 7, 8, 9, 10, 11] 20160628
6.440158967010537 [6, 7, 8] [264, 265, 266, 267, 268, 269, 270, 271, 272, 273, 274, 275] 20160328
6.422272727272727 [6, 7, 8, 9] [154, 155, 156, 157, 158, 159, 160, 161, 162, 163, 164, 165] 20160312
6.41571428571428 [4, 6, 7, 8] [184, 185, 186, 187, 188, 189, 190, 191, 192, 193, 194, 195] 20160324
6.395833333333314 [3, 5, 7, 8] [151, 152, 153, 154, 155, 156, 157, 158, 159, 160, 161, 162] 20160529
6.344166666666666 [1, 2, 3, 4] [158, 159, 160, 161, 162, 163, 164, 165, 166] 20160308
6.338137508728736 [4, 5, 7, 8] [45, 46, 47, 48, 49, 50, 51, 52, 53, 54, 55] 20160309
6.304285714285719 [5, 6, 7, 9] [134, 135, 136, 137, 138, 139, 140, 141, 142, 143, 144] 20160529
6.275505050505057 [3, 5, 7, 8] [107, 108, 109, 110, 111, 112, 113, 114, 115, 116, 117, 118] 20160514
6.271428571428565 [9] [57, 58, 59, 60, 61, 62, 63, 64, 65, 66, 67, 68] 20160301
6.252083333333335 [3, 5, 6, 7] [150, 151, 152, 153, 154, 155, 156, 157, 158, 159, 160, 161] 20160312
6.189607278762207 [4, 5, 7] [16, 17, 18, 19, 20, 21, 22, 23, 24, 25, 26, 27] 20160514
6.186190476190468 [0, 1, 2, 3] [7, 8, 9, 10, 11, 12, 13, 14, 15, 16, 17, 18] 20160628
6.175081879132598 [2, 3, 5, 7] [60, 61, 62, 63, 64, 65, 66, 67, 68, 69, 70, 71] 20160405
6.0516555356548665 [7, 8] [75, 76, 77, 78, 79, 80] 20160309
6.033977866125209 [2, 3, 4] [84, 85, 86, 87, 88, 89, 90, 91, 92, 93, 94] 20160325
6.011587301587301 [3, 5, 7, 9] [144, 145, 146, 147, 148, 149, 150, 151, 152, 153, 154, 155] 20160514
5.998669296880212 [4, 5, 7, 9] [266, 267, 268, 269, 270, 271, 272, 273, 274, 275, 276, 277] 20160309
5.967981233214454 [1, 2, 3] [98, 99, 100, 101, 102, 103, 104, 105, 106, 107, 108, 109] 20160514
5.9346825396825444 [2, 3, 4, 5] [173, 174, 175, 176, 177, 178, 179, 180, 181, 182, 183, 184] 20160308
5.922222222222231 [1] [108, 109, 110, 111, 112, 113, 114, 115, 116, 117, 118, 119] 20160529
5.886964285714285 [3, 4, 5, 6] [129, 130, 131, 132, 133, 134, 135, 136, 137, 138, 139, 140] 20160529
5.85529398003145 [2, 3, 4] [0, 1, 2, 3, 4, 5, 6] 20160419
5.842857142857142 [7] [70, 71, 72, 73, 74, 75, 76, 77, 78, 79, 80, 81] 20160308
5.802559523809528 [4, 6, 7, 9] [140, 141, 142, 143, 144, 145, 146, 147, 148, 149, 150, 151] 20160529
5.688888888888883 [1] [251, 252, 253, 254, 255, 256, 257, 258, 259, 260, 261, 262] 20160813
5.6827380952380935 [3, 5, 7, 9] [18, 19, 20, 21, 22, 23, 24, 25, 26, 27, 28] 20160309
5.636611110213399 [5, 6, 7, 8] [28, 29, 30, 31, 32, 33, 34, 35, 36, 37, 38, 39] 20160313
5.553930929119673 [7, 8] [90, 91, 92, 93, 94, 95, 96, 97, 98, 99, 100, 101] 20160419
5.5499398376600535 [5, 7, 8, 9] [139, 140, 141, 142, 143, 144, 145, 146, 147, 148, 149] 20160514
5.53871358242581 [1, 2, 3, 5] [224, 225, 226, 227, 228, 229] 20160328
5.515432893255073 [2, 3, 5] [21, 22, 23] 20160419
5.496250000000003 [2, 3, 4, 5] [32, 33, 34, 35, 36, 37, 38, 39, 40, 41, 42, 43] 20160419
5.485970110705636 [7, 8] [106, 107, 108, 109, 110, 111, 112] 20160514
5.4839345002749385 [1, 2, 3] [113, 114, 115, 116, 117, 118, 119, 120, 121, 122, 123, 124] 20160514
5.470813492063492 [2, 3, 4, 5] [231, 232, 233, 234, 235, 236, 237, 238, 239, 240, 241, 242] 20160324
5.457857142857144 [5, 6, 7, 8] [200, 201, 202, 203, 204, 205, 206, 207, 208, 209, 210, 211] 20160308
5.449999999999996 [8] [73, 74, 75] 20160309
5.429910549553529 [5, 7, 8, 9] [106, 107, 108, 109, 110, 111, 112, 113, 114, 115, 116, 117] 20160313
5.429769119769116 [5, 7, 8, 9] [151, 152, 153, 154, 155, 156, 157, 158, 159, 160, 161, 162] 20160514
5.414583274550035 [2, 3, 5, 7] [47, 48, 49, 50, 51, 52, 53] 20160419
5.385796650037537 [1, 2, 3, 5] [115, 116, 117, 118, 119, 120, 121, 122, 123, 124] 20160325
5.382857142857148 [8] [67, 68, 69, 70, 71, 72, 73, 74, 75, 76, 77, 78] 20160621
5.352499999999999 [3, 4, 5, 6] [251, 252, 253, 254, 255, 256, 257, 258, 259, 260, 261, 262] 20160328
5.328571428571436 [8] [218, 219, 220, 221, 222, 223, 224, 225, 226, 227, 228, 229] 20160628
5.322830474760449 [5, 7, 9] [258, 259, 260, 261, 262, 263, 264, 265, 266, 267, 268, 269] 20160324
5.308735725198609 [4, 5, 7] [41, 42, 43, 44, 45, 46] 20160419
5.2964576594090165 [1, 2, 3, 4] [35, 36, 37, 38, 39, 40, 41, 42, 43, 44, 45, 46] 20160309
5.28949544079023 [1, 2] [117, 118, 119, 120, 121, 122, 123, 124, 125, 126, 127] 20160529
5.2695833333333315 [4, 5, 6, 7] [46, 47, 48, 49, 50, 51, 52, 53, 54, 55, 56, 57] 20160405
5.250267850310113 [1, 2] [0, 1, 2, 3, 4, 5, 6] 20160628
5.212991805557998 [4, 6, 7] [197, 198, 199, 200, 201, 202, 203, 204, 205, 206, 207, 208] 20160312
5.2088991169614705 [1, 2, 3] [20, 21, 22, 23, 24, 25, 26, 27, 28, 29, 30, 31] 20160628
5.202857142857141 [7] [10, 11, 12, 13, 14, 15, 16, 17, 18, 19, 20, 21] 20160412
5.187171418519241 [1, 2, 3] [15, 16, 17, 18, 19, 20, 21, 22, 23, 24, 25, 26] 20160628
5.1773809523809575 [3, 5, 6, 7] [209, 210, 211, 212, 213, 214, 215, 216, 217] 20160628
5.174702380952382 [2, 3, 5, 6] [143, 144, 145, 146, 147, 148, 149, 150, 151, 152, 153, 154] 20160308
5.1664830338732655 [5, 6, 7, 9] [263, 264, 265, 266, 267, 268, 269, 270, 271, 272, 273, 274] 20160529
5.148571428571422 [6] [99, 100, 101, 102, 103, 104, 105, 106, 107, 108, 109, 110] 20160412
5.123983639057937 [3, 5, 7, 9] [261, 262, 263, 264, 265, 266] 20160922
5.045079102268682 [2, 3, 5, 7] [124, 125, 126, 127, 128, 129, 130] 20160313
5.041051587301585 [2, 3, 4, 6] [24, 25, 26, 27, 28, 29, 30, 31, 32, 33, 34, 35] 20160405
5.027192496721501 [6, 7] [276, 277, 278, 279, 280, 281, 282, 283, 284, 285, 286, 287] 20160514
5.011400336565943 [7, 8, 9] [123, 124, 125, 126, 127, 128, 129, 130, 131, 132, 133, 134] 20160529
5.00397726167637 [5, 7, 8] [1, 2, 3, 4, 5, 6, 7, 8, 9] 20160309
4.987499999999997 [0] [153, 154, 155, 156, 157, 158, 159, 160, 161, 162, 163, 164] 20160328
4.975694444444443 [5, 7, 8, 9] [127, 128, 129, 130, 131, 132, 133, 134, 135, 136, 137] 20160313
4.974999999999994 [5] [261, 262, 263, 264, 265, 266, 267] 20160324
4.9464484312821195 [7, 8, 9] [72, 73, 74, 75, 76, 77, 78, 79, 80, 81, 82, 83] 20160405
4.912499999999994 [7] [12, 13, 14, 15, 16, 17, 18, 19, 20, 21, 22, 23] 20160911
4.874285714285719 [0] [276, 277, 278, 279, 280, 281, 282, 283, 284, 285, 286, 287] 20160529
4.850000000000001 [6, 7, 8, 9] [204, 205, 206, 207] 20160529
4.84791666666667 [4, 5, 7, 8] [41, 42, 43, 44, 45, 46, 47, 48, 49, 50] 20160309
4.8260037815981836 [5, 7, 8] [32, 33, 34, 35, 36, 37] 20160419
4.814611505679071 [6, 7, 9] [240, 241, 242, 243, 244, 245, 246, 247, 248, 249, 250, 251] 20160301
4.806578455353439 [0, 1, 2] [86, 87, 88, 89, 90, 91, 92, 93, 94, 95, 96, 97] 20160621
4.8011486135360615 [3, 5, 7, 8] [244, 245, 246, 247, 248, 249, 250, 251, 252, 253, 254, 255] 20160328
4.794183976444793 [1, 2] [27, 28, 29, 30, 31, 32, 33, 34, 35, 36, 37, 38] 20160309
4.77910714285715 [1, 2, 3, 4] [178, 179, 180, 181, 182, 183, 184, 185, 186, 187, 188, 189] 20160922
4.75 [5] [18, 19, 20, 21] 20160419
4.715779220779218 [5, 7, 8, 9] [114, 115, 116, 117, 118, 119, 120, 121, 122, 123, 124, 125] 20160308
4.708511904761906 [2, 3, 5, 7] [159, 160, 161, 162, 163, 164, 165, 166, 167, 168, 169, 170] 20160419
4.687638888888891 [4, 6, 7, 8] [17, 18, 19, 20, 21, 22, 23, 24, 25, 26, 27] 20160529
4.687012987012984 [5, 6, 7, 8] [75, 76, 77, 78, 79, 80, 81, 82, 83, 84, 85, 86] 20160514
4.666904755831213 [7, 8] [98, 99, 100] 20160405
4.64628080804661 [1, 2, 3] [98, 99, 100, 101, 102, 103, 104, 105, 106, 107] 20160529
4.638611111111111 [4, 6, 7, 8] [68, 69, 70, 71, 72, 73, 74, 75, 76, 77, 78] 20160922
4.632686052847521 [5, 6, 7] [56, 57, 58, 59, 60, 61, 62, 63, 64, 65] 20160514
4.606428571428577 [5, 6, 7, 8] [195, 196, 197, 198, 199, 200, 201, 202, 203, 204, 205] 20160308
4.599305555555556 [3, 4, 5, 6] [66, 67, 68, 69, 70, 71, 72, 73, 74, 75, 76] 20160529
4.581686779069101 [6, 7, 8] [118, 119, 120, 121, 122, 123, 124, 125, 126] 20160405
4.5592176062551895 [5, 7, 9] [109, 110, 111, 112, 113, 114, 115, 116, 117, 118, 119, 120] 20160308
4.550476190476193 [5, 6, 7, 9] [44, 45, 46, 47, 48, 49, 50, 51, 52, 53, 54, 55] 20160514
4.513333333333335 [5, 7, 8, 9] [143, 144, 145, 146, 147, 148, 149] 20160313
4.488888888888894 [9] [263, 264, 265, 266, 267, 268, 269, 270, 271, 272, 273, 274] 20160911
4.482271318521402 [7, 8] [151, 152, 153, 154, 155, 156, 157, 158, 159, 160, 161, 162] 20160813
4.478571428571435 [5, 6, 7, 8] [84, 85, 86, 87, 88, 89, 90, 91] 20160308
4.460808080808082 [2, 3, 5, 6] [199, 200, 201, 202, 203, 204, 205, 206, 207, 208, 209, 210] 20160328
4.459523809523802 [0, 1, 2, 3] [252, 253, 254, 255, 256, 257, 258, 259, 260, 261, 262, 263] 20160628
4.442987608455477 [2, 3, 5, 7] [18, 19, 20, 21, 22, 23, 24, 25, 26, 27, 28, 29] 20160325
4.422916666666666 [5, 7, 8, 9] [184, 185, 186, 187, 188, 189, 190, 191, 192, 193, 194, 195] 20160419
4.422447840049578 [0, 1] [129, 130, 131, 132, 133, 134, 135, 136, 137, 138, 139, 140] 20160325
4.419417382415927 [1, 2, 3, 4] [100, 101, 102, 103, 104, 105, 106] 20160922
4.369919907732866 [2, 3, 5] [133, 134, 135, 136, 137, 138, 139, 140, 141, 142, 143, 144] 20160313
4.352777777777774 [3, 4, 6, 7] [161, 162, 163, 164, 165, 166, 167, 168, 169, 170, 171, 172] 20160313
4.318754968165434 [3, 5, 6, 7] [168, 169, 170, 171, 172, 173, 174, 175, 176, 177, 178, 179] 20160313
4.303923274822114 [1, 2, 3, 4] [83, 84, 85, 86, 87, 88, 89] 20160922
4.299999999999997 [5] [32, 33, 34, 35] 20160419
4.293561501873517 [1, 2, 3, 4] [106, 107, 108, 109, 110, 111, 112, 113, 114, 115, 116] 20160922
4.263499278499277 [4, 6, 7, 9] [162, 163, 164, 165, 166, 167, 168, 169, 170, 171, 172, 173] 20160405
4.243524478543755 [3, 5, 7, 8] [10, 11, 12, 13] 20160419
4.233333333333334 [6, 7, 8, 9] [166, 167, 168, 169, 170, 171, 172, 173, 174, 175, 176, 177] 20160419
4.227166220916706 [1, 2, 3] [57, 58, 59, 60, 61, 62, 63, 64, 65] 20160813
4.209583333333331 [1, 2, 3, 5] [206, 207, 208, 209, 210, 211, 212, 213, 214, 215, 216, 217] 20160328
4.2064996738586435 [5, 7, 9] [145, 146, 147, 148, 149, 150, 151, 152, 153, 154, 155, 156] 20160325
4.200223208354527 [3, 5, 6] [219, 220, 221, 222, 223, 224] 20160324
4.195411956111284 [6, 7, 9] [158, 159, 160, 161, 162, 163] 20160922
4.1499999999999995 [5, 6, 7, 8] [122, 123, 124, 125, 126] 20160405
4.148015873015872 [3, 5, 6, 7] [31, 32, 33, 34, 35, 36, 37, 38, 39, 40, 41, 42] 20160405
4.1032196969696955 [6, 7, 8, 9] [153, 154, 155, 156, 157, 158, 159, 160, 161, 162, 163, 164] 20160628
4.1012499999999985 [4, 6, 7, 8] [137, 138, 139, 140, 141, 142, 143, 144, 145, 146, 147, 148] 20160312
4.074999999999989 [1] [78, 79, 80, 81, 82, 83, 84, 85, 86] 20160628
4.058333333333337 [3, 4, 5, 7] [40, 41, 42, 43] 20160419
4.054078878802878 [2, 3, 5] [13, 14, 15, 16] 20160419
4.049999999999997 [1] [83, 84, 85] 20160922
4.047499999999992 [3, 5, 7, 9] [144, 145, 146, 147, 148, 149, 150] 20160514
4.037602882532778 [1, 2, 3, 5] [118, 119, 120, 121, 122, 123, 124, 125, 126, 127, 128] 20160628
4.025414376849886 [1, 2, 3] [176, 177, 178, 179, 180, 181, 182, 183, 184, 185, 186, 187] 20160813
4.0244477374960095 [0, 1] [190, 191, 192, 193, 194, 195, 196, 197, 198, 199, 200, 201] 20160328
4.013630952380957 [5, 6, 7, 8] [189, 190, 191, 192, 193, 194, 195, 196, 197, 198, 199, 200] 20160922
3.999446462018346 [4, 6, 7, 8] [137, 138, 139, 140, 141, 142, 143, 144, 145, 146, 147, 148] 20160628
3.983716857408417 [2, 3, 5, 7] [22, 23, 24, 25] 20160313
3.981684613109973 [2, 3, 5, 7] [21, 22, 23, 24, 25, 26, 27, 28, 29, 30] 20160911
3.966877474557056 [1, 2, 3, 4] [42, 43, 44, 45, 46, 47, 48, 49, 50, 51, 52, 53] 20160922
3.9654226876768273 [0, 1] [59, 60, 61, 62, 63, 64, 65, 66, 67, 68, 69, 70] 20160922
3.9501587301587295 [5, 7, 8, 9] [83, 84, 85, 86, 87, 88, 89, 90, 91, 92, 93] 20160405
3.948012861624887 [6, 7] [25, 26, 27, 28] 20160313
3.941428571428567 [4, 6, 7, 9] [175, 176, 177, 178, 179, 180, 181, 182, 183, 184, 185, 186] 20160313
3.931428571428576 [4, 5, 7, 8] [130, 131, 132, 133, 134, 135, 136, 137, 138, 139, 140, 141] 20160628
3.92598183048945 [5, 7, 8, 9] [132, 133, 134, 135, 136, 137] 20160313
3.9163593260029606 [3, 5, 7, 9] [273, 274, 275, 276, 277, 278] 20160911
3.910555555555554 [6, 7, 8, 9] [180, 181, 182, 183, 184, 185, 186, 187, 188, 189, 190, 191] 20160628
3.9067649660556736 [4, 6, 7, 9] [195, 196, 197, 198, 199, 200, 201, 202, 203, 204, 205, 206] 20160412
3.8999999999999995 [6] [126, 127, 128, 129] 20160405
3.8999999999999915 [1] [98, 99, 100, 101, 102] 20160628
3.8583333333333343 [9] [203, 204, 205, 206, 207, 208, 209, 210, 211, 212] 20160325
3.856678235721632 [0, 1, 2] [49, 50, 51, 52, 53, 54, 55, 56, 57, 58] 20160922
3.854583333333334 [6, 7, 8, 9] [127, 128, 129, 130, 131, 132, 133, 134, 135, 136, 137] 20160312
3.836054287937018 [8, 9] [276, 277, 278, 279, 280, 281, 282, 283, 284, 285, 286] 20160621
3.8270190346218516 [3, 5, 7] [58, 59, 60, 61, 62, 63, 64, 65, 66, 67, 68] 20160911
3.8183766184073553 [2, 3] [257, 258, 259, 260, 261, 262, 263, 264, 265, 266, 267, 268] 20160412
3.814360778446125 [6, 7, 8] [132, 133, 134, 135, 136, 137, 138] 20160312
3.8057792207792236 [5, 6, 7, 8] [100, 101, 102, 103, 104, 105, 106, 107, 108, 109, 110, 111] 20160308
3.8018057011637505 [2, 3, 5, 6] [6, 7, 8, 9, 10, 11, 12, 13, 14, 15, 16] 20160308
3.7997437359166417 [5, 7, 8] [2, 3, 4, 5, 6, 7, 8, 9, 10, 11, 12] 20160514
3.7749999999999986 [8] [112, 113, 114, 115, 116] 20160325
3.7704402885658816 [6, 7, 8] [43, 44, 45, 46, 47, 48, 49, 50, 51, 52, 53, 54] 20160328
3.763333333333332 [5, 6, 7, 8] [19, 20, 21, 22, 23, 24, 25, 26, 27, 28, 29, 30] 20160922
3.760406021146858 [1, 2, 3] [83, 84, 85, 86, 87, 88, 89, 90, 91, 92, 93, 94] 20160628
3.755555555555553 [2] [252, 253, 254, 255, 256, 257, 258, 259, 260, 261, 262, 263] 20160412
3.75 [1] [80, 81, 82, 83] 20160628
3.7358808272689243 [2, 3, 4] [89, 90, 91, 92, 93] 20160325
3.7066666666666706 [3, 4, 6, 7] [182, 183, 184, 185, 186, 187, 188, 189, 190, 191, 192, 193] 20160813
3.6565517048676193 [7, 8, 9] [175, 176, 177, 178, 179, 180, 181] 20160922
3.639832156157759 [1, 2] [3, 4, 5, 6, 7, 8, 9, 10, 11, 12, 13, 14] 20160813
3.6287589126884545 [4, 5, 6] [168, 169, 170, 171, 172, 173, 174, 175, 176, 177, 178, 179] 20160911
3.6284722222222214 [4, 5, 6, 7] [6, 7, 8, 9, 10, 11, 12, 13, 14, 15, 16, 17] 20160922
3.6268055555555563 [5, 6, 7, 9] [106, 107, 108, 109, 110, 111, 112, 113, 114, 115, 116, 117] 20160621
3.5894642857142856 [1, 2, 3, 4] [130, 131, 132, 133, 134, 135, 136, 137, 138, 139, 140, 141] 20160621
3.5762725245803115 [6, 7, 8, 9] [155, 156, 157, 158, 159, 160, 161, 162, 163, 164, 165, 166] 20160302
3.5507041555161982 [5, 7, 8, 9] [87, 88, 89, 90, 91, 92, 93] 20160405
3.5457142857142863 [4, 6, 7, 9] [269, 270, 271, 272, 273, 274, 275, 276, 277, 278, 279, 280] 20160313
3.5355339059327373 [7, 9] [72, 73, 74, 75, 76, 77, 78] 20160405
3.518949890710769 [6, 7, 8, 9] [212, 213, 214, 215, 216, 217, 218, 219, 220, 221, 222, 223] 20160301
3.517506515037796 [3, 4, 5] [155, 156, 157, 158, 159, 160, 161, 162, 163, 164, 165, 166] 20160325
3.513142191195166 [4, 5, 7] [98, 99, 100, 101, 102, 103, 104] 20160312
3.4559537282219206 [0, 1, 2] [142, 143, 144, 145, 146, 147, 148, 149, 150, 151, 152, 153] 20160621
3.455000000000002 [2, 3, 5, 7] [4, 5, 6, 7, 8, 9, 10, 11, 12, 13, 14, 15] 20160325
3.4499999999999993 [2] [44, 45, 46, 47] 20160405
3.43952380952382 [0, 1, 2, 3] [78, 79, 80, 81, 82, 83, 84, 85, 86, 87, 88, 89] 20160621
3.4197006301500794 [4, 5, 7, 8] [237, 238, 239, 240, 241, 242, 243, 244, 245] 20160412
3.410277777777779 [3, 5, 7, 8] [26, 27, 28, 29, 30, 31, 32, 33, 34, 35, 36, 37] 20160308
3.3678765702728226 [5, 7, 8, 9] [276, 277, 278, 279] 20160911
3.34077380952381 [1, 2, 3, 5] [1, 2, 3, 4, 5, 6, 7, 8, 9, 10] 20160308
3.3404671717171723 [5, 6, 7, 9] [193, 194, 195, 196, 197, 198, 199, 200, 201, 202, 203, 204] 20160911
3.336666666666666 [4, 6, 7, 8] [86, 87, 88, 89, 90, 91, 92] 20160312
3.3292944280866577 [1, 2, 3, 5] [197, 198, 199, 200, 201] 20160328
3.3234018715767726 [7, 9] [72, 73, 74, 75] 20160405
3.32340187157677 [5, 6] [222, 223, 224, 225, 226] 20160324
3.3186507936507965 [5, 7, 8, 9] [179, 180, 181, 182, 183, 184, 185, 186, 187, 188] 20160911
3.310485204228372 [4, 5, 6] [106, 107, 108, 109, 110, 111, 112, 113, 114, 115, 116, 117] 20160405
3.3000000000000043 [2, 3, 5, 6] [221, 222, 223, 224] 20160324
3.299999999999997 [6] [130, 131, 132, 133, 134, 135] 20160325
3.2834734594912875 [3, 5, 7, 8] [244, 245, 246, 247, 248, 249, 250, 251, 252, 253, 254, 255] 20160325
3.2812740298943712 [5, 7, 8, 9] [14, 15, 16, 17, 18, 19, 20, 21] 20160312
3.272774150931304 [4, 5, 7, 8] [244, 245, 246, 247, 248, 249, 250, 251, 252, 253, 254, 255] 20160412
3.262579365079361 [4, 5, 7, 9] [215, 216, 217, 218, 219, 220, 221, 222, 223, 224, 225, 226] 20160312
3.2552380952380915 [4, 6, 7, 8] [124, 125, 126, 127, 128, 129, 130, 131, 132, 133, 134, 135] 20160813
3.252691193458118 [5, 7] [55, 56, 57] 20160405
3.233333333333327 [2, 3, 4, 5] [281, 282, 283, 284] 20160312
3.229633255816856 [4, 5, 7] [103, 104, 105, 106, 107, 108, 109, 110, 111, 112, 113] 20160312
3.227100662329458 [2, 3] [133, 134, 135, 136, 137, 138, 139, 140, 141, 142, 143, 144] 20160328
3.2095238095238106 [4, 6, 7, 9] [200, 201, 202, 203, 204, 205, 206, 207, 208, 209, 210, 211] 20160301
3.2050360750360696 [6, 7, 8, 9] [130, 131, 132, 133, 134, 135, 136, 137, 138, 139, 140, 141] 20160813
3.177460317460323 [3, 4, 5, 6] [155, 156, 157, 158, 159, 160, 161, 162, 163, 164, 165, 166] 20160911
3.165529047356842 [6, 7, 8] [100, 101, 102, 103, 104, 105, 106, 107, 108, 109, 110, 111] 20160621
3.1500000000000057 [2] [65, 66, 67] 20160621
3.14325982268809 [7, 8, 9] [54, 55, 56, 57, 58, 59, 60, 61, 62, 63, 64, 65] 20160312
3.1380952380952394 [1, 2, 3, 4] [186, 187, 188, 189, 190, 191, 192, 193, 194, 195, 196, 197] 20160412
3.125 [1] [146, 147, 148, 149, 150, 151] 20160312
3.1160418814262925 [7, 8, 9] [79, 80, 81, 82, 83, 84, 85, 86, 87, 88, 89, 90] 20160301
3.1104745752591065 [6, 7, 8] [43, 44, 45, 46, 47, 48, 49, 50, 51, 52, 53, 54] 20160302
3.0918244007381754 [8, 9] [12, 13, 14, 15, 16, 17, 18, 19, 20, 21, 22, 23] 20160328
3.05823682863181 [0, 1] [250, 251, 252, 253, 254] 20160621
3.054932729557522 [1, 2, 3] [23, 24, 25, 26, 27, 28, 29, 30, 31, 32, 33, 34] 20160813
3.0484094213212165 [5, 6, 7, 9] [195, 196, 197, 198, 199, 200] 20160911
3.0429292929292906 [6, 7, 8, 9] [219, 220, 221, 222, 223, 224, 225, 226, 227, 228, 229, 230] 20160301
3.0388690476190483 [5, 6, 7, 9] [39, 40, 41, 42, 43, 44, 45, 46, 47, 48, 49, 50] 20160312
3.0146319104586436 [7, 8] [163, 164, 165, 166, 167, 168, 169, 170, 171, 172, 173, 174] 20160412
3.0142495303941743 [5, 7, 8, 9] [65, 66, 67, 68, 69, 70, 71, 72, 73, 74, 75, 76] 20160301
2.988291679005606 [7, 8, 9] [191, 192, 193, 194, 195, 196, 197, 198, 199, 200, 201, 202] 20160301
2.9875000000000007 [4, 5, 7, 8] [74, 75, 76, 77, 78] 20160312
2.9619917389703163 [0, 1] [122, 123, 124, 125, 126, 127, 128, 129, 130, 131, 132, 133] 20160621
2.961666666666668 [5, 6, 7, 8] [71, 72, 73, 74, 75, 76, 77, 78, 79, 80, 81, 82] 20160301
2.9541776095284895 [5, 7, 8, 9] [75, 76, 77, 78, 79, 80, 81, 82, 83, 84, 85, 86] 20160301
2.9444863728670883 [3, 4, 6] [74, 75, 76, 77, 78, 79, 80, 81, 82] 20160813
2.9168154723945108 [7, 8] [36, 37, 38, 39, 40, 41, 42, 43, 44, 45, 46, 47] 20160302
2.903178413043053 [1, 2, 3, 4] [19, 20, 21, 22, 23, 24, 25, 26, 27, 28] 20160813
2.897173617361543 [2, 3] [28, 29, 30, 31, 32, 33, 34, 35, 36, 37, 38] 20160813
2.893055555555563 [5, 6, 7, 8] [184, 185, 186, 187, 188, 189, 190, 191, 192, 193] 20160911
2.8819400937048782 [1, 2, 3] [182, 183, 184, 185, 186, 187] 20160813
2.87424209011569 [0, 1, 2] [180, 181, 182, 183, 184, 185, 186, 187, 188, 189, 190] 20160328
2.8516666666666666 [4, 6, 7, 8] [160, 161, 162, 163, 164, 165, 166, 167, 168, 169, 170] 20160621
2.80485689870664 [1, 2] [22, 23, 24, 25] 20160813
2.7717857142857127 [5, 6, 7, 9] [188, 189, 190, 191, 192, 193, 194, 195, 196, 197, 198] 20160301
2.754404761904759 [5, 6, 7, 9] [145, 146, 147, 148, 149, 150, 151, 152, 153, 154] 20160302
2.7238095238095283 [4, 5, 7, 8] [228, 229, 230, 231, 232, 233, 234, 235, 236, 237, 238, 239] 20160301
2.684678751731755 [0, 1, 2] [222, 223, 224, 225] 20160621
2.6666666666666714 [9] [0, 1, 2, 3] 20160412
2.6523015873015865 [4, 6, 7, 8] [212, 213, 214, 215, 216, 217, 218, 219, 220, 221, 222, 223] 20160412
2.6227272727272712 [3, 4, 6, 7] [217, 218, 219, 220, 221, 222, 223, 224, 225, 226, 227, 228] 20160412
2.599519587026289 [0, 1, 2] [147, 148, 149, 150, 151, 152, 153, 154, 155, 156, 157, 158] 20160621
2.573149342588306 [7, 8, 9] [170, 171, 172, 173, 174, 175, 176, 177, 178, 179, 180, 181] 20160302
2.56111111111111 [0] [226, 227, 228, 229, 230, 231, 232, 233, 234, 235, 236] 20160412
2.553441154284757 [0, 1] [120, 121, 122, 123, 124, 125, 126, 127, 128, 129, 130, 131] 20160328
2.451303508113356 [0, 1] [254, 255, 256, 257, 258, 259] 20160621
2.433116883116881 [3, 4, 5, 6] [165, 166, 167, 168, 169, 170, 171, 172, 173, 174, 175, 176] 20160301
2.4283702231369784 [0, 1, 2] [185, 186, 187, 188, 189, 190, 191, 192, 193, 194, 195, 196] 20160621
2.3593019480519457 [5, 6, 7, 8] [158, 159, 160, 161, 162, 163, 164, 165, 166, 167, 168, 169] 20160301
2.3341666666666683 [4, 6, 7, 8] [42, 43, 44, 45, 46, 47, 48] 20160813
2.2952380952380906 [3, 5, 7, 8] [3, 4, 5, 6, 7, 8, 9, 10, 11] 20160328
2.2627416997969387 [1, 2] [224, 225, 226] 20160324
2.2416666666666636 [3, 5, 6, 7] [27, 28, 29, 30, 31, 32, 33, 34, 35, 36, 37] 20160328
2.219285714285716 [0, 1, 2, 3] [224, 225, 226, 227, 228, 229, 230, 231, 232, 233, 234, 235] 20160302
2.2007142857142874 [6, 7, 8, 9] [278, 279, 280, 281, 282, 283, 284, 285, 286] 20160328
2.1999999999999993 [3, 4, 6, 7] [0, 1, 2, 3, 4, 5] 20160328
2.1776363479184284 [2, 3] [191, 192, 193, 194, 195, 196, 197, 198, 199, 200, 201, 202] 20160302
2.1679502608070464 [1, 2, 3] [259, 260, 261, 262, 263, 264, 265, 266, 267, 268, 269, 270] 20160301
2.1666666666666643 [8] [43, 44, 45, 46] 20160302
2.1570905771722875 [7, 8, 9] [89, 90, 91, 92, 93, 94, 95, 96, 97, 98, 99, 100] 20160301
2.1494805194805195 [2, 3, 4, 6] [179, 180, 181, 182, 183, 184, 185, 186, 187, 188, 189, 190] 20160301
2.074179891480537 [1, 2] [209, 210, 211, 212, 213, 214, 215] 20160302
2.0082166863312514 [6, 7, 8, 9] [1, 2, 3, 4, 5, 6, 7, 8, 9, 10, 11] 20160302
1.9806566017307476 [8, 9] [199, 200, 201, 202, 203, 204, 205, 206, 207, 208, 209, 210] 20160302
1.979898987322331 [1, 2, 3, 4] [87, 88, 89, 90] 20160302
1.9657142857142844 [9] [61, 62, 63, 64, 65, 66, 67, 68, 69, 70, 71, 72] 20160324
1.7748380207782328 [4, 6, 7, 8] [25, 26, 27, 28, 29, 30, 31, 32, 33] 20160302
1.7737483270103467 [4, 5, 7, 8] [27, 28, 29, 30, 31, 32, 33, 34, 35, 36, 37, 38] 20160324
1.3959920634920628 [3, 4, 5, 6] [11, 12, 13, 14, 15, 16, 17, 18, 19, 20, 21, 22] 20160324
1.2666666666666728 [5, 7, 8, 9] [279, 280, 281, 282] 20160324
