33.00984848484848 [3, 5, 7, 8] [160, 161, 162, 163, 164, 165, 166, 167, 168, 169, 170, 171, 172, 173, 174, 175, 176, 177, 178, 179, 180, 181, 182, 183, 184, 185, 186, 187, 188, 189, 190, 191, 192, 193, 194] 20160312
31.864925699300706 [5, 7, 8, 9] [191, 192, 193, 194, 195, 196, 197, 198, 199, 200, 201, 202, 203, 204, 205, 206, 207, 208, 209] 20160312
29.925 [3, 5, 7, 8] [184, 185, 186, 187, 188, 189, 190, 191, 192, 193, 194, 195, 196, 197, 198, 199, 200] 20160312
27.86063311688312 [0, 1, 2, 3] [49, 50, 51, 52, 53, 54, 55, 56, 57, 58, 59, 60, 61, 62, 63, 64, 65, 66, 67, 68, 69, 70, 71, 72] 20160325
27.268617424242425 [3, 5, 7, 9] [133, 134, 135, 136, 137, 138, 139, 140, 141, 142, 143, 144, 145, 146, 147, 148, 149, 150, 151, 152, 153, 154, 155, 156, 157, 158, 159, 160, 161, 162, 163, 164, 165, 166, 167, 168] 20160405
25.230206763586644 [3, 5, 7, 8] [191, 192, 193] 20160312
24.62151903326186 [4, 5, 7, 9] [158, 159, 160, 161, 162, 163, 164, 165, 166, 167, 168, 169, 170, 171, 172, 173, 174, 175, 176, 177, 178, 179, 180, 181, 182, 183, 184, 185, 186, 187, 188, 189, 190, 191, 192, 193] 20160309
24.41617647058824 [1, 2, 3, 4] [13, 14, 15, 16, 17, 18, 19, 20, 21, 22, 23, 24, 25, 26, 27, 28, 29, 30, 31, 32, 33, 34, 35, 36, 37, 38, 39, 40, 41, 42, 43, 44, 45, 46, 47, 48] 20160301
24.133241252126354 [3, 5, 7, 8] [187, 188, 189, 190, 191, 192] 20160312
23.908823529411766 [6, 7, 8, 9] [125, 126, 127, 128, 129, 130, 131, 132, 133, 134, 135, 136, 137, 138, 139, 140, 141, 142, 143, 144, 145, 146, 147, 148, 149, 150, 151, 152, 153, 154, 155, 156, 157, 158, 159, 160] 20160421
23.900239179203403 [2, 3, 4] [63, 64, 65, 66, 67, 68, 69, 70, 71, 72, 73, 74, 75, 76, 77, 78, 79, 80, 81, 82, 83, 84, 85, 86, 87, 88, 89, 90, 91, 92] 20160325
23.69460784313726 [1, 2, 3, 4] [63, 64, 65, 66, 67, 68, 69, 70, 71, 72, 73, 74, 75, 76, 77, 78, 79, 80, 81, 82] 20160325
22.738797870038777 [3, 5] [76, 77, 78, 79, 80, 81, 82, 83, 84, 85, 86, 87, 88, 89, 90, 91, 92, 93, 94, 95, 96, 97, 98, 99, 100, 101, 102, 103, 104, 105, 106, 107, 108, 109, 110, 111] 20160302
21.883333333333333 [0, 1, 2, 3] [63, 64, 65, 66, 67, 68, 69, 70] 20160325
21.833333333333325 [3, 5, 6, 7] [140, 141, 142, 143, 144, 145, 146, 147, 148, 149, 150, 151, 152, 153, 154, 155, 156, 157, 158, 159, 160, 161, 162, 163, 164, 165, 166, 167, 168, 169, 170, 171, 172, 173, 174] 20160922
21.24166666666666 [1, 2, 3, 4] [234, 235, 236, 237, 238, 239, 240, 241, 242, 243, 244, 245, 246, 247] 20160813
21.18565343258892 [1, 2, 3, 5] [37, 38, 39, 40, 41, 42, 43, 44, 45, 46, 47, 48, 49, 50, 51, 52, 53, 54, 55, 56, 57, 58, 59, 60, 61, 62, 63, 64, 65, 66, 67, 68, 69] 20160621
20.82406195922115 [3, 5, 7, 8] [99, 100, 101, 102, 103, 104, 105, 106, 107, 108, 109, 110, 111, 112, 113, 114, 115, 116, 117, 118, 119, 120, 121, 122, 123, 124, 125, 126, 127, 128, 129, 130, 131, 132] 20160302
20.28883508158508 [5, 7, 8, 9] [117, 118, 119, 120, 121, 122, 123, 124, 125, 126, 127, 128, 129, 130, 131, 132, 133, 134, 135, 136, 137, 138, 139, 140, 141, 142, 143, 144, 145, 146, 147, 148, 149, 150, 151] 20160302
20.260714285714286 [1, 2, 3, 4] [13, 14, 15, 16, 17, 18, 19, 20, 21, 22, 23, 24, 25, 26, 27, 28] 20160301
20.25 [5, 6, 7, 9] [238, 239, 240, 241, 242, 243, 244, 245, 246, 247, 248, 249, 250, 251, 252, 253, 254, 255, 256, 257, 258, 259, 260, 261, 262, 263, 264, 265, 266, 267, 268, 269, 270, 271, 272, 273] 20160922
20.092144559590245 [3, 5, 7, 8] [59, 60, 61, 62, 63, 64, 65, 66, 67, 68, 69, 70, 71, 72, 73, 74, 75, 76, 77, 78, 79, 80, 81, 82, 83, 84, 85, 86, 87, 88, 89, 90, 91, 92, 93] 20160309
19.535115864527626 [2, 3, 4, 5] [226, 227, 228, 229, 230, 231, 232, 233, 234, 235, 236, 237, 238, 239, 240, 241, 242, 243, 244, 245, 246, 247, 248, 249, 250, 251, 252, 253, 254, 255, 256, 257, 258, 259, 260, 261] 20160529
18.839114238284523 [0, 1, 2, 3] [74, 75, 76, 77, 78, 79, 80, 81, 82, 83, 84, 85, 86] 20160302
18.75870389241708 [2, 3, 4] [214, 215, 216, 217, 218, 219, 220, 221, 222, 223, 224, 225, 226, 227, 228, 229, 230, 231, 232, 233, 234, 235, 236, 237, 238, 239, 240, 241, 242, 243, 244, 245, 246, 247] 20160529
18.66920289855073 [5, 6, 7, 9] [262, 263, 264, 265, 266, 267, 268, 269, 270, 271, 272, 273, 274, 275, 276, 277, 278, 279, 280, 281, 282, 283, 284, 285, 286, 287] 20160922
18.564062094725273 [1, 2] [201, 202, 203, 204, 205, 206, 207, 208, 209, 210, 211, 212, 213, 214, 215, 216, 217, 218, 219, 220, 221, 222, 223, 224, 225, 226, 227, 228, 229, 230, 231, 232, 233] 20160324
18.5258064516129 [3] [31, 32, 33, 34, 35, 36, 37, 38, 39, 40, 41, 42, 43, 44, 45, 46, 47, 48, 49, 50, 51, 52, 53, 54, 55, 56, 57, 58, 59, 60, 61, 62, 63] 20160309
18.352288879337326 [1, 2, 3, 4] [203, 204, 205, 206, 207, 208, 209, 210, 211, 212, 213, 214, 215, 216, 217, 218, 219, 220, 221, 222, 223, 224, 225, 226, 227, 228, 229, 230, 231, 232, 233, 234, 235] 20160529
18.35 [1, 2, 3, 5] [158, 159, 160, 161, 162, 163, 164, 165, 166, 167, 168, 169, 170, 171, 172, 173, 174, 175, 176, 177, 178, 179, 180, 181, 182, 183, 184, 185, 186, 187, 188, 189, 190, 191, 192, 193] 20160308
18.218750000000004 [1, 2, 3, 4] [13, 14, 15, 16, 17, 18, 19, 20, 21, 22] 20160301
17.96532976827095 [0, 1, 2, 3] [188, 189, 190, 191, 192, 193, 194, 195, 196, 197, 198, 199, 200, 201, 202, 203, 204, 205, 206, 207, 208, 209, 210, 211, 212, 213, 214, 215, 216, 217, 218, 219, 220, 221, 222, 223] 20160324
17.914795008912655 [2, 3, 4, 5] [145, 146, 147, 148, 149, 150, 151, 152, 153, 154, 155, 156, 157, 158, 159, 160, 161, 162, 163, 164, 165, 166, 167, 168, 169, 170, 171, 172, 173, 174, 175, 176, 177, 178, 179, 180] 20160308
17.796791443850275 [5, 6, 7, 8] [90, 91, 92, 93, 94, 95, 96, 97, 98, 99, 100, 101, 102, 103, 104, 105, 106, 107, 108, 109, 110, 111, 112, 113, 114, 115, 116, 117, 118, 119, 120, 121, 122, 123, 124, 125] 20160911
17.76027462121212 [0, 1, 2, 3] [68, 69, 70, 71, 72, 73, 74, 75, 76, 77, 78, 79, 80, 81, 82, 83, 84, 85, 86, 87, 88, 89, 90, 91, 92, 93, 94, 95, 96, 97, 98, 99, 100, 101, 102] 20160419
17.739541373017513 [7, 8] [270, 271, 272, 273, 274, 275, 276, 277, 278, 279, 280, 281, 282, 283, 284, 285, 286, 287] 20160813
17.47360703812317 [5, 6, 7, 8] [180, 181, 182, 183, 184, 185, 186, 187, 188, 189, 190, 191, 192, 193, 194, 195, 196, 197, 198, 199, 200, 201, 202, 203, 204, 205, 206, 207, 208, 209, 210, 211, 212, 213, 214] 20160529
17.20503802185085 [0, 1, 2, 3] [68, 69, 70, 71, 72, 73] 20160325
17.084803921568632 [0, 1, 2, 3] [35, 36, 37, 38, 39, 40, 41, 42, 43, 44, 45, 46, 47, 48, 49, 50, 51, 52, 53, 54, 55, 56, 57, 58, 59, 60, 61, 62, 63, 64, 65, 66, 67, 68, 69, 70] 20160412
17.001498670154042 [3, 4] [222, 223, 224, 225, 226, 227, 228, 229, 230, 231, 232, 233, 234, 235, 236, 237, 238, 239] 20160813
16.998847019724597 [3, 4] [235, 236, 237, 238, 239, 240, 241] 20160813
16.94732142857143 [1, 2, 3, 4] [8, 9, 10, 11, 12, 13, 14, 15, 16, 17] 20160301
16.84046100312728 [7, 8, 9] [116, 117, 118, 119, 120, 121, 122, 123, 124, 125, 126, 127, 128, 129, 130, 131, 132, 133, 134, 135, 136, 137, 138, 139, 140, 141, 142, 143, 144, 145, 146, 147, 148, 149, 150, 151] 20160412
16.813153846153853 [3, 4, 6, 7] [0, 1, 2, 3, 4, 5, 6, 7, 8, 9, 10, 11, 12, 13, 14, 15, 16, 17, 18, 19, 20, 21, 22, 23, 24, 25, 26, 27] 20160529
16.784046345811056 [2, 3, 4, 5] [125, 126, 127, 128, 129, 130, 131, 132, 133, 134, 135, 136, 137, 138, 139, 140, 141, 142, 143, 144, 145, 146, 147, 148, 149, 150, 151, 152, 153, 154, 155, 156, 157, 158, 159, 160] 20160313
16.76466733870967 [2, 3, 4, 5] [138, 139, 140, 141, 142, 143, 144, 145, 146, 147, 148, 149, 150, 151, 152, 153, 154, 155, 156, 157, 158, 159, 160, 161, 162, 163, 164, 165, 166, 167, 168, 169, 170, 171] 20160313
16.760660173160176 [1, 2, 3, 4] [48, 49, 50, 51, 52, 53, 54, 55, 56, 57, 58, 59, 60, 61, 62, 63, 64, 65, 66, 67, 68, 69, 70, 71, 72, 73, 74, 75, 76, 77, 78, 79, 80, 81, 82, 83] 20160412
16.623427987829253 [5, 6, 7] [12, 13, 14, 15, 16, 17, 18, 19, 20, 21, 22, 23, 24, 25, 26, 27, 28, 29, 30, 31, 32, 33, 34, 35, 36, 37, 38, 39, 40, 41, 42, 43, 44, 45, 46] 20160421
16.548644458753987 [7, 8, 9] [111, 112, 113, 114, 115, 116, 117, 118, 119, 120, 121, 122, 123, 124, 125, 126, 127, 128, 129, 130, 131, 132, 133, 134, 135, 136, 137, 138, 139, 140, 141, 142, 143, 144, 145] 20160911
16.540322580645164 [3, 4, 5, 7] [0, 1, 2, 3, 4, 5, 6, 7, 8, 9, 10, 11, 12, 13, 14, 15, 16, 17, 18, 19, 20, 21, 22, 23, 24, 25, 26, 27, 28, 29, 30, 31, 32] 20160421
16.53072601010101 [1, 2, 3, 4] [60, 61, 62, 63, 64, 65, 66, 67, 68, 69, 70, 71, 72, 73, 74, 75, 76, 77, 78, 79, 80, 81, 82, 83, 84, 85, 86, 87, 88, 89, 90, 91, 92, 93, 94] 20160412
16.442335115864527 [6, 7, 8, 9] [161, 162, 163, 164, 165, 166, 167, 168, 169, 170, 171, 172, 173, 174, 175, 176, 177, 178, 179, 180, 181, 182, 183, 184, 185, 186, 187, 188, 189, 190, 191, 192, 193, 194, 195, 196] 20160922
16.4022584095235 [5, 7, 8] [75, 76, 77, 78, 79, 80, 81, 82, 83, 84, 85, 86, 87, 88, 89, 90, 91, 92, 93, 94, 95, 96, 97, 98, 99, 100, 101, 102, 103] 20160309
16.333333333333332 [1, 2, 3, 4] [13, 14, 15, 16, 17] 20160301
16.29431453270979 [1, 2, 3, 4] [47, 48, 49, 50, 51, 52, 53, 54, 55, 56, 57, 58, 59, 60, 61, 62, 63, 64, 65, 66, 67, 68, 69, 70, 71, 72, 73, 74, 75, 76, 77, 78, 79] 20160911
16.163205645161288 [3, 4, 5, 6] [240, 241, 242, 243, 244, 245, 246, 247, 248, 249, 250, 251, 252, 253, 254, 255, 256, 257, 258, 259, 260, 261, 262, 263, 264, 265, 266, 267, 268, 269, 270, 271, 272, 273] 20160514
16.105769230769234 [1, 2, 3, 5] [258, 259, 260, 261, 262, 263, 264, 265, 266, 267, 268, 269, 270, 271, 272, 273, 274, 275, 276, 277, 278, 279, 280, 281, 282, 283, 284, 285] 20160911
16.08275090098736 [3, 4] [228, 229, 230, 231, 232, 233, 234, 235, 236, 237, 238] 20160813
16.08181818181818 [5] [96, 97, 98, 99, 100, 101, 102, 103, 104, 105, 106, 107, 108, 109, 110, 111, 112, 113, 114, 115, 116, 117, 118, 119, 120, 121, 122, 123, 124, 125, 126, 127, 128, 129, 130, 131] 20160309
16.08 [3] [56, 57, 58, 59, 60, 61, 62] 20160309
16.0140625 [5, 7, 8, 9] [128, 129, 130, 131, 132, 133, 134, 135, 136, 137, 138, 139, 140, 141, 142, 143, 144, 145, 146, 147, 148, 149, 150, 151, 152, 153, 154, 155, 156, 157, 158, 159, 160, 161] 20160514
16.01156920246104 [1, 2, 3, 5] [75, 76, 77, 78, 79, 80, 81, 82, 83, 84, 85, 86, 87, 88, 89, 90, 91, 92, 93, 94, 95, 96, 97, 98, 99, 100, 101, 102, 103, 104, 105, 106, 107, 108, 109, 110] 20160911
15.897058823529413 [5, 6, 7, 9] [121, 122, 123, 124, 125, 126, 127, 128, 129, 130, 131, 132, 133, 134, 135, 136, 137, 138, 139, 140, 141, 142, 143, 144, 145, 146, 147, 148, 149, 150, 151, 152, 153, 154, 155, 156] 20160529
15.895381980189102 [5, 7, 8] [218, 219, 220, 221, 222, 223, 224, 225, 226, 227, 228, 229, 230, 231, 232, 233, 234, 235, 236, 237, 238, 239, 240, 241, 242, 243, 244, 245, 246, 247, 248, 249] 20160628
15.87713240271471 [0, 1, 2, 3] [68, 69, 70, 71] 20160325
15.826605392156864 [2, 3, 4, 5] [223, 224, 225, 226, 227, 228, 229, 230, 231, 232, 233, 234, 235, 236, 237, 238, 239, 240, 241, 242, 243, 244, 245, 246, 247, 248, 249, 250, 251, 252, 253, 254, 255, 256, 257, 258] 20160514
15.815384615384616 [3] [53, 54, 55, 56, 57, 58, 59, 60, 61, 62, 63, 64, 65, 66, 67] 20160302
15.754284274193544 [1, 2, 3, 5] [219, 220, 221, 222, 223, 224, 225, 226, 227, 228, 229, 230, 231, 232, 233, 234, 235, 236, 237, 238, 239, 240, 241, 242, 243, 244, 245, 246, 247, 248, 249, 250, 251, 252] 20160328
15.74852941176471 [3, 4, 5, 6] [136, 137, 138, 139, 140, 141, 142, 143, 144, 145, 146, 147, 148, 149, 150, 151, 152, 153, 154, 155, 156, 157, 158, 159, 160, 161, 162, 163, 164, 165, 166, 167, 168, 169, 170, 171] 20160312
15.31449300580506 [8, 9] [187, 188, 189, 190, 191, 192, 193, 194, 195, 196, 197, 198, 199, 200, 201, 202, 203, 204, 205, 206, 207, 208, 209, 210, 211, 212, 213, 214, 215, 216, 217, 218, 219, 220] 20160325
15.278787878787877 [2, 3, 5, 7] [219, 220, 221, 222, 223, 224, 225, 226, 227, 228, 229, 230, 231, 232, 233, 234, 235, 236, 237, 238, 239, 240, 241, 242, 243, 244, 245, 246, 247, 248, 249, 250, 251, 252, 253, 254] 20160324
14.953531301878206 [1, 2, 3] [250, 251, 252, 253, 254, 255, 256, 257, 258, 259, 260, 261, 262, 263, 264, 265, 266, 267, 268, 269, 270, 271, 272, 273, 274, 275, 276, 277, 278, 279] 20160324
14.7272431165787 [5, 7, 8] [239, 240, 241, 242, 243, 244, 245, 246, 247, 248, 249, 250, 251, 252] 20160628
14.641038741568119 [3, 5] [243, 244, 245, 246, 247, 248, 249, 250, 251, 252, 253, 254, 255, 256, 257, 258, 259, 260, 261, 262] 20160529
14.589705882352941 [0, 1, 2, 3] [250, 251, 252, 253, 254, 255, 256, 257, 258, 259, 260, 261, 262, 263, 264, 265, 266, 267, 268, 269, 270, 271, 272, 273, 274, 275, 276, 277, 278, 279, 280, 281, 282, 283, 284, 285] 20160308
14.579999999999998 [7] [270, 271, 272, 273, 274, 275, 276] 20160813
14.573336693548388 [2, 3, 4, 6] [47, 48, 49, 50, 51, 52, 53, 54, 55, 56, 57, 58, 59, 60, 61, 62, 63, 64, 65, 66, 67, 68, 69, 70, 71, 72, 73, 74, 75, 76, 77, 78, 79, 80] 20160419
14.391702722973264 [7, 8] [109, 110, 111, 112, 113, 114, 115, 116, 117, 118, 119, 120, 121, 122, 123, 124, 125, 126, 127, 128] 20160911
14.282351684318503 [7, 8] [60, 61, 62, 63, 64, 65, 66, 67, 68, 69, 70, 71, 72, 73, 74, 75, 76, 77, 78, 79, 80, 81, 82, 83, 84, 85, 86, 87, 88, 89, 90, 91, 92, 93, 94] 20160621
14.194652406417106 [6, 7, 8, 9] [141, 142, 143, 144, 145, 146, 147, 148, 149, 150, 151, 152, 153, 154, 155, 156, 157, 158, 159, 160, 161, 162, 163, 164, 165, 166, 167, 168, 169, 170, 171, 172, 173, 174, 175, 176] 20160529
14.18993080431115 [4, 6, 7, 9] [47, 48, 49, 50, 51, 52, 53, 54, 55, 56, 57, 58, 59, 60, 61, 62, 63, 64, 65, 66, 67, 68, 69, 70, 71, 72, 73, 74, 75, 76] 20160313
13.956713780046586 [2, 3, 4] [89, 90, 91, 92, 93, 94, 95, 96, 97, 98, 99, 100, 101, 102, 103, 104, 105, 106, 107, 108, 109, 110, 111, 112, 113, 114, 115, 116, 117, 118, 119, 120, 121, 122, 123, 124] 20160325
13.882417582417588 [4, 6, 7, 9] [0, 1, 2, 3, 4, 5, 6, 7, 8, 9, 10, 11, 12, 13, 14, 15] 20160529
13.850119028642236 [4, 5, 7, 9] [63, 64, 65, 66, 67, 68, 69, 70, 71, 72, 73, 74, 75, 76, 77, 78, 79, 80, 81, 82, 83, 84, 85, 86, 87, 88, 89, 90, 91, 92, 93, 94, 95, 96, 97] 20160313
13.798819472162617 [3, 5, 7] [35, 36, 37, 38, 39, 40, 41, 42, 43, 44, 45, 46, 47, 48, 49, 50, 51, 52, 53, 54, 55, 56, 57, 58, 59, 60, 61, 62, 63, 64, 65, 66, 67, 68, 69, 70] 20160405
13.514327485380111 [2, 3, 4, 5] [237, 238, 239, 240, 241, 242, 243, 244, 245, 246, 247, 248, 249, 250, 251, 252, 253, 254, 255, 256, 257] 20160514
13.161111111111111 [2, 3, 5, 7] [183, 184, 185, 186, 187, 188, 189, 190, 191, 192, 193, 194, 195, 196, 197, 198, 199, 200, 201, 202, 203, 204, 205, 206, 207, 208, 209, 210, 211] 20160308
13.125 [2, 3, 4, 5] [92, 93, 94, 95, 96, 97, 98, 99, 100, 101, 102, 103, 104, 105, 106, 107] 20160325
13.110383244206787 [4, 5, 7, 9] [156, 157, 158, 159, 160, 161, 162, 163, 164, 165, 166, 167, 168, 169, 170, 171, 172, 173, 174, 175, 176, 177, 178, 179, 180, 181, 182, 183, 184, 185, 186, 187, 188, 189, 190, 191] 20160529
13.079395726124107 [7, 8] [162, 163, 164, 165, 166, 167, 168, 169, 170, 171, 172, 173, 174, 175, 176, 177, 178, 179, 180, 181, 182, 183, 184, 185, 186, 187, 188, 189, 190, 191, 192, 193, 194, 195, 196, 197] 20160324
13.050633640552999 [5, 6, 7, 8] [89, 90, 91, 92, 93, 94, 95, 96, 97, 98, 99, 100, 101, 102, 103, 104, 105, 106, 107, 108, 109, 110, 111, 112, 113, 114, 115, 116, 117, 118, 119, 120, 121] 20160412
13.006666666666668 [8] [147, 148, 149, 150, 151, 152, 153, 154, 155, 156, 157, 158, 159, 160, 161, 162, 163, 164, 165, 166, 167, 168, 169, 170, 171, 172, 173, 174, 175, 176, 177, 178] 20160325
12.917023172905527 [4, 5, 7, 9] [244, 245, 246, 247, 248, 249, 250, 251, 252, 253, 254, 255, 256, 257, 258, 259, 260, 261, 262, 263, 264, 265, 266, 267, 268, 269, 270, 271, 272, 273, 274, 275, 276, 277, 278, 279] 20160312
12.844642857142855 [2, 3, 4, 6] [23, 24, 25, 26, 27, 28, 29, 30, 31, 32, 33, 34, 35, 36, 37, 38, 39, 40, 41, 42, 43, 44, 45, 46, 47, 48, 49, 50, 51, 52] 20160313
12.756206332605311 [1, 2] [242, 243, 244, 245, 246, 247, 248] 20160813
12.546094603338455 [2, 3] [236, 237, 238, 239, 240, 241, 242, 243, 244] 20160514
12.511394166772229 [1, 2, 3, 4] [28, 29, 30, 31, 32, 33, 34, 35, 36, 37, 38, 39, 40, 41, 42, 43, 44, 45, 46, 47, 48, 49, 50, 51, 52, 53, 54, 55, 56] 20160911
12.2796903682641 [0, 1, 2, 3] [195, 196, 197, 198, 199, 200, 201, 202, 203] 20160813
12.211734111091678 [0, 1] [80, 81, 82, 83, 84, 85, 86, 87, 88, 89, 90, 91, 92, 93, 94, 95, 96, 97, 98, 99, 100, 101, 102, 103, 104, 105, 106, 107, 108, 109, 110, 111, 112] 20160421
12.026489186217006 [4, 6, 7, 9] [139, 140, 141, 142, 143, 144, 145, 146, 147, 148, 149, 150, 151, 152, 153, 154, 155, 156, 157, 158, 159, 160, 161, 162, 163, 164, 165, 166, 167, 168, 169, 170, 171, 172, 173] 20160813
12.018421052631581 [3, 4, 5, 7] [1, 2, 3, 4, 5, 6, 7, 8, 9, 10, 11, 12, 13, 14, 15, 16, 17, 18, 19, 20, 21] 20160419
11.960695187165783 [1, 2, 3, 4] [234, 235, 236, 237, 238, 239, 240, 241, 242, 243, 244, 245, 246, 247, 248, 249, 250, 251, 252, 253, 254, 255, 256, 257, 258, 259, 260, 261, 262, 263, 264, 265, 266, 267, 268, 269] 20160421
11.94224786003947 [1, 2, 3] [275, 276, 277, 278, 279, 280, 281, 282, 283, 284, 285, 286] 20160324
11.914749262993322 [1, 2, 3, 5] [47, 48, 49, 50, 51, 52] 20160621
11.903030303030306 [9] [139, 140, 141, 142, 143, 144, 145, 146, 147, 148, 149, 150, 151, 152, 153, 154, 155, 156, 157, 158, 159, 160, 161, 162, 163, 164, 165, 166, 167, 168, 169, 170, 171, 172, 173, 174] 20160412
11.875937001594897 [2, 3, 4, 6] [9, 10, 11, 12, 13, 14, 15, 16, 17, 18, 19, 20, 21, 22, 23, 24, 25, 26, 27, 28, 29, 30, 31, 32, 33, 34, 35, 36, 37, 38, 39, 40, 41, 42] 20160405
11.832352941176467 [9] [212, 213, 214, 215, 216, 217, 218, 219, 220, 221, 222, 223, 224, 225, 226, 227, 228, 229, 230, 231, 232, 233, 234, 235, 236, 237, 238, 239, 240, 241, 242, 243, 244, 245, 246, 247] 20160325
11.78823529411764 [0] [1, 2, 3, 4, 5, 6, 7, 8, 9, 10, 11, 12, 13, 14, 15, 16, 17, 18, 19, 20, 21, 22, 23, 24, 25, 26, 27, 28, 29, 30, 31, 32, 33, 34, 35, 36] 20160911
11.686229946524062 [4, 5, 7, 8] [1, 2, 3, 4, 5, 6, 7, 8, 9, 10, 11, 12, 13, 14, 15, 16, 17, 18, 19, 20, 21, 22, 23, 24, 25, 26, 27, 28, 29, 30, 31, 32, 33, 34, 35, 36] 20160514
11.670238095238101 [2, 3, 4, 5] [257, 258, 259, 260, 261, 262, 263, 264, 265, 266, 267, 268, 269, 270, 271, 272, 273, 274, 275, 276, 277, 278, 279, 280, 281, 282, 283, 284, 285, 286] 20160421
11.501642148356176 [2, 3, 5, 7] [0, 1, 2, 3, 4, 5, 6, 7, 8, 9, 10, 11, 12, 13, 14, 15, 16, 17, 18, 19, 20, 21, 22, 23, 24, 25, 26, 27, 28, 29] 20160628
11.308470670975966 [6, 7, 8] [199, 200, 201, 202, 203, 204, 205, 206, 207, 208, 209, 210, 211, 212, 213, 214, 215, 216, 217, 218, 219, 220, 221, 222, 223, 224, 225, 226, 227] 20160628
11.296030829455097 [6, 7] [30, 31, 32, 33, 34, 35] 20160421
11.216666666666669 [1] [18, 19, 20, 21, 22, 23, 24, 25, 26, 27, 28, 29, 30, 31, 32, 33, 34, 35, 36, 37, 38, 39, 40, 41, 42, 43, 44, 45, 46, 47, 48, 49, 50, 51, 52, 53] 20160308
11.200595222278745 [1, 2, 3, 4] [38, 39, 40, 41, 42, 43, 44] 20160621
11.169230769230765 [6] [189, 190, 191, 192, 193, 194, 195, 196, 197, 198, 199, 200, 201, 202, 203] 20160628
11.119203629032253 [5, 6, 7, 9] [165, 166, 167, 168, 169, 170, 171, 172, 173, 174, 175, 176, 177, 178, 179, 180, 181, 182, 183, 184, 185, 186, 187, 188, 189, 190, 191, 192, 193, 194, 195, 196, 197, 198] 20160419
11.078368506493504 [3, 5, 7, 9] [62, 63, 64, 65, 66, 67, 68, 69, 70, 71, 72, 73, 74, 75, 76, 77, 78, 79, 80, 81, 82, 83, 84, 85, 86, 87, 88, 89, 90, 91, 92, 93, 94, 95, 96, 97] 20160405
11.035088145111045 [1, 2, 3, 5] [73, 74, 75, 76, 77, 78, 79, 80, 81, 82, 83, 84] 20160911
10.961675579322636 [5, 6, 7, 9] [54, 55, 56, 57, 58, 59, 60, 61, 62, 63, 64, 65, 66, 67, 68, 69, 70, 71, 72, 73, 74, 75, 76, 77, 78, 79, 80, 81, 82, 83, 84, 85, 86, 87, 88, 89] 20160301
10.949999999999996 [5] [97, 98, 99, 100] 20160309
10.89954595571835 [1, 2, 3, 4] [73, 74, 75, 76, 77, 78, 79, 80, 81] 20160325
10.895000000000003 [6, 7, 8, 9] [204, 205, 206, 207, 208, 209, 210, 211, 212, 213, 214, 215] 20160529
10.795454545454547 [9] [138, 139, 140, 141, 142, 143, 144, 145, 146, 147, 148, 149, 150, 151, 152, 153, 154, 155, 156, 157, 158, 159, 160, 161] 20160911
10.735606060606063 [5, 7, 8, 9] [108, 109, 110, 111, 112, 113, 114, 115, 116, 117, 118, 119, 120, 121, 122, 123, 124, 125, 126, 127, 128, 129, 130, 131, 132, 133, 134, 135, 136, 137, 138, 139, 140, 141, 142, 143] 20160313
10.73205492424243 [1, 2, 3, 4] [9, 10, 11, 12, 13, 14, 15, 16, 17, 18, 19, 20, 21, 22, 23, 24, 25, 26, 27, 28, 29, 30, 31, 32, 33, 34, 35, 36, 37, 38, 39, 40, 41, 42, 43] 20160309
10.698300488083767 [4, 5, 7, 8] [92, 93, 94, 95, 96, 97, 98] 20160302
10.677777777777777 [9] [66, 67, 68, 69, 70, 71, 72, 73, 74, 75, 76] 20160313
10.633288770053476 [3, 5, 7, 9] [44, 45, 46, 47, 48, 49, 50, 51, 52, 53, 54, 55, 56, 57, 58, 59, 60, 61, 62, 63, 64, 65, 66, 67, 68, 69, 70, 71, 72, 73, 74, 75, 76, 77, 78, 79] 20160308
10.587224264705888 [5, 6, 7, 9] [30, 31, 32, 33, 34, 35, 36, 37, 38, 39, 40, 41, 42, 43, 44, 45, 46, 47, 48, 49, 50, 51, 52, 53, 54, 55, 56, 57, 58, 59, 60, 61, 62, 63, 64, 65] 20160514
10.537054070656625 [4, 5, 7, 8] [133, 134, 135, 136, 137, 138, 139, 140, 141, 142, 143, 144, 145, 146, 147, 148, 149, 150, 151, 152, 153, 154, 155, 156, 157, 158, 159, 160, 161, 162, 163, 164, 165, 166, 167, 168] 20160628
10.453333333333333 [9] [212, 213, 214, 215, 216, 217, 218, 219, 220, 221, 222, 223, 224, 225, 226, 227, 228] 20160325
10.427834092748014 [3, 4, 5, 7] [39, 40, 41, 42, 43, 44, 45, 46, 47, 48, 49, 50, 51, 52, 53] 20160313
10.370833333333337 [1, 2, 3, 5] [273, 274, 275, 276, 277, 278, 279, 280, 281, 282, 283, 284, 285, 286] 20160911
10.35911434438292 [5, 7, 8] [95, 96, 97, 98] 20160302
10.357142857142861 [5] [89, 90, 91, 92, 93, 94, 95, 96, 97, 98, 99, 100, 101, 102, 103, 104, 105, 106, 107, 108, 109, 110, 111] 20160412
10.3 [3, 5, 7, 8] [0, 1, 2, 3, 4, 5, 6, 7, 8, 9, 10, 11, 12, 13, 14, 15, 16, 17, 18, 19, 20, 21, 22, 23, 24] 20160514
10.24444444444444 [2, 3, 4, 5] [24, 25, 26, 27, 28, 29, 30, 31, 32, 33, 34, 35, 36, 37, 38, 39, 40, 41, 42, 43] 20160419
10.233333333333334 [6] [200, 201, 202, 203, 204] 20160628
10.20260404267953 [2, 3, 5] [98, 99, 100, 101, 102, 103, 104, 105, 106] 20160325
10.200000000000003 [7] [30, 31, 32] 20160421
10.158767423046733 [2, 3, 5, 6] [71, 72, 73, 74, 75, 76, 77, 78] 20160419
10.147368367575243 [7, 8, 9] [144, 145, 146, 147, 148, 149, 150, 151, 152, 153, 154, 155, 156, 157, 158, 159, 160, 161, 162, 163, 164, 165, 166, 167, 168, 169, 170, 171, 172, 173, 174, 175, 176, 177, 178, 179] 20160628
10.144365530303027 [4, 5, 7, 9] [242, 243, 244, 245, 246, 247, 248, 249, 250, 251, 252, 253, 254, 255, 256, 257, 258, 259, 260, 261, 262, 263, 264, 265, 266, 267, 268, 269, 270, 271, 272, 273, 274, 275, 276] 20160309
10.100000000000001 [0] [36, 37, 38, 39, 40, 41, 42, 43] 20160412
9.970205614730315 [0, 1, 2] [199, 200, 201, 202] 20160813
9.657495411899195 [2, 3, 5] [24, 25, 26, 27, 28, 29, 30, 31, 32, 33, 34, 35, 36] 20160419
9.528263876488722 [3, 4] [36, 37, 38, 39, 40, 41] 20160621
9.518031580640404 [1, 2, 3, 5] [220, 221, 222, 223, 224, 225, 226, 227, 228, 229, 230, 231, 232, 233, 234, 235] 20160328
9.498214285714285 [6, 7, 8, 9] [97, 98, 99, 100, 101, 102, 103, 104, 105, 106, 107, 108, 109, 110, 111, 112, 113, 114, 115, 116, 117, 118, 119, 120, 121, 122, 123, 124, 125, 126, 127, 128] 20160405
9.44689377961525 [1, 2, 3, 5] [81, 82, 83, 84, 85, 86, 87, 88, 89, 90] 20160421
9.419117647058822 [2, 3, 5, 6] [1, 2, 3, 4, 5, 6, 7, 8, 9, 10, 11, 12, 13, 14, 15, 16, 17, 18, 19, 20] 20160313
9.3623440285205 [0, 1, 2, 3] [123, 124, 125, 126, 127, 128, 129, 130, 131, 132, 133, 134, 135, 136, 137, 138, 139, 140, 141, 142, 143, 144, 145, 146, 147, 148, 149, 150, 151, 152, 153, 154, 155, 156, 157, 158] 20160325
9.287091472964546 [3, 4, 5, 7] [49, 50, 51, 52, 53, 54, 55, 56, 57] 20160911
9.274999999999999 [2] [236, 237, 238, 239, 240, 241] 20160514
9.22935644604559 [4, 5, 6] [248, 249, 250, 251, 252, 253, 254, 255, 256] 20160514
9.186898395721933 [5, 6, 7, 9] [47, 48, 49, 50, 51, 52, 53, 54, 55, 56, 57, 58, 59, 60, 61, 62, 63, 64, 65, 66, 67, 68, 69, 70, 71, 72, 73, 74, 75, 76, 77, 78, 79, 80, 81, 82] 20160514
9.133333333333333 [3] [240, 241, 242, 243, 244] 20160514
9.11654699252651 [5, 7, 8, 9] [91, 92, 93, 94, 95, 96, 97, 98, 99, 100, 101, 102, 103, 104, 105, 106, 107, 108, 109, 110, 111, 112, 113, 114, 115, 116, 117, 118, 119, 120, 121, 122, 123] 20160313
9.09375 [4, 6, 7, 8] [75, 76, 77, 78, 79, 80, 81, 82, 83, 84] 20160309
9.092896643410205 [5, 6, 7] [12, 13, 14, 15, 16, 17, 18, 19, 20, 21, 22, 23, 24, 25, 26] 20160313
9.050966799187806 [3, 5] [23, 24, 25, 26, 27] 20160419
8.96 [1] [89, 90, 91, 92, 93, 94, 95, 96, 97, 98, 99, 100] 20160421
8.88597521691095 [1, 2, 3, 4] [89, 90, 91, 92, 93, 94, 95, 96] 20160421
8.884195960439149 [7, 8, 9] [246, 247, 248, 249, 250, 251, 252, 253, 254, 255, 256, 257, 258, 259, 260, 261, 262, 263, 264, 265, 266, 267, 268, 269, 270, 271, 272, 273, 274, 275, 276, 277, 278, 279, 280] 20160325
8.873276378545377 [4, 5, 7, 8] [125, 126, 127, 128, 129, 130, 131, 132, 133, 134, 135, 136, 137, 138, 139, 140, 141, 142, 143, 144, 145, 146, 147, 148, 149, 150, 151, 152, 153, 154, 155] 20160628
8.84457388314182 [4, 5, 7, 8] [110, 111, 112, 113, 114, 115, 116, 117, 118, 119, 120, 121, 122, 123, 124, 125, 126, 127, 128, 129, 130, 131, 132, 133, 134, 135, 136, 137, 138, 139, 140, 141, 142, 143, 144, 145] 20160628
8.79154776572677 [2, 3, 5, 7] [0, 1, 2, 3, 4, 5, 6, 7, 8, 9, 10, 11, 12, 13, 14, 15, 16, 17, 18, 19, 20, 21, 22, 23, 24, 25, 26, 27, 28] 20160325
8.700000000000003 [3] [243, 244, 245, 246] 20160529
8.697413408594532 [1, 2, 3, 4] [88, 89, 90, 91] 20160421
8.618774509803918 [6, 7, 8, 9] [214, 215, 216, 217, 218, 219, 220, 221, 222, 223, 224, 225, 226, 227, 228, 229, 230, 231, 232, 233, 234, 235, 236, 237, 238, 239, 240, 241, 242, 243, 244, 245, 246, 247, 248, 249] 20160301
8.600284106657591 [1, 2, 3] [80, 81, 82, 83, 84, 85, 86, 87, 88, 89, 90, 91, 92, 93, 94, 95, 96, 97, 98, 99, 100, 101, 102, 103, 104, 105, 106, 107, 108, 109, 110, 111, 112] 20160514
8.549999999999983 [5] [258, 259, 260, 261, 262] 20160529
8.54718961012808 [2, 3, 5, 6] [10, 11, 12, 13, 14, 15, 16, 17, 18, 19] 20160313
8.432248365649576 [4, 5, 7] [266, 267, 268, 269, 270, 271, 272, 273, 274, 275] 20160421
8.425757575757576 [6, 7, 8, 9] [21, 22, 23, 24, 25, 26, 27, 28, 29, 30, 31, 32, 33, 34, 35, 36, 37, 38, 39, 40, 41, 42, 43, 44, 45, 46, 47, 48, 49, 50, 51, 52, 53, 54, 55] 20160529
8.29393939393939 [0, 1, 2, 3] [142, 143, 144, 145, 146, 147, 148, 149, 150, 151, 152, 153, 154, 155, 156, 157, 158, 159, 160, 161, 162, 163, 164, 165, 166, 167, 168, 169, 170, 171, 172, 173, 174, 175, 176] 20160621
8.217067736185378 [0, 1, 2, 3] [115, 116, 117, 118, 119, 120, 121, 122, 123, 124, 125, 126, 127, 128, 129, 130, 131, 132, 133, 134, 135, 136, 137, 138, 139, 140, 141, 142, 143, 144, 145, 146, 147, 148, 149, 150] 20160621
8.18612081296733 [0, 1] [52, 53, 54, 55, 56, 57, 58, 59, 60, 61, 62, 63, 64, 65, 66, 67, 68, 69, 70, 71, 72, 73, 74, 75, 76, 77, 78, 79] 20160628
8.099999999999994 [2] [248, 249, 250] 20160324
8.077272727272724 [4, 6, 7, 8] [67, 68, 69, 70, 71, 72, 73, 74, 75, 76, 77, 78, 79] 20160309
8.068728085553996 [4, 6, 7, 9] [185, 186, 187, 188, 189, 190, 191, 192, 193, 194, 195, 196, 197, 198, 199, 200, 201, 202, 203, 204, 205, 206, 207, 208, 209, 210, 211, 212, 213, 214, 215, 216, 217] 20160301
8.06847001192502 [2, 3, 5, 7] [80, 81, 82, 83, 84, 85] 20160421
8.059375000000003 [4, 6, 7, 8] [44, 45, 46, 47, 48, 49, 50, 51, 52, 53, 54, 55, 56, 57, 58, 59, 60, 61] 20160421
8.017187499999995 [4, 5, 6, 7] [254, 255, 256, 257, 258, 259, 260, 261, 262, 263, 264, 265, 266, 267, 268, 269, 270, 271, 272, 273, 274, 275, 276, 277, 278, 279, 280, 281, 282, 283, 284, 285, 286, 287] 20160419
7.949999999999996 [4, 6, 7, 8] [97, 98, 99] 20160421
7.931381062309104 [3, 5, 7, 8] [105, 106, 107, 108, 109, 110, 111, 112] 20160325
7.900000000000002 [1, 2, 3, 5] [212, 213, 214, 215, 216, 217, 218, 219, 220, 221, 222] 20160324
7.865053763440862 [0, 1, 2, 3] [86, 87, 88, 89, 90, 91, 92, 93, 94, 95, 96, 97, 98, 99, 100, 101, 102, 103, 104, 105, 106, 107, 108, 109, 110, 111, 112, 113, 114, 115, 116, 117, 118] 20160529
7.848885271170673 [2, 3, 5] [80, 81, 82, 83] 20160911
7.806194295900177 [4, 6, 7, 8] [3, 4, 5, 6, 7, 8, 9, 10, 11, 12, 13, 14, 15, 16, 17, 18, 19, 20, 21, 22, 23, 24, 25, 26, 27, 28, 29, 30, 31, 32, 33, 34, 35, 36, 37, 38] 20160922
7.7989784946236576 [6, 7, 8, 9] [253, 254, 255, 256, 257, 258, 259, 260, 261, 262, 263, 264, 265, 266, 267, 268, 269, 270, 271, 272, 273, 274, 275, 276, 277, 278, 279, 280, 281, 282, 283, 284, 285] 20160313
7.793805704099821 [2, 3, 5, 7] [179, 180, 181, 182, 183, 184, 185, 186, 187, 188, 189, 190, 191, 192, 193, 194, 195, 196, 197, 198, 199, 200, 201, 202, 203, 204, 205, 206, 207, 208, 209, 210, 211, 212, 213, 214] 20160328
7.693783192490409 [2, 3, 5] [197, 198, 199, 200, 201, 202, 203, 204, 205, 206, 207, 208, 209, 210, 211, 212, 213, 214, 215, 216, 217] 20160328
7.613183010775155 [7, 8] [59, 60, 61, 62, 63] 20160421
7.583333333333329 [5, 6, 7, 8] [271, 272, 273, 274, 275] 20160922
7.575000000000003 [5] [186, 187, 188, 189, 190, 191] 20160529
7.561987522281644 [6, 7, 8, 9] [163, 164, 165, 166, 167, 168, 169, 170, 171, 172, 173, 174, 175, 176, 177, 178, 179, 180, 181, 182, 183, 184, 185, 186, 187, 188, 189, 190, 191, 192, 193, 194, 195, 196, 197, 198] 20160911
7.505553499465135 [5, 7, 8] [23, 24, 25] 20160421
7.396874999999994 [5, 6, 7, 8] [210, 211, 212, 213, 214, 215, 216, 217, 218, 219, 220, 221, 222, 223, 224, 225, 226, 227] 20160628
7.39166024258088 [6, 7, 8, 9] [172, 173, 174, 175, 176, 177, 178, 179, 180, 181, 182, 183, 184, 185, 186, 187, 188, 189, 190, 191, 192, 193, 194, 195, 196, 197, 198, 199, 200, 201, 202, 203, 204, 205, 206, 207] 20160301
7.372727272727275 [2, 3, 5, 7] [6, 7, 8, 9, 10, 11, 12, 13, 14, 15, 16, 17, 18] 20160309
7.353910524340093 [7, 8] [58, 59, 60, 61] 20160421
7.349999999999994 [9] [73, 74, 75, 76, 77] 20160313
7.348412698412698 [4, 5, 7, 8] [87, 88, 89, 90, 91, 92, 93, 94, 95, 96, 97, 98, 99, 100, 101, 102, 103, 104, 105, 106, 107, 108, 109, 110, 111, 112, 113, 114, 115, 116] 20160308
7.332638888888894 [1, 2, 3, 4] [0, 1, 2, 3, 4, 5, 6, 7, 8, 9, 10] 20160628
7.331468531468531 [2, 3, 5, 6] [11, 12, 13, 14, 15, 16, 17, 18, 19, 20, 21, 22, 23, 24, 25] 20160309
7.283199846221437 [4, 6, 7, 8] [73, 74, 75] 20160309
7.2499999999999964 [2, 3, 5, 7] [11, 12, 13, 14, 15, 16, 17, 18] 20160309
7.233333333333331 [3, 5, 7, 8] [258, 259, 260, 261, 262, 263, 264, 265] 20160514
7.193784354102738 [5, 7, 8] [85, 86, 87, 88, 89, 90, 91] 20160309
7.185972663808295 [2, 3, 4] [83, 84, 85, 86, 87, 88, 89, 90, 91, 92, 93] 20160325
7.166690405813628 [7, 8] [72, 73, 74, 75, 76, 77, 78, 79, 80, 81, 82, 83, 84, 85, 86, 87, 88, 89, 90, 91, 92, 93, 94, 95, 96, 97, 98, 99] 20160308
7.165558340942352 [3, 5, 7, 9] [268, 269, 270, 271, 272, 273, 274, 275, 276, 277, 278] 20160911
7.140000000000001 [9] [66, 67, 68, 69, 70, 71, 72] 20160313
7.133333333333326 [1] [74, 75, 76, 77, 78] 20160628
7.131238074940527 [5, 7, 8] [64, 65, 66, 67, 68, 69, 70] 20160405
7.050554435483868 [6, 7, 8, 9] [253, 254, 255, 256, 257, 258, 259, 260, 261, 262, 263, 264, 265, 266, 267, 268, 269, 270, 271, 272, 273, 274, 275, 276, 277, 278, 279, 280, 281, 282, 283, 284, 285, 286] 20160621
7.050000000000001 [4, 5, 7, 8] [25, 26, 27, 28] 20160421
6.993768382352938 [6, 7, 8, 9] [56, 57, 58, 59, 60, 61, 62, 63, 64, 65, 66, 67, 68, 69, 70, 71, 72, 73, 74, 75, 76, 77, 78, 79, 80, 81, 82, 83, 84, 85, 86, 87, 88, 89, 90, 91] 20160312
6.987499999999997 [4, 6, 7, 8] [46, 47, 48, 49, 50, 51, 52, 53, 54, 55] 20160309
6.8589357775095126 [1, 2, 3, 5] [219, 220, 221, 222, 223, 224, 225, 226, 227] 20160328
6.8127331764375825 [3, 5, 7, 8] [107, 108, 109, 110, 111, 112, 113] 20160514
6.773076923076921 [0] [155, 156, 157, 158, 159, 160, 161, 162, 163, 164, 165, 166, 167, 168, 169, 170, 171, 172, 173, 174, 175, 176, 177, 178, 179, 180, 181, 182] 20160328
6.7316565568959295 [5, 7] [52, 53, 54, 55, 56, 57, 58] 20160419
6.717514421272206 [4, 6] [63, 64, 65, 66, 67] 20160313
6.717514421272201 [2, 3, 4] [90, 91, 92, 93] 20160325
6.709195517964127 [7, 8] [72, 73, 74, 75, 76, 77, 78, 79, 80, 81, 82, 83, 84, 85, 86, 87, 88, 89, 90] 20160308
6.689999999999998 [2, 3, 4, 5] [272, 273, 274, 275, 276, 277, 278] 20160312
6.6838541666666655 [3, 4, 5, 6] [143, 144, 145, 146, 147, 148, 149, 150, 151, 152, 153, 154, 155, 156, 157, 158, 159, 160, 161, 162, 163, 164, 165, 166, 167, 168, 169, 170, 171, 172, 173, 174, 175, 176, 177, 178] 20160301
6.666666666666664 [7] [68, 69, 70, 71, 72, 73, 74, 75, 76, 77, 78] 20160308
6.654545454545456 [7] [72, 73, 74, 75, 76, 77, 78, 79, 80, 81, 82, 83, 84] 20160308
6.649999999999999 [8] [75, 76, 77, 78] 20160309
6.569021997223025 [1, 2, 3, 5] [40, 41, 42, 43, 44, 45, 46] 20160308
6.528787878787881 [4, 5, 6, 7] [22, 23, 24, 25, 26, 27, 28, 29, 30, 31, 32, 33, 34, 35, 36, 37, 38, 39, 40, 41, 42, 43, 44, 45, 46, 47, 48, 49, 50, 51, 52, 53, 54, 55, 56] 20160922
6.524999999999999 [3] [43, 44, 45, 46, 47, 48] 20160313
6.48760080645161 [4, 6, 7, 8] [152, 153, 154, 155, 156, 157, 158, 159, 160, 161, 162, 163, 164, 165, 166, 167, 168, 169, 170, 171, 172, 173, 174, 175, 176, 177, 178, 179, 180, 181, 182, 183, 184, 185, 186] 20160911
6.4083333333333385 [6, 7, 8, 9] [204, 205, 206, 207, 208] 20160529
6.399999999999999 [8] [70, 71, 72, 73] 20160309
6.3968279569892506 [5, 7, 8, 9] [4, 5, 6, 7, 8, 9, 10, 11, 12, 13, 14, 15, 16, 17, 18, 19, 20, 21, 22, 23, 24, 25, 26, 27, 28, 29, 30, 31, 32, 33, 34, 35, 36] 20160312
6.333333333333343 [1] [115, 116, 117, 118, 119] 20160529
6.327758950318295 [6, 7, 9] [167, 168, 169, 170, 171, 172, 173] 20160813
6.321985447626402 [6, 7, 8] [120, 121, 122, 123, 124, 125, 126, 127, 128] 20160405
6.235382907247961 [5, 7, 8] [52, 53, 54, 55] 20160419
6.209722895283986 [1, 2, 3] [20, 21, 22, 23, 24, 25, 26, 27, 28, 29, 30, 31, 32, 33, 34, 35, 36, 37, 38, 39] 20160628
6.198969448402066 [5, 7] [48, 49, 50, 51, 52] 20160419
6.1986185383244194 [5, 6, 7, 9] [32, 33, 34, 35, 36, 37, 38, 39, 40, 41, 42, 43, 44, 45, 46, 47, 48, 49, 50, 51, 52, 53, 54, 55, 56, 57, 58, 59, 60, 61, 62, 63, 64, 65, 66, 67] 20160312
6.166666666666657 [6] [261, 262, 263, 264, 265] 20160813
6.101079502382992 [5, 7, 9] [15, 16, 17, 18, 19, 20, 21, 22, 23, 24, 25, 26, 27, 28, 29, 30, 31, 32, 33, 34, 35, 36, 37, 38, 39, 40, 41, 42, 43, 44, 45, 46, 47, 48, 49, 50] 20160312
6.097549019607843 [5, 7, 8, 9] [43, 44, 45, 46, 47, 48, 49, 50, 51, 52, 53, 54, 55, 56, 57, 58, 59, 60, 61, 62, 63, 64, 65, 66, 67, 68, 69, 70, 71, 72, 73, 74, 75, 76, 77, 78] 20160312
6.091483516483521 [5, 6, 7, 8] [84, 85, 86, 87, 88, 89, 90, 91, 92, 93, 94, 95, 96, 97, 98, 99] 20160308
6.057548092164759 [3, 5, 7, 8] [4, 5, 6, 7, 8, 9, 10, 11] 20160313
6.010407640085654 [4, 5, 7] [54, 55, 56, 57, 58] 20160911
5.984848484848484 [9] [171, 172, 173, 174, 175, 176, 177, 178, 179, 180, 181, 182, 183, 184, 185, 186, 187, 188, 189, 190, 191, 192, 193, 194, 195, 196, 197, 198, 199, 200, 201, 202, 203, 204, 205] 20160412
5.979699216606837 [0, 1, 2] [28, 29, 30, 31, 32, 33, 34, 35, 36, 37, 38, 39, 40, 41, 42, 43] 20160309
5.939696961967003 [2, 3, 5] [21, 22, 23] 20160419
5.939696961966999 [7, 8] [98, 99, 100, 101, 102, 103, 104, 105] 20160405
5.939696961966998 [7, 8] [98, 99, 100, 101] 20160405
5.923613761885564 [3, 4, 5] [269, 270, 271, 272, 273, 274, 275] 20160312
5.908217754707163 [3, 5, 6] [260, 261, 262, 263, 264] 20160514
5.852528735632188 [4, 6, 7, 9] [45, 46, 47, 48, 49, 50, 51, 52, 53, 54, 55, 56, 57, 58, 59, 60, 61, 62, 63, 64, 65, 66, 67, 68, 69, 70, 71, 72, 73, 74, 75, 76] 20160529
5.811992709842247 [5, 6, 7] [209, 210, 211, 212, 213, 214, 215, 216] 20160628
5.799999999999997 [1] [228, 229, 230, 231, 232, 233] 20160514
5.773502691896262 [4, 5, 7] [40, 41, 42, 43, 44, 45, 46] 20160419
5.758106684717874 [0, 1, 2] [1, 2, 3, 4, 5, 6, 7, 8, 9, 10, 11, 12, 13, 14, 15, 16, 17, 18, 19, 20, 21, 22, 23, 24, 25, 26, 27, 28, 29, 30, 31, 32] 20160813
5.754257682923272 [2, 3, 5, 7] [125, 126, 127, 128, 129] 20160313
5.715000000000003 [2, 3, 4, 5] [32, 33, 34, 35, 36, 37, 38, 39, 40, 41, 42, 43] 20160419
5.639535984848489 [4, 6, 7, 8] [44, 45, 46, 47, 48, 49, 50, 51, 52, 53, 54, 55, 56, 57, 58, 59, 60, 61, 62, 63, 64, 65, 66, 67, 68, 69, 70, 71, 72, 73, 74, 75, 76, 77, 78] 20160922
5.61666666666666 [1] [118, 119, 120, 121, 122, 123] 20160529
5.610251926125394 [1, 2, 3] [28, 29, 30, 31, 32, 33, 34, 35, 36, 37, 38, 39, 40, 41, 42, 43, 44, 45, 46, 47, 48, 49, 50, 51, 52, 53, 54, 55, 56, 57, 58] 20160813
5.5954863588961254 [5, 7, 8, 9] [99, 100, 101, 102, 103, 104, 105, 106, 107, 108, 109, 110, 111, 112] 20160313
5.594462474681799 [1, 2] [1, 2, 3, 4, 5, 6, 7, 8, 9, 10, 11, 12, 13, 14, 15, 16, 17, 18, 19] 20160813
5.5570261437908535 [4, 6, 7, 8] [59, 60, 61, 62, 63, 64, 65, 66, 67, 68, 69, 70, 71, 72, 73, 74, 75, 76, 77, 78] 20160922
5.50129075763134 [1, 2, 3] [103, 104, 105, 106, 107, 108, 109] 20160514
5.469696969696969 [4, 6, 7, 9] [208, 209, 210, 211, 212, 213, 214, 215, 216, 217, 218, 219, 220, 221, 222, 223, 224, 225, 226, 227, 228, 229, 230, 231, 232, 233, 234, 235, 236, 237, 238, 239, 240, 241, 242] 20160419
5.455960043841966 [2, 3, 5, 7] [47, 48, 49, 50] 20160419
5.444722215136412 [7, 8] [106, 107, 108, 109, 110] 20160514
5.43269230769231 [5, 6, 7, 8] [72, 73, 74, 75, 76, 77, 78, 79, 80, 81, 82, 83, 84, 85, 86, 87, 88, 89, 90, 91, 92, 93, 94, 95, 96, 97, 98, 99] 20160922
5.415909090909096 [1, 2, 3, 4] [47, 48, 49, 50, 51, 52, 53, 54, 55, 56, 57, 58, 59, 60, 61, 62, 63, 64, 65, 66, 67, 68, 69, 70] 20160922
5.401867258700863 [1, 2] [82, 83, 84, 85, 86, 87, 88, 89, 90, 91, 92, 93, 94, 95, 96, 97, 98, 99, 100, 101, 102, 103, 104, 105, 106, 107, 108, 109, 110, 111, 112, 113, 114, 115, 116] 20160922
5.351283104765336 [1, 2, 3, 5] [46, 47, 48, 49, 50, 51, 52, 53, 54, 55] 20160308
5.333333333333336 [7] [14, 15, 16, 17, 18, 19, 20, 21] 20160412
5.332884615384614 [2, 3, 4, 5] [241, 242, 243, 244, 245, 246, 247, 248, 249, 250, 251, 252, 253, 254, 255, 256, 257, 258, 259, 260, 261, 262, 263, 264, 265, 266, 267, 268] 20160412
5.3262010535759305 [4, 6, 7, 9] [196, 197, 198, 199, 200, 201, 202, 203, 204, 205, 206, 207, 208, 209, 210, 211, 212, 213, 214, 215, 216, 217, 218, 219, 220, 221, 222, 223] 20160412
5.324999999999996 [1] [280, 281, 282, 283, 284, 285, 286, 287] 20160324
5.300000000000001 [2] [44, 45, 46] 20160405
5.299999999999997 [3, 5, 6, 7] [272, 273, 274] 20160922
5.287500000000001 [2, 3, 4, 5] [10, 11, 12, 13, 14, 15] 20160419
5.228868937960706 [1, 2, 3, 4] [83, 84, 85, 86, 87, 88, 89, 90] 20160922
5.200662878787885 [4, 5, 7, 9] [7, 8, 9, 10, 11, 12, 13, 14, 15, 16, 17, 18, 19, 20, 21, 22, 23, 24, 25, 26, 27, 28, 29, 30, 31, 32, 33, 34, 35, 36, 37, 38, 39, 40, 41] 20160328
5.200000000000003 [7] [13, 14, 15, 16, 17, 18, 19, 20, 21, 22, 23, 24] 20160911
5.163676470064709 [1, 2, 3] [3, 4, 5, 6, 7, 8, 9, 10, 11, 12, 13, 14, 15, 16, 17, 18, 19, 20] 20160922
5.1413793103448295 [4, 5, 7, 9] [73, 74, 75, 76, 77, 78, 79, 80, 81, 82, 83, 84, 85, 86, 87, 88, 89, 90, 91, 92, 93, 94, 95, 96, 97, 98, 99, 100, 101, 102, 103] 20160312
5.13841739578767 [2, 3, 5, 7] [29, 30, 31, 32, 33, 34, 35, 36] 20160405
5.0903048733551985 [1, 2, 3, 4] [168, 169, 170, 171, 172] 20160308
5.080682368868709 [3, 5, 7, 8] [10, 11, 12] 20160419
5.0714285714285765 [7] [8, 9, 10, 11, 12, 13, 14, 15, 16] 20160412
5.050256111535523 [4, 6, 7, 8] [98, 99, 100, 101, 102, 103, 104, 105, 106, 107, 108, 109, 110, 111, 112, 113, 114, 115, 116, 117, 118, 119, 120, 121, 122, 123, 124, 125, 126, 127, 128, 129, 130, 131, 132] 20160312
5.048318181818182 [0, 1, 2, 3] [120, 121, 122, 123, 124, 125, 126, 127, 128, 129, 130, 131, 132, 133, 134, 135, 136, 137, 138, 139, 140, 141, 142, 143, 144, 145, 146] 20160328
5.031034482758621 [6, 7, 8, 9] [0, 1, 2, 3, 4, 5, 6, 7, 8, 9, 10, 11, 12, 13, 14, 15, 16, 17, 18, 19, 20, 21, 22, 23, 24, 25, 26, 27, 28, 29, 30] 20160328
5.017173839257851 [2, 3, 4, 6] [71, 72, 73, 74, 75, 76, 77, 78, 79, 80, 81, 82] 20160514
4.966176470588238 [3, 4, 6, 7] [47, 48, 49, 50, 51, 52, 53, 54, 55, 56, 57, 58, 59, 60, 61, 62, 63, 64, 65, 66, 67, 68, 69, 70, 71, 72, 73, 74, 75, 76, 77, 78, 79, 80, 81, 82] 20160813
4.9652123150307785 [2, 3, 5] [281, 282, 283, 284, 285] 20160308
4.893043531382076 [3, 5, 7, 9] [156, 157, 158, 159, 160, 161] 20160922
4.873798522409089 [6, 7, 9] [158, 159, 160, 161, 162, 163] 20160922
4.855466564147632 [0, 1, 2] [225, 226, 227, 228, 229, 230, 231, 232] 20160813
4.843681451127852 [5, 7] [43, 44, 45, 46] 20160419
4.841111111111111 [4, 6, 7, 8] [67, 68, 69, 70, 71, 72, 73, 74, 75, 76, 77, 78] 20160922
4.835739750445633 [5, 7, 8, 9] [250, 251, 252, 253, 254, 255, 256, 257, 258, 259, 260, 261, 262, 263, 264, 265, 266, 267, 268, 269, 270, 271, 272, 273, 274, 275, 276, 277, 278, 279, 280, 281, 282, 283, 284, 285] 20160405
4.808326112068521 [6, 7, 9] [164, 165, 166, 167, 168, 169] 20160813
4.800000000000004 [1] [69, 70, 71] 20160922
4.755555555555556 [4, 6, 7, 8] [139, 140, 141, 142, 143, 144, 145, 146, 147, 148, 149] 20160312
4.737615433949868 [6, 7, 8] [126, 127, 128, 129] 20160405
4.709331162702409 [1, 2, 3, 4] [99, 100, 101, 102, 103, 104, 105] 20160922
4.68333333333333 [2, 3, 4, 5] [280, 281, 282, 283, 284] 20160312
4.6765371804359654 [5, 7, 8] [273, 274, 275] 20160308
4.6216889048629515 [0, 1, 2, 3] [12, 13, 14, 15, 16, 17, 18] 20160628
4.608333333333334 [1] [60, 61, 62, 63, 64, 65, 66, 67, 68, 69, 70, 71, 72, 73] 20160813
4.597500000000004 [1, 2, 3, 4] [219, 220, 221, 222, 223, 224, 225] 20160813
4.596194077712559 [2, 3, 5, 7] [271, 272, 273, 274] 20160308
4.596194077712559 [6, 7, 8] [123, 124, 125, 126] 20160405
4.575500883327779 [5, 7, 9] [265, 266, 267, 268, 269, 270, 271] 20160308
4.549520121214253 [2, 3, 4] [235, 236, 237, 238, 239, 240, 241] 20160324
4.537626262626263 [4, 5, 6, 7] [103, 104, 105, 106, 107, 108, 109, 110, 111, 112, 113, 114, 115, 116] 20160312
4.5 [1] [80, 81, 82] 20160628
4.5 [1] [98, 99, 100, 101] 20160628
4.483333333333334 [5, 6, 7, 8] [83, 84, 85, 86, 87, 88, 89, 90] 20160308
4.459090909090911 [5, 6, 7, 8] [211, 212, 213, 214, 215, 216, 217, 218, 219, 220, 221, 222, 223, 224, 225, 226, 227, 228, 229, 230, 231, 232, 233, 234, 235, 236, 237, 238, 239, 240, 241, 242, 243, 244, 245] 20160412
4.4349753694581295 [4, 6, 7, 8] [39, 40, 41, 42, 43, 44, 45, 46, 47, 48, 49, 50, 51, 52, 53, 54, 55, 56, 57, 58, 59, 60, 61, 62, 63, 64, 65, 66, 67, 68, 69] 20160328
4.399999999999999 [9] [242, 243, 244, 245, 246] 20160301
4.3999999999999915 [3] [23, 24, 25, 26, 27, 28, 29] 20160628
4.38305079359791 [6, 7, 8] [133, 134, 135, 136, 137, 138] 20160312
4.330127018922194 [3, 5, 7, 8] [251, 252, 253, 254, 255, 256, 257, 258] 20160328
4.300000000000011 [2] [65, 66, 67] 20160621
4.2723919920032305 [2, 3, 5, 7] [59, 60, 61, 62] 20160405
4.26084498661944 [5, 6, 7, 8] [257, 258, 259, 260, 261, 262, 263] 20160328
4.200000000000003 [7] [32, 33, 34, 35, 36] 20160412
4.1860721446243625 [7, 8] [170, 171, 172, 173, 174, 175, 176, 177, 178, 179, 180, 181, 182, 183, 184, 185, 186, 187, 188, 189, 190, 191] 20160302
4.163782051282052 [2, 3, 4, 6] [258, 259, 260, 261, 262, 263, 264, 265, 266, 267, 268, 269, 270, 271, 272] 20160412
4.1250000000000036 [2, 3, 5, 6] [221, 222, 223, 224] 20160324
4.1100581656468025 [0, 1] [191, 192, 193, 194, 195, 196, 197, 198, 199, 200] 20160328
4.0163665171395895 [8, 9] [85, 86, 87, 88, 89, 90, 91, 92] 20160405
4.0 [7] [72, 73, 74] 20160405
3.9843858015705793 [5, 6, 7, 9] [80, 81, 82, 83, 84, 85, 86, 87, 88, 89, 90, 91, 92, 93, 94, 95, 96, 97, 98, 99, 100, 101, 102, 103, 104, 105, 106, 107, 108, 109, 110, 111, 112, 113, 114, 115] 20160328
3.9509591398798483 [2, 3, 5, 7] [21, 22, 23, 24, 25, 26, 27, 28, 29, 30] 20160911
3.9499999999999993 [8] [87, 88, 89, 90] 20160405
3.9269680169467205 [6, 7, 8] [43, 44, 45, 46, 47, 48, 49, 50, 51, 52] 20160328
3.9067368215164673 [1, 2, 3, 5] [250, 251, 252, 253, 254, 255] 20160328
3.8786992635931647 [5, 6, 7, 9] [56, 57, 58, 59, 60, 61, 62, 63, 64, 65, 66, 67, 68, 69, 70, 71, 72, 73, 74, 75, 76, 77, 78, 79, 80, 81, 82, 83, 84, 85, 86, 87, 88, 89, 90, 91] 20160328
3.8600000000000003 [5, 7, 8, 9] [113, 114, 115, 116, 117, 118, 119, 120] 20160405
3.7476659402887007 [2, 3, 5, 7] [34, 35, 36, 37] 20160405
3.7008152255055036 [4, 5, 7, 8] [238, 239, 240, 241, 242, 243, 244, 245] 20160412
3.6313575885226226 [4, 6, 7, 8] [8, 9, 10, 11, 12, 13, 14, 15, 16, 17, 18, 19, 20, 21, 22, 23, 24, 25, 26, 27, 28, 29, 30, 31, 32, 33, 34, 35, 36, 37, 38, 39, 40, 41, 42, 43] 20160324
3.604545454545459 [5, 6, 7, 9] [208, 209, 210, 211, 212, 213, 214, 215, 216, 217, 218, 219, 220, 221, 222, 223, 224, 225, 226, 227, 228, 229, 230, 231, 232, 233, 234, 235, 236, 237, 238, 239, 240, 241, 242] 20160911
3.57116883116883 [6, 7, 8, 9] [213, 214, 215, 216, 217, 218, 219, 220, 221, 222, 223, 224, 225] 20160301
3.55895201650462 [6, 7, 8, 9] [155, 156, 157, 158, 159, 160, 161, 162, 163, 164] 20160302
3.5 [8] [59, 60, 61, 62] 20160302
3.4412530017745264 [0, 1] [250, 251, 252, 253, 254] 20160621
3.4179135936025937 [0, 1, 2] [224, 225, 226, 227, 228, 229, 230] 20160621
3.4063665882187957 [0, 1, 2] [229, 230, 231, 232] 20160621
3.1999999999999993 [3, 5, 6, 7] [111, 112, 113, 114, 115, 116, 117, 118, 119] 20160621
3.1999999999999957 [9] [193, 194, 195, 196, 197, 198, 199, 200] 20160412
3.1799999999999997 [1] [95, 96, 97, 98, 99, 100, 101] 20160621
3.1754264805429417 [0, 1, 2] [222, 223, 224, 225, 226, 227] 20160621
3.1505535472867283 [4, 5] [244, 245, 246, 247, 248, 249, 250, 251, 252, 253, 254] 20160412
3.059956426705015 [4, 5, 7, 8] [244, 245, 246, 247, 248, 249] 20160412
3.058884829614475 [7, 8, 9] [245, 246, 247, 248, 249, 250, 251, 252, 253, 254, 255, 256, 257, 258, 259, 260, 261, 262, 263, 264, 265, 266, 267, 268, 269, 270, 271, 272, 273, 274, 275, 276, 277, 278, 279, 280] 20160302
3.040559159102162 [0, 1] [228, 229, 230] 20160621
3.040559159102142 [8, 9] [282, 283, 284, 285, 286] 20160621
3.0 [8] [42, 43, 44, 45] 20160328
2.9799500064290223 [0, 1] [181, 182, 183, 184, 185, 186, 187, 188, 189] 20160328
2.9698484809834964 [8, 9] [18, 19, 20, 21, 22, 23] 20160328
2.9685426340833256 [0, 1, 2] [237, 238, 239, 240, 241, 242, 243, 244, 245, 246, 247, 248, 249, 250] 20160621
2.9375 [5, 6, 7, 8] [111, 112, 113, 114, 115, 116] 20160621
2.934493141924166 [0, 1] [246, 247, 248, 249] 20160621
2.7880377920447716 [7, 8, 9] [226, 227, 228, 229, 230, 231, 232, 233, 234, 235, 236, 237, 238, 239, 240, 241, 242, 243, 244, 245, 246, 247, 248, 249, 250, 251, 252, 253, 254, 255, 256, 257, 258, 259, 260, 261] 20160302
2.75 [1] [193, 194, 195, 196] 20160324
2.6702449950020193 [7, 8, 9] [193, 194, 195, 196, 197, 198] 20160301
2.6269437248127976 [6, 7, 8, 9] [1, 2, 3, 4, 5, 6, 7, 8, 9, 10, 11, 12, 13, 14] 20160302
2.589055113397228 [5, 7, 9] [39, 40, 41, 42, 43, 44, 45, 46, 47, 48, 49, 50, 51, 52, 53, 54, 55, 56, 57, 58, 59, 60, 61, 62, 63, 64, 65, 66, 67, 68, 69, 70, 71, 72, 73, 74] 20160324
2.573333333333334 [5, 6, 7, 9] [147, 148, 149, 150, 151, 152, 153, 154] 20160302
2.5500000000000043 [8] [43, 44, 45, 46] 20160302
2.5479414348755247 [1, 2] [209, 210, 211, 212, 213, 214, 215, 216] 20160302
2.4960776637964806 [5, 7, 8] [231, 232, 233, 234, 235, 236, 237, 238] 20160301
2.4636491173384414 [0, 1, 2] [262, 263, 264, 265, 266, 267, 268, 269, 270, 271, 272, 273, 274, 275, 276, 277, 278, 279, 280, 281, 282, 283, 284, 285, 286, 287] 20160302
2.427733282073816 [7, 8] [170, 171, 172, 173, 174] 20160302
2.4083754086195794 [0, 1, 2] [225, 226, 227, 228, 229, 230, 231, 232, 233] 20160302
2.4041630560342604 [1, 2, 3, 4] [88, 89, 90, 91] 20160302
2.3299415204678375 [3, 4, 5, 6] [2, 3, 4, 5, 6, 7, 8, 9, 10, 11, 12, 13, 14, 15, 16, 17, 18, 19, 20, 21, 22, 23] 20160324
2.309401076758495 [0, 1, 2] [232, 233, 234, 235] 20160324
2.1899999999999995 [5, 7, 8, 9] [82, 83, 84, 85, 86, 87, 88] 20160301
2.136363636363633 [9] [58, 59, 60, 61, 62, 63, 64, 65, 66, 67, 68, 69, 70] 20160324
2.1213203435596424 [3, 4] [231, 232, 233] 20160324
2.1000000000000014 [9] [65, 66, 67, 68, 69, 70, 71, 72, 73, 74, 75, 76] 20160324
1.979898987322341 [1, 2, 3] [220, 221, 222] 20160324
1.838477631085022 [8, 9] [185, 186, 187, 188, 189] 20160301
1.7166666666666686 [2, 3, 4, 6] [179, 180, 181, 182, 183, 184] 20160301
1.7000000000000028 [8] [199, 200, 201] 20160301
1.6791270328931607 [2, 3, 4] [169, 170, 171, 172, 173, 174] 20160301
1.6500000000000004 [3, 5, 6, 7] [176, 177, 178] 20160301
