18.233333333333327 [4, 6, 7, 8] [127, 128, 129, 130, 131, 132, 133, 134, 135, 136, 137, 138, 139, 140, 141, 142, 143, 144] 20160527
16.534211994792432 [2, 3, 4] [224, 225, 226, 227, 228, 229, 230, 231, 232, 233, 234, 235, 236, 237, 238, 239] 20160527
15.38638467390353 [1, 2, 3] [213, 214, 215, 216, 217, 218, 219, 220, 221, 222, 223, 224, 225, 226, 227, 228, 229] 20160527
15.116666666666653 [4, 5, 7, 9] [144, 145, 146, 147, 148, 149, 150, 151, 152, 153, 154, 155, 156, 157, 158, 159, 160, 161] 20160527
12.666666666666686 [2] [206, 207, 208, 209, 210, 211, 212, 213, 214, 215, 216, 217, 218, 219, 220, 221] 20160527
12.266666666666666 [3] [76, 77, 78, 79, 80, 81, 82, 83, 84, 85, 86, 87, 88, 89, 90, 91, 92] 20160527
10.92346709306773 [3, 4, 5] [235, 236, 237, 238, 239, 240, 241, 242, 243, 244, 245, 246, 247, 248, 249, 250, 251] 20160527
10.275000000000006 [4, 6, 7, 9] [156, 157, 158, 159, 160, 161, 162, 163, 164, 165, 166, 167, 168, 169, 170, 171, 172, 173] 20160527
8.833333333333336 [5] [100, 101, 102, 103, 104, 105, 106, 107, 108, 109, 110, 111, 112, 113, 114] 20160527
6.802083333333336 [6, 7, 8, 9] [169, 170, 171, 172, 173, 174, 175, 176, 177, 178, 179, 180, 181, 182, 183, 184, 185, 186] 20160527
6.459375000000001 [1, 2, 3, 4] [186, 187, 188, 189, 190, 191, 192, 193, 194, 195, 196, 197, 198, 199, 200, 201, 202, 203] 20160527
6.024999999999984 [2, 3, 4, 5] [179, 180, 181, 182, 183, 184, 185, 186, 187, 188, 189, 190, 191, 192, 193, 194, 195] 20160527
