19.724999999999994 [3, 4, 5, 6] [132, 133, 134, 135, 136, 137, 138, 139, 140, 141, 142, 143, 144, 145, 146, 147, 148, 149] 20160531
19.649999999999988 [2, 3, 4, 5] [126, 127, 128, 129, 130, 131, 132, 133, 134, 135, 136, 137, 138, 139, 140, 141, 142, 143] 20160531
9.725238095238097 [4, 6, 7, 9] [154, 155, 156, 157, 158, 159, 160, 161, 162, 163, 164, 165, 166, 167, 168, 169, 170] 20160531
8.49375000000001 [5, 6, 7, 8] [74, 75, 76, 77, 78, 79, 80, 81, 82, 83, 84, 85, 86, 87, 88, 89, 90, 91] 20160531
8.375 [4, 5, 6, 7] [72, 73, 74, 75, 76, 77, 78, 79, 80, 81, 82, 83, 84] 20160531
8.202222824287283 [0, 1, 2] [164, 165, 166, 167, 168, 169, 170, 171, 172, 173, 174, 175, 176, 177, 178, 179, 180, 181] 20160531
8.150000000000006 [7] [102, 103, 104, 105, 106, 107, 108, 109, 110, 111, 112, 113, 114] 20160531
7.59576447902601 [5, 7, 8] [90, 91, 92, 93, 94, 95, 96, 97, 98, 99, 100, 101, 102, 103, 104, 105, 106, 107] 20160531
7.448958333333323 [0, 1, 2, 3] [177, 178, 179, 180, 181, 182, 183, 184, 185, 186, 187, 188, 189, 190, 191, 192, 193, 194] 20160531
4.535714285714292 [6, 7, 8, 9] [209, 210, 211, 212, 213, 214, 215, 216, 217, 218, 219, 220, 221, 222, 223, 224, 225] 20160531
4.129791666666669 [5, 6, 7, 8] [197, 198, 199, 200, 201, 202, 203, 204, 205, 206, 207, 208, 209, 210, 211, 212, 213, 214] 20160531
1.4914881954065307 [0, 1, 2] [241, 242, 243, 244, 245, 246, 247, 248, 249, 250, 251] 20160531
