13.760181415686063 [2, 3, 4] [238, 239, 240, 241, 242, 243, 244, 245, 246, 247, 248, 249, 250] 20160713
11.58549540173849 [4, 6, 7] [136, 137, 138, 139, 140, 141, 142, 143, 144, 145, 146, 147, 148, 149, 150, 151, 152, 153] 20160713
8.924999999999997 [4, 6, 7, 8] [125, 126, 127, 128, 129, 130, 131, 132, 133, 134, 135, 136, 137, 138, 139, 140] 20160713
8.269339793080581 [4, 6, 7] [152, 153, 154, 155, 156, 157, 158, 159, 160, 161, 162, 163, 164, 165, 166, 167, 168, 169] 20160713
7.988541666666677 [4, 6, 7, 8] [161, 162, 163, 164, 165, 166, 167, 168, 169, 170, 171, 172, 173, 174, 175, 176, 177, 178] 20160713
7.375 [0, 1, 2, 3] [196, 197, 198, 199, 200, 201, 202, 203, 204, 205, 206, 207, 208, 209, 210, 211, 212, 213] 20160713
6.828124999999993 [4, 6, 7, 8] [182, 183, 184, 185, 186, 187, 188, 189, 190, 191, 192, 193, 194, 195, 196, 197, 198, 199] 20160713
6.61666666666666 [3] [230, 231, 232, 233, 234, 235, 236, 237, 238, 239] 20160713
6.591415573248218 [6, 7, 8] [80, 81, 82, 83, 84, 85, 86, 87, 88, 89, 90, 91, 92, 93, 94, 95] 20160713
5.638787629085353 [6, 7, 8] [206, 207, 208, 209, 210, 211, 212, 213, 214, 215, 216, 217, 218, 219, 220, 221, 222, 223] 20160713
5.429313108340899 [6, 7, 8] [89, 90, 91, 92, 93, 94, 95, 96, 97, 98, 99, 100, 101, 102, 103] 20160713
4.889285714285698 [4, 6, 7, 8] [213, 214, 215, 216, 217, 218, 219, 220, 221, 222, 223, 224, 225, 226, 227, 228, 229] 20160713
3.5988166779486805 [6, 7, 8] [105, 106, 107, 108, 109, 110, 111, 112, 113, 114, 115, 116] 20160713
