13.407692307692301 [3, 5, 7, 8] [203, 204, 205, 206, 207, 208, 209, 210, 211, 212, 213, 214, 215, 216, 217, 218] 20161106
11.5 [0, 1, 2, 3] [214, 215, 216, 217, 218, 219, 220, 221, 222, 223, 224, 225, 226, 227, 228, 229, 230, 231] 20161106
8.07520576506557 [7, 8, 9] [230, 231, 232, 233, 234, 235, 236, 237, 238, 239, 240, 241, 242, 243, 244, 245, 246, 247] 20161106
7.158333333333328 [0, 1, 2, 3] [93, 94, 95, 96, 97, 98, 99, 100, 101, 102, 103, 104, 105, 106, 107, 108, 109] 20161106
6.25 [9] [243, 244, 245, 246, 247, 248, 249, 250, 251] 20161106
6.149999999999995 [0, 1, 2, 3] [76, 77, 78, 79, 80, 81, 82, 83, 84, 85, 86] 20161106
6.144230769230774 [0, 1, 2, 3] [88, 89, 90, 91, 92, 93, 94, 95, 96, 97, 98, 99, 100, 101, 102, 103] 20161106
4.628333333333337 [0, 1, 2, 3] [106, 107, 108, 109, 110, 111, 112, 113, 114, 115, 116, 117, 118, 119, 120, 121, 122, 123] 20161106
4.3589945323816695 [4, 5, 7] [145, 146, 147, 148, 149, 150, 151, 152, 153, 154, 155, 156, 157, 158, 159, 160, 161, 162] 20161106
4.301566252218166 [0, 1] [115, 116, 117, 118, 119, 120, 121, 122, 123, 124, 125, 126, 127, 128, 129, 130, 131, 132] 20161106
3.7358808272689297 [7, 9] [129, 130, 131, 132, 133, 134, 135, 136, 137, 138, 139, 140, 141, 142, 143, 144] 20161106
3.383333333333333 [0] [124, 125, 126, 127, 128, 129, 130, 131, 132, 133, 134, 135, 136, 137, 138, 139] 20161106
