55.17894209555 [5, 6, 7, 8] [230, 231, 232, 233] 20160421
55.17894209555 [5, 6, 7, 8] [232, 233, 234] 20160421
55.10738534769999 [4, 5, 6, 7] [236, 237, 238, 239, 240, 241, 242] 20160421
54.23218321029999 [6, 7, 8, 9] [246, 247, 248, 249, 250, 251, 252, 253, 254, 255, 256, 257] 20160421
44.0661300787 [0, 1, 2, 3] [183, 184, 185, 186, 187, 188, 189, 190, 191, 192, 193, 194, 195, 196] 20160421
35.327191721000005 [4, 5, 7, 9] [89, 90, 91, 92, 93, 94, 95, 96, 97, 98, 99, 100] 20160421
34.26781678970001 [6, 7, 8, 9] [126, 127, 128, 129, 130] 20160421
34.12430280975 [3, 5, 7, 9] [108, 109, 110, 111, 112, 113, 114, 115, 116, 117] 20160421
30.394691721 [4, 5, 7, 9] [74, 75, 76, 77, 78, 79, 80] 20160421
28.477191721000004 [4, 5, 7, 9] [54, 55, 56, 57, 58, 59, 60, 61, 62, 63, 64, 65, 66] 20160421
15.612681544238463 [5, 6, 7, 9] [0, 1, 2, 3, 4, 5, 6, 7, 8, 9, 10, 11, 12, 13, 14, 15] 20160421
14.840959443371428 [5, 6, 7, 9] [11, 12, 13, 14, 15, 16, 17, 18, 19, 20, 21, 22, 23, 24, 25, 26] 20160421
