15.392708333333335 [6, 7, 8, 9] [128, 129, 130, 131, 132, 133, 134, 135, 136, 137, 138, 139, 140, 141, 142, 143, 144, 145] 20160622
14.80520833333333 [5, 7, 8, 9] [174, 175, 176, 177, 178, 179, 180, 181, 182, 183, 184, 185, 186, 187, 188, 189, 190, 191] 20160622
12.816666666666674 [2, 3, 4, 6] [151, 152, 153, 154, 155, 156, 157, 158, 159, 160, 161, 162, 163, 164, 165, 166, 167, 168] 20160622
11.943750000000005 [3, 4, 5, 6] [160, 161, 162, 163, 164, 165, 166, 167, 168, 169, 170, 171, 172, 173, 174, 175, 176, 177] 20160622
11.796666666666663 [4, 5, 6, 7] [167, 168, 169, 170, 171, 172, 173, 174, 175, 176, 177, 178, 179, 180, 181, 182, 183] 20160622
9.088085391166961 [1, 2, 3] [82, 83, 84, 85, 86, 87, 88, 89, 90, 91, 92, 93, 94, 95, 96] 20160622
9.013888888888886 [1, 2, 3, 5] [101, 102, 103, 104, 105, 106, 107, 108, 109, 110, 111] 20160622
7.563333333333333 [6, 7, 8, 9] [203, 204, 205, 206, 207, 208, 209, 210, 211, 212, 213, 214, 215, 216, 217, 218, 219] 20160622
5.214583333333344 [1, 2, 3, 4] [72, 73, 74, 75, 76, 77, 78, 79, 80, 81] 20160622
4.529166666666669 [6, 7, 8, 9] [215, 216, 217, 218, 219, 220, 221, 222, 223, 224, 225, 226, 227, 228, 229, 230, 231, 232] 20160622
2.386381112650449 [0, 1, 2] [232, 233, 234, 235, 236, 237, 238, 239, 240, 241, 242, 243, 244, 245] 20160622
