16.374107142857135 [3, 4, 5, 7] [178, 179, 180, 181, 182, 183, 184, 185, 186, 187, 188, 189, 190, 191, 192, 193, 194, 195] 20160402
13.969791666666673 [3, 5, 6, 7] [195, 196, 197, 198, 199, 200, 201, 202, 203, 204, 205, 206, 207, 208, 209, 210, 211, 212] 20160402
13.817916442605037 [3, 5, 6] [193, 194, 195, 196, 197, 198, 199, 200, 201, 202, 203, 204, 205] 20160402
13.518244160025665 [6, 7, 8] [209, 210, 211, 212, 213, 214, 215, 216, 217] 20160402
10.916666666666664 [9] [234, 235, 236, 237, 238, 239, 240, 241] 20160402
9.545524450601809 [4, 5, 6] [158, 159, 160, 161, 162, 163, 164, 165, 166, 167, 168, 169, 170, 171, 172, 173, 174] 20160402
7.813529932111347 [0, 1] [143, 144, 145, 146, 147, 148, 149, 150, 151, 152, 153, 154, 155, 156, 157, 158, 159, 160] 20160402
7.43333333333333 [2, 3, 4, 5] [128, 129, 130, 131, 132, 133, 134, 135, 136, 137, 138, 139, 140, 141, 142, 143, 144, 145] 20160402
6.34 [4, 5, 6, 7] [81, 82, 83, 84, 85, 86, 87, 88, 89, 90, 91, 92, 93, 94, 95, 96, 97, 98] 20160402
3.387121579245811 [3, 4, 5] [103, 104, 105, 106, 107, 108, 109, 110, 111, 112, 113, 114, 115, 116, 117, 118, 119] 20160402
