20.366666666666664 [1, 2, 3, 4] [92, 93, 94, 95, 96, 97, 98, 99, 100, 101, 102, 103, 104, 105, 106, 107, 108, 109] 20160928
20.275 [2, 3, 5, 6] [103, 104, 105, 106, 107, 108, 109, 110, 111, 112, 113, 114, 115, 116, 117, 118, 119, 120] 20160928
12.058333333333337 [4, 5, 6, 7] [215, 216, 217, 218, 219, 220, 221, 222, 223, 224, 225, 226, 227, 228, 229, 230, 231, 232] 20160928
11.53104166666666 [2, 3, 5, 7] [128, 129, 130, 131, 132, 133, 134, 135, 136, 137, 138, 139, 140, 141, 142, 143, 144, 145] 20160928
11.383333333333333 [9] [72, 73, 74, 75, 76, 77, 78, 79, 80, 81] 20160928
8.246486344925154 [6, 7, 8] [156, 157, 158, 159, 160, 161, 162, 163, 164, 165, 166, 167, 168, 169, 170, 171, 172] 20160928
8.187500000000004 [3, 5, 6, 7] [149, 150, 151, 152, 153, 154, 155, 156, 157, 158, 159, 160, 161, 162, 163, 164, 165, 166] 20160928
7.872435897435899 [0, 1, 2, 3] [233, 234, 235, 236, 237, 238, 239, 240, 241, 242, 243, 244, 245, 246, 247, 248] 20160928
6.9570707437349935 [6, 7, 8] [164, 165, 166, 167, 168, 169, 170, 171, 172, 173, 174, 175, 176, 177, 178, 179] 20160928
6.200000000000003 [0, 1, 2, 3] [189, 190, 191, 192, 193, 194, 195, 196, 197, 198, 199, 200, 201, 202, 203, 204, 205, 206] 20160928
6.108333333333324 [3, 5, 6, 7] [179, 180, 181, 182, 183, 184, 185, 186, 187, 188, 189, 190, 191, 192, 193] 20160928
