#################################################################
#APDM Input Graph, this input graph includes 3 sections:
#section1 : general information
#section2 : nodes
#section3 : edges
#section4 : trueSubGraph (Optional)
#
#if nodes haven't information set weight to null
#################################################################
SECTION1 (General Information)
numNodes = 10
numEdges = 39
usedAlgorithm = NULL
dataSource = TransWeatherRealData
END
#################################################################
SECTION2 (Nodes Information)
NodeID temp9  mean  std 
0 60.6 60.6 60.6 60.6 60.3 60.2 60.3 60.4 60.2 60.2 60.2 60.3 60.5 60.5 60.6 60.6 60.6 60.5 60.5 60.6 60.5 60.5 60.4 60.4 60.4 60.3 60.3 60.3 60.4 60.4 60.7 60.9 61.1 61.0 60.8 60.8 61.0 61.4 61.7 61.8 61.9 62.1 61.8 61.3 61.4 61.4 60.9 60.9 60.8 60.8 60.7 60.8 60.5 60.3 60.5 60.5 60.3 60.2 60.4 60.1 59.6 58.5 58.9 59.0 58.9 59.2 58.9 58.8 58.1 57.8 58.0 57.9 57.8 57.6 57.5 57.4 57.6 57.3 57.0 57.0 57.1 57.0 56.5 55.6 55.0 55.3 55.8 55.5 55.1 55.3 55.8 56.2 56.4 56.9 57.0 57.3 57.6 57.9 58.3 58.5 59.0 59.3 59.3 59.9 59.9 60.4 60.8 61.2 61.6 61.9 62.3 62.8 63.3 63.6 64.0 64.2 64.3 64.4 64.3 64.7 65.2 65.3 65.2 65.4 65.6 65.7 66.1 66.4 66.9 67.2 67.3 67.6 68.1 68.3 68.4 67.8 68.0 68.4 68.2 68.2 68.7 69.0 69.1 69.6 69.9 70.3 70.1 69.8 69.5 69.5 69.8 70.2 69.9 70.1 70.0 70.0 70.6 71.1 71.9 71.8 71.8 71.9 71.7 71.9 71.9 71.8 72.0 72.5 73.2 73.3 73.3 72.8 72.8 72.4 72.1 72.8 72.9 72.8 73.0 72.9 72.8 72.8 72.7 72.5 72.7 73.5 73.7 74.0 74.1 73.9 73.7 73.8 73.9 73.7 73.8 73.6 73.7 73.7 73.5 73.7 73.8 73.2 72.8 72.4 72.1 71.5 71.2 71.0 71.7 71.7 71.5 71.2 70.9 70.6 70.4 70.4 70.2 70.1 69.8 69.5 69.4 69.2 69.1 69.0 68.8 68.5 68.3 68.2 68.4 68.4 68.1 67.9 67.6 67.5 67.1 66.6 66.4 66.2 66.2 66.2 66.2 65.8 65.6 65.4 65.2 65.0 64.7 64.4 64.1 63.8 63.5 63.2 63.0 62.9 62.7 62.7 62.5 62.3 62.2 62.1 62.0 62.0 62.0 61.8 61.8 61.6 61.5 61.4 61.3 61.3 61.2 60.7 60.4 60.2 60.0 59.9 59.4 58.9 58.5 58.3 58.4 58.3 58.4 58.3 58.3 58.4 58.5 58.5 64.50416666666666 5.515551343266517
1 56.8 56.4 57.1 57.9 57.7 57.9 57.6 56.6 57.4 57.3 56.2 57.3 57.7 58.4 58.0 58.4 58.9 58.8 58.5 58.1 55.7 57.2 56.0 52.0 52.2 52.5 52.5 53.3 54.0 54.5 53.5 51.9 52.3 52.1 51.9 52.4 52.3 52.1 53.1 53.1 52.3 51.5 50.5 49.8 49.5 49.5 49.5 49.9 49.7 49.7 50.4 50.4 50.3 51.1 51.2 51.6 51.9 51.2 50.2 50.3 49.5 48.9 49.4 50.2 50.8 50.0 49.7 50.7 51.5 52.2 51.9 50.4 50.2 50.0 49.5 49.7 50.4 50.8 51.1 51.3 51.9 52.7 53.5 53.3 54.3 54.3 54.9 53.7 52.4 52.8 53.8 54.4 54.4 54.9 54.9 56.3 57.5 59.5 60.1 61.2 61.6 62.1 62.3 62.5 62.7 62.8 63.0 62.8 62.9 62.7 62.8 62.8 63.0 63.2 63.2 63.1 63.4 63.5 64.0 64.1 64.4 64.3 64.2 64.7 64.7 65.0 65.3 65.6 65.8 65.9 66.3 66.4 66.6 66.7 67.0 67.1 67.4 67.9 68.3 68.1 68.1 68.7 68.8 69.0 68.6 68.8 69.0 69.1 69.5 69.6 69.6 69.9 70.0 70.1 70.1 70.4 70.3 70.1 70.1 70.5 70.6 70.6 70.5 70.7 71.0 71.1 71.0 71.0 71.1 71.0 71.5 71.7 71.5 71.8 71.4 71.4 71.4 71.8 71.5 72.3 72.1 72.1 72.5 72.3 72.3 71.8 72.0 72.0 71.8 71.4 71.7 71.9 72.0 71.8 71.9 71.8 71.6 71.5 71.1 70.8 71.3 71.5 71.4 71.4 71.1 70.8 70.5 70.5 70.4 70.2 70.1 69.9 69.7 69.6 69.4 68.9 68.7 68.3 68.0 67.3 67.0 66.6 66.3 66.1 65.9 65.8 65.5 65.3 65.2 65.1 64.7 64.7 64.4 64.2 64.1 63.7 63.5 63.3 63.2 63.2 63.2 63.1 63.1 63.0 63.1 63.1 62.9 63.0 62.9 62.8 63.0 62.7 62.6 62.4 62.2 62.1 62.0 62.2 62.1 61.9 61.7 61.6 61.6 61.4 61.5 61.3 61.5 62.1 62.2 61.9 61.7 61.7 61.3 60.4 60.7 60.1 60.2 60.6 60.2 60.1 60.1 59.8 59.8 59.7 59.8 59.7 59.6 59.4 61.87777777777777 7.265482753666476
2 57.7 57.9 58.0 57.9 57.6 56.9 56.8 56.9 56.3 55.8 55.5 55.6 56.3 56.3 56.2 56.1 56.1 55.8 55.8 55.8 55.1 55.1 54.8 54.6 54.6 54.3 54.6 54.7 53.8 54.5 54.5 53.7 53.9 54.3 54.3 54.3 54.4 54.3 54.2 54.0 53.6 53.9 54.2 54.2 54.0 53.9 54.1 53.9 53.6 53.7 53.6 53.7 53.8 54.1 54.2 54.2 54.0 53.8 53.8 53.7 53.8 53.6 53.7 53.7 53.8 53.9 53.8 53.9 53.8 53.9 53.9 54.1 54.0 54.2 54.2 54.2 54.1 54.0 53.9 53.9 53.7 53.6 53.6 53.4 53.3 53.4 53.3 53.2 53.1 53.1 53.2 53.1 53.3 53.6 53.6 53.7 53.9 54.2 54.4 54.8 55.3 55.6 55.8 56.2 56.8 57.3 57.7 58.0 58.4 58.9 59.2 59.2 59.7 60.2 60.4 60.8 61.4 61.7 61.9 62.7 63.0 63.3 63.3 63.6 64.1 64.5 65.1 65.7 66.5 66.9 66.9 67.4 67.8 67.9 68.2 68.7 68.8 68.9 68.9 69.3 69.7 69.7 70.2 70.4 70.8 71.4 71.6 72.1 72.4 72.7 72.4 72.4 73.3 73.0 73.8 73.8 73.4 73.8 74.0 73.7 74.0 73.6 73.7 74.0 74.1 74.2 73.7 74.2 73.9 73.9 74.0 73.7 74.1 74.3 74.5 74.3 74.1 73.9 74.2 74.6 74.7 74.9 74.5 74.3 74.8 75.2 74.8 75.0 74.8 74.7 75.0 74.9 74.7 74.8 74.8 74.7 74.5 75.0 74.2 73.6 73.8 73.5 73.3 73.0 73.0 72.9 72.8 73.0 73.0 73.1 72.1 71.5 71.2 70.9 70.7 70.7 70.6 70.3 69.7 69.7 69.6 69.2 69.0 68.5 68.3 68.0 67.7 67.3 67.0 67.0 66.8 66.7 66.5 66.4 66.2 66.0 65.8 65.6 65.4 65.0 64.8 64.6 64.3 63.7 63.3 63.5 63.8 64.0 64.2 64.4 64.7 64.7 64.7 64.6 64.4 64.2 64.3 64.3 64.0 64.0 64.0 63.7 63.4 63.5 63.7 63.7 63.7 63.6 63.5 63.5 63.4 63.4 63.3 63.1 63.1 63.0 62.8 62.6 62.5 62.4 61.9 61.8 61.9 62.0 62.0 61.8 61.7 61.7 63.189930555555556 7.7286698258749915
3 50.2 50.7 49.8 50.4 51.0 51.5 50.8 49.4 48.8 48.7 48.7 48.7 48.9 48.6 49.1 49.3 49.0 49.2 49.0 48.6 48.2 47.6 47.2 47.0 47.0 47.1 47.2 47.6 47.5 46.9 46.4 46.4 46.6 46.8 46.9 46.4 46.6 46.5 46.4 46.4 46.4 46.2 46.5 46.9 46.2 46.0 46.5 46.3 45.9 45.9 45.7 45.8 46.3 45.9 45.6 45.7 45.3 45.5 44.9 44.8 44.9 45.1 44.8 45.1 45.5 45.2 45.6 45.6 45.3 45.5 45.1 44.9 44.7 44.6 44.5 44.4 44.5 44.6 44.6 44.7 44.6 44.5 44.4 44.4 44.6 44.9 45.1 45.3 45.5 45.6 45.8 46.1 46.2 46.4 46.6 47.0 47.4 47.7 48.0 48.4 48.9 49.4 49.9 50.3 50.8 51.4 52.0 52.6 53.2 53.6 54.1 54.7 55.3 55.7 56.2 56.7 57.2 57.9 58.2 58.5 59.0 59.5 59.7 60.3 60.9 61.6 62.0 62.5 63.1 63.6 63.8 64.3 64.4 65.3 65.4 65.6 65.8 65.9 66.3 66.6 67.3 67.4 68.2 68.6 69.1 69.2 69.4 69.6 69.8 69.9 70.3 70.2 70.4 70.5 70.6 70.8 71.2 71.9 71.8 72.3 72.8 73.2 72.9 73.0 72.9 72.9 73.0 73.1 73.1 73.4 73.1 73.3 73.3 73.1 73.3 73.1 73.0 73.0 73.1 73.3 73.4 73.0 72.0 71.4 71.2 70.7 70.4 70.8 70.6 70.5 70.3 70.4 70.5 70.2 70.1 70.1 70.1 69.9 69.7 69.7 69.6 69.6 69.5 69.5 69.3 68.9 68.6 68.6 68.5 68.5 68.4 68.3 68.2 68.0 67.9 67.8 67.9 67.9 67.7 67.6 67.3 66.9 66.8 66.6 66.4 66.2 65.7 65.6 65.6 65.3 65.1 64.9 64.7 64.7 64.4 64.2 64.0 63.7 63.5 63.3 63.1 63.0 62.9 62.7 62.5 62.5 62.3 62.1 61.6 61.6 61.4 60.8 60.3 60.5 60.4 60.9 61.4 61.2 61.4 61.3 61.7 61.5 61.3 61.0 60.8 60.9 60.7 60.7 60.7 60.9 60.9 60.8 60.7 60.6 60.4 60.1 59.9 60.0 59.8 59.6 59.4 59.3 59.1 58.9 58.7 58.4 58.1 58.0 58.592708333333334 10.00544706830161
4 52.4 52.3 52.3 51.9 52.1 52.2 51.9 51.6 51.1 51.4 52.0 52.3 51.6 51.4 51.1 50.2 50.9 50.6 51.5 50.7 51.1 50.9 50.9 51.2 51.0 50.7 50.2 50.5 51.0 50.7 50.7 50.5 50.5 50.3 50.0 50.2 49.9 49.7 49.8 49.5 49.7 50.5 50.9 51.2 51.1 51.0 50.4 50.3 50.2 50.2 50.2 50.0 50.6 51.4 51.7 51.8 51.6 51.0 52.0 52.3 52.2 52.3 52.2 52.3 52.4 52.3 52.2 51.4 50.6 51.2 51.0 51.2 50.7 50.6 50.6 50.2 50.4 50.5 50.1 49.8 49.9 49.9 50.0 50.0 49.9 49.9 50.1 50.2 50.3 50.4 50.5 50.8 50.8 51.3 51.9 52.3 52.6 53.3 53.7 54.3 54.6 55.0 55.3 55.7 56.2 56.6 56.9 57.2 57.6 57.9 58.3 58.8 59.2 59.7 60.1 60.5 60.8 61.0 61.2 61.5 61.6 61.9 62.4 62.6 62.8 63.3 63.4 63.7 64.3 64.3 64.1 64.5 64.6 64.8 64.9 65.1 65.0 65.4 65.6 65.9 66.0 66.6 66.7 66.7 67.3 67.0 67.3 67.5 67.9 67.6 67.7 67.9 68.1 68.1 68.2 68.0 68.3 68.8 68.9 68.6 68.2 68.2 67.9 67.8 67.9 67.8 67.7 67.8 67.7 68.0 68.3 68.1 68.1 68.0 67.8 67.8 67.5 67.5 67.8 67.6 67.6 67.3 67.4 67.5 67.3 66.8 66.9 66.9 67.2 67.2 67.2 67.2 67.2 67.4 67.4 67.5 67.6 67.7 67.7 67.7 67.6 67.7 67.7 67.6 67.7 67.6 67.6 67.6 67.5 67.4 67.4 67.3 67.3 67.1 66.8 66.4 66.2 66.1 66.0 66.1 65.7 65.6 65.5 65.1 64.9 64.5 64.0 63.6 63.1 62.9 62.7 62.6 62.4 62.5 62.5 62.3 62.0 62.0 61.9 61.8 61.7 61.8 61.9 61.8 61.6 61.8 61.8 61.8 61.5 61.5 61.4 61.3 61.0 60.8 60.6 60.5 60.4 60.2 60.0 60.2 60.1 60.3 60.1 60.1 60.1 60.1 60.1 60.1 60.0 59.8 59.7 59.6 59.5 59.4 59.3 59.1 58.9 58.6 58.3 58.3 58.0 58.0 57.7 57.6 57.7 57.5 57.3 57.1 59.35138888888889 6.825597303684948
5 49.1 48.5 48.2 48.5 48.3 48.9 49.2 49.1 48.6 48.3 47.7 47.3 47.3 47.1 47.0 47.3 47.4 46.8 47.4 47.3 47.1 47.3 46.8 46.1 46.5 47.3 47.4 46.3 46.1 46.6 47.7 46.8 46.7 46.3 46.5 46.6 46.8 46.7 46.8 46.8 46.7 46.9 47.1 46.9 46.8 46.7 46.3 45.6 45.6 45.1 45.5 45.4 46.2 45.7 45.5 45.4 45.3 45.1 45.0 44.6 45.6 46.7 46.9 47.2 47.4 47.6 47.9 47.9 47.7 47.7 47.8 47.7 47.5 47.3 47.4 47.4 47.5 47.5 47.2 47.3 47.2 47.3 47.2 46.8 46.6 46.7 46.6 46.7 46.7 46.8 46.9 46.9 46.8 47.1 47.3 47.9 48.5 48.8 49.2 49.6 49.9 50.3 50.7 51.0 51.4 51.7 52.0 52.7 53.3 54.1 54.7 55.3 55.8 56.4 57.1 57.4 58.0 58.3 58.8 59.1 59.9 60.1 60.5 60.8 61.3 61.6 61.6 61.6 61.5 61.7 61.9 61.9 61.8 62.3 62.7 63.1 63.1 62.9 63.1 63.8 63.9 63.6 63.3 63.3 63.2 63.0 63.1 62.9 62.9 62.7 63.2 62.9 63.4 63.3 63.4 63.5 63.5 63.6 64.0 63.5 64.0 64.4 64.4 64.2 64.4 64.3 64.3 64.4 63.9 64.0 63.8 64.2 63.9 64.0 64.9 64.9 65.5 65.5 64.6 63.9 64.5 65.9 66.4 66.0 64.7 64.9 65.7 66.4 66.8 66.9 67.4 67.3 66.9 67.1 67.2 67.0 67.0 67.1 66.7 66.5 66.6 66.9 66.8 66.3 66.3 66.5 66.4 66.2 66.0 65.8 65.6 65.5 65.5 65.5 65.3 65.1 65.0 64.9 64.8 64.4 64.3 64.1 63.7 63.5 63.3 63.1 62.8 62.9 62.7 62.5 62.1 62.1 61.8 61.5 61.3 61.1 60.9 60.8 60.5 60.7 60.5 60.3 60.3 60.3 60.2 59.8 59.8 59.6 59.6 59.1 58.7 58.6 58.5 58.4 58.2 58.0 57.9 57.8 57.7 57.5 57.5 57.4 57.4 57.3 57.3 57.2 57.1 56.9 56.8 56.8 56.7 56.5 56.4 56.3 56.3 56.3 56.2 56.1 56.1 56.1 56.1 56.1 56.2 56.1 56.1 56.2 56.3 56.1 56.388194444444444 7.603992134410589
6 50.1 50.1 50.1 50.5 50.4 50.5 50.5 50.3 50.2 49.9 50.5 49.7 49.6 49.4 49.4 49.3 49.6 49.5 50.2 50.6 50.1 50.3 49.6 49.7 49.6 49.7 49.3 48.5 48.6 48.4 47.6 47.4 46.9 46.9 47.2 47.9 48.2 48.3 47.8 48.2 48.5 48.4 48.8 48.4 47.9 48.5 48.1 47.3 47.3 47.2 47.2 48.7 47.8 47.8 48.6 48.5 48.1 47.9 47.4 47.8 47.2 46.9 46.3 46.0 46.6 46.3 46.6 46.4 46.8 46.7 47.2 47.5 47.5 47.7 47.5 47.4 46.8 47.1 46.4 46.4 46.9 46.8 46.9 47.1 46.7 47.4 47.8 48.1 47.9 48.0 47.8 47.9 47.3 47.5 47.7 47.8 48.4 49.0 49.3 49.5 50.0 50.2 51.1 51.8 52.0 52.1 52.2 52.4 53.0 53.7 54.2 55.0 55.9 57.1 57.9 58.3 58.6 58.8 59.1 59.1 59.3 59.3 59.5 59.8 60.2 60.3 60.1 60.1 60.0 59.9 60.0 60.6 60.5 60.1 60.2 59.9 60.1 59.6 59.1 58.6 58.1 57.8 57.9 58.0 58.0 57.9 57.6 57.7 58.0 58.2 58.2 58.1 58.5 58.8 58.6 58.6 58.7 58.7 58.5 58.8 59.0 59.0 59.3 60.4 60.7 61.4 62.3 61.5 61.4 61.7 62.3 62.9 62.4 62.1 62.1 61.5 61.7 62.3 63.2 63.6 63.4 62.3 62.1 63.3 63.5 62.7 63.8 64.6 65.0 65.4 64.7 65.0 65.1 63.8 63.7 64.2 64.0 64.0 64.0 64.2 64.3 64.1 63.9 63.8 63.6 63.5 63.4 63.1 62.8 62.7 62.6 62.5 62.5 62.2 61.7 61.7 61.4 61.2 61.0 60.6 60.3 59.9 59.6 59.3 58.9 58.5 58.4 58.2 58.0 57.6 57.3 57.0 56.9 56.8 56.6 56.6 56.5 56.2 56.2 56.0 55.7 55.4 55.3 55.4 55.2 55.0 54.9 54.7 54.5 54.3 53.8 53.6 53.4 53.4 53.2 52.5 52.5 52.5 52.8 52.5 52.6 52.6 52.5 52.7 53.1 53.3 53.5 53.6 53.6 53.8 53.7 53.8 53.8 53.7 53.6 53.5 53.2 52.9 52.8 52.5 52.4 52.1 52.1 51.9 51.7 51.6 51.5 51.3 54.70590277777778 5.799074768590209
7 52.6 52.5 52.1 52.2 52.1 52.0 51.6 51.6 52.0 52.4 51.7 52.5 53.4 53.9 53.7 53.3 52.7 53.1 53.3 53.0 51.6 52.6 52.5 52.2 52.2 53.1 52.5 50.1 50.0 49.0 50.0 50.0 49.8 50.8 51.7 51.3 51.1 50.7 50.2 50.6 51.2 50.9 50.3 50.1 49.7 50.3 50.7 50.7 50.2 49.5 49.4 48.8 49.3 50.4 49.4 48.6 47.9 47.5 47.3 47.3 47.1 46.8 47.3 46.7 46.4 46.9 46.9 46.6 46.6 46.2 46.2 46.0 45.3 44.7 44.8 44.5 44.3 44.3 44.7 45.3 45.1 45.2 44.9 44.1 44.0 44.1 44.1 44.5 45.1 45.6 45.7 45.1 44.8 45.1 45.2 45.6 46.1 46.5 47.2 47.6 48.3 49.1 49.1 49.7 50.3 50.5 50.5 50.8 51.1 51.9 52.4 52.2 52.6 53.5 54.2 54.5 54.8 54.9 54.9 54.3 55.0 55.0 54.8 54.6 54.6 54.7 54.8 55.0 55.5 55.5 55.7 55.8 56.1 56.2 56.3 56.6 57.4 58.1 58.6 58.9 59.0 59.2 59.5 60.4 61.4 60.9 60.5 60.4 61.3 62.5 63.1 63.3 63.2 63.0 62.9 63.2 63.2 63.4 63.6 63.5 63.6 63.7 64.2 65.3 65.6 66.2 65.9 65.3 66.1 65.4 66.0 67.0 66.8 66.8 66.9 67.2 66.9 66.9 67.1 67.3 66.7 65.9 65.3 65.1 65.0 65.1 65.8 65.6 65.5 65.7 65.2 65.1 65.0 65.0 64.8 66.2 66.8 66.9 66.9 65.6 65.0 64.9 64.7 64.4 64.7 64.7 63.9 64.3 64.7 64.5 63.5 62.9 62.6 62.9 62.8 62.1 61.8 61.4 61.3 61.2 61.3 61.1 60.9 60.6 60.2 59.9 59.7 59.4 59.1 58.8 58.7 58.5 58.2 58.1 58.0 57.7 57.2 57.3 56.9 56.7 56.4 56.4 56.6 56.5 56.6 56.7 56.6 56.7 56.8 56.7 56.9 57.1 57.1 57.1 57.0 56.8 56.6 56.5 56.3 56.1 56.0 56.0 56.0 55.9 55.8 55.8 55.9 55.9 55.7 55.7 55.9 55.8 55.8 55.8 55.8 55.8 55.6 55.5 55.4 55.3 55.3 55.2 55.2 55.1 55.1 55.0 54.8 54.5 55.735416666666666 6.585105871432826
8 51.7 53.0 53.3 51.9 52.3 49.6 48.2 47.6 48.5 49.9 49.2 48.6 48.0 47.7 48.0 48.1 48.3 48.0 48.2 48.0 47.2 46.6 46.4 47.0 46.6 46.4 46.6 46.1 45.9 45.9 45.8 46.1 46.1 46.2 46.1 45.9 46.2 46.4 46.8 46.8 47.7 49.2 45.9 44.8 44.7 45.2 45.0 44.7 45.1 45.6 45.5 45.7 46.9 46.4 46.3 45.2 44.8 43.3 42.3 42.4 42.7 43.2 44.3 44.8 45.9 46.3 44.6 44.0 43.8 43.3 42.7 42.8 42.5 42.3 41.9 41.5 41.7 42.3 42.6 42.1 42.9 43.6 42.2 41.8 41.6 41.6 42.1 42.1 42.0 42.3 42.8 43.2 43.4 44.1 44.9 45.3 45.6 46.2 46.6 46.5 46.5 46.3 46.2 46.1 46.6 47.1 47.0 47.8 47.9 47.9 48.5 48.3 48.3 49.0 49.7 50.4 51.1 51.7 52.4 52.5 52.5 52.7 53.0 53.3 53.9 54.3 54.7 55.0 55.2 55.4 55.6 55.8 55.9 56.2 56.8 57.3 58.0 58.4 58.3 58.6 58.8 58.8 58.4 58.6 58.8 59.1 59.2 59.5 59.8 60.0 60.0 60.4 60.6 60.6 60.7 60.3 59.8 60.0 60.3 60.7 61.1 61.2 61.1 61.0 61.0 61.4 61.4 61.7 62.0 61.9 62.0 62.8 63.7 63.6 62.9 62.9 63.3 63.4 63.1 63.2 63.6 63.0 63.1 63.0 62.7 63.5 63.3 63.2 62.6 62.8 62.8 63.1 64.1 63.8 63.1 62.6 62.4 62.2 62.0 61.7 61.9 63.1 63.4 62.9 62.7 62.7 62.6 62.2 61.8 61.6 61.5 61.4 61.2 61.0 61.0 60.9 60.8 60.8 60.7 60.6 60.6 60.4 60.2 60.0 59.8 59.8 59.8 59.6 59.6 59.4 59.4 59.3 59.1 58.9 58.7 58.7 58.4 58.4 58.3 58.1 57.9 57.8 57.5 57.3 57.2 57.0 56.9 56.9 56.7 56.6 56.5 56.5 56.4 56.3 56.1 56.1 56.0 55.8 55.7 55.6 55.5 55.5 55.4 55.4 55.3 55.1 55.0 54.9 54.7 54.6 54.5 54.5 54.5 54.4 54.3 54.2 54.0 53.9 53.8 53.6 53.5 53.6 53.7 53.6 53.5 53.5 53.5 53.5 53.51909722222222 7.0142624649921075
9 48.8 48.8 48.6 48.5 48.7 48.1 47.8 48.1 47.9 48.1 48.0 48.3 48.4 48.3 48.3 47.9 47.5 47.3 47.7 47.9 47.8 48.0 47.8 47.8 47.8 47.8 47.0 47.2 47.5 47.5 47.3 47.3 47.2 47.4 47.6 47.0 46.5 46.8 46.9 46.5 46.5 45.8 46.4 46.7 46.5 46.8 46.5 46.4 46.6 46.7 46.4 46.9 46.8 46.8 46.7 46.7 46.4 46.0 46.1 46.3 46.7 47.3 47.1 46.7 45.8 45.7 46.1 46.4 46.3 46.4 46.1 50.1 54.3 55.3 55.7 56.1 56.0 56.1 56.4 56.6 56.6 56.8 56.6 56.6 56.5 56.5 56.5 56.5 56.4 56.3 56.3 56.4 56.4 56.4 56.4 56.5 56.5 56.7 56.7 56.7 56.8 56.9 56.8 56.8 57.2 57.4 57.7 58.0 58.1 58.0 57.9 57.7 57.7 57.9 58.0 58.0 58.2 58.2 58.0 58.3 58.5 58.5 58.6 58.8 58.7 59.1 59.9 60.4 60.2 60.3 60.3 60.3 61.0 60.4 60.4 60.2 60.1 60.0 59.7 59.9 60.3 60.4 60.0 59.6 59.4 59.5 59.5 59.6 58.5 58.3 58.2 58.4 58.6 58.8 58.8 59.0 59.3 59.6 59.5 59.2 58.9 59.0 59.2 59.4 59.0 58.3 58.4 58.5 58.4 58.5 58.5 58.7 58.6 58.7 58.6 58.6 58.5 58.3 58.1 57.9 58.0 57.9 58.0 58.0 58.1 58.3 58.3 58.2 58.0 58.1 58.4 58.6 58.1 58.0 58.2 58.3 58.2 58.1 57.9 57.8 57.7 57.7 57.5 57.4 57.4 57.7 57.9 57.7 57.4 57.4 56.9 56.6 56.5 56.9 56.9 56.4 56.3 56.1 56.1 56.0 55.9 55.8 55.8 55.7 55.6 55.5 55.4 55.4 55.3 55.2 55.1 55.1 54.9 54.7 54.8 54.7 54.6 54.4 54.2 54.2 54.1 54.0 54.0 53.9 53.7 53.6 53.5 53.4 53.4 53.4 53.4 53.4 53.5 53.5 53.4 53.5 53.5 53.5 53.5 53.6 53.5 53.6 53.6 53.6 53.6 53.7 53.7 53.8 53.8 53.8 53.9 53.9 54.0 54.0 54.0 54.1 54.1 54.1 54.1 54.2 54.2 54.3 54.2 54.1 54.1 54.2 54.3 54.3 54.41180555555555 4.558806563795113
END
#################################################################
SECTION3 (Edges Information)
EndPoint0 EndPoint1 Weight
0 1 1.000000
1 2 1.000000
2 3 1.000000
3 4 1.000000
3 5 1.000000
4 5 1.000000
4 6 1.000000
5 6 1.000000
5 7 1.000000
6 7 1.000000
7 8 1.000000
7 9 1.000000
8 9 1.000000
0 1 1.000000
1 2 1.000000
2 3 1.000000
3 4 1.000000
3 5 1.000000
4 5 1.000000
4 6 1.000000
5 6 1.000000
5 7 1.000000
6 7 1.000000
7 8 1.000000
7 9 1.000000
8 9 1.000000
0 1 1.000000
1 2 1.000000
2 3 1.000000
3 4 1.000000
3 5 1.000000
4 5 1.000000
4 6 1.000000
5 6 1.000000
5 7 1.000000
6 7 1.000000
7 8 1.000000
7 9 1.000000
8 9 1.000000
END
#################################################################
SECTION4 (TrueSubGraph Information)
EndPoint0 EndPoint1 Weight
END
#################################################################
