#################################################################
#APDM Input Graph, this input graph includes 3 sections:
#section1 : general information
#section2 : nodes
#section3 : edges
#section4 : trueSubGraph (Optional)
#
#if nodes haven't information set weight to null
#################################################################
SECTION1 (General Information)
numNodes = 10
numEdges = 39
usedAlgorithm = NULL
dataSource = TransWeatherRealData
END
#################################################################
SECTION2 (Nodes Information)
NodeID temp9  mean  std 
0 76.7 76.5 76.4 76.2 76.2 76.1 76.1 75.6 75.6 75.6 75.7 75.4 75.2 75.2 75.2 75.0 74.9 75.0 75.1 75.2 75.0 74.9 75.0 75.0 74.9 74.7 74.1 73.9 73.4 73.3 73.5 73.1 73.1 72.9 73.0 72.8 73.0 73.0 73.0 73.3 73.4 73.0 72.6 72.7 71.8 72.3 72.7 72.5 72.4 72.2 72.3 72.3 72.3 72.4 71.7 71.7 71.4 71.5 71.5 71.1 71.2 71.6 71.1 70.9 71.0 70.4 70.3 70.2 70.2 69.9 69.5 69.4 69.5 69.3 69.4 69.4 69.2 69.4 69.3 69.4 69.4 69.6 69.4 68.0 68.6 68.6 68.6 68.6 68.2 67.9 68.0 68.4 67.7 67.3 67.5 67.2 67.2 68.2 68.6 67.2 66.8 66.7 67.2 67.2 66.7 67.2 67.6 67.9 68.0 68.2 68.4 68.4 68.9 69.2 69.3 69.0 68.9 68.7 68.8 68.8 67.6 67.3 66.9 67.0 67.1 67.1 67.7 67.8 67.8 68.2 68.2 68.5 68.6 68.4 68.2 67.8 67.9 68.0 68.2 68.3 68.4 68.7 68.9 68.9 69.0 68.9 68.9 69.1 69.1 69.0 68.8 69.1 69.1 69.4 69.4 69.5 69.8 70.2 70.8 70.2 70.4 70.4 70.4 70.8 71.1 71.1 70.9 70.9 70.8 71.0 70.8 70.6 70.8 70.6 70.6 71.0 71.2 71.5 71.3 71.7 72.1 72.2 72.7 72.8 73.5 73.9 73.9 74.0 74.7 74.9 75.2 74.8 75.3 76.3 76.3 76.4 76.8 77.2 77.0 77.0 77.4 78.0 77.9 79.1 77.3 77.1 77.0 78.1 77.8 77.8 77.8 77.6 77.2 77.4 77.4 77.5 77.4 77.8 78.6 78.6 78.4 79.2 79.5 78.5 78.0 78.0 78.2 78.2 78.2 78.6 78.7 78.9 79.7 79.3 79.0 80.0 79.2 79.2 79.3 78.4 78.8 79.6 79.2 79.1 79.6 79.1 79.2 78.7 78.7 79.2 79.4 79.0 79.1 78.7 78.3 78.5 79.0 78.9 79.1 78.6 78.9 79.1 78.8 78.7 78.5 78.3 78.3 78.3 78.2 78.2 78.1 77.8 77.5 77.5 77.4 77.0 76.8 76.4 76.4 76.2 76.0 76.0 75.8 75.6 75.4 75.3 75.2 75.1 73.21840277777778 4.072672788487046
1 73.7 74.0 74.3 74.1 74.4 74.1 73.5 73.5 72.8 73.0 73.3 73.5 73.2 73.2 73.7 72.8 72.7 71.4 72.1 71.8 71.2 71.3 71.2 71.6 71.0 70.9 70.5 70.0 70.5 69.5 68.9 69.8 70.7 71.1 70.1 70.0 70.5 70.0 69.5 69.0 69.6 70.1 69.5 69.0 69.4 70.1 70.4 69.7 69.5 69.0 69.2 68.3 67.9 69.3 69.7 69.7 69.3 69.1 68.1 68.3 69.4 69.7 67.5 68.1 69.4 68.9 67.2 68.6 68.5 67.6 68.0 67.5 67.5 66.4 67.2 67.6 66.7 66.2 65.8 65.5 66.1 67.3 65.2 66.5 67.9 67.3 66.9 66.6 66.7 66.9 66.9 66.1 64.7 64.5 65.6 67.4 68.3 68.3 67.2 65.7 66.9 67.4 66.5 65.8 65.4 66.0 66.3 67.4 67.5 67.3 67.3 67.4 68.2 68.6 68.9 68.4 66.3 65.8 65.5 67.8 68.3 68.1 67.7 67.7 67.6 67.5 67.4 67.3 67.6 67.6 67.6 68.0 67.3 67.0 67.0 67.2 67.6 67.9 68.1 68.5 68.7 68.7 68.7 68.4 67.8 68.3 68.7 69.2 69.3 69.7 70.0 70.0 70.2 70.4 70.3 70.1 70.4 71.0 71.0 70.8 71.2 71.5 71.6 71.4 71.8 71.7 71.8 71.8 72.1 72.2 72.5 72.8 72.6 73.1 73.9 74.2 73.9 73.8 74.2 74.2 74.6 74.5 74.5 74.8 74.5 75.2 75.3 75.9 75.8 75.8 75.5 75.7 75.9 76.0 76.2 76.8 76.2 76.2 76.8 76.7 76.9 77.0 76.7 76.7 77.0 77.1 77.0 77.3 77.4 77.7 78.0 78.2 77.2 77.3 77.6 77.7 78.1 78.0 77.8 78.1 78.2 78.1 77.6 78.2 78.0 77.8 78.0 78.5 77.5 78.0 78.2 78.1 78.6 78.6 78.5 77.6 77.7 77.6 77.8 77.6 77.6 77.8 77.8 78.0 77.8 78.1 77.8 77.6 77.6 77.6 77.9 77.7 77.8 77.7 77.6 77.4 77.6 77.5 77.2 77.4 77.4 77.2 77.2 77.3 77.2 77.4 77.3 76.9 76.7 76.7 76.5 76.3 76.2 76.2 76.2 76.1 75.8 75.8 75.6 75.5 75.5 75.5 75.3 75.2 75.1 74.9 74.3 73.5 72.17673611111111 4.201299836998533
2 77.4 77.4 77.1 76.8 76.6 76.5 76.3 76.2 75.8 75.5 75.7 75.1 74.8 74.6 74.3 74.2 74.2 73.9 73.8 73.9 73.9 73.4 73.2 73.3 72.8 72.9 72.2 71.8 72.2 72.5 71.9 71.9 72.5 72.2 72.3 71.3 70.7 70.8 70.8 70.8 70.8 70.4 70.3 70.2 70.5 70.6 70.4 69.7 69.6 70.0 70.4 70.3 70.0 69.7 69.6 69.5 69.9 69.4 69.9 69.5 69.6 69.5 69.3 68.8 68.7 69.0 69.1 68.7 68.3 68.7 68.7 68.6 68.3 68.4 68.7 68.7 68.6 68.0 67.4 67.4 67.6 67.9 67.8 67.4 67.0 67.2 67.3 67.4 67.2 66.6 66.4 66.8 67.2 67.2 67.0 66.8 66.6 66.5 66.7 66.9 66.8 66.6 66.6 66.5 66.4 66.2 66.1 66.0 66.2 66.1 66.4 66.3 66.2 66.0 66.1 66.0 65.9 65.8 65.7 65.7 65.9 66.0 65.8 65.6 65.6 65.9 66.4 66.4 66.9 67.1 67.5 67.9 68.3 68.6 68.7 68.9 69.0 69.0 69.0 69.2 69.3 69.5 69.7 70.0 70.3 70.7 71.0 71.3 71.8 72.1 72.8 72.4 72.5 72.5 72.4 72.9 73.3 72.9 73.2 73.3 73.4 73.6 74.1 74.2 74.3 74.4 75.2 75.1 74.9 75.3 75.2 76.5 76.0 76.2 76.9 76.2 77.3 77.5 77.5 77.1 78.0 78.3 78.7 78.6 79.4 79.8 79.5 80.2 79.5 80.1 79.7 80.0 80.1 81.8 81.5 81.4 82.0 82.6 81.5 81.8 81.9 81.9 81.8 82.0 82.4 82.3 82.0 81.3 81.0 82.1 81.4 81.9 81.5 82.2 81.6 81.3 81.9 82.0 81.9 82.0 82.0 83.0 82.3 82.2 83.2 83.7 83.2 82.7 82.2 82.5 83.1 82.7 83.3 82.6 82.3 82.6 82.7 82.3 82.4 82.4 82.5 82.9 82.3 82.6 82.4 82.4 82.1 82.3 82.4 82.7 83.0 82.5 82.6 82.2 82.1 82.2 82.3 82.0 82.1 82.1 81.6 81.6 81.3 81.7 81.2 81.2 81.4 81.8 81.1 81.0 80.2 79.9 79.8 80.1 79.7 79.6 79.7 80.1 79.9 79.6 79.4 79.5 79.3 79.2 78.9 78.6 78.3 78.0 74.54861111111111 5.998704693063324
3 75.9 75.3 74.7 74.6 74.7 74.4 74.0 73.5 72.8 72.6 72.2 72.2 72.0 72.1 72.2 72.1 71.8 71.7 71.4 71.2 70.8 70.7 70.0 69.9 69.7 70.0 70.1 69.8 69.4 69.4 69.2 68.9 68.7 68.7 68.5 69.2 69.3 69.4 69.0 68.6 68.3 68.1 68.1 68.0 68.0 68.0 67.6 67.7 67.5 67.7 67.5 67.5 67.5 67.5 67.5 67.0 67.2 67.2 67.0 66.9 67.0 67.3 67.3 67.2 67.2 67.0 66.9 66.9 67.0 67.0 66.6 66.3 66.4 66.6 66.7 66.9 67.1 66.9 66.8 66.7 66.7 66.4 66.1 65.9 65.7 65.8 66.0 66.2 65.7 65.6 65.5 65.4 65.6 65.5 65.2 65.3 65.1 65.0 64.9 64.7 64.7 64.8 64.7 64.5 64.4 64.2 64.2 64.2 64.1 63.9 64.1 64.1 64.0 64.0 64.0 64.1 64.0 64.0 64.4 64.7 65.0 65.1 65.2 65.1 65.0 64.9 64.7 64.8 64.8 65.0 65.2 65.5 65.6 65.9 66.0 66.3 66.7 66.9 67.1 67.2 67.3 67.2 67.4 67.4 67.5 67.7 68.0 68.0 68.1 68.1 68.2 68.5 68.9 70.7 71.9 72.2 73.0 72.3 72.7 73.1 73.3 73.5 74.0 74.8 75.2 74.9 75.6 75.4 75.6 75.5 75.9 76.2 76.7 76.7 77.0 77.1 77.4 77.3 77.6 78.2 77.8 78.7 79.6 79.1 79.2 80.0 79.4 79.8 79.8 80.5 80.2 80.4 80.9 80.7 81.3 81.0 80.8 80.2 81.1 81.3 81.7 82.5 81.2 81.0 82.2 82.2 81.1 81.2 83.0 82.7 82.6 83.9 82.4 83.0 82.8 83.3 82.8 82.8 82.8 82.5 82.6 82.7 83.0 82.8 82.7 83.5 82.9 83.3 83.5 83.6 82.9 82.8 82.4 82.8 82.8 82.6 82.9 82.1 81.8 82.0 82.2 82.0 82.0 82.0 81.9 81.5 81.7 82.3 82.0 82.0 81.9 81.9 81.9 81.8 81.9 82.3 81.9 82.0 81.7 81.6 81.5 81.4 81.3 81.3 81.1 80.9 80.7 80.8 80.8 80.5 80.4 80.3 80.2 80.2 80.1 80.0 79.9 79.7 79.5 79.4 79.2 78.9 78.7 78.3 78.1 77.9 77.7 77.2 73.38715277777779 6.870200881907482
4 74.5 74.3 74.1 73.8 73.6 73.4 73.2 73.0 72.9 72.7 72.6 72.4 72.2 72.0 71.7 71.4 71.1 70.8 70.6 70.3 70.0 69.7 69.3 69.1 69.0 68.9 68.9 68.9 68.8 68.7 68.5 68.4 68.2 68.2 68.2 68.1 68.0 67.8 67.8 67.8 67.7 67.6 67.6 67.6 67.6 67.7 67.8 67.9 68.1 68.2 68.1 68.1 68.1 68.1 67.9 67.8 67.8 67.8 67.6 67.5 67.3 67.2 67.3 67.4 67.4 67.2 67.2 67.3 67.3 67.2 67.1 66.8 66.6 66.5 66.4 66.3 66.3 66.3 66.2 66.1 66.1 66.3 66.4 66.3 66.2 66.1 66.1 66.3 66.4 66.5 66.4 66.2 66.2 66.1 66.1 66.1 65.9 65.8 65.7 65.5 65.3 65.2 65.0 64.9 64.7 64.6 64.7 64.7 64.7 64.7 64.6 64.5 64.6 64.6 64.5 64.5 64.6 64.5 64.5 64.4 64.3 64.1 64.0 64.0 64.0 64.2 64.6 64.8 64.7 64.4 64.4 64.6 65.2 65.6 65.9 66.4 66.9 67.8 69.0 69.6 70.1 70.1 70.8 71.3 71.4 71.2 71.8 72.2 73.0 73.3 73.6 74.4 74.8 74.9 75.6 76.1 76.8 77.7 77.9 78.3 79.2 79.2 78.7 78.1 77.8 77.6 77.8 78.7 79.1 79.5 79.5 80.1 81.0 80.7 80.6 81.2 81.8 81.9 82.3 82.4 82.6 82.0 81.5 81.4 81.5 81.7 82.1 82.2 82.4 82.8 83.4 83.5 83.4 83.4 81.9 80.7 81.0 82.5 82.7 81.7 81.2 81.2 81.5 81.9 82.7 83.3 83.4 83.1 82.8 82.9 83.0 82.9 83.1 83.0 83.2 83.6 84.0 83.8 83.8 83.5 83.3 83.2 83.3 83.4 83.4 83.7 83.7 83.6 83.7 83.5 83.5 83.4 83.5 83.3 83.5 83.6 83.8 83.8 83.3 83.1 82.9 82.9 82.4 82.1 82.1 82.2 82.5 82.3 82.1 81.8 82.2 82.2 82.0 82.2 82.5 82.2 82.1 82.2 81.7 81.4 81.4 81.2 81.2 81.4 81.2 81.0 80.9 80.7 80.6 80.5 80.3 80.1 80.2 80.2 80.3 80.2 80.1 80.0 79.7 79.7 79.6 79.3 78.8 78.4 78.0 77.7 77.2 76.6 74.19027777777778 7.209167793234027
5 -1.0 -1.0 -1.0 -1.0 -1.0 -1.0 -1.0 -1.0 -1.0 -1.0 -1.0 -1.0 -1.0 -1.0 -1.0 -1.0 -1.0 -1.0 -1.0 -1.0 -1.0 -1.0 -1.0 -1.0 -1.0 -1.0 -1.0 -1.0 -1.0 -1.0 -1.0 -1.0 -1.0 -1.0 -1.0 -1.0 -1.0 -1.0 -1.0 -1.0 -1.0 -1.0 -1.0 -1.0 -1.0 -1.0 -1.0 -1.0 -1.0 -1.0 -1.0 -1.0 -1.0 -1.0 -1.0 -1.0 -1.0 -1.0 -1.0 -1.0 -1.0 -1.0 -1.0 -1.0 -1.0 -1.0 -1.0 -1.0 -1.0 -1.0 -1.0 -1.0 -1.0 -1.0 -1.0 -1.0 -1.0 -1.0 -1.0 -1.0 -1.0 -1.0 -1.0 -1.0 -1.0 -1.0 -1.0 -1.0 -1.0 -1.0 -1.0 -1.0 -1.0 -1.0 -1.0 -1.0 -1.0 -1.0 -1.0 -1.0 -1.0 -1.0 -1.0 -1.0 -1.0 -1.0 -1.0 -1.0 -1.0 -1.0 -1.0 -1.0 -1.0 -1.0 -1.0 -1.0 -1.0 -1.0 -1.0 -1.0 -1.0 -1.0 -1.0 -1.0 -1.0 -1.0 -1.0 -1.0 -1.0 -1.0 -1.0 -1.0 -1.0 -1.0 -1.0 -1.0 -1.0 -1.0 -1.0 -1.0 -1.0 -1.0 -1.0 -1.0 -1.0 -1.0 -1.0 -1.0 -1.0 -1.0 -1.0 -1.0 -1.0 -1.0 -1.0 -1.0 -1.0 -1.0 -1.0 -1.0 -1.0 -1.0 -1.0 -1.0 -1.0 -1.0 -1.0 -1.0 -1.0 -1.0 -1.0 -1.0 -1.0 -1.0 -1.0 -1.0 -1.0 -1.0 -1.0 -1.0 -1.0 -1.0 -1.0 -1.0 -1.0 -1.0 -1.0 -1.0 -1.0 -1.0 -1.0 -1.0 -1.0 -1.0 -1.0 -1.0 -1.0 -1.0 -1.0 -1.0 -1.0 -1.0 -1.0 -1.0 -1.0 -1.0 -1.0 -1.0 -1.0 -1.0 -1.0 -1.0 -1.0 -1.0 -1.0 -1.0 -1.0 -1.0 -1.0 -1.0 -1.0 -1.0 -1.0 -1.0 -1.0 -1.0 -1.0 -1.0 -1.0 -1.0 -1.0 -1.0 -1.0 -1.0 -1.0 -1.0 -1.0 -1.0 -1.0 -1.0 -1.0 -1.0 -1.0 -1.0 -1.0 -1.0 -1.0 -1.0 -1.0 -1.0 -1.0 -1.0 -1.0 -1.0 -1.0 -1.0 -1.0 -1.0 -1.0 -1.0 -1.0 -1.0 -1.0 -1.0 -1.0 -1.0 -1.0 -1.0 -1.0 -1.0 -1.0 -1.0 -1.0 -1.0 -1.0 -1.0 -1.0 -1.0 -1.0 -1.0 -1.0 -1.0 -1.0 -1.0 -1.0 -1.0 -1.0 -1.0 -1.0 0.0
6 73.5 72.8 71.9 71.6 71.9 72.2 72.1 71.8 71.5 71.1 70.7 70.4 70.1 70.0 69.6 69.5 69.8 69.6 69.4 69.3 69.0 68.8 68.9 68.9 68.4 68.4 68.1 68.0 67.5 67.1 67.5 67.6 67.6 67.2 66.9 67.0 66.7 66.6 66.7 66.6 66.0 66.5 66.3 65.9 65.6 66.0 65.9 65.4 65.2 65.2 65.2 65.1 64.9 65.0 64.9 64.9 64.9 64.7 64.5 64.4 64.4 64.4 64.2 64.2 64.1 64.0 64.0 64.1 63.9 63.4 63.6 63.6 63.6 63.4 63.8 64.1 64.0 64.9 65.0 65.5 65.7 65.4 65.0 64.5 64.3 64.8 64.6 64.4 64.3 63.7 63.2 63.1 63.4 63.2 63.2 63.7 63.9 64.1 63.7 63.5 63.8 63.8 63.3 63.4 63.1 62.6 62.5 62.2 62.1 62.1 62.1 61.8 61.7 61.8 61.6 61.9 61.8 61.1 60.9 60.9 60.8 60.9 60.9 61.1 61.3 61.4 61.5 61.4 61.4 61.4 61.5 61.8 61.9 62.2 62.6 62.8 63.1 63.2 63.4 63.7 64.3 64.4 64.2 64.7 65.3 65.6 66.0 66.5 67.1 68.0 68.2 68.4 68.6 69.5 69.9 70.8 70.7 70.8 70.4 71.0 71.3 71.1 71.7 71.8 72.3 72.4 72.4 72.8 73.0 73.6 73.9 73.8 73.4 73.6 73.8 74.5 73.9 74.0 74.0 74.0 74.5 74.7 74.5 75.4 74.6 74.4 74.6 74.7 75.9 76.2 76.4 76.0 76.1 75.4 75.4 75.3 75.1 75.2 76.0 76.2 76.3 77.0 77.2 77.6 77.5 77.3 76.7 76.3 76.2 76.4 76.8 77.0 77.1 77.0 77.9 78.9 78.4 77.8 77.5 78.0 80.0 79.2 78.6 78.4 79.8 80.2 79.6 79.1 79.9 79.8 79.8 80.0 79.9 80.0 79.8 80.1 79.9 80.1 80.1 80.4 80.1 80.1 79.9 80.2 79.9 79.8 80.1 79.7 79.6 79.7 79.6 79.9 79.9 79.7 79.7 79.6 80.0 79.7 79.5 79.7 79.5 79.2 79.1 79.1 79.1 79.0 78.9 78.6 78.6 78.3 78.2 78.0 77.9 77.8 77.6 77.3 77.0 77.1 76.8 76.6 76.3 76.0 75.8 75.5 75.1 74.8 74.3 74.1 70.65763888888888 6.443845670014932
7 80.2 79.6 79.5 78.5 78.1 77.1 76.4 76.5 77.0 76.8 76.1 76.0 75.5 73.7 74.3 73.7 74.2 73.9 73.7 73.3 73.7 73.4 72.7 72.9 74.0 74.1 73.0 73.6 75.3 75.0 74.8 74.3 73.9 73.8 73.6 73.6 73.6 73.5 73.0 73.4 72.9 72.5 72.2 71.9 71.5 71.7 72.4 72.6 72.6 72.3 71.9 72.0 71.4 71.4 71.6 72.0 72.0 71.7 71.0 71.2 71.2 71.2 71.1 71.3 71.1 70.7 70.6 70.4 70.3 70.4 70.4 70.4 70.2 70.3 70.4 70.5 70.5 70.5 70.5 70.4 70.3 70.3 70.4 70.2 70.0 70.3 70.2 70.0 70.0 69.8 69.8 69.9 69.4 69.7 69.7 69.5 69.0 69.1 68.9 69.1 69.1 69.0 69.2 69.1 69.0 68.9 68.9 69.0 68.9 68.8 68.8 68.8 68.8 68.6 68.6 68.7 68.6 68.5 68.4 68.3 68.7 68.6 68.1 67.7 67.8 68.0 68.1 68.2 68.2 68.2 68.1 68.0 68.3 68.4 68.4 68.5 68.5 68.6 68.6 68.7 68.9 69.0 69.3 69.6 69.7 70.0 69.9 70.2 70.4 70.5 71.0 71.3 71.8 71.8 72.4 72.6 72.9 73.2 73.2 73.4 73.6 73.9 74.2 74.2 74.7 74.6 74.8 74.3 74.5 74.9 75.4 74.9 75.5 75.5 75.7 76.2 75.4 76.0 75.8 76.6 76.1 76.5 76.6 76.8 76.8 76.8 76.9 77.2 77.1 77.9 78.0 78.2 78.9 79.0 78.8 78.4 78.9 78.8 78.8 79.0 80.2 79.9 80.0 80.4 80.0 80.8 80.2 80.8 81.0 80.4 80.5 80.2 79.8 79.3 79.1 79.0 79.3 79.4 79.5 79.4 79.4 79.4 80.1 80.2 80.0 79.8 79.5 78.6 79.1 78.6 78.4 78.4 78.4 78.6 78.8 79.3 79.9 79.8 79.6 79.9 80.2 80.2 80.8 81.1 81.2 81.5 81.3 81.5 81.9 81.8 82.2 82.3 82.6 82.4 82.5 82.8 82.8 82.8 82.8 82.7 82.8 83.0 83.0 82.9 83.0 83.2 83.2 83.1 83.1 83.0 82.9 82.9 82.8 82.8 82.7 82.6 82.6 82.5 82.4 82.1 82.1 81.8 81.6 81.4 81.1 80.8 80.5 80.4 74.97847222222222 4.893039402208017
8 77.8 77.0 76.5 76.4 76.6 76.7 75.9 74.9 74.9 74.9 75.0 74.4 74.3 74.1 74.8 74.8 73.1 72.8 72.3 72.4 72.5 72.1 72.6 73.2 73.2 73.8 73.6 73.2 71.7 71.1 71.6 72.5 72.5 70.8 71.0 71.4 71.1 71.0 70.6 71.1 70.8 70.2 70.2 70.4 70.5 70.7 71.6 71.7 71.1 71.2 72.4 72.3 71.7 71.4 72.3 72.7 72.7 72.3 72.3 72.4 72.1 71.7 71.6 71.5 71.3 71.0 71.3 71.9 70.9 70.3 69.9 69.9 70.1 69.7 69.8 70.1 70.3 70.2 70.0 69.9 69.9 69.9 69.9 69.9 69.9 70.2 69.9 69.8 69.9 69.7 69.5 69.5 69.4 69.3 69.2 69.1 68.9 68.7 68.6 68.4 68.3 68.2 68.2 68.1 68.0 68.0 68.0 67.9 67.8 67.9 67.9 67.9 67.8 68.0 68.0 67.9 67.6 67.3 67.5 67.7 67.6 67.6 67.7 67.6 67.7 67.8 67.5 67.5 67.6 66.8 67.1 66.6 66.6 66.5 66.5 66.8 66.9 66.9 67.0 67.2 67.3 67.5 67.6 67.9 67.9 68.2 68.4 68.7 68.7 68.9 68.8 69.0 69.3 69.3 69.5 69.7 70.0 69.7 69.8 70.5 70.5 70.9 71.1 71.7 72.1 71.7 71.5 71.4 71.6 72.5 72.6 72.7 72.7 72.7 73.3 73.6 73.6 73.4 73.4 73.4 73.8 74.0 74.8 74.1 74.4 74.8 74.8 74.7 75.4 75.3 75.3 75.3 75.5 75.7 75.9 76.0 76.5 76.9 76.7 76.3 76.2 76.9 77.3 77.1 77.5 77.5 77.4 77.6 77.8 77.5 77.8 78.6 79.0 79.0 80.2 78.6 79.0 79.9 80.1 79.8 79.3 80.3 80.4 79.6 80.6 80.5 81.0 81.1 79.5 79.2 79.0 79.5 79.9 80.0 79.7 79.3 79.6 79.9 80.7 80.1 80.5 80.9 80.1 80.5 80.8 80.8 81.1 81.3 81.0 81.0 80.9 80.2 80.3 80.7 80.7 80.8 81.0 81.0 81.1 81.1 81.1 80.9 80.9 80.8 80.9 80.8 80.7 80.7 80.6 80.4 80.3 80.4 80.3 80.3 80.3 80.0 79.8 79.5 79.5 79.1 78.8 78.6 77.9 77.6 77.3 77.0 76.9 77.2 73.65763888888888 4.654825226584811
9 74.0 73.7 73.6 73.2 73.3 73.1 72.9 72.9 73.4 73.4 72.9 72.6 72.6 72.7 72.5 72.5 72.6 72.5 72.1 71.5 71.3 72.6 73.2 72.8 72.1 71.7 71.5 70.9 69.9 69.2 69.0 69.0 69.3 69.0 69.3 69.2 68.7 68.7 68.7 69.0 68.8 68.6 68.5 68.5 68.3 68.4 68.6 68.9 68.9 68.9 68.7 68.6 68.5 68.4 68.5 68.6 68.6 68.4 68.3 67.9 67.8 68.0 67.9 68.0 68.1 68.0 67.9 67.4 67.8 68.2 67.9 67.8 67.9 67.7 67.8 67.8 67.7 67.7 67.7 67.7 67.7 67.6 67.5 67.4 67.3 67.4 67.4 67.6 67.6 67.5 67.3 67.2 67.3 67.2 67.1 67.0 67.0 66.9 66.9 66.9 66.9 66.8 66.7 66.7 66.7 66.8 66.8 66.7 66.6 66.4 66.4 66.3 66.2 66.1 66.1 66.1 65.9 65.9 65.9 65.9 65.8 65.8 65.8 66.1 66.2 66.4 66.4 66.5 66.6 66.7 66.9 67.0 67.2 67.0 66.9 67.0 67.1 67.1 67.3 67.2 67.0 66.8 67.0 67.2 67.3 67.8 68.3 68.4 68.8 69.0 69.2 69.3 69.5 70.4 70.9 71.5 71.5 71.5 71.6 72.1 72.3 72.6 73.1 73.5 73.9 73.9 74.5 74.2 74.5 74.4 74.9 75.0 74.5 74.2 74.8 75.2 74.9 74.6 74.8 75.6 76.1 76.1 75.5 75.2 75.8 76.5 76.5 77.5 77.5 77.6 78.0 77.4 76.9 76.8 76.8 77.2 76.9 76.5 77.1 77.2 76.9 76.2 75.2 74.3 73.0 71.9 72.0 72.2 72.7 73.4 75.2 76.3 76.5 76.3 76.9 76.8 77.2 78.2 78.1 78.1 78.6 79.3 78.9 78.3 78.3 78.0 78.7 79.6 79.7 79.7 78.6 77.7 77.4 77.3 77.4 77.9 78.2 78.4 79.3 79.6 79.4 79.6 80.2 80.6 80.1 81.2 81.2 81.5 81.3 81.3 81.3 81.3 81.4 81.4 81.7 81.7 81.7 81.4 80.5 81.2 81.5 81.0 80.3 79.9 80.7 81.0 80.9 80.5 80.5 80.6 80.5 80.2 80.2 80.1 79.7 79.6 79.2 79.0 78.6 78.4 77.9 77.9 77.8 77.3 76.7 76.6 75.8 74.8 72.63402777777777 5.073249694833151
END
#################################################################
SECTION3 (Edges Information)
EndPoint0 EndPoint1 Weight
0 1 1.000000
1 2 1.000000
2 3 1.000000
3 4 1.000000
3 5 1.000000
4 5 1.000000
4 6 1.000000
5 6 1.000000
5 7 1.000000
6 7 1.000000
7 8 1.000000
7 9 1.000000
8 9 1.000000
0 1 1.000000
1 2 1.000000
2 3 1.000000
3 4 1.000000
3 5 1.000000
4 5 1.000000
4 6 1.000000
5 6 1.000000
5 7 1.000000
6 7 1.000000
7 8 1.000000
7 9 1.000000
8 9 1.000000
0 1 1.000000
1 2 1.000000
2 3 1.000000
3 4 1.000000
3 5 1.000000
4 5 1.000000
4 6 1.000000
5 6 1.000000
5 7 1.000000
6 7 1.000000
7 8 1.000000
7 9 1.000000
8 9 1.000000
END
#################################################################
SECTION4 (TrueSubGraph Information)
EndPoint0 EndPoint1 Weight
END
#################################################################
