#################################################################
#APDM Input Graph, this input graph includes 3 sections:
#section1 : general information
#section2 : nodes
#section3 : edges
#section4 : trueSubGraph (Optional)
#
#if nodes haven't information set weight to null
#################################################################
SECTION1 (General Information)
numNodes = 10
numEdges = 39
usedAlgorithm = NULL
dataSource = TransWeatherRealData
END
#################################################################
SECTION2 (Nodes Information)
NodeID temp9  mean  std 
0 72.9 72.8 72.8 72.8 72.8 72.7 72.7 72.6 72.6 72.5 72.5 72.4 72.3 72.3 72.2 72.0 71.8 71.7 71.5 71.4 71.3 71.3 71.3 71.3 71.2 71.1 71.2 71.3 71.2 71.2 71.2 71.2 71.1 70.9 70.9 70.8 70.8 70.7 70.7 70.7 70.5 70.4 70.3 70.3 70.2 70.0 69.8 69.7 69.6 69.7 69.8 69.8 69.9 69.8 69.7 69.6 69.6 69.5 69.4 69.3 69.2 69.1 69.0 69.0 69.0 68.8 68.6 68.4 68.3 68.4 68.3 68.2 68.0 68.0 68.0 67.9 68.1 68.2 68.1 68.0 68.1 68.1 68.0 67.9 67.8 68.0 68.1 68.2 68.2 68.3 68.2 68.2 68.2 68.1 68.0 67.9 67.8 67.7 67.7 67.6 67.4 67.5 67.6 67.6 67.7 67.7 67.8 67.8 67.8 67.8 67.8 67.9 67.9 67.6 67.5 67.7 67.8 67.7 67.3 67.0 66.8 66.6 66.6 66.6 66.7 66.7 66.8 66.7 66.7 66.7 66.5 66.6 66.6 66.7 66.7 66.8 66.9 66.9 67.0 67.2 67.3 67.3 67.4 67.6 67.7 67.8 68.0 68.2 68.5 68.6 68.9 69.2 69.7 69.9 69.9 70.0 70.2 70.3 70.2 70.4 70.7 70.9 70.7 71.2 72.2 72.5 72.2 72.7 72.7 72.8 72.8 72.9 73.5 73.1 73.6 73.6 74.0 74.0 74.0 73.8 74.1 74.3 74.1 74.3 74.5 74.3 74.3 74.5 75.1 75.2 75.1 75.0 74.9 75.0 74.5 75.0 75.5 75.4 75.3 75.5 75.3 74.8 74.6 74.4 74.3 74.2 73.8 73.7 73.5 73.2 72.5 72.1 71.9 71.5 70.8 70.1 69.8 69.5 69.2 69.2 69.3 69.2 69.4 69.4 69.4 69.4 69.9 70.2 70.1 70.5 70.7 70.6 70.5 70.5 70.8 70.6 70.6 70.6 70.6 70.5 70.7 70.6 70.5 70.9 71.4 71.8 72.3 71.7 71.8 71.8 71.8 72.1 72.0 72.0 72.4 72.2 72.3 72.0 72.0 72.6 72.7 72.2 72.0 72.2 72.2 71.9 72.2 72.5 73.1 73.3 72.5 72.1 72.3 72.6 72.5 72.5 72.5 72.6 72.5 72.8 72.6 72.5 72.4 72.3 72.1 72.1 72.0 71.9 70.56284722222222 2.3817485929150615
1 69.5 69.5 69.5 69.4 69.3 69.4 69.2 69.2 69.1 69.0 68.9 68.7 68.7 68.7 68.6 68.6 68.6 68.6 68.7 68.7 68.6 68.6 68.7 68.6 68.4 68.5 68.3 68.3 68.2 68.0 67.9 67.8 67.6 67.1 66.8 67.1 66.6 66.7 66.8 66.4 66.6 66.7 66.8 66.8 66.9 66.7 66.6 67.1 67.2 67.1 67.1 66.7 66.8 66.9 66.9 66.9 66.9 66.9 66.6 66.8 66.8 66.5 66.3 66.4 66.5 66.4 66.5 66.5 66.5 66.5 66.2 66.4 66.6 66.8 66.3 66.6 66.9 66.6 66.7 66.7 66.4 66.5 66.8 66.7 66.3 66.3 67.0 66.9 66.9 67.1 67.2 67.1 67.2 67.1 66.5 66.5 66.7 66.6 66.2 66.3 66.2 66.5 66.8 66.9 67.0 66.9 66.9 67.0 67.0 67.1 67.1 67.2 67.1 66.8 66.8 67.0 67.1 67.1 67.1 66.9 66.7 66.6 66.6 66.4 66.2 66.2 66.4 66.4 66.1 66.2 66.4 66.1 66.0 66.4 66.5 66.4 66.8 66.8 67.1 67.2 67.5 67.7 67.6 67.7 67.8 67.8 67.8 67.9 68.1 68.2 68.3 68.5 68.7 68.9 69.1 69.1 69.3 70.1 69.9 70.6 70.6 70.8 71.7 71.1 70.9 70.9 71.2 71.1 71.2 71.2 71.3 71.4 71.6 71.7 72.2 72.6 72.7 74.1 73.3 73.0 73.0 73.0 73.5 73.9 73.8 73.9 73.8 74.0 73.9 74.1 74.4 75.3 75.2 75.6 75.1 75.5 74.9 75.2 75.0 75.1 75.2 74.9 75.3 75.7 75.5 75.6 75.8 75.5 75.4 75.5 75.3 75.3 75.4 75.5 75.4 75.6 75.8 76.4 76.0 75.4 75.4 75.7 75.4 75.7 75.8 76.4 76.3 76.5 76.8 76.6 76.4 76.4 76.6 76.4 75.8 75.8 75.7 75.4 75.2 75.2 75.2 75.0 74.7 74.3 72.8 68.3 67.8 67.5 67.6 68.0 67.9 67.7 68.0 68.8 69.6 70.0 69.3 69.2 69.4 69.8 69.9 70.1 70.2 70.3 70.4 70.7 70.9 71.0 71.3 71.2 71.2 71.1 70.9 70.7 70.7 70.7 70.7 70.7 70.8 70.9 70.9 70.9 70.9 70.8 70.7 70.2 70.2 69.9 69.81979166666666 3.365917091351726
2 73.3 73.3 73.1 72.9 72.8 72.7 72.6 72.7 72.6 72.1 72.3 72.1 72.2 72.2 72.4 72.4 72.0 71.3 71.3 71.3 71.5 71.8 71.7 71.7 72.0 72.1 72.1 72.0 72.1 72.0 71.7 71.8 71.9 71.9 71.7 71.8 71.9 71.9 71.8 71.9 71.7 71.5 71.2 71.0 71.1 71.2 71.1 70.6 70.5 70.7 70.7 70.7 70.7 70.9 70.8 70.7 70.4 70.2 69.9 69.9 69.8 69.7 69.6 69.5 69.3 69.1 68.9 69.0 69.0 69.0 68.9 68.5 68.2 68.0 68.1 68.1 68.0 67.6 67.4 67.4 68.0 68.1 68.2 68.3 68.4 68.3 68.1 68.2 68.4 68.5 68.6 68.7 68.9 68.9 68.8 69.1 69.3 69.2 69.2 69.5 70.0 70.1 70.0 70.0 70.0 69.8 69.9 69.9 69.9 69.9 69.8 69.9 69.9 69.8 69.9 70.0 70.0 69.2 69.1 68.9 69.4 69.6 69.4 69.3 69.3 69.2 69.1 69.1 69.3 69.4 69.5 69.4 69.5 69.5 69.5 69.6 69.5 69.6 69.6 69.9 69.9 70.2 70.0 70.1 70.3 70.3 70.6 71.0 71.3 71.6 71.6 71.8 72.2 71.8 72.0 71.9 72.3 72.1 72.4 72.8 73.0 73.3 73.1 73.5 74.1 73.8 73.4 73.7 73.9 74.4 74.9 74.5 74.3 73.9 73.7 73.9 74.0 74.0 73.8 73.9 74.0 73.8 73.7 73.7 73.4 73.4 73.6 73.5 73.6 73.4 73.5 73.8 74.1 74.0 74.1 74.1 74.2 74.7 74.7 74.8 74.8 74.8 74.8 75.0 75.0 74.7 74.5 74.6 74.7 74.8 75.1 75.3 75.7 75.4 75.3 75.2 74.5 74.6 74.4 74.4 75.0 75.0 74.5 74.2 74.5 74.7 74.7 75.2 75.8 75.8 75.3 75.4 75.6 75.7 75.7 75.3 75.2 75.7 76.2 75.9 76.4 76.1 76.7 76.5 75.8 76.2 76.0 75.7 76.0 76.1 75.9 75.6 75.5 75.3 74.9 74.5 74.3 74.4 74.5 74.5 75.0 74.8 74.6 74.4 74.4 74.2 74.2 74.4 74.3 74.4 74.4 74.1 74.2 73.9 73.8 73.4 73.4 73.4 73.4 73.1 73.0 72.9 72.7 72.6 72.4 72.2 72.1 72.1 72.18055555555556 2.3996305690632815
3 74.6 74.4 74.3 74.5 74.2 74.1 73.8 73.7 73.4 73.2 72.4 72.6 72.6 72.2 72.1 71.9 71.6 71.4 71.5 71.5 71.5 71.7 71.4 71.4 71.1 71.3 71.4 71.2 71.7 71.7 71.6 71.3 71.6 71.7 71.3 71.1 70.9 71.0 71.4 71.4 71.1 70.5 70.0 69.6 69.2 68.6 68.4 68.3 68.4 68.2 68.2 68.0 68.2 68.2 68.1 67.9 67.7 68.0 67.6 67.5 67.6 67.5 67.5 67.5 67.4 67.4 67.2 66.8 66.4 66.3 66.4 66.5 66.6 66.8 66.9 66.8 66.6 66.6 66.5 66.3 66.3 66.3 66.4 66.4 66.3 66.4 66.5 66.6 66.7 66.7 66.8 66.8 66.8 66.7 66.6 66.8 66.5 66.4 66.3 66.3 66.3 66.4 66.3 66.3 66.2 66.2 66.2 66.2 66.2 66.1 66.1 66.0 66.0 66.0 66.0 66.0 66.0 65.9 65.9 65.8 65.6 65.6 65.6 65.5 65.6 65.6 65.7 65.9 66.0 65.9 66.0 66.1 66.3 66.7 67.0 67.0 67.1 67.3 67.4 67.6 68.2 68.3 68.4 68.6 68.7 69.0 69.3 69.5 69.2 69.4 69.7 70.0 70.2 69.6 69.7 69.6 69.8 70.0 70.4 70.2 70.5 70.2 70.1 70.5 70.6 70.2 70.3 70.3 69.8 70.7 70.2 70.1 70.4 70.7 70.7 71.1 70.9 71.3 71.4 72.4 72.7 72.7 73.2 72.8 72.6 73.0 72.8 72.5 71.5 71.6 71.3 71.2 71.4 71.4 71.4 71.6 71.6 71.7 71.6 71.7 71.8 72.2 72.4 72.4 72.5 72.2 72.3 72.8 72.5 72.6 72.0 72.1 72.0 72.1 71.9 71.7 71.7 71.7 72.1 71.7 71.8 72.4 72.9 72.4 72.6 73.1 72.8 73.0 73.0 72.8 72.7 73.1 72.6 72.7 72.9 72.7 72.3 72.3 72.4 72.3 72.5 72.7 72.9 72.6 72.9 72.8 72.3 72.4 72.2 71.8 71.8 71.9 72.6 72.6 72.6 72.2 72.0 72.0 72.1 72.1 72.2 72.4 72.7 72.2 72.1 72.3 72.4 72.3 71.7 71.3 71.2 71.3 71.2 71.4 71.5 71.3 71.3 71.3 71.2 71.1 70.9 70.9 70.9 70.8 70.8 70.7 70.7 70.7 69.99652777777777 2.5535085706007785
4 74.7 74.3 74.0 73.6 73.3 73.0 72.7 72.5 72.2 71.9 71.6 71.3 71.0 70.7 70.5 70.3 70.1 69.9 69.7 69.5 69.4 69.4 69.2 69.1 69.0 68.9 68.8 68.7 68.7 68.7 68.7 68.7 68.6 68.5 68.6 68.6 68.6 68.7 68.8 68.8 68.7 68.7 68.8 68.8 68.8 68.8 68.7 68.6 68.4 68.4 68.3 68.3 68.3 68.3 68.2 68.2 68.2 68.3 68.3 68.2 68.2 68.1 68.1 68.2 68.2 68.2 68.2 68.1 68.1 68.1 68.1 68.1 68.0 67.9 67.9 67.7 67.6 67.5 67.4 67.3 67.2 67.1 67.1 67.0 67.0 67.0 67.1 67.2 67.4 67.5 67.7 67.8 67.9 67.9 68.0 68.0 68.1 68.1 68.1 68.3 68.4 68.4 68.5 68.6 68.6 68.5 68.4 68.3 68.2 68.1 68.0 68.0 67.9 67.8 67.7 67.7 67.7 67.6 67.5 67.5 67.5 67.4 67.3 67.3 67.2 67.2 67.1 67.0 67.0 66.9 66.9 66.8 66.8 67.0 67.1 67.1 67.4 67.7 67.9 68.0 67.9 68.2 68.1 67.7 67.6 67.6 67.7 67.7 67.7 67.8 67.8 68.0 68.2 68.4 68.7 69.0 69.1 69.6 70.1 70.5 70.4 70.1 70.5 70.9 70.7 71.2 71.7 71.9 71.6 71.2 71.2 71.8 71.5 71.1 71.5 71.6 71.5 71.6 71.7 71.4 71.1 70.8 70.6 70.7 70.6 70.6 70.8 70.8 70.8 70.6 70.3 70.1 70.0 69.7 69.8 69.8 70.0 70.6 70.9 71.2 71.2 70.9 70.8 70.6 70.4 70.3 70.4 70.6 70.7 70.9 70.9 71.0 71.2 71.4 71.6 71.7 71.8 71.8 71.9 71.9 72.0 72.0 71.9 71.9 71.9 71.8 71.9 72.3 72.3 72.2 72.3 72.3 72.3 72.2 72.1 72.2 72.4 72.4 72.4 72.5 72.6 72.6 72.6 72.7 72.7 72.7 72.6 72.4 72.2 72.0 71.9 71.9 71.8 71.7 71.7 71.6 71.5 71.4 71.4 71.1 70.8 70.6 70.8 70.9 71.0 71.1 71.1 71.1 71.3 71.3 71.3 71.3 71.4 71.6 71.7 71.7 71.7 71.5 71.4 71.4 71.3 71.2 71.2 70.9 69.9 69.1 68.9 68.8 69.77118055555556 1.8556165787001178
5 -1.0 -1.0 -1.0 -1.0 -1.0 -1.0 -1.0 -1.0 -1.0 -1.0 -1.0 -1.0 -1.0 -1.0 -1.0 -1.0 -1.0 -1.0 -1.0 -1.0 -1.0 -1.0 -1.0 -1.0 -1.0 -1.0 -1.0 -1.0 -1.0 -1.0 -1.0 -1.0 -1.0 -1.0 -1.0 -1.0 -1.0 -1.0 -1.0 -1.0 -1.0 -1.0 -1.0 -1.0 -1.0 -1.0 -1.0 -1.0 -1.0 -1.0 -1.0 -1.0 -1.0 -1.0 -1.0 -1.0 -1.0 -1.0 -1.0 -1.0 -1.0 -1.0 -1.0 -1.0 -1.0 -1.0 -1.0 -1.0 -1.0 -1.0 -1.0 -1.0 -1.0 -1.0 -1.0 -1.0 -1.0 -1.0 -1.0 -1.0 -1.0 -1.0 -1.0 -1.0 -1.0 -1.0 -1.0 -1.0 -1.0 -1.0 -1.0 -1.0 -1.0 -1.0 -1.0 -1.0 -1.0 -1.0 -1.0 -1.0 -1.0 -1.0 -1.0 -1.0 -1.0 -1.0 -1.0 -1.0 -1.0 -1.0 -1.0 -1.0 -1.0 -1.0 -1.0 -1.0 -1.0 -1.0 -1.0 -1.0 -1.0 -1.0 -1.0 -1.0 -1.0 -1.0 -1.0 -1.0 -1.0 -1.0 -1.0 -1.0 -1.0 -1.0 -1.0 -1.0 -1.0 -1.0 -1.0 -1.0 -1.0 -1.0 -1.0 -1.0 -1.0 -1.0 -1.0 -1.0 -1.0 -1.0 -1.0 -1.0 -1.0 -1.0 -1.0 -1.0 -1.0 -1.0 -1.0 -1.0 -1.0 -1.0 -1.0 -1.0 -1.0 -1.0 -1.0 -1.0 -1.0 -1.0 -1.0 -1.0 -1.0 -1.0 -1.0 -1.0 -1.0 -1.0 -1.0 -1.0 -1.0 -1.0 -1.0 -1.0 -1.0 -1.0 -1.0 -1.0 -1.0 -1.0 -1.0 -1.0 -1.0 -1.0 -1.0 -1.0 -1.0 -1.0 -1.0 -1.0 -1.0 -1.0 -1.0 -1.0 -1.0 -1.0 -1.0 -1.0 -1.0 -1.0 -1.0 -1.0 -1.0 -1.0 -1.0 -1.0 -1.0 -1.0 -1.0 -1.0 -1.0 -1.0 -1.0 -1.0 -1.0 -1.0 -1.0 -1.0 -1.0 -1.0 -1.0 -1.0 -1.0 -1.0 -1.0 -1.0 -1.0 -1.0 -1.0 -1.0 -1.0 -1.0 -1.0 -1.0 -1.0 -1.0 -1.0 -1.0 -1.0 -1.0 -1.0 -1.0 -1.0 -1.0 -1.0 -1.0 -1.0 -1.0 -1.0 -1.0 -1.0 -1.0 -1.0 -1.0 -1.0 -1.0 -1.0 -1.0 -1.0 -1.0 -1.0 -1.0 -1.0 -1.0 -1.0 -1.0 -1.0 -1.0 -1.0 -1.0 -1.0 -1.0 -1.0 -1.0 -1.0 -1.0 -1.0 -1.0 -1.0 0.0
6 68.4 68.3 68.2 68.0 68.0 67.8 67.7 67.6 67.6 67.5 67.4 67.1 66.8 66.7 66.7 66.5 66.4 66.4 66.4 66.3 66.2 66.0 65.5 65.6 65.5 65.4 65.2 65.2 64.9 64.8 64.9 65.6 66.1 65.0 64.9 65.1 64.5 64.6 64.3 64.7 65.0 64.8 65.1 65.3 65.3 65.6 65.5 65.6 65.5 65.2 65.0 64.7 64.2 63.8 63.4 63.2 63.1 62.9 62.9 62.8 62.6 62.7 62.7 62.9 62.8 62.7 62.7 62.8 62.9 62.8 62.6 62.5 62.5 62.5 62.5 62.7 62.6 62.6 62.5 62.5 62.4 62.2 62.0 62.3 62.1 62.1 62.1 62.2 62.1 62.0 61.9 61.7 61.6 61.5 61.1 61.0 60.9 60.8 60.6 60.5 60.3 60.3 60.3 60.4 60.3 60.3 60.3 60.3 60.2 60.2 60.1 60.0 60.0 60.1 60.0 59.9 59.9 59.9 60.0 60.0 60.0 60.0 60.0 59.9 59.9 59.8 59.7 59.7 59.6 59.6 59.6 59.6 59.8 59.8 59.8 59.9 60.1 60.2 60.2 60.0 59.8 59.7 59.6 59.5 59.5 59.4 59.4 59.4 59.4 59.4 59.5 59.6 59.7 59.8 59.9 60.0 60.2 60.2 60.4 60.7 60.7 60.9 60.9 61.1 61.3 61.5 61.7 61.9 62.2 62.4 62.4 62.5 62.6 62.7 62.4 62.5 62.4 62.6 62.6 62.7 62.7 62.8 62.9 63.0 63.2 63.2 63.2 63.2 63.3 63.5 63.6 63.6 63.9 64.1 64.1 64.3 64.6 64.7 64.9 65.0 65.1 65.2 65.3 65.4 65.4 65.3 65.4 65.4 65.4 65.5 65.7 65.7 65.7 65.8 65.8 65.7 65.5 65.4 65.5 65.7 66.0 66.4 66.2 66.3 66.3 66.3 66.3 66.2 66.2 66.0 65.8 65.8 65.8 65.8 65.8 65.7 65.6 65.7 65.7 65.7 65.8 65.7 65.7 65.8 65.7 65.8 65.7 65.7 65.7 65.8 65.8 65.8 65.7 65.7 65.8 65.9 65.9 66.0 66.1 66.1 66.0 66.0 66.0 65.8 65.8 65.8 65.8 65.8 65.8 65.9 65.9 65.8 65.8 65.8 65.6 65.6 65.5 65.4 65.3 65.4 65.4 65.4 65.4 65.3 65.3 65.2 65.1 65.0 63.59861111111111 2.4787314421946167
7 71.1 71.2 71.2 71.2 71.0 70.7 70.9 70.7 70.5 70.1 70.1 69.4 69.2 69.5 70.0 70.1 69.7 69.6 69.7 69.7 69.4 69.2 68.6 68.2 68.3 68.5 68.7 68.7 68.6 68.6 68.7 68.9 69.0 68.9 68.9 68.9 68.7 68.8 69.0 68.9 68.7 68.7 68.8 68.8 68.7 68.6 68.4 68.3 68.2 67.9 67.4 67.6 67.5 67.2 67.0 66.8 66.6 66.8 66.8 66.7 66.7 66.6 66.3 66.2 66.2 66.1 66.2 66.3 66.3 66.4 66.4 66.6 66.6 66.7 66.6 66.7 66.6 66.1 65.5 65.1 64.7 64.4 64.5 64.1 63.9 63.7 63.9 63.8 63.6 63.3 63.1 62.9 62.8 62.7 62.7 62.6 62.6 62.6 62.5 62.5 62.2 62.0 62.0 61.9 61.9 61.8 61.7 61.6 61.6 61.5 61.6 61.6 61.6 61.6 61.6 61.5 61.5 61.5 61.5 61.4 61.5 61.4 61.4 61.4 61.4 61.3 61.3 61.3 61.3 61.2 61.2 61.3 61.4 61.4 61.5 61.6 61.7 61.8 61.8 61.8 61.8 61.7 61.7 61.7 61.7 61.8 61.8 61.8 61.8 61.8 61.7 61.8 61.9 61.9 62.0 61.9 62.0 62.0 62.1 62.3 62.4 62.4 62.5 62.4 62.4 62.5 62.5 62.6 62.7 62.7 62.8 62.9 63.0 63.1 63.2 63.3 63.5 63.5 63.8 63.6 63.7 63.7 63.9 63.9 64.0 64.0 64.1 64.0 64.0 64.1 64.1 64.0 64.0 64.0 64.1 64.1 64.2 64.2 64.3 64.4 64.5 64.6 64.7 64.8 64.8 64.8 64.9 64.9 64.9 64.8 64.9 64.9 65.1 65.2 65.2 65.2 65.3 65.2 65.3 65.2 65.2 65.1 65.2 65.2 65.2 65.3 65.3 65.3 65.3 65.3 65.3 65.3 65.3 65.3 65.4 65.4 65.4 65.4 65.4 65.4 65.4 65.4 65.5 65.6 65.6 65.6 65.7 65.7 65.8 65.8 65.8 65.9 65.9 65.9 65.9 65.9 66.0 66.0 66.2 66.6 67.0 67.0 66.9 66.9 66.9 67.0 67.0 67.0 66.9 66.9 66.8 66.7 66.8 66.8 66.8 66.7 66.8 66.8 66.8 66.8 66.8 66.8 66.8 66.7 66.8 66.8 66.9 66.9 65.14340277777778 2.6488360899893144
8 69.0 69.0 68.9 68.6 68.1 68.4 68.2 68.1 68.2 68.2 68.0 67.8 67.7 66.9 67.2 67.1 67.1 66.8 66.8 66.6 66.8 66.6 66.6 66.3 66.3 66.2 65.9 66.1 65.8 65.8 65.7 65.5 65.4 64.7 65.0 64.8 65.1 65.1 64.9 64.9 65.2 65.3 65.4 65.4 65.3 65.5 65.4 65.5 65.3 65.2 65.4 65.4 65.3 65.1 64.2 64.6 64.8 64.8 64.4 64.2 64.2 64.2 64.2 64.2 64.2 64.1 64.4 64.6 64.7 64.7 64.7 64.9 64.8 64.8 64.5 64.2 64.1 64.0 63.8 63.7 63.3 63.3 63.2 63.2 63.0 62.7 62.4 62.1 62.2 62.2 62.0 61.8 61.6 61.4 61.2 61.2 61.0 60.9 60.7 60.6 60.5 60.4 60.4 60.3 60.3 60.2 60.2 60.1 60.1 60.1 60.0 60.0 60.0 60.0 60.1 60.1 60.1 60.1 60.2 60.3 60.3 60.2 60.2 60.3 60.4 60.5 60.6 60.7 60.8 60.8 60.7 60.6 60.5 60.4 60.4 60.3 60.3 60.2 60.3 60.4 60.4 60.4 60.5 60.5 60.4 60.5 60.8 60.8 60.7 60.7 60.7 60.7 60.7 60.7 60.7 60.8 60.8 60.9 61.0 61.0 61.0 61.0 61.1 61.0 61.2 61.3 61.5 61.4 61.6 61.7 61.6 61.6 61.7 61.6 61.9 61.7 61.9 62.0 62.2 62.3 62.7 62.9 63.1 63.3 63.2 63.5 63.7 63.9 64.3 64.6 64.8 64.9 65.2 65.4 65.2 65.3 65.3 65.2 65.3 65.5 65.4 65.4 65.5 65.5 65.4 65.4 65.4 65.4 65.6 65.5 65.4 65.6 65.6 65.9 66.3 66.5 66.9 67.1 67.2 67.4 67.2 67.1 67.0 66.9 66.9 66.8 66.5 66.4 66.3 66.2 66.0 65.9 66.0 66.1 66.1 66.0 66.1 66.1 65.8 65.7 65.7 65.7 65.8 65.8 65.8 65.8 65.8 65.9 66.0 66.1 66.0 66.0 66.0 66.0 66.1 66.0 66.0 65.9 65.9 65.9 65.9 65.9 65.9 65.9 65.7 65.6 65.6 65.6 65.5 65.6 65.7 65.7 65.7 65.7 65.7 65.8 65.8 65.7 65.7 65.8 65.8 65.9 65.9 65.8 65.8 65.8 65.8 65.8 64.05694444444444 2.47879235454939
9 69.9 69.9 69.7 69.7 69.6 69.3 69.0 68.8 68.7 68.9 68.9 68.9 68.9 68.8 68.6 68.4 68.5 68.7 68.5 68.7 68.7 67.8 67.4 67.1 67.1 67.0 67.1 67.0 66.9 66.9 66.8 66.7 66.6 66.6 66.5 66.5 66.4 66.3 66.2 66.2 66.2 66.1 66.0 66.0 66.0 66.1 66.1 66.0 65.9 66.0 65.9 65.7 65.6 65.6 65.6 65.5 65.5 65.5 65.6 65.7 65.6 65.6 65.6 65.6 65.5 65.4 65.2 65.3 65.4 65.6 65.6 65.8 65.5 65.5 65.8 65.6 65.7 66.0 66.0 66.1 66.1 66.2 66.1 66.0 66.2 65.2 65.4 65.9 65.7 65.6 65.5 65.8 65.8 65.9 65.8 65.9 65.9 66.0 66.1 66.0 66.0 66.0 65.9 66.0 65.9 65.9 65.8 65.7 65.5 65.4 65.4 65.3 65.2 65.2 65.2 65.0 64.9 64.7 64.7 64.5 64.5 64.4 64.4 64.4 64.2 64.1 64.0 64.0 64.0 63.8 63.5 63.3 63.3 63.3 63.4 63.3 63.5 63.7 63.4 63.5 63.2 63.1 63.3 63.5 63.5 63.2 62.9 62.7 62.7 62.8 62.9 63.0 63.1 63.3 63.4 63.4 63.5 63.4 63.4 63.6 63.7 63.8 63.9 64.0 64.2 64.3 64.3 64.3 64.4 64.4 64.7 64.8 64.7 64.9 64.9 65.0 65.2 65.2 65.1 65.1 65.0 65.0 65.1 65.1 65.0 65.1 65.2 65.3 65.3 65.1 65.1 65.0 65.2 65.2 65.4 65.6 65.7 65.8 65.7 65.8 65.8 65.8 65.9 66.1 66.3 66.5 66.6 66.6 67.0 67.0 67.1 68.0 69.2 69.4 69.5 69.6 69.6 69.6 69.5 69.3 69.3 69.0 68.5 68.4 68.8 69.1 69.6 69.8 69.8 69.6 69.6 69.7 69.7 69.9 69.9 69.6 69.5 69.4 69.5 69.7 69.8 70.0 70.0 69.9 69.9 70.2 70.3 70.1 70.2 70.9 70.8 70.8 70.9 70.4 70.3 70.9 71.0 70.4 70.0 70.4 70.1 69.2 69.2 69.2 68.8 69.1 69.1 69.1 69.4 69.3 69.1 69.1 68.9 68.9 68.5 68.5 68.4 68.3 68.0 67.7 67.4 67.2 67.1 67.1 67.1 67.0 67.0 67.0 66.57569444444445 2.175673119527662
END
#################################################################
SECTION3 (Edges Information)
EndPoint0 EndPoint1 Weight
0 1 1.000000
1 2 1.000000
2 3 1.000000
3 4 1.000000
3 5 1.000000
4 5 1.000000
4 6 1.000000
5 6 1.000000
5 7 1.000000
6 7 1.000000
7 8 1.000000
7 9 1.000000
8 9 1.000000
0 1 1.000000
1 2 1.000000
2 3 1.000000
3 4 1.000000
3 5 1.000000
4 5 1.000000
4 6 1.000000
5 6 1.000000
5 7 1.000000
6 7 1.000000
7 8 1.000000
7 9 1.000000
8 9 1.000000
0 1 1.000000
1 2 1.000000
2 3 1.000000
3 4 1.000000
3 5 1.000000
4 5 1.000000
4 6 1.000000
5 6 1.000000
5 7 1.000000
6 7 1.000000
7 8 1.000000
7 9 1.000000
8 9 1.000000
END
#################################################################
SECTION4 (TrueSubGraph Information)
EndPoint0 EndPoint1 Weight
END
#################################################################
