#################################################################
#APDM Input Graph, this input graph includes 3 sections:
#section1 : general information
#section2 : nodes
#section3 : edges
#section4 : trueSubGraph (Optional)
#
#if nodes haven't information set weight to null
#################################################################
SECTION1 (General Information)
numNodes = 10
numEdges = 39
usedAlgorithm = NULL
dataSource = TransWeatherRealData
END
#################################################################
SECTION2 (Nodes Information)
NodeID temp9  mean  std 
0 53.2 53.0 52.9 52.9 52.8 52.8 52.9 53.0 52.9 52.8 52.5 52.3 51.7 50.6 50.2 50.0 49.8 49.7 49.5 49.4 49.3 49.3 49.2 49.2 49.1 49.0 49.0 49.0 49.0 49.0 48.9 48.9 48.9 48.9 48.9 48.6 48.5 48.5 48.4 48.6 48.8 49.1 49.1 48.5 47.9 47.7 47.5 47.3 47.3 47.1 47.0 46.8 46.6 46.5 46.4 46.3 46.2 45.9 45.9 45.9 45.9 46.0 45.9 46.0 45.9 45.8 45.8 45.8 45.8 45.6 45.5 45.3 45.3 45.2 45.3 45.4 45.4 45.3 45.2 45.3 45.3 45.3 45.2 45.4 45.6 45.6 45.6 45.6 45.7 45.7 45.7 45.8 45.8 45.7 45.5 45.1 44.7 43.7 44.0 44.4 44.5 44.3 44.3 44.2 44.0 44.0 43.9 43.8 43.8 43.9 43.9 43.8 44.1 44.6 44.8 45.2 45.3 45.1 44.8 44.5 43.9 43.4 42.8 42.5 42.4 42.3 41.9 41.9 41.9 42.2 42.5 42.5 42.6 42.6 43.1 43.5 43.6 43.6 44.5 45.1 45.7 46.0 46.4 47.1 47.4 47.6 47.7 47.8 47.8 47.9 47.9 47.9 47.9 48.4 48.7 48.9 49.1 49.1 49.2 49.5 49.8 50.3 50.5 50.8 50.6 50.8 51.0 51.0 51.5 52.0 51.6 51.8 51.9 52.3 52.3 52.1 52.2 52.3 52.4 52.7 52.8 53.0 53.4 53.3 53.7 54.2 53.8 53.9 54.2 54.5 54.8 55.0 55.1 55.2 55.5 55.8 56.2 56.8 57.0 57.2 56.8 56.6 56.5 57.3 57.2 57.3 57.3 58.0 57.7 57.9 58.1 57.5 57.8 57.7 57.4 57.7 58.5 58.0 57.7 58.3 58.7 58.6 57.8 57.6 57.9 57.6 57.5 57.5 58.0 57.5 57.1 58.5 57.9 57.2 57.2 57.4 57.4 57.3 57.6 57.2 57.5 57.5 57.4 57.3 57.2 57.3 58.0 57.1 57.1 56.7 56.8 57.0 57.1 56.7 56.6 56.5 56.7 57.0 57.0 57.1 57.2 56.8 56.6 56.8 56.8 56.3 55.9 55.7 55.6 55.5 55.4 55.1 55.0 54.9 54.8 54.6 54.4 54.3 54.1 53.9 53.6 53.3 53.1 52.9 52.7 52.6 52.4 52.2 50.631249999999994 5.068588361575051
1 50.9 50.9 50.8 50.8 50.9 50.9 50.6 50.4 50.3 50.3 50.1 50.3 50.0 49.7 49.3 48.8 48.9 49.1 49.0 49.1 49.0 48.8 48.9 49.3 49.4 49.3 49.1 49.2 49.8 49.8 49.2 48.5 48.8 48.9 49.5 49.1 48.0 48.2 47.8 48.0 47.7 48.2 48.4 48.4 48.5 48.7 48.8 48.1 47.9 47.9 48.4 48.6 48.6 48.8 48.3 47.9 47.2 47.7 48.0 48.1 48.4 48.5 47.9 47.3 47.3 47.6 47.9 48.0 47.6 47.5 47.3 47.1 46.8 46.5 46.3 47.0 46.6 46.6 47.1 47.4 47.5 47.8 47.7 47.9 47.5 47.0 46.7 46.7 46.9 47.2 47.3 47.4 47.6 47.1 47.5 47.1 47.0 47.7 47.1 47.8 48.0 47.1 46.2 45.9 45.8 45.4 45.4 45.2 44.9 44.7 44.5 45.1 45.8 45.8 44.9 44.8 46.0 45.5 44.8 43.9 43.4 43.9 44.7 44.7 44.5 43.8 44.3 45.3 45.9 46.0 45.1 45.0 44.8 45.3 45.2 44.5 44.2 45.0 46.1 47.4 47.0 46.4 45.9 46.0 46.4 47.6 48.0 47.7 47.2 46.9 47.3 47.9 48.5 49.0 49.5 49.8 50.4 51.2 51.6 51.8 52.2 51.8 52.0 52.2 52.7 52.6 52.5 53.4 52.9 53.5 53.9 54.1 53.9 54.5 54.3 54.1 54.6 54.4 54.8 55.5 55.2 55.7 55.6 55.3 54.9 55.3 55.2 55.4 55.9 55.9 55.8 56.5 57.0 56.9 56.4 56.6 56.0 55.8 56.2 56.2 56.4 56.0 55.8 56.0 55.9 56.0 56.1 56.1 55.8 56.0 56.2 56.2 56.1 55.8 55.8 55.8 56.1 56.1 56.2 55.9 56.0 56.1 56.1 56.6 57.5 57.4 57.7 58.6 58.2 57.9 58.4 58.1 58.0 57.9 58.2 58.2 58.3 58.9 59.3 59.1 58.6 58.3 58.5 58.5 58.7 58.6 58.5 58.7 58.5 58.5 58.1 58.3 58.3 57.8 57.3 57.0 56.9 57.0 56.9 56.6 56.6 56.5 56.5 56.5 56.5 56.6 56.4 56.3 56.2 56.0 56.0 55.8 55.6 55.5 55.5 55.3 55.2 54.8 54.6 54.4 54.2 54.1 53.9 53.8 53.8 53.7 53.4 53.3 51.33020833333333 4.567575156862649
2 54.7 54.7 54.7 54.8 54.7 54.6 54.4 54.2 54.1 54.0 53.6 53.4 53.1 52.7 52.9 53.0 53.0 53.0 52.8 52.5 52.1 52.1 52.2 52.1 52.1 51.9 51.9 51.8 51.8 51.6 51.6 51.5 51.5 51.3 51.3 51.3 51.2 51.1 51.1 51.2 51.2 51.0 51.0 51.0 50.9 50.9 50.5 50.6 50.6 50.5 50.5 50.5 50.6 50.5 50.6 50.6 50.5 50.6 50.0 49.7 49.9 50.3 50.4 50.5 50.5 50.5 50.7 50.5 50.4 50.5 50.5 50.5 50.5 50.3 50.5 50.5 50.4 50.4 50.6 50.5 50.2 50.3 50.1 49.7 49.4 49.4 49.7 49.8 49.7 49.8 49.6 49.6 49.6 49.6 49.3 49.3 49.2 49.4 49.1 49.1 49.1 49.1 49.2 49.1 49.0 48.9 48.7 48.5 48.2 47.7 47.5 47.3 47.3 47.7 47.7 47.6 47.6 47.8 48.0 48.0 47.5 46.9 47.0 47.4 47.9 47.8 47.5 47.2 47.3 47.3 47.4 47.3 47.3 47.4 47.3 47.6 47.8 48.1 48.3 48.6 48.9 49.2 49.5 49.7 49.8 49.9 49.8 49.9 50.1 50.3 50.5 50.8 51.3 51.6 51.6 51.6 51.8 51.7 51.9 52.0 52.3 52.4 52.7 52.9 53.4 54.0 53.9 53.8 54.0 53.8 54.2 54.3 54.5 54.8 55.5 55.3 55.5 55.7 56.2 56.2 56.7 57.0 57.1 57.1 57.7 57.3 57.5 57.3 57.7 58.1 58.3 58.5 58.4 59.4 59.7 59.4 58.6 59.3 59.0 59.0 59.2 59.7 60.1 59.7 60.0 59.9 59.6 59.5 60.2 60.0 59.9 60.0 60.1 60.3 60.1 60.0 60.1 60.1 60.3 60.6 61.2 61.2 60.8 60.9 61.0 60.9 60.9 60.9 61.0 61.0 60.7 60.8 61.0 61.0 61.0 60.9 60.9 60.9 60.8 60.9 61.2 61.2 61.3 61.3 61.2 61.3 61.7 61.6 61.6 61.8 61.7 61.4 60.6 59.7 59.3 59.3 59.2 59.5 59.5 59.5 59.7 60.2 60.2 60.5 60.2 60.2 60.1 59.9 60.3 60.3 60.2 60.3 60.4 60.5 60.0 59.8 59.6 59.4 59.0 58.7 58.7 58.5 58.2 57.8 57.4 57.2 57.0 56.9 54.12916666666667 4.789213708350345
3 53.3 53.1 52.9 52.7 52.6 52.5 52.5 52.5 52.4 52.3 52.3 52.2 52.2 52.1 52.1 52.0 51.9 51.9 51.9 51.8 51.7 51.6 51.6 51.6 51.2 51.2 51.0 50.9 50.7 51.0 50.9 50.7 50.6 50.8 50.6 50.4 50.5 50.5 50.6 50.3 50.3 50.2 49.8 49.9 50.1 49.8 49.9 50.0 50.2 50.2 49.9 50.1 50.2 50.3 50.1 50.0 50.3 50.2 50.0 49.9 49.9 49.9 50.0 49.7 49.6 49.6 49.6 49.7 49.5 49.3 49.2 49.4 49.4 49.4 49.4 49.0 48.8 48.5 48.5 48.8 48.7 48.9 48.9 48.9 48.9 48.9 48.9 49.1 49.4 49.3 49.2 48.6 48.7 47.9 47.9 47.8 47.6 47.3 47.3 47.2 47.0 46.7 46.3 46.1 46.1 46.0 46.1 46.1 45.9 45.9 46.2 46.4 46.1 46.3 46.4 46.5 47.0 47.2 47.2 46.8 46.2 46.4 46.5 46.5 46.2 45.9 45.8 46.0 46.4 46.7 47.3 47.6 48.2 48.8 49.7 49.9 49.9 50.4 50.7 50.9 51.1 51.2 50.8 50.5 50.7 50.9 51.3 51.8 52.2 52.4 52.3 52.6 52.6 52.5 52.9 53.0 53.3 53.7 53.6 54.0 54.0 54.3 54.3 54.4 55.1 55.5 55.2 55.4 55.4 55.5 55.9 55.8 55.9 56.1 56.0 56.1 55.6 55.6 55.6 55.5 55.3 55.3 55.5 55.8 56.0 56.7 57.3 57.5 57.9 57.6 57.4 57.7 58.1 57.7 58.1 58.0 58.1 58.0 58.3 58.5 58.3 58.3 58.3 58.5 58.8 58.7 58.7 58.7 58.6 58.7 58.8 59.0 58.9 59.0 59.2 59.4 59.4 59.4 59.4 59.9 59.6 59.5 59.6 59.5 59.5 59.7 59.8 60.1 59.8 59.4 59.4 59.9 59.8 60.0 60.2 59.7 59.9 60.3 60.0 59.3 58.6 58.4 58.2 58.0 58.0 57.8 57.7 57.6 57.8 57.1 57.0 56.9 57.6 58.5 58.5 58.8 58.5 58.4 58.3 58.3 58.2 58.3 58.3 57.8 57.3 57.1 57.2 57.2 57.1 56.8 56.6 56.7 56.8 56.4 55.9 55.8 55.9 55.8 55.5 55.2 54.9 54.6 54.1 53.9 53.8 53.8 53.6 53.6 53.140625 4.3379673331669615
4 51.1 51.1 51.0 50.8 50.7 50.6 50.4 50.4 50.2 50.1 50.1 50.0 50.0 50.0 49.8 49.7 49.6 49.6 49.5 49.4 49.4 49.3 49.3 49.2 49.2 49.2 49.1 49.0 48.9 48.9 48.9 48.6 48.5 48.7 48.4 48.6 48.7 48.7 48.7 48.4 48.1 48.2 48.3 48.3 48.4 48.4 48.4 48.3 48.5 48.4 48.3 48.2 48.3 48.2 48.4 48.2 48.4 48.6 48.1 48.2 47.8 48.1 48.0 48.0 48.3 48.4 48.2 48.2 48.5 48.3 48.0 47.7 47.9 48.1 48.1 48.4 48.5 48.2 48.4 48.6 48.1 47.3 47.4 47.9 48.4 48.3 48.0 48.1 48.3 48.3 47.7 48.0 48.3 48.3 48.3 48.2 47.9 47.9 48.1 47.9 47.9 47.9 47.8 47.7 47.6 47.5 47.5 47.5 47.6 47.7 47.6 47.5 47.5 47.5 47.5 47.4 47.3 47.4 47.4 47.3 47.2 47.1 47.2 47.0 47.0 46.8 46.6 46.6 46.7 46.8 46.9 47.1 47.2 47.5 47.7 47.9 47.9 47.9 47.9 48.2 48.5 48.9 49.1 49.5 50.0 50.6 50.3 50.1 50.3 50.7 51.1 50.9 50.9 51.0 51.5 51.7 52.3 52.4 52.7 53.0 52.7 52.8 53.1 52.8 53.1 53.4 53.1 53.0 53.1 53.2 53.0 53.2 53.3 53.3 53.6 53.5 53.6 54.2 54.3 54.2 54.2 54.2 54.8 54.6 54.8 55.0 55.4 55.4 55.0 55.2 55.3 55.3 55.7 56.3 56.6 56.2 56.8 56.4 57.4 58.1 57.6 57.5 57.6 57.8 57.8 58.2 58.4 58.2 58.1 58.5 58.4 58.4 58.4 58.4 58.8 58.9 59.0 59.0 58.6 58.7 58.8 58.8 58.6 58.5 58.8 58.8 59.2 59.4 59.5 59.7 60.0 59.4 59.6 59.4 59.5 59.8 59.5 59.7 60.0 59.8 59.6 58.9 58.5 58.0 57.4 56.8 56.4 56.0 55.7 55.4 55.2 54.9 54.8 54.8 54.8 54.5 54.3 54.3 54.1 54.1 54.0 54.0 54.1 54.2 54.4 54.8 55.1 55.0 54.9 54.8 54.3 54.0 54.0 53.9 53.7 53.6 53.5 53.3 53.2 53.1 52.9 52.7 52.6 52.6 52.4 52.3 52.3 52.2 51.86423611111111 4.055401023723925
5 52.5 52.3 52.2 52.2 52.3 52.2 52.2 52.1 52.0 51.9 51.8 51.8 51.8 51.8 51.5 51.5 51.6 51.5 51.6 51.5 51.4 51.3 51.2 51.1 50.9 50.7 50.7 50.6 50.5 50.6 50.5 50.5 50.5 50.2 50.2 49.9 49.7 49.6 49.7 49.6 49.5 49.3 49.1 48.9 48.8 48.5 48.5 48.5 48.5 48.4 48.4 48.4 48.4 48.2 48.2 48.1 48.1 48.0 48.0 48.0 48.0 48.0 48.0 48.0 47.9 47.9 47.9 47.9 47.9 47.8 47.8 47.9 47.9 47.9 47.9 47.9 47.9 47.9 47.8 47.8 47.8 47.8 47.8 47.8 47.7 47.7 47.7 47.6 47.6 47.4 47.3 47.1 47.1 47.0 47.0 46.9 46.9 46.8 46.8 46.8 46.8 46.8 46.7 46.7 46.7 46.7 46.7 46.7 46.7 46.7 46.7 46.7 46.7 46.6 46.7 46.6 46.6 46.6 46.6 46.6 46.6 46.6 46.6 46.6 46.6 46.6 46.6 46.6 46.6 46.7 46.7 46.7 46.7 46.8 47.0 47.1 47.2 47.2 47.3 47.3 47.5 47.6 47.5 47.5 47.5 47.5 47.7 47.7 47.7 47.7 47.8 47.9 48.0 48.1 48.1 48.1 48.1 48.2 48.3 48.4 48.4 48.5 48.6 48.8 48.9 49.0 49.0 49.0 48.8 49.0 49.2 49.3 49.7 49.8 49.8 49.8 49.7 50.6 50.1 50.1 49.9 49.6 49.5 49.6 49.9 50.1 50.4 50.5 50.9 50.8 51.4 51.2 51.1 51.2 51.3 51.8 52.1 52.2 52.6 53.0 53.2 53.3 53.1 53.0 53.1 53.1 53.0 53.2 53.7 54.5 55.7 55.5 55.0 54.7 54.6 55.1 54.9 54.3 54.4 54.3 54.0 54.2 54.5 53.7 54.0 53.7 53.5 53.2 53.0 52.9 52.9 53.0 53.0 53.0 52.4 52.3 52.6 52.5 52.2 52.3 52.6 52.5 52.3 52.3 52.4 52.4 52.4 52.3 52.2 52.2 52.1 52.0 52.0 52.1 52.2 52.1 51.8 51.6 51.5 51.4 51.4 51.3 51.3 51.5 51.8 51.9 51.8 51.7 51.6 51.6 51.5 51.6 51.5 51.5 51.6 51.5 51.4 51.4 51.3 51.3 51.2 51.1 50.9 50.8 50.6 50.4 50.3 50.3 49.920138888888886 2.3923682334905703
6 47.3 47.2 47.1 47.0 46.9 46.8 46.7 46.6 46.6 46.5 46.4 46.4 46.3 46.3 46.3 46.2 46.1 46.0 45.8 45.7 45.7 45.7 45.7 45.6 45.5 45.4 45.3 45.3 45.3 45.1 45.1 45.1 45.1 45.1 45.0 45.1 44.9 44.9 44.8 44.8 44.8 44.7 44.7 44.7 44.7 44.6 44.5 44.4 44.3 44.1 44.1 44.1 44.1 44.1 44.1 44.1 44.0 44.0 43.8 43.7 43.7 43.9 43.9 44.0 44.0 44.1 44.0 44.0 44.0 43.9 43.9 43.9 44.0 44.0 44.0 43.9 43.9 44.0 44.0 44.0 44.0 44.1 44.1 44.1 44.0 43.9 43.7 43.6 43.5 43.3 43.2 43.1 43.1 43.1 43.1 43.1 43.2 43.2 43.5 43.5 43.6 43.6 43.6 43.6 43.7 43.7 43.8 43.7 43.7 43.7 43.7 43.6 43.6 43.5 43.5 43.4 43.4 43.4 43.3 43.3 43.3 43.3 43.4 43.4 43.5 43.5 43.6 43.6 43.7 43.7 43.8 43.8 43.8 43.9 43.9 43.9 43.9 44.0 44.0 44.1 44.2 44.3 44.3 44.4 44.4 44.4 44.4 44.5 44.5 44.6 44.7 44.7 44.7 44.9 45.0 45.1 45.1 45.2 45.2 45.4 45.5 45.5 45.5 45.5 45.6 45.6 45.6 45.7 45.7 45.8 46.0 46.2 46.5 46.6 46.7 47.0 47.0 47.0 47.1 47.4 47.3 47.4 47.7 47.7 47.9 47.8 47.9 48.0 48.0 48.0 47.9 48.0 47.9 47.8 47.9 47.9 48.1 48.2 48.2 48.1 48.1 48.2 48.2 48.0 47.7 47.8 47.8 47.7 48.1 48.1 48.6 48.5 48.1 48.2 47.7 47.5 47.9 47.6 47.3 47.3 47.4 47.4 47.5 47.6 47.6 47.5 47.3 47.3 47.3 47.2 47.3 47.1 47.0 47.0 46.7 46.7 46.6 46.5 46.7 47.0 47.5 47.8 47.8 47.7 47.7 47.8 47.9 47.9 47.7 47.8 47.9 48.2 48.3 48.4 48.3 48.5 48.5 48.5 48.6 48.5 48.4 48.5 48.6 48.7 48.1 48.0 48.0 48.0 47.9 48.0 47.8 47.7 47.6 47.6 47.5 47.4 47.2 47.2 47.1 47.1 46.9 46.8 46.7 46.7 46.6 46.4 46.3 46.2 45.77048611111111 1.7574918102856283
7 49.3 49.3 49.3 49.3 49.2 49.1 49.1 49.0 49.0 49.0 48.9 48.9 48.8 48.8 48.7 48.6 48.7 48.5 48.4 48.5 48.4 48.4 48.4 48.2 48.2 48.1 48.2 48.1 48.1 48.0 47.9 47.7 47.8 47.9 47.9 48.0 47.9 47.9 47.8 47.8 47.8 47.7 47.7 47.7 47.7 47.7 47.8 47.7 47.7 47.6 47.6 47.6 47.5 47.2 47.0 46.9 46.8 46.6 46.5 46.4 46.4 46.3 46.3 46.3 46.3 46.3 46.3 46.3 46.3 46.3 46.4 46.4 46.5 46.5 46.5 46.5 46.4 46.4 46.4 46.3 46.3 46.2 46.2 46.2 46.2 46.2 46.3 46.3 46.3 46.3 46.3 46.3 46.3 46.3 46.3 46.3 46.3 46.3 46.3 46.3 46.3 46.3 46.3 46.3 46.3 46.3 46.2 46.2 46.2 46.3 46.3 46.3 46.2 46.3 46.2 46.2 46.3 46.3 46.3 46.3 46.3 46.3 46.3 46.3 46.3 46.4 46.4 46.4 46.4 46.4 46.5 46.5 46.5 46.5 46.4 46.3 46.4 46.5 46.4 46.4 46.4 46.5 46.5 46.4 46.5 46.5 46.6 46.7 46.8 46.9 47.1 47.2 47.3 47.3 47.5 47.6 47.9 48.1 48.5 48.6 49.0 49.3 49.7 50.0 49.9 50.2 50.6 50.7 50.9 51.0 51.2 51.3 51.5 51.6 51.5 51.5 51.4 51.4 51.3 51.1 51.0 50.8 50.6 50.5 50.6 50.6 50.6 50.5 50.4 50.4 50.4 50.4 50.4 50.3 50.1 49.8 49.6 49.1 49.2 49.4 49.2 49.3 49.1 49.2 49.3 49.4 49.5 49.5 49.7 49.8 49.8 49.7 49.7 49.6 49.6 49.6 49.6 49.5 49.6 49.5 49.5 49.6 49.7 49.7 49.6 49.6 49.5 49.4 49.5 49.7 49.6 49.6 49.7 49.7 49.7 49.9 50.1 49.9 49.7 49.7 50.0 49.8 50.0 50.1 50.0 50.3 50.2 50.2 50.1 50.2 50.2 50.3 50.2 50.2 50.2 50.7 51.0 50.7 50.4 50.4 50.1 50.0 49.5 49.4 49.3 49.3 49.4 49.3 49.1 48.9 48.7 48.6 48.5 48.5 48.4 48.4 48.3 48.4 48.3 48.2 48.3 48.2 48.1 48.1 48.2 48.2 48.1 48.1 48.29131944444445 1.6221123349560025
8 48.1 48.0 47.9 47.9 47.8 47.7 47.6 47.6 47.5 47.5 47.5 47.6 47.6 47.6 47.6 47.4 47.3 47.2 47.2 47.3 47.3 47.3 47.2 47.1 47.0 47.1 46.9 46.8 46.8 47.0 47.1 47.0 46.9 46.9 47.0 46.9 46.8 46.9 46.8 46.7 46.7 46.7 46.8 46.7 46.8 46.7 46.7 46.6 46.6 46.6 46.6 46.5 46.4 46.4 46.4 46.3 46.2 46.2 46.1 46.1 46.0 46.0 45.9 45.9 45.9 45.9 45.9 45.9 45.9 45.8 45.7 45.5 45.4 45.4 45.5 45.5 45.6 45.6 45.6 45.5 45.4 45.3 45.3 45.2 45.2 45.2 45.2 45.2 45.2 45.2 45.2 45.2 45.2 45.2 45.2 45.2 45.1 45.1 45.1 45.1 45.1 45.1 45.1 45.1 45.1 45.2 45.2 45.2 45.2 45.2 45.2 45.2 45.2 45.2 45.3 45.4 45.4 45.5 45.5 45.5 45.5 45.5 45.5 45.5 45.5 45.5 45.6 45.6 45.7 45.7 45.8 45.8 45.8 45.9 46.0 46.1 46.2 46.3 46.4 46.5 46.6 46.7 46.9 47.0 47.2 47.2 47.4 47.5 47.5 47.8 48.1 48.3 48.5 48.5 49.0 49.2 49.2 49.4 49.4 49.4 49.6 49.6 49.7 49.8 50.0 50.0 50.0 50.2 50.2 50.1 50.1 49.9 50.1 50.0 50.2 50.3 50.2 50.1 50.2 50.1 50.1 50.0 49.9 49.6 49.6 49.4 49.3 49.2 49.2 49.3 49.2 49.1 49.2 49.1 49.1 48.9 49.0 49.0 48.9 48.9 48.8 48.8 48.2 48.2 48.2 47.6 47.8 47.6 47.7 47.6 47.6 47.6 47.3 47.4 47.5 47.4 47.3 47.1 47.1 47.0 47.0 47.0 47.1 46.9 47.2 47.2 47.2 47.3 47.7 47.7 48.0 47.8 48.0 47.8 47.8 47.5 47.4 47.2 47.1 46.8 46.8 46.8 46.8 46.7 46.7 46.7 46.6 46.6 46.7 46.8 46.9 47.5 47.4 47.6 47.5 47.7 47.8 47.7 47.7 47.7 47.7 47.8 48.0 48.2 47.7 47.4 47.4 47.4 47.5 47.5 47.5 47.5 47.4 47.4 47.4 47.4 47.3 47.2 47.1 47.1 47.0 47.0 46.8 46.6 46.6 46.5 46.4 46.3 47.13784722222222 1.401215830042466
9 48.8 48.6 48.6 48.5 48.4 48.4 48.4 48.4 48.3 48.2 48.2 48.2 48.2 48.2 48.0 47.8 47.8 47.9 47.9 48.0 48.1 48.3 48.0 47.8 47.9 48.0 48.0 48.0 48.0 47.6 47.5 47.4 47.6 47.6 47.7 47.5 47.3 47.3 47.1 47.0 47.2 47.5 47.4 47.3 47.2 47.0 46.9 46.8 46.8 46.7 46.7 46.7 46.7 46.7 46.6 46.5 46.4 46.5 46.4 46.4 46.4 46.4 46.4 46.5 46.3 46.3 46.2 46.1 46.2 46.2 46.3 46.2 46.2 46.6 46.4 46.7 47.0 46.7 46.9 47.1 47.1 47.0 46.6 46.5 47.1 46.8 46.9 46.9 47.0 46.7 46.9 46.7 47.0 47.1 46.7 46.6 46.5 46.5 46.4 46.2 46.3 46.3 46.3 46.4 46.6 46.6 46.6 46.8 46.3 46.3 46.5 46.8 47.0 46.8 46.8 46.9 46.8 46.9 47.0 46.9 46.7 46.6 46.5 46.6 46.6 46.6 46.8 46.7 46.7 46.3 46.5 46.5 46.4 46.3 46.4 46.3 46.2 46.2 46.1 46.1 46.1 46.1 46.1 46.0 46.0 46.1 46.1 46.1 46.1 46.0 46.0 45.9 46.0 46.0 46.1 46.1 46.1 46.1 46.1 46.1 46.1 46.0 45.9 45.9 45.8 45.8 45.8 45.8 45.8 45.8 45.9 45.9 46.0 46.1 46.1 46.1 46.0 46.1 46.2 46.3 46.5 46.6 46.7 46.7 46.9 46.8 46.9 46.9 46.8 46.8 46.8 46.7 46.6 46.6 46.5 46.4 46.4 46.4 46.4 46.4 46.2 46.1 46.0 46.0 45.9 45.9 45.9 46.0 46.0 46.1 46.0 46.0 45.9 45.8 45.8 45.7 45.6 45.6 45.6 45.5 45.5 45.5 45.5 45.5 45.6 45.6 45.6 45.5 45.6 45.6 45.5 45.2 45.1 45.3 45.2 45.1 45.0 45.0 45.2 45.3 45.3 45.3 45.4 45.3 45.3 45.2 45.3 45.2 45.1 45.2 45.2 45.1 45.1 45.1 45.0 45.0 44.9 44.8 44.8 44.7 44.7 44.8 44.9 45.2 45.2 45.2 45.1 45.0 45.0 44.9 45.0 44.8 44.8 44.7 44.6 44.6 44.7 44.7 44.8 44.8 44.8 44.9 44.9 44.9 45.0 45.0 45.0 44.9 46.31527777777778 0.9372894007874474
END
#################################################################
SECTION3 (Edges Information)
EndPoint0 EndPoint1 Weight
0 1 1.000000
1 2 1.000000
2 3 1.000000
3 4 1.000000
3 5 1.000000
4 5 1.000000
4 6 1.000000
5 6 1.000000
5 7 1.000000
6 7 1.000000
7 8 1.000000
7 9 1.000000
8 9 1.000000
0 1 1.000000
1 2 1.000000
2 3 1.000000
3 4 1.000000
3 5 1.000000
4 5 1.000000
4 6 1.000000
5 6 1.000000
5 7 1.000000
6 7 1.000000
7 8 1.000000
7 9 1.000000
8 9 1.000000
0 1 1.000000
1 2 1.000000
2 3 1.000000
3 4 1.000000
3 5 1.000000
4 5 1.000000
4 6 1.000000
5 6 1.000000
5 7 1.000000
6 7 1.000000
7 8 1.000000
7 9 1.000000
8 9 1.000000
END
#################################################################
SECTION4 (TrueSubGraph Information)
EndPoint0 EndPoint1 Weight
END
#################################################################
