#################################################################
#APDM Input Graph, this input graph includes 3 sections:
#section1 : general information
#section2 : nodes
#section3 : edges
#section4 : trueSubGraph (Optional)
#
#if nodes haven't information set weight to null
#################################################################
SECTION1 (General Information)
numNodes = 10
numEdges = 39
usedAlgorithm = NULL
dataSource = TransWeatherRealData
END
#################################################################
SECTION2 (Nodes Information)
NodeID temp9  mean  std 
0 43.1 43.1 43.1 43.0 42.9 42.9 42.8 42.8 42.7 42.7 42.9 43.0 42.7 42.4 42.5 42.6 42.6 42.7 42.6 42.3 42.1 41.9 41.6 41.3 41.1 41.0 40.5 40.0 39.7 39.5 39.2 38.9 38.5 38.2 37.9 37.6 37.4 37.3 37.4 37.5 37.5 37.4 37.5 37.3 37.3 37.3 37.3 37.3 37.4 37.5 37.6 37.6 37.7 37.7 37.7 37.8 37.9 38.0 37.9 37.8 37.8 37.8 37.8 37.8 37.8 37.9 37.9 38.0 38.1 38.1 38.1 38.2 38.2 38.4 38.5 38.5 38.5 38.5 38.5 38.6 38.6 38.7 38.7 38.7 38.6 38.4 38.1 38.1 38.0 38.0 38.0 38.0 38.0 38.0 38.1 38.1 38.2 38.2 38.1 38.1 38.1 38.1 37.9 37.6 37.4 37.4 37.3 37.3 37.3 37.3 37.3 37.2 37.1 37.1 36.9 36.9 36.9 36.8 36.7 36.7 36.6 36.5 36.5 36.5 36.5 36.4 36.4 36.3 36.3 36.4 36.4 36.3 36.2 36.2 36.2 36.2 36.2 36.2 36.2 36.2 36.3 36.2 36.3 36.4 36.4 36.5 36.6 36.5 36.5 36.5 36.5 36.4 36.3 36.2 36.1 36.1 36.1 36.0 36.0 35.9 35.9 35.8 35.8 35.8 35.7 35.6 35.5 35.5 35.6 35.5 35.2 35.1 35.2 35.1 35.1 35.1 34.8 34.8 34.8 34.7 34.4 34.4 34.5 34.8 35.1 35.0 34.8 34.8 35.1 35.0 35.1 34.8 35.2 35.2 35.1 35.0 34.7 34.6 34.7 34.7 34.7 34.7 34.7 34.5 34.5 34.4 34.4 33.9 34.0 34.1 34.2 34.3 33.6 33.6 33.6 34.0 34.2 33.9 34.1 34.2 34.2 34.3 34.1 33.8 34.0 34.0 34.1 34.2 34.1 34.2 34.3 34.4 34.6 34.6 34.7 35.1 35.2 34.9 35.2 35.0 35.3 35.2 35.1 35.5 35.5 35.4 35.5 35.7 35.8 35.6 35.6 35.5 35.7 35.7 35.8 35.6 35.7 35.9 35.7 35.7 35.6 35.8 35.9 36.0 35.9 35.9 35.9 36.0 36.1 36.3 36.5 36.5 36.4 36.4 36.4 36.3 36.3 36.4 36.5 36.4 36.4 36.4 36.4 36.5 36.4 36.5 36.5 36.5 36.888194444444444 2.234618240288407
1 47.1 46.7 46.5 46.3 46.3 46.1 45.9 45.7 45.6 45.6 45.4 45.3 45.1 45.0 45.0 44.9 44.9 44.8 44.8 44.6 44.5 44.5 44.5 44.5 44.4 44.2 44.0 43.7 43.6 43.4 43.3 43.4 43.5 43.5 43.4 43.3 43.2 43.1 42.8 42.6 42.5 42.3 42.1 42.0 42.0 42.1 42.0 41.6 41.3 41.0 40.8 40.8 40.6 40.6 40.4 40.2 40.1 39.9 39.6 39.3 39.3 39.6 39.7 40.0 40.0 39.9 40.0 40.2 40.2 40.1 40.3 40.4 40.4 40.4 40.4 40.4 40.8 40.9 40.9 40.9 41.1 41.1 41.0 41.0 41.1 41.0 40.8 40.4 40.6 40.8 40.9 40.9 41.1 41.4 41.0 40.9 40.9 41.0 41.0 40.9 40.9 40.8 40.8 40.7 40.6 40.6 40.6 40.6 40.7 40.7 40.7 40.8 41.3 41.7 41.5 41.5 41.6 41.6 41.5 41.5 41.5 41.4 41.4 41.4 41.3 41.4 41.1 41.0 40.5 40.0 39.8 39.7 39.7 39.6 39.6 39.7 39.8 39.9 39.9 40.0 40.2 40.3 40.2 40.3 40.6 40.1 39.7 39.4 39.1 38.7 38.5 38.3 38.2 38.2 38.1 37.9 37.9 37.7 37.6 37.7 37.6 37.6 37.5 37.4 37.4 37.5 37.7 37.6 37.4 37.4 37.3 37.6 37.7 37.8 37.8 37.7 37.6 37.5 37.4 37.3 37.3 37.5 37.3 37.2 37.0 36.8 36.9 36.9 37.0 36.9 36.6 36.8 36.6 36.2 36.4 36.8 37.3 37.8 37.1 37.0 36.8 36.9 36.8 36.8 37.1 36.8 36.8 36.9 37.0 36.9 36.8 36.9 37.1 37.0 37.2 36.9 36.5 36.8 36.5 35.9 36.0 35.5 35.3 35.6 35.4 35.4 35.3 35.1 35.1 34.6 34.3 34.4 34.4 34.1 34.1 34.5 34.2 34.1 34.1 34.1 34.1 34.0 34.0 33.9 33.8 33.8 33.7 33.6 33.7 33.7 33.8 33.9 33.9 34.0 33.8 33.8 34.0 33.8 33.8 34.0 34.4 34.6 34.8 35.0 35.1 35.1 35.1 35.3 35.4 35.6 35.6 35.5 35.5 35.6 35.6 35.6 35.6 35.6 35.6 35.6 35.8 35.7 35.7 35.6 35.6 35.6 35.6 35.6 38.98854166666666 3.326177550778542
2 47.5 47.4 47.4 47.3 47.3 47.1 47.0 47.0 46.9 46.8 46.8 46.7 46.6 46.5 46.4 46.3 46.2 46.1 45.9 45.8 45.8 45.8 45.8 45.6 45.6 45.5 45.5 45.5 45.5 45.4 45.5 45.4 45.4 45.3 45.1 45.0 44.9 44.8 44.7 44.6 44.6 44.6 44.6 44.5 44.5 44.6 44.5 44.4 44.3 44.4 44.3 44.1 44.0 44.0 43.9 44.0 44.3 44.5 44.6 44.7 44.7 44.6 44.5 44.5 44.4 44.4 44.4 44.4 44.4 44.4 44.5 44.5 44.6 44.8 44.7 44.6 44.5 44.3 44.1 44.0 44.0 44.0 44.1 44.2 44.1 44.1 44.0 43.9 43.9 43.9 43.9 43.9 43.9 43.9 43.9 43.9 43.9 44.0 43.9 43.9 43.8 43.7 43.6 43.5 43.5 43.6 43.5 43.5 43.6 43.6 43.5 43.5 43.5 43.4 43.3 43.2 43.2 43.1 43.1 42.9 42.7 42.6 42.4 42.3 42.2 42.2 42.1 42.1 42.0 42.0 42.0 42.0 42.0 42.1 42.0 42.1 42.0 42.0 42.1 42.2 42.1 42.3 42.2 42.2 42.2 42.3 42.3 42.2 42.1 42.1 42.1 42.1 41.9 41.8 41.4 41.2 41.2 41.2 41.2 41.1 41.1 41.1 41.1 41.1 41.3 41.3 41.4 41.5 41.5 41.3 41.3 41.2 41.2 41.1 40.7 40.6 40.5 40.4 40.3 40.4 40.4 40.5 40.3 40.2 40.0 40.0 39.6 39.3 39.1 38.8 38.5 38.4 38.3 38.4 38.5 38.5 38.7 38.8 38.9 39.6 39.6 39.8 39.7 39.7 39.7 39.7 39.8 39.7 39.5 39.5 39.5 39.2 38.9 39.2 39.4 39.7 39.0 39.3 39.1 38.9 38.9 38.7 38.8 38.7 38.5 38.4 38.1 38.2 38.1 38.1 38.1 38.3 38.3 38.3 38.3 38.4 38.4 38.3 38.2 38.2 38.3 38.2 38.2 38.1 38.0 38.1 38.1 38.3 38.6 38.6 38.7 38.4 38.2 38.1 38.0 38.1 38.0 38.1 37.9 37.9 37.8 38.0 38.1 38.1 38.3 38.2 38.3 38.3 38.4 38.4 38.4 38.4 38.6 38.7 38.7 38.7 38.8 38.8 38.8 38.9 38.9 38.9 39.0 39.0 39.0 39.0 39.1 39.1 41.84930555555555 2.79186215447428
3 45.4 45.1 45.0 44.9 45.0 45.1 45.1 45.0 44.9 44.9 44.8 44.8 44.7 44.8 44.9 44.8 44.8 44.8 44.8 44.9 44.9 44.9 45.0 45.0 44.9 44.9 44.9 44.9 45.0 45.0 45.1 45.1 45.2 45.2 45.3 45.3 45.3 45.3 45.2 45.2 45.2 45.0 45.0 44.9 44.8 44.7 44.6 44.5 44.4 44.4 44.3 44.3 44.3 44.2 44.2 44.2 44.1 44.0 43.9 43.8 43.7 43.7 43.6 43.6 43.6 43.6 43.6 43.6 43.6 43.5 43.6 43.6 43.6 43.6 43.5 43.5 43.5 43.5 43.5 43.5 43.4 43.3 43.2 43.1 42.9 42.9 42.9 42.9 43.0 43.0 43.1 42.9 42.8 42.8 42.9 42.9 42.9 42.9 42.9 43.0 43.0 43.0 43.1 43.1 43.1 43.2 43.1 43.0 42.9 42.9 42.9 42.9 42.9 42.8 42.7 42.8 42.9 42.8 42.8 42.8 42.8 42.9 42.8 42.7 42.6 42.7 42.8 42.9 42.8 42.8 42.8 42.7 42.7 42.7 42.5 42.5 42.5 42.4 42.3 42.1 41.9 41.9 41.8 41.7 41.6 41.6 41.4 41.4 41.3 41.3 41.3 41.2 40.9 40.8 40.8 40.7 40.8 40.9 41.1 41.1 41.1 41.2 41.3 41.3 41.4 41.5 41.7 41.7 41.8 42.0 42.1 42.0 42.1 42.1 42.2 42.4 42.4 42.6 42.5 42.6 42.5 42.4 42.3 42.3 42.0 41.7 41.4 41.1 40.8 40.4 39.9 39.3 39.1 38.9 38.8 38.9 39.0 39.3 39.6 39.5 39.6 40.0 40.3 39.9 40.2 40.2 40.1 40.2 40.2 40.5 40.4 40.2 40.2 40.1 40.1 40.3 40.2 40.2 40.4 40.3 40.4 40.2 40.3 40.1 40.3 40.2 40.1 40.0 39.9 40.0 40.1 39.9 39.6 39.7 39.7 39.8 40.0 39.9 39.8 39.6 39.5 39.4 39.3 39.4 39.5 39.6 39.7 39.7 39.9 39.9 39.9 40.1 40.1 40.0 40.1 40.1 40.2 40.3 40.1 40.1 40.1 40.1 40.0 40.0 40.0 39.8 39.9 40.0 39.8 39.7 39.8 40.0 39.8 39.9 40.0 40.0 39.9 39.9 39.9 40.0 40.0 40.0 39.9 39.9 39.9 39.9 39.8 39.7 42.091319444444444 1.9088354063148258
4 44.2 43.7 43.2 42.8 43.0 43.0 43.2 43.2 43.3 43.3 43.1 43.0 42.9 42.7 42.6 42.4 42.6 42.3 42.4 42.3 42.4 42.4 42.5 42.3 42.3 42.0 42.1 42.3 42.2 42.2 42.3 42.4 42.5 42.5 42.6 42.6 42.6 42.7 43.0 43.0 43.0 42.6 42.7 42.6 42.3 42.2 42.3 42.2 42.1 42.1 42.0 41.9 41.8 41.7 41.3 41.2 41.2 41.2 41.1 41.1 41.1 41.0 41.0 40.9 40.9 41.1 41.2 41.1 41.1 40.9 41.0 41.3 41.3 41.3 41.3 41.4 41.5 41.4 41.3 41.3 41.2 41.2 41.2 41.2 41.2 41.3 41.3 41.2 41.2 41.3 41.3 41.5 41.7 42.0 42.2 42.4 42.4 42.4 42.4 42.4 42.4 42.5 42.6 42.7 42.6 42.4 42.3 42.2 42.2 42.2 42.2 42.4 42.5 42.4 42.5 42.6 42.4 42.1 41.9 41.6 41.5 41.6 41.6 41.7 41.7 41.6 41.4 41.3 41.2 41.1 41.0 40.9 40.9 40.9 40.9 40.9 40.8 40.8 40.7 40.6 40.6 40.5 40.5 40.4 40.3 40.3 40.3 40.3 40.4 40.4 40.4 40.5 40.5 40.5 40.4 40.4 40.5 40.6 40.7 40.8 40.8 40.7 40.9 40.9 41.1 41.2 41.4 41.6 41.6 41.9 42.0 42.1 42.1 42.2 42.2 42.3 42.4 42.5 42.3 41.7 41.6 41.4 41.1 41.1 41.1 41.0 41.0 40.9 40.9 40.8 41.0 40.9 40.7 40.6 40.2 39.6 39.4 39.5 39.4 39.6 39.5 39.6 40.0 40.1 40.5 40.9 41.1 40.9 41.1 41.2 41.4 41.5 41.5 41.7 41.9 41.6 41.5 41.8 41.6 41.7 41.7 41.6 41.2 41.0 40.9 41.0 40.7 40.5 40.8 40.7 40.8 41.0 41.1 41.1 41.1 41.2 41.1 41.1 41.0 41.0 41.0 40.9 40.8 40.8 41.1 41.0 41.0 41.3 41.4 41.5 41.5 41.4 41.3 41.5 41.7 41.8 42.1 42.1 42.3 42.5 42.5 42.6 42.6 42.6 42.7 42.7 42.6 42.4 42.4 42.4 42.3 42.3 42.3 42.3 42.3 42.3 42.5 42.8 43.1 43.2 43.0 42.8 42.7 42.7 42.5 42.5 42.4 42.2 41.63298611111111 0.8621677402628685
5 45.9 45.4 45.6 45.6 45.8 45.7 45.4 44.4 44.5 44.5 44.9 44.8 44.8 45.1 45.4 45.6 45.6 45.6 45.3 45.0 45.0 45.0 45.0 44.9 44.7 44.5 44.4 44.2 44.1 44.0 43.9 43.7 43.5 43.2 43.3 43.2 43.5 43.3 43.1 42.9 43.2 43.3 43.2 43.2 43.0 42.9 42.7 43.1 43.3 43.2 43.2 43.4 43.4 43.4 43.5 43.9 43.7 43.0 42.9 42.9 42.8 42.7 42.6 42.7 42.5 42.5 42.6 42.6 42.6 42.5 42.4 42.4 42.4 42.5 42.5 42.4 42.4 42.5 42.6 42.6 42.5 42.7 42.7 42.6 42.8 42.9 43.0 43.0 42.9 42.9 43.0 42.9 42.9 42.8 42.6 42.4 42.2 42.0 41.8 41.8 41.9 41.9 41.8 41.8 41.8 41.6 41.6 41.6 41.5 41.4 41.4 41.2 41.0 40.7 40.6 40.7 40.7 40.6 40.6 40.6 40.5 40.2 39.9 39.7 39.6 39.6 39.6 39.7 39.4 39.0 38.7 38.5 38.2 38.1 37.9 38.0 38.0 38.0 38.0 38.0 38.0 38.0 37.9 38.0 38.0 37.9 37.9 37.9 37.9 37.9 37.8 37.8 37.8 37.7 37.7 37.6 37.6 37.7 37.7 37.7 37.7 37.8 37.8 37.9 37.9 37.9 38.0 38.0 38.1 38.1 38.1 38.2 38.2 38.4 38.5 38.5 38.6 38.6 38.6 38.7 38.7 38.7 38.8 38.9 38.9 38.9 39.0 39.1 39.1 39.1 39.2 39.2 39.3 39.4 39.5 39.5 39.7 39.7 39.8 40.0 40.0 40.1 40.1 40.2 40.4 40.7 41.0 41.1 41.5 41.4 41.3 41.1 41.5 41.6 41.4 41.6 41.6 41.6 41.4 41.5 41.5 41.5 41.7 41.8 41.9 41.6 41.7 41.6 41.7 41.7 41.8 41.7 41.9 41.9 42.0 41.9 42.0 42.0 42.0 42.0 42.1 42.3 42.1 42.1 42.1 42.2 42.3 42.2 42.3 42.3 42.2 42.3 42.3 42.4 42.4 42.4 42.3 42.3 42.3 42.2 42.0 42.0 41.9 41.9 41.7 41.5 41.4 41.3 41.2 40.9 40.7 40.5 40.4 40.3 40.3 40.2 40.2 40.2 40.3 40.3 40.2 40.2 40.1 40.2 40.2 40.2 40.2 40.1 41.329166666666666 2.147549450214123
6 45.0 44.9 44.9 44.8 44.8 44.8 44.8 44.5 44.2 44.5 44.3 44.1 43.5 43.0 43.0 42.9 42.6 42.7 42.8 42.7 42.2 42.4 42.0 41.6 41.7 41.5 41.7 42.1 41.3 41.0 40.8 40.6 40.3 40.7 40.5 40.7 40.7 40.3 39.7 39.2 39.2 39.7 39.8 40.5 41.4 41.0 41.5 41.8 41.5 41.6 42.3 42.5 42.7 42.8 42.8 42.5 42.0 41.5 40.5 40.7 40.8 41.3 41.8 42.5 42.6 42.8 42.4 42.0 41.2 41.1 40.5 39.8 39.4 39.3 39.0 39.0 39.3 39.4 39.4 39.4 39.3 39.1 39.0 38.9 38.8 38.8 38.8 38.9 38.9 38.8 38.7 38.6 38.6 38.5 38.4 38.5 38.6 38.7 38.6 38.5 38.5 38.5 38.5 38.6 38.5 38.5 38.5 38.4 38.3 38.4 38.4 38.4 38.3 38.3 38.4 38.3 38.2 38.2 38.2 38.1 38.1 38.0 38.0 38.0 38.0 38.1 38.2 38.2 38.2 38.0 37.9 37.9 37.8 37.8 37.7 37.7 37.8 37.7 37.6 37.7 37.6 37.6 37.6 37.6 37.6 37.6 37.6 37.6 37.6 37.7 37.6 37.6 37.6 37.5 37.5 37.4 37.4 37.3 37.3 37.2 37.2 37.2 37.3 37.4 37.4 37.4 37.5 37.5 37.5 37.6 37.6 37.6 37.6 37.5 37.6 37.7 37.6 37.6 37.6 37.5 37.4 37.4 37.5 37.5 37.4 37.4 37.4 37.3 37.4 37.4 37.4 37.6 37.5 37.6 37.8 37.8 37.9 37.8 37.8 38.0 38.1 38.2 38.3 38.5 38.5 38.7 38.7 38.9 38.8 38.8 39.0 39.1 39.1 39.0 39.2 39.4 39.1 39.7 39.3 39.3 39.4 39.3 39.4 39.4 39.5 39.6 39.6 39.6 39.7 39.8 39.9 39.7 39.9 39.7 39.7 39.8 39.6 39.4 39.4 39.4 39.4 39.3 39.2 39.2 39.2 39.2 39.3 39.3 39.3 39.3 39.3 38.9 38.8 38.7 38.2 38.2 38.0 38.0 38.0 37.9 37.8 37.8 37.9 38.0 37.8 37.8 37.7 37.7 37.6 37.7 37.6 37.6 37.6 37.4 37.4 37.4 37.4 37.3 37.3 37.2 37.3 37.3 37.3 37.3 37.3 37.3 37.3 37.3 39.20243055555556 1.9265324219594682
7 50.6 50.6 50.4 50.0 49.8 49.6 49.5 49.3 49.2 48.5 48.6 48.7 49.1 48.3 48.1 47.9 48.0 48.3 48.5 48.6 48.5 48.3 48.3 48.3 48.0 47.8 47.3 47.8 48.2 48.1 46.9 47.4 46.2 45.5 45.9 44.7 45.2 45.2 45.0 45.7 45.9 45.0 44.8 45.0 45.3 45.3 45.1 45.5 45.2 45.3 45.6 45.6 45.5 46.1 46.3 46.4 46.3 46.3 46.2 46.0 45.8 45.7 45.2 45.2 45.0 44.8 44.4 44.4 44.1 44.0 43.9 43.8 43.6 43.7 43.4 43.3 42.9 42.4 42.1 41.7 41.2 41.2 41.0 40.9 40.8 40.9 40.9 40.9 40.6 40.1 40.0 39.8 39.8 39.7 39.6 39.6 39.7 39.8 39.6 39.4 39.3 39.2 39.1 39.0 39.0 38.9 38.8 38.7 38.5 38.4 38.3 38.2 38.2 38.2 38.2 38.2 38.2 38.3 38.4 38.4 38.4 38.3 38.2 38.3 38.4 38.4 38.4 38.4 38.4 38.4 38.5 38.5 38.5 38.2 38.0 38.0 38.0 38.0 38.1 38.1 38.0 37.8 37.9 37.5 37.2 37.1 37.1 37.1 37.1 37.1 37.2 37.2 37.1 37.1 37.1 37.1 37.2 37.1 37.1 37.0 37.1 37.0 37.0 37.0 37.0 37.0 37.0 37.0 37.1 37.1 37.1 37.1 37.2 37.2 37.2 37.2 37.2 37.3 37.3 37.5 37.6 37.7 37.7 37.8 37.9 38.0 38.0 38.2 38.2 38.3 38.4 38.6 38.4 38.3 38.2 38.2 38.3 38.4 38.3 38.3 38.2 38.4 38.5 38.4 38.3 38.4 38.5 38.6 38.7 38.8 38.7 38.8 38.9 38.8 38.7 39.0 39.0 39.0 39.7 39.3 40.0 40.5 40.0 39.9 40.1 40.0 40.0 40.1 40.0 40.1 40.1 40.2 40.2 40.4 40.5 40.2 40.3 40.4 40.4 40.4 40.1 40.2 40.2 40.3 40.3 40.4 40.6 40.7 40.8 40.6 40.6 40.7 40.7 40.9 40.9 40.7 40.8 40.9 40.9 40.9 40.9 40.9 40.9 40.9 41.0 41.0 41.1 40.8 40.6 40.5 40.4 40.4 40.4 40.4 40.3 40.4 40.3 40.3 40.4 40.4 40.4 40.3 40.3 40.2 40.3 40.3 40.4 40.3 41.078125 3.664621417099186
8 49.3 49.1 49.3 49.4 49.3 48.5 48.3 48.3 48.8 48.5 48.2 47.6 47.3 47.6 47.7 47.7 47.0 47.2 47.0 46.8 46.6 46.2 46.2 45.8 45.5 46.1 46.2 46.1 46.0 46.5 46.6 46.2 45.1 45.0 45.1 45.5 45.7 45.9 46.5 46.6 46.8 47.2 46.8 46.3 47.0 47.3 47.1 45.5 45.5 45.3 45.3 45.2 45.3 45.3 45.4 45.2 45.5 45.6 45.6 45.3 45.1 44.8 44.4 44.2 44.1 44.1 44.1 43.9 43.7 43.5 43.4 43.2 43.1 43.1 43.0 43.0 43.0 42.8 42.7 42.6 42.4 42.3 42.2 42.2 42.2 42.1 42.0 42.0 41.9 41.9 41.8 41.7 41.5 41.5 41.4 41.3 41.3 41.3 41.4 41.3 41.3 41.3 41.2 41.0 40.9 40.6 40.4 40.0 39.8 39.4 39.1 38.9 38.5 38.0 37.8 37.5 37.5 37.2 37.1 37.0 37.0 36.9 36.8 36.8 36.8 36.8 36.8 36.7 36.7 36.6 36.7 36.6 36.6 36.6 36.5 36.4 36.3 36.3 36.2 36.1 36.0 36.0 35.7 35.4 35.4 35.3 35.3 35.3 35.3 35.3 35.4 35.4 35.4 35.4 35.5 35.5 35.6 35.6 35.6 35.6 35.7 35.7 35.8 35.8 35.7 35.8 35.9 35.9 36.0 36.0 36.2 36.3 36.4 36.4 36.3 36.4 36.4 36.4 36.3 36.2 36.2 36.2 36.2 36.2 36.3 36.4 36.5 36.5 36.7 36.9 37.0 37.1 37.1 37.0 36.8 36.8 36.8 36.9 36.9 36.8 37.0 36.9 37.0 37.1 37.1 37.1 37.0 37.0 37.0 37.0 37.0 37.0 37.0 37.2 37.4 37.9 37.8 38.2 38.3 38.5 38.5 38.6 38.6 38.5 38.9 38.6 38.8 38.9 38.8 38.8 39.1 39.2 39.6 39.8 39.7 39.7 39.9 39.9 39.9 39.9 39.7 39.6 39.7 39.8 39.9 39.6 39.4 39.3 39.2 39.3 39.2 39.3 39.4 39.5 39.4 39.3 39.3 39.3 39.4 39.5 39.5 39.7 39.7 39.5 39.7 39.8 39.5 39.2 39.3 39.3 39.3 39.3 39.1 39.3 39.3 39.4 39.4 39.4 39.3 39.4 39.5 39.3 39.2 39.2 39.2 39.2 39.2 39.2 40.31805555555555 3.9561120670170995
9 50.5 50.4 50.2 50.0 49.9 49.9 49.7 49.3 49.2 49.2 49.0 48.8 48.8 48.7 48.5 48.7 48.2 47.8 48.0 48.8 47.3 47.1 46.8 46.3 45.9 46.1 46.1 45.9 46.3 46.1 45.9 46.1 46.4 45.9 45.9 45.9 45.9 46.3 45.8 45.6 45.9 45.9 45.6 44.9 45.9 45.7 45.1 44.9 45.3 45.5 45.3 45.0 45.1 45.5 45.6 46.0 47.1 46.0 45.8 45.6 45.1 45.5 45.5 45.2 45.2 44.8 45.3 45.2 45.6 45.6 45.0 45.1 45.2 45.2 45.1 45.6 45.4 45.2 45.7 46.1 45.8 45.9 45.4 45.8 46.0 46.6 48.7 48.3 49.1 47.9 48.6 48.7 48.9 49.0 48.7 48.7 48.7 48.4 48.3 48.1 47.9 47.8 47.8 48.2 48.2 48.3 48.2 47.9 47.6 47.4 47.2 47.1 46.9 46.8 46.8 46.6 46.9 47.2 47.0 46.6 46.5 46.5 46.4 46.1 46.0 46.0 45.8 45.9 45.6 44.7 43.8 43.4 43.4 42.8 42.5 42.5 42.6 42.5 42.2 42.1 42.4 42.5 42.8 43.2 42.9 42.4 41.5 41.4 41.1 41.2 41.6 41.5 41.6 41.0 40.5 40.1 39.9 39.9 40.2 39.9 39.6 39.5 39.6 39.7 39.3 39.5 39.3 39.1 39.0 39.2 39.1 38.9 39.2 39.3 38.5 38.7 38.7 38.4 38.6 38.6 38.5 38.6 38.8 39.0 39.0 39.1 39.0 39.0 39.0 38.6 38.8 38.7 38.6 38.8 38.7 38.5 38.4 38.3 38.5 38.7 38.7 38.7 38.7 38.7 38.6 38.5 38.6 38.4 38.3 38.1 38.0 38.0 38.0 38.0 38.0 38.1 38.1 38.2 38.2 38.3 38.2 38.1 38.3 38.1 38.0 38.1 38.4 38.8 39.0 39.1 39.4 39.3 39.5 39.8 39.8 39.9 40.1 40.0 40.1 39.8 39.8 39.7 39.7 39.6 39.8 39.9 39.8 39.8 40.0 40.0 40.0 40.2 40.1 40.2 40.2 40.1 40.2 40.1 40.2 40.1 40.0 39.6 39.4 39.3 39.2 39.1 39.1 39.1 39.2 39.2 39.2 39.1 39.0 39.0 39.1 39.1 39.1 39.1 39.1 39.1 39.1 39.1 39.2 39.2 39.1 38.9 39.0 39.0 42.864583333333336 3.8741881244582537
END
#################################################################
SECTION3 (Edges Information)
EndPoint0 EndPoint1 Weight
0 1 1.000000
1 2 1.000000
2 3 1.000000
3 4 1.000000
3 5 1.000000
4 5 1.000000
4 6 1.000000
5 6 1.000000
5 7 1.000000
6 7 1.000000
7 8 1.000000
7 9 1.000000
8 9 1.000000
0 1 1.000000
1 2 1.000000
2 3 1.000000
3 4 1.000000
3 5 1.000000
4 5 1.000000
4 6 1.000000
5 6 1.000000
5 7 1.000000
6 7 1.000000
7 8 1.000000
7 9 1.000000
8 9 1.000000
0 1 1.000000
1 2 1.000000
2 3 1.000000
3 4 1.000000
3 5 1.000000
4 5 1.000000
4 6 1.000000
5 6 1.000000
5 7 1.000000
6 7 1.000000
7 8 1.000000
7 9 1.000000
8 9 1.000000
END
#################################################################
SECTION4 (TrueSubGraph Information)
EndPoint0 EndPoint1 Weight
END
#################################################################
