#################################################################
#APDM Input Graph, this input graph includes 3 sections:
#section1 : general information
#section2 : nodes
#section3 : edges
#section4 : trueSubGraph (Optional)
#
#if nodes haven't information set weight to null
#################################################################
SECTION1 (General Information)
numNodes = 10
numEdges = 39
usedAlgorithm = NULL
dataSource = TransWeatherRealData
END
#################################################################
SECTION2 (Nodes Information)
NodeID temp9  mean  std 
0 35.2 35.2 35.3 35.3 35.2 35.3 35.3 35.3 35.4 35.4 35.4 35.5 35.5 35.5 35.5 35.5 35.4 35.4 35.5 35.4 35.3 35.3 35.3 35.2 35.1 35.0 35.0 35.0 34.9 34.9 34.9 34.9 35.0 35.1 35.2 35.3 35.3 35.4 35.5 35.6 35.7 35.7 35.8 35.9 36.0 36.0 36.0 36.1 36.1 36.1 36.1 36.1 36.2 36.2 36.3 36.3 36.3 36.3 36.3 36.3 36.3 36.4 36.4 36.4 36.4 36.5 36.5 36.6 36.6 36.7 36.8 36.9 37.0 37.1 37.3 37.3 37.3 37.4 37.4 37.5 37.5 37.5 37.6 37.8 37.8 38.0 38.2 38.4 38.5 38.6 38.7 38.8 38.8 38.9 39.0 39.0 39.1 39.2 39.3 39.3 39.4 39.5 39.5 39.6 39.6 39.6 39.7 39.7 39.7 39.8 39.8 39.8 39.9 40.0 40.0 40.0 40.0 40.1 40.2 40.3 40.4 40.4 40.5 40.6 40.7 40.8 40.9 40.9 41.0 41.0 41.1 41.2 41.2 41.2 41.3 41.4 41.5 41.5 41.5 41.6 41.7 41.7 41.7 41.8 41.9 41.8 41.9 41.9 41.9 41.8 41.8 41.6 41.6 41.7 41.7 41.5 41.4 41.3 41.3 41.5 41.5 41.7 41.8 41.7 41.6 41.4 41.3 41.4 41.4 41.4 41.3 41.0 41.1 41.1 41.1 41.2 41.1 41.4 41.3 41.2 41.4 41.3 41.3 41.2 41.2 41.4 41.5 41.7 41.8 41.8 41.9 42.1 42.1 42.1 42.1 42.2 42.2 42.4 42.4 42.4 42.4 42.4 42.5 42.6 42.6 42.5 42.6 42.5 42.5 42.5 42.4 42.3 42.3 42.4 42.5 42.5 42.4 42.5 42.6 42.6 42.7 42.7 42.3 42.1 41.9 41.8 41.7 41.5 41.4 41.3 41.2 41.2 41.1 41.1 41.0 41.0 41.0 40.9 40.9 40.9 40.9 40.9 40.8 40.8 40.8 40.7 40.7 40.7 40.6 40.6 40.5 40.5 40.5 40.4 40.4 40.3 40.3 40.2 40.2 40.2 40.1 40.0 40.0 39.9 39.8 39.8 39.8 39.7 39.7 39.6 39.4 39.3 39.2 39.1 39.0 38.9 38.8 38.8 38.7 38.7 38.6 38.7 38.6 38.6 38.5 38.5 38.4 38.4 39.375347222222224 2.4666945008552936
1 35.0 35.0 35.0 35.0 35.0 35.1 35.1 35.1 35.1 35.3 35.3 35.3 35.3 35.3 35.3 35.5 35.5 35.6 35.6 35.7 35.7 35.7 35.8 35.9 36.0 36.0 36.2 36.3 36.3 36.2 36.1 36.0 36.0 36.1 36.2 36.2 36.2 36.4 36.7 36.9 36.7 36.6 36.6 36.8 36.8 36.9 37.0 37.1 37.1 37.0 37.0 37.0 37.0 36.9 37.0 37.1 37.1 37.1 37.0 37.1 37.3 37.4 37.4 37.5 37.5 37.7 37.8 37.8 37.8 37.8 37.9 37.8 37.7 37.7 37.8 37.8 37.8 37.8 37.8 37.9 38.1 38.0 38.1 38.1 38.2 38.2 38.3 38.4 38.6 38.6 38.6 38.7 38.7 38.8 38.9 38.9 38.9 38.9 38.9 38.9 39.0 38.9 38.8 38.8 38.7 38.7 38.7 38.8 38.8 38.8 38.8 38.7 38.8 38.9 39.0 39.1 38.9 38.9 38.9 39.2 39.3 39.3 39.4 39.5 39.5 39.3 39.3 39.2 39.1 39.1 39.2 39.3 39.3 39.4 39.5 39.4 39.5 39.4 39.3 39.2 39.3 39.3 39.3 39.2 39.1 39.2 39.1 39.1 39.1 39.2 39.2 39.2 39.2 39.2 39.3 39.3 39.3 39.4 39.5 39.7 39.8 39.9 39.9 40.0 40.0 40.1 40.1 40.1 40.1 40.1 40.0 39.9 39.9 39.9 39.8 39.7 39.8 39.8 40.0 39.9 40.1 40.3 40.3 40.0 40.2 40.0 39.9 39.9 39.8 39.8 39.8 39.8 39.8 40.0 40.1 40.3 40.3 40.3 40.5 40.4 40.5 40.5 40.6 40.7 40.8 40.8 40.9 40.8 40.7 40.7 40.7 40.6 40.6 40.4 40.4 40.3 40.2 40.1 40.0 39.9 39.7 39.5 39.5 39.4 39.4 39.4 39.4 39.4 39.4 39.4 39.4 39.3 39.2 39.2 39.1 39.1 39.0 39.0 38.9 38.9 38.8 38.8 38.8 38.7 38.8 38.7 38.7 38.7 38.6 38.6 38.6 38.6 38.6 38.5 38.5 38.6 38.6 38.3 38.1 38.0 37.8 37.7 37.6 37.6 37.5 37.5 37.4 37.4 37.3 37.2 37.2 37.1 37.1 37.1 37.0 37.0 37.0 37.0 36.9 36.9 36.9 36.8 36.8 36.7 36.7 36.6 36.6 36.6 38.359027777777776 1.5146859793206122
2 36.0 35.9 35.9 35.9 35.9 35.9 36.0 36.2 36.7 37.0 37.1 37.3 37.5 37.6 37.8 37.9 37.9 38.0 38.0 38.0 38.1 38.5 39.3 39.7 39.9 40.1 40.2 40.4 40.6 40.6 40.6 40.7 40.7 40.7 40.7 40.5 40.2 39.8 39.5 39.6 39.5 39.4 39.4 39.4 39.3 39.3 39.5 39.6 39.7 39.6 39.6 39.5 39.5 39.5 39.4 39.4 39.4 39.4 39.4 39.4 39.4 39.4 39.4 39.5 39.5 39.6 39.6 39.7 39.7 39.8 39.9 39.9 40.0 40.1 40.0 40.1 40.0 40.0 40.0 40.0 39.9 39.9 39.9 40.0 39.9 40.0 40.0 40.1 40.2 40.2 40.3 40.4 40.4 40.4 40.5 40.5 40.5 40.5 40.6 40.6 40.6 40.5 40.5 40.4 40.2 40.2 40.1 40.0 40.0 39.9 39.9 39.9 39.9 39.9 39.8 39.8 39.8 39.8 39.8 39.8 39.9 39.9 39.9 39.9 39.9 39.9 39.8 39.8 39.8 39.9 39.9 39.9 39.9 39.9 39.9 39.9 39.9 40.0 40.0 40.0 40.1 40.2 40.3 40.4 40.4 40.5 40.6 40.6 40.7 40.7 40.8 40.8 40.8 40.8 40.9 40.8 40.9 40.9 40.9 40.9 41.0 41.0 41.0 41.0 41.0 41.0 41.0 40.9 40.9 40.9 40.9 40.9 40.9 40.9 40.9 40.9 41.1 41.2 41.1 41.2 41.2 41.3 41.3 41.2 41.2 41.2 41.1 41.3 41.4 41.3 41.2 41.2 41.2 41.3 41.4 41.5 41.6 41.6 41.6 41.6 41.7 41.7 41.8 41.7 41.8 41.8 41.7 41.7 41.6 41.6 41.5 41.4 41.3 41.3 41.2 41.2 41.1 41.0 41.0 40.9 40.9 40.8 40.8 40.7 40.7 40.7 40.6 40.6 40.6 40.6 40.5 40.4 40.4 40.3 40.3 40.3 40.3 40.3 40.3 40.3 40.3 40.4 40.4 40.3 40.3 40.2 40.1 40.1 40.1 40.1 40.1 40.0 40.1 40.0 40.0 40.0 40.0 40.0 40.0 39.8 39.6 39.5 39.5 39.3 39.2 39.1 39.0 38.9 38.8 38.8 38.7 38.7 38.7 38.8 38.7 38.7 38.6 38.8 39.2 39.6 39.8 39.7 39.7 39.6 39.5 39.4 39.4 39.3 40.017361111111114 1.1294493037633797
3 33.4 33.4 33.5 33.6 33.6 33.7 33.8 33.8 33.9 33.9 34.0 34.1 34.2 34.2 34.2 34.3 34.3 34.3 34.4 34.4 34.6 34.7 34.7 34.8 34.8 34.8 34.8 34.9 35.0 35.1 35.3 35.5 35.5 35.6 35.7 35.7 35.9 36.0 36.1 36.1 35.9 35.9 35.7 35.4 35.4 35.4 35.4 35.4 35.3 35.3 35.3 35.2 35.2 35.2 35.2 35.2 35.3 35.3 35.3 35.3 35.4 35.4 35.4 35.3 35.3 35.3 35.2 35.1 35.1 35.1 35.1 35.0 35.0 35.0 35.0 34.9 35.0 35.0 34.9 34.9 35.0 35.0 35.0 35.0 35.0 35.1 35.1 35.1 35.0 34.9 34.9 34.9 34.9 34.9 34.9 34.9 34.9 35.0 35.1 35.1 35.2 35.3 35.3 35.4 35.4 35.4 35.4 35.4 35.4 35.4 35.5 35.5 35.5 35.5 35.5 35.6 35.6 35.6 35.7 35.7 35.8 35.8 35.9 36.0 36.1 36.2 36.3 36.4 36.6 36.7 36.8 37.0 37.1 37.2 37.3 37.4 37.4 37.5 37.7 37.7 37.9 38.0 38.2 38.3 38.4 38.4 38.4 38.4 38.4 38.5 38.6 38.6 38.8 38.8 39.0 39.0 39.1 39.1 39.3 39.3 39.4 39.5 39.5 39.5 39.5 39.6 39.7 39.7 39.7 39.7 39.8 39.8 39.9 40.1 40.5 40.8 40.9 40.9 40.8 40.7 40.7 40.7 40.7 40.7 40.7 40.7 40.7 40.6 40.6 40.6 40.3 39.8 39.6 39.5 39.4 39.3 39.3 39.3 39.2 39.2 39.1 39.2 39.1 39.1 39.0 39.0 39.0 38.9 38.9 38.8 38.8 38.7 38.7 38.7 38.6 38.5 38.5 38.4 38.3 38.2 38.1 38.0 38.0 37.9 37.8 37.8 37.7 37.7 37.7 37.6 37.6 37.6 37.5 37.5 37.5 37.4 37.4 37.3 37.2 37.2 37.1 37.1 37.1 37.0 37.0 37.0 37.0 37.0 37.0 36.9 36.9 36.9 36.9 36.9 36.8 36.8 36.8 36.8 36.7 36.7 36.7 36.6 36.6 36.5 36.4 36.4 36.3 36.3 36.3 36.2 36.2 36.1 36.1 36.0 36.0 36.0 36.0 35.9 35.9 35.8 35.8 35.7 35.7 35.6 35.6 35.5 35.5 35.5 36.764583333333334 1.905282177058304
4 32.7 32.8 32.9 32.9 32.9 33.0 33.0 33.0 33.0 32.9 32.9 32.9 33.0 33.0 33.0 33.1 33.2 33.2 33.3 33.3 33.4 33.4 33.4 33.5 33.5 33.5 33.5 33.5 33.4 33.4 33.4 33.4 33.3 33.3 33.3 33.3 33.3 33.3 33.4 33.4 33.5 33.5 33.5 33.4 33.5 33.5 33.4 33.4 33.3 33.4 33.3 33.3 33.3 33.4 33.4 33.4 33.4 33.5 33.5 33.5 33.5 33.5 33.6 33.7 33.6 33.7 33.6 33.5 33.5 33.5 33.6 33.5 33.6 33.6 33.7 33.7 33.7 33.8 33.8 33.8 33.8 33.8 33.9 33.9 34.0 34.0 34.1 34.1 34.1 34.1 34.2 34.2 34.2 34.3 34.3 34.4 34.4 34.4 34.6 34.7 34.7 34.8 34.9 34.9 35.0 35.1 35.1 35.2 35.3 35.3 35.3 35.4 35.4 35.4 35.4 35.4 35.4 35.4 35.4 35.5 35.5 35.5 35.5 35.5 35.6 35.6 35.6 35.6 35.7 35.8 35.8 35.9 35.9 36.0 36.0 36.1 36.0 36.1 36.1 36.1 36.1 36.1 36.1 36.1 36.2 36.2 36.2 36.3 36.3 36.3 36.4 36.4 36.5 36.5 36.5 36.6 36.6 36.6 36.6 36.6 36.6 36.6 36.7 36.7 36.8 36.8 36.8 36.8 36.8 36.9 36.9 36.9 36.9 36.9 36.9 36.9 37.0 37.0 37.0 37.0 37.0 37.0 36.9 36.9 36.9 36.9 36.9 36.9 36.9 36.9 36.9 36.9 36.8 36.8 36.8 36.8 36.8 36.8 36.8 36.8 36.7 36.7 36.7 36.7 36.7 36.7 36.6 36.6 36.6 36.6 36.6 36.6 36.6 36.6 36.6 36.6 36.6 36.6 36.6 36.6 36.5 36.5 36.5 36.4 36.4 36.4 36.4 36.4 36.4 36.4 36.4 36.4 36.5 36.5 36.5 36.5 36.4 36.3 36.4 36.4 36.4 36.4 36.3 36.3 36.3 36.3 36.3 36.3 36.3 36.2 36.2 36.3 36.3 36.3 36.3 36.3 36.2 36.2 36.1 36.1 36.1 36.0 35.9 35.9 35.8 35.7 35.7 35.7 35.6 35.6 35.7 35.6 35.7 35.6 35.4 35.1 35.0 34.9 34.8 34.8 34.9 34.9 34.9 35.0 35.0 35.1 35.2 35.2 35.24791666666667 1.3770882147558707
5 32.3 32.2 32.3 32.3 32.2 32.2 32.2 32.2 32.2 32.2 32.2 32.1 32.1 32.1 32.1 32.1 32.1 32.1 32.1 32.1 32.1 32.2 32.3 32.4 32.4 32.4 32.4 32.3 32.4 32.6 32.7 32.8 32.8 32.7 32.7 32.6 32.6 32.6 32.7 32.6 32.5 32.5 32.4 32.3 32.3 32.2 32.1 32.1 32.1 32.1 32.1 32.1 32.0 32.0 32.1 32.1 32.1 32.1 32.1 32.0 32.0 31.9 31.9 31.9 31.9 31.9 31.9 31.9 31.9 31.9 31.9 32.0 32.0 32.1 32.1 32.1 32.2 32.2 32.3 32.3 32.4 32.4 32.4 32.4 32.5 32.5 32.5 32.6 32.6 32.7 32.8 32.9 33.0 33.0 33.1 33.1 33.1 33.1 33.1 33.1 33.2 33.3 33.2 33.2 33.2 33.3 33.3 33.4 33.5 33.5 33.6 33.7 33.6 33.7 33.8 33.8 33.9 33.9 34.1 34.0 34.1 34.2 34.2 34.2 34.2 34.2 34.3 34.3 34.4 34.3 34.3 34.3 34.4 34.5 34.5 34.5 34.5 34.5 34.6 34.6 34.7 34.7 34.8 34.8 34.8 34.8 34.8 34.8 34.8 34.9 34.9 35.0 35.0 35.1 35.1 35.1 35.2 35.2 35.2 35.2 35.3 35.3 35.3 35.3 35.4 35.5 35.5 35.5 35.5 35.5 35.5 35.5 35.6 35.6 35.7 35.7 35.8 35.8 35.9 35.9 35.9 35.9 35.8 35.8 35.9 35.8 35.8 35.7 35.6 35.5 35.5 35.5 35.4 35.5 35.5 35.6 35.5 35.5 35.5 35.4 35.4 35.4 35.4 35.4 35.4 35.4 35.3 35.2 35.2 35.2 35.2 35.2 35.2 35.2 35.2 35.2 35.3 35.2 35.3 35.2 35.1 35.1 35.0 35.0 34.9 34.8 34.9 34.9 34.8 34.7 34.8 34.8 34.7 34.7 34.6 34.6 34.5 34.5 34.5 34.5 34.5 34.5 34.5 34.5 34.4 34.4 34.4 34.3 34.3 34.3 34.3 34.3 34.2 34.2 34.1 34.1 34.1 34.1 34.1 34.0 34.0 33.9 33.9 33.8 33.7 33.7 33.7 33.6 33.6 33.7 33.6 33.6 33.7 33.7 33.7 33.7 33.7 33.7 33.7 33.7 33.8 33.7 33.7 33.7 33.7 33.7 33.7 33.8 33.83402777777778 1.2695118650616568
6 30.3 30.3 30.2 30.3 30.2 30.2 30.1 30.2 30.2 30.2 30.1 30.1 30.2 30.3 30.3 30.3 30.3 30.4 30.5 30.4 30.3 30.1 30.0 29.9 29.8 29.8 29.8 29.8 29.9 29.9 29.9 29.8 29.8 29.8 29.9 30.0 30.0 30.0 29.9 29.9 29.9 29.9 30.0 30.1 30.1 30.1 30.1 30.2 30.3 30.5 30.6 30.8 30.9 31.0 31.2 31.2 31.3 31.4 31.4 31.5 31.5 31.5 31.5 31.5 31.5 31.5 31.5 31.5 31.5 31.5 31.5 31.5 31.5 31.5 31.5 31.5 31.5 31.5 31.5 31.5 31.5 31.5 31.5 31.5 31.5 31.5 31.5 31.5 31.5 31.5 31.5 31.5 31.5 31.5 31.5 31.5 31.5 31.5 31.5 31.5 31.5 31.5 31.5 31.5 31.5 31.5 31.5 31.5 31.5 31.5 31.5 31.5 31.5 31.5 31.5 31.5 31.5 31.5 31.5 31.5 31.5 31.5 31.5 31.5 31.5 31.5 31.5 31.5 31.5 31.5 31.5 31.5 31.5 31.5 31.5 31.5 31.5 31.5 31.5 31.5 31.5 31.5 31.5 31.5 31.5 31.5 31.5 31.5 31.5 31.5 31.5 31.5 31.5 31.5 31.5 31.5 31.5 31.5 31.5 31.5 31.5 31.5 31.5 31.5 31.5 31.5 31.5 31.5 31.5 31.5 31.5 31.5 31.5 31.5 31.5 31.5 31.5 31.5 31.5 31.5 31.5 31.5 31.5 31.5 31.5 31.5 31.5 31.5 31.5 31.5 31.5 31.5 31.5 31.5 31.5 31.5 31.5 31.5 31.5 31.5 31.5 31.5 31.5 31.5 31.5 31.5 31.5 31.5 31.5 31.5 31.5 31.5 31.5 31.5 31.5 31.5 31.5 31.5 31.5 31.5 31.5 31.5 31.5 31.5 31.5 31.5 31.5 31.5 31.5 31.5 31.5 31.5 31.5 31.5 31.5 31.5 31.5 31.5 31.5 31.5 31.5 31.5 31.5 31.5 31.5 31.5 31.5 31.5 31.5 31.5 31.5 31.5 31.5 31.5 31.5 31.5 31.5 31.5 31.5 31.5 31.5 31.5 31.5 31.5 31.5 31.5 31.5 31.5 31.5 31.5 31.5 31.5 31.5 31.5 31.5 31.5 31.5 31.5 31.5 31.5 31.5 31.5 31.5 31.5 31.5 31.5 31.5 31.5 31.242708333333333 0.5415961939325535
7 32.3 32.2 32.2 32.2 32.2 32.2 32.0 32.0 32.0 32.0 32.0 32.0 32.0 32.1 32.0 31.9 31.8 31.7 31.7 31.6 31.6 31.6 31.6 31.6 31.5 31.5 31.4 31.3 31.3 31.2 31.2 31.2 31.1 31.1 31.2 31.2 31.2 31.3 31.3 31.3 31.3 31.3 31.2 31.2 31.1 31.1 31.1 31.0 31.0 31.0 31.0 31.0 31.0 31.0 30.9 30.9 30.9 30.8 30.9 30.9 31.0 31.1 31.1 31.1 31.2 31.2 31.2 31.2 31.2 31.2 31.3 31.3 31.4 31.5 31.6 31.7 31.7 31.8 31.8 31.9 31.9 32.0 32.0 32.0 32.0 32.0 32.0 32.0 32.0 32.0 32.1 32.1 32.2 32.2 32.1 32.1 32.2 32.2 32.2 32.2 32.3 32.3 32.3 32.4 32.4 32.4 32.5 32.5 32.5 32.6 32.6 32.7 32.7 32.8 32.8 32.9 33.0 33.1 33.3 33.4 33.4 33.5 33.6 33.7 34.0 34.0 34.1 34.2 34.3 34.2 34.3 34.2 34.3 34.4 34.4 34.4 34.7 34.7 34.9 34.9 35.1 35.1 35.2 35.3 35.2 35.2 35.2 35.3 35.4 35.3 35.5 35.5 35.6 35.6 35.5 35.5 35.6 35.6 35.7 35.7 35.8 35.8 35.8 35.4 34.6 34.3 34.2 34.0 33.7 33.7 33.7 33.7 33.7 33.7 33.7 33.7 33.7 33.7 33.7 33.7 33.9 34.1 34.1 34.1 34.4 34.5 34.5 34.6 34.5 34.3 33.9 33.8 34.0 34.1 34.5 34.9 35.0 35.0 35.4 35.6 35.6 35.8 35.6 35.2 34.8 34.2 33.9 34.1 34.4 34.5 34.0 34.0 33.7 33.7 33.6 33.5 33.4 33.4 33.4 33.4 33.5 33.4 33.3 33.4 33.4 33.4 33.8 34.2 34.2 34.5 34.5 34.5 34.6 34.0 34.0 33.7 33.6 33.5 33.5 33.5 33.4 33.4 33.4 33.3 33.3 33.3 33.3 33.3 33.2 33.2 33.2 33.2 33.2 33.1 33.1 33.1 33.1 33.1 33.1 33.1 33.1 33.1 33.1 33.1 33.1 33.1 33.1 33.0 33.0 33.0 33.0 32.9 32.9 32.9 32.9 32.8 32.8 32.7 32.6 32.6 32.6 32.6 32.6 32.5 32.5 32.4 32.4 32.4 33.05416666666667 1.3594872470578363
8 31.4 31.3 31.3 31.3 31.3 31.3 31.2 31.3 31.3 31.3 31.3 31.3 31.4 31.5 31.4 31.3 31.1 31.1 31.0 31.0 31.0 31.0 31.0 31.0 31.0 30.9 30.8 30.6 30.4 30.3 30.3 30.3 30.3 30.5 30.7 30.7 30.8 30.9 31.1 31.3 31.6 31.7 31.6 31.7 32.0 32.1 32.3 32.3 32.3 32.4 32.2 32.1 32.2 32.3 32.3 32.2 32.3 32.3 32.4 32.4 32.4 32.5 32.8 33.0 33.3 33.5 33.5 33.3 32.9 32.5 32.3 32.2 32.1 32.1 32.3 32.5 32.7 32.8 32.9 33.2 33.3 33.4 33.4 33.5 33.6 33.7 33.6 33.8 33.8 33.7 33.8 33.9 33.9 34.0 34.3 34.2 34.2 34.2 34.2 34.3 34.3 34.4 34.4 34.2 34.3 34.2 34.4 34.4 34.2 34.2 34.2 34.1 34.1 34.3 34.2 34.1 34.0 34.1 34.1 34.2 34.2 34.2 34.2 34.2 34.1 34.2 34.2 34.2 34.2 34.2 34.3 34.3 34.2 34.3 34.3 34.4 34.4 34.5 34.4 34.5 34.5 34.5 34.5 34.5 34.5 34.6 34.7 34.8 34.8 34.8 34.8 34.8 34.7 34.8 34.7 34.7 34.7 34.5 34.6 34.5 34.5 34.6 34.7 34.6 34.5 34.4 34.3 34.2 34.1 34.1 34.0 34.0 34.2 34.5 34.4 34.3 34.4 34.0 33.9 33.8 33.7 33.7 33.8 33.9 34.1 33.9 34.0 34.3 34.4 34.5 34.5 34.5 34.5 34.5 34.4 34.2 34.1 34.0 33.8 33.6 33.5 33.6 33.5 33.4 33.4 33.5 33.6 33.8 34.0 34.0 34.0 33.9 34.0 33.9 33.7 33.8 33.9 33.8 34.0 34.0 33.8 34.0 33.9 33.7 33.6 34.0 33.8 33.7 33.7 33.8 33.6 33.7 33.8 33.6 33.5 33.4 33.5 33.5 33.4 33.3 33.3 33.2 33.2 33.2 33.1 33.0 32.9 32.8 32.8 32.8 32.8 32.8 32.9 33.0 32.9 32.8 32.8 32.8 32.7 32.7 32.7 32.7 32.7 32.7 32.6 32.5 32.5 32.6 32.5 32.5 32.5 32.5 32.5 32.4 32.3 32.3 32.2 32.2 32.1 32.1 32.0 32.0 32.0 32.0 31.9 31.9 31.9 31.8 33.184375 1.1930689608300789
9 35.8 34.8 34.1 33.6 33.1 32.7 32.5 32.3 32.2 32.2 32.2 32.1 32.1 32.2 32.2 32.2 32.3 32.2 32.2 32.2 32.2 32.3 32.3 32.2 32.1 32.1 32.1 32.1 32.1 32.1 32.2 32.9 33.1 33.5 33.4 33.6 33.8 34.4 34.5 34.2 34.3 33.7 34.1 33.7 33.8 34.3 34.4 34.1 33.9 34.0 34.2 34.4 34.4 34.4 34.4 34.5 34.4 34.1 34.2 34.0 33.6 34.0 34.2 34.1 33.8 34.3 34.6 34.3 34.2 34.4 34.5 34.6 34.7 34.6 34.4 34.6 34.2 34.6 34.4 34.7 34.7 34.7 34.6 34.6 34.6 34.7 34.7 34.5 34.2 33.9 34.1 33.6 34.1 33.9 34.0 34.1 34.0 34.1 33.6 34.3 34.3 34.5 34.6 34.5 34.4 34.5 34.4 34.5 34.6 34.6 34.9 34.7 34.3 34.6 34.6 34.5 34.7 34.6 34.7 34.7 34.8 34.6 34.6 34.7 34.6 34.9 34.9 34.6 34.7 34.8 34.6 34.7 34.8 35.1 35.0 34.9 35.0 34.9 34.9 34.6 34.5 34.6 34.3 34.4 34.1 34.0 34.3 34.2 34.0 34.2 34.6 34.7 34.6 34.4 34.5 34.6 34.3 34.8 34.5 34.4 34.6 34.2 34.3 34.5 34.6 34.8 34.7 34.8 34.7 34.7 34.6 34.6 34.7 35.2 35.1 34.8 35.0 34.9 35.1 35.1 35.0 35.0 34.9 34.7 34.8 34.9 35.2 35.2 35.2 35.1 35.2 35.2 35.2 35.1 35.0 35.0 34.9 34.7 34.7 34.9 34.7 34.5 34.6 34.5 34.3 34.4 34.4 34.2 34.3 34.4 34.3 34.2 34.2 34.2 34.2 34.2 34.2 34.0 34.0 33.9 33.9 34.0 33.9 34.0 33.9 33.8 33.6 33.6 33.7 33.6 33.6 33.5 33.5 33.5 33.4 33.4 33.3 33.5 33.4 33.4 33.2 33.2 33.2 33.2 33.3 33.4 33.4 33.4 33.5 33.6 33.6 33.5 33.7 33.3 33.4 33.4 33.1 33.2 33.3 33.1 33.1 33.2 33.1 33.1 33.1 33.1 33.1 33.1 33.3 33.4 33.5 33.5 33.4 33.4 33.4 33.3 33.3 33.4 33.5 33.5 33.6 33.4 33.4 33.4 33.4 33.3 33.1 33.1 34.010416666666664 0.8071301377308682
END
#################################################################
SECTION3 (Edges Information)
EndPoint0 EndPoint1 Weight
0 1 1.000000
1 2 1.000000
2 3 1.000000
3 4 1.000000
3 5 1.000000
4 5 1.000000
4 6 1.000000
5 6 1.000000
5 7 1.000000
6 7 1.000000
7 8 1.000000
7 9 1.000000
8 9 1.000000
0 1 1.000000
1 2 1.000000
2 3 1.000000
3 4 1.000000
3 5 1.000000
4 5 1.000000
4 6 1.000000
5 6 1.000000
5 7 1.000000
6 7 1.000000
7 8 1.000000
7 9 1.000000
8 9 1.000000
0 1 1.000000
1 2 1.000000
2 3 1.000000
3 4 1.000000
3 5 1.000000
4 5 1.000000
4 6 1.000000
5 6 1.000000
5 7 1.000000
6 7 1.000000
7 8 1.000000
7 9 1.000000
8 9 1.000000
END
#################################################################
SECTION4 (TrueSubGraph Information)
EndPoint0 EndPoint1 Weight
END
#################################################################
