#################################################################
#APDM Input Graph, this input graph includes 3 sections:
#section1 : general information
#section2 : nodes
#section3 : edges
#section4 : trueSubGraph (Optional)
#
#if nodes haven't information set weight to null
#################################################################
SECTION1 (General Information)
numNodes = 10
numEdges = 39
usedAlgorithm = NULL
dataSource = TransWeatherRealData
END
#################################################################
SECTION2 (Nodes Information)
NodeID temp9  mean  std 
0 10.2 10.4 10.8 11.0 11.1 11.1 11.1 11.1 11.1 11.2 11.2 11.1 11.0 10.9 10.8 10.7 10.5 10.4 10.4 10.4 10.4 10.3 10.2 10.1 10.0 9.9 10.0 9.9 9.8 9.7 9.7 9.5 9.6 9.5 9.5 9.5 9.5 9.5 9.6 9.8 9.8 9.8 9.7 9.9 10.0 10.2 10.4 10.6 10.8 10.8 10.8 11.0 11.2 11.4 11.6 11.5 11.4 11.2 11.2 11.2 11.3 11.6 11.6 11.6 11.6 11.6 11.6 11.6 11.6 11.7 11.9 11.9 11.9 11.8 11.8 11.7 11.6 11.7 11.9 12.0 12.1 12.3 12.5 12.7 12.8 13.1 13.3 13.8 14.3 14.7 14.9 14.7 14.5 14.2 14.1 14.2 14.0 14.0 13.9 14.0 14.0 14.1 14.2 14.0 14.0 14.2 14.3 14.0 14.0 14.2 14.2 14.3 14.6 14.8 14.6 14.3 14.2 14.1 14.1 13.9 13.9 13.7 13.8 14.0 13.8 13.7 13.5 13.6 14.0 14.2 13.8 13.9 14.0 14.2 13.6 13.5 13.6 13.8 13.9 13.6 13.6 13.5 13.7 13.8 13.8 13.7 14.3 14.3 13.8 13.9 13.4 13.4 13.1 13.1 13.0 13.0 13.0 13.4 13.3 12.9 12.8 12.8 12.8 12.9 12.6 12.4 12.4 12.5 12.5 12.3 12.2 12.1 12.0 12.3 12.2 12.2 12.9 13.1 12.9 12.4 12.5 12.5 12.8 13.0 12.5 12.7 13.1 12.6 12.4 12.3 12.3 12.3 12.6 12.3 11.9 11.6 11.2 11.0 10.9 10.9 11.0 10.9 10.8 10.8 10.8 10.7 10.7 10.6 10.6 10.6 10.7 10.7 10.7 10.6 10.4 10.3 10.2 10.1 9.9 9.9 9.9 9.9 10.1 10.2 10.0 9.9 9.9 9.7 9.6 9.4 9.3 9.3 9.2 9.2 9.1 9.2 9.1 9.0 9.1 9.2 9.3 9.5 9.4 9.5 9.5 9.6 9.5 9.5 9.5 9.4 9.5 9.5 9.6 9.8 9.8 10.0 10.2 10.3 10.3 10.3 10.4 10.4 10.4 10.5 10.6 10.7 10.9 11.0 11.0 10.9 10.9 10.9 10.8 10.8 10.8 10.8 10.7 10.7 10.7 10.7 10.7 10.7 10.8 10.8 11.0 11.0 11.1 11.1 11.653125000000001 1.6253621279697428
1 9.0 8.9 9.0 9.1 9.0 9.1 9.0 9.0 9.0 8.9 8.8 9.0 8.9 9.0 9.2 8.8 8.7 8.7 8.8 8.9 9.3 9.2 9.4 9.3 9.0 9.2 9.3 9.3 9.3 9.5 9.5 9.5 9.6 9.6 9.8 9.6 9.5 9.4 9.5 9.4 9.2 9.3 9.3 9.4 9.3 9.3 9.2 9.0 8.8 8.8 9.0 9.4 9.3 9.1 9.3 9.2 9.2 9.2 9.3 9.2 9.1 9.3 9.5 9.8 10.2 10.4 10.2 10.2 10.1 10.3 10.3 10.5 10.5 10.7 10.8 10.8 10.9 11.2 11.2 11.3 11.4 11.6 11.8 11.9 11.9 11.9 12.0 11.9 12.1 12.0 12.0 12.1 12.1 12.3 12.3 12.3 12.3 12.3 12.4 12.4 12.5 12.5 12.7 12.8 12.8 12.9 13.0 13.1 13.2 13.3 13.1 13.1 13.1 13.1 13.1 13.1 13.1 13.1 13.1 13.1 13.1 13.1 13.1 13.1 13.1 13.1 13.1 13.1 13.1 13.1 13.1 13.1 13.1 13.1 13.1 13.1 13.1 13.1 13.1 13.1 13.1 13.1 13.1 13.1 13.1 13.1 13.1 13.1 13.1 13.1 13.1 13.1 13.1 13.1 13.1 13.1 13.1 13.1 13.1 13.1 13.1 13.1 13.1 13.1 13.1 13.1 13.1 13.1 13.1 13.1 13.1 13.1 13.1 13.1 13.1 13.1 13.1 13.1 13.1 13.1 13.1 13.1 13.1 13.1 13.1 13.1 13.1 13.1 13.1 13.1 13.1 13.1 13.1 13.1 13.1 13.1 13.1 13.1 13.1 13.1 13.1 13.1 13.1 13.1 13.1 13.1 13.1 13.1 13.1 13.1 13.1 13.1 13.1 13.1 13.1 13.1 13.1 13.1 13.1 13.1 13.1 13.1 13.1 13.1 13.1 13.1 13.1 13.1 13.1 13.1 13.1 13.1 13.1 13.1 13.1 13.1 13.1 13.1 13.1 13.1 13.1 13.1 13.1 13.1 13.1 13.1 13.1 13.1 13.1 13.1 13.1 13.1 13.1 13.1 13.1 13.1 13.1 13.1 13.1 13.1 13.1 13.1 13.1 13.1 13.1 13.1 13.1 13.1 13.1 13.1 13.1 13.1 13.1 13.1 13.1 13.1 13.1 13.1 13.1 13.1 13.1 13.1 13.1 13.1 13.1 13.1 13.1 13.1 12.012847222222224 1.6342612959824527
2 13.2 13.1 13.1 12.9 12.9 13.0 12.8 12.8 12.9 13.1 13.0 13.0 13.1 13.0 13.0 13.0 12.9 13.0 13.0 12.8 12.8 12.8 12.9 12.9 12.9 12.9 12.9 12.9 12.9 12.9 12.9 13.0 12.9 12.9 13.0 13.0 13.1 13.2 13.3 13.2 13.3 13.3 13.4 13.5 13.6 13.6 13.5 13.5 13.5 13.5 13.4 13.4 13.3 13.2 13.3 13.3 13.4 13.5 13.7 13.8 13.8 13.7 13.6 13.6 13.4 13.2 13.0 12.9 12.8 12.8 12.8 12.8 12.8 12.9 12.9 12.9 12.8 12.8 12.8 12.8 12.9 13.0 13.0 13.0 13.1 13.4 13.5 13.7 13.9 14.2 14.5 14.5 14.5 14.4 14.6 14.7 15.0 15.1 15.2 15.3 15.4 15.5 15.6 15.3 15.2 15.3 15.3 15.3 15.4 15.6 15.9 16.0 16.0 16.5 16.8 16.9 17.1 17.1 17.1 17.2 16.9 16.6 16.1 15.7 15.5 15.3 15.2 15.1 15.1 15.2 15.2 15.1 15.0 15.0 15.0 15.1 15.3 15.5 15.2 15.2 15.7 16.1 16.2 16.2 16.3 16.4 16.3 16.8 16.7 16.1 16.1 16.6 16.8 16.0 16.0 16.9 17.5 17.1 17.2 17.3 17.3 16.9 17.0 17.0 17.2 17.5 17.2 16.5 16.4 16.5 17.2 17.9 17.7 16.8 15.9 15.9 15.5 15.4 15.2 15.3 15.6 15.8 15.8 15.7 15.3 15.0 14.8 14.8 14.8 14.6 14.5 14.5 14.6 14.8 15.2 15.8 16.0 15.8 15.6 15.6 15.7 15.6 15.4 15.2 15.0 14.9 14.7 14.6 14.3 14.2 14.2 14.2 14.0 14.0 14.1 14.0 13.9 13.7 13.6 13.5 13.4 13.3 13.3 13.4 13.4 13.4 13.2 13.3 13.1 13.1 13.1 12.9 12.7 12.8 12.7 12.6 12.3 12.2 12.0 11.8 11.7 11.7 11.7 11.6 11.5 11.4 11.4 11.5 11.5 11.5 11.4 11.4 11.3 11.3 11.4 11.5 11.5 11.1 10.9 10.7 10.6 10.5 10.4 10.2 10.1 10.0 9.7 9.7 9.8 9.9 10.0 10.2 10.3 10.4 10.5 10.6 10.9 11.0 11.0 11.1 11.1 11.3 11.1 10.9 11.0 10.9 10.9 10.8 13.875694444444445 1.9155605807090101
3 13.8 13.7 13.6 13.6 13.4 13.4 13.2 13.1 13.0 12.9 12.8 12.7 12.8 12.9 12.9 13.0 13.1 13.1 13.1 13.1 13.1 13.1 13.1 13.1 13.1 13.1 13.1 13.1 13.1 13.0 13.0 12.9 12.8 12.7 12.6 12.6 12.6 12.5 12.4 12.4 12.4 12.4 12.4 12.5 12.6 12.6 12.7 12.7 12.7 12.8 12.7 12.8 12.8 12.9 13.0 13.0 13.2 13.5 13.4 13.6 13.6 13.7 13.7 13.7 13.6 13.5 13.5 13.4 13.7 13.8 13.8 13.8 13.8 13.8 13.9 13.9 13.9 14.0 14.0 14.1 14.1 14.0 13.8 13.6 13.5 13.5 13.4 13.3 13.4 13.4 13.4 13.5 13.5 13.6 13.6 13.7 13.5 13.3 13.4 13.5 13.7 13.8 13.9 14.1 14.3 14.5 14.7 14.7 14.7 14.8 14.9 14.9 15.0 15.1 15.1 15.2 15.3 15.4 15.6 15.8 15.9 16.0 16.1 16.2 16.2 16.3 16.3 16.4 16.5 16.6 16.7 16.9 17.0 17.0 16.9 17.0 16.8 16.7 16.6 16.3 16.1 15.4 15.0 14.8 14.8 14.8 14.8 14.8 14.9 14.9 15.0 15.0 15.0 15.1 15.3 15.4 15.6 15.8 15.9 15.9 15.9 16.0 16.1 16.2 16.4 16.8 17.3 17.4 17.3 17.3 17.4 17.5 17.5 17.4 17.4 17.5 17.4 17.1 17.1 17.6 17.6 17.8 17.6 17.6 17.4 17.4 17.3 17.3 17.2 17.1 17.1 17.1 16.9 16.7 16.4 16.2 15.8 15.8 15.9 15.8 15.6 15.4 15.2 14.9 14.8 15.0 15.1 15.0 15.0 15.0 14.8 14.7 14.7 14.7 14.8 14.8 14.7 14.6 14.6 14.5 14.5 14.6 14.7 14.8 14.8 14.8 14.7 14.5 14.3 14.3 14.2 14.2 14.0 13.9 14.0 14.0 14.0 13.8 13.8 13.9 13.9 13.8 13.9 14.0 13.8 13.7 13.7 13.7 13.7 13.7 13.7 13.6 13.5 13.4 13.5 13.7 13.7 13.7 13.5 13.3 13.3 13.1 12.9 12.8 12.5 12.4 12.4 12.5 12.6 12.6 12.6 12.6 12.6 12.6 12.6 12.5 12.4 12.3 12.2 12.0 11.8 11.7 11.6 11.5 11.4 11.2 11.1 11.0 14.348263888888889 1.5757296102708969
4 14.9 14.8 14.8 14.8 14.8 14.5 13.9 13.9 14.2 13.7 13.6 13.4 13.3 13.1 13.0 13.1 13.2 13.2 13.2 13.3 13.5 13.5 13.5 13.5 13.4 13.4 13.3 13.3 13.2 13.1 12.8 12.5 12.3 12.3 12.3 12.3 12.3 12.4 12.6 12.7 12.7 12.7 12.7 12.7 12.7 12.7 12.6 12.5 12.4 12.4 12.1 12.2 12.0 12.0 11.9 11.8 11.8 11.7 11.6 11.6 11.4 11.3 11.3 11.4 11.4 11.6 11.7 11.8 11.9 12.1 12.1 12.2 12.4 12.4 12.6 12.8 13.0 13.2 13.2 13.3 13.4 13.5 13.5 13.5 13.5 13.5 13.5 13.4 13.0 12.5 12.1 11.9 11.7 11.7 11.7 11.7 11.8 11.9 11.9 12.0 12.0 12.1 12.2 12.3 12.4 12.5 12.6 12.8 12.8 13.0 13.2 13.3 13.4 13.4 13.5 13.8 13.8 13.9 13.9 14.1 14.2 14.4 14.6 14.9 15.2 15.3 15.6 15.8 16.0 16.3 16.7 16.8 16.8 16.7 16.7 17.0 17.2 17.0 16.8 16.8 16.6 16.6 16.6 16.9 17.2 17.1 17.5 17.8 18.2 18.2 18.9 18.6 18.0 17.9 17.9 17.7 17.1 16.9 16.9 17.1 17.7 17.5 17.2 16.8 16.9 16.8 16.9 15.9 15.4 15.1 15.4 15.4 15.4 15.5 15.6 15.6 15.0 15.0 15.0 14.9 14.8 14.7 14.6 14.7 14.7 14.7 14.6 14.5 14.4 14.3 14.2 14.2 14.1 14.2 14.2 14.2 14.3 14.4 14.5 14.4 14.4 14.4 14.3 14.3 14.2 14.1 14.1 14.0 13.9 13.9 14.0 14.0 14.0 13.8 13.7 13.6 13.6 13.4 13.3 13.0 13.0 12.7 12.3 11.9 11.7 11.3 11.1 11.0 10.9 10.7 10.5 10.4 10.3 10.1 10.0 9.9 9.7 9.6 9.5 9.5 9.5 9.5 9.4 9.4 9.3 9.3 9.2 9.1 9.0 9.1 9.0 9.0 8.9 9.0 9.1 9.1 9.1 9.0 9.0 9.1 9.1 9.2 9.1 9.1 9.1 9.2 9.1 9.1 9.1 9.0 8.9 8.9 8.8 8.8 8.9 8.7 8.6 8.4 8.3 8.3 8.3 8.3 8.2 8.0 7.5 7.1 7.2 7.2 12.952777777777778 2.5960018695183513
5 14.7 14.7 14.5 14.4 14.3 14.3 14.2 14.2 14.2 14.3 14.3 14.2 14.2 14.2 14.1 14.0 13.9 13.8 13.7 13.6 13.5 13.5 13.3 13.2 13.1 13.0 12.9 12.7 12.6 12.6 12.6 12.6 12.4 12.2 12.0 11.9 11.9 11.8 11.7 11.7 11.6 11.7 11.8 11.9 12.0 12.0 11.9 11.8 11.7 11.6 11.5 11.4 11.3 11.4 11.3 11.2 11.3 11.3 11.3 11.3 11.3 11.5 11.6 11.6 11.7 11.8 11.9 11.9 11.9 11.9 11.8 11.8 11.8 11.9 12.0 11.9 11.9 12.0 12.1 12.0 12.0 11.9 11.8 11.8 11.7 11.4 10.7 10.6 10.7 9.6 9.4 9.8 9.2 7.8 8.5 7.1 8.7 8.4 8.5 8.9 9.4 9.5 10.1 10.6 10.5 10.7 10.8 10.7 10.9 11.5 11.9 12.0 12.1 12.2 12.6 12.9 13.0 13.3 13.4 13.6 13.7 13.9 14.1 14.4 14.4 14.5 14.7 15.0 15.2 15.3 15.4 15.3 15.2 15.2 15.1 15.2 15.3 15.5 15.6 15.6 15.6 15.7 15.8 16.3 16.8 16.7 16.6 16.6 16.9 16.7 16.1 15.3 15.0 15.0 15.3 15.8 16.0 16.4 16.3 16.5 17.3 17.6 17.7 17.2 16.6 15.4 15.3 15.1 15.1 15.0 15.0 14.7 14.9 15.1 15.6 15.1 14.6 14.3 14.8 14.9 15.0 15.1 14.6 13.8 13.5 13.4 13.4 13.6 13.6 13.5 13.3 13.3 13.2 13.1 13.1 12.9 12.9 12.9 12.8 12.7 12.6 12.7 12.6 12.6 12.5 12.6 12.6 12.6 12.5 12.4 12.2 12.2 12.1 11.9 11.6 11.3 11.0 10.8 10.8 10.8 10.6 10.5 10.3 10.1 9.9 9.8 9.7 9.5 9.4 9.0 8.9 8.7 8.6 8.4 8.4 8.3 8.0 7.9 7.8 7.6 7.4 7.2 7.0 6.5 6.2 5.9 5.7 5.2 4.3 4.2 4.1 3.8 3.4 3.2 3.3 3.1 3.0 2.5 2.6 3.1 2.8 2.6 2.7 2.9 2.9 2.7 2.6 2.4 2.7 2.7 2.6 2.9 3.7 3.3 2.9 3.2 3.3 2.7 3.1 4.4 3.9 4.6 4.9 5.0 5.1 5.1 5.1 5.0 11.267708333333333 3.9043929906498316
6 6.4 7.1 7.5 7.6 8.0 8.7 9.0 9.2 9.3 9.3 9.3 9.3 9.4 9.4 9.4 9.5 9.5 9.4 9.4 9.3 9.2 9.1 9.0 8.9 8.8 8.7 8.7 8.7 8.6 8.6 8.5 8.6 8.5 8.5 8.3 8.2 8.0 7.8 7.4 7.4 7.3 7.2 7.3 7.3 7.2 7.2 7.1 7.0 6.9 6.9 6.9 6.9 6.9 6.8 6.8 6.7 6.7 6.6 6.6 6.5 6.5 6.5 6.4 6.4 6.3 6.3 6.3 6.3 6.3 6.2 6.2 6.2 6.1 6.2 6.1 6.1 6.0 6.0 6.0 6.0 6.1 6.2 6.2 6.3 6.3 6.3 6.4 6.3 6.3 6.3 6.3 6.2 6.1 6.0 6.0 6.0 6.1 6.1 6.1 6.1 6.3 6.1 6.0 6.1 6.4 6.7 6.9 7.0 7.0 7.2 7.5 7.6 7.7 7.7 7.9 8.0 8.0 8.1 8.3 8.3 8.5 8.6 8.7 8.8 8.8 8.9 8.9 9.1 9.2 9.3 9.4 9.4 9.6 9.7 9.7 9.8 9.7 9.7 9.7 9.7 9.9 9.9 10.0 10.3 10.4 10.6 10.9 11.3 11.4 11.4 11.4 11.5 11.9 12.3 12.5 12.2 12.0 11.9 11.8 11.8 11.9 12.0 12.2 12.4 12.6 12.7 12.9 13.0 13.0 13.1 12.8 12.4 12.1 12.0 11.9 11.8 11.7 11.6 11.6 11.8 11.8 11.6 11.5 11.3 11.3 11.3 11.3 11.2 11.1 11.1 10.6 10.0 9.7 9.5 9.3 9.2 9.0 8.8 8.8 9.0 8.8 8.6 8.4 8.3 8.1 8.0 7.9 7.9 7.7 7.5 7.2 7.1 7.0 6.9 6.7 6.6 6.6 6.6 6.4 6.3 6.3 6.3 6.3 6.2 6.2 6.2 6.3 6.2 6.3 6.2 6.2 6.0 5.8 5.5 5.5 5.4 5.3 5.2 5.1 5.0 4.9 4.8 4.7 4.4 4.1 4.0 3.8 3.7 3.6 3.4 3.2 3.0 2.7 2.7 2.6 2.4 2.4 2.3 2.2 2.1 1.9 1.7 1.6 1.4 1.3 1.2 1.2 1.1 0.9 0.9 0.6 0.6 0.4 0.5 0.3 0.3 0.2 0.1 -0.0 -0.4 -0.3 -0.3 -0.6 -0.8 -0.9 -1.1 -1.1 -0.8 7.235069444444446 3.2517354244190884
7 11.6 11.5 11.3 11.4 11.4 11.4 11.4 11.4 11.3 11.2 11.2 11.2 11.1 11.0 10.8 10.7 10.5 10.6 10.6 10.5 10.8 11.1 11.3 11.6 11.9 12.0 12.2 12.2 12.0 12.2 12.5 12.5 12.6 12.8 12.8 12.8 13.0 12.9 12.4 12.1 11.9 11.8 11.8 11.9 12.0 12.1 12.1 12.1 12.1 12.3 12.5 12.6 12.5 12.4 12.2 12.2 12.1 12.1 12.1 12.1 12.0 12.0 12.0 11.9 11.9 11.8 11.7 11.7 11.6 11.6 11.6 11.5 11.5 11.4 11.4 11.3 11.3 11.3 11.3 11.3 11.3 11.3 11.3 11.3 11.4 11.3 11.3 11.2 11.1 11.1 11.0 11.0 11.0 11.0 11.0 10.9 10.9 10.9 10.9 11.0 11.0 11.1 11.0 11.0 11.0 11.1 11.1 11.2 11.3 11.5 11.8 12.0 12.2 12.4 12.6 12.9 13.1 13.1 13.1 13.2 13.5 13.7 14.0 14.0 13.8 13.8 14.1 14.1 14.3 14.3 14.4 14.5 14.5 15.0 15.1 15.1 14.8 14.8 15.2 15.5 15.7 15.8 15.7 15.9 16.0 16.2 16.1 16.1 16.0 16.1 16.2 16.0 15.9 16.1 15.9 16.1 16.4 16.5 16.6 16.8 16.9 16.5 16.6 16.6 16.7 16.5 16.3 16.3 16.2 16.2 16.1 16.2 16.7 17.2 17.4 17.1 15.9 15.1 15.4 15.9 15.7 15.8 16.0 16.0 16.2 16.4 16.3 16.1 16.2 16.3 16.4 16.2 15.7 14.9 14.5 14.6 14.7 14.7 14.7 14.5 14.3 14.3 14.3 14.3 14.2 14.1 14.0 14.0 14.0 13.9 13.8 13.6 13.6 13.5 13.4 13.3 13.2 13.1 13.1 13.0 13.0 12.9 12.9 12.8 12.7 12.6 12.4 12.4 12.3 12.1 12.0 12.0 12.0 12.1 12.1 12.1 12.1 12.1 12.0 11.9 11.9 11.8 11.7 11.7 11.4 11.2 11.1 11.0 10.7 10.4 10.2 10.1 10.0 9.9 9.7 9.6 9.3 9.1 9.0 8.9 8.8 8.7 8.6 8.5 8.4 8.3 8.1 7.9 7.8 7.5 7.2 6.7 6.8 6.8 6.6 6.7 6.6 6.5 6.5 6.4 6.2 6.2 5.9 5.7 5.3 5.2 5.0 4.9 12.413194444444445 2.6618022379014663
8 12.0 11.9 11.8 12.1 12.0 11.4 11.4 11.5 12.1 12.4 12.4 12.4 12.5 12.6 12.5 12.5 12.5 12.5 12.5 12.5 12.4 12.4 12.4 12.3 12.2 12.2 12.2 12.3 12.2 12.1 12.0 11.9 11.8 11.9 12.0 12.1 12.1 12.2 12.2 12.2 12.2 12.2 12.1 12.0 12.0 11.9 11.9 11.8 11.7 11.6 11.6 11.5 11.5 11.4 11.3 11.2 11.0 10.8 10.6 10.5 10.5 10.5 10.4 10.3 10.3 10.2 10.2 10.1 10.1 10.0 9.9 9.7 9.6 9.5 9.4 9.2 9.1 9.1 9.1 9.0 9.2 9.0 8.9 8.8 8.8 8.8 8.7 8.5 8.4 8.4 8.3 8.5 8.5 8.4 8.5 8.4 8.4 8.4 8.3 8.3 8.4 8.7 9.0 9.6 9.6 9.7 9.8 9.9 9.9 10.0 10.1 10.2 10.3 10.6 10.7 10.6 11.0 11.3 11.5 11.9 12.1 12.1 12.6 12.8 12.9 13.1 13.4 13.8 13.8 13.8 13.9 14.0 13.5 13.5 13.5 13.6 13.6 13.7 13.9 14.1 14.1 14.1 14.2 14.4 14.7 14.9 14.8 14.8 15.1 15.4 15.6 15.8 16.0 16.4 16.4 16.1 16.0 16.0 16.1 16.2 16.3 16.2 16.1 16.0 15.9 15.8 16.0 16.4 16.3 16.4 16.4 16.3 16.3 16.4 16.5 16.6 16.7 16.9 16.7 16.1 15.9 15.7 14.8 14.4 14.5 14.7 14.8 15.2 15.3 15.1 14.7 13.4 13.1 13.3 13.3 13.4 13.4 13.3 13.5 13.5 13.6 13.3 12.8 12.6 12.6 12.6 12.6 12.5 12.5 12.4 12.3 12.3 12.2 12.1 12.0 11.9 11.7 11.6 11.5 11.5 11.4 11.3 11.3 11.2 11.0 10.9 10.9 10.8 10.8 10.7 10.6 10.5 10.6 10.6 10.5 10.5 10.4 10.3 10.1 10.0 9.8 9.7 9.7 9.6 9.5 9.3 9.2 9.1 9.0 8.9 9.0 8.8 8.7 8.5 8.4 8.2 8.2 8.0 7.8 7.7 7.6 7.4 7.2 7.1 6.9 6.7 6.4 6.4 6.2 6.2 6.1 5.9 5.8 5.7 5.6 5.5 5.4 5.2 5.1 5.1 4.9 4.7 4.5 4.4 4.6 4.6 4.5 4.5 11.363194444444444 2.935277359058795
9 11.9 11.8 11.4 11.5 11.2 10.9 10.9 10.9 10.8 10.7 10.7 10.6 10.5 10.3 10.3 10.0 9.7 9.4 9.3 9.2 9.4 9.9 10.4 10.4 10.7 10.8 10.9 11.0 11.0 10.9 10.9 10.7 10.5 10.5 10.3 10.0 10.2 10.3 10.3 10.2 10.2 10.3 10.3 10.2 10.3 10.2 10.2 10.1 10.1 10.1 10.1 10.1 10.1 10.1 10.1 10.2 10.1 10.2 10.1 10.0 10.0 9.9 9.8 9.7 9.6 9.6 9.6 9.6 9.4 9.2 8.9 8.8 8.6 8.0 7.9 7.9 8.1 7.9 7.8 7.9 8.0 8.1 8.2 8.4 8.4 8.5 8.5 8.4 8.6 8.6 8.6 8.6 8.6 8.6 8.6 8.6 8.7 8.6 8.8 8.8 9.0 9.3 9.4 9.6 9.8 9.8 9.9 10.1 10.2 10.4 10.6 10.8 11.0 11.1 11.3 11.2 11.3 11.3 11.3 11.5 11.5 11.6 11.8 12.1 12.2 12.0 12.0 12.2 12.2 11.9 12.2 12.3 12.3 12.6 12.6 12.9 12.6 12.6 12.5 12.8 12.7 13.1 13.4 14.3 14.0 14.0 14.7 15.0 15.3 14.9 15.3 14.5 14.2 14.3 14.5 14.7 14.6 14.6 14.5 14.7 14.6 14.5 14.5 14.6 14.8 14.5 14.6 14.8 15.3 15.6 15.5 15.3 15.3 15.2 15.3 15.5 15.6 15.7 16.2 16.1 16.0 16.0 16.0 16.0 16.0 15.9 16.0 16.0 16.0 16.0 16.0 16.1 16.2 16.1 15.9 15.7 15.6 15.5 15.5 15.4 15.4 15.3 15.4 15.3 15.3 15.2 15.2 15.0 14.8 14.6 14.3 14.1 14.0 13.8 13.8 13.7 13.7 13.6 13.5 13.6 13.6 13.6 13.6 13.6 13.5 13.5 13.4 13.3 13.1 13.1 13.0 12.9 12.8 12.7 12.5 12.5 12.5 12.4 12.4 12.3 12.2 12.1 12.0 12.0 11.8 11.8 11.6 11.5 11.4 11.3 11.2 11.2 11.1 11.0 10.9 10.9 10.8 10.8 10.6 10.5 10.3 10.2 10.0 9.9 9.8 9.7 9.6 9.5 9.5 9.3 9.1 9.0 8.9 8.9 8.8 8.5 8.6 8.4 8.4 8.3 8.2 8.0 7.9 7.7 7.5 7.3 7.1 7.1 11.657638888888888 2.4825405628403927
END
#################################################################
SECTION3 (Edges Information)
EndPoint0 EndPoint1 Weight
0 1 1.000000
1 2 1.000000
2 3 1.000000
3 4 1.000000
3 5 1.000000
4 5 1.000000
4 6 1.000000
5 6 1.000000
5 7 1.000000
6 7 1.000000
7 8 1.000000
7 9 1.000000
8 9 1.000000
0 1 1.000000
1 2 1.000000
2 3 1.000000
3 4 1.000000
3 5 1.000000
4 5 1.000000
4 6 1.000000
5 6 1.000000
5 7 1.000000
6 7 1.000000
7 8 1.000000
7 9 1.000000
8 9 1.000000
0 1 1.000000
1 2 1.000000
2 3 1.000000
3 4 1.000000
3 5 1.000000
4 5 1.000000
4 6 1.000000
5 6 1.000000
5 7 1.000000
6 7 1.000000
7 8 1.000000
7 9 1.000000
8 9 1.000000
END
#################################################################
SECTION4 (TrueSubGraph Information)
EndPoint0 EndPoint1 Weight
END
#################################################################
