#################################################################
#APDM Input Graph, this input graph includes 3 sections:
#section1 : general information
#section2 : nodes
#section3 : edges
#section4 : trueSubGraph (Optional)
#
#if nodes haven't information set weight to null
#################################################################
SECTION1 (General Information)
numNodes = 10
numEdges = 39
usedAlgorithm = NULL
dataSource = TransWeatherRealData
END
#################################################################
SECTION2 (Nodes Information)
NodeID temp9  mean  std 
0 42.6 42.5 42.5 42.5 42.4 42.2 42.1 41.8 41.6 41.7 41.6 41.5 41.4 41.3 41.2 41.1 41.1 41.0 40.9 41.0 41.1 41.1 41.0 41.0 41.0 40.9 40.7 40.6 40.6 40.5 40.5 40.6 40.6 40.5 40.5 40.4 40.3 40.3 40.2 40.2 40.2 40.2 40.2 40.3 40.3 40.3 40.3 40.4 40.4 40.4 40.5 40.6 40.6 40.7 40.7 40.7 40.7 40.7 40.8 40.7 40.7 40.6 40.4 40.4 40.4 40.4 40.3 40.3 40.2 40.2 40.2 40.2 40.2 40.2 40.1 40.1 40.2 40.1 40.2 40.3 40.3 40.3 40.5 40.5 40.5 40.6 40.8 40.9 40.9 41.0 41.1 41.3 41.5 41.8 42.0 42.1 42.2 42.6 42.9 43.4 43.7 44.0 44.4 44.8 45.5 46.2 46.7 46.8 47.0 46.8 47.2 47.2 47.6 48.2 48.1 48.4 48.5 48.9 49.6 50.6 50.2 49.3 49.3 49.3 49.8 50.3 50.8 50.7 50.4 51.0 51.3 51.9 52.5 52.9 52.6 52.7 53.0 53.2 52.9 53.1 53.4 54.3 53.7 54.3 53.9 54.2 53.6 53.3 53.8 54.1 54.0 54.1 54.1 54.2 54.6 55.0 55.3 55.2 55.6 55.9 56.3 56.7 56.3 56.4 56.0 56.6 57.2 56.6 55.9 56.2 56.2 56.5 56.3 56.1 56.5 55.3 54.7 54.5 54.5 55.1 54.8 55.1 54.7 54.2 54.7 54.3 54.2 54.1 54.0 53.4 53.1 53.0 52.8 52.7 52.7 52.8 52.6 52.5 52.7 52.4 52.4 52.4 52.3 52.1 52.2 51.9 51.7 51.7 51.7 51.7 52.0 51.9 51.8 51.9 52.0 51.9 52.0 51.9 52.0 52.0 52.0 51.9 51.9 51.9 51.8 51.8 51.8 51.8 51.9 51.8 51.9 51.9 51.9 51.8 51.8 51.7 51.7 51.6 51.6 51.4 51.3 51.3 51.3 51.1 51.1 50.9 50.8 50.7 50.7 50.6 50.6 50.5 50.3 50.2 50.1 50.0 49.9 49.9 49.8 49.8 49.7 49.5 49.5 49.3 49.1 49.1 48.9 48.8 48.6 48.4 48.2 48.2 48.1 48.0 47.9 47.7 47.5 47.5 47.6 47.5 47.3 47.2 47.2 47.0 46.8 46.6 46.6 46.5 47.79340277777778 5.580927409498959
1 42.2 42.2 42.1 42.3 42.1 42.1 41.5 41.6 41.6 41.6 41.2 41.4 41.6 41.3 40.8 40.6 40.7 41.3 41.6 41.7 41.4 41.6 41.3 41.3 41.4 41.4 41.3 41.1 41.2 41.3 41.2 41.1 41.1 40.7 41.1 40.6 40.4 41.1 41.2 41.1 41.1 41.2 40.8 40.9 40.9 40.0 40.4 40.5 40.3 40.3 39.6 39.5 39.8 39.6 40.0 40.1 39.5 39.2 39.5 39.4 39.4 39.4 39.3 39.4 39.6 39.5 40.3 40.6 39.3 39.1 39.2 39.4 39.1 39.0 38.8 38.8 38.7 38.8 38.8 39.1 39.3 39.4 39.6 39.8 40.0 40.4 40.9 41.2 41.5 41.8 42.0 42.3 42.5 42.5 42.9 43.1 43.1 43.3 43.7 44.0 44.1 44.1 44.0 44.2 44.2 44.4 44.2 44.4 44.5 44.4 44.3 44.3 44.5 44.6 44.7 45.4 45.9 45.9 47.0 47.2 47.4 47.7 47.6 47.8 48.3 48.0 48.2 48.4 48.9 49.8 49.4 50.4 50.1 50.8 50.7 51.0 51.0 51.6 51.7 51.4 51.3 51.5 52.2 52.0 52.2 52.1 52.3 52.9 53.1 52.8 52.7 52.9 52.9 53.7 53.5 53.2 53.3 53.3 53.5 53.2 53.3 53.6 53.6 53.3 53.4 53.5 54.0 54.3 54.1 54.0 54.5 54.4 55.1 54.8 54.7 54.6 54.2 54.4 54.8 54.6 54.6 54.7 54.8 55.0 54.7 55.1 55.1 55.2 55.5 55.7 55.7 55.3 55.2 55.2 55.2 55.2 55.0 55.0 54.8 54.3 54.5 54.4 54.1 53.8 54.2 54.0 53.7 53.7 53.4 53.6 53.4 53.3 53.4 53.1 53.2 53.1 53.0 53.0 53.0 52.8 52.6 52.5 52.5 52.6 52.5 52.4 52.3 51.9 51.8 51.7 51.7 51.7 51.6 51.5 51.5 51.4 51.4 51.3 51.2 51.1 51.1 51.0 51.0 50.9 50.9 50.8 50.8 50.8 50.8 50.7 50.7 50.7 50.6 50.7 50.6 50.6 50.4 50.5 50.5 50.4 50.4 50.5 50.3 50.3 50.4 50.3 50.3 50.0 49.9 49.8 49.8 49.7 49.6 49.7 49.5 49.4 49.4 49.3 49.2 49.2 49.2 49.2 49.0 49.1 49.0 48.9 48.8 48.8 47.61423611111111 5.608123659690897
2 41.3 41.7 41.4 41.3 41.2 41.4 41.6 41.6 41.6 41.4 41.5 41.5 41.4 41.4 41.2 40.8 40.8 40.8 40.8 40.8 40.9 40.7 40.7 40.3 40.5 40.6 40.6 40.1 40.0 39.8 39.5 39.5 39.3 39.4 39.4 39.1 39.2 39.3 39.3 39.2 39.2 39.1 39.1 39.2 39.1 39.3 39.2 39.6 39.1 39.1 39.5 39.1 38.9 38.9 38.8 39.2 39.3 39.4 39.0 39.0 38.9 39.2 39.3 39.1 39.3 39.5 39.3 39.4 39.4 39.2 39.2 39.1 39.3 39.7 39.8 39.9 40.3 40.6 40.5 40.7 40.8 40.9 41.0 41.1 41.3 41.5 41.7 41.8 42.0 41.9 42.0 42.1 42.3 42.4 42.5 42.7 42.8 42.9 43.2 43.5 43.5 43.8 44.1 44.7 45.1 45.7 46.0 46.3 46.5 47.1 47.6 47.9 47.8 47.8 48.1 48.3 48.7 49.0 49.3 49.6 50.4 51.0 51.2 51.7 52.2 52.3 52.6 52.9 53.5 53.5 54.0 54.4 54.3 54.4 54.8 54.8 55.0 54.9 55.4 55.1 55.1 55.4 55.2 55.7 55.7 55.7 55.9 56.0 56.3 56.7 56.8 56.6 57.1 57.6 57.2 57.9 57.9 57.6 57.6 57.3 57.7 57.2 57.4 57.8 57.6 57.7 57.8 58.1 58.0 57.8 58.2 58.4 58.7 58.8 58.4 58.7 59.1 58.9 59.0 59.1 59.2 59.5 59.2 59.6 59.4 59.3 59.7 59.5 59.0 58.8 58.7 57.7 57.8 58.1 57.7 57.2 57.3 57.4 57.8 57.6 57.3 57.3 57.8 57.9 58.1 57.9 57.8 57.8 57.6 57.5 57.5 57.7 57.5 57.3 57.2 57.1 57.2 56.9 56.8 56.7 56.5 56.5 56.4 56.3 56.2 56.3 56.3 56.4 56.3 56.2 56.0 55.9 55.7 55.7 55.7 55.7 55.6 55.4 55.4 55.4 55.2 55.1 54.9 54.6 54.7 54.7 54.5 54.4 54.3 54.1 54.0 53.9 53.7 53.3 53.3 53.3 53.2 53.1 53.0 53.0 52.9 52.6 52.6 52.5 52.6 52.5 52.4 52.4 52.1 52.1 52.0 52.0 51.9 51.8 51.8 51.6 51.6 51.5 51.4 51.3 51.3 51.1 51.0 50.9 50.9 50.9 50.8 50.8 49.68055555555556 7.438915264839378
3 38.7 38.5 38.6 38.6 38.7 38.5 38.1 38.1 38.0 37.9 37.8 37.9 38.0 37.8 37.8 37.9 37.7 37.6 37.7 37.6 37.5 37.4 37.3 37.1 37.1 37.1 37.2 37.1 36.9 37.0 36.9 36.7 36.5 36.7 36.7 36.9 37.0 37.1 36.6 36.5 36.5 36.4 36.4 36.3 36.4 36.5 36.5 36.5 36.6 36.6 36.5 36.6 36.7 36.5 36.4 36.6 36.6 36.6 36.5 36.5 36.4 36.4 36.5 36.5 36.5 36.6 36.5 36.5 36.8 36.9 37.0 37.1 37.2 37.4 37.2 37.2 37.3 37.6 37.7 37.7 37.9 38.1 38.2 38.4 38.5 38.7 38.9 39.2 39.6 40.0 40.5 40.9 41.6 42.1 42.6 43.0 43.6 44.1 44.7 45.4 46.0 46.2 46.9 47.1 47.3 47.6 47.9 48.2 48.7 48.8 48.7 49.1 49.4 49.7 49.8 50.3 50.9 51.1 51.5 52.2 52.1 52.3 53.1 53.1 53.2 53.6 53.6 53.8 54.1 54.4 54.4 54.3 55.2 55.0 55.2 55.2 55.3 55.4 55.5 55.4 55.9 55.6 55.6 56.2 56.2 56.5 56.0 56.4 56.9 56.8 57.2 56.8 56.6 57.5 57.7 57.0 57.3 57.4 57.8 57.8 57.4 57.6 57.4 57.9 58.0 58.4 58.5 58.8 59.1 58.5 58.6 59.3 59.1 59.1 59.7 60.1 60.3 60.0 60.2 60.6 60.5 60.9 61.2 61.0 60.6 60.7 60.9 60.8 60.8 61.2 61.0 60.8 60.4 60.8 61.0 60.8 61.2 60.5 59.9 59.7 59.1 59.3 59.2 59.1 59.0 58.7 58.3 57.9 58.1 58.4 58.2 58.0 57.8 57.6 57.6 57.3 57.0 56.9 56.9 56.7 56.7 56.6 56.4 56.4 56.4 56.4 56.4 56.3 56.2 56.1 56.0 55.9 55.8 55.7 55.6 55.6 55.5 55.5 55.3 55.2 55.1 55.0 54.9 54.8 54.7 54.6 54.3 54.2 54.1 53.9 53.9 53.8 53.8 53.7 53.5 53.5 53.5 53.5 53.4 53.2 53.0 52.9 53.0 52.8 52.6 52.6 52.6 52.6 52.3 52.3 52.2 52.1 51.7 51.8 51.7 51.3 51.3 51.1 50.9 50.9 51.1 51.1 51.0 50.9 50.8 50.5 50.3 49.7 49.25590277777777 8.897693778887277
4 37.2 37.0 37.2 37.3 37.2 36.6 36.4 36.7 36.7 36.6 35.5 36.0 36.1 35.8 35.8 36.4 36.5 36.6 36.9 37.2 36.5 36.7 36.9 35.7 35.3 34.9 34.8 34.7 34.8 34.7 34.7 34.4 34.5 34.6 35.1 34.5 34.3 33.9 34.0 34.3 34.3 33.9 33.9 34.3 34.9 35.0 34.4 33.9 33.9 34.0 33.8 34.1 34.4 34.4 34.3 34.3 34.2 34.2 34.0 34.0 34.0 34.0 33.9 34.0 34.1 33.3 33.6 33.7 33.8 34.0 34.1 33.6 34.5 35.4 35.6 35.3 35.0 35.1 35.2 36.6 36.9 36.8 37.0 37.2 37.3 37.5 37.9 38.4 38.7 39.3 39.6 39.9 40.2 40.9 41.5 42.4 43.2 43.4 44.0 44.1 44.5 44.8 45.1 45.6 46.1 46.1 46.4 47.0 47.9 48.2 48.9 49.6 50.1 50.5 50.9 51.7 51.9 52.6 52.9 53.5 53.4 53.3 53.6 53.3 53.4 53.6 53.7 53.5 53.2 53.3 53.5 53.5 53.6 53.9 53.6 54.2 54.6 54.1 54.3 54.5 55.1 54.9 55.0 54.8 54.8 55.2 55.3 55.2 55.8 56.1 56.7 56.9 57.1 57.3 57.2 57.2 57.1 57.6 58.3 57.8 57.8 58.1 58.5 58.4 58.3 58.0 58.3 58.7 59.1 58.9 59.0 58.9 59.8 59.7 59.9 60.2 60.2 60.4 60.5 60.4 60.3 60.4 60.6 61.2 61.1 61.3 61.5 61.1 60.0 59.9 60.8 60.6 60.9 60.7 60.5 60.3 59.9 59.2 59.2 59.1 59.5 59.9 60.5 59.7 59.6 60.0 59.8 59.5 59.1 59.2 59.3 58.8 59.0 59.4 59.5 59.4 59.3 58.8 58.5 58.1 57.9 57.8 57.6 57.6 57.3 57.1 57.0 56.8 56.7 56.7 56.8 56.8 56.7 56.6 56.5 56.3 56.1 56.0 55.9 55.6 55.4 55.2 54.9 54.7 54.7 54.6 54.5 54.3 54.2 54.1 53.9 53.7 53.5 53.2 53.2 53.0 52.9 52.6 52.5 52.4 52.2 52.1 52.0 52.0 51.9 51.9 51.8 51.8 51.7 51.6 51.3 51.4 51.2 51.0 50.8 50.7 50.5 50.3 50.3 50.2 50.1 49.9 49.7 49.5 49.4 49.2 49.1 48.9 48.57083333333333 9.842780654390953
5 36.2 36.3 36.5 36.6 36.0 35.9 35.7 35.5 35.5 35.2 35.2 35.2 35.4 35.3 35.6 35.5 35.4 35.3 35.4 35.7 36.0 35.8 35.9 35.0 35.3 35.8 36.1 36.1 36.3 36.7 37.1 36.5 35.3 35.0 34.9 34.6 34.5 35.7 35.2 34.8 34.8 34.6 34.2 34.1 33.9 33.8 33.4 33.4 33.5 33.4 33.4 33.5 34.1 34.6 34.7 34.3 33.8 33.4 33.7 33.5 33.3 33.2 33.3 33.0 33.1 33.2 33.7 33.8 33.2 33.0 33.0 33.1 33.5 33.5 33.2 33.2 33.3 33.5 33.9 33.9 34.6 35.3 36.5 37.4 37.7 38.2 38.6 38.9 39.0 39.2 39.4 40.1 40.4 40.7 41.1 41.4 42.0 42.1 42.4 42.6 42.9 43.5 44.1 44.3 44.9 45.1 45.7 46.1 46.6 46.6 47.0 48.1 48.4 48.8 48.6 48.3 49.1 48.9 49.4 49.4 50.1 50.3 50.5 50.7 50.9 51.2 51.3 51.1 51.8 52.1 52.1 52.4 52.8 53.3 53.1 53.5 53.4 53.6 53.5 53.8 54.2 54.4 54.6 54.2 54.3 54.3 54.9 55.1 54.9 55.3 55.9 55.6 56.3 56.2 56.4 56.6 56.9 57.2 56.9 57.4 58.0 57.7 58.0 58.3 58.1 58.8 58.6 57.9 58.1 59.0 59.2 58.6 59.2 59.2 59.7 58.8 58.5 58.7 59.8 60.2 59.5 60.0 59.5 59.6 60.1 60.8 60.3 60.5 61.2 60.8 61.0 60.8 61.2 61.0 61.2 61.2 61.3 61.2 60.9 61.1 61.4 61.4 61.4 61.4 61.1 61.3 61.6 62.0 61.9 61.9 61.6 61.6 61.3 61.4 61.8 61.7 61.5 61.7 61.4 61.1 61.3 61.1 61.1 61.0 61.0 60.9 60.9 61.0 61.0 60.9 61.0 60.8 60.8 60.4 60.3 59.6 59.7 59.4 59.4 58.9 58.8 57.9 57.7 57.6 57.0 56.8 56.4 55.8 55.5 55.3 55.4 55.3 55.1 55.0 54.8 54.4 54.3 55.1 55.8 55.0 55.3 55.5 55.4 56.2 55.0 54.4 54.0 53.6 53.4 53.2 53.0 52.8 52.6 52.5 52.1 51.1 50.1 50.7 51.2 52.1 52.0 49.7 48.9 49.4 50.4 50.8 49.1 48.8 48.81388888888888 10.508348173691612
6 39.8 39.9 39.6 39.8 39.7 39.5 39.2 39.4 39.2 39.1 38.7 38.6 38.4 37.4 37.7 37.6 37.7 37.9 37.7 37.5 37.1 36.9 37.3 37.1 37.0 37.3 37.3 37.4 37.9 37.9 37.8 37.0 35.0 33.8 33.4 32.9 32.5 32.3 32.7 32.7 32.5 32.5 32.5 32.9 34.0 33.1 33.1 34.1 34.1 34.4 34.9 34.6 34.5 34.3 34.6 35.0 34.8 35.0 34.7 34.7 34.0 34.3 33.1 33.3 32.8 33.0 34.1 34.4 35.9 33.7 33.0 33.2 32.8 32.5 32.1 32.3 32.3 32.4 32.3 32.3 32.7 33.0 33.1 33.5 34.0 34.8 35.5 36.0 36.8 37.4 37.9 38.7 39.4 39.8 40.4 41.3 41.8 42.7 43.3 43.8 44.2 44.5 46.1 46.1 46.0 46.9 47.2 47.3 47.5 47.4 47.8 47.7 47.8 47.8 47.9 48.0 48.2 48.8 49.1 49.1 49.7 49.8 50.3 49.8 50.1 50.0 50.3 50.2 50.1 50.6 51.1 52.3 52.6 51.9 52.2 52.5 53.4 52.5 53.1 52.6 52.6 53.1 53.6 54.3 54.1 54.5 55.1 54.5 54.4 54.1 54.4 55.4 55.6 55.0 54.2 53.7 53.4 53.8 53.7 53.6 54.0 53.9 54.1 54.5 54.1 54.4 54.7 54.8 54.8 55.3 55.4 55.5 55.1 55.2 55.6 56.0 55.9 55.8 55.7 56.8 57.7 56.6 56.5 56.2 56.3 56.9 56.8 57.1 56.8 56.8 57.2 56.9 57.1 57.9 57.4 57.3 56.9 57.5 57.5 57.8 57.9 57.6 57.7 57.6 57.3 57.7 58.1 58.1 57.7 57.3 57.6 57.2 57.3 57.8 57.9 57.9 57.7 57.4 57.1 56.7 56.5 56.4 56.3 56.2 56.3 56.1 56.1 56.1 56.2 56.2 56.3 56.3 56.3 56.0 55.9 55.7 55.5 55.3 55.0 54.8 54.5 54.2 54.2 54.0 53.8 53.6 53.3 53.2 52.9 52.9 52.8 52.8 52.5 52.7 52.3 52.0 51.7 50.7 50.5 50.4 50.4 50.2 49.5 48.5 47.0 47.1 47.9 48.7 48.4 48.9 49.2 49.1 49.1 48.4 48.8 48.6 48.0 47.5 47.7 47.6 47.5 47.2 46.6 46.1 46.1 46.3 46.0 45.4 47.055555555555564 8.88154942832465
7 45.1 45.2 45.3 45.2 44.8 44.7 45.0 45.0 44.9 44.0 41.6 42.0 42.0 41.9 43.1 40.4 39.4 39.1 38.6 38.5 38.3 38.8 38.5 39.3 39.4 39.5 40.1 40.6 40.6 39.7 38.1 38.3 38.5 38.5 37.9 37.9 37.3 36.9 37.4 38.4 38.0 36.6 37.0 36.1 36.3 36.6 36.6 35.7 36.0 37.1 37.3 37.5 37.8 38.2 38.1 37.7 37.6 38.1 37.7 37.6 37.2 37.1 37.3 37.5 37.7 37.7 37.6 37.5 37.6 37.4 37.4 37.5 37.4 37.6 37.6 37.5 37.6 37.7 37.9 38.0 38.2 38.5 38.8 39.2 39.4 39.7 40.1 40.7 41.2 41.2 41.9 42.5 42.4 42.5 42.8 43.1 43.7 44.1 44.5 44.5 44.4 44.6 45.0 45.7 47.0 47.4 47.3 47.6 47.8 48.8 48.8 49.1 49.0 49.4 49.4 50.0 50.0 49.7 50.1 50.4 50.6 51.3 50.7 51.2 51.5 51.5 51.8 52.3 52.3 52.0 51.8 52.0 52.0 52.2 52.8 52.3 52.3 52.6 53.1 53.0 52.6 52.7 53.4 53.2 53.7 53.7 54.0 54.0 54.9 55.1 55.1 55.5 55.8 55.4 55.1 55.3 55.3 55.0 55.1 54.9 55.2 56.2 56.6 56.6 57.0 56.4 56.1 56.4 56.9 56.6 56.9 56.9 57.0 57.0 57.3 57.1 56.6 57.3 57.5 57.7 57.4 57.4 57.9 58.1 58.0 58.0 57.8 58.2 58.3 58.9 59.2 58.7 59.4 59.1 59.2 59.5 59.9 59.3 59.5 59.7 60.0 60.0 59.6 59.9 59.9 60.2 60.2 60.3 60.3 60.3 60.4 60.3 60.7 60.4 60.6 60.7 60.6 60.6 60.8 60.7 60.7 60.7 60.7 60.7 60.6 60.5 60.3 60.0 60.0 59.8 59.4 59.0 58.9 58.5 58.4 58.3 57.8 57.6 57.5 57.3 57.0 57.1 57.3 56.8 57.1 57.6 57.1 56.9 56.6 56.7 56.1 55.7 55.1 55.2 55.6 55.8 55.9 55.7 55.9 55.6 55.2 55.1 55.1 54.5 54.2 54.4 54.0 53.7 52.8 52.6 53.0 53.1 52.8 52.3 52.7 52.3 51.2 50.7 50.0 49.3 50.4 50.5 50.9 50.7 50.4 50.1 50.4 50.7 49.776736111111106 8.285404263201913
8 41.4 41.9 41.8 41.8 41.2 40.3 40.9 41.5 41.3 40.5 39.8 38.9 39.6 39.2 38.4 39.1 39.5 37.3 37.0 37.3 37.5 37.1 36.3 36.4 36.8 37.0 36.9 36.6 36.8 36.9 36.7 36.2 37.1 37.0 35.0 34.2 34.1 34.9 36.0 34.0 34.4 35.6 35.9 34.6 34.7 33.3 33.7 33.4 33.5 34.1 34.7 35.1 33.9 33.4 33.4 33.4 33.6 33.9 33.7 33.3 33.8 34.7 33.3 33.7 34.5 34.1 33.2 33.0 33.2 33.3 33.3 33.2 33.2 33.2 33.5 34.3 35.7 36.5 35.1 34.7 34.7 34.9 35.2 35.7 36.2 36.5 37.5 38.0 38.4 38.8 39.6 40.6 40.6 40.9 41.1 41.7 42.7 43.4 43.8 44.0 44.3 44.8 44.9 45.4 45.6 45.9 46.2 46.1 46.4 46.7 47.0 47.6 47.1 47.1 47.1 47.7 47.5 47.8 48.1 48.1 48.4 48.1 49.2 48.9 49.0 48.1 48.6 48.9 49.1 48.9 48.9 48.9 48.9 48.9 49.0 49.2 49.6 49.7 49.9 50.1 50.0 49.9 50.4 50.5 51.3 51.9 52.3 51.5 51.7 51.6 52.5 52.1 53.0 53.0 53.5 53.6 53.2 53.3 54.5 53.7 53.6 54.4 55.3 54.2 54.1 55.2 54.2 54.8 54.9 54.5 54.5 55.2 54.8 55.4 55.1 55.8 55.7 55.5 55.5 55.6 56.4 56.1 55.8 56.4 56.5 56.8 56.5 56.3 56.7 57.1 56.9 57.1 57.1 57.3 57.2 57.1 57.0 57.7 57.6 57.7 57.8 57.9 57.9 58.3 58.2 58.2 58.0 58.1 58.0 58.1 58.3 58.2 58.2 58.5 58.6 58.4 58.4 58.4 58.4 58.5 58.6 58.5 58.3 58.2 58.1 58.0 57.9 57.9 57.8 57.4 57.6 57.4 56.8 56.8 56.4 56.4 56.4 55.7 55.7 55.7 55.5 55.5 55.4 54.6 53.8 53.7 53.3 53.5 54.0 52.9 52.8 51.6 51.2 51.0 50.8 50.4 51.2 51.9 51.7 51.2 51.7 48.8 48.7 49.2 49.6 49.3 47.0 46.3 46.6 46.9 48.2 48.2 46.1 46.4 46.2 47.9 49.0 50.1 46.3 47.4 48.5 50.4 50.7 50.6 50.6 48.0 46.4 46.5 47.138888888888886 8.544000573470132
9 41.0 41.1 41.0 40.7 40.9 40.7 40.4 40.4 40.4 40.7 40.8 40.9 40.9 40.9 40.8 40.6 40.4 40.5 40.6 40.4 40.3 40.0 40.0 39.9 39.8 39.8 39.7 39.6 39.3 39.8 39.5 39.3 39.5 39.5 39.5 39.4 39.4 39.3 39.1 39.0 39.1 40.0 39.6 39.8 38.8 38.9 40.0 39.8 39.7 39.5 39.4 39.4 39.3 39.4 39.6 39.4 39.1 39.4 39.9 39.8 39.3 39.2 39.9 39.7 39.1 39.2 39.5 39.5 40.1 40.2 40.1 40.0 40.0 40.1 40.2 40.2 40.2 40.2 39.9 40.0 40.3 40.3 40.4 41.3 41.3 41.6 42.0 42.5 42.8 42.9 43.0 43.3 43.4 43.8 43.9 44.4 44.7 44.7 45.1 45.2 45.7 45.9 46.2 46.7 46.8 47.2 48.0 48.0 48.3 48.4 48.8 49.2 49.1 49.1 49.5 49.5 49.7 49.9 50.4 50.7 50.9 51.6 51.4 51.3 51.7 51.5 51.7 52.1 52.4 53.0 52.6 53.3 54.1 54.6 54.0 53.6 53.6 54.6 54.0 53.9 54.9 54.3 54.5 54.6 54.8 55.2 55.6 55.6 56.1 56.1 55.4 55.6 56.0 56.4 56.4 56.0 56.3 56.4 56.3 56.6 56.6 57.0 56.9 57.0 57.1 57.2 57.4 57.2 57.5 57.9 58.1 58.1 58.0 58.2 58.9 58.7 58.6 59.7 58.9 59.1 59.1 59.1 59.9 60.7 60.1 60.1 60.1 60.4 60.4 60.5 60.6 60.8 61.2 61.0 61.1 61.2 62.0 61.8 61.1 60.9 61.1 61.1 61.4 62.0 62.1 62.1 62.6 62.3 61.7 62.0 62.3 62.1 62.3 62.7 62.6 62.7 62.7 62.5 62.6 62.5 62.5 62.4 62.4 62.7 62.5 62.5 62.5 62.5 62.2 62.0 62.1 62.1 62.0 61.8 60.6 60.2 59.6 59.0 58.4 57.9 56.7 56.1 55.0 54.4 54.3 53.5 53.0 53.3 53.7 52.5 51.8 52.1 50.9 50.3 49.6 49.9 48.9 48.7 49.5 49.0 49.0 47.6 47.4 47.1 47.2 47.4 46.2 45.7 45.7 45.4 44.9 45.0 44.8 44.9 44.7 46.9 48.4 49.8 51.2 51.4 51.3 51.0 50.9 50.7 50.5 50.5 50.3 50.2 50.055902777777774 8.303387068709645
END
#################################################################
SECTION3 (Edges Information)
EndPoint0 EndPoint1 Weight
0 1 1.000000
1 2 1.000000
2 3 1.000000
3 4 1.000000
3 5 1.000000
4 5 1.000000
4 6 1.000000
5 6 1.000000
5 7 1.000000
6 7 1.000000
7 8 1.000000
7 9 1.000000
8 9 1.000000
0 1 1.000000
1 2 1.000000
2 3 1.000000
3 4 1.000000
3 5 1.000000
4 5 1.000000
4 6 1.000000
5 6 1.000000
5 7 1.000000
6 7 1.000000
7 8 1.000000
7 9 1.000000
8 9 1.000000
0 1 1.000000
1 2 1.000000
2 3 1.000000
3 4 1.000000
3 5 1.000000
4 5 1.000000
4 6 1.000000
5 6 1.000000
5 7 1.000000
6 7 1.000000
7 8 1.000000
7 9 1.000000
8 9 1.000000
END
#################################################################
SECTION4 (TrueSubGraph Information)
EndPoint0 EndPoint1 Weight
END
#################################################################
