#################################################################
#APDM Input Graph, this input graph includes 3 sections:
#section1 : general information
#section2 : nodes
#section3 : edges
#section4 : trueSubGraph (Optional)
#
#if nodes haven't information set weight to null
#################################################################
SECTION1 (General Information)
numNodes = 10
numEdges = 39
usedAlgorithm = NULL
dataSource = TransWeatherRealData
END
#################################################################
SECTION2 (Nodes Information)
NodeID temp9  mean  std 
0 31.3 31.3 31.2 31.2 31.2 31.1 31.1 31.1 31.0 31.0 31.0 30.9 30.9 30.9 30.9 30.8 30.8 30.8 30.7 30.7 30.7 30.7 30.7 30.7 30.7 30.7 30.7 30.7 30.7 30.7 30.7 30.7 30.7 30.7 30.7 30.6 30.6 30.6 30.5 30.5 30.5 30.4 30.4 30.4 30.4 30.3 30.3 30.2 30.2 30.2 30.2 30.2 30.2 30.2 30.2 30.2 30.2 30.2 30.2 30.2 30.2 30.2 30.2 30.1 30.1 30.1 30.1 30.1 30.1 30.1 30.1 30.1 30.1 30.1 30.1 30.0 30.0 30.0 30.1 30.1 30.1 30.1 30.1 30.1 30.1 30.1 30.1 30.1 30.2 30.1 30.1 30.2 30.1 30.2 30.2 30.2 30.2 30.2 30.2 30.3 30.3 30.3 30.3 30.4 30.4 30.4 30.5 30.6 30.6 30.6 30.7 30.8 30.8 30.9 30.9 31.0 31.1 31.1 31.1 31.2 31.3 31.3 31.4 31.4 31.5 31.5 31.6 31.7 31.9 32.0 32.2 32.4 32.4 32.5 32.4 32.3 32.4 32.6 32.7 32.8 32.7 32.7 33.1 33.1 33.1 33.4 33.2 33.4 33.5 33.5 33.7 34.4 34.3 34.3 34.4 34.4 33.9 34.2 34.1 34.3 34.4 35.1 35.2 35.0 34.5 34.8 34.7 34.7 35.0 35.0 34.9 35.0 35.3 35.2 35.2 35.2 35.1 35.3 35.4 35.4 35.6 35.6 35.7 35.7 35.9 35.8 35.8 35.7 35.8 35.8 35.7 35.9 35.8 35.9 35.8 35.8 35.8 35.9 35.9 36.1 36.0 35.9 35.8 35.9 36.0 35.8 35.8 35.8 35.8 35.8 35.9 36.0 36.1 36.0 35.9 36.0 36.1 36.0 36.0 36.0 36.0 36.0 36.1 36.1 36.1 36.2 36.1 36.1 36.0 35.9 35.9 35.8 35.7 35.6 35.5 35.4 35.3 35.2 35.0 34.9 34.9 34.9 35.0 34.8 34.7 34.4 34.4 34.0 33.8 33.6 33.4 33.3 33.2 33.1 32.9 32.6 32.5 32.5 32.3 32.4 32.3 32.1 32.1 32.1 32.0 31.9 32.0 31.8 31.8 31.7 31.7 31.6 31.4 31.4 31.4 31.3 31.3 31.2 31.1 31.2 31.2 31.1 31.1 31.0 31.1 31.0 31.0 30.8 32.55486111111111 2.2253787951799096
1 30.8 30.8 30.9 30.9 30.9 30.9 30.9 30.9 30.9 31.0 30.9 30.9 31.0 31.1 31.1 31.1 31.0 30.8 30.7 30.7 30.6 30.5 30.5 30.5 30.5 30.5 30.5 30.4 30.4 30.4 30.3 30.3 30.3 30.3 30.4 30.4 30.4 30.4 30.5 30.6 30.6 30.5 30.5 30.5 30.4 30.5 30.4 30.4 30.4 30.4 30.5 30.4 30.4 30.3 30.3 30.3 30.2 30.2 30.3 30.3 30.4 30.4 30.3 30.1 30.0 29.9 29.9 29.9 29.9 29.9 29.9 29.8 29.8 29.8 30.0 29.9 29.9 29.9 29.8 29.8 29.8 29.9 29.9 29.8 29.8 29.8 29.9 29.9 29.9 30.0 30.0 30.0 29.9 29.9 30.0 30.0 30.0 30.0 30.1 30.1 30.2 30.4 30.4 30.5 30.6 30.7 30.8 31.0 31.1 31.2 31.3 31.3 31.4 31.4 31.5 31.4 31.4 31.5 31.5 31.6 31.6 31.5 31.6 31.6 31.7 31.7 31.5 31.6 31.6 31.6 31.7 31.6 31.7 31.9 32.2 32.7 32.7 32.5 32.1 32.1 32.2 32.3 32.5 32.6 32.5 32.4 32.5 32.6 32.6 32.6 32.7 32.9 33.2 33.4 33.4 33.4 33.6 33.9 34.1 34.5 34.8 34.8 34.8 35.3 35.3 35.1 35.8 35.8 35.6 35.8 35.7 36.3 36.4 36.3 36.6 36.5 36.5 36.7 36.7 36.7 36.7 36.9 36.8 36.9 37.0 37.0 36.8 36.7 36.7 36.8 36.9 37.0 36.9 36.9 36.8 36.6 36.6 36.5 36.5 36.4 36.3 36.2 36.0 35.8 35.8 35.7 35.8 35.8 35.8 35.7 35.5 35.5 35.4 35.4 35.3 35.3 35.2 35.1 35.0 34.9 34.9 34.9 34.9 34.8 34.6 34.6 34.4 34.4 34.3 34.1 34.0 33.9 33.8 33.7 33.7 33.6 33.6 33.6 33.5 33.5 33.4 33.3 33.1 33.0 33.0 33.0 32.9 32.6 32.2 32.2 31.4 31.3 31.6 31.7 32.0 32.2 31.7 32.1 32.4 32.2 32.0 31.7 31.7 32.2 31.2 31.1 31.0 31.3 31.2 31.4 30.1 30.6 30.7 31.2 31.1 31.0 30.9 30.6 30.5 30.1 30.3 30.3 31.0 30.6 30.6 30.7 30.4 30.2 32.330555555555556 2.276107618803032
2 32.9 32.8 32.8 32.7 32.8 32.8 32.8 32.9 32.9 33.0 32.9 33.0 33.0 33.1 33.0 33.0 33.0 33.0 33.0 33.0 32.9 33.0 33.0 33.1 33.0 33.0 33.0 33.0 33.1 33.0 33.1 33.0 33.2 33.2 33.3 33.3 33.3 33.3 33.2 33.2 33.2 33.2 33.1 33.3 33.3 33.3 33.3 33.3 33.4 33.3 33.4 33.3 33.3 33.3 33.3 33.3 33.3 33.1 33.1 33.0 33.1 33.0 33.1 33.0 32.8 32.5 32.5 32.4 32.4 32.3 32.0 32.3 32.4 32.4 32.3 32.3 32.2 32.0 31.7 31.8 31.9 31.9 32.0 32.0 32.1 32.0 31.7 31.9 32.0 32.0 32.0 31.9 31.9 32.1 32.0 31.9 32.0 31.9 31.9 32.1 32.2 32.3 32.5 32.7 32.8 32.9 32.9 33.0 33.0 33.1 33.2 33.2 33.3 33.4 33.4 33.5 33.4 33.6 33.4 33.5 33.6 33.9 34.1 34.2 34.3 34.3 34.4 34.6 34.6 34.7 34.7 34.8 34.9 35.0 35.1 35.2 35.4 35.6 35.8 36.1 36.8 36.9 36.0 36.5 36.5 36.5 36.8 37.0 37.2 37.4 37.6 37.7 37.7 37.8 38.0 38.0 38.2 38.0 38.0 38.3 38.3 38.5 38.7 38.6 38.7 38.8 39.0 39.2 39.0 39.0 39.6 39.1 39.4 39.9 39.6 39.5 39.9 40.0 39.9 40.1 40.5 40.7 40.0 39.9 40.0 40.1 39.9 39.8 39.7 39.6 39.3 39.1 39.2 39.0 38.7 38.6 38.3 38.2 38.1 38.1 38.1 37.9 37.9 37.9 38.1 38.3 38.4 38.4 38.3 38.2 38.2 38.1 38.3 38.0 38.0 38.2 37.9 38.1 38.1 38.0 38.0 37.7 37.3 37.4 37.2 37.2 37.1 37.1 37.0 36.7 36.7 36.6 36.4 36.3 36.1 35.8 35.6 35.2 35.1 35.0 35.0 35.0 35.0 34.9 34.6 34.5 34.4 34.3 33.7 33.1 32.9 32.9 33.2 33.3 32.9 32.6 32.7 32.1 31.1 31.2 30.8 30.8 31.1 30.8 31.2 30.6 30.5 30.6 30.4 30.0 29.7 29.8 29.8 29.7 30.1 30.0 30.0 29.8 30.0 29.9 29.7 29.1 27.9 27.5 27.1 27.0 26.3 26.4 34.50833333333333 3.044799072800738
3 32.1 32.1 32.1 32.1 32.1 32.2 32.2 32.2 32.2 32.1 32.1 32.0 32.1 32.1 32.1 32.1 32.1 32.1 32.1 32.1 32.1 32.0 32.0 32.0 32.0 32.1 32.0 32.0 31.9 31.9 31.9 31.9 31.9 31.9 31.8 31.8 31.8 31.8 31.8 31.8 31.8 31.7 31.7 31.7 31.6 31.6 31.6 31.6 31.7 31.6 31.6 31.5 31.5 31.5 31.5 31.5 31.6 31.6 31.6 31.6 31.6 31.6 31.6 31.6 31.5 31.6 31.7 31.7 31.7 31.8 31.6 31.6 31.6 31.5 31.5 31.4 31.4 31.5 31.4 31.4 31.4 31.4 31.4 31.4 31.4 31.4 31.5 31.4 31.4 31.4 31.4 31.5 31.5 31.5 31.6 31.6 31.7 31.7 31.8 31.8 31.9 32.0 32.0 32.1 32.1 32.2 32.3 32.3 32.4 32.5 32.6 32.7 32.8 32.9 33.0 33.0 33.1 33.2 33.2 33.3 33.4 33.6 33.7 33.8 34.0 34.0 34.2 34.2 34.4 34.5 34.5 34.7 34.9 34.9 35.0 35.5 35.7 35.7 35.7 35.9 36.0 36.2 36.0 36.0 36.0 36.1 36.2 36.6 36.6 36.6 36.8 36.9 37.3 37.5 37.7 37.9 38.0 38.4 38.3 38.4 38.2 38.5 38.5 39.0 39.2 38.9 39.3 39.5 39.9 40.0 40.3 39.9 40.1 40.4 40.5 40.9 40.7 41.1 41.0 41.2 40.5 40.7 41.1 40.9 41.2 41.3 40.5 40.3 40.8 40.7 40.8 40.7 40.6 40.7 40.4 40.2 40.3 40.3 40.0 40.1 39.9 39.8 39.6 39.5 39.4 39.3 39.2 39.0 39.0 39.0 38.9 39.0 38.9 38.9 38.8 38.8 38.7 38.6 38.6 38.5 38.5 38.5 38.3 38.4 38.2 38.0 38.0 37.8 37.6 37.4 37.3 37.1 37.0 36.9 36.4 36.0 35.6 35.4 35.3 35.0 34.5 34.1 33.4 32.9 32.6 32.1 31.7 31.4 31.0 30.9 30.7 30.5 30.4 29.8 29.5 29.4 29.6 29.4 29.4 28.9 28.7 28.5 28.4 28.4 28.3 28.2 28.1 27.8 27.7 27.2 27.1 26.9 26.8 27.0 26.9 26.7 26.6 26.5 26.2 25.8 26.0 25.9 25.4 25.0 24.9 24.8 24.6 24.5 33.89618055555555 4.099573275410116
4 33.4 33.4 33.4 33.4 33.4 33.4 33.5 33.5 33.5 33.6 33.6 33.5 33.5 33.4 33.4 33.5 33.5 33.5 33.5 33.5 33.5 33.4 33.4 33.3 33.3 33.3 33.1 33.1 33.1 33.1 33.0 33.0 33.0 33.1 33.0 33.0 33.0 33.1 33.1 33.1 33.2 33.2 33.1 33.1 33.0 33.0 33.0 32.9 33.0 33.0 33.0 32.9 32.9 32.9 32.9 32.9 32.9 32.9 32.8 32.9 32.9 32.9 32.9 32.8 32.9 32.8 32.9 32.9 33.0 32.9 32.9 32.9 32.9 32.9 32.9 32.9 33.0 32.9 32.9 32.9 32.9 32.9 32.9 32.9 32.9 32.9 32.9 32.9 32.9 32.9 32.9 33.0 33.0 33.1 33.0 33.0 33.1 33.2 33.3 33.3 33.3 33.4 33.4 33.4 33.4 33.5 33.4 33.5 33.5 33.6 33.7 33.8 33.8 33.8 33.9 34.0 34.1 34.2 34.4 34.8 35.0 35.8 35.6 35.8 35.8 36.2 36.7 36.8 37.0 36.9 36.9 37.0 36.9 37.0 37.3 37.2 37.3 37.4 37.6 37.8 38.1 38.1 38.4 38.6 38.9 38.9 39.3 39.5 39.7 40.0 40.2 40.1 40.5 40.7 40.5 40.5 40.7 40.8 40.9 40.6 40.6 40.5 41.2 40.9 41.1 41.1 40.7 41.2 41.4 41.3 40.9 40.7 40.9 40.5 40.5 40.7 40.6 40.8 40.8 41.1 40.7 40.5 40.5 40.0 40.4 40.4 40.0 39.9 39.9 40.0 39.9 39.6 39.8 39.6 40.0 40.2 39.8 39.7 39.6 39.4 39.4 39.4 39.4 39.3 39.3 39.3 39.3 39.3 39.3 39.4 39.3 39.2 39.2 39.2 39.1 39.1 38.9 38.7 38.7 38.6 38.5 38.5 38.4 38.3 38.3 38.1 38.0 37.8 37.7 37.5 37.2 37.0 36.8 36.5 36.3 36.1 35.8 35.8 35.5 35.2 35.0 34.9 34.8 34.6 34.4 34.4 34.1 34.1 33.3 33.4 33.1 32.9 32.6 32.3 31.4 31.1 30.7 31.2 31.3 31.2 31.1 31.0 30.8 30.6 30.3 29.9 29.5 29.6 29.6 29.6 29.5 29.0 29.1 28.7 28.6 27.8 26.9 27.4 27.8 26.8 26.1 25.8 25.7 25.5 25.8 25.9 25.7 27.0 35.103125 3.770944847588466
5 33.0 33.1 32.9 32.8 32.8 32.6 32.2 32.0 31.9 31.9 31.9 31.8 31.7 31.6 31.6 31.7 31.6 31.6 31.6 31.6 31.6 31.6 31.7 31.8 31.8 31.8 31.8 31.8 31.9 31.9 31.8 31.8 31.9 31.8 31.8 31.7 31.7 31.7 31.7 31.8 31.8 31.9 31.8 31.7 31.7 31.6 31.5 31.4 31.4 31.4 31.3 31.4 31.4 31.4 31.3 31.3 31.3 31.4 31.4 31.4 31.3 31.4 31.4 31.5 31.5 31.5 31.5 31.5 31.4 31.4 31.4 31.4 31.4 31.3 31.2 31.2 31.0 31.0 31.0 31.0 30.9 30.9 30.9 30.9 30.9 30.9 30.9 30.9 30.8 30.8 30.8 30.8 30.8 30.8 30.8 30.8 30.8 30.9 30.9 30.9 30.9 30.8 30.8 30.8 30.9 30.9 31.0 31.1 31.2 31.3 31.3 31.4 31.5 31.6 31.6 31.9 32.1 32.3 32.7 32.7 33.0 33.2 33.6 33.4 33.4 33.5 34.3 34.7 34.5 34.6 34.4 34.4 34.5 34.7 35.1 34.7 35.1 35.5 35.6 35.9 36.2 36.3 37.8 37.8 37.1 37.1 37.2 37.3 37.6 37.7 37.9 38.2 38.3 38.3 38.6 38.5 38.6 38.6 38.6 38.9 39.0 39.4 39.3 39.4 39.5 39.7 40.2 40.2 40.5 40.7 40.9 40.8 40.9 41.1 41.3 41.0 41.2 41.2 41.4 41.5 41.6 41.6 41.9 42.0 42.1 42.4 42.4 42.4 42.4 42.6 42.7 42.8 42.3 42.1 42.2 42.3 42.2 42.2 42.3 42.0 41.9 41.7 41.6 41.4 41.3 41.2 41.2 41.1 41.2 40.9 40.7 40.5 40.4 40.5 40.5 40.5 40.4 40.3 40.0 40.0 39.9 39.9 39.7 39.6 39.4 39.4 39.3 39.0 38.9 38.6 38.3 38.2 37.6 37.7 37.3 37.2 36.7 36.4 36.2 35.7 35.6 35.2 34.8 34.4 34.6 34.2 34.5 34.2 33.8 34.1 33.7 33.5 33.2 32.8 32.6 32.0 31.5 31.5 31.7 31.5 31.4 31.1 30.2 29.8 29.4 28.7 28.8 29.0 28.8 28.1 28.1 28.1 28.2 27.7 28.8 29.4 29.4 29.2 28.9 28.5 28.4 27.7 27.4 27.2 27.3 27.7 27.3 27.1 34.48298611111111 4.362680916626178
6 30.6 30.5 30.4 30.4 30.3 30.3 30.4 30.3 30.2 30.1 30.2 30.1 30.1 30.1 30.1 30.0 29.9 29.8 29.8 29.8 29.8 29.7 29.7 29.7 29.8 29.8 29.9 29.7 29.8 29.8 29.6 29.6 29.6 29.5 29.4 29.4 29.3 29.3 29.3 29.2 29.2 29.2 29.1 29.1 29.2 29.0 29.2 29.0 29.1 29.1 29.2 29.2 29.2 29.1 29.1 29.1 29.0 29.0 28.9 28.9 29.0 29.0 28.8 28.8 28.7 28.7 28.8 28.7 28.5 28.6 28.5 28.6 28.5 28.5 28.4 28.5 28.4 28.3 28.3 28.3 28.3 28.3 28.3 28.2 28.2 28.2 28.2 28.1 28.3 28.3 28.2 28.1 28.2 28.2 28.2 28.2 28.2 28.3 28.4 28.5 28.6 28.4 28.6 28.9 28.8 29.0 29.1 29.4 29.5 29.7 29.8 29.8 29.8 30.6 30.4 30.3 30.4 30.6 30.9 30.9 31.8 32.1 32.3 32.6 33.0 33.1 33.3 33.8 33.7 34.0 34.4 34.6 34.6 35.2 35.5 35.5 35.6 35.9 36.3 37.3 37.2 37.2 37.6 37.8 37.9 37.9 37.8 38.1 38.5 38.8 38.7 38.7 38.8 39.1 39.3 39.6 39.5 39.4 40.1 40.2 40.2 40.2 40.6 40.6 40.9 40.6 40.9 40.8 41.5 41.4 41.4 41.4 41.8 41.9 42.2 42.1 42.0 42.3 42.4 42.4 42.8 42.7 43.1 42.8 42.9 43.2 42.9 42.8 42.6 42.4 42.6 42.7 42.6 42.5 42.5 42.1 42.0 41.8 41.8 41.4 41.2 41.2 41.1 41.2 41.0 40.8 40.5 40.6 40.4 40.1 40.2 40.0 39.9 39.6 39.4 39.1 38.9 38.8 38.7 38.5 38.4 38.2 38.2 38.0 37.9 37.6 37.4 37.1 36.9 36.7 36.4 36.2 36.0 35.7 35.5 35.2 34.9 34.7 34.4 34.3 34.0 33.8 33.6 33.3 33.2 32.9 32.6 32.5 32.4 32.2 32.0 31.8 31.6 31.4 31.3 31.2 30.9 30.9 30.6 30.5 30.3 30.3 30.2 30.1 30.2 30.2 30.1 29.9 29.7 29.6 29.5 29.5 29.3 29.2 29.1 29.0 28.9 28.8 28.5 28.5 28.3 28.3 28.3 28.0 27.8 27.9 28.0 27.8 33.44097222222222 5.089778144497198
7 32.6 32.5 32.6 32.6 32.6 32.5 32.5 32.4 32.5 32.6 32.4 32.4 32.3 32.3 32.3 32.3 32.1 32.1 32.1 32.0 31.9 31.8 31.8 31.8 31.8 31.7 31.7 31.7 31.5 31.5 31.6 31.4 31.3 31.1 31.1 30.7 30.6 30.6 30.7 30.7 30.5 30.5 30.3 30.2 30.1 30.3 30.5 30.5 30.6 30.7 30.4 30.3 30.0 30.1 30.1 30.1 30.1 29.9 29.8 29.7 29.6 29.4 29.5 29.6 29.7 29.6 29.6 29.6 29.3 29.3 29.3 29.4 29.4 29.4 29.4 29.6 29.7 29.8 29.8 29.7 29.6 29.7 29.6 29.5 29.6 29.4 29.3 29.2 29.1 28.9 28.8 29.0 29.1 28.9 28.9 29.0 29.0 29.1 29.2 29.3 29.4 29.4 29.3 29.4 29.6 29.7 29.7 29.8 30.0 30.2 30.3 30.3 30.5 30.7 30.9 31.1 31.3 31.3 31.5 31.5 31.5 31.7 32.0 32.0 32.3 32.5 32.7 32.4 32.6 32.8 33.3 33.3 33.7 33.3 33.4 33.7 34.0 34.8 34.5 34.6 34.4 34.5 34.7 34.9 35.2 35.4 35.5 35.5 35.8 36.1 36.2 36.4 36.4 36.6 36.7 36.8 36.9 37.1 37.3 37.4 37.5 37.6 37.8 38.4 38.3 38.3 38.2 38.2 38.4 38.6 38.8 38.8 39.0 39.1 39.6 39.5 39.7 39.6 39.7 39.9 40.1 40.2 40.3 40.4 40.6 40.8 41.0 41.2 41.3 41.3 41.2 41.4 41.7 42.4 42.3 42.4 42.1 42.0 42.2 43.4 42.7 43.4 43.2 42.4 42.3 42.5 42.9 43.5 43.7 43.5 43.4 43.6 43.1 43.3 43.0 42.8 42.8 42.9 42.9 43.4 43.6 43.4 43.3 43.2 43.0 42.7 42.4 42.2 41.9 41.5 41.3 41.0 40.7 40.6 40.5 40.4 40.3 39.9 39.7 39.5 39.4 39.2 38.9 38.7 38.5 38.4 38.2 38.0 37.8 37.7 37.4 37.4 37.2 36.9 36.8 36.4 36.1 35.8 36.1 35.5 35.4 34.7 34.0 33.9 33.8 33.6 33.2 33.8 33.9 34.2 34.4 34.4 34.0 34.0 34.1 33.8 33.7 33.4 33.3 33.4 33.0 32.7 32.3 32.1 31.8 31.3 31.3 30.9 34.79722222222222 4.682094954503674
8 29.9 30.0 30.0 30.1 30.1 30.1 30.0 30.1 30.2 30.4 30.3 30.3 30.2 30.1 30.0 29.9 29.9 30.0 29.9 29.9 29.9 30.1 30.0 29.9 29.9 29.8 29.8 29.8 29.8 29.8 29.7 29.7 29.6 29.5 29.5 29.5 29.5 29.5 29.4 29.2 29.2 29.1 29.0 28.9 29.0 29.0 28.9 28.9 28.8 28.9 28.8 28.8 28.8 28.8 28.8 28.7 28.7 28.7 28.7 28.7 28.6 28.7 28.6 28.6 28.5 28.4 28.4 28.4 28.4 28.5 28.5 28.4 28.3 28.4 28.3 28.3 28.3 28.3 28.2 28.3 28.2 28.1 28.2 28.1 28.1 28.1 28.0 28.0 28.0 28.0 28.0 28.0 28.0 27.9 27.8 27.9 27.9 27.9 28.0 28.0 28.0 28.1 28.1 28.2 28.2 28.3 28.3 28.3 28.4 28.4 28.5 28.4 28.6 28.8 28.9 29.1 29.2 29.4 29.6 29.7 30.0 30.3 30.6 30.8 31.0 30.9 31.1 31.0 31.1 31.3 31.6 31.7 31.7 32.1 32.1 32.3 32.5 32.8 33.0 33.2 33.4 33.5 33.8 33.9 34.1 34.3 34.8 35.0 35.2 35.4 35.7 35.6 35.3 35.5 35.6 36.0 36.0 36.2 36.2 36.4 36.3 36.6 36.7 36.9 36.8 36.9 37.0 37.3 37.3 37.5 37.8 37.5 37.9 38.1 38.1 38.5 38.4 38.6 38.4 38.6 38.7 38.7 38.9 38.8 39.0 39.2 39.2 39.4 39.5 39.4 39.7 39.8 39.8 39.8 40.0 40.2 40.3 40.2 40.3 40.4 40.4 40.5 40.6 40.6 40.6 40.7 40.7 41.0 41.0 41.0 41.1 41.1 41.3 41.3 41.3 41.5 41.6 41.5 41.7 41.4 41.4 41.2 41.0 40.9 40.8 40.7 40.4 40.5 40.3 40.0 39.8 39.6 39.2 39.0 38.7 38.4 38.5 38.1 38.1 37.5 37.6 37.8 37.2 37.3 37.0 36.4 36.3 36.2 35.4 34.7 34.7 35.5 35.5 35.0 35.0 34.9 33.7 32.5 32.6 32.8 32.5 32.6 33.1 33.0 33.1 33.6 33.7 33.8 33.2 32.9 31.5 29.9 31.4 31.9 31.7 32.5 32.8 32.7 32.5 32.5 32.4 32.5 32.0 28.6 26.1 26.0 27.1 26.6 33.175 4.606887738391976
9 29.4 29.4 29.3 29.3 29.2 29.2 29.1 29.0 28.9 28.9 28.9 28.8 28.8 28.8 28.7 28.7 28.6 28.5 28.4 28.4 28.4 28.4 28.4 28.4 28.5 28.5 28.4 28.4 28.4 28.4 28.4 28.4 28.3 28.3 28.3 28.3 28.2 28.2 28.2 28.2 28.3 28.3 28.3 28.2 28.2 28.2 28.2 28.3 28.2 28.3 28.3 28.3 28.3 28.3 28.3 28.3 28.3 28.2 28.2 28.2 28.2 28.1 28.1 28.1 28.1 28.0 28.0 28.0 28.0 28.0 28.0 27.9 27.9 27.9 28.0 28.0 27.9 27.9 27.9 28.0 27.9 27.9 27.9 27.8 27.8 27.7 27.6 27.7 27.7 27.7 27.6 27.7 27.7 27.6 27.6 27.6 27.6 27.7 27.8 27.9 28.0 28.2 28.3 28.5 28.8 28.9 29.3 29.6 29.8 30.0 30.2 30.5 30.6 30.7 30.6 30.6 30.9 31.0 31.2 31.4 31.4 31.6 31.8 32.2 32.2 32.5 32.7 32.7 32.9 33.2 33.1 33.4 33.5 33.7 34.0 34.1 34.1 34.2 34.5 34.7 34.5 34.7 35.0 35.3 35.5 35.1 35.0 35.2 35.4 35.3 35.8 36.1 36.3 36.3 36.2 36.3 36.5 36.7 36.7 37.4 37.3 37.5 37.4 37.6 37.8 38.0 38.1 38.1 38.4 38.4 38.3 38.3 38.6 38.9 38.7 38.7 38.6 38.8 39.0 39.1 39.3 39.2 39.2 39.4 39.7 39.8 39.6 39.7 39.9 40.0 40.0 40.2 40.1 40.3 40.2 40.3 40.3 40.3 40.3 40.4 40.4 40.4 40.4 40.4 40.5 40.4 40.4 40.4 40.4 40.4 40.3 40.0 40.1 40.0 39.9 39.8 39.9 40.0 39.8 39.8 39.8 39.7 39.5 39.4 39.3 39.0 38.7 38.6 38.4 37.9 37.6 37.7 37.5 37.5 37.4 37.4 37.4 37.3 37.3 37.1 36.9 36.2 35.6 35.5 35.2 34.7 34.3 33.5 33.1 32.2 32.0 31.9 32.3 32.5 34.0 33.4 33.1 30.9 31.8 31.8 30.7 30.0 30.0 29.0 30.1 29.1 29.0 28.7 28.8 28.5 28.9 28.4 29.2 28.3 28.9 29.8 28.2 28.5 30.0 30.6 31.6 31.2 30.9 31.1 30.6 28.9 29.3 29.7 32.74583333333334 4.64493842388384
END
#################################################################
SECTION3 (Edges Information)
EndPoint0 EndPoint1 Weight
0 1 1.000000
1 2 1.000000
2 3 1.000000
3 4 1.000000
3 5 1.000000
4 5 1.000000
4 6 1.000000
5 6 1.000000
5 7 1.000000
6 7 1.000000
7 8 1.000000
7 9 1.000000
8 9 1.000000
0 1 1.000000
1 2 1.000000
2 3 1.000000
3 4 1.000000
3 5 1.000000
4 5 1.000000
4 6 1.000000
5 6 1.000000
5 7 1.000000
6 7 1.000000
7 8 1.000000
7 9 1.000000
8 9 1.000000
0 1 1.000000
1 2 1.000000
2 3 1.000000
3 4 1.000000
3 5 1.000000
4 5 1.000000
4 6 1.000000
5 6 1.000000
5 7 1.000000
6 7 1.000000
7 8 1.000000
7 9 1.000000
8 9 1.000000
END
#################################################################
SECTION4 (TrueSubGraph Information)
EndPoint0 EndPoint1 Weight
END
#################################################################
