(30.0,[ 30.   0.   0.   0.]) | (94.0 [ 94.   0.   0.   0.]) (82.0 [ 82.   0.   0.   0.]) (93.0 [ 93.   0.   0.   0.]) (89.0 [ 89.   0.   0.   0.]) (108.0 [ 108.    0.    0.    0.]) (103.0 [ 103.    0.    0.    0.]) (91.0 [ 91.   0.   0.   0.]) (100.0 [ 100.    0.    0.    0.]) (105.0 [ 105.    0.    0.    0.]) (96.0 [ 96.   0.   0.   0.]) 
1 5 10.0 1.0
(30.0,[ 30.   0.   0.   0.]) | (207.0 [ 207.    0.    0.    0.]) (179.0 [ 179.    0.    0.    0.]) (174.0 [ 174.    0.    0.    0.]) (191.0 [ 191.    0.    0.    0.]) (185.0 [ 185.    0.    0.    0.]) (193.0 [ 193.    0.    0.    0.]) (175.0 [ 175.    0.    0.    0.]) (187.0 [ 187.    0.    0.    0.]) (185.0 [ 185.    0.    0.    0.]) (199.0 [ 199.    0.    0.    0.]) 
1 10 10.0 1.0
(120.0,[ 120.    0.    0.    0.]) | (226.0 [ 226.    0.    0.    0.]) (262.0 [ 262.    0.    0.    0.]) (273.0 [ 273.    0.    0.    0.]) (283.0 [ 283.    0.    0.    0.]) (269.0 [ 269.    0.    0.    0.]) (261.0 [ 261.    0.    0.    0.]) (276.0 [ 276.    0.    0.    0.]) (284.0 [ 284.    0.    0.    0.]) (322.0 [ 322.    0.    0.    0.]) (271.0 [ 271.    0.    0.    0.]) 
1 15 10.0 1.0
(188.0,[ 188.    0.    0.    0.]) | (374.0 [ 374.    0.    0.    0.]) (371.0 [ 371.    0.    0.    0.]) (400.0 [ 400.    0.    0.    0.]) (366.0 [ 366.    0.    0.    0.]) (363.0 [ 363.    0.    0.    0.]) (412.0 [ 412.    0.    0.    0.]) (321.0 [ 321.    0.    0.    0.]) (356.0 [ 356.    0.    0.    0.]) (385.0 [ 385.    0.    0.    0.]) (360.0 [ 360.    0.    0.    0.]) 
1 20 10.0 1.0
(218.0,[ 218.    0.    0.    0.]) | (465.0 [ 465.    0.    0.    0.]) (487.0 [ 487.    0.    0.    0.]) (466.0 [ 466.    0.    0.    0.]) (467.0 [ 467.    0.    0.    0.]) (439.0 [ 439.    0.    0.    0.]) (437.0 [ 437.    0.    0.    0.]) (480.0 [ 480.    0.    0.    0.]) (447.0 [ 447.    0.    0.    0.]) (465.0 [ 465.    0.    0.    0.]) (481.0 [ 481.    0.    0.    0.]) 
1 25 10.0 1.0
(286.0,[ 286.    0.    0.    0.]) | (538.0 [ 538.    0.    0.    0.]) (524.0 [ 524.    0.    0.    0.]) (547.0 [ 547.    0.    0.    0.]) (544.0 [ 544.    0.    0.    0.]) (559.0 [ 559.    0.    0.    0.]) (516.0 [ 516.    0.    0.    0.]) (488.0 [ 488.    0.    0.    0.]) (511.0 [ 511.    0.    0.    0.]) (538.0 [ 538.    0.    0.    0.]) (494.0 [ 494.    0.    0.    0.]) 
1 30 10.0 1.0
(316.0,[ 316.    0.    0.    0.]) | (590.0 [ 590.    0.    0.    0.]) (667.0 [ 667.    0.    0.    0.]) (615.0 [ 615.    0.    0.    0.]) (617.0 [ 617.    0.    0.    0.]) (592.0 [ 592.    0.    0.    0.]) (595.0 [ 595.    0.    0.    0.]) (659.0 [ 659.    0.    0.    0.]) (621.0 [ 621.    0.    0.    0.]) (627.0 [ 627.    0.    0.    0.]) (587.0 [ 587.    0.    0.    0.]) 
1 35 10.0 1.0
(361.0,[ 361.    0.    0.    0.]) | (742.0 [ 742.    0.    0.    0.]) (735.0 [ 735.    0.    0.    0.]) (698.0 [ 698.    0.    0.    0.]) (678.0 [ 678.    0.    0.    0.]) (701.0 [ 701.    0.    0.    0.]) (721.0 [ 721.    0.    0.    0.]) (748.0 [ 748.    0.    0.    0.]) (697.0 [ 697.    0.    0.    0.]) (698.0 [ 698.    0.    0.    0.]) (694.0 [ 694.    0.    0.    0.]) 
1 40 10.0 1.0
(411.0,[ 411.    0.    0.    0.]) | (748.0 [ 748.    0.    0.    0.]) (780.0 [ 780.    0.    0.    0.]) (719.0 [ 719.    0.    0.    0.]) (789.0 [ 789.    0.    0.    0.]) (767.0 [ 767.    0.    0.    0.]) (774.0 [ 774.    0.    0.    0.]) (771.0 [ 771.    0.    0.    0.]) (718.0 [ 718.    0.    0.    0.]) (737.0 [ 737.    0.    0.    0.]) (789.0 [ 789.    0.    0.    0.]) 
1 45 10.0 1.0
(411.0,[ 411.    0.    0.    0.]) | (825.0 [ 825.    0.    0.    0.]) (816.0 [ 816.    0.    0.    0.]) (847.0 [ 847.    0.    0.    0.]) (899.0 [ 899.    0.    0.    0.]) (874.0 [ 874.    0.    0.    0.]) (842.0 [ 842.    0.    0.    0.]) (796.0 [ 796.    0.    0.    0.]) (823.0 [ 823.    0.    0.    0.]) (827.0 [ 827.    0.    0.    0.]) (834.0 [ 834.    0.    0.    0.]) 
1 50 10.0 1.0
(490.0,[ 490.    0.    0.    0.]) | (928.0 [ 928.    0.    0.    0.]) (941.0 [ 941.    0.    0.    0.]) (938.0 [ 938.    0.    0.    0.]) (905.0 [ 905.    0.    0.    0.]) (908.0 [ 908.    0.    0.    0.]) (922.0 [ 922.    0.    0.    0.]) (948.0 [ 948.    0.    0.    0.]) (941.0 [ 941.    0.    0.    0.]) (899.0 [ 899.    0.    0.    0.]) (922.0 [ 922.    0.    0.    0.]) 
1 55 10.0 1.0
(490.0,[ 490.    0.    0.    0.]) | (1004.0 [ 1004.     0.     0.     0.]) (959.0 [ 959.    0.    0.    0.]) (1057.0 [ 1057.     0.     0.     0.]) (1040.0 [ 1040.     0.     0.     0.]) (1067.0 [ 1067.     0.     0.     0.]) (923.0 [ 923.    0.    0.    0.]) (987.0 [ 987.    0.    0.    0.]) (1005.0 [ 1005.     0.     0.     0.]) (995.0 [ 995.    0.    0.    0.]) (1073.0 [ 1073.     0.     0.     0.]) 
1 60 10.0 1.0
(45.0,[ 45.   0.   0.   0.]) | (143.0 [ 143.    0.    0.    0.]) (136.0 [ 136.    0.    0.    0.]) (126.0 [ 126.    0.    0.    0.]) (148.0 [ 148.    0.    0.    0.]) (157.0 [ 157.    0.    0.    0.]) (122.0 [ 122.    0.    0.    0.]) (160.0 [ 160.    0.    0.    0.]) (142.0 [ 142.    0.    0.    0.]) (132.0 [ 132.    0.    0.    0.]) (143.0 [ 143.    0.    0.    0.]) 
2 5 10.0 1.0
(45.0,[ 45.   0.   0.   0.]) | (255.0 [ 255.    0.    0.    0.]) (254.0 [ 254.    0.    0.    0.]) (294.0 [ 294.    0.    0.    0.]) (272.0 [ 272.    0.    0.    0.]) (278.0 [ 278.    0.    0.    0.]) (294.0 [ 294.    0.    0.    0.]) (286.0 [ 286.    0.    0.    0.]) (275.0 [ 275.    0.    0.    0.]) (263.0 [ 263.    0.    0.    0.]) (304.0 [ 304.    0.    0.    0.]) 
2 10 10.0 1.0
(180.0,[ 180.    0.    0.    0.]) | (405.0 [ 405.    0.    0.    0.]) (388.0 [ 388.    0.    0.    0.]) (403.0 [ 403.    0.    0.    0.]) (389.0 [ 389.    0.    0.    0.]) (368.0 [ 368.    0.    0.    0.]) (439.0 [ 439.    0.    0.    0.]) (406.0 [ 406.    0.    0.    0.]) (414.0 [ 414.    0.    0.    0.]) (445.0 [ 445.    0.    0.    0.]) (432.0 [ 432.    0.    0.    0.]) 
2 15 10.0 1.0
(279.0,[ 279.    0.    0.    0.]) | (599.0 [ 599.    0.    0.    0.]) (567.0 [ 567.    0.    0.    0.]) (508.0 [ 508.    0.    0.    0.]) (563.0 [ 563.    0.    0.    0.]) (504.0 [ 504.    0.    0.    0.]) (506.0 [ 506.    0.    0.    0.]) (545.0 [ 545.    0.    0.    0.]) (593.0 [ 593.    0.    0.    0.]) (558.0 [ 558.    0.    0.    0.]) (556.0 [ 556.    0.    0.    0.]) 
2 20 10.0 1.0
(324.0,[ 324.    0.    0.    0.]) | (655.0 [ 655.    0.    0.    0.]) (728.0 [ 728.    0.    0.    0.]) (674.0 [ 674.    0.    0.    0.]) (684.0 [ 684.    0.    0.    0.]) (729.0 [ 729.    0.    0.    0.]) (683.0 [ 683.    0.    0.    0.]) (685.0 [ 685.    0.    0.    0.]) (653.0 [ 653.    0.    0.    0.]) (690.0 [ 690.    0.    0.    0.]) (689.0 [ 689.    0.    0.    0.]) 
2 25 10.0 1.0
(423.0,[ 423.    0.    0.    0.]) | (781.0 [ 781.    0.    0.    0.]) (775.0 [ 775.    0.    0.    0.]) (802.0 [ 802.    0.    0.    0.]) (798.0 [ 798.    0.    0.    0.]) (766.0 [ 766.    0.    0.    0.]) (834.0 [ 834.    0.    0.    0.]) (795.0 [ 795.    0.    0.    0.]) (820.0 [ 820.    0.    0.    0.]) (845.0 [ 845.    0.    0.    0.]) (764.0 [ 764.    0.    0.    0.]) 
2 30 10.0 1.0
(468.0,[ 468.    0.    0.    0.]) | (938.0 [ 938.    0.    0.    0.]) (890.0 [ 890.    0.    0.    0.]) (923.0 [ 923.    0.    0.    0.]) (938.0 [ 938.    0.    0.    0.]) (896.0 [ 896.    0.    0.    0.]) (927.0 [ 927.    0.    0.    0.]) (901.0 [ 901.    0.    0.    0.]) (932.0 [ 932.    0.    0.    0.]) (941.0 [ 941.    0.    0.    0.]) (912.0 [ 912.    0.    0.    0.]) 
2 35 10.0 1.0
(534.0,[ 534.    0.    0.    0.]) | (1018.0 [ 1018.     0.     0.     0.]) (1012.0 [ 1012.     0.     0.     0.]) (1055.0 [ 1055.     0.     0.     0.]) (998.0 [ 998.    0.    0.    0.]) (1048.0 [ 1048.     0.     0.     0.]) (1031.0 [ 1031.     0.     0.     0.]) (1060.0 [ 1060.     0.     0.     0.]) (1022.0 [ 1022.     0.     0.     0.]) (996.0 [ 996.    0.    0.    0.]) (1036.0 [ 1036.     0.     0.     0.]) 
2 40 10.0 1.0
(606.0,[ 606.    0.    0.    0.]) | (1137.0 [ 1137.     0.     0.     0.]) (1092.0 [ 1092.     0.     0.     0.]) (1143.0 [ 1143.     0.     0.     0.]) (1174.0 [ 1174.     0.     0.     0.]) (1121.0 [ 1121.     0.     0.     0.]) (1173.0 [ 1173.     0.     0.     0.]) (1217.0 [ 1217.     0.     0.     0.]) (1116.0 [ 1116.     0.     0.     0.]) (1172.0 [ 1172.     0.     0.     0.]) (1196.0 [ 1196.     0.     0.     0.]) 
2 45 10.0 1.0
(606.0,[ 606.    0.    0.    0.]) | (1270.0 [ 1270.     0.     0.     0.]) (1295.0 [ 1295.     0.     0.     0.]) (1360.0 [ 1360.     0.     0.     0.]) (1285.0 [ 1285.     0.     0.     0.]) (1301.0 [ 1301.     0.     0.     0.]) (1233.0 [ 1233.     0.     0.     0.]) (1264.0 [ 1264.     0.     0.     0.]) (1244.0 [ 1244.     0.     0.     0.]) (1288.0 [ 1288.     0.     0.     0.]) (1223.0 [ 1223.     0.     0.     0.]) 
2 50 10.0 1.0
(721.0,[ 721.    0.    0.    0.]) | (1376.0 [ 1376.     0.     0.     0.]) (1400.0 [ 1400.     0.     0.     0.]) (1331.0 [ 1331.     0.     0.     0.]) (1401.0 [ 1401.     0.     0.     0.]) (1354.0 [ 1354.     0.     0.     0.]) (1418.0 [ 1418.     0.     0.     0.]) (1392.0 [ 1392.     0.     0.     0.]) (1396.0 [ 1396.     0.     0.     0.]) (1307.0 [ 1307.     0.     0.     0.]) (1398.0 [ 1398.     0.     0.     0.]) 
2 55 10.0 1.0
(721.0,[ 721.    0.    0.    0.]) | (1479.0 [ 1479.     0.     0.     0.]) (1501.0 [ 1501.     0.     0.     0.]) (1439.0 [ 1439.     0.     0.     0.]) (1474.0 [ 1474.     0.     0.     0.]) (1447.0 [ 1447.     0.     0.     0.]) (1515.0 [ 1515.     0.     0.     0.]) (1572.0 [ 1572.     0.     0.     0.]) (1489.0 [ 1489.     0.     0.     0.]) (1519.0 [ 1519.     0.     0.     0.]) (1482.0 [ 1482.     0.     0.     0.]) 
2 60 10.0 1.0
(60.0,[ 60.   0.   0.   0.]) | (186.0 [ 186.    0.    0.    0.]) (195.0 [ 195.    0.    0.    0.]) (175.0 [ 175.    0.    0.    0.]) (202.0 [ 202.    0.    0.    0.]) (195.0 [ 195.    0.    0.    0.]) (166.0 [ 166.    0.    0.    0.]) (196.0 [ 196.    0.    0.    0.]) (219.0 [ 219.    0.    0.    0.]) (194.0 [ 194.    0.    0.    0.]) (182.0 [ 182.    0.    0.    0.]) 
3 5 10.0 1.0
(60.0,[ 60.   0.   0.   0.]) | (360.0 [ 360.    0.    0.    0.]) (350.0 [ 350.    0.    0.    0.]) (364.0 [ 364.    0.    0.    0.]) (377.0 [ 377.    0.    0.    0.]) (398.0 [ 398.    0.    0.    0.]) (378.0 [ 378.    0.    0.    0.]) (367.0 [ 367.    0.    0.    0.]) (336.0 [ 336.    0.    0.    0.]) (369.0 [ 369.    0.    0.    0.]) (372.0 [ 372.    0.    0.    0.]) 
3 10 10.0 1.0
(240.0,[ 240.    0.    0.    0.]) | 