
------------------------------------------------------------
629.0 | 307.0 296.0 335.0 302.0 319.0 272.0 300.0 334.0 321.0 335.0 
1 5 0.0 0.0
1392.0 | 725.0 723.0 742.0 769.0 677.0 748.0 752.0 726.0 726.0 666.0 
1 10 0.0 0.0
2893.0 | 1239.0 1268.0 1277.0 1333.0 1238.0 1287.0 1213.0 1189.0 1252.0 1238.0 
1 15 0.0 0.0
5281.0 | 1948.0 1973.0 1877.0 1966.0 1890.0 2043.0 1904.0 1943.0 2013.0 2004.0 
1 20 0.0 0.0
5601.0 | 2457.0 2520.0 2555.0 2472.0 2390.0 2479.0 2496.0 2594.0 2442.0 2426.0 
1 25 0.0 0.0
6015.0 | 3173.0 3191.0 3294.0 3283.0 3237.0 3155.0 3261.0 3177.0 3208.0 3237.0 
1 30 0.0 0.0
6452.0 | 3707.0 3612.0 3725.0 3776.0 3744.0 3722.0 3627.0 3612.0 3593.0 3707.0 
1 35 0.0 0.0
6948.0 | 4216.0 4357.0 4316.0 4292.0 4358.0 4277.0 4246.0 4316.0 4263.0 4377.0 
1 40 0.0 0.0
756.0 | 392.0 460.0 460.0 437.0 465.0 508.0 464.0 462.0 432.0 499.0 
2 5 0.0 0.0
1687.0 | 1026.0 1018.0 1050.0 1084.0 1014.0 1029.0 1067.0 1090.0 1009.0 1042.0 
2 10 0.0 0.0
3523.0 | 1804.0 1815.0 1813.0 1802.0 1715.0 1806.0 1796.0 1877.0 1857.0 1754.0 
2 15 0.0 0.0
6354.0 | 2857.0 2751.0 2850.0 2864.0 2857.0 2824.0 2996.0 2866.0 2864.0 2877.0 
2 20 0.0 0.0
6879.0 | 3677.0 3637.0 3750.0 3541.0 3620.0 3582.0 3569.0 3624.0 3595.0 3653.0 
2 25 0.0 0.0
7541.0 | 4625.0 4672.0 4680.0 4670.0 4634.0 4574.0 4789.0 4533.0 4591.0 4700.0 
2 30 0.0 0.0
8249.0 | 5275.0 5319.0 5283.0 5203.0 5324.0 5226.0 5269.0 5225.0 5146.0 5146.0 
2 35 0.0 0.0
9055.0 | 6332.0 6283.0 6191.0 6279.0 6284.0 6229.0 6221.0 6363.0 6264.0 6236.0 
2 40 0.0 0.0
880.0 | 581.0 580.0 573.0 557.0 580.0 570.0 553.0 613.0 611.0 578.0 
3 5 0.0 0.0
1981.0 | 1340.0 1386.0 1313.0 1407.0 1390.0 1330.0 1381.0 1409.0 1348.0 1425.0 
3 10 0.0 0.0
4135.0 | 2387.0 2385.0 2294.0 2364.0 2352.0 2366.0 2330.0 2359.0 2339.0 2315.0 
3 15 0.0 0.0
7452.0 | 3721.0 3711.0 3711.0 3748.0 3637.0 3684.0 3685.0 3590.0 3751.0 