10.146982310026956 [7, 9] [190, 191, 192, 193, 194, 195, 196, 197, 198, 199, 200, 201, 202, 203, 204, 205, 206, 207] 20161115
9.38094996374153 [5, 7] [202, 203, 204, 205, 206, 207, 208, 209, 210, 211, 212, 213, 214, 215, 216, 217] 20161115
7.000000000000001 [0] [117, 118, 119, 120, 121, 122, 123, 124, 125, 126, 127, 128, 129, 130, 131, 132, 133, 134] 20161115
6.891637713226833 [7, 8, 9] [173, 174, 175, 176, 177, 178, 179, 180, 181, 182, 183, 184, 185, 186] 20161115
6.853409090909091 [3, 5, 7, 9] [145, 146, 147, 148, 149, 150, 151, 152, 153, 154, 155, 156, 157, 158, 159, 160] 20161115
6.436666666666666 [4, 5, 7, 9] [107, 108, 109, 110, 111, 112, 113, 114, 115, 116, 117] 20161115
6.283333333333333 [9] [163, 164, 165, 166, 167, 168] 20161115
5.339166666666667 [3, 4, 5, 7] [233, 234, 235, 236, 237, 238, 239, 240, 241, 242, 243, 244, 245, 246, 247, 248, 249] 20161115
4.733333333333333 [9] [248, 249, 250] 20161115
4.541666666666667 [3, 5, 7, 8] [96, 97, 98, 99, 100, 101, 102, 103, 104, 105, 106, 107] 20161115
4.424999999999999 [4, 5, 7, 8] [75, 76, 77, 78, 79, 80, 81, 82, 83, 84, 85, 86, 87, 88, 89, 90, 91] 20161115
4.192787636705873 [0, 1, 2] [72, 73, 74, 75, 76, 77, 78, 79, 80, 81, 82, 83, 84] 20161115
