8.379826764237997 [2, 3, 4] [222, 223, 224, 225, 226, 227, 228, 229, 230, 231, 232, 233, 234, 235, 236, 237, 238, 239] 20160915
6.9 [2] [206, 207, 208, 209, 210, 211, 212, 213, 214, 215, 216, 217, 218] 20160915
6.883333333333334 [0, 1, 2, 3] [191, 192, 193, 194, 195, 196, 197, 198] 20160915
6.708333333333335 [6, 7, 8, 9] [150, 151, 152, 153, 154, 155, 156, 157, 158, 159] 20160915
6.427832996977835 [0, 1, 2] [203, 204, 205, 206, 207, 208, 209, 210, 211, 212] 20160915
5.994820295085615 [0, 1, 2] [172, 173, 174, 175, 176, 177] 20160915
5.924999999999999 [5, 6, 7, 8] [159, 160, 161, 162, 163, 164, 165, 166, 167, 168, 169, 170, 171, 172] 20160915
5.659800527747324 [0, 1] [103, 104, 105, 106, 107, 108, 109, 110, 111, 112, 113, 114, 115, 116, 117, 118, 119, 120] 20160915
5.183333333333334 [0, 1, 2, 3] [119, 120, 121, 122, 123, 124, 125, 126, 127, 128, 129, 130, 131, 132] 20160915
5.126524163602469 [0, 1] [72, 73, 74, 75, 76, 77, 78, 79, 80, 81, 82, 83, 84, 85, 86, 87, 88] 20160915
