12.716666666666667 [1] [75, 76, 77, 78, 79, 80, 81, 82, 83, 84, 85, 86, 87, 88, 89, 90, 91, 92] 20161029
12.233333333333334 [1] [74, 75, 76, 77, 78, 79] 20161029
11.216666666666667 [0, 1, 2, 3] [101, 102, 103, 104, 105, 106, 107, 108, 109, 110, 111, 112, 113, 114, 115] 20161029
9.95 [4] [240, 241, 242, 243, 244, 245, 246, 247, 248, 249, 250] 20161029
9.776464558277661 [0, 1, 2] [137, 138, 139, 140, 141, 142, 143, 144, 145, 146, 147, 148, 149, 150, 151, 152, 153, 154] 20161029
9.116666666666665 [0, 1, 2, 3] [118, 119, 120, 121, 122, 123, 124, 125, 126, 127, 128, 129, 130, 131, 132] 20161029
9.016286703844656 [0, 1, 2] [151, 152, 153, 154, 155, 156, 157, 158, 159, 160, 161, 162, 163, 164, 165, 166, 167, 168] 20161029
8.741666666666669 [0, 1, 2, 3] [109, 110, 111, 112, 113, 114, 115, 116, 117, 118, 119, 120, 121, 122, 123, 124] 20161029
8.504999999999999 [3, 4, 5, 7] [84, 85, 86, 87, 88, 89, 90, 91, 92, 93, 94, 95, 96, 97, 98, 99, 100, 101] 20161029
8.31384387633061 [0, 1, 2] [161, 162, 163, 164, 165, 166, 167, 168, 169, 170, 171, 172, 173, 174, 175] 20161029
7.9385662013573555 [0, 1, 2] [223, 224, 225, 226, 227, 228, 229, 230, 231, 232, 233, 234, 235, 236, 237, 238] 20161029
7.654702319005789 [0, 1, 2] [201, 202, 203, 204, 205, 206, 207, 208, 209, 210, 211, 212, 213, 214, 215, 216, 217] 20161029
7.255368382816295 [0, 1, 2] [174, 175, 176, 177, 178, 179, 180, 181, 182, 183] 20161029
7.188918942063231 [0, 1] [210, 211, 212, 213, 214, 215, 216, 217, 218, 219, 220, 221, 222, 223, 224, 225] 20161029
6.751190476190477 [0, 1, 2, 3] [187, 188, 189, 190, 191, 192, 193, 194, 195, 196, 197, 198, 199, 200, 201, 202, 203, 204] 20161029
6.177647880328996 [0, 1, 2] [128, 129, 130, 131, 132, 133, 134, 135, 136, 137, 138, 139, 140, 141, 142] 20161029
