9.025000000000002 [0, 1, 2, 3] [227, 228, 229, 230, 231, 232, 233, 234, 235, 236, 237, 238, 239, 240, 241] 20160909
7.8583333333333325 [6, 7, 8, 9] [193, 194, 195, 196, 197, 198, 199, 200, 201, 202, 203, 204, 205, 206] 20160909
7.641666666666667 [4, 5, 6, 7] [211, 212, 213, 214, 215, 216, 217, 218, 219, 220, 221, 222, 223, 224, 225, 226, 227, 228] 20160909
7.425000000000001 [6, 7, 8, 9] [117, 118, 119, 120, 121, 122, 123, 124, 125, 126, 127, 128, 129, 130, 131, 132] 20160909
7.091666666666667 [6, 7, 8, 9] [203, 204, 205, 206, 207, 208, 209, 210, 211, 212, 213, 214, 215, 216, 217, 218] 20160909
6.860845698870053 [0, 1, 2] [158, 159, 160, 161, 162, 163, 164, 165, 166, 167, 168, 169, 170, 171, 172] 20160909
6.658333333333335 [6, 7, 8, 9] [107, 108, 109, 110, 111, 112, 113, 114, 115, 116, 117, 118, 119, 120, 121] 20160909
6.45 [0, 1, 2, 3] [100, 101, 102, 103, 104, 105, 106, 107, 108, 109, 110, 111, 112, 113, 114] 20160909
6.341666666666667 [2, 3, 5, 6] [157, 158, 159, 160] 20160909
5.958333333333334 [4, 6, 7, 9] [142, 143, 144, 145, 146, 147, 148, 149, 150, 151, 152, 153, 154, 155, 156, 157] 20160909
5.831237718815221 [5, 7, 8] [171, 172, 173, 174, 175, 176, 177, 178, 179, 180, 181, 182, 183, 184, 185, 186, 187, 188] 20160909
5.531666666666667 [4, 6, 7, 9] [87, 88, 89, 90, 91, 92, 93, 94, 95, 96, 97, 98, 99, 100, 101, 102, 103, 104] 20160909
4.9733176943453845 [0, 1] [83, 84, 85, 86, 87, 88, 89, 90, 91, 92, 93, 94, 95, 96] 20160909
4.816666666666666 [1, 2, 3, 4] [134, 135, 136, 137, 138, 139, 140, 141, 142, 143, 144, 145, 146] 20160909
4.609179649030513 [1, 2, 3] [72, 73, 74, 75, 76, 77, 78, 79, 80, 81, 82, 83, 84, 85, 86, 87, 88, 89] 20160909
