11.242997820866107 [7, 8] [150, 151, 152, 153, 154, 155, 156, 157, 158, 159, 160, 161, 162, 163, 164, 165, 166, 167] 20160416
8.641666666666666 [5, 7, 8, 9] [196, 197, 198, 199, 200, 201, 202] 20160416
8.641666666666666 [3, 5, 6, 7] [235, 236, 237, 238, 239, 240, 241, 242, 243, 244, 245, 246, 247, 248, 249, 250, 251] 20160416
8.03744707948709 [5, 6] [93, 94, 95, 96, 97, 98, 99, 100, 101, 102, 103, 104, 105, 106, 107, 108, 109, 110] 20160416
7.6721085758740415 [3, 4] [221, 222, 223, 224, 225, 226, 227, 228, 229, 230, 231, 232, 233, 234, 235, 236, 237] 20160416
7.666666666666668 [4, 5, 7, 9] [212, 213, 214, 215, 216, 217, 218, 219, 220, 221, 222, 223, 224, 225, 226, 227, 228] 20160416
7.658333333333332 [3, 5, 7, 8] [167, 168, 169, 170, 171, 172, 173, 174, 175, 176, 177, 178, 179] 20160416
7.370838436654222 [0, 1, 2] [185, 186, 187, 188, 189, 190, 191, 192, 193, 194, 195, 196, 197] 20160416
7.220000000000001 [4, 6, 7, 9] [202, 203, 204, 205, 206, 207, 208, 209] 20160416
7.174999999999999 [4, 5, 7, 9] [205, 206, 207, 208, 209, 210, 211, 212, 213, 214, 215, 216, 217] 20160416
6.616666666666667 [9] [73, 74, 75, 76, 77, 78, 79, 80, 81, 82, 83, 84, 85, 86, 87, 88] 20160416
5.636666666666667 [4, 6, 7, 9] [82, 83, 84, 85, 86, 87, 88, 89, 90, 91, 92, 93, 94] 20160416
