22.1 [0] [140, 141, 142, 143, 144, 145, 146, 147, 148, 149, 150, 151, 152, 153, 154, 155, 156] 20160328
17.85 [0, 1, 2, 3] [217, 218, 219, 220, 221, 222, 223, 224, 225, 226, 227, 228, 229, 230, 231, 232, 233, 234] 20160328
15.641666666666667 [2, 3, 5, 6] [229, 230, 231, 232, 233, 234, 235, 236, 237, 238, 239, 240, 241, 242, 243] 20160328
14.858333333333334 [0, 1, 2, 3] [191, 192, 193, 194, 195, 196, 197, 198, 199, 200, 201, 202, 203, 204, 205, 206, 207, 208] 20160328
12.987194547792923 [8, 9] [206, 207, 208, 209, 210, 211, 212, 213, 214, 215] 20160328
11.993333333333332 [0, 1, 2, 3] [126, 127, 128, 129, 130, 131, 132, 133, 134, 135, 136, 137, 138, 139] 20160328
11.325687780603165 [0, 1, 2] [184, 185, 186, 187, 188, 189, 190, 191] 20160328
9.737974540331688 [0, 1, 2] [110, 111, 112, 113, 114, 115, 116, 117, 118, 119, 120, 121, 122, 123, 124, 125, 126, 127] 20160328
9.55833333333333 [2, 3, 5, 6] [171, 172, 173, 174, 175, 176, 177, 178, 179, 180, 181, 182, 183, 184, 185, 186, 187] 20160328
9.508333333333335 [0, 1, 2, 3] [107, 108, 109, 110, 111, 112, 113] 20160328
9.045154217304137 [0, 1, 2] [101, 102, 103, 104, 105, 106, 107, 108, 109, 110] 20160328
7.803851138546443 [3, 4, 5] [72, 73, 74, 75, 76, 77, 78, 79, 80, 81, 82, 83] 20160328
7.759999999999999 [4, 5, 7, 9] [76, 77, 78, 79, 80, 81, 82, 83, 84, 85, 86, 87, 88, 89, 90, 91, 92] 20160328
