11.1375 [4, 5, 7, 8] [191, 192, 193, 194, 195, 196, 197, 198, 199, 200, 201, 202, 203, 204, 205, 206, 207, 208] 20160926
10.525000000000002 [0, 1, 2, 3] [163, 164, 165, 166, 167, 168, 169] 20160926
10.4375 [3, 5, 7, 8] [131, 132, 133, 134, 135, 136, 137, 138, 139, 140, 141, 142, 143, 144, 145, 146, 147] 20160926
9.501666666666667 [1, 2, 3, 5] [86, 87, 88, 89, 90, 91, 92, 93, 94, 95, 96, 97, 98, 99, 100] 20160926
9.404166666666667 [0, 1, 2, 3] [153, 154, 155, 156, 157, 158, 159, 160, 161, 162, 163, 164, 165] 20160926
9.399999999999999 [0, 1, 2, 3] [146, 147, 148, 149, 150, 151, 152, 153, 154, 155, 156, 157, 158, 159] 20160926
9.336111111111112 [5, 6, 7, 8] [232, 233, 234, 235, 236, 237, 238, 239, 240, 241, 242, 243, 244, 245, 246, 247, 248, 249] 20160926
9.170246775628558 [0, 1, 2] [121, 122, 123, 124, 125, 126, 127, 128, 129, 130, 131, 132, 133, 134] 20160926
9.158333333333335 [4, 5, 7, 8] [204, 205, 206, 207, 208, 209, 210, 211, 212, 213, 214, 215, 216, 217, 218, 219] 20160926
8.7 [1, 2, 3, 5] [176, 177, 178, 179, 180, 181, 182, 183, 184, 185, 186, 187, 188, 189, 190, 191, 192, 193] 20160926
8.316666666666666 [4, 5, 7, 8] [209, 210, 211, 212, 213, 214, 215, 216, 217, 218, 219, 220, 221, 222, 223, 224] 20160926
7.699999999999999 [0, 1, 2, 3] [105, 106, 107, 108, 109, 110, 111, 112, 113, 114, 115, 116, 117, 118] 20160926
7.65595238095238 [3, 5, 7, 8] [182, 183, 184, 185, 186, 187, 188, 189, 190, 191, 192, 193, 194] 20160926
7.083333333333334 [4, 5, 6, 7] [78, 79, 80, 81, 82, 83, 84, 85, 86, 87, 88, 89, 90, 91] 20160926
5.964285714285715 [2, 3, 4, 5] [73, 74, 75, 76, 77, 78, 79, 80, 81, 82] 20160926
