17.333333333333332 [1, 2, 3, 4] [218, 219, 220, 221, 222, 223, 224, 225, 226] 20161016
12.797930967036706 [0, 1, 2] [205, 206, 207, 208, 209, 210, 211, 212, 213, 214, 215, 216, 217, 218, 219] 20161016
10.783333333333333 [0] [139, 140, 141, 142, 143, 144, 145] 20161016
10.195 [0, 1, 2, 3] [115, 116, 117, 118, 119, 120, 121, 122, 123, 124, 125, 126, 127, 128] 20161016
9.766842053791168 [0, 1, 2] [165, 166, 167, 168, 169, 170] 20161016
9.593081998097494 [0, 1] [188, 189, 190, 191, 192, 193, 194, 195, 196, 197, 198, 199, 200, 201, 202, 203, 204, 205] 20161016
8.799999999999999 [0, 1, 2, 3] [185, 186, 187, 188, 189, 190, 191, 192, 193, 194, 195, 196, 197, 198, 199] 20161016
8.158333333333335 [0, 1, 2, 3] [177, 178, 179, 180, 181, 182, 183, 184, 185, 186, 187, 188, 189, 190] 20161016
7.931381062309109 [8, 9] [153, 154, 155, 156, 157, 158, 159, 160, 161, 162, 163, 164, 165, 166] 20161016
4.743894711841424 [1, 2, 3] [92, 93, 94, 95, 96, 97, 98, 99, 100, 101, 102, 103, 104] 20161016
4.584408964692782 [0, 1] [77, 78, 79, 80, 81, 82, 83, 84, 85, 86, 87] 20161016
4.484087090706094 [3, 4, 5] [82, 83, 84, 85, 86, 87, 88, 89, 90, 91, 92, 93, 94, 95, 96, 97] 20161016
3.616666666666667 [3, 5, 7, 9] [72, 73, 74, 75] 20161016
