15.308333333333334 [1, 2, 3, 4] [99, 100, 101, 102, 103, 104, 105, 106, 107, 108, 109, 110] 20161111
11.983333333333334 [3, 5, 7, 8] [72, 73, 74, 75, 76, 77, 78, 79, 80, 81] 20161111
11.804166666666669 [0, 1, 2, 3] [79, 80, 81, 82, 83, 84, 85, 86, 87, 88, 89, 90, 91, 92, 93, 94, 95, 96] 20161111
11.025000000000002 [4, 5, 7, 8] [115, 116, 117, 118, 119, 120, 121, 122, 123, 124, 125, 126, 127, 128, 129] 20161111
10.527019908224178 [7, 8, 9] [136, 137, 138, 139, 140, 141, 142, 143, 144, 145, 146, 147, 148, 149, 150, 151, 152, 153] 20161111
10.247967278115858 [0, 1, 2] [177, 178, 179, 180, 181, 182, 183, 184, 185, 186, 187, 188, 189, 190] 20161111
9.741666666666667 [5, 7, 8, 9] [189, 190, 191, 192, 193, 194, 195, 196, 197, 198, 199, 200, 201, 202, 203] 20161111
9.439676901250381 [0, 1, 2] [196, 197, 198, 199, 200, 201, 202, 203, 204, 205, 206, 207, 208, 209, 210, 211, 212, 213] 20161111
8.516666666666666 [3, 4, 5, 7] [209, 210, 211, 212, 213, 214, 215, 216, 217, 218] 20161111
8.342711389790093 [2, 3, 4] [225, 226, 227, 228, 229] 20161111
7.50625 [0, 1, 2, 3] [229, 230, 231, 232, 233, 234, 235, 236, 237, 238, 239, 240, 241, 242, 243, 244, 245, 246] 20161111
7.46706348151916 [7, 8, 9] [154, 155, 156, 157, 158, 159, 160, 161, 162, 163, 164, 165, 166, 167, 168, 169, 170, 171] 20161111
6.966666666666667 [1, 2, 3, 4] [235, 236, 237, 238, 239, 240, 241, 242, 243, 244, 245, 246, 247, 248, 249, 250] 20161111
