13.230943668928928 [1, 2, 3] [108, 109, 110, 111, 112, 113, 114, 115, 116, 117, 118, 119, 120, 121, 122, 123] 20161104
10.4 [2, 3, 4, 5] [200, 201, 202, 203, 204, 205, 206, 207, 208, 209, 210, 211, 212, 213, 214, 215, 216, 217] 20161104
9.23333333333333 [0, 1, 2, 3] [172, 173, 174, 175, 176, 177, 178, 179, 180, 181, 182, 183, 184, 185, 186, 187, 188, 189] 20161104
9.116666666666667 [3, 4, 5, 7] [193, 194, 195, 196, 197, 198, 199, 200, 201, 202, 203, 204, 205, 206, 207, 208] 20161104
8.617915018103814 [1, 2, 3] [84, 85, 86, 87, 88, 89, 90, 91, 92, 93, 94, 95, 96, 97, 98, 99, 100, 101] 20161104
8.6125 [2, 3, 5, 7] [184, 185, 186, 187, 188, 189, 190, 191, 192, 193, 194, 195, 196, 197, 198, 199, 200] 20161104
7.9222222222222225 [4, 5, 7, 9] [150, 151, 152, 153, 154, 155, 156, 157, 158, 159, 160] 20161104
7.7076260936815055 [5, 7, 9] [139, 140, 141, 142, 143, 144, 145, 146, 147, 148, 149, 150, 151, 152, 153] 20161104
7.409328454600197 [0, 1, 2] [159, 160, 161, 162, 163, 164, 165, 166, 167, 168, 169, 170, 171, 172, 173, 174, 175] 20161104
7.203333333333334 [1, 2, 3, 4] [218, 219, 220, 221, 222, 223, 224, 225, 226, 227, 228, 229, 230, 231, 232] 20161104
5.6416666666666675 [4, 5, 7, 9] [72, 73, 74, 75, 76, 77, 78, 79, 80, 81, 82, 83, 84] 20161104
