12.23294731452727 [0, 1] [109, 110, 111, 112, 113, 114, 115, 116, 117, 118, 119, 120, 121, 122, 123, 124] 20161108
10.603999944116127 [0, 1, 2] [168, 169, 170, 171, 172, 173, 174, 175, 176, 177, 178, 179, 180, 181, 182, 183, 184, 185] 20161108
9.941666666666666 [0, 1, 2, 3] [154, 155, 156, 157, 158, 159, 160, 161, 162, 163, 164, 165, 166, 167] 20161108
9.554365079365079 [0, 1, 2, 3] [193, 194, 195, 196, 197, 198, 199, 200, 201, 202, 203, 204, 205, 206, 207, 208, 209, 210] 20161108
8.312500000000002 [0, 1, 2, 3] [143, 144, 145, 146, 147, 148, 149, 150, 151, 152, 153, 154, 155, 156, 157] 20161108
8.132142857142856 [0, 1, 2, 3] [235, 236, 237, 238, 239, 240, 241, 242, 243, 244, 245, 246, 247, 248, 249, 250, 251] 20161108
7.483333333333332 [1] [123, 124, 125, 126, 127, 128, 129, 130, 131, 132, 133, 134, 135, 136, 137, 138, 139, 140] 20161108
7.4246212024587495 [0, 1] [130, 131, 132, 133, 134, 135, 136, 137, 138, 139, 140, 141, 142, 143, 144] 20161108
5.798275605729689 [1, 2] [227, 228, 229, 230] 20161108
4.607979190732334 [0, 1] [79, 80, 81, 82, 83, 84, 85, 86, 87, 88, 89, 90, 91, 92, 93, 94, 95, 96] 20161108
4.070319397786861 [0, 1, 2] [75, 76, 77, 78, 79, 80, 81, 82, 83, 84] 20161108
