8.342711389790093 [6, 7, 8] [215, 216, 217, 218, 219, 220, 221, 222, 223, 224, 225, 226, 227, 228, 229, 230, 231, 232] 20160304
7.908333333333333 [3, 4, 6, 7] [245, 246, 247, 248, 249, 250, 251] 20160304
7.395856948319107 [6, 7, 8] [229, 230, 231, 232, 233, 234, 235, 236, 237, 238, 239, 240, 241, 242, 243, 244, 245, 246] 20160304
7.05 [9] [128, 129, 130, 131, 132, 133, 134, 135, 136, 137, 138, 139] 20160304
6.568181818181819 [4, 6, 7, 9] [191, 192, 193, 194, 195, 196, 197, 198, 199, 200, 201, 202, 203, 204, 205, 206, 207] 20160304
6.516666666666666 [5, 6, 7, 9] [188, 189, 190, 191, 192, 193, 194, 195, 196, 197] 20160304
5.958333333333334 [4, 5, 7, 9] [175, 176, 177, 178, 179, 180, 181, 182, 183, 184, 185, 186, 187, 188, 189, 190] 20160304
5.178831914630943 [7, 8, 9] [99, 100, 101, 102, 103, 104, 105, 106, 107, 108, 109, 110, 111, 112, 113, 114, 115, 116] 20160304
5.1 [4, 6, 7, 9] [85, 86, 87, 88, 89, 90, 91, 92, 93, 94, 95, 96, 97, 98, 99, 100, 101, 102] 20160304
4.941593440382115 [3, 4, 6] [146, 147, 148, 149, 150, 151, 152, 153, 154, 155, 156, 157, 158, 159, 160] 20160304
4.619968517697188 [7, 8, 9] [112, 113, 114, 115, 116, 117, 118, 119, 120, 121, 122, 123, 124, 125, 126, 127] 20160304
4.383333333333334 [3, 5, 7, 9] [160, 161, 162, 163, 164, 165, 166, 167, 168, 169, 170, 171, 172, 173] 20160304
3.086666666666666 [4, 6, 7, 9] [72, 73, 74, 75, 76, 77, 78, 79, 80, 81] 20160304
