11.508515365846543 [6, 7, 9] [155, 156, 157, 158, 159, 160, 161, 162, 163, 164, 165, 166, 167] 20160303
10.154166666666667 [5, 6, 7, 9] [170, 171, 172, 173, 174, 175, 176, 177, 178, 179, 180, 181, 182, 183, 184] 20160303
9.7 [3, 5, 7, 9] [107, 108, 109, 110, 111, 112, 113, 114, 115, 116, 117, 118, 119, 120, 121, 122] 20160303
9.433333333333332 [3, 4, 5, 6] [78, 79, 80, 81, 82, 83, 84, 85, 86, 87, 88, 89, 90] 20160303
8.8 [5, 6, 7, 9] [182, 183, 184, 185, 186, 187, 188, 189, 190, 191, 192, 193, 194, 195, 196, 197, 198] 20160303
8.755555555555556 [5, 6, 7, 9] [148, 149, 150, 151, 152, 153, 154, 155, 156, 157, 158, 159, 160, 161] 20160303
8.583333333333334 [6, 7, 8, 9] [224, 225, 226, 227, 228, 229, 230, 231, 232, 233, 234, 235, 236, 237, 238, 239, 240, 241] 20160303
8.554406488492955 [4, 5, 7] [118, 119, 120, 121, 122, 123, 124, 125, 126, 127, 128, 129, 130, 131, 132, 133, 134, 135] 20160303
8.475 [1, 2, 3, 5] [92, 93, 94, 95, 96, 97, 98, 99, 100] 20160303
8.275 [5, 6, 7, 9] [166, 167, 168, 169, 170, 171, 172, 173, 174, 175, 176, 177, 178] 20160303
7.308333333333334 [6, 7, 8, 9] [194, 195, 196, 197, 198, 199, 200, 201, 202, 203, 204, 205] 20160303
7.308333333333332 [4, 5, 7, 9] [129, 130, 131, 132, 133, 134, 135, 136, 137, 138] 20160303
7.2553683828162985 [2, 3, 5] [208, 209, 210, 211, 212, 213, 214, 215, 216, 217, 218, 219] 20160303
6.953216681667717 [8, 9] [189, 190, 191, 192, 193, 194, 195, 196, 197, 198, 199, 200] 20160303
