9.165384615384614 [5, 6, 7, 9] [237, 238, 239, 240, 241, 242, 243, 244, 245, 246, 247, 248, 249, 250, 251] 20160420
8.8 [3, 4, 5, 7] [204, 205, 206, 207] 20160420
8.524999999999999 [3, 5, 6, 7] [231, 232, 233, 234, 235, 236, 237, 238, 239] 20160420
8.336111111111112 [6, 7, 8, 9] [89, 90, 91, 92, 93, 94, 95, 96, 97, 98, 99, 100, 101, 102, 103, 104, 105, 106] 20160420
8.015546237249305 [2, 3, 5] [133, 134, 135, 136, 137, 138, 139, 140, 141, 142, 143, 144, 145, 146, 147, 148, 149, 150] 20160420
7.7666666666666675 [0, 1, 2, 3] [140, 141, 142, 143, 144, 145, 146, 147, 148, 149, 150, 151, 152, 153, 154, 155, 156, 157] 20160420
7.6 [2, 3, 5, 6] [147, 148, 149, 150, 151, 152, 153, 154, 155, 156, 157, 158, 159, 160, 161, 162, 163] 20160420
7.6 [3, 4, 6, 7] [218, 219, 220, 221, 222, 223, 224, 225, 226, 227, 228, 229, 230] 20160420
7.453846153846153 [6, 7, 8, 9] [157, 158, 159, 160, 161, 162, 163, 164, 165, 166, 167, 168, 169, 170, 171, 172, 173] 20160420
7.350000000000001 [6, 7, 8, 9] [172, 173, 174, 175, 176, 177, 178, 179, 180, 181, 182, 183, 184, 185, 186, 187, 188, 189] 20160420
7.2555555555555555 [6, 7, 8, 9] [154, 155, 156, 157, 158, 159, 160, 161, 162, 163, 164, 165, 166] 20160420
7.166666666666665 [3, 5, 6, 7] [168, 169, 170, 171, 172, 173, 174, 175, 176, 177, 178, 179, 180] 20160420
6.916666666666668 [5, 7, 8, 9] [127, 128, 129, 130, 131, 132, 133, 134, 135, 136, 137, 138, 139, 140, 141] 20160420
6.433333333333334 [6, 7, 8, 9] [187, 188, 189, 190, 191, 192, 193, 194] 20160420
6.090083089501902 [6, 7, 9] [107, 108, 109, 110, 111, 112, 113, 114, 115, 116, 117, 118, 119] 20160420
6.042932817518085 [6, 7, 9] [117, 118, 119, 120, 121, 122, 123, 124, 125, 126, 127, 128, 129, 130, 131, 132] 20160420
5.913716328699453 [6, 7, 9] [106, 107, 108, 109, 110, 111, 112, 113, 114, 115] 20160420
