21.1 [2, 3, 5, 7] [176, 177, 178, 179, 180, 181, 182, 183, 184, 185, 186, 187, 188, 189, 190] 20160908
17.716666666666665 [5, 6, 7, 8] [195, 196, 197, 198, 199, 200, 201, 202, 203, 204, 205, 206, 207, 208, 209] 20160908
15.509208734024943 [3, 4] [172, 173, 174, 175, 176, 177, 178, 179, 180, 181] 20160908
12.047375617090191 [2, 3, 4] [167, 168, 169, 170, 171, 172, 173, 174] 20160908
11.938319489032876 [7, 8] [212, 213, 214, 215, 216, 217, 218, 219, 220, 221, 222, 223, 224, 225, 226, 227, 228] 20160908
11.472649667305971 [7, 8, 9] [220, 221, 222, 223, 224, 225, 226, 227, 228, 229, 230, 231, 232, 233, 234, 235, 236] 20160908
9.179869280115051 [0, 1, 2] [134, 135, 136, 137, 138, 139, 140, 141, 142, 143, 144, 145, 146, 147, 148, 149, 150] 20160908
8.821031746031746 [0, 1, 2, 3] [80, 81, 82, 83, 84, 85, 86, 87, 88, 89, 90, 91, 92, 93, 94, 95, 96, 97] 20160908
8.016666666666667 [9] [99, 100, 101, 102] 20160908
7.383333333333332 [0, 1, 2, 3] [149, 150, 151, 152, 153, 154, 155, 156, 157, 158, 159, 160, 161, 162, 163, 164] 20160908
6.858333333333334 [0, 1, 2, 3] [105, 106, 107, 108, 109, 110, 111, 112, 113, 114, 115, 116, 117, 118, 119, 120] 20160908
