8.816666666666666 [1, 2, 3, 4] [208, 209, 210, 211, 212, 213, 214, 215, 216, 217] 20160511
8.641666666666666 [2, 3, 4, 6] [203, 204, 205, 206, 207, 208, 209, 210] 20160511
7.361215932167729 [6, 7, 9] [187, 188, 189, 190, 191, 192, 193, 194, 195, 196, 197, 198, 199, 200, 201, 202, 203] 20160511
6.941666666666666 [3, 4, 5, 6] [239, 240, 241, 242, 243, 244, 245, 246, 247, 248, 249] 20160511
6.775 [2, 3, 5, 6] [228, 229, 230, 231, 232, 233, 234, 235, 236, 237, 238, 239, 240, 241, 242, 243, 244] 20160511
6.649150600167191 [0, 1, 2] [227, 228, 229, 230, 231, 232, 233, 234] 20160511
6.495833333333334 [3, 5, 7, 9] [157, 158, 159, 160, 161, 162, 163, 164, 165, 166, 167, 168, 169, 170, 171, 172] 20160511
6.437455501464328 [0, 1, 2] [92, 93, 94, 95, 96, 97, 98, 99, 100, 101, 102, 103, 104, 105] 20160511
6.100667844437046 [6, 7, 9] [165, 166, 167, 168, 169, 170, 171, 172, 173, 174, 175, 176, 177, 178] 20160511
5.966666666666666 [4, 6, 7, 8] [137, 138, 139, 140, 141, 142, 143, 144, 145, 146, 147, 148, 149, 150, 151, 152, 153] 20160511
5.470238095238095 [3, 4, 5, 6] [151, 152, 153, 154, 155, 156, 157, 158, 159, 160] 20160511
4.308333333333334 [4, 6, 7, 9] [82, 83, 84, 85] 20160511
4.214656965084267 [5, 7, 9] [73, 74, 75, 76, 77, 78] 20160511
4.108333333333333 [4, 6, 7, 8] [122, 123, 124, 125, 126, 127, 128, 129, 130, 131, 132, 133] 20160511
3.875 [6, 7, 8, 9] [117, 118, 119, 120, 121, 122, 123] 20160511
