20.8832202710427 [5, 7] [217, 218, 219, 220] 20160607
15.616666666666664 [6, 7, 8, 9] [244, 245, 246, 247, 248, 249] 20160607
13.691666666666668 [1, 2, 3, 4] [85, 86, 87, 88, 89, 90] 20160607
12.9 [0, 1, 2, 3] [192, 193, 194, 195, 196, 197, 198, 199, 200, 201, 202, 203, 204] 20160607
11.63360792417096 [0, 1, 2] [162, 163, 164, 165, 166, 167, 168, 169, 170, 171, 172, 173, 174, 175, 176, 177, 178, 179] 20160607
11.533333333333333 [1] [72, 73, 74, 75, 76, 77, 78] 20160607
10.608333333333334 [5, 6, 7, 8] [109, 110, 111, 112, 113, 114, 115, 116, 117, 118, 119, 120, 121, 122, 123, 124, 125, 126] 20160607
9.655495930447456 [0, 1, 2] [177, 178, 179, 180, 181, 182, 183, 184, 185, 186, 187, 188, 189, 190, 191, 192, 193] 20160607
8.850000000000001 [1] [141, 142, 143, 144, 145, 146, 147, 148, 149, 150, 151, 152, 153, 154, 155, 156, 157, 158] 20160607
8.819712683620569 [0, 1, 2] [130, 131, 132, 133, 134, 135, 136, 137, 138, 139, 140, 141, 142, 143, 144, 145] 20160607
7.6833333333333345 [0, 1, 2, 3] [153, 154, 155, 156, 157, 158, 159, 160, 161, 162] 20160607
