13.62546635287517 [0, 1, 2] [228, 229, 230, 231, 232, 233, 234, 235, 236] 20160515
13.490751290064257 [0, 1, 2] [236, 237, 238, 239] 20160515
13.009626065739567 [0, 1, 2] [135, 136, 137, 138, 139, 140, 141, 142, 143, 144, 145, 146, 147, 148, 149] 20160515
12.433333333333335 [0, 1, 2, 3] [215, 216, 217, 218, 219, 220, 221, 222, 223, 224, 225, 226, 227, 228, 229] 20160515
12.33125 [1, 2, 3, 4] [129, 130, 131, 132, 133, 134, 135, 136, 137, 138, 139] 20160515
11.816435509414344 [6, 7, 8] [157, 158, 159, 160, 161, 162, 163, 164, 165, 166, 167, 168, 169, 170, 171, 172] 20160515
11.683333333333332 [0, 1, 2, 3] [214, 215, 216, 217, 218, 219, 220, 221] 20160515
11.516666666666666 [2, 3, 4, 6] [202, 203, 204, 205, 206, 207, 208, 209, 210, 211, 212, 213, 214] 20160515
11.083200667543515 [2, 3, 4] [81, 82, 83, 84, 85, 86, 87, 88, 89, 90, 91, 92, 93, 94, 95, 96, 97, 98] 20160515
10.979277619089386 [4, 6, 7] [115, 116, 117, 118, 119, 120, 121, 122, 123, 124] 20160515
10.877659317253055 [0, 1] [178, 179, 180, 181, 182, 183, 184] 20160515
10.535891039679559 [1, 2] [152, 153, 154, 155, 156, 157, 158, 159, 160, 161, 162, 163, 164, 165, 166] 20160515
10.06666666666667 [0, 1, 2, 3] [99, 100, 101, 102, 103, 104, 105, 106, 107, 108, 109, 110, 111, 112, 113, 114, 115, 116] 20160515
9.508333333333333 [4, 6, 7, 8] [189, 190, 191, 192, 193, 194, 195, 196, 197, 198, 199, 200, 201, 202, 203] 20160515
8.1 [0] [72, 73, 74, 75, 76, 77, 78, 79, 80, 81, 82, 83, 84, 85, 86] 20160515
