#################################################################
#APDM Input Graph, this input graph includes 3 sections:
#section1 : general information
#section2 : nodes
#section3 : edges
#section4 : trueSubGraph (Optional)
#
#if nodes haven't information set weight to null
#################################################################
SECTION1 (General Information)
numNodes = 52
numEdges = 51
usedAlgorithm = NULL
dataSource = TransWeatherRealData
END
#################################################################
SECTION2 (Nodes Information)
NodeID travelTime  mean  std 
0 230.0 230.0 234.0 225.0 227.0 215.0 216.0 232.0 215.0 270.0 207.0 232.0 226.0 227.0 227.0 240.0 228.0 222.0 217.0 227.0 240.0 228.0 227.0 261.0 240.0 237.0 223.0 289.0 210.0 210.0 227.0 268.0 218.0 222.0 248.0 234.0 222.0 225.0 213.0 224.0 224.0 222.0 231.0 221.0 236.0 229.0 242.0 237.0 230.0 227.0 231.0 220.0 226.0 226.0 226.0 207.0 241.0 223.0 223.0 221.0 239.0 240.0 236.0 240.0 236.0 196.0 197.0 237.0 235.0 227.0 239.0 215.0 218.0 237.0 217.0 188.0 205.0 233.0 240.0 240.0 213.0 220.0 236.0 241.0 240.0 209.0 223.0 224.0 202.0 196.0 224.0 193.0 231.0 197.0 200.0 228.0 286.0 212.0 224.0 188.0 216.0 236.0 236.0 227.0 228.0 229.0 223.0 223.0 243.0 213.0 227.0 187.0 199.0 195.0 192.0 235.0 222.0 245.0 227.0 209.0 235.0 226.0 204.0 235.0 221.0 238.0 232.0 218.0 206.0 208.0 244.0 214.0 200.0 231.0 229.0 205.0 208.0 229.0 225.0 208.0 272.0 212.0 236.0 212.0 208.0 231.0 230.0 230.0 220.0 215.0 194.0 221.0 235.0 211.0 239.0 207.0 205.0 236.0 214.0 211.0 196.0 190.0 219.0 231.0 205.0 228.0 201.0 206.0 232.0 197.0 195.0 236.0 205.0 221.0 211.0 214.0 221.0 212.0 220.0 215.0 233.0 226.0 223.0 225.0 227.0 232.0 231.0 231.0 234.0 223.0 197.0 207.0 200.0 213.0 214.0 225.0 210.0 202.0 224.0 221.0 200.0 198.0 197.0 214.0 228.0 211.0 206.0 216.0 228.0 239.0 237.0 239.0 202.0 204.0 217.0 215.0 233.0 234.0 220.0 227.0 228.0 219.0 207.0 207.0 217.0 205.0 206.0 218.0 223.0 197.0 234.0 235.0 240.0 196.0 175.0 175.0 218.0 235.0 229.0 240.0 243.0 201.0 201.0 248.0 226.0 224.0 227.0 229.0 227.0 229.0 233.0 233.0 237.0 238.0 245.0 224.0 202.0 216.0 224.0 229.0 232.0 231.0 239.0 222.0 219.0 237.0 232.0 232.0 227.0 236.0 236.0 255.0 253.0 218.0 240.0 238.0 231.0 229.0 237.0 229.0 241.0 238.0 238.0 238.0 238.0 224.0 240.0 223.390243902439 16.180612231249654
1 70.0 71.0 71.0 69.0 66.0 66.0 63.0 70.0 66.0 68.0 61.0 71.0 71.0 71.0 71.0 71.0 68.0 68.0 69.0 66.0 71.0 71.0 71.0 71.0 71.0 71.0 71.0 71.0 63.0 63.0 61.0 61.0 61.0 69.0 69.0 80.0 80.0 67.0 67.0 65.0 71.0 66.0 66.0 66.0 59.0 67.0 70.0 70.0 70.0 70.0 70.0 70.0 70.0 66.0 66.0 66.0 66.0 76.0 76.0 66.0 67.0 67.0 72.0 70.0 74.0 58.0 59.0 59.0 65.0 68.0 70.0 68.0 63.0 72.0 69.0 59.0 59.0 59.0 59.0 59.0 61.0 63.0 66.0 70.0 72.0 60.0 60.0 66.0 65.0 62.0 70.0 55.0 68.0 60.0 67.0 69.0 78.0 70.0 58.0 71.0 66.0 68.0 71.0 71.0 68.0 69.0 70.0 67.0 72.0 75.0 65.0 58.0 62.0 59.0 61.0 71.0 71.0 65.0 72.0 62.0 62.0 67.0 67.0 69.0 64.0 78.0 71.0 67.0 69.0 67.0 72.0 72.0 64.0 71.0 70.0 63.0 62.0 67.0 60.0 60.0 57.0 63.0 66.0 109.0 61.0 71.0 70.0 68.0 68.0 66.0 63.0 59.0 68.0 71.0 63.0 61.0 66.0 63.0 67.0 65.0 62.0 69.0 67.0 69.0 62.0 69.0 68.0 63.0 60.0 71.0 58.0 71.0 69.0 64.0 64.0 64.0 65.0 67.0 64.0 65.0 65.0 74.0 65.0 68.0 61.0 71.0 67.0 75.0 75.0 94.0 66.0 62.0 64.0 66.0 69.0 64.0 70.0 60.0 66.0 67.0 61.0 61.0 60.0 64.0 71.0 68.0 63.0 67.0 65.0 65.0 69.0 71.0 72.0 62.0 65.0 66.0 68.0 69.0 69.0 64.0 69.0 69.0 68.0 63.0 67.0 67.0 67.0 63.0 69.0 58.0 71.0 68.0 72.0 72.0 60.0 60.0 66.0 68.0 68.0 62.0 74.0 60.0 61.0 77.0 77.0 77.0 69.0 69.0 69.0 69.0 69.0 70.0 70.0 70.0 70.0 66.0 70.0 61.0 72.0 69.0 68.0 70.0 70.0 70.0 79.0 79.0 64.0 69.0 69.0 69.0 147.0 147.0 147.0 60.0 80.0 72.0 72.0 69.0 70.0 69.0 69.0 67.0 67.0 67.0 67.0 67.0 67.0 68.1951219512195 9.77492746216924
2 315.0 289.0 293.0 281.0 297.0 286.0 262.0 275.0 315.0 270.0 272.0 252.0 280.0 268.0 268.0 268.0 268.0 280.0 274.0 333.0 287.0 291.0 270.0 270.0 334.0 334.0 290.0 290.0 296.0 274.0 274.0 274.0 274.0 246.0 280.0 302.0 311.0 263.0 282.0 273.0 278.0 273.0 270.0 292.0 263.0 294.0 294.0 303.0 265.0 273.0 279.0 279.0 279.0 281.0 281.0 281.0 256.0 276.0 279.0 279.0 268.0 291.0 225.0 291.0 291.0 253.0 237.0 284.0 263.0 288.0 276.0 295.0 272.0 300.0 291.0 271.0 226.0 332.0 332.0 292.0 292.0 322.0 288.0 273.0 285.0 291.0 254.0 268.0 271.0 251.0 254.0 230.0 230.0 260.0 239.0 271.0 273.0 241.0 251.0 284.0 273.0 261.0 282.0 296.0 279.0 288.0 260.0 267.0 275.0 272.0 270.0 248.0 237.0 238.0 246.0 276.0 293.0 270.0 298.0 257.0 252.0 253.0 259.0 242.0 290.0 270.0 323.0 282.0 266.0 240.0 255.0 300.0 330.0 261.0 292.0 281.0 243.0 245.0 263.0 252.0 296.0 277.0 275.0 268.0 256.0 253.0 293.0 280.0 287.0 266.0 265.0 247.0 277.0 288.0 255.0 250.0 259.0 272.0 286.0 254.0 279.0 247.0 265.0 262.0 274.0 267.0 274.0 268.0 239.0 280.0 232.0 234.0 302.0 247.0 254.0 258.0 292.0 267.0 278.0 269.0 272.0 277.0 304.0 277.0 255.0 300.0 275.0 269.0 276.0 302.0 287.0 253.0 267.0 275.0 279.0 261.0 272.0 238.0 238.0 302.0 257.0 240.0 243.0 247.0 258.0 269.0 278.0 272.0 260.0 273.0 287.0 281.0 308.0 244.0 249.0 262.0 289.0 326.0 283.0 272.0 275.0 290.0 245.0 285.0 290.0 271.0 255.0 255.0 272.0 239.0 236.0 292.0 287.0 291.0 291.0 334.0 259.0 259.0 278.0 274.0 319.0 301.0 243.0 319.0 319.0 268.0 268.0 277.0 281.0 281.0 272.0 296.0 286.0 313.0 290.0 263.0 284.0 251.0 296.0 296.0 276.0 291.0 289.0 293.0 284.0 284.0 251.0 277.0 276.0 276.0 290.0 291.0 315.0 366.0 267.0 327.0 291.0 281.0 281.0 340.0 278.0 286.0 291.0 291.0 288.0 288.0 288.0 276.14285714285717 22.365459669181543
3 196.0 190.0 198.0 198.0 192.0 208.0 185.0 182.0 199.0 213.0 210.0 305.0 260.0 194.0 194.0 212.0 205.0 234.0 202.0 181.0 199.0 199.0 215.0 176.0 235.0 235.0 199.0 191.0 188.0 207.0 252.0 235.0 192.0 237.0 198.0 210.0 206.0 198.0 185.0 185.0 194.0 178.0 185.0 190.0 197.0 184.0 214.0 189.0 202.0 195.0 198.0 189.0 189.0 189.0 204.0 204.0 204.0 200.0 183.0 188.0 188.0 179.0 205.0 179.0 179.0 200.0 159.0 167.0 167.0 167.0 208.0 185.0 208.0 200.0 205.0 189.0 170.0 154.0 154.0 199.0 198.0 182.0 177.0 204.0 189.0 201.0 225.0 196.0 186.0 183.0 206.0 206.0 191.0 189.0 169.0 167.0 175.0 193.0 172.0 216.0 186.0 187.0 180.0 199.0 197.0 188.0 192.0 189.0 183.0 191.0 201.0 198.0 195.0 193.0 181.0 175.0 200.0 204.0 186.0 201.0 172.0 172.0 174.0 148.0 165.0 202.0 190.0 196.0 191.0 200.0 173.0 195.0 206.0 180.0 172.0 198.0 190.0 166.0 165.0 183.0 183.0 183.0 192.0 192.0 187.0 171.0 188.0 194.0 198.0 200.0 190.0 171.0 193.0 190.0 198.0 173.0 217.0 183.0 183.0 200.0 191.0 191.0 199.0 191.0 205.0 166.0 188.0 195.0 177.0 173.0 191.0 164.0 192.0 206.0 173.0 177.0 161.0 193.0 186.0 212.0 207.0 186.0 189.0 189.0 195.0 175.0 175.0 175.0 189.0 190.0 192.0 172.0 211.0 192.0 197.0 206.0 178.0 184.0 165.0 165.0 189.0 198.0 190.0 164.0 187.0 193.0 192.0 192.0 238.0 176.0 191.0 198.0 202.0 187.0 169.0 189.0 193.0 176.0 169.0 192.0 208.0 195.0 195.0 191.0 194.0 194.0 190.0 190.0 184.0 180.0 165.0 168.0 189.0 196.0 197.0 214.0 188.0 188.0 192.0 188.0 196.0 200.0 166.0 164.0 164.0 164.0 164.0 190.0 190.0 190.0 190.0 189.0 246.0 195.0 199.0 199.0 199.0 196.0 196.0 196.0 192.0 192.0 195.0 204.0 197.0 197.0 197.0 197.0 194.0 194.0 194.0 204.0 222.0 197.0 197.0 195.0 198.0 193.0 193.0 193.0 193.0 192.0 199.0 193.0 223.0 199.0 199.0 191.9965156794425 17.116118902327102
4 291.0 321.0 311.0 317.0 317.0 301.0 304.0 291.0 290.0 311.0 318.0 345.0 373.0 350.0 306.0 303.0 300.0 316.0 313.0 301.0 289.0 297.0 308.0 293.0 292.0 292.0 305.0 315.0 312.0 299.0 390.0 294.0 314.0 318.0 328.0 310.0 312.0 314.0 306.0 304.0 308.0 301.0 326.0 298.0 313.0 292.0 281.0 306.0 316.0 314.0 301.0 311.0 309.0 276.0 286.0 294.0 399.0 354.0 300.0 294.0 297.0 297.0 297.0 321.0 321.0 318.0 322.0 257.0 277.0 277.0 297.0 307.0 325.0 312.0 302.0 300.0 291.0 250.0 248.0 303.0 308.0 318.0 283.0 297.0 295.0 308.0 311.0 309.0 310.0 290.0 296.0 317.0 317.0 300.0 268.0 269.0 273.0 315.0 297.0 248.0 304.0 301.0 283.0 305.0 310.0 318.0 302.0 302.0 293.0 293.0 299.0 316.0 346.0 294.0 308.0 269.0 269.0 331.0 312.0 300.0 321.0 277.0 270.0 275.0 274.0 270.0 284.0 287.0 308.0 296.0 308.0 311.0 315.0 318.0 248.0 296.0 308.0 292.0 265.0 271.0 293.0 293.0 286.0 305.0 307.0 284.0 272.0 298.0 306.0 314.0 307.0 274.0 271.0 298.0 298.0 280.0 276.0 316.0 291.0 301.0 305.0 317.0 302.0 298.0 295.0 291.0 249.0 317.0 305.0 262.0 282.0 266.0 249.0 312.0 307.0 271.0 278.0 256.0 299.0 301.0 306.0 297.0 295.0 303.0 287.0 296.0 281.0 281.0 278.0 289.0 303.0 311.0 289.0 310.0 301.0 302.0 287.0 292.0 300.0 256.0 300.0 294.0 324.0 264.0 258.0 301.0 299.0 306.0 309.0 274.0 281.0 309.0 311.0 296.0 268.0 264.0 284.0 310.0 273.0 284.0 298.0 299.0 312.0 312.0 305.0 315.0 308.0 298.0 298.0 282.0 296.0 256.0 299.0 307.0 316.0 318.0 311.0 310.0 310.0 302.0 309.0 322.0 330.0 261.0 264.0 267.0 267.0 292.0 302.0 301.0 320.0 308.0 354.0 342.0 316.0 313.0 313.0 278.0 314.0 314.0 314.0 300.0 307.0 305.0 318.0 316.0 307.0 286.0 305.0 309.0 294.0 294.0 313.0 308.0 305.0 315.0 316.0 317.0 331.0 302.0 341.0 344.0 306.0 315.0 310.0 308.0 301.0 300.2717770034843 21.08845849739265
5 4.0 4.0 4.0 4.0 4.0 4.0 4.0 4.0 4.0 4.0 4.0 5.0 5.0 5.0 5.0 5.0 5.0 5.0 5.0 5.0 5.0 5.0 5.0 5.0 5.0 5.0 5.0 5.0 5.0 5.0 5.0 3.0 3.0 3.0 3.0 3.0 3.0 3.0 3.0 3.0 3.0 4.0 4.0 4.0 4.0 4.0 4.0 4.0 4.0 5.0 5.0 5.0 5.0 5.0 5.0 5.0 5.0 5.0 5.0 5.0 5.0 5.0 5.0 5.0 5.0 5.0 5.0 5.0 5.0 5.0 5.0 5.0 5.0 4.0 4.0 5.0 5.0 3.0 3.0 3.0 3.0 3.0 3.0 3.0 3.0 4.0 4.0 4.0 4.0 4.0 4.0 4.0 4.0 4.0 4.0 4.0 3.0 4.0 4.0 4.0 4.0 4.0 4.0 4.0 4.0 4.0 4.0 4.0 4.0 4.0 4.0 4.0 4.0 4.0 4.0 4.0 3.0 3.0 4.0 4.0 4.0 4.0 3.0 3.0 3.0 3.0 4.0 4.0 4.0 4.0 4.0 4.0 4.0 4.0 3.0 4.0 4.0 4.0 4.0 3.0 3.0 3.0 3.0 3.0 3.0 3.0 3.0 3.0 3.0 3.0 3.0 4.0 4.0 4.0 4.0 4.0 4.0 4.0 4.0 4.0 3.0 4.0 4.0 4.0 4.0 4.0 3.0 3.0 4.0 4.0 4.0 4.0 4.0 4.0 4.0 4.0 4.0 4.0 4.0 4.0 4.0 4.0 4.0 4.0 4.0 5.0 5.0 5.0 5.0 5.0 5.0 5.0 5.0 5.0 5.0 5.0 5.0 5.0 5.0 3.0 3.0 3.0 3.0 3.0 3.0 3.0 3.0 3.0 3.0 3.0 3.0 4.0 4.0 4.0 4.0 3.0 4.0 4.0 4.0 3.0 3.0 3.0 4.0 4.0 4.0 4.0 4.0 4.0 4.0 4.0 4.0 4.0 3.0 3.0 3.0 4.0 4.0 4.0 4.0 4.0 4.0 4.0 4.0 4.0 3.0 4.0 4.0 4.0 4.0 4.0 4.0 4.0 4.0 4.0 4.0 4.0 4.0 4.0 4.0 4.0 4.0 4.0 4.0 4.0 4.0 4.0 4.0 4.0 4.0 4.0 4.0 4.0 4.0 4.0 5.0 5.0 5.0 5.0 5.0 5.0 5.0 5.0 5.0 4.0 4.0 4.0 4.0 4.027874564459931 0.6736213672744302
6 297.0 297.0 353.0 328.0 340.0 402.0 336.0 341.0 344.0 314.0 367.0 372.0 347.0 347.0 678.0 591.0 705.0 705.0 355.0 357.0 338.0 321.0 334.0 347.0 345.0 360.0 360.0 360.0 347.0 344.0 339.0 429.0 323.0 348.0 510.0 401.0 353.0 353.0 347.0 358.0 376.0 350.0 343.0 348.0 351.0 355.0 344.0 321.0 337.0 355.0 360.0 334.0 350.0 342.0 309.0 317.0 317.0 317.0 393.0 347.0 323.0 388.0 388.0 388.0 361.0 393.0 339.0 343.0 304.0 320.0 320.0 416.0 350.0 349.0 436.0 345.0 341.0 353.0 277.0 282.0 397.0 349.0 354.0 295.0 370.0 342.0 339.0 350.0 356.0 358.0 330.0 331.0 340.0 859.0 354.0 328.0 294.0 307.0 347.0 306.0 280.0 370.0 364.0 333.0 335.0 346.0 347.0 338.0 335.0 323.0 324.0 336.0 419.0 363.0 330.0 346.0 294.0 327.0 355.0 395.0 334.0 358.0 315.0 295.0 304.0 313.0 295.0 324.0 335.0 339.0 336.0 350.0 341.0 380.0 350.0 298.0 331.0 345.0 377.0 291.0 312.0 332.0 433.0 360.0 334.0 343.0 334.0 341.0 316.0 346.0 344.0 342.0 322.0 303.0 327.0 331.0 349.0 302.0 339.0 335.0 309.0 301.0 351.0 349.0 326.0 326.0 300.0 295.0 390.0 289.0 293.0 288.0 299.0 298.0 341.0 350.0 305.0 311.0 285.0 338.0 410.0 349.0 326.0 293.0 314.0 314.0 339.0 326.0 326.0 400.0 342.0 334.0 342.0 373.0 347.0 336.0 343.0 316.0 323.0 296.0 282.0 282.0 336.0 352.0 290.0 289.0 353.0 332.0 339.0 343.0 305.0 309.0 343.0 358.0 339.0 293.0 292.0 320.0 383.0 296.0 330.0 341.0 343.0 353.0 353.0 334.0 350.0 357.0 335.0 335.0 359.0 337.0 295.0 344.0 371.0 346.0 351.0 313.0 313.0 313.0 333.0 365.0 329.0 529.0 288.0 297.0 360.0 360.0 349.0 348.0 338.0 338.0 339.0 366.0 342.0 349.0 340.0 340.0 340.0 347.0 347.0 347.0 332.0 340.0 349.0 340.0 352.0 416.0 325.0 342.0 333.0 339.0 339.0 351.0 365.0 394.0 377.0 352.0 351.0 349.0 359.0 340.0 405.0 377.0 356.0 356.0 335.0 347.26132404181186 58.7871412339855
7 483.0 452.0 464.0 445.0 447.0 593.0 582.0 481.0 488.0 464.0 437.0 459.0 488.0 501.0 500.0 500.0 580.0 687.0 733.0 501.0 497.0 491.0 466.0 469.0 493.0 507.0 469.0 469.0 469.0 515.0 475.0 484.0 652.0 566.0 538.0 493.0 560.0 500.0 490.0 482.0 495.0 480.0 497.0 485.0 513.0 490.0 500.0 488.0 451.0 457.0 489.0 502.0 473.0 490.0 501.0 470.0 442.0 442.0 442.0 483.0 477.0 470.0 470.0 470.0 470.0 503.0 498.0 479.0 450.0 416.0 431.0 532.0 532.0 480.0 490.0 499.0 487.0 491.0 472.0 399.0 407.0 462.0 500.0 493.0 436.0 443.0 491.0 483.0 485.0 415.0 404.0 430.0 466.0 704.0 500.0 467.0 451.0 423.0 430.0 496.0 429.0 411.0 451.0 470.0 463.0 477.0 474.0 487.0 491.0 456.0 465.0 476.0 474.0 491.0 511.0 511.0 487.0 423.0 423.0 459.0 449.0 474.0 496.0 456.0 413.0 417.0 414.0 420.0 439.0 473.0 449.0 497.0 488.0 485.0 482.0 486.0 438.0 497.0 489.0 491.0 412.0 416.0 474.0 464.0 466.0 472.0 469.0 455.0 476.0 457.0 472.0 479.0 481.0 490.0 482.0 481.0 476.0 501.0 486.0 485.0 486.0 429.0 427.0 504.0 503.0 503.0 476.0 422.0 404.0 422.0 429.0 489.0 469.0 483.0 453.0 490.0 520.0 498.0 422.0 409.0 513.0 514.0 489.0 501.0 448.0 546.0 500.0 497.0 472.0 435.0 397.0 453.0 531.0 493.0 494.0 485.0 494.0 478.0 449.0 461.0 424.0 414.0 407.0 480.0 490.0 422.0 410.0 453.0 477.0 492.0 488.0 481.0 489.0 484.0 496.0 485.0 414.0 410.0 450.0 495.0 438.0 450.0 472.0 452.0 495.0 492.0 457.0 507.0 488.0 471.0 478.0 426.0 461.0 412.0 411.0 489.0 474.0 502.0 418.0 414.0 476.0 490.0 495.0 500.0 500.0 493.0 496.0 484.0 484.0 484.0 476.0 492.0 492.0 572.0 468.0 460.0 497.0 497.0 497.0 497.0 497.0 497.0 497.0 479.0 490.0 499.0 483.0 596.0 497.0 457.0 463.0 478.0 474.0 462.0 462.0 462.0 532.0 545.0 496.0 501.0 533.0 491.0 476.0 562.0 534.0 506.0 515.0 478.8432055749129 43.02446629742047
8 684.0 677.0 640.0 583.0 726.0 643.0 633.0 674.0 713.0 650.0 640.0 648.0 604.0 622.0 664.0 669.0 669.0 654.0 676.0 696.0 682.0 680.0 678.0 720.0 685.0 663.0 639.0 628.0 621.0 676.0 676.0 680.0 671.0 781.0 793.0 690.0 674.0 685.0 704.0 692.0 657.0 652.0 740.0 685.0 839.0 624.0 689.0 671.0 662.0 634.0 615.0 647.0 669.0 663.0 650.0 668.0 663.0 658.0 694.0 660.0 660.0 651.0 643.0 643.0 701.0 659.0 656.0 812.0 637.0 742.0 558.0 571.0 612.0 674.0 661.0 651.0 663.0 671.0 663.0 657.0 567.0 576.0 605.0 653.0 650.0 613.0 670.0 688.0 701.0 667.0 670.0 567.0 560.0 632.0 635.0 642.0 612.0 596.0 595.0 582.0 574.0 648.0 602.0 642.0 654.0 545.0 632.0 638.0 652.0 613.0 635.0 659.0 651.0 650.0 629.0 602.0 745.0 677.0 601.0 592.0 562.0 642.0 670.0 669.0 627.0 619.0 579.0 589.0 585.0 595.0 603.0 664.0 686.0 671.0 637.0 665.0 687.0 640.0 606.0 635.0 644.0 581.0 577.0 582.0 653.0 658.0 659.0 656.0 639.0 639.0 591.0 608.0 641.0 642.0 661.0 661.0 653.0 647.0 673.0 670.0 677.0 682.0 614.0 584.0 602.0 592.0 686.0 686.0 686.0 557.0 561.0 641.0 555.0 618.0 621.0 662.0 568.0 675.0 683.0 614.0 574.0 597.0 650.0 640.0 664.0 663.0 642.0 636.0 676.0 657.0 678.0 588.0 606.0 660.0 662.0 636.0 604.0 656.0 644.0 652.0 623.0 623.0 563.0 557.0 574.0 658.0 651.0 598.0 587.0 655.0 670.0 666.0 663.0 652.0 650.0 686.0 607.0 632.0 576.0 561.0 643.0 605.0 581.0 591.0 623.0 659.0 685.0 683.0 662.0 670.0 640.0 678.0 661.0 623.0 552.0 566.0 590.0 651.0 657.0 566.0 565.0 586.0 662.0 685.0 694.0 682.0 677.0 676.0 645.0 643.0 633.0 633.0 716.0 675.0 667.0 633.0 597.0 581.0 581.0 581.0 581.0 979.0 952.0 952.0 734.0 976.0 685.0 682.0 659.0 669.0 620.0 695.0 672.0 654.0 637.0 620.0 725.0 689.0 688.0 689.0 689.0 650.0 650.0 650.0 650.0 708.0 701.0 649.6550522648083 58.33418464769388
9 987.0 993.0 998.0 985.0 897.0 939.0 954.0 945.0 942.0 951.0 985.0 969.0 958.0 867.0 877.0 870.0 1003.0 970.0 1036.0 990.0 973.0 998.0 990.0 987.0 1003.0 992.0 1001.0 1015.0 1017.0 934.0 952.0 935.0 945.0 986.0 972.0 1078.0 1011.0 922.0 1172.0 995.0 1083.0 1036.0 1004.0 1003.0 949.0 929.0 903.0 920.0 942.0 988.0 970.0 975.0 925.0 929.0 975.0 963.0 968.0 940.0 977.0 967.0 1016.0 1013.0 945.0 963.0 941.0 984.0 961.0 970.0 956.0 949.0 945.0 1056.0 804.0 829.0 1000.0 975.0 973.0 971.0 952.0 884.0 922.0 956.0 855.0 830.0 866.0 972.0 960.0 931.0 935.0 918.0 980.0 959.0 964.0 829.0 829.0 844.0 913.0 918.0 881.0 897.0 847.0 890.0 861.0 952.0 912.0 860.0 787.0 788.0 820.0 956.0 911.0 933.0 908.0 924.0 925.0 940.0 909.0 904.0 911.0 987.0 857.0 855.0 853.0 982.0 1007.0 975.0 948.0 936.0 970.0 866.0 855.0 849.0 867.0 916.0 856.0 841.0 867.0 912.0 969.0 902.0 896.0 927.0 967.0 849.0 844.0 846.0 906.0 965.0 906.0 941.0 995.0 1001.0 877.0 888.0 944.0 953.0 966.0 984.0 969.0 957.0 967.0 985.0 970.0 979.0 891.0 875.0 861.0 884.0 982.0 1022.0 887.0 827.0 800.0 801.0 789.0 810.0 938.0 903.0 976.0 965.0 977.0 877.0 856.0 853.0 968.0 938.0 971.0 911.0 956.0 979.0 951.0 982.0 928.0 846.0 846.0 958.0 974.0 958.0 937.0 950.0 945.0 940.0 889.0 911.0 827.0 817.0 837.0 950.0 844.0 840.0 836.0 856.0 980.0 984.0 966.0 959.0 957.0 934.0 902.0 866.0 832.0 817.0 837.0 876.0 894.0 950.0 942.0 902.0 987.0 1007.0 982.0 968.0 1042.0 974.0 984.0 951.0 850.0 836.0 845.0 963.0 946.0 944.0 950.0 954.0 954.0 959.0 993.0 995.0 988.0 962.0 937.0 930.0 936.0 932.0 973.0 980.0 988.0 965.0 942.0 887.0 881.0 881.0 881.0 881.0 881.0 881.0 963.0 962.0 942.0 964.0 965.0 952.0 973.0 983.0 978.0 931.0 922.0 929.0 936.0 994.0 1000.0 1042.0 1042.0 1042.0 1042.0 1042.0 1068.0 935.3832752613241 60.66397877409363
10 521.0 493.0 504.0 555.0 507.0 586.0 508.0 503.0 514.0 497.0 513.0 476.0 476.0 593.0 485.0 461.0 445.0 409.0 509.0 562.0 498.0 497.0 552.0 495.0 537.0 507.0 507.0 530.0 505.0 522.0 549.0 522.0 499.0 521.0 497.0 497.0 613.0 487.0 700.0 675.0 532.0 505.0 498.0 513.0 627.0 565.0 499.0 477.0 456.0 451.0 465.0 562.0 496.0 522.0 509.0 479.0 571.0 495.0 486.0 473.0 552.0 485.0 490.0 507.0 491.0 513.0 495.0 476.0 476.0 600.0 509.0 492.0 639.0 503.0 415.0 424.0 492.0 491.0 494.0 500.0 538.0 479.0 504.0 496.0 546.0 479.0 519.0 414.0 433.0 487.0 491.0 459.0 515.0 535.0 516.0 450.0 415.0 450.0 467.0 470.0 485.0 669.0 466.0 477.0 434.0 429.0 476.0 460.0 422.0 396.0 466.0 494.0 455.0 447.0 596.0 461.0 475.0 477.0 483.0 447.0 485.0 536.0 555.0 509.0 507.0 490.0 492.0 544.0 451.0 419.0 452.0 491.0 490.0 446.0 444.0 463.0 462.0 423.0 449.0 509.0 516.0 538.0 569.0 531.0 467.0 473.0 533.0 481.0 442.0 427.0 449.0 480.0 433.0 445.0 524.0 525.0 483.0 502.0 491.0 482.0 507.0 509.0 476.0 488.0 504.0 491.0 516.0 451.0 439.0 487.0 493.0 544.0 559.0 414.0 415.0 409.0 400.0 511.0 447.0 417.0 429.0 492.0 725.0 570.0 434.0 456.0 496.0 470.0 518.0 524.0 496.0 456.0 496.0 549.0 503.0 484.0 495.0 505.0 493.0 455.0 452.0 515.0 490.0 479.0 490.0 485.0 557.0 471.0 423.0 411.0 483.0 450.0 435.0 477.0 526.0 513.0 494.0 504.0 483.0 483.0 523.0 428.0 516.0 482.0 430.0 421.0 529.0 435.0 427.0 495.0 486.0 528.0 510.0 542.0 511.0 479.0 464.0 453.0 552.0 437.0 429.0 528.0 495.0 500.0 500.0 483.0 470.0 465.0 465.0 505.0 554.0 501.0 455.0 507.0 483.0 461.0 461.0 461.0 550.0 514.0 489.0 463.0 513.0 513.0 513.0 513.0 474.0 474.0 474.0 474.0 534.0 483.0 529.0 491.0 483.0 483.0 564.0 503.0 469.0 469.0 469.0 628.0 507.0 507.0 497.0 497.0 497.0 493.82229965156796 47.445955168233034
11 649.0 679.0 665.0 658.0 654.0 692.0 662.0 711.0 660.0 614.0 615.0 583.0 634.0 623.0 607.0 682.0 642.0 625.0 606.0 556.0 662.0 743.0 731.0 654.0 793.0 793.0 675.0 664.0 812.0 651.0 639.0 705.0 706.0 675.0 626.0 612.0 643.0 643.0 809.0 661.0 833.0 713.0 663.0 626.0 664.0 665.0 732.0 690.0 627.0 586.0 595.0 601.0 652.0 705.0 650.0 651.0 655.0 642.0 665.0 642.0 622.0 619.0 649.0 650.0 654.0 674.0 635.0 617.0 631.0 627.0 627.0 640.0 632.0 639.0 698.0 602.0 549.0 638.0 641.0 642.0 607.0 615.0 648.0 577.0 627.0 644.0 641.0 609.0 552.0 555.0 605.0 638.0 614.0 622.0 668.0 668.0 619.0 545.0 533.0 621.0 616.0 617.0 636.0 655.0 600.0 586.0 559.0 600.0 620.0 604.0 532.0 513.0 590.0 590.0 587.0 676.0 592.0 602.0 616.0 621.0 613.0 600.0 671.0 668.0 667.0 653.0 649.0 638.0 637.0 573.0 557.0 568.0 553.0 568.0 570.0 564.0 580.0 631.0 575.0 561.0 578.0 599.0 656.0 682.0 680.0 619.0 591.0 596.0 592.0 573.0 559.0 559.0 628.0 640.0 632.0 621.0 631.0 638.0 630.0 637.0 645.0 638.0 650.0 653.0 617.0 642.0 655.0 654.0 636.0 587.0 580.0 670.0 678.0 949.0 725.0 661.0 569.0 524.0 593.0 640.0 559.0 530.0 606.0 558.0 551.0 589.0 563.0 631.0 640.0 582.0 634.0 639.0 578.0 625.0 625.0 710.0 576.0 638.0 639.0 592.0 596.0 588.0 590.0 657.0 631.0 628.0 632.0 669.0 649.0 559.0 537.0 542.0 648.0 559.0 556.0 660.0 695.0 662.0 637.0 634.0 633.0 626.0 563.0 619.0 626.0 585.0 551.0 557.0 502.0 521.0 562.0 626.0 654.0 666.0 665.0 663.0 641.0 645.0 617.0 568.0 579.0 557.0 546.0 655.0 639.0 644.0 656.0 635.0 638.0 643.0 666.0 666.0 695.0 643.0 617.0 621.0 621.0 604.0 604.0 665.0 674.0 644.0 596.0 576.0 570.0 570.0 570.0 619.0 619.0 619.0 619.0 662.0 681.0 635.0 666.0 638.0 643.0 643.0 661.0 657.0 657.0 619.0 619.0 688.0 666.0 672.0 664.0 628.9372822299651 52.72009711808531
12 8.0 8.0 8.0 8.0 8.0 8.0 8.0 8.0 8.0 8.0 8.0 8.0 8.0 8.0 8.0 8.0 8.0 8.0 8.0 7.0 7.0 7.0 7.0 7.0 7.0 7.0 7.0 7.0 7.0 7.0 7.0 7.0 7.0 7.0 7.0 7.0 7.0 7.0 7.0 7.0 7.0 7.0 7.0 7.0 7.0 7.0 7.0 7.0 7.0 7.0 7.0 7.0 7.0 7.0 7.0 7.0 7.0 7.0 7.0 7.0 7.0 7.0 7.0 7.0 7.0 7.0 7.0 7.0 7.0 7.0 7.0 7.0 7.0 7.0 7.0 7.0 7.0 7.0 7.0 7.0 7.0 6.0 6.0 6.0 6.0 7.0 8.0 8.0 7.0 8.0 7.0 7.0 7.0 7.0 7.0 7.0 7.0 7.0 6.0 6.0 6.0 7.0 7.0 7.0 7.0 7.0 7.0 7.0 7.0 7.0 8.0 7.0 7.0 7.0 7.0 7.0 8.0 8.0 7.0 7.0 7.0 7.0 7.0 7.0 7.0 7.0 7.0 7.0 8.0 8.0 7.0 7.0 7.0 7.0 8.0 8.0 7.0 7.0 7.0 8.0 7.0 7.0 8.0 8.0 8.0 8.0 8.0 7.0 7.0 7.0 7.0 7.0 8.0 8.0 8.0 8.0 8.0 8.0 7.0 6.0 6.0 6.0 6.0 6.0 8.0 8.0 8.0 8.0 8.0 8.0 7.0 8.0 8.0 8.0 8.0 8.0 16.0 16.0 16.0 16.0 16.0 16.0 7.0 7.0 7.0 18.0 6.0 7.0 8.0 8.0 8.0 8.0 8.0 7.0 7.0 7.0 7.0 7.0 7.0 7.0 7.0 8.0 7.0 7.0 7.0 7.0 7.0 8.0 8.0 8.0 8.0 7.0 7.0 7.0 7.0 7.0 7.0 7.0 7.0 7.0 7.0 7.0 7.0 6.0 6.0 6.0 6.0 7.0 7.0 7.0 6.0 6.0 6.0 6.0 6.0 6.0 6.0 6.0 6.0 6.0 7.0 7.0 6.0 6.0 6.0 6.0 6.0 6.0 6.0 6.0 6.0 6.0 6.0 6.0 6.0 6.0 6.0 6.0 6.0 6.0 6.0 6.0 8.0 8.0 8.0 8.0 8.0 8.0 8.0 8.0 8.0 8.0 8.0 8.0 8.0 8.0 8.0 8.0 8.0 8.0 8.0 8.0 8.0 8.0 8.0 8.0 8.0 7.365853658536585 1.5673519669491958
13 93.0 102.0 96.0 96.0 96.0 96.0 98.0 98.0 98.0 99.0 92.0 79.0 79.0 94.0 117.0 117.0 117.0 98.0 98.0 87.0 85.0 85.0 94.0 96.0 98.0 98.0 98.0 98.0 102.0 102.0 102.0 94.0 94.0 108.0 99.0 89.0 89.0 96.0 98.0 98.0 99.0 103.0 90.0 99.0 90.0 99.0 99.0 99.0 102.0 91.0 91.0 89.0 93.0 93.0 93.0 97.0 97.0 96.0 97.0 97.0 96.0 92.0 92.0 92.0 98.0 98.0 98.0 96.0 96.0 92.0 95.0 95.0 85.0 96.0 94.0 94.0 100.0 94.0 94.0 116.0 116.0 77.0 96.0 97.0 91.0 89.0 104.0 95.0 91.0 91.0 83.0 95.0 107.0 107.0 96.0 96.0 96.0 89.0 75.0 78.0 91.0 91.0 93.0 94.0 94.0 87.0 95.0 83.0 97.0 86.0 88.0 81.0 81.0 87.0 86.0 87.0 99.0 96.0 87.0 91.0 89.0 98.0 94.0 94.0 95.0 100.0 98.0 99.0 94.0 94.0 94.0 91.0 83.0 83.0 96.0 96.0 82.0 103.0 92.0 94.0 80.0 89.0 92.0 92.0 99.0 96.0 95.0 90.0 93.0 83.0 83.0 83.0 83.0 83.0 96.0 96.0 96.0 88.0 88.0 93.0 98.0 94.0 94.0 95.0 97.0 92.0 94.0 94.0 98.0 96.0 84.0 88.0 96.0 107.0 107.0 100.0 123.0 96.0 98.0 92.0 94.0 91.0 79.0 79.0 89.0 120.0 81.0 81.0 97.0 94.0 94.0 89.0 90.0 86.0 96.0 93.0 101.0 96.0 96.0 87.0 100.0 96.0 87.0 91.0 93.0 97.0 95.0 122.0 105.0 92.0 89.0 79.0 104.0 103.0 85.0 83.0 102.0 99.0 94.0 107.0 107.0 114.0 95.0 78.0 78.0 88.0 100.0 81.0 105.0 105.0 79.0 79.0 95.0 95.0 95.0 98.0 98.0 95.0 102.0 102.0 85.0 85.0 79.0 79.0 98.0 91.0 145.0 104.0 104.0 95.0 95.0 95.0 98.0 98.0 96.0 96.0 96.0 92.0 92.0 92.0 92.0 92.0 92.0 89.0 84.0 84.0 84.0 84.0 84.0 84.0 84.0 84.0 84.0 94.0 108.0 108.0 94.0 94.0 94.0 94.0 94.0 94.0 94.0 94.0 94.0 98.0 98.0 94.09756097560975 8.504064904766759
14 573.0 578.0 604.0 612.0 606.0 593.0 597.0 593.0 593.0 629.0 629.0 617.0 555.0 563.0 586.0 592.0 592.0 620.0 600.0 582.0 557.0 495.0 579.0 563.0 606.0 617.0 628.0 623.0 623.0 623.0 576.0 589.0 603.0 604.0 662.0 649.0 579.0 576.0 576.0 614.0 618.0 617.0 786.0 766.0 603.0 612.0 608.0 621.0 623.0 644.0 616.0 561.0 559.0 569.0 591.0 613.0 610.0 609.0 599.0 619.0 598.0 596.0 586.0 564.0 604.0 605.0 617.0 617.0 617.0 572.0 590.0 602.0 590.0 613.0 618.0 608.0 626.0 622.0 619.0 565.0 632.0 536.0 485.0 539.0 600.0 586.0 561.0 612.0 582.0 557.0 569.0 504.0 537.0 582.0 588.0 572.0 590.0 599.0 618.0 482.0 470.0 601.0 592.0 593.0 594.0 546.0 545.0 546.0 530.0 530.0 562.0 545.0 474.0 473.0 467.0 581.0 554.0 518.0 597.0 554.0 564.0 581.0 590.0 617.0 618.0 623.0 604.0 612.0 608.0 609.0 613.0 620.0 522.0 515.0 459.0 487.0 539.0 522.0 547.0 598.0 581.0 573.0 557.0 554.0 590.0 590.0 569.0 510.0 525.0 539.0 531.0 552.0 518.0 519.0 597.0 594.0 569.0 552.0 569.0 588.0 586.0 591.0 606.0 593.0 600.0 603.0 596.0 581.0 575.0 601.0 603.0 525.0 537.0 606.0 622.0 628.0 683.0 651.0 633.0 601.0 583.0 586.0 530.0 509.0 568.0 646.0 569.0 524.0 525.0 584.0 612.0 606.0 563.0 535.0 516.0 555.0 590.0 589.0 566.0 564.0 684.0 617.0 572.0 548.0 548.0 604.0 621.0 587.0 617.0 570.0 600.0 517.0 506.0 503.0 617.0 524.0 521.0 546.0 624.0 599.0 552.0 562.0 521.0 594.0 529.0 539.0 604.0 519.0 505.0 500.0 447.0 498.0 553.0 585.0 577.0 664.0 619.0 597.0 612.0 610.0 580.0 536.0 504.0 500.0 509.0 573.0 589.0 617.0 619.0 607.0 710.0 599.0 599.0 618.0 610.0 541.0 596.0 582.0 593.0 581.0 581.0 584.0 586.0 587.0 581.0 526.0 522.0 522.0 522.0 522.0 581.0 581.0 649.0 649.0 649.0 649.0 601.0 601.0 599.0 599.0 599.0 599.0 593.0 593.0 651.0 651.0 620.0 581.4285714285714 45.42796825415262
15 374.0 367.0 388.0 380.0 396.0 396.0 407.0 383.0 391.0 368.0 366.0 366.0 414.0 375.0 342.0 377.0 388.0 384.0 384.0 407.0 397.0 308.0 339.0 339.0 363.0 387.0 396.0 402.0 404.0 404.0 404.0 404.0 404.0 397.0 391.0 386.0 408.0 395.0 370.0 391.0 391.0 400.0 405.0 403.0 402.0 383.0 403.0 398.0 403.0 403.0 409.0 420.0 391.0 364.0 364.0 381.0 405.0 399.0 395.0 409.0 397.0 397.0 391.0 389.0 370.0 370.0 370.0 400.0 403.0 395.0 395.0 354.0 381.0 385.0 366.0 394.0 394.0 383.0 386.0 409.0 365.0 354.0 402.0 331.0 347.0 369.0 382.0 369.0 367.0 419.0 399.0 368.0 362.0 366.0 393.0 385.0 371.0 393.0 352.0 398.0 328.0 327.0 401.0 400.0 389.0 385.0 387.0 350.0 376.0 342.0 342.0 369.0 357.0 338.0 310.0 337.0 333.0 345.0 336.0 391.0 391.0 360.0 372.0 382.0 407.0 396.0 389.0 384.0 402.0 396.0 400.0 396.0 420.0 366.0 341.0 305.0 284.0 386.0 344.0 347.0 332.0 319.0 370.0 357.0 352.0 374.0 392.0 389.0 497.0 402.0 370.0 347.0 350.0 355.0 335.0 409.0 509.0 373.0 369.0 372.0 377.0 376.0 384.0 397.0 382.0 377.0 404.0 411.0 363.0 372.0 392.0 400.0 346.0 344.0 391.0 400.0 406.0 398.0 412.0 427.0 398.0 350.0 367.0 377.0 333.0 319.0 389.0 347.0 318.0 320.0 385.0 372.0 392.0 372.0 376.0 338.0 396.0 371.0 387.0 373.0 373.0 341.0 349.0 403.0 361.0 358.0 352.0 396.0 407.0 407.0 407.0 368.0 354.0 333.0 327.0 327.0 358.0 335.0 338.0 409.0 401.0 392.0 353.0 322.0 322.0 389.0 325.0 325.0 325.0 320.0 312.0 296.0 403.0 388.0 389.0 408.0 407.0 334.0 386.0 391.0 390.0 398.0 355.0 338.0 334.0 339.0 339.0 407.0 403.0 403.0 383.0 386.0 386.0 386.0 386.0 330.0 336.0 401.0 379.0 383.0 380.0 380.0 380.0 380.0 371.0 387.0 382.0 389.0 407.0 407.0 407.0 407.0 407.0 407.0 407.0 407.0 407.0 407.0 384.0 389.0 384.0 384.0 405.0 405.0 405.0 405.0 405.0 377.5331010452962 29.368376238181387
16 121.0 129.0 130.0 134.0 127.0 143.0 140.0 140.0 134.0 134.0 128.0 128.0 128.0 144.0 133.0 133.0 131.0 136.0 136.0 136.0 140.0 141.0 131.0 136.0 136.0 119.0 119.0 137.0 145.0 142.0 142.0 142.0 131.0 131.0 131.0 138.0 138.0 140.0 140.0 130.0 130.0 130.0 141.0 141.0 141.0 139.0 133.0 142.0 130.0 130.0 130.0 130.0 146.0 134.0 126.0 124.0 137.0 137.0 137.0 137.0 137.0 135.0 133.0 133.0 135.0 127.0 127.0 127.0 139.0 131.0 131.0 131.0 131.0 135.0 136.0 116.0 137.0 132.0 149.0 136.0 142.0 120.0 120.0 138.0 110.0 137.0 126.0 132.0 132.0 127.0 148.0 160.0 160.0 126.0 130.0 139.0 127.0 139.0 135.0 132.0 141.0 111.0 108.0 141.0 136.0 130.0 135.0 133.0 126.0 131.0 119.0 122.0 131.0 123.0 113.0 104.0 115.0 131.0 116.0 115.0 137.0 137.0 125.0 127.0 130.0 138.0 137.0 149.0 140.0 141.0 136.0 137.0 138.0 132.0 122.0 116.0 102.0 207.0 133.0 120.0 104.0 109.0 108.0 127.0 118.0 121.0 129.0 135.0 136.0 140.0 139.0 114.0 117.0 143.0 125.0 117.0 130.0 130.0 128.0 128.0 129.0 131.0 129.0 135.0 138.0 121.0 129.0 141.0 135.0 125.0 123.0 134.0 141.0 121.0 119.0 139.0 130.0 156.0 156.0 144.0 154.0 130.0 117.0 117.0 130.0 111.0 133.0 132.0 137.0 105.0 114.0 131.0 130.0 132.0 133.0 127.0 131.0 134.0 134.0 134.0 130.0 121.0 121.0 121.0 143.0 126.0 124.0 120.0 138.0 138.0 138.0 136.0 123.0 123.0 115.0 136.0 136.0 140.0 117.0 136.0 146.0 139.0 131.0 106.0 111.0 111.0 133.0 133.0 133.0 133.0 111.0 98.0 115.0 140.0 134.0 134.0 136.0 136.0 112.0 140.0 133.0 140.0 140.0 117.0 117.0 117.0 117.0 117.0 133.0 133.0 133.0 129.0 133.0 133.0 133.0 133.0 115.0 138.0 140.0 159.0 135.0 130.0 130.0 130.0 130.0 136.0 140.0 121.0 145.0 145.0 145.0 145.0 131.0 131.0 131.0 131.0 131.0 131.0 131.0 136.0 133.0 133.0 133.0 140.0 140.0 136.0 136.0 131.33101045296166 11.067743405062753
17 489.0 467.0 467.0 464.0 501.0 499.0 524.0 532.0 510.0 497.0 494.0 472.0 474.0 487.0 504.0 477.0 468.0 500.0 493.0 490.0 490.0 499.0 505.0 495.0 460.0 447.0 447.0 500.0 517.0 517.0 516.0 516.0 516.0 516.0 477.0 491.0 492.0 502.0 517.0 497.0 472.0 500.0 500.0 517.0 514.0 502.0 505.0 497.0 510.0 495.0 504.0 498.0 527.0 522.0 487.0 465.0 457.0 612.0 494.0 516.0 499.0 514.0 530.0 532.0 668.0 496.0 471.0 471.0 483.0 480.0 490.0 836.0 836.0 484.0 492.0 489.0 466.0 502.0 504.0 536.0 504.0 477.0 479.0 496.0 455.0 424.0 466.0 484.0 467.0 442.0 484.0 491.0 510.0 518.0 457.0 479.0 494.0 492.0 480.0 511.0 491.0 511.0 416.0 403.0 499.0 464.0 467.0 496.0 494.0 482.0 470.0 440.0 447.0 464.0 457.0 423.0 413.0 411.0 462.0 439.0 432.0 498.0 436.0 426.0 475.0 483.0 512.0 459.0 445.0 438.0 454.0 504.0 504.0 508.0 462.0 436.0 430.0 442.0 444.0 476.0 436.0 405.0 412.0 398.0 438.0 430.0 438.0 487.0 487.0 505.0 480.0 468.0 433.0 421.0 480.0 435.0 424.0 480.0 487.0 476.0 460.0 487.0 472.0 481.0 493.0 504.0 531.0 496.0 513.0 462.0 441.0 452.0 464.0 508.0 437.0 438.0 505.0 485.0 442.0 528.0 517.0 522.0 421.0 435.0 485.0 445.0 434.0 533.0 483.0 482.0 403.0 426.0 479.0 499.0 493.0 489.0 478.0 450.0 516.0 511.0 505.0 471.0 471.0 471.0 511.0 533.0 456.0 453.0 487.0 532.0 651.0 640.0 502.0 449.0 431.0 426.0 422.0 457.0 432.0 430.0 463.0 514.0 506.0 491.0 431.0 422.0 494.0 482.0 460.0 442.0 407.0 414.0 420.0 490.0 490.0 527.0 530.0 520.0 435.0 427.0 514.0 497.0 501.0 586.0 432.0 419.0 434.0 448.0 522.0 537.0 515.0 543.0 503.0 495.0 498.0 498.0 420.0 421.0 445.0 505.0 505.0 490.0 479.0 479.0 479.0 447.0 479.0 471.0 467.0 517.0 545.0 545.0 545.0 545.0 545.0 545.0 545.0 545.0 545.0 472.0 474.0 505.0 490.0 515.0 517.0 514.0 514.0 485.32752613240416 49.28648989141571
18 283.0 270.0 265.0 276.0 266.0 274.0 286.0 289.0 285.0 512.0 279.0 277.0 270.0 270.0 270.0 298.0 267.0 283.0 283.0 282.0 286.0 286.0 286.0 291.0 250.0 244.0 244.0 255.0 281.0 289.0 289.0 295.0 295.0 286.0 275.0 275.0 283.0 285.0 282.0 294.0 306.0 269.0 268.0 286.0 298.0 296.0 286.0 287.0 283.0 292.0 286.0 286.0 283.0 283.0 299.0 304.0 272.0 281.0 284.0 291.0 286.0 289.0 289.0 286.0 290.0 281.0 285.0 269.0 269.0 269.0 266.0 268.0 286.0 286.0 270.0 280.0 283.0 264.0 287.0 286.0 283.0 274.0 291.0 233.0 288.0 266.0 248.0 248.0 266.0 264.0 254.0 271.0 295.0 283.0 257.0 257.0 303.0 283.0 275.0 255.0 268.0 263.0 285.0 237.0 243.0 298.0 265.0 264.0 281.0 290.0 256.0 274.0 278.0 257.0 249.0 261.0 236.0 251.0 257.0 282.0 247.0 245.0 284.0 238.0 248.0 266.0 270.0 297.0 267.0 258.0 253.0 262.0 279.0 261.0 293.0 268.0 255.0 244.0 253.0 263.0 287.0 249.0 242.0 218.0 243.0 296.0 240.0 249.0 272.0 257.0 298.0 291.0 281.0 260.0 243.0 299.0 258.0 246.0 286.0 291.0 274.0 260.0 266.0 273.0 275.0 281.0 290.0 287.0 278.0 291.0 278.0 251.0 256.0 286.0 289.0 255.0 250.0 286.0 292.0 258.0 289.0 289.0 305.0 237.0 247.0 274.0 260.0 241.0 274.0 287.0 289.0 234.0 235.0 276.0 284.0 285.0 275.0 263.0 249.0 269.0 239.0 290.0 270.0 265.0 270.0 270.0 294.0 261.0 259.0 279.0 282.0 292.0 292.0 309.0 254.0 255.0 239.0 248.0 248.0 247.0 249.0 248.0 247.0 297.0 281.0 244.0 257.0 281.0 271.0 251.0 243.0 279.0 242.0 249.0 249.0 249.0 283.0 307.0 292.0 259.0 250.0 302.0 300.0 303.0 268.0 247.0 247.0 243.0 267.0 296.0 280.0 295.0 295.0 270.0 301.0 285.0 285.0 285.0 236.0 294.0 289.0 287.0 282.0 279.0 279.0 279.0 258.0 287.0 271.0 282.0 290.0 295.0 295.0 295.0 275.0 275.0 275.0 275.0 275.0 275.0 273.0 300.0 281.0 281.0 281.0 296.0 295.0 273.81184668989545 23.019742189996315
19 377.0 369.0 354.0 392.0 365.0 355.0 361.0 381.0 368.0 391.0 381.0 364.0 364.0 352.0 365.0 359.0 389.0 368.0 374.0 357.0 371.0 369.0 369.0 369.0 379.0 316.0 316.0 316.0 334.0 369.0 380.0 392.0 391.0 392.0 392.0 392.0 392.0 369.0 370.0 375.0 392.0 386.0 352.0 352.0 377.0 388.0 387.0 378.0 378.0 398.0 389.0 387.0 369.0 369.0 369.0 389.0 384.0 379.0 343.0 356.0 363.0 377.0 386.0 393.0 376.0 376.0 365.0 367.0 358.0 358.0 358.0 366.0 352.0 377.0 377.0 393.0 363.0 374.0 367.0 371.0 377.0 379.0 363.0 328.0 316.0 368.0 343.0 323.0 370.0 352.0 348.0 336.0 356.0 605.0 409.0 353.0 337.0 363.0 362.0 358.0 363.0 360.0 347.0 364.0 375.0 317.0 315.0 346.0 344.0 366.0 369.0 353.0 587.0 353.0 330.0 333.0 342.0 317.0 324.0 329.0 369.0 318.0 312.0 374.0 310.0 332.0 352.0 360.0 386.0 347.0 336.0 335.0 340.0 346.0 337.0 375.0 328.0 327.0 320.0 372.0 317.0 301.0 334.0 316.0 291.0 311.0 347.0 327.0 326.0 399.0 378.0 383.0 342.0 348.0 334.0 325.0 389.0 335.0 324.0 377.0 374.0 338.0 333.0 338.0 358.0 371.0 372.0 370.0 379.0 352.0 385.0 363.0 355.0 345.0 349.0 325.0 325.0 330.0 383.0 395.0 341.0 341.0 383.0 387.0 307.0 335.0 353.0 321.0 320.0 384.0 363.0 379.0 313.0 313.0 360.0 367.0 384.0 422.0 347.0 321.0 324.0 309.0 381.0 356.0 360.0 352.0 369.0 382.0 360.0 352.0 370.0 365.0 381.0 370.0 402.0 377.0 332.0 314.0 328.0 331.0 333.0 325.0 316.0 328.0 391.0 372.0 337.0 330.0 378.0 344.0 328.0 315.0 348.0 311.0 322.0 363.0 363.0 369.0 385.0 386.0 340.0 312.0 377.0 368.0 359.0 337.0 409.0 367.0 316.0 340.0 391.0 388.0 388.0 338.0 357.0 410.0 377.0 377.0 307.0 302.0 379.0 383.0 387.0 369.0 375.0 375.0 375.0 339.0 348.0 353.0 381.0 371.0 390.0 390.0 390.0 390.0 377.0 377.0 377.0 377.0 377.0 377.0 377.0 372.0 373.0 373.0 389.0 360.20557491289196 32.08036625229841
20 8.0 8.0 8.0 8.0 8.0 8.0 8.0 8.0 8.0 8.0 8.0 8.0 8.0 8.0 8.0 8.0 8.0 8.0 8.0 8.0 8.0 8.0 8.0 8.0 8.0 8.0 7.0 7.0 7.0 7.0 7.0 7.0 7.0 7.0 7.0 7.0 7.0 7.0 7.0 7.0 7.0 7.0 7.0 7.0 7.0 7.0 7.0 7.0 7.0 7.0 8.0 9.0 9.0 9.0 9.0 9.0 9.0 9.0 9.0 9.0 9.0 9.0 9.0 9.0 9.0 9.0 9.0 9.0 9.0 9.0 9.0 9.0 7.0 7.0 7.0 7.0 7.0 7.0 7.0 7.0 7.0 9.0 8.0 8.0 7.0 7.0 7.0 7.0 7.0 8.0 8.0 7.0 7.0 7.0 7.0 7.0 7.0 7.0 8.0 8.0 8.0 8.0 8.0 8.0 8.0 8.0 7.0 7.0 7.0 7.0 7.0 7.0 8.0 7.0 7.0 7.0 7.0 8.0 7.0 8.0 8.0 8.0 7.0 7.0 7.0 6.0 8.0 7.0 7.0 8.0 7.0 8.0 7.0 7.0 7.0 8.0 8.0 7.0 7.0 9.0 9.0 7.0 8.0 8.0 6.0 6.0 6.0 8.0 7.0 7.0 8.0 8.0 8.0 7.0 8.0 6.0 8.0 8.0 7.0 7.0 8.0 8.0 8.0 8.0 8.0 8.0 8.0 8.0 8.0 8.0 8.0 8.0 8.0 8.0 8.0 8.0 6.0 7.0 7.0 8.0 8.0 8.0 8.0 8.0 8.0 7.0 7.0 7.0 7.0 7.0 8.0 8.0 8.0 7.0 7.0 8.0 9.0 8.0 8.0 7.0 7.0 6.0 6.0 6.0 8.0 8.0 8.0 8.0 9.0 7.0 7.0 7.0 7.0 7.0 7.0 7.0 7.0 7.0 7.0 7.0 7.0 7.0 7.0 7.0 7.0 7.0 7.0 7.0 7.0 7.0 7.0 7.0 7.0 7.0 7.0 7.0 7.0 7.0 8.0 8.0 8.0 8.0 8.0 8.0 8.0 8.0 8.0 8.0 8.0 7.0 7.0 7.0 9.0 9.0 9.0 9.0 8.0 8.0 8.0 7.0 7.0 7.0 7.0 7.0 7.0 7.0 7.0 7.0 7.0 7.0 8.0 8.0 8.0 8.0 8.0 8.0 8.0 8.0 8.0 8.0 8.0 8.0 8.0 8.0 8.0 8.0 8.0 7.599303135888502 0.7167327300945124
21 209.0 200.0 195.0 186.0 200.0 190.0 187.0 189.0 200.0 210.0 199.0 200.0 200.0 200.0 200.0 191.0 189.0 206.0 189.0 195.0 195.0 197.0 199.0 199.0 199.0 198.0 169.0 172.0 172.0 176.0 195.0 200.0 208.0 205.0 205.0 205.0 191.0 191.0 195.0 197.0 197.0 197.0 205.0 186.0 186.0 199.0 199.0 205.0 205.0 213.0 221.0 204.0 199.0 200.0 196.0 196.0 205.0 199.0 199.0 181.0 191.0 201.0 199.0 200.0 200.0 194.0 199.0 189.0 194.0 186.0 199.0 191.0 185.0 190.0 197.0 197.0 176.0 190.0 197.0 192.0 199.0 196.0 205.0 189.0 162.0 167.0 193.0 176.0 178.0 189.0 184.0 180.0 181.0 170.0 155.0 161.0 170.0 174.0 190.0 205.0 188.0 197.0 185.0 187.0 199.0 213.0 164.0 164.0 188.0 189.0 199.0 196.0 175.0 195.0 181.0 179.0 182.0 182.0 171.0 171.0 195.0 194.0 166.0 175.0 198.0 180.0 187.0 188.0 189.0 201.0 183.0 178.0 176.0 200.0 178.0 190.0 196.0 165.0 175.0 169.0 207.0 160.0 197.0 175.0 159.0 159.0 186.0 186.0 183.0 165.0 195.0 176.0 182.0 182.0 180.0 173.0 176.0 206.0 177.0 171.0 198.0 201.0 186.0 186.0 190.0 190.0 190.0 195.0 199.0 200.0 180.0 203.0 203.0 194.0 183.0 210.0 166.0 175.0 179.0 199.0 202.0 182.0 197.0 196.0 205.0 169.0 192.0 191.0 172.0 168.0 194.0 198.0 209.0 162.0 205.0 187.0 193.0 196.0 202.0 178.0 174.0 157.0 194.0 200.0 188.0 187.0 182.0 182.0 195.0 180.0 179.0 191.0 186.0 200.0 192.0 197.0 215.0 215.0 171.0 210.0 210.0 179.0 185.0 197.0 205.0 206.0 195.0 168.0 168.0 199.0 186.0 199.0 164.0 183.0 171.0 196.0 195.0 195.0 197.0 200.0 205.0 173.0 177.0 177.0 195.0 189.0 182.0 188.0 188.0 168.0 203.0 207.0 207.0 260.0 260.0 205.0 202.0 209.0 209.0 158.0 161.0 205.0 203.0 201.0 198.0 197.0 197.0 197.0 184.0 189.0 191.0 184.0 205.0 228.0 228.0 228.0 190.0 190.0 190.0 190.0 190.0 190.0 190.0 190.0 197.0 195.0 195.0 190.77351916376307 14.576813510422586
22 120.0 120.0 120.0 127.0 117.0 120.0 119.0 122.0 127.0 119.0 119.0 123.0 123.0 114.0 114.0 114.0 115.0 115.0 101.0 122.0 127.0 127.0 121.0 121.0 121.0 121.0 126.0 106.0 106.0 106.0 106.0 120.0 123.0 127.0 126.0 126.0 126.0 126.0 126.0 117.0 122.0 122.0 126.0 116.0 115.0 115.0 115.0 123.0 126.0 126.0 118.0 127.0 124.0 122.0 122.0 122.0 122.0 126.0 123.0 123.0 123.0 118.0 118.0 118.0 125.0 110.0 122.0 123.0 117.0 122.0 120.0 121.0 121.0 121.0 124.0 124.0 112.0 115.0 120.0 120.0 120.0 120.0 120.0 120.0 120.0 101.0 133.0 119.0 99.0 99.0 116.0 117.0 107.0 112.0 110.0 126.0 122.0 104.0 121.0 115.0 122.0 120.0 125.0 110.0 117.0 126.0 102.0 111.0 122.0 119.0 119.0 120.0 120.0 112.0 115.0 120.0 116.0 109.0 110.0 105.0 122.0 122.0 117.0 107.0 117.0 120.0 112.0 113.0 112.0 121.0 121.0 109.0 108.0 108.0 122.0 105.0 119.0 119.0 109.0 102.0 126.0 104.0 104.0 121.0 101.0 110.0 109.0 120.0 112.0 99.0 120.0 120.0 108.0 129.0 136.0 120.0 108.0 111.0 124.0 106.0 112.0 125.0 121.0 121.0 121.0 115.0 121.0 120.0 122.0 126.0 118.0 118.0 126.0 124.0 122.0 121.0 118.0 124.0 119.0 117.0 124.0 134.0 125.0 120.0 120.0 138.0 126.0 114.0 117.0 99.0 99.0 117.0 117.0 98.0 100.0 123.0 112.0 126.0 126.0 117.0 103.0 118.0 117.0 125.0 125.0 111.0 111.0 111.0 111.0 111.0 109.0 121.0 111.0 119.0 112.0 127.0 127.0 107.0 91.0 127.0 127.0 127.0 105.0 114.0 122.0 128.0 122.0 122.0 122.0 114.0 120.0 104.0 102.0 102.0 112.0 126.0 119.0 119.0 114.0 120.0 126.0 122.0 118.0 118.0 120.0 117.0 117.0 117.0 105.0 104.0 116.0 127.0 127.0 108.0 108.0 108.0 109.0 112.0 112.0 112.0 112.0 112.0 125.0 126.0 218.0 120.0 120.0 120.0 120.0 112.0 113.0 125.0 118.0 118.0 118.0 118.0 118.0 118.0 118.0 118.0 117.0 117.0 117.0 117.0 120.0 121.0 121.0 117.7595818815331 9.575685107558156
23 260.0 261.0 231.0 231.0 234.0 243.0 227.0 217.0 221.0 234.0 249.0 266.0 234.0 216.0 216.0 216.0 219.0 222.0 222.0 210.0 236.0 238.0 231.0 272.0 246.0 246.0 233.0 240.0 209.0 209.0 207.0 224.0 232.0 236.0 241.0 241.0 233.0 242.0 388.0 229.0 231.0 230.0 230.0 241.0 218.0 240.0 233.0 233.0 240.0 240.0 227.0 225.0 248.0 235.0 261.0 232.0 232.0 241.0 234.0 235.0 235.0 216.0 250.0 233.0 237.0 229.0 217.0 236.0 236.0 229.0 214.0 231.0 231.0 231.0 243.0 238.0 238.0 218.0 238.0 231.0 230.0 229.0 231.0 230.0 231.0 195.0 209.0 251.0 199.0 209.0 209.0 218.0 216.0 213.0 225.0 225.0 234.0 193.0 214.0 233.0 232.0 221.0 243.0 210.0 222.0 228.0 242.0 198.0 202.0 231.0 229.0 227.0 230.0 229.0 331.0 231.0 235.0 204.0 210.0 204.0 203.0 235.0 217.0 202.0 209.0 230.0 224.0 215.0 217.0 227.0 230.0 205.0 207.0 213.0 223.0 204.0 229.0 225.0 200.0 200.0 199.0 219.0 201.0 233.0 206.0 189.0 194.0 202.0 220.0 199.0 224.0 231.0 207.0 210.0 229.0 260.0 216.0 206.0 238.0 206.0 201.0 232.0 210.0 236.0 236.0 247.0 228.0 230.0 228.0 237.0 241.0 224.0 238.0 239.0 233.0 230.0 237.0 254.0 226.0 221.0 231.0 233.0 214.0 231.0 230.0 238.0 254.0 230.0 224.0 192.0 222.0 229.0 219.0 219.0 189.0 189.0 221.0 222.0 224.0 205.0 199.0 203.0 234.0 225.0 239.0 218.0 245.0 245.0 258.0 245.0 223.0 220.0 230.0 212.0 228.0 234.0 238.0 238.0 222.0 195.0 243.0 246.0 202.0 201.0 214.0 232.0 232.0 231.0 190.0 202.0 221.0 217.0 194.0 198.0 215.0 225.0 230.0 233.0 209.0 229.0 239.0 238.0 238.0 238.0 238.0 229.0 226.0 218.0 202.0 190.0 195.0 240.0 240.0 240.0 207.0 207.0 215.0 204.0 226.0 226.0 226.0 229.0 229.0 240.0 244.0 229.0 232.0 232.0 240.0 240.0 223.0 228.0 213.0 224.0 224.0 224.0 224.0 222.0 222.0 222.0 222.0 323.0 323.0 323.0 235.0 231.0 229.0 227.26132404181186 21.387647625862364
24 55.0 51.0 48.0 48.0 44.0 38.0 40.0 38.0 38.0 38.0 47.0 56.0 42.0 42.0 38.0 54.0 54.0 54.0 54.0 54.0 41.0 42.0 42.0 43.0 42.0 42.0 42.0 44.0 44.0 44.0 54.0 54.0 54.0 54.0 54.0 45.0 45.0 45.0 49.0 49.0 41.0 40.0 40.0 43.0 42.0 42.0 42.0 40.0 40.0 42.0 42.0 45.0 45.0 43.0 50.0 50.0 40.0 40.0 40.0 45.0 45.0 45.0 45.0 45.0 45.0 43.0 43.0 40.0 45.0 45.0 42.0 42.0 40.0 40.0 39.0 44.0 42.0 42.0 42.0 75.0 43.0 38.0 45.0 45.0 46.0 46.0 36.0 36.0 41.0 34.0 42.0 34.0 41.0 37.0 41.0 50.0 50.0 42.0 40.0 44.0 44.0 50.0 50.0 46.0 39.0 39.0 39.0 42.0 40.0 45.0 54.0 45.0 50.0 38.0 42.0 52.0 41.0 46.0 38.0 38.0 36.0 41.0 40.0 38.0 38.0 38.0 43.0 38.0 38.0 41.0 41.0 42.0 37.0 38.0 54.0 42.0 42.0 42.0 49.0 49.0 35.0 41.0 60.0 60.0 47.0 40.0 41.0 36.0 69.0 69.0 41.0 40.0 45.0 36.0 48.0 45.0 41.0 37.0 41.0 48.0 36.0 45.0 43.0 42.0 40.0 40.0 42.0 42.0 44.0 43.0 41.0 42.0 42.0 58.0 58.0 51.0 40.0 44.0 48.0 39.0 42.0 42.0 42.0 42.0 42.0 40.0 47.0 73.0 40.0 40.0 39.0 39.0 39.0 39.0 35.0 42.0 44.0 36.0 54.0 36.0 40.0 39.0 41.0 51.0 42.0 42.0 48.0 42.0 42.0 37.0 41.0 37.0 37.0 37.0 37.0 52.0 52.0 52.0 38.0 40.0 44.0 44.0 44.0 35.0 35.0 35.0 41.0 42.0 42.0 37.0 40.0 40.0 52.0 52.0 52.0 52.0 41.0 37.0 37.0 43.0 43.0 43.0 43.0 43.0 43.0 42.0 39.0 39.0 39.0 39.0 38.0 38.0 50.0 50.0 37.0 37.0 37.0 42.0 38.0 38.0 48.0 48.0 48.0 42.0 48.0 48.0 42.0 42.0 42.0 42.0 42.0 42.0 43.0 38.0 38.0 38.0 38.0 38.0 38.0 38.0 38.0 45.0 45.0 45.0 45.0 45.0 40.0 43.37282229965156 6.122042032698762
25 135.0 129.0 123.0 124.0 134.0 128.0 123.0 118.0 115.0 115.0 118.0 117.0 123.0 123.0 119.0 119.0 128.0 115.0 115.0 115.0 114.0 127.0 121.0 128.0 130.0 128.0 128.0 128.0 128.0 128.0 145.0 148.0 128.0 124.0 124.0 127.0 127.0 127.0 131.0 131.0 121.0 123.0 123.0 123.0 127.0 115.0 115.0 115.0 115.0 127.0 127.0 122.0 128.0 128.0 123.0 123.0 121.0 121.0 128.0 124.0 123.0 123.0 122.0 127.0 127.0 125.0 114.0 122.0 126.0 112.0 124.0 124.0 123.0 123.0 115.0 127.0 126.0 126.0 118.0 119.0 121.0 108.0 121.0 120.0 131.0 118.0 111.0 120.0 123.0 104.0 128.0 119.0 116.0 109.0 122.0 129.0 129.0 112.0 105.0 109.0 123.0 124.0 122.0 124.0 110.0 122.0 127.0 122.0 108.0 114.0 123.0 121.0 122.0 122.0 113.0 137.0 131.0 139.0 109.0 112.0 107.0 113.0 123.0 116.0 104.0 121.0 120.0 107.0 113.0 116.0 122.0 123.0 111.0 109.0 130.0 121.0 126.0 126.0 122.0 122.0 104.0 122.0 124.0 124.0 122.0 122.0 111.0 105.0 122.0 117.0 112.0 128.0 123.0 109.0 122.0 121.0 121.0 103.0 112.0 127.0 107.0 107.0 131.0 125.0 124.0 124.0 120.0 126.0 121.0 127.0 128.0 121.0 122.0 127.0 126.0 126.0 126.0 115.0 128.0 116.0 121.0 121.0 122.0 132.0 121.0 121.0 143.0 130.0 123.0 123.0 114.0 114.0 112.0 118.0 104.0 105.0 112.0 112.0 126.0 113.0 120.0 110.0 118.0 125.0 129.0 129.0 127.0 135.0 135.0 112.0 115.0 108.0 122.0 118.0 115.0 123.0 127.0 127.0 127.0 127.0 111.0 122.0 127.0 106.0 115.0 121.0 123.0 127.0 143.0 107.0 107.0 128.0 125.0 107.0 107.0 113.0 117.0 110.0 110.0 118.0 120.0 120.0 120.0 120.0 120.0 120.0 121.0 118.0 115.0 108.0 106.0 103.0 130.0 127.0 127.0 127.0 127.0 116.0 110.0 123.0 117.0 117.0 123.0 119.0 129.0 129.0 120.0 123.0 123.0 123.0 123.0 123.0 128.0 118.0 118.0 118.0 118.0 121.0 121.0 119.0 119.0 114.0 114.0 114.0 114.0 114.0 123.0 120.67247386759581 7.6536047870400825
26 275.0 275.0 221.0 214.0 207.0 221.0 220.0 207.0 196.0 199.0 215.0 203.0 218.0 211.0 211.0 245.0 218.0 198.0 200.0 200.0 194.0 204.0 215.0 207.0 214.0 225.0 225.0 204.0 218.0 189.0 189.0 218.0 218.0 209.0 216.0 217.0 221.0 221.0 224.0 222.0 222.0 209.0 210.0 210.0 218.0 207.0 207.0 440.0 207.0 219.0 219.0 219.0 207.0 219.0 218.0 213.0 212.0 213.0 218.0 220.0 224.0 224.0 198.0 209.0 209.0 214.0 215.0 189.0 212.0 205.0 212.0 218.0 218.0 212.0 180.0 194.0 216.0 216.0 187.0 214.0 208.0 221.0 195.0 214.0 213.0 225.0 193.0 193.0 216.0 180.0 199.0 212.0 203.0 186.0 191.0 215.0 235.0 212.0 184.0 190.0 211.0 208.0 205.0 210.0 189.0 203.0 208.0 224.0 183.0 184.0 209.0 205.0 201.0 209.0 189.0 198.0 286.0 310.0 188.0 194.0 208.0 184.0 215.0 201.0 191.0 409.0 207.0 188.0 190.0 193.0 199.0 215.0 192.0 187.0 220.0 214.0 212.0 221.0 205.0 209.0 172.0 188.0 211.0 235.0 203.0 221.0 181.0 192.0 189.0 211.0 185.0 197.0 207.0 190.0 208.0 221.0 218.0 185.0 183.0 223.0 186.0 182.0 213.0 224.0 219.0 211.0 211.0 216.0 208.0 210.0 210.0 217.0 207.0 210.0 219.0 210.0 222.0 200.0 198.0 206.0 194.0 211.0 211.0 200.0 200.0 207.0 216.0 245.0 223.0 219.0 201.0 198.0 195.0 205.0 299.0 179.0 186.0 197.0 195.0 217.0 195.0 201.0 207.0 208.0 211.0 214.0 207.0 263.0 263.0 263.0 194.0 235.0 211.0 208.0 210.0 205.0 220.0 224.0 224.0 198.0 198.0 225.0 234.0 188.0 182.0 199.0 210.0 216.0 205.0 201.0 185.0 211.0 213.0 215.0 180.0 194.0 287.0 188.0 207.0 198.0 202.0 209.0 213.0 207.0 207.0 207.0 207.0 207.0 207.0 185.0 185.0 175.0 206.0 214.0 214.0 214.0 214.0 197.0 184.0 181.0 181.0 181.0 181.0 181.0 215.0 219.0 219.0 204.0 204.0 220.0 220.0 220.0 218.0 204.0 207.0 207.0 207.0 207.0 211.0 211.0 211.0 190.0 200.0 200.0 299.0 299.0 260.0 210.94425087108013 26.953281778850805
27 683.0 619.0 619.0 636.0 636.0 636.0 649.0 630.0 613.0 591.0 588.0 651.0 685.0 644.0 613.0 613.0 646.0 588.0 591.0 652.0 634.0 633.0 637.0 634.0 592.0 576.0 672.0 635.0 627.0 597.0 576.0 535.0 535.0 577.0 658.0 620.0 624.0 640.0 651.0 644.0 662.0 647.0 636.0 628.0 640.0 632.0 632.0 670.0 644.0 613.0 637.0 646.0 715.0 620.0 622.0 618.0 696.0 627.0 666.0 635.0 635.0 612.0 890.0 661.0 612.0 775.0 669.0 637.0 592.0 614.0 617.0 607.0 606.0 606.0 616.0 582.0 575.0 600.0 661.0 610.0 580.0 601.0 611.0 723.0 622.0 632.0 630.0 573.0 541.0 597.0 615.0 557.0 620.0 579.0 551.0 558.0 613.0 621.0 583.0 593.0 554.0 563.0 609.0 601.0 591.0 559.0 524.0 628.0 639.0 549.0 540.0 560.0 613.0 608.0 626.0 596.0 574.0 671.0 592.0 570.0 561.0 594.0 567.0 560.0 554.0 608.0 614.0 614.0 588.0 625.0 578.0 596.0 602.0 568.0 554.0 568.0 623.0 631.0 640.0 580.0 579.0 536.0 517.0 588.0 680.0 661.0 595.0 592.0 540.0 551.0 583.0 552.0 541.0 631.0 620.0 554.0 541.0 575.0 535.0 541.0 596.0 575.0 533.0 535.0 533.0 638.0 636.0 621.0 594.0 609.0 619.0 613.0 622.0 609.0 587.0 621.0 632.0 629.0 619.0 626.0 604.0 587.0 548.0 540.0 617.0 615.0 589.0 577.0 619.0 668.0 634.0 578.0 594.0 609.0 592.0 545.0 531.0 542.0 590.0 622.0 625.0 579.0 590.0 580.0 604.0 652.0 850.0 618.0 788.0 795.0 753.0 753.0 640.0 613.0 629.0 640.0 628.0 644.0 633.0 565.0 582.0 582.0 598.0 596.0 549.0 545.0 542.0 619.0 619.0 527.0 549.0 557.0 611.0 622.0 639.0 599.0 638.0 596.0 561.0 560.0 649.0 580.0 567.0 616.0 616.0 616.0 31902.0 591.0 594.0 597.0 682.0 566.0 525.0 540.0 644.0 660.0 646.0 644.0 594.0 505.0 492.0 617.0 617.0 613.0 602.0 640.0 637.0 612.0 595.0 608.0 589.0 668.0 668.0 624.0 613.0 538.0 529.0 582.0 531.0 537.0 605.0 613.0 523.0 513.0 563.0 544.0 569.0 716.1707317073173 1847.9715080392848
28 7.0 7.0 7.0 7.0 7.0 7.0 7.0 7.0 7.0 7.0 7.0 7.0 7.0 7.0 7.0 7.0 7.0 7.0 7.0 7.0 7.0 7.0 7.0 7.0 7.0 7.0 7.0 7.0 7.0 7.0 7.0 7.0 7.0 7.0 7.0 7.0 7.0 7.0 7.0 7.0 7.0 7.0 7.0 7.0 7.0 7.0 7.0 7.0 7.0 7.0 7.0 7.0 7.0 7.0 7.0 7.0 7.0 7.0 7.0 7.0 7.0 7.0 7.0 7.0 7.0 7.0 7.0 7.0 7.0 7.0 7.0 7.0 7.0 7.0 7.0 7.0 7.0 7.0 7.0 7.0 7.0 7.0 7.0 7.0 7.0 7.0 7.0 7.0 7.0 6.0 6.0 6.0 6.0 6.0 6.0 6.0 7.0 7.0 7.0 7.0 7.0 7.0 7.0 7.0 7.0 7.0 7.0 7.0 7.0 8.0 8.0 7.0 7.0 7.0 7.0 7.0 7.0 7.0 7.0 6.0 6.0 6.0 6.0 6.0 7.0 7.0 7.0 8.0 8.0 8.0 8.0 8.0 7.0 7.0 7.0 7.0 7.0 7.0 7.0 7.0 7.0 7.0 7.0 7.0 7.0 9.0 9.0 9.0 9.0 9.0 6.0 6.0 6.0 6.0 6.0 6.0 6.0 6.0 6.0 6.0 7.0 7.0 7.0 7.0 6.0 6.0 6.0 6.0 6.0 6.0 6.0 6.0 6.0 6.0 6.0 6.0 6.0 6.0 6.0 6.0 6.0 6.0 7.0 7.0 7.0 7.0 7.0 7.0 7.0 7.0 7.0 7.0 7.0 7.0 7.0 7.0 8.0 6.0 6.0 6.0 6.0 6.0 8.0 8.0 8.0 8.0 8.0 8.0 8.0 8.0 8.0 8.0 8.0 8.0 8.0 8.0 8.0 8.0 7.0 7.0 7.0 7.0 7.0 7.0 7.0 7.0 7.0 7.0 7.0 7.0 7.0 7.0 7.0 7.0 7.0 7.0 7.0 7.0 7.0 7.0 7.0 7.0 7.0 7.0 7.0 7.0 7.0 7.0 7.0 7.0 7.0 7.0 7.0 7.0 7.0 7.0 7.0 7.0 7.0 7.0 6.0 6.0 6.0 6.0 6.0 6.0 6.0 6.0 6.0 6.0 6.0 6.0 6.0 6.0 6.0 6.0 6.0 6.0 6.0 7.0 7.0 7.0 7.0 7.0 6.0 6.0 7.0 6.888501742160279 0.6100328311385268
29 173.0 187.0 194.0 187.0 186.0 194.0 193.0 193.0 192.0 195.0 181.0 177.0 177.0 195.0 195.0 197.0 197.0 197.0 178.0 196.0 196.0 196.0 196.0 194.0 191.0 191.0 174.0 174.0 189.0 195.0 195.0 196.0 161.0 161.0 161.0 184.0 183.0 189.0 196.0 195.0 195.0 201.0 201.0 186.0 193.0 186.0 186.0 190.0 188.0 195.0 195.0 195.0 195.0 195.0 188.0 175.0 196.0 190.0 190.0 188.0 188.0 191.0 190.0 186.0 190.0 174.0 185.0 196.0 195.0 179.0 181.0 191.0 176.0 186.0 186.0 186.0 190.0 166.0 191.0 192.0 197.0 168.0 187.0 183.0 182.0 187.0 190.0 189.0 207.0 153.0 191.0 179.0 171.0 195.0 186.0 173.0 164.0 191.0 184.0 186.0 185.0 163.0 175.0 189.0 186.0 174.0 158.0 159.0 182.0 192.0 195.0 164.0 164.0 187.0 181.0 190.0 190.0 190.0 191.0 206.0 179.0 193.0 171.0 193.0 165.0 169.0 184.0 187.0 191.0 186.0 169.0 182.0 175.0 188.0 180.0 172.0 166.0 190.0 183.0 196.0 173.0 183.0 186.0 159.0 159.0 202.0 198.0 173.0 184.0 180.0 169.0 188.0 183.0 164.0 188.0 189.0 191.0 166.0 195.0 180.0 153.0 173.0 173.0 165.0 155.0 164.0 187.0 193.0 193.0 181.0 186.0 185.0 187.0 195.0 192.0 183.0 191.0 196.0 189.0 182.0 187.0 196.0 178.0 168.0 169.0 184.0 184.0 193.0 174.0 186.0 217.0 193.0 192.0 179.0 183.0 175.0 175.0 158.0 182.0 168.0 172.0 190.0 176.0 180.0 176.0 175.0 190.0 187.0 197.0 182.0 246.0 191.0 191.0 191.0 167.0 190.0 181.0 192.0 182.0 182.0 201.0 201.0 201.0 181.0 180.0 195.0 167.0 183.0 183.0 188.0 193.0 178.0 168.0 196.0 184.0 178.0 186.0 186.0 180.0 189.0 187.0 186.0 170.0 189.0 190.0 190.0 148.0 148.0 148.0 182.0 182.0 177.0 160.0 170.0 172.0 197.0 198.0 197.0 195.0 171.0 153.0 161.0 187.0 187.0 187.0 182.0 182.0 196.0 195.0 182.0 186.0 186.0 186.0 186.0 186.0 196.0 159.0 161.0 161.0 162.0 182.0 182.0 186.0 186.0 154.0 186.0 162.0 183.47386759581883 12.477609878342646
30 339.0 329.0 354.0 365.0 351.0 351.0 364.0 354.0 380.0 359.0 355.0 338.0 332.0 326.0 366.0 363.0 369.0 369.0 337.0 348.0 367.0 353.0 365.0 369.0 359.0 359.0 343.0 329.0 353.0 354.0 356.0 367.0 328.0 301.0 318.0 344.0 343.0 347.0 357.0 366.0 362.0 362.0 380.0 377.0 343.0 359.0 358.0 338.0 354.0 358.0 372.0 358.0 358.0 368.0 367.0 350.0 330.0 363.0 356.0 355.0 355.0 358.0 358.0 354.0 348.0 355.0 338.0 357.0 364.0 369.0 343.0 344.0 349.0 338.0 349.0 361.0 361.0 346.0 335.0 343.0 341.0 343.0 322.0 346.0 350.0 341.0 354.0 345.0 337.0 313.0 303.0 357.0 304.0 328.0 369.0 350.0 303.0 307.0 351.0 345.0 349.0 331.0 309.0 344.0 350.0 344.0 346.0 307.0 309.0 350.0 358.0 313.0 308.0 359.0 351.0 341.0 375.0 356.0 470.0 399.0 347.0 347.0 362.0 360.0 315.0 311.0 315.0 339.0 364.0 365.0 343.0 321.0 336.0 334.0 344.0 323.0 315.0 309.0 345.0 341.0 369.0 343.0 345.0 306.0 302.0 323.0 293.0 281.0 331.0 351.0 344.0 337.0 351.0 314.0 295.0 351.0 350.0 323.0 310.0 375.0 322.0 322.0 325.0 314.0 312.0 309.0 328.0 358.0 369.0 369.0 340.0 351.0 349.0 350.0 319.0 338.0 317.0 351.0 363.0 353.0 315.0 308.0 348.0 338.0 307.0 309.0 345.0 357.0 363.0 356.0 337.0 400.0 364.0 391.0 342.0 341.0 343.0 328.0 338.0 327.0 329.0 342.0 358.0 326.0 335.0 343.0 351.0 348.0 334.0 296.0 316.0 523.0 325.0 325.0 312.0 349.0 348.0 357.0 350.0 354.0 369.0 380.0 335.0 335.0 337.0 339.0 310.0 308.0 348.0 358.0 355.0 354.0 316.0 306.0 331.0 340.0 347.0 345.0 380.0 341.0 353.0 355.0 330.0 321.0 357.0 348.0 330.0 326.0 326.0 326.0 350.0 339.0 316.0 324.0 307.0 320.0 366.0 367.0 368.0 367.0 367.0 351.0 357.0 353.0 313.0 313.0 341.0 365.0 368.0 365.0 356.0 346.0 346.0 365.0 365.0 365.0 338.0 310.0 314.0 303.0 300.0 341.0 344.0 358.0 300.0 299.0 303.0 343.34843205574913 24.682682471046807
31 551.0 553.0 588.0 560.0 572.0 581.0 558.0 581.0 577.0 625.0 581.0 590.0 551.0 533.0 533.0 574.0 584.0 578.0 590.0 558.0 554.0 547.0 584.0 582.0 588.0 578.0 575.0 557.0 537.0 536.0 569.0 571.0 578.0 517.0 497.0 505.0 510.0 510.0 557.0 569.0 577.0 589.0 582.0 597.0 605.0 585.0 568.0 575.0 581.0 540.0 576.0 578.0 579.0 775.0 591.0 588.0 560.0 538.0 556.0 574.0 574.0 571.0 563.0 570.0 558.0 563.0 555.0 548.0 565.0 572.0 588.0 570.0 550.0 564.0 555.0 551.0 557.0 541.0 555.0 546.0 529.0 651.0 535.0 539.0 552.0 558.0 556.0 556.0 547.0 557.0 494.0 492.0 576.0 496.0 500.0 575.0 578.0 499.0 498.0 557.0 573.0 563.0 582.0 496.0 508.0 546.0 556.0 535.0 501.0 490.0 534.0 592.0 503.0 496.0 515.0 564.0 563.0 577.0 567.0 570.0 555.0 596.0 704.0 561.0 485.0 517.0 503.0 500.0 558.0 565.0 548.0 575.0 508.0 512.0 522.0 546.0 508.0 505.0 504.0 556.0 534.0 583.0 545.0 491.0 494.0 481.0 488.0 456.0 466.0 593.0 563.0 549.0 547.0 551.0 564.0 515.0 539.0 557.0 546.0 505.0 533.0 538.0 514.0 520.0 501.0 496.0 498.0 503.0 563.0 565.0 608.0 555.0 551.0 557.0 565.0 570.0 533.0 507.0 536.0 599.0 577.0 530.0 504.0 510.0 533.0 519.0 495.0 564.0 557.0 565.0 565.0 560.0 599.0 588.0 579.0 554.0 544.0 565.0 526.0 537.0 528.0 546.0 544.0 577.0 533.0 532.0 547.0 550.0 564.0 546.0 609.0 556.0 518.0 521.0 581.0 501.0 536.0 568.0 577.0 562.0 566.0 572.0 584.0 615.0 543.0 540.0 532.0 534.0 490.0 493.0 557.0 564.0 571.0 505.0 480.0 525.0 547.0 526.0 551.0 537.0 530.0 535.0 554.0 583.0 552.0 562.0 575.0 575.0 575.0 548.0 548.0 539.0 547.0 514.0 493.0 493.0 498.0 572.0 588.0 589.0 588.0 590.0 574.0 574.0 562.0 567.0 567.0 558.0 553.0 584.0 584.0 565.0 556.0 555.0 555.0 593.0 593.0 597.0 473.0 496.0 486.0 496.0 482.0 548.0 548.0 504.0 526.0 550.1567944250871 36.12594249506706
32 182.0 182.0 213.0 194.0 194.0 199.0 210.0 199.0 201.0 213.0 208.0 177.0 202.0 199.0 186.0 201.0 201.0 205.0 209.0 209.0 209.0 188.0 192.0 208.0 194.0 229.0 229.0 204.0 205.0 193.0 193.0 192.0 200.0 199.0 199.0 199.0 199.0 179.0 179.0 194.0 198.0 201.0 262.0 262.0 262.0 214.0 214.0 185.0 208.0 208.0 208.0 198.0 210.0 209.0 195.0 195.0 209.0 209.0 190.0 197.0 219.0 208.0 207.0 200.0 203.0 195.0 201.0 201.0 199.0 239.0 203.0 205.0 204.0 193.0 197.0 194.0 190.0 196.0 211.0 204.0 196.0 196.0 194.0 205.0 192.0 190.0 183.0 191.0 229.0 199.0 202.0 195.0 181.0 197.0 174.0 176.0 199.0 182.0 220.0 184.0 210.0 199.0 210.0 202.0 175.0 183.0 200.0 195.0 187.0 179.0 175.0 209.0 197.0 199.0 194.0 196.0 223.0 216.0 201.0 203.0 204.0 189.0 215.0 225.0 173.0 212.0 191.0 178.0 170.0 199.0 189.0 198.0 217.0 180.0 199.0 185.0 194.0 196.0 174.0 180.0 201.0 186.0 192.0 212.0 188.0 198.0 171.0 167.0 170.0 158.0 316.0 214.0 199.0 195.0 189.0 205.0 187.0 189.0 208.0 195.0 188.0 184.0 179.0 174.0 198.0 180.0 177.0 187.0 233.0 197.0 201.0 212.0 198.0 192.0 200.0 205.0 200.0 206.0 182.0 199.0 199.0 203.0 264.0 177.0 220.0 193.0 202.0 169.0 206.0 191.0 204.0 245.0 201.0 163.0 179.0 206.0 196.0 199.0 184.0 190.0 201.0 187.0 183.0 183.0 209.0 197.0 195.0 199.0 189.0 198.0 198.0 210.0 182.0 175.0 206.0 208.0 208.0 177.0 197.0 205.0 205.0 190.0 209.0 207.0 211.0 190.0 190.0 192.0 208.0 174.0 177.0 198.0 199.0 201.0 200.0 172.0 191.0 200.0 187.0 188.0 173.0 187.0 187.0 203.0 198.0 183.0 208.0 200.0 200.0 200.0 200.0 200.0 200.0 193.0 208.0 174.0 175.0 180.0 180.0 213.0 209.0 210.0 209.0 209.0 208.0 204.0 198.0 198.0 198.0 198.0 198.0 202.0 208.0 192.0 192.0 192.0 192.0 192.0 192.0 198.0 194.0 194.0 171.0 171.0 194.0 192.0 194.0 197.794425087108 16.588064531330723
33 123.0 123.0 116.0 125.0 113.0 113.0 126.0 123.0 123.0 128.0 132.0 132.0 116.0 127.0 119.0 117.0 117.0 117.0 127.0 127.0 114.0 114.0 122.0 128.0 131.0 130.0 129.0 128.0 126.0 122.0 129.0 129.0 118.0 129.0 129.0 127.0 127.0 127.0 175.0 175.0 122.0 127.0 150.0 124.0 144.0 144.0 131.0 131.0 120.0 128.0 128.0 128.0 125.0 125.0 126.0 126.0 126.0 129.0 122.0 118.0 118.0 128.0 125.0 126.0 126.0 126.0 125.0 121.0 122.0 123.0 123.0 127.0 127.0 125.0 116.0 121.0 117.0 122.0 122.0 129.0 122.0 114.0 122.0 122.0 113.0 126.0 126.0 119.0 161.0 128.0 125.0 125.0 126.0 131.0 117.0 104.0 112.0 111.0 126.0 114.0 113.0 129.0 125.0 130.0 120.0 110.0 118.0 121.0 120.0 115.0 115.0 115.0 129.0 128.0 140.0 123.0 123.0 136.0 126.0 124.0 127.0 120.0 116.0 112.0 136.0 121.0 114.0 111.0 108.0 123.0 121.0 118.0 132.0 125.0 111.0 116.0 112.0 129.0 114.0 114.0 112.0 195.0 114.0 122.0 128.0 131.0 108.0 106.0 124.0 133.0 127.0 127.0 125.0 120.0 119.0 124.0 125.0 110.0 114.0 122.0 132.0 112.0 109.0 112.0 115.0 119.0 114.0 111.0 120.0 120.0 123.0 123.0 131.0 121.0 124.0 125.0 119.0 127.0 123.0 119.0 168.0 124.0 128.0 115.0 110.0 128.0 126.0 111.0 123.0 124.0 121.0 132.0 125.0 123.0 99.0 125.0 122.0 123.0 126.0 117.0 116.0 124.0 122.0 112.0 127.0 147.0 120.0 116.0 121.0 121.0 128.0 128.0 129.0 107.0 112.0 128.0 128.0 128.0 115.0 129.0 122.0 122.0 121.0 123.0 129.0 129.0 129.0 117.0 118.0 129.0 106.0 107.0 123.0 123.0 128.0 110.0 119.0 111.0 126.0 116.0 113.0 113.0 116.0 126.0 111.0 111.0 117.0 129.0 122.0 114.0 114.0 114.0 114.0 120.0 125.0 107.0 104.0 112.0 112.0 112.0 128.0 128.0 129.0 129.0 129.0 127.0 124.0 124.0 124.0 124.0 124.0 121.0 126.0 130.0 138.0 138.0 138.0 138.0 138.0 138.0 124.0 124.0 124.0 106.0 106.0 106.0 106.0 122.98954703832752 10.547754979558144
34 7.0 7.0 7.0 7.0 7.0 7.0 7.0 7.0 7.0 7.0 7.0 7.0 7.0 7.0 7.0 7.0 7.0 7.0 7.0 7.0 7.0 7.0 7.0 7.0 7.0 7.0 7.0 7.0 7.0 7.0 7.0 7.0 7.0 7.0 7.0 7.0 7.0 7.0 7.0 7.0 7.0 7.0 7.0 7.0 7.0 7.0 7.0 7.0 7.0 7.0 7.0 7.0 7.0 7.0 7.0 7.0 7.0 7.0 7.0 7.0 7.0 7.0 7.0 7.0 7.0 7.0 7.0 7.0 7.0 7.0 7.0 7.0 7.0 7.0 7.0 7.0 7.0 7.0 7.0 7.0 7.0 7.0 7.0 7.0 7.0 7.0 7.0 7.0 7.0 7.0 7.0 7.0 7.0 7.0 7.0 7.0 7.0 6.0 6.0 6.0 7.0 7.0 7.0 7.0 7.0 6.0 6.0 6.0 7.0 7.0 6.0 6.0 6.0 6.0 6.0 6.0 6.0 6.0 6.0 6.0 6.0 6.0 8.0 6.0 9.0 9.0 9.0 6.0 6.0 6.0 6.0 6.0 6.0 6.0 6.0 6.0 6.0 6.0 6.0 6.0 6.0 6.0 6.0 6.0 8.0 8.0 8.0 6.0 6.0 6.0 6.0 6.0 6.0 6.0 6.0 6.0 6.0 6.0 6.0 6.0 6.0 6.0 6.0 6.0 6.0 6.0 6.0 6.0 6.0 6.0 7.0 6.0 6.0 6.0 6.0 6.0 7.0 7.0 7.0 6.0 6.0 6.0 7.0 7.0 7.0 7.0 7.0 7.0 7.0 7.0 7.0 7.0 7.0 7.0 7.0 7.0 6.0 6.0 6.0 6.0 6.0 6.0 7.0 6.0 7.0 7.0 7.0 6.0 6.0 6.0 6.0 6.0 6.0 6.0 6.0 5.0 5.0 5.0 5.0 5.0 5.0 5.0 5.0 5.0 5.0 5.0 5.0 5.0 7.0 7.0 6.0 6.0 6.0 6.0 6.0 6.0 7.0 7.0 7.0 6.0 7.0 7.0 6.0 6.0 7.0 7.0 7.0 7.0 7.0 7.0 7.0 7.0 7.0 7.0 7.0 7.0 7.0 6.0 6.0 6.0 6.0 6.0 6.0 6.0 6.0 6.0 6.0 6.0 6.0 6.0 6.0 6.0 6.0 6.0 6.0 6.0 6.0 6.0 6.0 6.0 6.0 6.0 6.0 6.0 6.0 6.0 6.0 6.522648083623693 0.6574021436830304
35 59.0 59.0 59.0 61.0 56.0 56.0 62.0 60.0 60.0 61.0 61.0 64.0 64.0 62.0 60.0 57.0 59.0 59.0 62.0 62.0 62.0 62.0 59.0 59.0 64.0 64.0 64.0 64.0 63.0 63.0 64.0 64.0 57.0 60.0 60.0 62.0 62.0 62.0 61.0 61.0 59.0 62.0 61.0 61.0 61.0 64.0 66.0 66.0 66.0 64.0 64.0 64.0 58.0 60.0 61.0 58.0 58.0 64.0 64.0 58.0 54.0 66.0 61.0 65.0 61.0 61.0 55.0 61.0 61.0 59.0 60.0 62.0 62.0 61.0 58.0 61.0 57.0 57.0 61.0 82.0 82.0 61.0 59.0 59.0 61.0 57.0 59.0 58.0 61.0 62.0 61.0 64.0 59.0 62.0 56.0 51.0 60.0 52.0 61.0 61.0 55.0 64.0 61.0 67.0 58.0 53.0 56.0 64.0 61.0 55.0 52.0 55.0 60.0 60.0 64.0 62.0 62.0 57.0 57.0 64.0 70.0 70.0 70.0 56.0 56.0 64.0 64.0 55.0 54.0 59.0 61.0 55.0 61.0 59.0 55.0 55.0 55.0 60.0 59.0 58.0 56.0 56.0 59.0 59.0 63.0 61.0 61.0 53.0 53.0 61.0 62.0 62.0 58.0 59.0 58.0 58.0 61.0 53.0 54.0 59.0 62.0 55.0 51.0 60.0 52.0 59.0 62.0 54.0 57.0 57.0 59.0 48.0 66.0 62.0 62.0 59.0 61.0 61.0 63.0 52.0 63.0 63.0 58.0 72.0 58.0 63.0 62.0 57.0 61.0 61.0 56.0 62.0 61.0 62.0 62.0 58.0 64.0 62.0 68.0 68.0 57.0 59.0 58.0 55.0 55.0 64.0 56.0 60.0 58.0 59.0 67.0 67.0 64.0 54.0 50.0 54.0 67.0 67.0 61.0 57.0 60.0 60.0 60.0 63.0 63.0 64.0 61.0 61.0 57.0 61.0 53.0 53.0 62.0 61.0 61.0 86.0 59.0 56.0 60.0 103.0 61.0 54.0 57.0 58.0 58.0 57.0 57.0 62.0 58.0 58.0 54.0 54.0 54.0 54.0 56.0 64.0 53.0 52.0 52.0 52.0 64.0 64.0 64.0 64.0 64.0 60.0 61.0 61.0 61.0 61.0 61.0 61.0 67.0 61.0 60.0 60.0 60.0 60.0 60.0 60.0 58.0 59.0 59.0 52.0 52.0 52.0 52.0 60.13240418118467 5.255356455315854
36 569.0 550.0 547.0 537.0 568.0 549.0 533.0 580.0 527.0 557.0 588.0 586.0 548.0 548.0 567.0 553.0 539.0 547.0 632.0 580.0 570.0 570.0 531.0 556.0 517.0 582.0 583.0 583.0 586.0 574.0 562.0 578.0 564.0 532.0 541.0 599.0 537.0 553.0 526.0 552.0 558.0 547.0 575.0 573.0 559.0 590.0 601.0 596.0 597.0 560.0 573.0 585.0 537.0 579.0 577.0 572.0 571.0 583.0 584.0 546.0 532.0 551.0 588.0 582.0 570.0 576.0 553.0 580.0 569.0 558.0 553.0 598.0 624.0 634.0 575.0 584.0 557.0 559.0 546.0 558.0 541.0 542.0 548.0 542.0 541.0 542.0 552.0 562.0 555.0 564.0 575.0 584.0 573.0 573.0 565.0 531.0 495.0 487.0 486.0 568.0 496.0 480.0 535.0 570.0 581.0 529.0 495.0 522.0 559.0 545.0 525.0 491.0 498.0 531.0 532.0 571.0 572.0 534.0 517.0 569.0 572.0 557.0 542.0 639.0 726.0 546.0 527.0 496.0 506.0 495.0 490.0 549.0 548.0 547.0 539.0 514.0 518.0 520.0 545.0 543.0 522.0 531.0 523.0 527.0 561.0 590.0 568.0 485.0 473.0 509.0 573.0 575.0 568.0 536.0 484.0 472.0 551.0 557.0 533.0 527.0 533.0 531.0 508.0 506.0 500.0 495.0 543.0 498.0 495.0 502.0 524.0 512.0 483.0 609.0 565.0 557.0 573.0 571.0 494.0 474.0 504.0 561.0 564.0 562.0 541.0 525.0 531.0 573.0 527.0 521.0 554.0 525.0 556.0 566.0 580.0 532.0 544.0 570.0 575.0 578.0 543.0 524.0 549.0 518.0 523.0 545.0 485.0 507.0 526.0 548.0 562.0 516.0 512.0 586.0 556.0 516.0 598.0 507.0 452.0 544.0 567.0 572.0 549.0 558.0 569.0 566.0 576.0 559.0 530.0 566.0 500.0 497.0 502.0 557.0 698.0 603.0 539.0 544.0 535.0 542.0 532.0 532.0 519.0 527.0 526.0 502.0 521.0 524.0 560.0 572.0 555.0 701.0 701.0 701.0 546.0 557.0 551.0 488.0 499.0 457.0 457.0 586.0 589.0 583.0 571.0 589.0 587.0 579.0 526.0 526.0 544.0 549.0 560.0 612.0 562.0 563.0 578.0 583.0 583.0 566.0 543.0 546.0 553.0 480.0 479.0 479.0 614.0 549.6132404181185 38.98260638159199
37 156.0 152.0 148.0 149.0 149.0 152.0 150.0 143.0 155.0 159.0 155.0 152.0 164.0 164.0 138.0 159.0 156.0 142.0 151.0 151.0 158.0 162.0 162.0 162.0 134.0 133.0 160.0 156.0 161.0 161.0 157.0 152.0 158.0 162.0 143.0 149.0 160.0 160.0 141.0 152.0 152.0 152.0 152.0 155.0 158.0 152.0 152.0 161.0 161.0 166.0 166.0 160.0 160.0 160.0 148.0 158.0 152.0 155.0 155.0 161.0 160.0 147.0 144.0 169.0 158.0 157.0 172.0 154.0 150.0 157.0 152.0 154.0 151.0 158.0 159.0 158.0 152.0 151.0 150.0 149.0 152.0 147.0 145.0 146.0 495.0 149.0 149.0 143.0 159.0 141.0 155.0 155.0 156.0 155.0 155.0 157.0 143.0 133.0 129.0 143.0 152.0 150.0 132.0 169.0 154.0 154.0 157.0 134.0 146.0 158.0 152.0 148.0 127.0 140.0 152.0 148.0 155.0 160.0 142.0 142.0 152.0 157.0 150.0 155.0 144.0 160.0 141.0 157.0 156.0 139.0 135.0 152.0 154.0 150.0 160.0 163.0 139.0 154.0 139.0 151.0 152.0 138.0 140.0 144.0 145.0 152.0 158.0 161.0 153.0 129.0 129.0 157.0 159.0 152.0 154.0 131.0 147.0 145.0 154.0 149.0 141.0 150.0 155.0 142.0 148.0 145.0 136.0 152.0 143.0 136.0 145.0 144.0 154.0 135.0 167.0 149.0 151.0 154.0 156.0 153.0 132.0 145.0 155.0 152.0 143.0 153.0 145.0 148.0 161.0 143.0 157.0 153.0 139.0 162.0 155.0 136.0 154.0 144.0 160.0 155.0 155.0 155.0 143.0 148.0 143.0 143.0 147.0 161.0 135.0 143.0 148.0 152.0 134.0 142.0 142.0 145.0 160.0 158.0 138.0 138.0 138.0 159.0 154.0 154.0 146.0 157.0 160.0 159.0 148.0 148.0 127.0 161.0 133.0 149.0 141.0 137.0 179.0 146.0 152.0 145.0 155.0 141.0 139.0 137.0 144.0 149.0 131.0 156.0 178.0 160.0 158.0 158.0 174.0 174.0 174.0 174.0 149.0 153.0 132.0 126.0 126.0 126.0 126.0 161.0 161.0 161.0 161.0 161.0 155.0 154.0 154.0 154.0 152.0 152.0 158.0 154.0 151.0 160.0 160.0 160.0 160.0 160.0 154.0 155.0 155.0 132.0 132.0 152.02090592334497 22.564582880590418
38 421.0 428.0 431.0 401.0 398.0 390.0 417.0 407.0 383.0 423.0 427.0 418.0 413.0 436.0 452.0 394.0 427.0 410.0 398.0 408.0 423.0 430.0 438.0 438.0 438.0 382.0 384.0 434.0 432.0 435.0 421.0 421.0 422.0 437.0 434.0 388.0 406.0 435.0 407.0 387.0 377.0 398.0 415.0 407.0 422.0 429.0 417.0 431.0 437.0 436.0 420.0 412.0 434.0 430.0 398.0 408.0 422.0 426.0 422.0 422.0 434.0 402.0 402.0 415.0 438.0 422.0 427.0 421.0 407.0 406.0 435.0 431.0 414.0 410.0 423.0 438.0 427.0 413.0 408.0 411.0 402.0 413.0 330.0 390.0 416.0 405.0 410.0 390.0 396.0 423.0 394.0 416.0 423.0 425.0 425.0 426.0 400.0 378.0 372.0 355.0 380.0 408.0 361.0 379.0 431.0 420.0 416.0 390.0 382.0 387.0 419.0 399.0 369.0 356.0 378.0 402.0 430.0 412.0 429.0 386.0 380.0 417.0 426.0 416.0 407.0 496.0 420.0 413.0 382.0 382.0 372.0 364.0 360.0 406.0 394.0 400.0 397.0 384.0 352.0 388.0 401.0 398.0 381.0 391.0 402.0 386.0 409.0 432.0 436.0 347.0 348.0 412.0 365.0 434.0 363.0 366.0 355.0 354.0 399.0 417.0 408.0 376.0 402.0 402.0 426.0 405.0 373.0 380.0 403.0 348.0 365.0 401.0 395.0 388.0 367.0 449.0 419.0 400.0 409.0 421.0 372.0 372.0 386.0 479.0 367.0 396.0 414.0 387.0 396.0 422.0 415.0 404.0 382.0 378.0 438.0 471.0 473.0 412.0 399.0 429.0 433.0 406.0 391.0 396.0 398.0 394.0 376.0 404.0 352.0 371.0 392.0 423.0 514.0 374.0 371.0 436.0 384.0 382.0 383.0 369.0 438.0 423.0 410.0 417.0 406.0 404.0 421.0 391.0 448.0 435.0 353.0 410.0 368.0 361.0 438.0 347.0 399.0 495.0 425.0 406.0 392.0 381.0 387.0 401.0 384.0 390.0 388.0 372.0 387.0 387.0 428.0 423.0 431.0 431.0 431.0 431.0 401.0 401.0 416.0 354.0 354.0 356.0 356.0 435.0 436.0 434.0 435.0 435.0 423.0 422.0 419.0 419.0 419.0 413.0 413.0 457.0 419.0 414.0 435.0 435.0 435.0 401.0 373.0 380.0 431.0 357.0 356.0 405.73867595818814 27.520075361290953
39 124.0 136.0 126.0 121.0 149.0 149.0 115.0 125.0 132.0 132.0 128.0 132.0 132.0 120.0 126.0 131.0 108.0 128.0 121.0 112.0 127.0 119.0 125.0 659.0 659.0 125.0 116.0 116.0 125.0 124.0 125.0 118.0 123.0 123.0 125.0 125.0 113.0 129.0 123.0 119.0 119.0 123.0 132.0 132.0 125.0 120.0 125.0 131.0 131.0 132.0 132.0 137.0 113.0 125.0 125.0 125.0 115.0 120.0 130.0 126.0 121.0 125.0 115.0 116.0 132.0 141.0 124.0 128.0 128.0 129.0 125.0 117.0 109.0 121.0 132.0 122.0 129.0 122.0 122.0 121.0 135.0 135.0 92.0 124.0 121.0 129.0 116.0 116.0 117.0 114.0 121.0 121.0 125.0 122.0 130.0 135.0 121.0 110.0 107.0 112.0 128.0 126.0 116.0 102.0 110.0 128.0 129.0 129.0 115.0 103.0 112.0 125.0 130.0 111.0 104.0 111.0 125.0 125.0 120.0 126.0 107.0 122.0 107.0 132.0 114.0 107.0 110.0 114.0 111.0 118.0 123.0 107.0 105.0 110.0 115.0 115.0 127.0 116.0 103.0 103.0 119.0 129.0 117.0 118.0 117.0 102.0 117.0 110.0 126.0 132.0 105.0 100.0 97.0 97.0 128.0 101.0 117.0 106.0 119.0 160.0 124.0 114.0 111.0 121.0 122.0 124.0 112.0 105.0 135.0 131.0 106.0 107.0 112.0 122.0 110.0 120.0 133.0 119.0 122.0 120.0 123.0 107.0 115.0 114.0 132.0 115.0 111.0 124.0 108.0 137.0 127.0 106.0 121.0 106.0 121.0 109.0 131.0 126.0 120.0 112.0 126.0 119.0 109.0 109.0 113.0 124.0 110.0 130.0 122.0 98.0 106.0 133.0 139.0 111.0 114.0 124.0 124.0 120.0 120.0 115.0 111.0 111.0 112.0 122.0 121.0 119.0 120.0 127.0 118.0 127.0 127.0 127.0 127.0 107.0 118.0 122.0 97.0 129.0 194.0 121.0 115.0 115.0 114.0 110.0 109.0 109.0 113.0 124.0 112.0 136.0 136.0 124.0 126.0 126.0 126.0 126.0 126.0 125.0 127.0 105.0 105.0 106.0 108.0 108.0 125.0 128.0 113.0 128.0 128.0 119.0 120.0 120.0 120.0 120.0 120.0 120.0 141.0 118.0 126.0 125.0 125.0 125.0 125.0 115.0 113.0 121.0 103.0 124.07665505226478 46.12647229211077
40 96.0 92.0 94.0 88.0 93.0 89.0 89.0 88.0 91.0 91.0 97.0 93.0 93.0 93.0 99.0 102.0 109.0 95.0 90.0 140.0 87.0 90.0 101.0 101.0 101.0 101.0 86.0 84.0 93.0 96.0 94.0 94.0 87.0 87.0 87.0 94.0 84.0 84.0 91.0 96.0 96.0 94.0 94.0 228.0 99.0 87.0 98.0 92.0 87.0 94.0 94.0 88.0 88.0 88.0 92.0 92.0 92.0 91.0 90.0 92.0 92.0 102.0 89.0 89.0 89.0 92.0 89.0 91.0 110.0 92.0 92.0 86.0 83.0 85.0 81.0 96.0 92.0 92.0 87.0 92.0 88.0 83.0 71.0 85.0 87.0 89.0 89.0 122.0 92.0 85.0 92.0 92.0 86.0 89.0 84.0 92.0 94.0 92.0 81.0 80.0 78.0 91.0 83.0 85.0 78.0 93.0 91.0 122.0 89.0 80.0 79.0 92.0 91.0 87.0 75.0 86.0 91.0 94.0 88.0 97.0 80.0 83.0 85.0 86.0 91.0 85.0 87.0 92.0 93.0 93.0 96.0 81.0 83.0 80.0 87.0 90.0 84.0 103.0 80.0 80.0 82.0 86.0 85.0 89.0 93.0 93.0 89.0 81.0 98.0 88.0 82.0 78.0 100.0 88.0 95.0 85.0 97.0 81.0 87.0 84.0 90.0 88.0 79.0 90.0 84.0 91.0 95.0 78.0 77.0 89.0 92.0 79.0 83.0 93.0 86.0 82.0 87.0 92.0 98.0 84.0 83.0 88.0 80.0 84.0 90.0 87.0 87.0 93.0 89.0 87.0 93.0 78.0 92.0 85.0 93.0 99.0 86.0 95.0 95.0 86.0 92.0 92.0 89.0 84.0 83.0 89.0 87.0 81.0 91.0 72.0 79.0 81.0 85.0 87.0 87.0 91.0 91.0 81.0 81.0 89.0 78.0 78.0 78.0 91.0 89.0 87.0 87.0 104.0 83.0 86.0 94.0 94.0 94.0 88.0 77.0 89.0 79.0 84.0 131.0 131.0 102.0 87.0 78.0 81.0 85.0 81.0 82.0 86.0 79.0 99.0 105.0 105.0 92.0 92.0 112.0 112.0 112.0 92.0 92.0 92.0 72.0 76.0 82.0 82.0 82.0 96.0 89.0 84.0 92.0 92.0 90.0 89.0 89.0 91.0 89.0 90.0 90.0 92.0 89.0 134.0 134.0 134.0 134.0 134.0 76.0 87.0 87.0 90.88153310104529 13.1710070614214
41 565.0 598.0 647.0 659.0 652.0 614.0 612.0 608.0 614.0 637.0 633.0 665.0 663.0 648.0 637.0 633.0 627.0 612.0 640.0 618.0 623.0 642.0 629.0 629.0 617.0 617.0 645.0 587.0 578.0 617.0 661.0 668.0 712.0 662.0 647.0 652.0 663.0 609.0 594.0 651.0 649.0 633.0 641.0 644.0 654.0 647.0 632.0 672.0 651.0 635.0 677.0 658.0 657.0 645.0 661.0 664.0 668.0 668.0 726.0 653.0 643.0 658.0 649.0 607.0 690.0 611.0 652.0 655.0 650.0 620.0 562.0 622.0 618.0 641.0 642.0 630.0 634.0 651.0 646.0 642.0 628.0 618.0 590.0 511.0 577.0 570.0 577.0 621.0 617.0 612.0 618.0 650.0 666.0 629.0 634.0 639.0 641.0 661.0 655.0 572.0 567.0 582.0 589.0 625.0 611.0 614.0 628.0 643.0 630.0 632.0 638.0 646.0 635.0 611.0 553.0 556.0 587.0 608.0 641.0 634.0 638.0 593.0 582.0 620.0 639.0 647.0 654.0 784.0 636.0 645.0 652.0 656.0 572.0 585.0 577.0 593.0 600.0 585.0 595.0 574.0 628.0 608.0 593.0 601.0 607.0 599.0 601.0 587.0 565.0 597.0 666.0 564.0 536.0 655.0 590.0 611.0 646.0 538.0 542.0 567.0 609.0 630.0 599.0 626.0 603.0 644.0 645.0 616.0 551.0 551.0 650.0 556.0 559.0 581.0 606.0 584.0 513.0 659.0 629.0 650.0 618.0 639.0 590.0 572.0 581.0 596.0 595.0 632.0 614.0 566.0 596.0 611.0 598.0 616.0 621.0 605.0 604.0 769.0 936.0 619.0 590.0 625.0 668.0 656.0 554.0 550.0 559.0 541.0 531.0 595.0 531.0 549.0 552.0 633.0 636.0 646.0 639.0 659.0 602.0 597.0 560.0 544.0 641.0 629.0 630.0 640.0 643.0 597.0 644.0 631.0 684.0 680.0 664.0 664.0 610.0 610.0 624.0 585.0 608.0 617.0 784.0 654.0 624.0 620.0 596.0 590.0 592.0 566.0 589.0 586.0 619.0 659.0 559.0 625.0 622.0 635.0 640.0 640.0 584.0 632.0 606.0 550.0 557.0 567.0 555.0 659.0 675.0 663.0 684.0 658.0 661.0 651.0 638.0 625.0 616.0 629.0 617.0 959.0 655.0 639.0 655.0 661.0 661.0 623.0 558.0 539.0 541.0 622.1672473867595 48.74150354954957
42 739.0 674.0 660.0 702.0 747.0 742.0 744.0 742.0 730.0 723.0 736.0 734.0 735.0 757.0 746.0 793.0 794.0 776.0 759.0 759.0 759.0 766.0 754.0 747.0 754.0 793.0 773.0 765.0 769.0 671.0 674.0 663.0 771.0 770.0 772.0 763.0 766.0 771.0 804.0 688.0 683.0 700.0 720.0 745.0 729.0 720.0 744.0 879.0 758.0 728.0 731.0 793.0 750.0 736.0 760.0 755.0 730.0 753.0 753.0 732.0 761.0 749.0 760.0 756.0 839.0 721.0 722.0 737.0 737.0 746.0 711.0 665.0 696.0 732.0 734.0 740.0 740.0 723.0 724.0 747.0 749.0 741.0 737.0 727.0 695.0 677.0 663.0 651.0 661.0 732.0 719.0 683.0 685.0 754.0 755.0 745.0 727.0 734.0 747.0 729.0 672.0 658.0 672.0 773.0 714.0 734.0 756.0 761.0 668.0 659.0 659.0 784.0 781.0 754.0 740.0 711.0 631.0 637.0 693.0 703.0 751.0 727.0 727.0 693.0 695.0 711.0 724.0 682.0 728.0 738.0 751.0 749.0 741.0 847.0 666.0 664.0 655.0 670.0 671.0 692.0 695.0 694.0 709.0 664.0 660.0 704.0 690.0 685.0 687.0 732.0 722.0 688.0 686.0 619.0 617.0 790.0 766.0 771.0 765.0 741.0 725.0 725.0 725.0 751.0 733.0 730.0 734.0 742.0 742.0 692.0 666.0 676.0 759.0 647.0 640.0 653.0 703.0 667.0 621.0 775.0 782.0 753.0 644.0 722.0 644.0 652.0 654.0 706.0 746.0 681.0 740.0 734.0 726.0 736.0 760.0 770.0 742.0 714.0 694.0 717.0 747.0 756.0 738.0 733.0 788.0 769.0 672.0 651.0 621.0 736.0 687.0 687.0 738.0 723.0 706.0 711.0 742.0 743.0 706.0 708.0 682.0 606.0 629.0 658.0 715.0 708.0 755.0 726.0 727.0 728.0 718.0 702.0 763.0 743.0 788.0 645.0 715.0 726.0 706.0 650.0 684.0 715.0 815.0 706.0 708.0 692.0 698.0 648.0 657.0 692.0 726.0 739.0 745.0 770.0 765.0 730.0 743.0 752.0 761.0 761.0 711.0 716.0 645.0 636.0 665.0 679.0 650.0 769.0 754.0 758.0 736.0 736.0 698.0 733.0 740.0 727.0 721.0 725.0 727.0 681.0 785.0 753.0 735.0 732.0 732.0 698.0 626.0 720.9477351916377 43.23655116612357
43 167.0 169.0 166.0 152.0 171.0 176.0 169.0 172.0 175.0 168.0 170.0 170.0 167.0 170.0 170.0 187.0 180.0 180.0 178.0 178.0 174.0 175.0 169.0 176.0 170.0 170.0 177.0 177.0 179.0 200.0 172.0 154.0 154.0 187.0 178.0 178.0 178.0 171.0 179.0 178.0 178.0 159.0 159.0 162.0 245.0 180.0 166.0 172.0 173.0 177.0 170.0 171.0 166.0 166.0 168.0 179.0 179.0 172.0 172.0 175.0 175.0 175.0 172.0 171.0 182.0 182.0 153.0 168.0 164.0 177.0 177.0 172.0 174.0 165.0 162.0 157.0 138.0 138.0 174.0 165.0 170.0 181.0 182.0 170.0 213.0 159.0 159.0 158.0 170.0 174.0 173.0 163.0 159.0 166.0 169.0 173.0 177.0 169.0 168.0 195.0 181.0 179.0 151.0 140.0 175.0 188.0 172.0 169.0 192.0 190.0 149.0 172.0 178.0 179.0 228.0 171.0 171.0 168.0 176.0 151.0 162.0 173.0 179.0 166.0 166.0 156.0 169.0 177.0 170.0 164.0 174.0 224.0 175.0 173.0 180.0 180.0 153.0 173.0 157.0 166.0 165.0 171.0 175.0 183.0 166.0 166.0 154.0 164.0 159.0 160.0 178.0 177.0 166.0 175.0 173.0 171.0 171.0 179.0 218.0 156.0 186.0 179.0 179.0 174.0 186.0 175.0 169.0 165.0 168.0 175.0 172.0 161.0 141.0 183.0 175.0 149.0 156.0 161.0 171.0 141.0 182.0 170.0 170.0 170.0 196.0 171.0 157.0 157.0 149.0 169.0 171.0 169.0 169.0 169.0 177.0 169.0 179.0 172.0 176.0 162.0 174.0 178.0 213.0 191.0 174.0 171.0 182.0 180.0 142.0 152.0 179.0 162.0 159.0 161.0 179.0 157.0 169.0 232.0 175.0 175.0 200.0 185.0 144.0 174.0 148.0 167.0 163.0 160.0 164.0 165.0 165.0 162.0 171.0 191.0 157.0 204.0 177.0 177.0 179.0 179.0 158.0 149.0 152.0 220.0 220.0 168.0 161.0 161.0 161.0 152.0 152.0 159.0 175.0 175.0 161.0 161.0 161.0 170.0 159.0 172.0 177.0 168.0 168.0 169.0 136.0 148.0 156.0 156.0 156.0 156.0 184.0 184.0 184.0 184.0 184.0 172.0 171.0 166.0 166.0 169.0 152.0 152.0 169.0 184.0 145.0 145.0 145.0 170.9163763066202 14.77736799990957
44 635.0 652.0 631.0 599.0 577.0 583.0 653.0 646.0 641.0 656.0 640.0 641.0 635.0 634.0 629.0 629.0 664.0 679.0 656.0 660.0 653.0 640.0 667.0 643.0 650.0 646.0 644.0 664.0 645.0 660.0 643.0 589.0 570.0 592.0 662.0 662.0 670.0 667.0 633.0 647.0 654.0 620.0 598.0 600.0 610.0 637.0 633.0 630.0 633.0 641.0 652.0 648.0 628.0 657.0 614.0 641.0 644.0 646.0 654.0 651.0 639.0 639.0 639.0 650.0 656.0 658.0 676.0 603.0 611.0 614.0 718.0 650.0 644.0 651.0 642.0 670.0 547.0 547.0 544.0 548.0 633.0 627.0 643.0 649.0 637.0 629.0 588.0 523.0 509.0 529.0 640.0 569.0 552.0 566.0 605.0 627.0 645.0 606.0 619.0 807.0 603.0 638.0 577.0 562.0 559.0 591.0 561.0 575.0 650.0 634.0 595.0 571.0 571.0 606.0 658.0 653.0 653.0 635.0 632.0 627.0 596.0 592.0 602.0 606.0 614.0 584.0 575.0 730.0 863.0 638.0 560.0 605.0 582.0 589.0 636.0 637.0 578.0 569.0 579.0 587.0 609.0 604.0 614.0 603.0 616.0 644.0 585.0 582.0 585.0 589.0 593.0 607.0 591.0 573.0 547.0 559.0 593.0 582.0 644.0 625.0 560.0 554.0 570.0 628.0 582.0 607.0 608.0 657.0 635.0 627.0 642.0 633.0 596.0 606.0 603.0 594.0 544.0 554.0 581.0 587.0 624.0 635.0 629.0 643.0 617.0 645.0 602.0 564.0 565.0 586.0 635.0 647.0 645.0 607.0 621.0 623.0 643.0 654.0 659.0 614.0 592.0 579.0 569.0 663.0 665.0 651.0 610.0 563.0 625.0 587.0 567.0 610.0 627.0 623.0 626.0 601.0 594.0 571.0 617.0 640.0 530.0 498.0 595.0 526.0 518.0 561.0 615.0 615.0 595.0 556.0 563.0 618.0 577.0 600.0 643.0 639.0 650.0 674.0 664.0 648.0 633.0 654.0 559.0 581.0 665.0 819.0 611.0 596.0 575.0 575.0 536.0 594.0 627.0 643.0 661.0 647.0 649.0 649.0 673.0 661.0 636.0 650.0 667.0 643.0 613.0 546.0 569.0 580.0 606.0 1850.0 870.0 659.0 679.0 679.0 681.0 623.0 633.0 635.0 625.0 634.0 653.0 750.0 689.0 630.0 631.0 629.0 637.0 624.5331010452962 86.39058797519293
45 414.0 427.0 413.0 450.0 413.0 385.0 379.0 425.0 429.0 429.0 416.0 426.0 419.0 434.0 423.0 419.0 415.0 416.0 453.0 431.0 431.0 430.0 422.0 423.0 430.0 420.0 422.0 420.0 455.0 421.0 423.0 434.0 416.0 380.0 390.0 397.0 430.0 438.0 427.0 397.0 419.0 424.0 441.0 395.0 399.0 409.0 400.0 415.0 419.0 420.0 416.0 421.0 435.0 426.0 419.0 423.0 397.0 414.0 430.0 417.0 429.0 429.0 429.0 445.0 409.0 433.0 416.0 425.0 440.0 360.0 382.0 405.0 418.0 435.0 422.0 431.0 423.0 366.0 348.0 374.0 351.0 381.0 408.0 411.0 425.0 428.0 421.0 414.0 389.0 327.0 342.0 439.0 398.0 346.0 349.0 393.0 385.0 417.0 423.0 414.0 465.0 387.0 415.0 405.0 375.0 368.0 397.0 361.0 368.0 432.0 423.0 425.0 383.0 372.0 391.0 425.0 432.0 396.0 422.0 418.0 422.0 401.0 384.0 393.0 369.0 381.0 391.0 389.0 417.0 570.0 614.0 409.0 433.0 379.0 421.0 433.0 420.0 400.0 377.0 378.0 393.0 390.0 395.0 392.0 405.0 390.0 438.0 421.0 382.0 388.0 387.0 387.0 405.0 380.0 396.0 350.0 343.0 379.0 388.0 398.0 392.0 367.0 367.0 374.0 422.0 391.0 434.0 372.0 373.0 431.0 410.0 427.0 441.0 420.0 403.0 393.0 376.0 368.0 359.0 389.0 381.0 396.0 411.0 416.0 419.0 426.0 433.0 419.0 384.0 385.0 394.0 374.0 425.0 423.0 409.0 392.0 405.0 420.0 425.0 412.0 411.0 399.0 381.0 370.0 407.0 393.0 433.0 430.0 395.0 402.0 436.0 379.0 397.0 422.0 402.0 399.0 425.0 379.0 373.0 396.0 411.0 424.0 431.0 409.0 344.0 355.0 376.0 365.0 433.0 438.0 370.0 371.0 418.0 404.0 390.0 406.0 425.0 409.0 432.0 431.0 439.0 413.0 450.0 408.0 367.0 385.0 457.0 450.0 418.0 387.0 365.0 423.0 382.0 390.0 406.0 434.0 423.0 425.0 442.0 442.0 438.0 427.0 413.0 422.0 433.0 413.0 404.0 337.0 374.0 384.0 491.0 427.0 409.0 439.0 444.0 447.0 447.0 416.0 417.0 424.0 410.0 427.0 551.0 483.0 397.0 416.0 411.0 409.1463414634146 31.378573468721395
46 269.0 292.0 268.0 263.0 274.0 269.0 242.0 243.0 258.0 271.0 269.0 263.0 281.0 261.0 271.0 268.0 249.0 266.0 258.0 278.0 270.0 270.0 276.0 266.0 266.0 271.0 266.0 261.0 274.0 271.0 275.0 275.0 276.0 268.0 264.0 247.0 247.0 263.0 277.0 278.0 249.0 266.0 263.0 279.0 279.0 251.0 330.0 253.0 261.0 265.0 268.0 268.0 263.0 269.0 274.0 263.0 286.0 279.0 253.0 272.0 258.0 267.0 267.0 267.0 267.0 259.0 258.0 265.0 270.0 283.0 232.0 230.0 276.0 265.0 265.0 269.0 277.0 284.0 267.0 224.0 266.0 231.0 274.0 256.0 264.0 268.0 269.0 270.0 270.0 241.0 198.0 252.0 265.0 267.0 229.0 221.0 252.0 242.0 265.0 259.0 342.0 263.0 251.0 260.0 261.0 235.0 238.0 259.0 240.0 287.0 272.0 272.0 260.0 247.0 238.0 241.0 269.0 264.0 247.0 272.0 267.0 268.0 250.0 242.0 261.0 233.0 256.0 244.0 270.0 230.0 299.0 352.0 250.0 275.0 229.0 336.0 268.0 270.0 268.0 247.0 238.0 258.0 249.0 253.0 246.0 243.0 243.0 276.0 276.0 262.0 239.0 245.0 240.0 258.0 240.0 231.0 231.0 218.0 264.0 246.0 256.0 243.0 240.0 230.0 237.0 261.0 241.0 263.0 219.0 235.0 279.0 265.0 270.0 270.0 265.0 250.0 255.0 236.0 243.0 227.0 246.0 239.0 254.0 285.0 260.0 264.0 221.0 223.0 248.0 240.0 238.0 250.0 226.0 268.0 269.0 266.0 239.0 256.0 261.0 273.0 258.0 262.0 254.0 244.0 225.0 260.0 256.0 281.0 269.0 227.0 214.0 274.0 251.0 248.0 264.0 254.0 247.0 272.0 264.0 249.0 257.0 251.0 269.0 276.0 244.0 234.0 221.0 226.0 276.0 272.0 272.0 236.0 232.0 258.0 258.0 248.0 252.0 280.0 257.0 276.0 278.0 276.0 277.0 290.0 272.0 233.0 242.0 346.0 310.0 285.0 245.0 245.0 249.0 240.0 263.0 254.0 275.0 265.0 262.0 276.0 276.0 261.0 286.0 278.0 278.0 271.0 265.0 253.0 228.0 246.0 247.0 247.0 247.0 256.0 277.0 285.0 283.0 283.0 283.0 254.0 263.0 266.0 266.0 356.0 345.0 345.0 267.0 260.7560975609756 21.95871259531386
47 131.0 132.0 135.0 133.0 127.0 137.0 130.0 118.0 254.0 132.0 135.0 137.0 159.0 129.0 132.0 134.0 134.0 134.0 133.0 133.0 139.0 121.0 121.0 135.0 139.0 138.0 134.0 136.0 132.0 148.0 136.0 140.0 140.0 139.0 132.0 122.0 125.0 160.0 160.0 142.0 139.0 126.0 130.0 138.0 139.0 123.0 124.0 124.0 128.0 130.0 136.0 132.0 131.0 132.0 136.0 129.0 132.0 132.0 132.0 137.0 136.0 138.0 136.0 136.0 117.0 124.0 136.0 130.0 122.0 132.0 132.0 114.0 133.0 143.0 133.0 146.0 139.0 142.0 139.0 116.0 113.0 124.0 117.0 136.0 127.0 133.0 135.0 133.0 131.0 135.0 115.0 106.0 140.0 136.0 117.0 113.0 132.0 134.0 150.0 134.0 134.0 146.0 132.0 120.0 131.0 134.0 119.0 117.0 117.0 114.0 138.0 139.0 135.0 134.0 119.0 122.0 129.0 135.0 123.0 127.0 135.0 140.0 127.0 127.0 129.0 126.0 117.0 132.0 122.0 115.0 120.0 174.0 129.0 119.0 140.0 114.0 121.0 132.0 140.0 138.0 119.0 123.0 124.0 138.0 131.0 122.0 124.0 126.0 142.0 134.0 121.0 122.0 125.0 123.0 132.0 122.0 120.0 105.0 112.0 130.0 121.0 120.0 141.0 113.0 122.0 133.0 121.0 118.0 142.0 114.0 136.0 142.0 124.0 136.0 131.0 134.0 118.0 135.0 121.0 122.0 122.0 122.0 119.0 120.0 138.0 132.0 145.0 112.0 112.0 112.0 117.0 123.0 123.0 133.0 136.0 134.0 139.0 170.0 117.0 136.0 139.0 130.0 135.0 126.0 119.0 119.0 137.0 142.0 139.0 138.0 107.0 134.0 135.0 121.0 127.0 131.0 126.0 131.0 132.0 123.0 126.0 123.0 130.0 143.0 129.0 121.0 106.0 138.0 107.0 136.0 139.0 139.0 116.0 125.0 125.0 126.0 125.0 133.0 135.0 135.0 141.0 140.0 139.0 128.0 138.0 129.0 121.0 141.0 206.0 206.0 123.0 122.0 122.0 123.0 123.0 127.0 122.0 130.0 128.0 140.0 140.0 152.0 134.0 140.0 132.0 132.0 134.0 126.0 129.0 122.0 123.0 117.0 117.0 117.0 128.0 139.0 141.0 141.0 141.0 150.0 129.0 133.0 133.0 140.0 178.0 115.0 115.0 131.0836236933798 14.204302636749178
48 6.0 6.0 6.0 6.0 6.0 6.0 6.0 6.0 6.0 6.0 6.0 6.0 6.0 6.0 6.0 6.0 6.0 5.0 5.0 5.0 5.0 5.0 5.0 5.0 6.0 6.0 6.0 6.0 6.0 6.0 6.0 6.0 6.0 6.0 6.0 6.0 5.0 5.0 5.0 5.0 5.0 5.0 5.0 5.0 5.0 5.0 5.0 5.0 5.0 5.0 5.0 5.0 5.0 5.0 5.0 5.0 5.0 5.0 5.0 5.0 6.0 6.0 6.0 6.0 6.0 6.0 6.0 6.0 6.0 6.0 6.0 5.0 5.0 5.0 5.0 5.0 5.0 5.0 5.0 5.0 5.0 5.0 5.0 5.0 5.0 5.0 5.0 5.0 5.0 6.0 5.0 4.0 5.0 5.0 5.0 5.0 5.0 5.0 5.0 5.0 5.0 5.0 5.0 5.0 5.0 5.0 5.0 5.0 5.0 4.0 4.0 4.0 4.0 4.0 4.0 5.0 5.0 5.0 5.0 5.0 5.0 5.0 5.0 5.0 6.0 6.0 5.0 6.0 5.0 5.0 5.0 5.0 5.0 6.0 6.0 5.0 5.0 5.0 5.0 5.0 6.0 5.0 5.0 5.0 5.0 5.0 5.0 5.0 6.0 6.0 6.0 5.0 5.0 5.0 5.0 5.0 5.0 5.0 4.0 4.0 4.0 4.0 5.0 5.0 5.0 5.0 5.0 5.0 5.0 5.0 5.0 6.0 6.0 6.0 6.0 6.0 4.0 4.0 5.0 5.0 5.0 5.0 5.0 9.0 9.0 5.0 5.0 5.0 5.0 5.0 4.0 4.0 5.0 5.0 5.0 5.0 5.0 5.0 5.0 6.0 6.0 5.0 5.0 5.0 5.0 5.0 5.0 6.0 6.0 6.0 6.0 6.0 6.0 6.0 5.0 5.0 5.0 5.0 5.0 6.0 6.0 5.0 5.0 5.0 5.0 5.0 5.0 5.0 5.0 5.0 5.0 5.0 5.0 5.0 5.0 5.0 5.0 5.0 5.0 5.0 5.0 5.0 5.0 5.0 5.0 5.0 5.0 5.0 5.0 5.0 5.0 5.0 5.0 5.0 5.0 5.0 5.0 6.0 6.0 6.0 6.0 6.0 6.0 6.0 6.0 6.0 6.0 6.0 6.0 6.0 6.0 6.0 6.0 6.0 6.0 6.0 6.0 6.0 6.0 6.0 6.0 6.0 6.0 6.0 6.0 5.0 5.0 5.303135888501743 0.6330831917083221
49 407.0 412.0 423.0 429.0 422.0 419.0 433.0 403.0 369.0 391.0 411.0 420.0 413.0 422.0 410.0 419.0 439.0 348.0 417.0 421.0 444.0 439.0 430.0 430.0 428.0 437.0 433.0 422.0 418.0 429.0 456.0 435.0 534.0 440.0 442.0 421.0 392.0 380.0 400.0 440.0 442.0 496.0 407.0 421.0 431.0 443.0 393.0 411.0 458.0 411.0 420.0 419.0 431.0 421.0 427.0 432.0 419.0 424.0 419.0 411.0 432.0 436.0 415.0 438.0 1089.0 1089.0 404.0 427.0 412.0 420.0 419.0 358.0 378.0 414.0 434.0 426.0 427.0 433.0 434.0 453.0 361.0 362.0 361.0 362.0 424.0 413.0 416.0 422.0 418.0 427.0 398.0 333.0 397.0 419.0 421.0 357.0 352.0 427.0 412.0 437.0 423.0 407.0 448.0 502.0 391.0 421.0 402.0 371.0 376.0 360.0 363.0 447.0 438.0 429.0 424.0 378.0 386.0 401.0 429.0 390.0 408.0 430.0 427.0 394.0 373.0 406.0 375.0 371.0 394.0 398.0 375.0 427.0 480.0 407.0 452.0 370.0 367.0 386.0 413.0 373.0 377.0 379.0 382.0 417.0 392.0 386.0 384.0 383.0 382.0 419.0 420.0 393.0 387.0 384.0 394.0 412.0 397.0 359.0 335.0 402.0 407.0 418.0 380.0 390.0 360.0 365.0 378.0 380.0 368.0 382.0 366.0 441.0 457.0 422.0 410.0 417.0 372.0 367.0 405.0 380.0 364.0 378.0 381.0 437.0 578.0 410.0 403.0 358.0 359.0 409.0 372.0 363.0 379.0 387.0 421.0 431.0 431.0 375.0 401.0 361.0 426.0 425.0 415.0 418.0 385.0 368.0 425.0 432.0 415.0 437.0 381.0 346.0 430.0 349.0 363.0 399.0 416.0 389.0 414.0 404.0 378.0 391.0 372.0 420.0 384.0 377.0 374.0 329.0 371.0 351.0 433.0 433.0 376.0 369.0 400.0 409.0 394.0 394.0 422.0 434.0 389.0 444.0 442.0 434.0 402.0 447.0 381.0 378.0 525.0 419.0 392.0 391.0 411.0 427.0 403.0 397.0 416.0 406.0 428.0 417.0 435.0 440.0 440.0 427.0 444.0 414.0 436.0 430.0 413.0 360.0 382.0 382.0 399.0 399.0 399.0 399.0 441.0 448.0 449.0 454.0 438.0 424.0 421.0 421.0 434.0 530.0 410.0 413.22648083623693 65.37675317537575
50 293.0 286.0 287.0 282.0 301.0 341.0 298.0 305.0 290.0 261.0 295.0 294.0 301.0 295.0 300.0 293.0 295.0 307.0 282.0 296.0 298.0 289.0 307.0 314.0 314.0 310.0 307.0 302.0 308.0 301.0 287.0 325.0 311.0 319.0 287.0 316.0 304.0 278.0 271.0 313.0 305.0 354.0 303.0 276.0 298.0 301.0 312.0 303.0 283.0 291.0 296.0 305.0 300.0 305.0 299.0 297.0 305.0 298.0 297.0 295.0 301.0 286.0 305.0 290.0 309.0 320.0 320.0 276.0 296.0 301.0 298.0 298.0 277.0 261.0 290.0 307.0 300.0 304.0 307.0 307.0 300.0 254.0 253.0 250.0 249.0 300.0 290.0 300.0 300.0 295.0 282.0 315.0 303.0 257.0 312.0 282.0 246.0 257.0 287.0 293.0 327.0 300.0 287.0 330.0 281.0 278.0 285.0 288.0 266.0 277.0 254.0 290.0 309.0 316.0 300.0 287.0 264.0 275.0 279.0 301.0 275.0 283.0 302.0 275.0 281.0 271.0 283.0 266.0 264.0 266.0 280.0 271.0 320.0 422.0 311.0 314.0 313.0 266.0 266.0 284.0 263.0 270.0 273.0 273.0 297.0 279.0 279.0 274.0 269.0 261.0 309.0 303.0 300.0 296.0 271.0 274.0 298.0 286.0 275.0 241.0 301.0 292.0 274.0 305.0 291.0 252.0 261.0 289.0 263.0 271.0 284.0 258.0 308.0 317.0 298.0 278.0 299.0 263.0 259.0 289.0 267.0 259.0 269.0 272.0 330.0 316.0 270.0 276.0 274.0 253.0 278.0 292.0 256.0 295.0 281.0 307.0 307.0 285.0 325.0 295.0 286.0 293.0 307.0 293.0 317.0 283.0 263.0 323.0 304.0 298.0 296.0 287.0 251.0 253.0 247.0 266.0 272.0 287.0 293.0 286.0 280.0 279.0 268.0 301.0 291.0 297.0 290.0 262.0 241.0 252.0 268.0 304.0 265.0 256.0 262.0 287.0 291.0 277.0 279.0 293.0 302.0 345.0 313.0 283.0 283.0 281.0 303.0 292.0 284.0 321.0 323.0 323.0 323.0 254.0 254.0 279.0 279.0 277.0 308.0 306.0 290.0 306.0 310.0 305.0 302.0 300.0 304.0 301.0 304.0 333.0 254.0 246.0 274.0 290.0 279.0 297.0 297.0 313.0 314.0 312.0 311.0 311.0 301.0 298.0 298.0 313.0 350.0 290.64459930313586 21.898506281795694
51 151.0 165.0 196.0 158.0 149.0 136.0 203.0 522.0 128.0 140.0 153.0 133.0 190.0 124.0 383.0 125.0 142.0 192.0 145.0 145.0 122.0 248.0 248.0 172.0 313.0 313.0 173.0 154.0 168.0 232.0 231.0 193.0 150.0 144.0 244.0 171.0 145.0 207.0 148.0 996.0 996.0 736.0 165.0 169.0 169.0 149.0 213.0 164.0 164.0 158.0 118.0 130.0 179.0 147.0 191.0 135.0 121.0 198.0 198.0 152.0 152.0 127.0 126.0 169.0 181.0 391.0 835.0 120.0 157.0 231.0 334.0 183.0 307.0 250.0 120.0 197.0 155.0 291.0 138.0 223.0 162.0 152.0 134.0 196.0 134.0 141.0 189.0 158.0 174.0 148.0 157.0 167.0 143.0 139.0 122.0 228.0 181.0 143.0 161.0 125.0 165.0 167.0 150.0 232.0 165.0 143.0 202.0 144.0 192.0 135.0 135.0 130.0 790.0 160.0 173.0 167.0 135.0 137.0 151.0 181.0 198.0 154.0 194.0 246.0 146.0 156.0 150.0 331.0 150.0 236.0 529.0 185.0 163.0 127.0 316.0 135.0 295.0 176.0 163.0 233.0 245.0 134.0 157.0 171.0 125.0 155.0 159.0 143.0 1531.0 135.0 160.0 223.0 151.0 161.0 154.0 168.0 179.0 137.0 201.0 130.0 235.0 195.0 170.0 255.0 142.0 136.0 204.0 145.0 196.0 152.0 210.0 204.0 249.0 637.0 420.0 283.0 232.0 203.0 147.0 315.0 191.0 272.0 177.0 126.0 199.0 137.0 581.0 175.0 270.0 233.0 187.0 122.0 115.0 136.0 134.0 145.0 168.0 126.0 142.0 191.0 195.0 144.0 127.0 185.0 144.0 133.0 123.0 190.0 154.0 135.0 172.0 135.0 156.0 379.0 126.0 135.0 124.0 273.0 171.0 121.0 140.0 143.0 133.0 156.0 285.0 176.0 176.0 142.0 140.0 183.0 169.0 169.0 126.0 171.0 105.0 135.0 179.0 179.0 179.0 162.0 241.0 158.0 158.0 135.0 137.0 754.0 262.0 130.0 129.0 159.0 222.0 1547.0 1547.0 118.0 133.0 133.0 184.0 184.0 156.0 126.0 153.0 153.0 130.0 130.0 144.0 501.0 180.0 1565.0 124.0 167.0 187.0 137.0 171.0 145.0 145.0 159.0 159.0 159.0 145.0 1565.0 1565.0 1565.0 149.0 186.0 167.0 167.0 167.0 228.6620209059233 242.10796453154524
END
#################################################################
SECTION3 (Edges Information)
EndPoint0 EndPoint1 Weight
0 1 1.000000
1 2 1.000000
2 3 1.000000
3 4 1.000000
4 5 1.000000
5 6 1.000000
6 7 1.000000
7 8 1.000000
8 9 1.000000
9 10 1.000000
10 11 1.000000
11 12 1.000000
12 13 1.000000
13 14 1.000000
14 15 1.000000
15 16 1.000000
16 17 1.000000
17 18 1.000000
18 19 1.000000
19 20 1.000000
20 21 1.000000
21 22 1.000000
22 23 1.000000
23 24 1.000000
24 25 1.000000
25 26 1.000000
26 27 1.000000
27 28 1.000000
28 29 1.000000
29 30 1.000000
30 31 1.000000
31 32 1.000000
32 33 1.000000
33 34 1.000000
34 35 1.000000
35 36 1.000000
36 37 1.000000
37 38 1.000000
38 39 1.000000
39 40 1.000000
40 41 1.000000
41 42 1.000000
42 43 1.000000
43 44 1.000000
44 45 1.000000
45 46 1.000000
46 47 1.000000
47 48 1.000000
48 49 1.000000
49 50 1.000000
50 51 1.000000
END
#################################################################
SECTION4 (TrueSubGraph Information)
EndPoint0 EndPoint1 Weight
END
#################################################################
