#################################################################
#APDM Input Graph, this input graph includes 3 sections:
#section1 : general information
#section2 : nodes
#section3 : edges
#section4 : trueSubGraph (Optional)
#
#if nodes haven't information set weight to null
#################################################################
SECTION1 (General Information)
numNodes = 52
numEdges = 51
usedAlgorithm = NULL
dataSource = TransWeatherRealData
END
#################################################################
SECTION2 (Nodes Information)
NodeID travelTime  mean  std 
0 211.0 231.0 227.0 237.0 242.0 232.0 233.0 234.0 236.0 240.0 224.0 198.0 250.0 213.0 230.0 232.0 234.0 232.0 217.0 222.0 249.0 249.0 227.0 238.0 238.0 227.0 231.0 233.0 220.0 198.0 222.0 230.0 229.0 229.0 236.0 238.0 224.0 243.0 237.0 238.0 217.0 207.0 231.0 217.0 227.0 238.0 234.0 224.0 238.0 238.0 227.0 224.0 229.0 233.0 242.0 232.0 220.0 201.0 208.0 223.0 208.0 222.0 229.0 235.0 218.0 234.0 231.0 195.0 189.0 193.0 244.0 231.0 233.0 218.0 233.0 234.0 239.0 227.0 224.0 269.0 296.0 224.0 213.0 222.0 233.0 222.0 207.0 218.0 219.0 216.0 229.0 219.0 210.0 208.0 214.0 217.0 207.0 202.0 203.0 231.0 206.0 217.0 210.0 214.0 230.0 235.0 196.0 213.0 206.0 213.0 214.0 208.0 223.0 209.0 224.0 218.0 200.0 223.0 208.0 215.0 211.0 226.0 227.0 220.0 241.0 229.0 212.0 224.0 220.0 239.0 227.0 224.0 208.0 210.0 231.0 233.0 228.0 228.0 221.0 205.0 228.0 212.0 215.0 207.0 229.0 222.0 232.0 242.0 227.0 225.0 241.0 211.0 227.0 227.0 221.0 209.0 216.0 207.0 230.0 213.0 217.0 203.0 214.0 246.0 229.0 220.0 230.0 216.0 238.0 225.0 216.0 200.0 232.0 236.0 217.0 222.0 230.0 196.0 192.0 193.0 205.0 226.0 225.0 221.0 235.0 216.0 235.0 250.0 210.0 207.0 222.0 220.0 231.0 230.0 250.0 250.0 235.0 225.0 225.0 230.0 239.0 206.0 229.0 252.0 253.0 197.0 191.0 209.0 227.0 237.0 198.0 198.0 232.0 233.0 233.0 230.0 193.0 219.0 233.0 217.0 210.0 237.0 234.0 252.0 209.0 224.0 230.0 234.0 223.0 227.0 227.0 245.0 237.0 192.0 242.0 242.0 220.0 220.0 238.0 234.0 235.0 224.0 235.0 231.0 239.0 211.0 206.0 234.0 231.0 247.0 247.0 262.0 262.0 195.0 195.0 222.0 232.0 231.0 225.0 245.0 216.0 199.0 234.0 229.0 228.0 231.0 227.0 227.0 227.0 233.0 238.0 238.0 227.0 228.0 228.0 248.0 232.0 232.0 232.0 232.0 228.0 220.0 392.0 409.0 212.0 240.0 229.0 226.0348432055749 20.70705190241517
1 62.0 62.0 62.0 66.0 66.0 67.0 67.0 67.0 67.0 69.0 65.0 54.0 75.0 58.0 67.0 67.0 69.0 68.0 64.0 66.0 70.0 70.0 70.0 70.0 72.0 72.0 68.0 75.0 67.0 65.0 67.0 67.0 69.0 69.0 69.0 72.0 72.0 75.0 70.0 69.0 68.0 65.0 68.0 65.0 67.0 68.0 70.0 70.0 69.0 69.0 71.0 68.0 68.0 68.0 73.0 74.0 67.0 67.0 65.0 65.0 65.0 63.0 71.0 66.0 65.0 81.0 73.0 59.0 59.0 57.0 79.0 84.0 68.0 68.0 68.0 69.0 71.0 72.0 63.0 66.0 97.0 68.0 68.0 62.0 66.0 65.0 65.0 65.0 67.0 62.0 66.0 75.0 68.0 66.0 60.0 70.0 75.0 59.0 64.0 64.0 66.0 63.0 65.0 63.0 72.0 68.0 72.0 62.0 62.0 59.0 61.0 63.0 62.0 64.0 101.0 79.0 61.0 69.0 61.0 60.0 60.0 62.0 68.0 72.0 65.0 74.0 68.0 61.0 65.0 73.0 72.0 69.0 69.0 60.0 69.0 72.0 66.0 69.0 65.0 65.0 59.0 62.0 60.0 61.0 68.0 65.0 73.0 70.0 74.0 64.0 74.0 68.0 63.0 72.0 63.0 64.0 60.0 66.0 66.0 68.0 65.0 61.0 63.0 73.0 62.0 68.0 68.0 68.0 71.0 70.0 63.0 62.0 69.0 69.0 62.0 67.0 69.0 67.0 60.0 64.0 63.0 61.0 69.0 64.0 68.0 66.0 64.0 68.0 68.0 64.0 64.0 73.0 65.0 82.0 76.0 71.0 71.0 68.0 63.0 71.0 68.0 68.0 59.0 71.0 82.0 59.0 57.0 56.0 63.0 59.0 63.0 68.0 68.0 70.0 72.0 72.0 72.0 68.0 68.0 68.0 62.0 72.0 69.0 71.0 71.0 68.0 64.0 69.0 63.0 68.0 68.0 68.0 73.0 58.0 57.0 57.0 57.0 63.0 69.0 68.0 68.0 68.0 70.0 70.0 69.0 69.0 68.0 68.0 68.0 72.0 72.0 72.0 72.0 59.0 59.0 92.0 68.0 69.0 69.0 75.0 68.0 74.0 74.0 68.0 66.0 74.0 74.0 74.0 74.0 74.0 72.0 72.0 72.0 68.0 68.0 68.0 70.0 71.0 71.0 71.0 71.0 69.0 69.0 74.0 64.0 64.0 72.0 67.65156794425087 5.660301208479734
2 283.0 276.0 378.0 274.0 284.0 283.0 275.0 290.0 279.0 279.0 283.0 236.0 210.0 250.0 262.0 296.0 305.0 278.0 272.0 257.0 258.0 292.0 263.0 276.0 276.0 291.0 276.0 279.0 283.0 257.0 287.0 271.0 279.0 279.0 278.0 308.0 307.0 252.0 295.0 288.0 293.0 249.0 243.0 276.0 273.0 277.0 296.0 284.0 293.0 290.0 299.0 273.0 276.0 277.0 276.0 295.0 303.0 271.0 263.0 259.0 256.0 241.0 271.0 280.0 264.0 276.0 272.0 289.0 230.0 236.0 270.0 303.0 272.0 278.0 264.0 278.0 282.0 291.0 272.0 267.0 324.0 404.0 370.0 259.0 268.0 299.0 264.0 242.0 253.0 246.0 267.0 273.0 281.0 258.0 284.0 272.0 277.0 236.0 242.0 253.0 270.0 266.0 267.0 261.0 249.0 276.0 297.0 247.0 251.0 248.0 261.0 244.0 248.0 287.0 281.0 282.0 250.0 244.0 244.0 248.0 248.0 276.0 275.0 277.0 249.0 289.0 306.0 272.0 251.0 262.0 294.0 286.0 258.0 246.0 252.0 287.0 249.0 256.0 267.0 245.0 281.0 248.0 240.0 248.0 261.0 262.0 259.0 267.0 294.0 301.0 289.0 247.0 250.0 254.0 271.0 270.0 232.0 265.0 259.0 244.0 245.0 279.0 246.0 292.0 301.0 258.0 255.0 266.0 262.0 291.0 274.0 246.0 253.0 279.0 288.0 287.0 283.0 271.0 239.0 251.0 264.0 283.0 267.0 263.0 279.0 287.0 300.0 258.0 253.0 263.0 260.0 263.0 281.0 266.0 265.0 295.0 297.0 289.0 258.0 260.0 293.0 279.0 262.0 282.0 276.0 244.0 255.0 228.0 251.0 270.0 274.0 233.0 276.0 281.0 291.0 280.0 276.0 276.0 276.0 287.0 250.0 253.0 284.0 286.0 291.0 291.0 249.0 283.0 285.0 278.0 277.0 277.0 297.0 291.0 233.0 309.0 250.0 273.0 264.0 276.0 280.0 283.0 276.0 267.0 272.0 286.0 264.0 504.0 291.0 278.0 291.0 291.0 291.0 291.0 240.0 240.0 263.0 257.0 287.0 290.0 299.0 292.0 290.0 290.0 277.0 268.0 279.0 279.0 279.0 279.0 284.0 291.0 291.0 291.0 277.0 277.0 276.0 235.0 223.0 223.0 223.0 279.0 276.0 271.0 272.0 248.0 248.0 272.6341463414634 25.9610106641822
3 200.0 197.0 197.0 186.0 183.0 198.0 188.0 187.0 196.0 186.0 186.0 203.0 162.0 199.0 195.0 195.0 221.0 200.0 199.0 182.0 176.0 176.0 190.0 208.0 194.0 199.0 197.0 189.0 197.0 189.0 180.0 180.0 194.0 188.0 192.0 192.0 196.0 207.0 207.0 204.0 201.0 191.0 160.0 198.0 194.0 186.0 192.0 195.0 199.0 199.0 208.0 199.0 194.0 186.0 192.0 186.0 192.0 186.0 186.0 174.0 174.0 174.0 163.0 207.0 189.0 182.0 182.0 205.0 167.0 161.0 202.0 203.0 189.0 189.0 200.0 198.0 190.0 198.0 197.0 186.0 186.0 186.0 211.0 194.0 172.0 194.0 194.0 195.0 174.0 192.0 171.0 187.0 197.0 178.0 197.0 200.0 216.0 192.0 161.0 182.0 177.0 198.0 186.0 183.0 171.0 168.0 197.0 166.0 165.0 174.0 184.0 173.0 170.0 171.0 200.0 183.0 200.0 171.0 190.0 235.0 188.0 187.0 192.0 207.0 183.0 205.0 205.0 187.0 203.0 188.0 186.0 211.0 204.0 197.0 167.0 184.0 190.0 176.0 200.0 175.0 175.0 175.0 168.0 171.0 201.0 198.0 174.0 187.0 167.0 200.0 202.0 184.0 186.0 172.0 205.0 177.0 200.0 155.0 179.0 218.0 190.0 172.0 182.0 144.0 190.0 187.0 193.0 173.0 181.0 188.0 208.0 163.0 170.0 172.0 190.0 209.0 184.0 186.0 194.0 175.0 193.0 189.0 191.0 204.0 198.0 177.0 175.0 186.0 183.0 171.0 191.0 181.0 189.0 163.0 196.0 193.0 213.0 204.0 195.0 171.0 197.0 194.0 177.0 173.0 199.0 187.0 165.0 164.0 158.0 194.0 182.0 164.0 160.0 160.0 209.0 171.0 190.0 188.0 188.0 198.0 187.0 162.0 177.0 199.0 190.0 218.0 218.0 186.0 198.0 195.0 195.0 205.0 195.0 196.0 170.0 160.0 199.0 179.0 171.0 193.0 184.0 198.0 191.0 185.0 190.0 187.0 191.0 212.0 212.0 194.0 184.0 198.0 198.0 198.0 163.0 169.0 197.0 184.0 192.0 192.0 207.0 203.0 198.0 198.0 207.0 189.0 175.0 181.0 197.0 197.0 197.0 197.0 199.0 199.0 194.0 188.0 188.0 197.0 167.0 197.0 168.0 227.0 193.0 193.0 193.0 172.0 175.0 188.49825783972125 13.844257238751625
4 302.0 322.0 318.0 318.0 290.0 298.0 318.0 302.0 311.0 314.0 314.0 314.0 305.0 249.0 307.0 302.0 317.0 311.0 312.0 308.0 286.0 277.0 272.0 305.0 291.0 311.0 312.0 313.0 303.0 313.0 271.0 293.0 303.0 295.0 303.0 305.0 312.0 331.0 324.0 324.0 315.0 321.0 297.0 254.0 302.0 311.0 297.0 315.0 305.0 318.0 318.0 315.0 305.0 306.0 293.0 297.0 275.0 292.0 287.0 287.0 271.0 278.0 260.0 262.0 305.0 317.0 286.0 310.0 308.0 247.0 260.0 313.0 305.0 304.0 299.0 309.0 298.0 282.0 313.0 264.0 291.0 299.0 299.0 318.0 287.0 278.0 297.0 296.0 306.0 293.0 270.0 278.0 297.0 297.0 276.0 301.0 312.0 306.0 258.0 253.0 275.0 298.0 298.0 288.0 290.0 256.0 246.0 286.0 259.0 269.0 276.0 296.0 266.0 271.0 276.0 286.0 302.0 281.0 260.0 300.0 312.0 311.0 323.0 303.0 301.0 315.0 317.0 287.0 296.0 266.0 287.0 308.0 302.0 299.0 270.0 266.0 291.0 299.0 278.0 302.0 277.0 260.0 260.0 262.0 268.0 296.0 306.0 276.0 306.0 302.0 318.0 320.0 308.0 280.0 284.0 319.0 311.0 235.0 243.0 305.0 322.0 290.0 328.0 259.0 273.0 313.0 312.0 296.0 278.0 285.0 305.0 316.0 270.0 268.0 281.0 378.0 304.0 297.0 292.0 298.0 310.0 294.0 305.0 283.0 313.0 311.0 264.0 274.0 270.0 293.0 317.0 288.0 279.0 258.0 267.0 292.0 284.0 321.0 308.0 296.0 269.0 316.0 308.0 290.0 282.0 308.0 299.0 270.0 240.0 253.0 311.0 306.0 260.0 273.0 273.0 308.0 321.0 304.0 315.0 300.0 305.0 249.0 275.0 301.0 311.0 309.0 278.0 278.0 297.0 312.0 317.0 300.0 307.0 307.0 312.0 259.0 259.0 308.0 280.0 291.0 303.0 306.0 322.0 314.0 298.0 269.0 306.0 300.0 319.0 334.0 301.0 301.0 316.0 316.0 316.0 261.0 271.0 279.0 294.0 307.0 286.0 312.0 324.0 316.0 316.0 307.0 302.0 280.0 313.0 313.0 313.0 313.0 315.0 317.0 317.0 299.0 312.0 312.0 305.0 328.0 331.0 331.0 331.0 309.0 318.0 318.0 279.0 295.9581881533101 20.882580342014688
5 4.0 4.0 4.0 4.0 4.0 4.0 4.0 4.0 5.0 5.0 4.0 4.0 4.0 4.0 4.0 4.0 4.0 4.0 5.0 5.0 5.0 4.0 4.0 4.0 4.0 4.0 4.0 4.0 4.0 4.0 4.0 5.0 5.0 5.0 5.0 5.0 5.0 5.0 5.0 5.0 5.0 5.0 5.0 5.0 5.0 5.0 5.0 5.0 5.0 5.0 5.0 5.0 5.0 5.0 5.0 4.0 4.0 4.0 4.0 4.0 4.0 4.0 4.0 4.0 4.0 4.0 4.0 5.0 5.0 5.0 3.0 3.0 3.0 3.0 3.0 3.0 3.0 3.0 3.0 4.0 4.0 4.0 4.0 4.0 4.0 3.0 3.0 3.0 3.0 3.0 3.0 3.0 3.0 3.0 3.0 3.0 3.0 3.0 3.0 3.0 3.0 3.0 3.0 3.0 4.0 4.0 3.0 3.0 3.0 3.0 4.0 4.0 4.0 4.0 4.0 4.0 4.0 4.0 4.0 4.0 4.0 4.0 4.0 4.0 5.0 5.0 5.0 5.0 4.0 4.0 4.0 4.0 4.0 4.0 4.0 3.0 4.0 4.0 4.0 4.0 4.0 4.0 4.0 4.0 3.0 3.0 3.0 3.0 3.0 3.0 5.0 5.0 5.0 5.0 5.0 5.0 5.0 5.0 3.0 3.0 3.0 3.0 3.0 5.0 4.0 4.0 4.0 4.0 3.0 3.0 3.0 3.0 3.0 3.0 4.0 4.0 4.0 4.0 4.0 4.0 4.0 4.0 4.0 4.0 4.0 4.0 4.0 4.0 4.0 4.0 4.0 4.0 4.0 4.0 4.0 5.0 5.0 5.0 5.0 5.0 4.0 4.0 4.0 4.0 4.0 4.0 4.0 4.0 4.0 3.0 3.0 3.0 3.0 3.0 3.0 3.0 3.0 3.0 3.0 3.0 3.0 3.0 3.0 3.0 3.0 3.0 3.0 3.0 3.0 3.0 4.0 4.0 4.0 4.0 4.0 4.0 3.0 3.0 3.0 3.0 3.0 3.0 3.0 3.0 3.0 3.0 3.0 4.0 4.0 4.0 4.0 4.0 4.0 4.0 4.0 4.0 4.0 4.0 4.0 4.0 4.0 4.0 4.0 4.0 4.0 4.0 4.0 3.0 3.0 3.0 3.0 3.0 3.0 3.0 3.0 3.0 3.0 3.0 3.0 3.0 3.0 3.0 3.0 3.0 4.0 4.0 4.0 3.8292682926829276 0.7012330457206878
6 400.0 343.0 358.0 353.0 353.0 323.0 331.0 347.0 328.0 348.0 348.0 332.0 332.0 329.0 295.0 348.0 350.0 349.0 352.0 356.0 341.0 317.0 306.0 351.0 351.0 346.0 345.0 345.0 345.0 343.0 343.0 358.0 412.0 326.0 336.0 317.0 346.0 368.0 351.0 349.0 349.0 349.0 358.0 314.0 302.0 343.0 345.0 325.0 328.0 339.0 358.0 358.0 356.0 364.0 338.0 351.0 334.0 303.0 321.0 327.0 327.0 327.0 334.0 295.0 293.0 365.0 363.0 507.0 349.0 344.0 362.0 337.0 310.0 330.0 389.0 367.0 366.0 330.0 299.0 356.0 319.0 345.0 333.0 368.0 371.0 348.0 336.0 338.0 336.0 322.0 358.0 299.0 306.0 347.0 339.0 317.0 327.0 532.0 349.0 290.0 271.0 310.0 358.0 408.0 323.0 325.0 296.0 294.0 317.0 300.0 313.0 312.0 335.0 314.0 303.0 302.0 341.0 332.0 379.0 301.0 372.0 357.0 353.0 341.0 295.0 343.0 336.0 332.0 360.0 322.0 327.0 333.0 361.0 374.0 338.0 303.0 297.0 327.0 322.0 307.0 345.0 306.0 341.0 350.0 294.0 293.0 350.0 349.0 302.0 355.0 365.0 369.0 368.0 329.0 378.0 341.0 367.0 340.0 290.0 269.0 322.0 358.0 327.0 366.0 304.0 307.0 427.0 328.0 324.0 339.0 347.0 361.0 366.0 369.0 296.0 317.0 347.0 361.0 351.0 335.0 423.0 353.0 355.0 342.0 325.0 347.0 312.0 308.0 304.0 597.0 320.0 299.0 323.0 334.0 317.0 339.0 321.0 338.0 365.0 346.0 347.0 347.0 352.0 345.0 324.0 312.0 365.0 328.0 304.0 273.0 288.0 346.0 342.0 292.0 339.0 339.0 421.0 352.0 338.0 332.0 332.0 340.0 342.0 304.0 335.0 352.0 347.0 365.0 342.0 359.0 348.0 351.0 346.0 345.0 345.0 350.0 302.0 312.0 348.0 366.0 352.0 359.0 337.0 352.0 362.0 327.0 327.0 354.0 349.0 340.0 340.0 315.0 330.0 350.0 350.0 353.0 347.0 347.0 311.0 330.0 339.0 323.0 351.0 357.0 350.0 349.0 353.0 339.0 339.0 339.0 339.0 339.0 339.0 351.0 352.0 352.0 339.0 344.0 344.0 344.0 363.0 364.0 301.0 301.0 350.0 353.0 353.0 340.18815331010455 32.3879369606004
7 510.0 493.0 476.0 469.0 546.0 1009.0 457.0 458.0 490.0 469.0 479.0 501.0 491.0 491.0 484.0 413.0 473.0 486.0 490.0 501.0 490.0 487.0 472.0 432.0 413.0 506.0 495.0 473.0 479.0 479.0 484.0 484.0 494.0 501.0 465.0 451.0 435.0 439.0 439.0 478.0 490.0 461.0 500.0 483.0 454.0 416.0 427.0 472.0 459.0 470.0 478.0 491.0 586.0 490.0 468.0 489.0 474.0 466.0 397.0 410.0 475.0 450.0 450.0 434.0 421.0 418.0 503.0 478.0 498.0 477.0 483.0 480.0 433.0 429.0 430.0 504.0 530.0 523.0 449.0 426.0 426.0 474.0 482.0 471.0 480.0 513.0 480.0 438.0 490.0 460.0 469.0 501.0 434.0 430.0 494.0 486.0 431.0 449.0 475.0 441.0 428.0 390.0 445.0 462.0 436.0 464.0 459.0 427.0 420.0 442.0 453.0 437.0 450.0 464.0 442.0 442.0 443.0 447.0 623.0 506.0 456.0 455.0 519.0 507.0 415.0 438.0 428.0 427.0 496.0 501.0 457.0 457.0 450.0 475.0 498.0 476.0 433.0 420.0 453.0 453.0 427.0 462.0 457.0 442.0 484.0 401.0 405.0 486.0 500.0 529.0 546.0 537.0 493.0 496.0 492.0 484.0 492.0 514.0 485.0 415.0 411.0 454.0 449.0 464.0 473.0 423.0 413.0 470.0 464.0 488.0 504.0 475.0 476.0 534.0 501.0 491.0 485.0 485.0 500.0 457.0 423.0 464.0 479.0 467.0 476.0 473.0 484.0 436.0 428.0 423.0 522.0 434.0 440.0 485.0 532.0 467.0 480.0 467.0 454.0 513.0 486.0 468.0 478.0 484.0 480.0 449.0 442.0 486.0 467.0 433.0 402.0 379.0 493.0 451.0 411.0 451.0 485.0 485.0 483.0 487.0 479.0 479.0 515.0 476.0 429.0 442.0 502.0 488.0 527.0 482.0 482.0 493.0 487.0 512.0 479.0 500.0 500.0 441.0 406.0 496.0 464.0 448.0 466.0 481.0 502.0 496.0 476.0 415.0 478.0 495.0 484.0 484.0 459.0 475.0 501.0 505.0 500.0 478.0 500.0 446.0 456.0 481.0 462.0 485.0 500.0 510.0 510.0 506.0 485.0 540.0 540.0 540.0 540.0 540.0 505.0 505.0 505.0 514.0 471.0 485.0 485.0 519.0 515.0 438.0 438.0 490.0 485.0 473.8710801393728 46.37910933917287
8 617.0 637.0 726.0 632.0 613.0 620.0 749.0 692.0 645.0 670.0 666.0 711.0 628.0 702.0 641.0 651.0 583.0 560.0 663.0 663.0 676.0 675.0 663.0 634.0 652.0 619.0 650.0 665.0 630.0 638.0 726.0 671.0 653.0 665.0 682.0 648.0 754.0 594.0 596.0 592.0 671.0 672.0 653.0 5630.0 605.0 664.0 615.0 589.0 650.0 646.0 635.0 628.0 658.0 655.0 789.0 660.0 701.0 689.0 655.0 544.0 542.0 668.0 641.0 651.0 657.0 577.0 572.0 576.0 678.0 709.0 653.0 645.0 654.0 621.0 603.0 581.0 672.0 674.0 654.0 642.0 582.0 585.0 617.0 635.0 655.0 655.0 661.0 655.0 628.0 646.0 637.0 615.0 615.0 594.0 586.0 615.0 731.0 639.0 589.0 625.0 612.0 588.0 566.0 534.0 587.0 594.0 648.0 637.0 603.0 608.0 652.0 633.0 613.0 576.0 628.0 626.0 589.0 581.0 581.0 678.0 633.0 729.0 635.0 654.0 694.0 619.0 591.0 573.0 571.0 599.0 679.0 648.0 623.0 658.0 680.0 671.0 677.0 678.0 588.0 578.0 614.0 565.0 596.0 639.0 613.0 687.0 559.0 564.0 570.0 681.0 688.0 684.0 709.0 672.0 671.0 668.0 667.0 684.0 688.0 646.0 557.0 549.0 545.0 624.0 641.0 646.0 539.0 551.0 604.0 632.0 581.0 635.0 667.0 662.0 681.0 698.0 679.0 685.0 2702.0 2702.0 2702.0 600.0 608.0 663.0 670.0 718.0 652.0 592.0 554.0 561.0 575.0 588.0 670.0 663.0 655.0 638.0 666.0 639.0 633.0 658.0 709.0 682.0 664.0 657.0 661.0 666.0 633.0 628.0 600.0 701.0 620.0 518.0 538.0 543.0 543.0 547.0 567.0 658.0 656.0 748.0 680.0 676.0 1689.0 682.0 682.0 585.0 600.0 636.0 677.0 697.0 654.0 661.0 686.0 674.0 650.0 650.0 685.0 663.0 633.0 597.0 570.0 679.0 665.0 660.0 665.0 688.0 682.0 693.0 634.0 648.0 636.0 649.0 652.0 702.0 653.0 709.0 653.0 658.0 662.0 707.0 684.0 651.0 610.0 614.0 620.0 669.0 650.0 658.0 642.0 658.0 662.0 658.0 665.0 676.0 669.0 669.0 669.0 669.0 669.0 685.0 677.0 681.0 686.0 686.0 662.0 662.0 662.0 683.9094076655053 368.22020264844116
9 1009.0 956.0 929.0 936.0 949.0 889.0 882.0 934.0 980.0 1043.0 986.0 963.0 974.0 960.0 933.0 941.0 953.0 885.0 861.0 884.0 950.0 961.0 968.0 974.0 980.0 947.0 877.0 859.0 849.0 1094.0 956.0 940.0 1016.0 1001.0 970.0 972.0 966.0 953.0 989.0 876.0 882.0 878.0 919.0 970.0 967.0 1021.0 912.0 955.0 883.0 868.0 923.0 978.0 990.0 933.0 974.0 954.0 937.0 955.0 950.0 961.0 965.0 844.0 793.0 857.0 958.0 953.0 939.0 841.0 821.0 825.0 950.0 966.0 953.0 965.0 961.0 954.0 1017.0 935.0 939.0 998.0 913.0 933.0 955.0 928.0 948.0 904.0 912.0 941.0 986.0 979.0 940.0 881.0 963.0 947.0 925.0 960.0 1026.0 896.0 950.0 897.0 886.0 909.0 907.0 832.0 807.0 802.0 832.0 865.0 933.0 883.0 898.0 905.0 909.0 902.0 866.0 849.0 895.0 910.0 868.0 845.0 857.0 884.0 1004.0 1093.0 1018.0 869.0 860.0 896.0 880.0 843.0 853.0 836.0 989.0 986.0 917.0 973.0 961.0 934.0 952.0 986.0 896.0 987.0 962.0 893.0 887.0 877.0 918.0 904.0 823.0 846.0 828.0 972.0 965.0 1192.0 1005.0 1037.0 991.0 961.0 986.0 984.0 943.0 903.0 818.0 793.0 799.0 875.0 957.0 962.0 783.0 781.0 832.0 956.0 916.0 1065.0 1113.0 1085.0 983.0 1017.0 999.0 1000.0 906.0 936.0 1095.0 840.0 872.0 862.0 902.0 992.0 968.0 969.0 820.0 836.0 824.0 823.0 852.0 914.0 872.0 871.0 993.0 922.0 984.0 1011.0 985.0 991.0 1001.0 1005.0 1005.0 960.0 936.0 965.0 903.0 939.0 871.0 785.0 780.0 926.0 973.0 793.0 844.0 843.0 1000.0 975.0 1003.0 1003.0 1031.0 1031.0 993.0 847.0 856.0 877.0 942.0 980.0 1006.0 1010.0 1005.0 1004.0 1041.0 923.0 923.0 1090.0 894.0 857.0 851.0 866.0 985.0 976.0 988.0 970.0 1041.0 1021.0 921.0 955.0 950.0 950.0 953.0 907.0 902.0 920.0 947.0 1053.0 936.0 1006.0 1001.0 932.0 907.0 919.0 908.0 933.0 934.0 955.0 963.0 951.0 962.0 961.0 988.0 971.0 973.0 973.0 973.0 973.0 973.0 1030.0 979.0 974.0 1022.0 1066.0 1066.0 936.6062717770035 66.88651564039861
10 484.0 506.0 510.0 550.0 521.0 461.0 461.0 461.0 478.0 463.0 495.0 495.0 495.0 482.0 511.0 529.0 483.0 447.0 489.0 488.0 479.0 419.0 459.0 465.0 491.0 530.0 521.0 536.0 514.0 517.0 498.0 527.0 538.0 507.0 488.0 488.0 488.0 564.0 552.0 543.0 487.0 488.0 475.0 447.0 513.0 513.0 513.0 474.0 652.0 502.0 636.0 496.0 494.0 499.0 456.0 452.0 475.0 488.0 497.0 485.0 524.0 528.0 503.0 513.0 482.0 529.0 509.0 482.0 624.0 492.0 448.0 583.0 507.0 534.0 496.0 522.0 444.0 425.0 491.0 471.0 466.0 561.0 438.0 409.0 507.0 497.0 508.0 485.0 513.0 497.0 505.0 570.0 458.0 473.0 485.0 506.0 479.0 497.0 437.0 530.0 497.0 509.0 462.0 459.0 500.0 467.0 410.0 421.0 390.0 390.0 490.0 596.0 454.0 455.0 436.0 424.0 432.0 427.0 450.0 437.0 440.0 458.0 434.0 480.0 470.0 486.0 483.0 454.0 456.0 491.0 459.0 435.0 419.0 429.0 507.0 513.0 507.0 587.0 479.0 485.0 515.0 498.0 511.0 492.0 486.0 472.0 474.0 495.0 476.0 457.0 457.0 746.0 499.0 632.0 509.0 426.0 415.0 517.0 602.0 544.0 534.0 510.0 457.0 477.0 507.0 400.0 445.0 475.0 505.0 510.0 427.0 411.0 441.0 481.0 439.0 640.0 566.0 485.0 433.0 459.0 484.0 530.0 521.0 490.0 568.0 508.0 508.0 523.0 502.0 493.0 464.0 450.0 424.0 407.0 492.0 483.0 462.0 422.0 420.0 474.0 495.0 473.0 439.0 476.0 491.0 507.0 587.0 548.0 508.0 482.0 521.0 498.0 462.0 465.0 519.0 466.0 444.0 519.0 432.0 421.0 420.0 503.0 507.0 488.0 488.0 560.0 521.0 521.0 521.0 521.0 431.0 442.0 517.0 507.0 503.0 511.0 492.0 528.0 527.0 527.0 527.0 527.0 413.0 442.0 450.0 427.0 531.0 480.0 491.0 527.0 507.0 613.0 501.0 485.0 518.0 505.0 491.0 484.0 515.0 487.0 468.0 468.0 473.0 473.0 473.0 525.0 487.0 436.0 501.0 461.0 463.0 464.0 509.0 502.0 543.0 507.0 495.0 495.0 496.0 497.0 497.0 497.0 437.0 437.0 437.0 572.0 500.0 490.42857142857144 45.944489374636696
11 569.0 601.0 652.0 674.0 666.0 647.0 630.0 604.0 604.0 596.0 647.0 663.0 646.0 659.0 575.0 687.0 668.0 645.0 613.0 607.0 726.0 568.0 571.0 600.0 604.0 609.0 641.0 670.0 672.0 677.0 678.0 677.0 640.0 693.0 672.0 624.0 592.0 585.0 604.0 646.0 639.0 675.0 623.0 620.0 616.0 582.0 666.0 676.0 672.0 641.0 665.0 632.0 658.0 644.0 595.0 604.0 592.0 597.0 635.0 649.0 649.0 710.0 641.0 658.0 651.0 648.0 628.0 661.0 637.0 628.0 675.0 638.0 640.0 810.0 657.0 772.0 659.0 668.0 622.0 581.0 602.0 598.0 619.0 567.0 542.0 665.0 631.0 596.0 691.0 641.0 658.0 635.0 646.0 631.0 584.0 615.0 625.0 632.0 656.0 613.0 617.0 616.0 619.0 668.0 655.0 631.0 646.0 561.0 517.0 586.0 562.0 593.0 650.0 614.0 591.0 583.0 526.0 520.0 553.0 548.0 604.0 578.0 567.0 583.0 579.0 622.0 610.0 624.0 636.0 584.0 585.0 643.0 570.0 547.0 555.0 568.0 665.0 684.0 651.0 664.0 639.0 629.0 663.0 670.0 657.0 649.0 637.0 629.0 619.0 609.0 602.0 599.0 662.0 808.0 638.0 681.0 560.0 546.0 546.0 591.0 696.0 688.0 657.0 631.0 611.0 610.0 559.0 561.0 583.0 596.0 625.0 655.0 505.0 588.0 536.0 521.0 593.0 717.0 736.0 745.0 598.0 627.0 631.0 644.0 656.0 590.0 665.0 753.0 662.0 649.0 616.0 592.0 586.0 560.0 539.0 603.0 668.0 671.0 556.0 552.0 552.0 623.0 653.0 565.0 572.0 627.0 636.0 681.0 681.0 665.0 656.0 691.0 653.0 619.0 588.0 703.0 591.0 588.0 611.0 648.0 523.0 537.0 536.0 677.0 670.0 688.0 713.0 712.0 662.0 557.0 662.0 565.0 571.0 584.0 667.0 673.0 662.0 658.0 675.0 662.0 662.0 631.0 619.0 619.0 533.0 535.0 548.0 620.0 651.0 627.0 631.0 654.0 662.0 662.0 652.0 662.0 641.0 638.0 640.0 637.0 659.0 623.0 651.0 655.0 635.0 635.0 708.0 666.0 621.0 571.0 645.0 637.0 662.0 626.0 651.0 612.0 660.0 642.0 690.0 649.0 648.0 648.0 648.0 648.0 570.0 570.0 662.0 628.1393728222996 48.22740512612803
12 7.0 7.0 8.0 8.0 8.0 8.0 8.0 8.0 8.0 8.0 8.0 8.0 8.0 8.0 8.0 8.0 8.0 8.0 8.0 8.0 8.0 8.0 8.0 6.0 6.0 7.0 7.0 7.0 7.0 7.0 7.0 7.0 7.0 7.0 7.0 7.0 7.0 7.0 7.0 7.0 7.0 7.0 7.0 7.0 8.0 7.0 7.0 7.0 7.0 8.0 8.0 8.0 8.0 8.0 8.0 9.0 9.0 7.0 7.0 7.0 7.0 7.0 7.0 7.0 7.0 7.0 7.0 7.0 7.0 8.0 8.0 8.0 8.0 8.0 8.0 8.0 8.0 7.0 8.0 7.0 7.0 8.0 8.0 6.0 6.0 8.0 8.0 8.0 8.0 8.0 8.0 8.0 8.0 8.0 8.0 6.0 6.0 6.0 6.0 6.0 6.0 6.0 6.0 7.0 7.0 6.0 8.0 8.0 8.0 7.0 6.0 6.0 6.0 6.0 6.0 7.0 8.0 6.0 6.0 6.0 7.0 7.0 7.0 7.0 7.0 7.0 7.0 7.0 6.0 7.0 7.0 7.0 7.0 7.0 7.0 7.0 7.0 7.0 7.0 7.0 7.0 7.0 8.0 8.0 8.0 8.0 8.0 8.0 8.0 8.0 8.0 8.0 8.0 8.0 8.0 8.0 8.0 8.0 6.0 8.0 8.0 8.0 8.0 8.0 8.0 7.0 8.0 6.0 6.0 7.0 7.0 7.0 7.0 7.0 7.0 6.0 8.0 8.0 8.0 9.0 9.0 9.0 9.0 7.0 7.0 7.0 7.0 7.0 7.0 7.0 7.0 7.0 7.0 8.0 7.0 7.0 7.0 7.0 7.0 7.0 7.0 7.0 7.0 7.0 7.0 7.0 8.0 8.0 8.0 8.0 8.0 8.0 8.0 8.0 8.0 7.0 8.0 8.0 7.0 7.0 7.0 6.0 7.0 7.0 7.0 9.0 9.0 9.0 9.0 9.0 9.0 9.0 9.0 7.0 7.0 7.0 8.0 8.0 8.0 8.0 8.0 8.0 8.0 8.0 8.0 8.0 6.0 7.0 7.0 7.0 7.0 7.0 7.0 7.0 7.0 8.0 8.0 8.0 8.0 8.0 8.0 8.0 8.0 8.0 8.0 8.0 8.0 8.0 8.0 8.0 8.0 8.0 8.0 8.0 8.0 8.0 8.0 8.0 8.0 8.0 8.0 8.0 8.0 8.0 8.0 8.0 8.0 7.463414634146341 0.7370463014996571
13 85.0 84.0 98.0 99.0 106.0 98.0 98.0 95.0 101.0 99.0 99.0 96.0 100.0 99.0 120.0 120.0 85.0 102.0 102.0 93.0 93.0 99.0 94.0 84.0 99.0 88.0 88.0 93.0 98.0 99.0 94.0 94.0 99.0 99.0 99.0 90.0 89.0 89.0 101.0 101.0 92.0 95.0 95.0 95.0 92.0 84.0 88.0 88.0 88.0 98.0 97.0 97.0 95.0 95.0 95.0 95.0 95.0 86.0 95.0 95.0 96.0 102.0 102.0 89.0 98.0 93.0 101.0 94.0 94.0 96.0 94.0 94.0 94.0 105.0 97.0 95.0 95.0 96.0 97.0 85.0 85.0 95.0 93.0 77.0 77.0 95.0 95.0 91.0 91.0 91.0 95.0 93.0 95.0 96.0 96.0 97.0 94.0 94.0 90.0 93.0 93.0 99.0 98.0 92.0 96.0 83.0 90.0 87.0 91.0 84.0 102.0 77.0 86.0 86.0 91.0 87.0 85.0 77.0 99.0 89.0 77.0 88.0 85.0 78.0 92.0 92.0 84.0 89.0 102.0 118.0 88.0 89.0 99.0 88.0 98.0 90.0 182.0 103.0 98.0 98.0 98.0 126.0 99.0 96.0 98.0 97.0 97.0 97.0 92.0 92.0 92.0 85.0 94.0 157.0 157.0 96.0 87.0 93.0 80.0 94.0 94.0 94.0 97.0 99.0 94.0 90.0 91.0 98.0 76.0 87.0 82.0 97.0 99.0 93.0 104.0 72.0 98.0 90.0 90.0 111.0 123.0 123.0 86.0 96.0 99.0 94.0 94.0 104.0 99.0 99.0 99.0 89.0 87.0 92.0 86.0 85.0 85.0 84.0 94.0 83.0 81.0 83.0 94.0 96.0 89.0 90.0 95.0 99.0 99.0 99.0 100.0 97.0 96.0 96.0 92.0 92.0 100.0 95.0 88.0 96.0 96.0 76.0 82.0 82.0 106.0 101.0 101.0 101.0 101.0 96.0 96.0 96.0 96.0 87.0 92.0 94.0 98.0 98.0 105.0 119.0 119.0 119.0 119.0 119.0 119.0 119.0 79.0 84.0 127.0 99.0 95.0 100.0 99.0 99.0 99.0 99.0 98.0 98.0 98.0 95.0 91.0 91.0 88.0 88.0 88.0 94.0 94.0 94.0 94.0 98.0 98.0 98.0 89.0 92.0 94.0 94.0 91.0 91.0 96.0 96.0 96.0 96.0 96.0 96.0 96.0 96.0 96.0 95.49477351916377 11.163398948568076
14 617.0 554.0 552.0 632.0 629.0 629.0 618.0 617.0 553.0 556.0 553.0 560.0 605.0 610.0 622.0 619.0 536.0 559.0 623.0 613.0 572.0 577.0 600.0 594.0 615.0 602.0 569.0 580.0 586.0 611.0 625.0 599.0 624.0 621.0 609.0 593.0 563.0 563.0 608.0 608.0 608.0 595.0 579.0 621.0 582.0 578.0 547.0 543.0 622.0 620.0 601.0 591.0 587.0 609.0 659.0 604.0 591.0 558.0 545.0 542.0 590.0 590.0 590.0 662.0 637.0 572.0 590.0 550.0 543.0 599.0 599.0 592.0 606.0 585.0 657.0 627.0 588.0 584.0 623.0 616.0 594.0 519.0 589.0 580.0 582.0 614.0 603.0 542.0 569.0 576.0 536.0 571.0 603.0 582.0 536.0 541.0 607.0 603.0 581.0 572.0 622.0 579.0 561.0 604.0 609.0 567.0 539.0 522.0 543.0 570.0 623.0 582.0 536.0 503.0 490.0 569.0 574.0 558.0 486.0 494.0 503.0 523.0 552.0 543.0 545.0 536.0 537.0 520.0 583.0 585.0 566.0 589.0 625.0 552.0 607.0 613.0 619.0 679.0 511.0 518.0 619.0 520.0 517.0 601.0 547.0 536.0 596.0 553.0 600.0 586.0 555.0 507.0 544.0 595.0 547.0 555.0 599.0 656.0 529.0 509.0 501.0 598.0 598.0 609.0 609.0 605.0 569.0 576.0 486.0 475.0 545.0 545.0 550.0 616.0 589.0 498.0 478.0 569.0 572.0 560.0 681.0 674.0 696.0 540.0 564.0 549.0 584.0 584.0 628.0 631.0 628.0 536.0 559.0 555.0 568.0 623.0 615.0 590.0 552.0 526.0 511.0 507.0 516.0 609.0 617.0 619.0 605.0 590.0 597.0 632.0 632.0 639.0 627.0 598.0 606.0 590.0 572.0 620.0 583.0 609.0 601.0 582.0 483.0 495.0 482.0 609.0 625.0 614.0 614.0 621.0 633.0 624.0 624.0 549.0 532.0 535.0 590.0 624.0 637.0 597.0 552.0 885.0 617.0 617.0 617.0 576.0 497.0 497.0 507.0 507.0 575.0 574.0 582.0 641.0 617.0 617.0 809.0 614.0 622.0 598.0 588.0 576.0 584.0 591.0 596.0 566.0 604.0 565.0 555.0 617.0 619.0 617.0 560.0 560.0 599.0 607.0 617.0 572.0 587.0 604.0 591.0 591.0 602.0 603.0 607.0 607.0 607.0 583.4843205574913 46.14888036442368
15 395.0 404.0 378.0 366.0 366.0 419.0 407.0 403.0 395.0 359.0 349.0 336.0 403.0 405.0 398.0 400.0 406.0 407.0 407.0 356.0 418.0 382.0 382.0 395.0 389.0 387.0 360.0 408.0 407.0 377.0 385.0 405.0 402.0 391.0 402.0 402.0 403.0 378.0 367.0 374.0 416.0 416.0 395.0 395.0 391.0 406.0 378.0 368.0 354.0 365.0 405.0 405.0 395.0 386.0 372.0 384.0 386.0 384.0 384.0 345.0 343.0 376.0 393.0 393.0 420.0 422.0 418.0 388.0 312.0 327.0 389.0 391.0 385.0 381.0 374.0 380.0 389.0 384.0 387.0 394.0 399.0 405.0 340.0 376.0 393.0 376.0 374.0 323.0 337.0 381.0 404.0 393.0 389.0 392.0 382.0 368.0 354.0 379.0 400.0 384.0 370.0 357.0 375.0 341.0 386.0 399.0 393.0 349.0 362.0 361.0 358.0 369.0 355.0 351.0 346.0 344.0 369.0 373.0 370.0 344.0 330.0 362.0 330.0 364.0 347.0 346.0 366.0 331.0 336.0 348.0 446.0 417.0 372.0 389.0 389.0 367.0 383.0 386.0 387.0 331.0 344.0 357.0 327.0 339.0 361.0 338.0 345.0 400.0 363.0 380.0 366.0 373.0 366.0 328.0 359.0 393.0 351.0 351.0 367.0 368.0 325.0 329.0 377.0 378.0 383.0 390.0 389.0 390.0 367.0 372.0 312.0 355.0 357.0 393.0 396.0 395.0 375.0 306.0 321.0 382.0 357.0 357.0 459.0 453.0 352.0 375.0 382.0 369.0 398.0 338.0 418.0 411.0 411.0 365.0 358.0 350.0 407.0 407.0 399.0 349.0 372.0 325.0 331.0 336.0 359.0 359.0 404.0 403.0 401.0 387.0 396.0 405.0 420.0 414.0 400.0 387.0 398.0 386.0 368.0 403.0 380.0 362.0 382.0 307.0 353.0 329.0 357.0 390.0 399.0 403.0 403.0 407.0 402.0 402.0 402.0 350.0 354.0 372.0 406.0 419.0 403.0 369.0 369.0 369.0 384.0 384.0 384.0 384.0 322.0 332.0 332.0 332.0 379.0 378.0 379.0 403.0 403.0 403.0 389.0 376.0 391.0 391.0 377.0 373.0 373.0 364.0 365.0 387.0 380.0 380.0 384.0 403.0 403.0 403.0 368.0 366.0 389.0 397.0 399.0 371.0 398.0 400.0 387.0 387.0 395.0 395.0 395.0 377.7282229965157 26.0151113558868
16 134.0 134.0 141.0 141.0 127.0 127.0 139.0 139.0 140.0 140.0 123.0 121.0 116.0 142.0 142.0 138.0 138.0 142.0 142.0 142.0 142.0 145.0 127.0 132.0 136.0 136.0 136.0 136.0 141.0 141.0 134.0 134.0 140.0 141.0 133.0 133.0 136.0 131.0 137.0 126.0 138.0 138.0 138.0 138.0 135.0 133.0 141.0 131.0 132.0 122.0 141.0 141.0 141.0 140.0 122.0 132.0 134.0 135.0 135.0 135.0 119.0 132.0 131.0 131.0 131.0 131.0 145.0 133.0 132.0 103.0 130.0 133.0 133.0 134.0 134.0 122.0 133.0 154.0 136.0 136.0 132.0 141.0 141.0 115.0 130.0 136.0 132.0 132.0 111.0 135.0 130.0 130.0 130.0 127.0 136.0 134.0 121.0 123.0 134.0 142.0 133.0 133.0 130.0 133.0 117.0 140.0 145.0 136.0 120.0 121.0 121.0 126.0 138.0 127.0 130.0 129.0 129.0 127.0 127.0 129.0 104.0 104.0 139.0 112.0 120.0 118.0 127.0 121.0 137.0 117.0 122.0 131.0 128.0 135.0 123.0 141.0 135.0 138.0 153.0 133.0 128.0 140.0 114.0 114.0 115.0 125.0 110.0 129.0 139.0 124.0 138.0 131.0 131.0 131.0 112.0 138.0 118.0 127.0 127.0 127.0 115.0 114.0 140.0 132.0 132.0 131.0 136.0 137.0 140.0 125.0 135.0 108.0 130.0 136.0 136.0 139.0 138.0 129.0 110.0 140.0 135.0 132.0 132.0 132.0 160.0 114.0 124.0 122.0 138.0 114.0 114.0 148.0 144.0 144.0 121.0 123.0 125.0 142.0 142.0 140.0 115.0 135.0 114.0 115.0 137.0 131.0 131.0 142.0 140.0 137.0 134.0 141.0 141.0 141.0 144.0 145.0 134.0 134.0 130.0 132.0 140.0 131.0 124.0 105.0 140.0 120.0 136.0 136.0 135.0 140.0 140.0 140.0 142.0 142.0 183.0 142.0 120.0 128.0 129.0 140.0 139.0 142.0 131.0 131.0 142.0 142.0 142.0 142.0 142.0 112.0 116.0 116.0 116.0 126.0 132.0 132.0 132.0 140.0 140.0 127.0 139.0 210.0 224.0 131.0 130.0 130.0 133.0 133.0 135.0 135.0 142.0 142.0 140.0 140.0 140.0 127.0 127.0 136.0 138.0 138.0 138.0 138.0 141.0 141.0 141.0 137.0 137.0 132.88850174216026 12.067182575059602
17 425.0 458.0 502.0 495.0 482.0 464.0 477.0 671.0 508.0 517.0 502.0 472.0 471.0 490.0 517.0 511.0 502.0 510.0 590.0 567.0 455.0 494.0 528.0 497.0 492.0 483.0 525.0 525.0 531.0 518.0 517.0 498.0 489.0 509.0 509.0 488.0 520.0 521.0 516.0 466.0 465.0 480.0 515.0 515.0 515.0 489.0 570.0 506.0 482.0 459.0 452.0 512.0 516.0 489.0 504.0 501.0 486.0 495.0 490.0 482.0 466.0 440.0 462.0 574.0 494.0 494.0 537.0 538.0 636.0 424.0 386.0 462.0 502.0 492.0 495.0 493.0 548.0 723.0 485.0 517.0 494.0 483.0 512.0 497.0 483.0 488.0 490.0 486.0 475.0 429.0 462.0 480.0 503.0 502.0 474.0 493.0 495.0 463.0 446.0 531.0 548.0 484.0 507.0 474.0 486.0 486.0 498.0 510.0 486.0 446.0 436.0 455.0 463.0 489.0 450.0 466.0 536.0 504.0 475.0 472.0 471.0 418.0 426.0 460.0 438.0 443.0 433.0 459.0 452.0 467.0 431.0 467.0 531.0 581.0 432.0 453.0 447.0 484.0 520.0 604.0 634.0 511.0 501.0 432.0 446.0 453.0 439.0 416.0 451.0 449.0 456.0 435.0 429.0 505.0 473.0 429.0 541.0 452.0 454.0 485.0 409.0 402.0 431.0 428.0 503.0 501.0 499.0 497.0 503.0 489.0 470.0 407.0 404.0 471.0 455.0 464.0 507.0 500.0 393.0 410.0 490.0 505.0 472.0 462.0 587.0 576.0 554.0 471.0 478.0 475.0 509.0 582.0 512.0 532.0 500.0 477.0 450.0 460.0 532.0 516.0 497.0 480.0 441.0 420.0 414.0 469.0 470.0 470.0 516.0 511.0 501.0 484.0 492.0 516.0 508.0 528.0 508.0 506.0 501.0 483.0 479.0 498.0 507.0 441.0 423.0 395.0 442.0 438.0 438.0 495.0 505.0 510.0 431.0 452.0 441.0 413.0 438.0 437.0 457.0 478.0 516.0 515.0 516.0 586.0 586.0 500.0 495.0 519.0 504.0 412.0 417.0 426.0 438.0 520.0 496.0 482.0 467.0 515.0 515.0 515.0 478.0 438.0 430.0 460.0 477.0 478.0 548.0 510.0 508.0 509.0 490.0 455.0 468.0 502.0 515.0 515.0 464.0 468.0 505.0 504.0 502.0 466.0 525.0 557.0 496.0 496.0 503.0 487.07665505226475 44.15897510674923
18 289.0 247.0 278.0 285.0 295.0 271.0 261.0 261.0 293.0 294.0 294.0 291.0 261.0 273.0 273.0 273.0 295.0 291.0 297.0 298.0 291.0 268.0 256.0 297.0 283.0 271.0 289.0 289.0 289.0 282.0 290.0 300.0 274.0 278.0 290.0 304.0 286.0 261.0 299.0 296.0 272.0 271.0 279.0 298.0 263.0 263.0 278.0 282.0 284.0 279.0 275.0 266.0 297.0 294.0 294.0 278.0 288.0 273.0 281.0 281.0 278.0 278.0 251.0 258.0 280.0 308.0 308.0 308.0 274.0 314.0 281.0 226.0 279.0 285.0 286.0 282.0 301.0 282.0 283.0 263.0 291.0 284.0 280.0 279.0 294.0 284.0 276.0 291.0 285.0 289.0 245.0 288.0 295.0 282.0 267.0 272.0 288.0 280.0 262.0 252.0 278.0 321.0 274.0 259.0 261.0 276.0 264.0 280.0 295.0 243.0 264.0 264.0 259.0 262.0 277.0 254.0 276.0 308.0 436.0 273.0 267.0 277.0 238.0 277.0 281.0 258.0 250.0 253.0 249.0 260.0 274.0 254.0 254.0 277.0 401.0 249.0 261.0 265.0 270.0 296.0 268.0 281.0 293.0 277.0 255.0 252.0 267.0 244.0 257.0 255.0 284.0 253.0 237.0 241.0 282.0 278.0 249.0 295.0 249.0 250.0 277.0 244.0 244.0 238.0 249.0 286.0 292.0 253.0 290.0 286.0 294.0 262.0 243.0 239.0 275.0 251.0 273.0 283.0 291.0 241.0 235.0 276.0 287.0 321.0 287.0 287.0 335.0 332.0 255.0 285.0 300.0 310.0 289.0 289.0 301.0 283.0 264.0 272.0 272.0 268.0 290.0 301.0 265.0 265.0 246.0 243.0 276.0 255.0 282.0 298.0 295.0 293.0 286.0 342.0 291.0 282.0 301.0 300.0 284.0 260.0 273.0 269.0 295.0 282.0 261.0 227.0 286.0 247.0 283.0 283.0 285.0 286.0 335.0 256.0 231.0 295.0 239.0 239.0 250.0 258.0 271.0 271.0 296.0 295.0 275.0 275.0 275.0 275.0 289.0 305.0 236.0 255.0 251.0 256.0 256.0 303.0 277.0 263.0 263.0 296.0 296.0 296.0 238.0 271.0 260.0 278.0 273.0 289.0 286.0 286.0 292.0 286.0 261.0 275.0 268.0 295.0 295.0 268.0 268.0 286.0 285.0 293.0 265.0 265.0 290.0 285.0 285.0 277.1149825783972 22.90289669092884
19 414.0 384.0 331.0 357.0 371.0 366.0 353.0 352.0 352.0 382.0 376.0 509.0 382.0 371.0 360.0 373.0 392.0 384.0 375.0 384.0 384.0 383.0 359.0 337.0 399.0 376.0 347.0 425.0 389.0 389.0 374.0 388.0 396.0 364.0 369.0 383.0 379.0 379.0 346.0 394.0 394.0 364.0 365.0 382.0 389.0 380.0 311.0 366.0 375.0 406.0 360.0 361.0 391.0 422.0 384.0 335.0 322.0 384.0 366.0 368.0 374.0 365.0 359.0 330.0 347.0 364.0 370.0 352.0 369.0 406.0 394.0 320.0 294.0 366.0 382.0 375.0 366.0 370.0 374.0 366.0 349.0 375.0 375.0 368.0 373.0 343.0 329.0 402.0 390.0 360.0 351.0 311.0 341.0 323.0 364.0 420.0 347.0 370.0 368.0 340.0 318.0 375.0 422.0 378.0 342.0 347.0 364.0 356.0 369.0 328.0 319.0 334.0 332.0 344.0 349.0 365.0 334.0 362.0 349.0 370.0 380.0 371.0 348.0 325.0 328.0 362.0 336.0 342.0 332.0 348.0 335.0 345.0 330.0 348.0 371.0 388.0 330.0 347.0 405.0 342.0 387.0 385.0 378.0 360.0 359.0 336.0 338.0 337.0 331.0 323.0 336.0 343.0 340.0 314.0 327.0 367.0 356.0 338.0 381.0 345.0 328.0 366.0 327.0 306.0 312.0 338.0 406.0 356.0 348.0 379.0 401.0 365.0 346.0 323.0 323.0 371.0 346.0 356.0 374.0 375.0 313.0 298.0 364.0 361.0 368.0 367.0 361.0 393.0 368.0 344.0 384.0 391.0 445.0 383.0 367.0 392.0 377.0 349.0 352.0 352.0 353.0 357.0 372.0 351.0 336.0 318.0 369.0 339.0 326.0 370.0 370.0 396.0 382.0 365.0 473.0 384.0 374.0 398.0 393.0 375.0 337.0 370.0 384.0 392.0 329.0 333.0 302.0 365.0 337.0 377.0 377.0 445.0 401.0 339.0 314.0 307.0 332.0 320.0 349.0 325.0 336.0 361.0 361.0 390.0 385.0 385.0 392.0 389.0 362.0 467.0 376.0 312.0 331.0 334.0 349.0 349.0 381.0 366.0 357.0 357.0 388.0 388.0 362.0 362.0 362.0 372.0 362.0 364.0 388.0 382.0 363.0 386.0 380.0 345.0 369.0 352.0 389.0 388.0 356.0 352.0 352.0 388.0 380.0 356.0 369.0 378.0 374.0 363.0801393728223 28.369881892279796
20 8.0 8.0 8.0 8.0 8.0 8.0 8.0 8.0 8.0 8.0 8.0 8.0 8.0 9.0 9.0 8.0 8.0 8.0 8.0 8.0 9.0 9.0 9.0 9.0 9.0 9.0 9.0 9.0 9.0 9.0 9.0 9.0 9.0 9.0 9.0 9.0 9.0 9.0 9.0 9.0 9.0 9.0 8.0 9.0 9.0 9.0 9.0 9.0 9.0 9.0 9.0 8.0 8.0 8.0 8.0 8.0 8.0 8.0 8.0 8.0 8.0 8.0 8.0 8.0 7.0 7.0 7.0 7.0 7.0 7.0 7.0 7.0 6.0 6.0 6.0 6.0 6.0 6.0 6.0 6.0 6.0 8.0 8.0 8.0 8.0 8.0 7.0 8.0 9.0 8.0 8.0 7.0 8.0 7.0 7.0 7.0 7.0 8.0 8.0 8.0 7.0 7.0 7.0 9.0 8.0 8.0 8.0 8.0 8.0 7.0 7.0 7.0 7.0 7.0 9.0 7.0 8.0 7.0 9.0 9.0 9.0 8.0 8.0 8.0 7.0 7.0 8.0 8.0 8.0 8.0 8.0 7.0 7.0 7.0 7.0 8.0 8.0 8.0 8.0 8.0 8.0 9.0 9.0 8.0 8.0 8.0 7.0 7.0 7.0 7.0 7.0 7.0 7.0 7.0 7.0 7.0 7.0 7.0 7.0 7.0 9.0 9.0 8.0 7.0 7.0 7.0 9.0 9.0 9.0 9.0 9.0 8.0 7.0 8.0 7.0 7.0 8.0 7.0 7.0 7.0 7.0 7.0 8.0 8.0 8.0 8.0 8.0 8.0 8.0 7.0 9.0 9.0 9.0 9.0 8.0 8.0 8.0 8.0 8.0 9.0 8.0 8.0 8.0 8.0 8.0 7.0 8.0 8.0 7.0 7.0 7.0 7.0 9.0 9.0 9.0 9.0 9.0 9.0 9.0 9.0 9.0 8.0 8.0 8.0 7.0 7.0 7.0 6.0 6.0 6.0 6.0 6.0 6.0 8.0 7.0 7.0 7.0 7.0 7.0 7.0 7.0 8.0 8.0 8.0 8.0 8.0 8.0 8.0 8.0 8.0 8.0 8.0 7.0 8.0 8.0 8.0 8.0 8.0 8.0 8.0 8.0 8.0 8.0 8.0 8.0 8.0 8.0 8.0 8.0 8.0 8.0 8.0 8.0 8.0 8.0 8.0 8.0 8.0 8.0 8.0 8.0 8.0 8.0 8.0 8.0 8.0 8.0 7.857142857142857 0.8089163457030976
21 189.0 199.0 208.0 182.0 194.0 197.0 197.0 184.0 198.0 198.0 202.0 200.0 195.0 205.0 179.0 192.0 192.0 192.0 190.0 197.0 210.0 210.0 198.0 178.0 178.0 206.0 197.0 182.0 204.0 205.0 205.0 196.0 202.0 214.0 192.0 197.0 202.0 202.0 198.0 198.0 203.0 208.0 189.0 199.0 205.0 205.0 205.0 205.0 205.0 197.0 195.0 190.0 190.0 213.0 200.0 205.0 205.0 205.0 204.0 204.0 193.0 195.0 195.0 195.0 174.0 196.0 191.0 195.0 189.0 189.0 189.0 209.0 165.0 160.0 190.0 208.0 199.0 196.0 200.0 200.0 194.0 186.0 197.0 195.0 193.0 192.0 181.0 177.0 208.0 214.0 201.0 168.0 173.0 162.0 168.0 194.0 182.0 183.0 200.0 199.0 173.0 182.0 193.0 223.0 187.0 192.0 179.0 193.0 186.0 202.0 173.0 171.0 175.0 174.0 196.0 183.0 199.0 176.0 196.0 204.0 204.0 198.0 195.0 197.0 162.0 194.0 186.0 170.0 179.0 181.0 197.0 183.0 190.0 178.0 196.0 191.0 204.0 193.0 172.0 217.0 230.0 197.0 202.0 202.0 209.0 190.0 161.0 190.0 175.0 185.0 168.0 200.0 187.0 194.0 164.0 180.0 200.0 193.0 174.0 202.0 203.0 207.0 193.0 173.0 185.0 175.0 204.0 194.0 173.0 183.0 198.0 198.0 201.0 186.0 162.0 171.0 196.0 211.0 202.0 206.0 197.0 162.0 155.0 194.0 190.0 172.0 194.0 194.0 202.0 169.0 184.0 204.0 208.0 189.0 198.0 198.0 212.0 196.0 187.0 191.0 188.0 187.0 193.0 204.0 175.0 163.0 169.0 195.0 170.0 172.0 196.0 196.0 205.0 198.0 196.0 196.0 205.0 195.0 210.0 513.0 195.0 181.0 203.0 205.0 177.0 178.0 184.0 160.0 184.0 185.0 185.0 185.0 195.0 198.0 159.0 170.0 174.0 169.0 164.0 207.0 179.0 193.0 191.0 191.0 205.0 202.0 193.0 205.0 206.0 206.0 206.0 201.0 164.0 179.0 176.0 176.0 176.0 203.0 195.0 206.0 206.0 206.0 205.0 177.0 177.0 177.0 186.0 200.0 189.0 189.0 194.0 195.0 204.0 200.0 185.0 185.0 185.0 205.0 205.0 186.0 186.0 186.0 205.0 205.0 184.0 197.0 202.0 192.72822299651568 23.061395814242186
22 111.0 121.0 126.0 113.0 112.0 121.0 121.0 108.0 108.0 108.0 145.0 132.0 120.0 127.0 126.0 113.0 113.0 113.0 113.0 110.0 135.0 135.0 135.0 135.0 109.0 109.0 127.0 114.0 126.0 123.0 123.0 123.0 122.0 122.0 122.0 115.0 114.0 125.0 121.0 112.0 112.0 128.0 126.0 115.0 126.0 125.0 125.0 125.0 125.0 120.0 122.0 116.0 117.0 126.0 125.0 125.0 125.0 125.0 126.0 126.0 120.0 121.0 118.0 118.0 104.0 108.0 116.0 117.0 117.0 117.0 117.0 131.0 131.0 104.0 115.0 115.0 121.0 113.0 132.0 132.0 121.0 115.0 120.0 124.0 121.0 118.0 119.0 105.0 113.0 117.0 120.0 116.0 119.0 122.0 104.0 116.0 116.0 123.0 123.0 118.0 119.0 104.0 121.0 121.0 137.0 120.0 104.0 117.0 120.0 117.0 126.0 114.0 104.0 107.0 127.0 111.0 117.0 121.0 110.0 130.0 126.0 120.0 140.0 111.0 95.0 116.0 122.0 102.0 104.0 108.0 124.0 120.0 135.0 112.0 102.0 119.0 119.0 120.0 125.0 126.0 124.0 120.0 115.0 128.0 128.0 119.0 123.0 103.0 108.0 106.0 102.0 106.0 106.0 118.0 120.0 111.0 128.0 129.0 106.0 106.0 114.0 106.0 106.0 118.0 109.0 102.0 105.0 105.0 120.0 120.0 123.0 123.0 123.0 111.0 118.0 99.0 118.0 112.0 112.0 125.0 118.0 119.0 99.0 99.0 117.0 117.0 117.0 109.0 108.0 108.0 110.0 126.0 123.0 120.0 123.0 124.0 124.0 132.0 132.0 112.0 116.0 122.0 127.0 127.0 112.0 112.0 102.0 122.0 122.0 105.0 121.0 121.0 121.0 124.0 120.0 120.0 120.0 123.0 123.0 123.0 121.0 119.0 131.0 125.0 130.0 110.0 122.0 126.0 120.0 121.0 121.0 121.0 121.0 162.0 123.0 96.0 99.0 123.0 123.0 127.0 127.0 127.0 118.0 118.0 118.0 126.0 126.0 126.0 126.0 117.0 117.0 121.0 121.0 121.0 110.0 116.0 116.0 116.0 129.0 120.0 137.0 137.0 126.0 126.0 126.0 126.0 131.0 121.0 119.0 119.0 118.0 122.0 122.0 122.0 113.0 113.0 114.0 114.0 126.0 126.0 114.0 114.0 114.0 125.0 114.0 114.0 119.0 118.82229965156795 8.69730632727481
23 217.0 222.0 235.0 244.0 205.0 229.0 229.0 229.0 214.0 224.0 224.0 276.0 229.0 231.0 241.0 241.0 216.0 216.0 216.0 221.0 241.0 237.0 237.0 237.0 212.0 209.0 209.0 237.0 222.0 236.0 248.0 229.0 231.0 229.0 229.0 222.0 225.0 238.0 236.0 229.0 485.0 233.0 249.0 222.0 233.0 270.0 266.0 252.0 282.0 384.0 229.0 231.0 223.0 224.0 243.0 236.0 237.0 237.0 240.0 242.0 230.0 231.0 229.0 226.0 218.0 203.0 229.0 230.0 228.0 218.0 218.0 222.0 229.0 184.0 217.0 235.0 231.0 231.0 231.0 231.0 224.0 223.0 222.0 232.0 233.0 228.0 225.0 218.0 213.0 232.0 238.0 212.0 238.0 229.0 199.0 199.0 222.0 211.0 224.0 235.0 220.0 211.0 218.0 264.0 256.0 256.0 230.0 202.0 233.0 227.0 245.0 219.0 233.0 221.0 235.0 233.0 211.0 230.0 205.0 226.0 208.0 234.0 236.0 247.0 216.0 205.0 226.0 197.0 199.0 208.0 221.0 239.0 225.0 224.0 207.0 234.0 228.0 215.0 237.0 243.0 233.0 274.0 227.0 240.0 215.0 227.0 227.0 195.0 218.0 199.0 212.0 202.0 230.0 231.0 224.0 211.0 212.0 241.0 218.0 205.0 201.0 309.0 246.0 228.0 222.0 226.0 194.0 220.0 200.0 235.0 209.0 233.0 235.0 230.0 214.0 184.0 203.0 227.0 215.0 285.0 228.0 232.0 184.0 204.0 224.0 226.0 226.0 249.0 208.0 207.0 201.0 208.0 240.0 236.0 232.0 236.0 286.0 253.0 246.0 210.0 214.0 218.0 261.0 234.0 202.0 190.0 210.0 215.0 215.0 199.0 203.0 231.0 224.0 240.0 234.0 229.0 248.0 296.0 234.0 234.0 234.0 229.0 232.0 238.0 252.0 219.0 217.0 234.0 238.0 233.0 231.0 231.0 231.0 216.0 233.0 194.0 193.0 234.0 229.0 243.0 242.0 242.0 235.0 231.0 231.0 242.0 239.0 224.0 224.0 224.0 229.0 229.0 279.0 279.0 212.0 213.0 256.0 256.0 242.0 306.0 252.0 254.0 243.0 232.0 229.0 229.0 240.0 241.0 230.0 220.0 220.0 237.0 237.0 229.0 234.0 203.0 203.0 203.0 234.0 240.0 218.0 218.0 218.0 218.0 238.0 221.0 228.0 229.65505226480838 25.611189792104323
24 56.0 55.0 42.0 42.0 37.0 59.0 59.0 59.0 36.0 36.0 36.0 36.0 36.0 41.0 50.0 44.0 41.0 41.0 41.0 41.0 48.0 41.0 41.0 41.0 41.0 37.0 37.0 37.0 45.0 41.0 41.0 40.0 51.0 51.0 51.0 63.0 39.0 39.0 42.0 42.0 37.0 37.0 42.0 42.0 39.0 42.0 42.0 44.0 40.0 43.0 43.0 40.0 43.0 39.0 65.0 42.0 44.0 44.0 49.0 48.0 56.0 56.0 40.0 45.0 64.0 39.0 40.0 38.0 82.0 42.0 42.0 42.0 42.0 42.0 32.0 42.0 42.0 42.0 42.0 42.0 42.0 43.0 74.0 74.0 41.0 41.0 41.0 42.0 36.0 45.0 41.0 44.0 42.0 40.0 40.0 37.0 45.0 45.0 51.0 42.0 40.0 39.0 38.0 43.0 43.0 43.0 55.0 61.0 61.0 42.0 41.0 41.0 41.0 40.0 40.0 42.0 37.0 41.0 43.0 35.0 44.0 44.0 47.0 86.0 86.0 40.0 40.0 43.0 36.0 39.0 37.0 42.0 43.0 54.0 39.0 39.0 40.0 38.0 40.0 42.0 51.0 44.0 44.0 41.0 42.0 42.0 41.0 56.0 38.0 35.0 44.0 39.0 42.0 45.0 56.0 38.0 39.0 41.0 42.0 37.0 37.0 37.0 37.0 56.0 56.0 56.0 34.0 47.0 37.0 43.0 43.0 43.0 43.0 42.0 34.0 33.0 35.0 43.0 37.0 56.0 44.0 47.0 42.0 34.0 35.0 44.0 57.0 55.0 55.0 55.0 55.0 37.0 42.0 42.0 40.0 40.0 39.0 39.0 46.0 54.0 45.0 45.0 45.0 45.0 42.0 43.0 43.0 37.0 62.0 62.0 35.0 40.0 57.0 57.0 45.0 41.0 41.0 41.0 41.0 45.0 45.0 40.0 40.0 40.0 48.0 54.0 40.0 40.0 44.0 42.0 43.0 43.0 43.0 43.0 41.0 38.0 46.0 46.0 46.0 46.0 43.0 43.0 38.0 43.0 43.0 43.0 45.0 45.0 45.0 52.0 52.0 52.0 72.0 60.0 60.0 35.0 41.0 41.0 41.0 41.0 41.0 53.0 53.0 42.0 42.0 42.0 42.0 42.0 42.0 43.0 38.0 38.0 43.0 43.0 43.0 43.0 43.0 38.0 38.0 38.0 55.0 38.0 38.0 38.0 42.0 210.0 210.0 45.38327526132404 16.030983955385036
25 124.0 122.0 127.0 128.0 115.0 106.0 106.0 106.0 106.0 106.0 106.0 106.0 106.0 122.0 122.0 130.0 112.0 118.0 118.0 118.0 121.0 123.0 123.0 123.0 123.0 110.0 110.0 135.0 125.0 122.0 124.0 121.0 128.0 123.0 123.0 123.0 118.0 115.0 128.0 124.0 134.0 140.0 124.0 133.0 116.0 124.0 110.0 115.0 117.0 128.0 113.0 124.0 118.0 118.0 118.0 125.0 126.0 124.0 124.0 127.0 127.0 123.0 126.0 123.0 138.0 141.0 109.0 114.0 118.0 112.0 112.0 112.0 127.0 128.0 96.0 121.0 125.0 122.0 122.0 122.0 122.0 136.0 116.0 116.0 126.0 124.0 120.0 120.0 108.0 121.0 118.0 124.0 121.0 119.0 114.0 107.0 118.0 123.0 128.0 122.0 118.0 117.0 110.0 124.0 120.0 110.0 112.0 120.0 126.0 117.0 123.0 127.0 116.0 111.0 125.0 127.0 113.0 103.0 115.0 110.0 124.0 128.0 122.0 115.0 133.0 121.0 111.0 121.0 109.0 107.0 109.0 124.0 118.0 124.0 121.0 103.0 120.0 113.0 106.0 131.0 124.0 125.0 131.0 126.0 113.0 127.0 120.0 124.0 102.0 101.0 105.0 140.0 126.0 121.0 127.0 111.0 110.0 111.0 121.0 104.0 105.0 105.0 120.0 136.0 122.0 120.0 102.0 109.0 111.0 111.0 111.0 118.0 124.0 123.0 129.0 126.0 97.0 113.0 116.0 110.0 116.0 118.0 119.0 103.0 102.0 106.0 114.0 127.0 108.0 113.0 113.0 100.0 127.0 127.0 122.0 123.0 106.0 106.0 129.0 129.0 118.0 125.0 125.0 111.0 114.0 121.0 121.0 107.0 146.0 146.0 106.0 127.0 120.0 120.0 125.0 122.0 122.0 112.0 127.0 127.0 127.0 127.0 119.0 121.0 125.0 131.0 116.0 124.0 121.0 123.0 123.0 121.0 121.0 108.0 114.0 103.0 101.0 101.0 123.0 119.0 131.0 120.0 120.0 128.0 132.0 132.0 128.0 126.0 126.0 118.0 118.0 118.0 118.0 140.0 140.0 105.0 118.0 118.0 118.0 127.0 135.0 135.0 127.0 127.0 127.0 127.0 127.0 127.0 123.0 119.0 111.0 111.0 124.0 124.0 121.0 121.0 121.0 121.0 121.0 121.0 128.0 127.0 127.0 127.0 127.0 126.0 115.0 119.69337979094077 8.843435679699875
26 214.0 213.0 231.0 214.0 225.0 189.0 193.0 193.0 193.0 193.0 193.0 193.0 232.0 216.0 209.0 212.0 229.0 200.0 200.0 449.0 204.0 229.0 226.0 213.0 213.0 204.0 219.0 219.0 219.0 212.0 226.0 211.0 216.0 225.0 209.0 209.0 203.0 203.0 213.0 217.0 248.0 218.0 215.0 221.0 230.0 196.0 211.0 211.0 199.0 215.0 207.0 218.0 212.0 205.0 202.0 214.0 215.0 218.0 218.0 218.0 215.0 214.0 204.0 213.0 211.0 267.0 195.0 208.0 203.0 205.0 198.0 198.0 198.0 213.0 164.0 206.0 209.0 245.0 208.0 208.0 208.0 208.0 204.0 202.0 202.0 221.0 219.0 201.0 193.0 195.0 200.0 204.0 210.0 209.0 210.0 182.0 191.0 230.0 233.0 223.0 249.0 205.0 189.0 192.0 210.0 188.0 196.0 209.0 197.0 208.0 204.0 206.0 217.0 208.0 199.0 230.0 213.0 184.0 182.0 194.0 204.0 225.0 233.0 194.0 192.0 209.0 188.0 202.0 180.0 185.0 189.0 210.0 205.0 200.0 234.0 190.0 201.0 203.0 195.0 224.0 217.0 210.0 207.0 205.0 193.0 200.0 208.0 238.0 184.0 184.0 184.0 204.0 218.0 204.0 205.0 195.0 195.0 189.0 210.0 207.0 183.0 183.0 198.0 214.0 219.0 219.0 219.0 175.0 226.0 197.0 192.0 203.0 214.0 197.0 216.0 212.0 186.0 197.0 202.0 190.0 201.0 188.0 218.0 175.0 176.0 176.0 189.0 200.0 210.0 206.0 200.0 169.0 176.0 215.0 209.0 208.0 174.0 183.0 219.0 222.0 206.0 214.0 211.0 372.0 189.0 206.0 196.0 181.0 206.0 245.0 181.0 183.0 210.0 187.0 187.0 212.0 206.0 192.0 192.0 214.0 230.0 230.0 205.0 213.0 210.0 211.0 209.0 201.0 212.0 223.0 215.0 212.0 211.0 211.0 186.0 186.0 185.0 220.0 215.0 211.0 211.0 213.0 196.0 198.0 205.0 205.0 220.0 220.0 213.0 185.0 190.0 190.0 190.0 190.0 190.0 190.0 195.0 202.0 202.0 208.0 222.0 218.0 214.0 218.0 218.0 207.0 348.0 348.0 218.0 209.0 199.0 188.0 207.0 221.0 221.0 209.0 209.0 209.0 198.0 194.0 194.0 213.0 198.0 198.0 198.0 220.0 207.0 208.21254355400697 25.50003666823124
27 591.0 618.0 622.0 629.0 666.0 584.0 546.0 545.0 570.0 577.0 569.0 577.0 577.0 644.0 663.0 642.0 657.0 640.0 607.0 620.0 661.0 647.0 639.0 667.0 688.0 589.0 603.0 646.0 644.0 610.0 569.0 591.0 592.0 631.0 637.0 625.0 625.0 602.0 598.0 521.0 574.0 622.0 623.0 658.0 651.0 634.0 638.0 644.0 546.0 588.0 658.0 619.0 640.0 626.0 601.0 599.0 638.0 635.0 637.0 763.0 626.0 593.0 633.0 613.0 595.0 608.0 558.0 550.0 557.0 602.0 591.0 609.0 658.0 829.0 637.0 519.0 498.0 637.0 624.0 636.0 627.0 584.0 570.0 607.0 580.0 619.0 627.0 635.0 599.0 564.0 569.0 619.0 609.0 628.0 728.0 610.0 541.0 553.0 547.0 647.0 565.0 624.0 607.0 571.0 556.0 593.0 549.0 566.0 568.0 589.0 594.0 610.0 624.0 630.0 601.0 562.0 580.0 577.0 565.0 593.0 584.0 574.0 593.0 593.0 555.0 563.0 551.0 536.0 530.0 545.0 540.0 558.0 567.0 589.0 596.0 591.0 547.0 565.0 552.0 550.0 543.0 624.0 669.0 604.0 587.0 587.0 570.0 572.0 542.0 549.0 602.0 531.0 555.0 578.0 740.0 563.0 554.0 567.0 567.0 582.0 595.0 552.0 563.0 611.0 621.0 603.0 585.0 531.0 544.0 554.0 567.0 551.0 560.0 638.0 608.0 615.0 610.0 528.0 534.0 568.0 563.0 592.0 565.0 531.0 521.0 533.0 532.0 541.0 602.0 866.0 588.0 590.0 524.0 512.0 619.0 638.0 636.0 535.0 519.0 575.0 673.0 569.0 566.0 624.0 574.0 572.0 582.0 602.0 561.0 581.0 641.0 554.0 540.0 570.0 515.0 517.0 628.0 607.0 554.0 551.0 633.0 642.0 548.0 527.0 675.0 608.0 611.0 613.0 572.0 619.0 550.0 560.0 644.0 682.0 550.0 560.0 547.0 525.0 545.0 1119.0 833.0 638.0 599.0 610.0 599.0 607.0 605.0 708.0 635.0 555.0 549.0 548.0 559.0 643.0 611.0 613.0 613.0 571.0 595.0 640.0 638.0 672.0 646.0 669.0 652.0 646.0 646.0 648.0 688.0 632.0 614.0 599.0 568.0 622.0 655.0 622.0 589.0 536.0 543.0 585.0 591.0 590.0 626.0 618.0 586.0 545.0 521.0 599.1533101045296 58.6867723851884
28 7.0 7.0 7.0 7.0 7.0 7.0 7.0 6.0 6.0 6.0 6.0 6.0 6.0 6.0 6.0 6.0 6.0 6.0 6.0 6.0 6.0 6.0 6.0 6.0 6.0 6.0 6.0 6.0 6.0 6.0 6.0 6.0 7.0 7.0 7.0 7.0 7.0 7.0 7.0 7.0 6.0 6.0 6.0 6.0 6.0 6.0 6.0 6.0 7.0 7.0 7.0 7.0 7.0 7.0 7.0 7.0 8.0 8.0 8.0 8.0 8.0 8.0 8.0 8.0 8.0 8.0 7.0 7.0 7.0 7.0 7.0 7.0 7.0 7.0 7.0 7.0 6.0 6.0 6.0 6.0 8.0 8.0 8.0 8.0 8.0 7.0 7.0 7.0 7.0 8.0 8.0 8.0 8.0 8.0 8.0 8.0 8.0 8.0 7.0 7.0 7.0 8.0 8.0 8.0 7.0 7.0 6.0 6.0 7.0 8.0 8.0 8.0 8.0 8.0 8.0 8.0 7.0 7.0 7.0 7.0 7.0 8.0 7.0 8.0 7.0 7.0 7.0 7.0 6.0 6.0 6.0 8.0 7.0 8.0 8.0 7.0 8.0 7.0 7.0 8.0 7.0 7.0 7.0 7.0 7.0 8.0 8.0 7.0 7.0 6.0 7.0 8.0 7.0 7.0 7.0 7.0 7.0 7.0 7.0 7.0 7.0 7.0 7.0 7.0 9.0 9.0 9.0 9.0 9.0 6.0 6.0 6.0 6.0 6.0 6.0 6.0 6.0 9.0 6.0 6.0 7.0 7.0 7.0 7.0 6.0 6.0 6.0 6.0 6.0 6.0 6.0 8.0 8.0 6.0 6.0 6.0 6.0 6.0 6.0 6.0 6.0 6.0 6.0 6.0 6.0 7.0 7.0 7.0 7.0 7.0 6.0 8.0 8.0 8.0 8.0 6.0 6.0 6.0 6.0 6.0 6.0 6.0 6.0 6.0 6.0 6.0 6.0 6.0 8.0 7.0 7.0 7.0 7.0 7.0 7.0 7.0 7.0 6.0 7.0 7.0 13.0 13.0 13.0 13.0 8.0 8.0 8.0 8.0 8.0 8.0 8.0 8.0 7.0 7.0 7.0 7.0 7.0 7.0 7.0 7.0 7.0 7.0 7.0 7.0 9.0 9.0 9.0 9.0 9.0 8.0 8.0 7.0 7.0 7.0 7.0 7.0 7.0 7.0 6.0 6.0 6.0 6.0 6.0 6.0 7.0 8.0 6.0 7.048780487804879 1.0956319394535792
29 175.0 174.0 189.0 186.0 194.0 197.0 194.0 167.0 183.0 183.0 183.0 162.0 162.0 162.0 162.0 197.0 195.0 186.0 194.0 177.0 185.0 177.0 201.0 170.0 208.0 208.0 205.0 205.0 197.0 195.0 170.0 190.0 164.0 191.0 182.0 189.0 190.0 190.0 190.0 181.0 155.0 155.0 193.0 184.0 205.0 181.0 199.0 196.0 191.0 164.0 181.0 177.0 196.0 186.0 195.0 180.0 182.0 181.0 192.0 190.0 191.0 179.0 174.0 193.0 193.0 183.0 172.0 169.0 168.0 167.0 182.0 177.0 177.0 177.0 195.0 207.0 150.0 159.0 184.0 190.0 194.0 182.0 182.0 182.0 182.0 177.0 175.0 191.0 194.0 184.0 177.0 175.0 188.0 185.0 186.0 188.0 182.0 181.0 171.0 190.0 186.0 172.0 191.0 189.0 199.0 168.0 158.0 175.0 167.0 174.0 175.0 170.0 182.0 187.0 187.0 193.0 168.0 175.0 171.0 176.0 175.0 188.0 170.0 194.0 175.0 181.0 175.0 203.0 161.0 183.0 188.0 164.0 168.0 169.0 169.0 169.0 190.0 161.0 157.0 180.0 189.0 179.0 177.0 197.0 177.0 184.0 185.0 172.0 193.0 162.0 193.0 190.0 166.0 173.0 180.0 201.0 177.0 162.0 190.0 169.0 190.0 195.0 179.0 4835.0 274.0 186.0 178.0 192.0 192.0 157.0 171.0 189.0 167.0 193.0 179.0 172.0 186.0 183.0 148.0 159.0 166.0 169.0 189.0 175.0 163.0 156.0 157.0 191.0 157.0 177.0 189.0 175.0 176.0 154.0 156.0 156.0 187.0 196.0 187.0 152.0 152.0 198.0 168.0 165.0 189.0 172.0 174.0 174.0 173.0 173.0 166.0 198.0 192.0 184.0 185.0 161.0 187.0 187.0 189.0 161.0 154.0 197.0 193.0 196.0 187.0 189.0 186.0 191.0 183.0 178.0 168.0 166.0 166.0 196.0 196.0 196.0 167.0 167.0 154.0 165.0 169.0 170.0 190.0 190.0 183.0 175.0 186.0 185.0 174.0 187.0 196.0 196.0 167.0 196.0 196.0 188.0 188.0 188.0 188.0 187.0 189.0 189.0 196.0 204.0 211.0 196.0 195.0 195.0 195.0 187.0 188.0 182.0 194.0 193.0 193.0 192.0 195.0 197.0 162.0 154.0 154.0 154.0 252.0 252.0 191.0 183.0 162.0 197.8919860627178 275.1094991888573
30 350.0 305.0 361.0 361.0 344.0 364.0 367.0 364.0 310.0 351.0 351.0 351.0 317.0 365.0 365.0 365.0 366.0 357.0 359.0 372.0 344.0 349.0 350.0 365.0 355.0 392.0 392.0 338.0 332.0 368.0 366.0 317.0 320.0 313.0 358.0 350.0 355.0 350.0 354.0 341.0 298.0 289.0 363.0 358.0 337.0 369.0 358.0 375.0 362.0 316.0 317.0 333.0 338.0 362.0 355.0 361.0 340.0 338.0 337.0 360.0 364.0 359.0 332.0 337.0 367.0 357.0 347.0 339.0 318.0 312.0 326.0 336.0 340.0 344.0 335.0 367.0 382.0 308.0 348.0 352.0 358.0 368.0 351.0 341.0 341.0 354.0 342.0 337.0 366.0 360.0 356.0 313.0 315.0 340.0 341.0 344.0 352.0 354.0 321.0 332.0 344.0 320.0 337.0 355.0 368.0 324.0 317.0 298.0 310.0 329.0 314.0 332.0 333.0 344.0 349.0 346.0 314.0 321.0 325.0 327.0 328.0 329.0 316.0 311.0 327.0 330.0 322.0 301.0 349.0 310.0 331.0 317.0 301.0 302.0 310.0 325.0 348.0 347.0 316.0 310.0 355.0 347.0 320.0 359.0 357.0 340.0 351.0 329.0 325.0 319.0 313.0 357.0 359.0 311.0 305.0 344.0 389.0 321.0 326.0 317.0 320.0 351.0 358.0 295.0 295.0 384.0 348.0 335.0 359.0 301.0 294.0 352.0 333.0 305.0 365.0 337.0 341.0 350.0 360.0 281.0 278.0 304.0 325.0 337.0 315.0 310.0 291.0 300.0 322.0 308.0 341.0 336.0 323.0 326.0 297.0 291.0 346.0 354.0 367.0 301.0 301.0 301.0 380.0 356.0 333.0 345.0 311.0 313.0 324.0 322.0 357.0 349.0 375.0 342.0 306.0 323.0 308.0 303.0 354.0 344.0 312.0 299.0 367.0 364.0 347.0 344.0 357.0 343.0 339.0 344.0 338.0 333.0 305.0 320.0 372.0 377.0 377.0 303.0 289.0 293.0 321.0 352.0 315.0 354.0 338.0 328.0 327.0 345.0 341.0 334.0 358.0 370.0 348.0 365.0 365.0 351.0 349.0 349.0 349.0 349.0 350.0 361.0 348.0 358.0 366.0 385.0 376.0 366.0 366.0 364.0 341.0 321.0 343.0 356.0 372.0 382.0 367.0 356.0 350.0 310.0 297.0 332.0 332.0 317.0 317.0 334.0 341.0 338.602787456446 23.339446917455223
31 569.0 540.0 525.0 543.0 574.0 583.0 570.0 588.0 596.0 507.0 539.0 592.0 592.0 505.0 532.0 548.0 548.0 593.0 605.0 570.0 602.0 572.0 558.0 558.0 576.0 583.0 612.0 605.0 604.0 629.0 658.0 588.0 539.0 527.0 521.0 541.0 568.0 572.0 575.0 586.0 573.0 481.0 473.0 526.0 568.0 554.0 638.0 599.0 599.0 589.0 519.0 506.0 575.0 588.0 573.0 587.0 575.0 574.0 539.0 539.0 549.0 576.0 584.0 552.0 535.0 586.0 580.0 564.0 534.0 511.0 503.0 491.0 522.0 548.0 545.0 641.0 581.0 603.0 507.0 501.0 571.0 573.0 576.0 569.0 579.0 595.0 595.0 541.0 534.0 559.0 576.0 574.0 506.0 502.0 572.0 559.0 552.0 553.0 563.0 536.0 507.0 504.0 587.0 547.0 531.0 560.0 503.0 505.0 492.0 497.0 503.0 508.0 519.0 545.0 554.0 560.0 558.0 486.0 533.0 520.0 527.0 526.0 526.0 540.0 510.0 524.0 522.0 531.0 494.0 515.0 475.0 516.0 494.0 513.0 494.0 496.0 516.0 520.0 546.0 561.0 537.0 546.0 566.0 559.0 574.0 569.0 547.0 570.0 560.0 499.0 536.0 531.0 514.0 577.0 488.0 489.0 531.0 580.0 544.0 512.0 517.0 523.0 524.0 572.0 538.0 539.0 634.0 567.0 556.0 558.0 546.0 486.0 494.0 566.0 528.0 548.0 575.0 550.0 556.0 555.0 462.0 491.0 496.0 505.0 565.0 514.0 501.0 468.0 506.0 499.0 501.0 519.0 518.0 517.0 528.0 484.0 465.0 514.0 549.0 577.0 507.0 507.0 503.0 630.0 505.0 502.0 513.0 574.0 564.0 527.0 521.0 539.0 549.0 568.0 524.0 512.0 504.0 480.0 492.0 568.0 550.0 506.0 500.0 583.0 576.0 571.0 585.0 577.0 556.0 544.0 550.0 543.0 552.0 474.0 504.0 564.0 603.0 622.0 497.0 454.0 482.0 525.0 556.0 597.0 574.0 512.0 519.0 543.0 562.0 561.0 566.0 552.0 595.0 589.0 589.0 588.0 587.0 562.0 558.0 558.0 558.0 558.0 577.0 579.0 579.0 533.0 616.0 635.0 599.0 594.0 587.0 520.0 552.0 566.0 563.0 579.0 595.0 588.0 582.0 571.0 499.0 492.0 510.0 543.0 533.0 523.0 533.0 546.3763066202091 37.44382080372113
32 189.0 198.0 191.0 193.0 193.0 193.0 200.0 195.0 210.0 210.0 187.0 187.0 192.0 192.0 192.0 173.0 202.0 208.0 234.0 210.0 201.0 201.0 203.0 193.0 195.0 191.0 210.0 191.0 191.0 191.0 191.0 191.0 191.0 180.0 180.0 178.0 191.0 220.0 209.0 207.0 321.0 208.0 194.0 167.0 198.0 201.0 200.0 198.0 215.0 203.0 215.0 213.0 193.0 217.0 196.0 207.0 196.0 225.0 205.0 193.0 193.0 182.0 221.0 207.0 214.0 187.0 210.0 207.0 203.0 212.0 191.0 181.0 173.0 196.0 195.0 198.0 196.0 190.0 208.0 163.0 206.0 199.0 202.0 197.0 205.0 195.0 262.0 262.0 203.0 192.0 185.0 202.0 209.0 207.0 184.0 183.0 198.0 192.0 201.0 223.0 198.0 174.0 186.0 183.0 180.0 180.0 198.0 186.0 172.0 184.0 174.0 204.0 180.0 197.0 203.0 183.0 229.0 203.0 172.0 196.0 186.0 187.0 199.0 220.0 246.0 185.0 193.0 223.0 199.0 173.0 211.0 175.0 204.0 259.0 171.0 204.0 178.0 196.0 230.0 175.0 193.0 178.0 226.0 210.0 206.0 195.0 195.0 195.0 209.0 197.0 193.0 187.0 176.0 188.0 200.0 173.0 170.0 201.0 205.0 201.0 178.0 205.0 194.0 184.0 184.0 230.0 180.0 213.0 209.0 190.0 200.0 196.0 166.0 178.0 201.0 187.0 231.0 231.0 189.0 223.0 208.0 191.0 175.0 177.0 178.0 215.0 179.0 177.0 177.0 170.0 194.0 174.0 192.0 222.0 202.0 188.0 171.0 161.0 161.0 181.0 208.0 175.0 189.0 196.0 196.0 213.0 174.0 208.0 199.0 210.0 203.0 183.0 194.0 173.0 197.0 185.0 186.0 174.0 169.0 171.0 199.0 201.0 171.0 189.0 208.0 204.0 207.0 210.0 205.0 202.0 202.0 190.0 210.0 198.0 170.0 177.0 209.0 212.0 208.0 208.0 173.0 168.0 172.0 312.0 152.0 201.0 171.0 178.0 210.0 183.0 196.0 210.0 190.0 208.0 208.0 208.0 191.0 208.0 195.0 196.0 196.0 196.0 196.0 198.0 202.0 202.0 209.0 209.0 224.0 214.0 209.0 208.0 208.0 185.0 194.0 198.0 198.0 216.0 285.0 204.0 204.0 198.0 168.0 168.0 210.0 185.0 185.0 197.18118466898954 19.978010498714763
33 117.0 117.0 114.0 129.0 123.0 114.0 120.0 123.0 125.0 127.0 128.0 111.0 121.0 121.0 121.0 107.0 107.0 145.0 128.0 135.0 129.0 124.0 130.0 134.0 119.0 116.0 126.0 112.0 155.0 132.0 128.0 128.0 128.0 320.0 122.0 149.0 106.0 125.0 135.0 126.0 128.0 128.0 128.0 100.0 123.0 123.0 124.0 123.0 121.0 125.0 127.0 125.0 144.0 114.0 122.0 116.0 156.0 126.0 129.0 120.0 120.0 120.0 128.0 131.0 150.0 118.0 128.0 130.0 126.0 114.0 122.0 117.0 112.0 112.0 157.0 128.0 120.0 115.0 129.0 124.0 108.0 134.0 125.0 126.0 122.0 122.0 151.0 123.0 120.0 119.0 119.0 119.0 130.0 125.0 108.0 114.0 115.0 122.0 117.0 125.0 125.0 148.0 107.0 110.0 111.0 112.0 124.0 125.0 111.0 117.0 128.0 129.0 109.0 114.0 117.0 164.0 154.0 126.0 107.0 108.0 119.0 122.0 122.0 118.0 128.0 119.0 114.0 123.0 123.0 115.0 108.0 124.0 117.0 106.0 126.0 109.0 109.0 122.0 123.0 121.0 105.0 105.0 126.0 126.0 123.0 122.0 120.0 163.0 150.0 129.0 120.0 119.0 132.0 112.0 122.0 126.0 108.0 114.0 123.0 127.0 116.0 113.0 116.0 108.0 119.0 158.0 120.0 120.0 114.0 117.0 113.0 129.0 114.0 111.0 125.0 116.0 135.0 133.0 119.0 119.0 124.0 133.0 104.0 119.0 106.0 121.0 121.0 110.0 137.0 107.0 124.0 110.0 104.0 114.0 129.0 117.0 117.0 100.0 100.0 100.0 118.0 122.0 127.0 127.0 120.0 120.0 117.0 123.0 124.0 136.0 106.0 111.0 144.0 144.0 120.0 123.0 119.0 105.0 110.0 108.0 123.0 123.0 123.0 109.0 128.0 128.0 127.0 129.0 123.0 122.0 122.0 122.0 130.0 120.0 115.0 108.0 125.0 129.0 129.0 135.0 107.0 99.0 102.0 117.0 190.0 124.0 126.0 109.0 109.0 129.0 113.0 121.0 116.0 119.0 130.0 129.0 129.0 128.0 123.0 123.0 123.0 123.0 109.0 124.0 136.0 129.0 131.0 131.0 130.0 147.0 128.0 128.0 128.0 129.0 121.0 119.0 126.0 119.0 134.0 128.0 126.0 126.0 106.0 106.0 127.0 127.0 116.0 123.1219512195122 16.476804177379492
34 7.0 7.0 7.0 7.0 7.0 7.0 7.0 7.0 7.0 7.0 7.0 7.0 7.0 7.0 7.0 7.0 7.0 7.0 7.0 7.0 7.0 7.0 7.0 7.0 7.0 7.0 7.0 7.0 7.0 7.0 7.0 7.0 7.0 7.0 7.0 7.0 8.0 8.0 8.0 8.0 8.0 8.0 7.0 7.0 6.0 6.0 6.0 7.0 7.0 8.0 8.0 8.0 8.0 8.0 8.0 8.0 8.0 8.0 8.0 7.0 7.0 7.0 7.0 7.0 7.0 7.0 7.0 7.0 7.0 6.0 6.0 6.0 6.0 6.0 6.0 6.0 6.0 6.0 6.0 6.0 7.0 7.0 7.0 7.0 7.0 7.0 7.0 7.0 7.0 7.0 6.0 6.0 6.0 7.0 7.0 6.0 6.0 6.0 6.0 7.0 7.0 7.0 6.0 6.0 6.0 6.0 6.0 6.0 7.0 6.0 6.0 6.0 6.0 6.0 6.0 6.0 6.0 6.0 6.0 6.0 6.0 6.0 6.0 6.0 6.0 6.0 6.0 7.0 7.0 7.0 6.0 6.0 6.0 6.0 6.0 6.0 6.0 6.0 6.0 7.0 7.0 6.0 6.0 6.0 7.0 6.0 6.0 6.0 6.0 7.0 7.0 6.0 6.0 6.0 6.0 6.0 6.0 6.0 6.0 7.0 7.0 7.0 6.0 6.0 6.0 6.0 6.0 6.0 6.0 6.0 6.0 6.0 6.0 7.0 7.0 7.0 7.0 7.0 7.0 7.0 7.0 7.0 6.0 6.0 6.0 6.0 6.0 6.0 7.0 6.0 6.0 6.0 6.0 6.0 6.0 6.0 6.0 6.0 6.0 6.0 6.0 6.0 6.0 6.0 7.0 7.0 7.0 7.0 7.0 7.0 7.0 6.0 6.0 6.0 6.0 6.0 7.0 6.0 6.0 6.0 7.0 7.0 7.0 6.0 6.0 6.0 6.0 6.0 6.0 7.0 7.0 7.0 7.0 7.0 6.0 6.0 6.0 6.0 6.0 6.0 6.0 6.0 6.0 6.0 6.0 6.0 6.0 6.0 6.0 6.0 6.0 6.0 6.0 6.0 7.0 8.0 8.0 8.0 8.0 8.0 8.0 8.0 6.0 6.0 6.0 6.0 6.0 6.0 6.0 6.0 6.0 6.0 6.0 6.0 7.0 7.0 7.0 7.0 7.0 7.0 7.0 7.0 7.0 7.0 7.0 7.0 7.0 6.567944250871081 0.6380287800357396
35 58.0 58.0 59.0 59.0 55.0 55.0 55.0 60.0 59.0 61.0 61.0 52.0 58.0 58.0 58.0 53.0 53.0 62.0 64.0 66.0 64.0 62.0 61.0 61.0 60.0 55.0 55.0 61.0 56.0 62.0 64.0 64.0 64.0 64.0 59.0 59.0 52.0 61.0 61.0 61.0 64.0 64.0 64.0 64.0 50.0 59.0 59.0 59.0 60.0 59.0 61.0 61.0 59.0 59.0 58.0 58.0 62.0 62.0 63.0 61.0 56.0 56.0 56.0 64.0 61.0 66.0 56.0 56.0 60.0 54.0 59.0 56.0 58.0 53.0 59.0 60.0 66.0 66.0 55.0 61.0 48.0 61.0 62.0 58.0 62.0 61.0 59.0 67.0 67.0 60.0 59.0 57.0 59.0 66.0 60.0 55.0 59.0 66.0 60.0 61.0 59.0 59.0 51.0 66.0 55.0 55.0 62.0 59.0 60.0 50.0 64.0 61.0 59.0 53.0 63.0 55.0 54.0 63.0 58.0 54.0 58.0 58.0 57.0 52.0 61.0 64.0 58.0 60.0 60.0 60.0 53.0 62.0 54.0 56.0 62.0 52.0 51.0 52.0 61.0 56.0 56.0 50.0 55.0 61.0 64.0 61.0 61.0 62.0 53.0 63.0 57.0 54.0 54.0 53.0 59.0 59.0 51.0 52.0 52.0 62.0 63.0 53.0 57.0 61.0 58.0 58.0 64.0 64.0 58.0 76.0 60.0 67.0 62.0 58.0 63.0 63.0 57.0 64.0 66.0 66.0 66.0 64.0 54.0 62.0 55.0 65.0 59.0 57.0 57.0 52.0 60.0 64.0 51.0 54.0 54.0 94.0 59.0 52.0 114.0 114.0 57.0 54.0 55.0 55.0 60.0 60.0 66.0 60.0 60.0 55.0 54.0 61.0 56.0 52.0 52.0 60.0 56.0 56.0 54.0 54.0 58.0 58.0 58.0 57.0 64.0 64.0 62.0 64.0 61.0 61.0 56.0 56.0 57.0 61.0 54.0 53.0 53.0 60.0 60.0 61.0 61.0 49.0 49.0 53.0 71.0 71.0 62.0 54.0 54.0 64.0 58.0 59.0 59.0 57.0 64.0 59.0 59.0 57.0 60.0 61.0 61.0 61.0 54.0 54.0 54.0 69.0 69.0 69.0 69.0 68.0 64.0 62.0 62.0 62.0 58.0 58.0 56.0 59.0 68.0 68.0 61.0 62.0 57.0 54.0 58.0 58.0 58.0 59.58536585365854 6.729451638780839
36 540.0 547.0 541.0 541.0 548.0 548.0 538.0 549.0 481.0 504.0 577.0 523.0 497.0 497.0 555.0 506.0 505.0 524.0 583.0 587.0 590.0 590.0 570.0 581.0 585.0 563.0 551.0 561.0 552.0 542.0 579.0 578.0 634.0 671.0 617.0 568.0 485.0 486.0 544.0 573.0 582.0 578.0 584.0 583.0 433.0 462.0 555.0 561.0 561.0 562.0 577.0 580.0 563.0 566.0 579.0 543.0 550.0 551.0 570.0 581.0 571.0 542.0 535.0 577.0 583.0 586.0 535.0 536.0 583.0 539.0 499.0 504.0 527.0 523.0 496.0 557.0 552.0 578.0 566.0 561.0 452.0 475.0 588.0 573.0 571.0 576.0 572.0 557.0 570.0 584.0 550.0 540.0 542.0 581.0 598.0 509.0 508.0 509.0 497.0 517.0 551.0 540.0 511.0 508.0 500.0 511.0 548.0 511.0 568.0 494.0 488.0 486.0 498.0 503.0 509.0 542.0 551.0 562.0 568.0 517.0 509.0 542.0 521.0 521.0 508.0 527.0 521.0 513.0 533.0 520.0 507.0 510.0 525.0 540.0 585.0 490.0 490.0 485.0 487.0 502.0 493.0 496.0 505.0 522.0 557.0 530.0 535.0 575.0 538.0 547.0 560.0 531.0 541.0 504.0 501.0 502.0 542.0 482.0 484.0 535.0 575.0 547.0 558.0 535.0 515.0 512.0 580.0 608.0 521.0 513.0 530.0 537.0 556.0 518.0 510.0 493.0 540.0 537.0 591.0 508.0 488.0 558.0 501.0 479.0 517.0 487.0 494.0 539.0 517.0 523.0 519.0 491.0 499.0 488.0 497.0 492.0 524.0 553.0 474.0 474.0 512.0 534.0 516.0 478.0 539.0 554.0 568.0 547.0 533.0 540.0 475.0 487.0 508.0 535.0 570.0 565.0 533.0 523.0 512.0 485.0 484.0 477.0 555.0 511.0 505.0 542.0 507.0 510.0 574.0 504.0 560.0 563.0 535.0 536.0 543.0 517.0 485.0 503.0 573.0 569.0 574.0 515.0 489.0 479.0 523.0 508.0 524.0 560.0 513.0 486.0 578.0 555.0 558.0 552.0 538.0 580.0 589.0 524.0 547.0 563.0 568.0 549.0 549.0 549.0 560.0 558.0 562.0 555.0 566.0 650.0 655.0 628.0 587.0 583.0 566.0 551.0 543.0 568.0 577.0 594.0 597.0 584.0 594.0 485.0 498.0 571.0 549.0 538.1498257839721 36.847567192577316
37 148.0 148.0 162.0 162.0 147.0 145.0 149.0 149.0 149.0 128.0 148.0 156.0 162.0 125.0 143.0 156.0 156.0 132.0 152.0 160.0 160.0 167.0 163.0 157.0 152.0 162.0 148.0 145.0 148.0 152.0 143.0 155.0 160.0 145.0 145.0 145.0 150.0 160.0 112.0 153.0 155.0 157.0 160.0 162.0 160.0 113.0 149.0 152.0 158.0 152.0 152.0 152.0 165.0 161.0 150.0 150.0 130.0 154.0 146.0 155.0 158.0 162.0 149.0 149.0 140.0 159.0 156.0 145.0 154.0 161.0 160.0 135.0 154.0 139.0 145.0 130.0 147.0 152.0 152.0 160.0 151.0 122.0 141.0 158.0 152.0 157.0 151.0 152.0 156.0 157.0 160.0 149.0 150.0 145.0 152.0 173.0 148.0 138.0 149.0 137.0 150.0 150.0 148.0 150.0 141.0 142.0 136.0 134.0 137.0 164.0 131.0 128.0 141.0 136.0 140.0 142.0 153.0 147.0 135.0 158.0 147.0 134.0 149.0 143.0 144.0 140.0 157.0 140.0 133.0 147.0 141.0 156.0 142.0 156.0 137.0 162.0 151.0 136.0 134.0 135.0 145.0 132.0 133.0 145.0 154.0 146.0 150.0 151.0 135.0 141.0 150.0 173.0 147.0 144.0 138.0 134.0 149.0 152.0 145.0 139.0 139.0 154.0 156.0 162.0 147.0 150.0 152.0 152.0 168.0 168.0 144.0 148.0 144.0 159.0 143.0 133.0 157.0 140.0 142.0 166.0 169.0 132.0 157.0 148.0 128.0 142.0 134.0 144.0 152.0 140.0 138.0 125.0 150.0 142.0 125.0 133.0 137.0 156.0 145.0 131.0 145.0 145.0 120.0 138.0 125.0 140.0 149.0 149.0 162.0 138.0 161.0 140.0 129.0 145.0 147.0 165.0 160.0 155.0 148.0 133.0 144.0 130.0 154.0 152.0 152.0 141.0 141.0 145.0 155.0 134.0 139.0 158.0 158.0 154.0 145.0 166.0 144.0 130.0 142.0 165.0 149.0 164.0 134.0 132.0 132.0 148.0 144.0 165.0 158.0 132.0 131.0 161.0 139.0 148.0 145.0 143.0 151.0 160.0 160.0 160.0 160.0 165.0 156.0 156.0 156.0 156.0 153.0 158.0 158.0 152.0 152.0 165.0 176.0 176.0 161.0 160.0 152.0 162.0 156.0 154.0 165.0 169.0 158.0 162.0 131.0 130.0 152.0 148.39372822299651 11.16539808396599
38 406.0 405.0 397.0 394.0 387.0 401.0 400.0 402.0 393.0 373.0 350.0 384.0 424.0 396.0 359.0 392.0 437.0 361.0 364.0 364.0 434.0 435.0 442.0 447.0 425.0 418.0 430.0 410.0 394.0 410.0 418.0 412.0 422.0 431.0 421.0 438.0 438.0 399.0 335.0 421.0 415.0 425.0 427.0 433.0 430.0 409.0 311.0 406.0 410.0 415.0 414.0 419.0 421.0 432.0 421.0 408.0 414.0 354.0 404.0 406.0 409.0 415.0 425.0 403.0 394.0 379.0 430.0 432.0 438.0 423.0 424.0 386.0 369.0 394.0 393.0 389.0 374.0 409.0 417.0 477.0 438.0 418.0 335.0 375.0 433.0 418.0 425.0 421.0 415.0 412.0 427.0 435.0 398.0 403.0 397.0 416.0 429.0 385.0 374.0 381.0 406.0 414.0 404.0 418.0 428.0 391.0 365.0 372.0 384.0 385.0 410.0 354.0 359.0 366.0 376.0 362.0 362.0 405.0 404.0 391.0 433.0 378.0 365.0 405.0 386.0 384.0 377.0 425.0 371.0 375.0 391.0 377.0 394.0 367.0 382.0 396.0 438.0 374.0 348.0 370.0 417.0 359.0 380.0 384.0 396.0 367.0 403.0 390.0 392.0 370.0 423.0 372.0 415.0 408.0 374.0 375.0 369.0 435.0 411.0 369.0 373.0 415.0 419.0 427.0 431.0 436.0 391.0 404.0 412.0 407.0 384.0 377.0 395.0 397.0 417.0 367.0 356.0 420.0 390.0 402.0 436.0 367.0 355.0 421.0 357.0 361.0 352.0 363.0 385.0 393.0 379.0 370.0 350.0 385.0 363.0 375.0 360.0 374.0 397.0 388.0 358.0 354.0 385.0 388.0 372.0 348.0 390.0 411.0 411.0 394.0 419.0 395.0 342.0 368.0 417.0 411.0 439.0 431.0 391.0 369.0 395.0 367.0 355.0 358.0 413.0 384.0 395.0 377.0 382.0 409.0 367.0 372.0 424.0 422.0 387.0 395.0 390.0 384.0 375.0 383.0 415.0 411.0 436.0 385.0 353.0 358.0 393.0 385.0 442.0 432.0 373.0 371.0 427.0 418.0 416.0 396.0 426.0 426.0 430.0 427.0 412.0 434.0 416.0 406.0 491.0 491.0 417.0 420.0 418.0 418.0 418.0 418.0 478.0 478.0 445.0 435.0 469.0 425.0 409.0 393.0 425.0 434.0 440.0 437.0 442.0 356.0 366.0 399.81881533101046 28.659233638000977
39 120.0 120.0 120.0 114.0 121.0 121.0 120.0 120.0 121.0 137.0 118.0 101.0 128.0 126.0 124.0 116.0 125.0 136.0 110.0 105.0 105.0 140.0 125.0 126.0 127.0 120.0 122.0 122.0 117.0 122.0 116.0 122.0 128.0 130.0 124.0 124.0 124.0 124.0 131.0 122.0 120.0 122.0 125.0 130.0 124.0 121.0 123.0 93.0 119.0 117.0 117.0 121.0 128.0 124.0 126.0 118.0 118.0 202.0 202.0 124.0 124.0 136.0 121.0 131.0 129.0 128.0 123.0 131.0 124.0 130.0 120.0 150.0 127.0 108.0 112.0 112.0 113.0 113.0 142.0 122.0 122.0 137.0 122.0 94.0 129.0 129.0 130.0 125.0 121.0 121.0 118.0 138.0 125.0 119.0 118.0 118.0 131.0 109.0 106.0 106.0 124.0 124.0 111.0 127.0 108.0 119.0 110.0 103.0 120.0 112.0 105.0 134.0 105.0 106.0 108.0 178.0 104.0 113.0 124.0 131.0 113.0 127.0 110.0 112.0 125.0 109.0 108.0 104.0 96.0 102.0 107.0 116.0 115.0 113.0 105.0 108.0 118.0 118.0 104.0 104.0 103.0 131.0 105.0 101.0 108.0 107.0 118.0 225.0 122.0 126.0 129.0 129.0 119.0 124.0 123.0 136.0 108.0 112.0 121.0 132.0 116.0 120.0 194.0 122.0 118.0 220.0 149.0 111.0 120.0 120.0 144.0 144.0 111.0 117.0 113.0 130.0 99.0 98.0 125.0 112.0 143.0 133.0 97.0 125.0 123.0 119.0 107.0 116.0 104.0 116.0 110.0 115.0 117.0 113.0 139.0 108.0 105.0 105.0 123.0 117.0 112.0 107.0 123.0 124.0 114.0 108.0 103.0 121.0 127.0 126.0 123.0 133.0 124.0 108.0 106.0 118.0 123.0 129.0 123.0 110.0 111.0 117.0 104.0 108.0 124.0 124.0 139.0 118.0 110.0 111.0 118.0 90.0 120.0 123.0 111.0 116.0 115.0 122.0 110.0 112.0 115.0 122.0 130.0 128.0 106.0 101.0 106.0 111.0 131.0 128.0 124.0 110.0 110.0 125.0 114.0 117.0 114.0 123.0 125.0 122.0 122.0 122.0 127.0 120.0 126.0 126.0 128.0 128.0 121.0 130.0 130.0 130.0 104.0 104.0 142.0 142.0 111.0 115.0 115.0 122.0 129.0 126.0 137.0 137.0 137.0 150.0 103.0 121.0801393728223 16.149558524614473
40 92.0 92.0 91.0 91.0 91.0 91.0 88.0 84.0 87.0 87.0 332.0 75.0 82.0 90.0 87.0 87.0 94.0 93.0 93.0 79.0 84.0 84.0 94.0 94.0 95.0 93.0 89.0 89.0 87.0 129.0 90.0 91.0 86.0 96.0 95.0 95.0 95.0 95.0 82.0 101.0 89.0 89.0 89.0 91.0 100.0 95.0 92.0 67.0 95.0 93.0 93.0 94.0 89.0 91.0 88.0 85.0 83.0 92.0 85.0 85.0 87.0 94.0 107.0 92.0 90.0 85.0 86.0 91.0 89.0 92.0 122.0 99.0 95.0 79.0 112.0 82.0 88.0 77.0 85.0 78.0 82.0 82.0 88.0 93.0 92.0 91.0 77.0 111.0 90.0 142.0 88.0 96.0 89.0 88.0 86.0 86.0 90.0 93.0 78.0 79.0 85.0 85.0 81.0 82.0 92.0 88.0 87.0 78.0 79.0 81.0 96.0 87.0 87.0 78.0 83.0 96.0 82.0 81.0 91.0 94.0 79.0 94.0 86.0 82.0 85.0 79.0 82.0 80.0 71.0 87.0 79.0 86.0 83.0 87.0 78.0 92.0 86.0 97.0 82.0 75.0 78.0 83.0 84.0 76.0 76.0 76.0 85.0 91.0 89.0 86.0 78.0 78.0 85.0 91.0 88.0 92.0 93.0 77.0 85.0 94.0 89.0 89.0 94.0 78.0 84.0 80.0 103.0 83.0 92.0 92.0 92.0 100.0 74.0 83.0 82.0 92.0 134.0 76.0 85.0 98.0 94.0 94.0 111.0 78.0 85.0 89.0 99.0 108.0 75.0 109.0 81.0 81.0 84.0 89.0 1213.0 83.0 97.0 76.0 84.0 90.0 88.0 77.0 85.0 96.0 91.0 93.0 86.0 86.0 87.0 87.0 82.0 87.0 94.0 92.0 77.0 98.0 82.0 94.0 95.0 88.0 85.0 79.0 104.0 79.0 89.0 83.0 83.0 100.0 83.0 92.0 92.0 73.0 73.0 92.0 92.0 92.0 84.0 113.0 86.0 77.0 92.0 91.0 89.0 105.0 85.0 81.0 75.0 82.0 91.0 92.0 95.0 93.0 93.0 95.0 91.0 87.0 94.0 84.0 87.0 87.0 87.0 87.0 90.0 83.0 90.0 96.0 96.0 94.0 89.0 89.0 89.0 85.0 85.0 77.0 104.0 88.0 83.0 95.0 96.0 96.0 85.0 94.0 94.0 94.0 96.0 90.0 77.0 93.47735191637632 68.44643668636844
41 631.0 648.0 620.0 588.0 612.0 620.0 620.0 641.0 619.0 621.0 618.0 620.0 588.0 609.0 640.0 628.0 638.0 631.0 668.0 644.0 539.0 547.0 562.0 657.0 669.0 702.0 642.0 636.0 681.0 621.0 657.0 630.0 625.0 638.0 685.0 651.0 658.0 744.0 668.0 606.0 620.0 581.0 627.0 641.0 664.0 664.0 675.0 493.0 472.0 508.0 624.0 629.0 638.0 622.0 658.0 626.0 599.0 631.0 684.0 641.0 618.0 600.0 617.0 646.0 643.0 626.0 613.0 591.0 636.0 647.0 657.0 648.0 646.0 593.0 563.0 606.0 599.0 599.0 621.0 566.0 564.0 614.0 557.0 535.0 512.0 641.0 599.0 533.0 551.0 631.0 670.0 629.0 644.0 664.0 623.0 618.0 606.0 627.0 577.0 559.0 569.0 584.0 613.0 570.0 583.0 590.0 601.0 621.0 558.0 565.0 590.0 591.0 634.0 568.0 528.0 555.0 561.0 602.0 581.0 588.0 601.0 604.0 656.0 597.0 575.0 606.0 585.0 598.0 546.0 553.0 576.0 566.0 594.0 590.0 561.0 594.0 636.0 663.0 672.0 574.0 562.0 556.0 562.0 601.0 559.0 540.0 563.0 561.0 643.0 622.0 601.0 613.0 651.0 672.0 646.0 659.0 662.0 554.0 563.0 578.0 633.0 615.0 585.0 565.0 564.0 591.0 578.0 571.0 559.0 599.0 655.0 691.0 631.0 588.0 579.0 600.0 618.0 586.0 559.0 565.0 649.0 649.0 590.0 595.0 602.0 607.0 652.0 666.0 565.0 545.0 600.0 586.0 561.0 571.0 587.0 685.0 616.0 559.0 559.0 563.0 652.0 561.0 541.0 566.0 615.0 600.0 623.0 676.0 615.0 623.0 631.0 635.0 644.0 697.0 537.0 559.0 574.0 589.0 631.0 654.0 586.0 591.0 594.0 575.0 561.0 587.0 636.0 606.0 584.0 587.0 668.0 510.0 510.0 588.0 657.0 647.0 610.0 598.0 620.0 575.0 547.0 610.0 649.0 658.0 663.0 638.0 559.0 526.0 551.0 631.0 671.0 663.0 660.0 660.0 659.0 643.0 592.0 613.0 650.0 647.0 641.0 678.0 700.0 649.0 636.0 668.0 668.0 668.0 629.0 632.0 629.0 629.0 629.0 592.0 552.0 624.0 655.0 663.0 662.0 666.0 658.0 615.0 651.0 659.0 663.0 635.0 645.0 611.1951219512196 42.88230245956164
42 729.0 730.0 739.0 735.0 736.0 692.0 749.0 705.0 715.0 753.0 718.0 718.0 720.0 740.0 678.0 723.0 735.0 735.0 746.0 729.0 759.0 728.0 628.0 642.0 651.0 747.0 754.0 771.0 773.0 728.0 719.0 716.0 740.0 743.0 718.0 685.0 784.0 782.0 711.0 695.0 692.0 675.0 622.0 613.0 708.0 740.0 740.0 729.0 719.0 569.0 558.0 698.0 730.0 759.0 745.0 760.0 728.0 734.0 761.0 706.0 699.0 751.0 711.0 754.0 743.0 747.0 737.0 726.0 721.0 698.0 734.0 749.0 752.0 758.0 686.0 654.0 646.0 701.0 687.0 673.0 669.0 654.0 659.0 681.0 654.0 675.0 737.0 735.0 618.0 661.0 747.0 750.0 748.0 747.0 744.0 704.0 674.0 645.0 633.0 743.0 662.0 665.0 676.0 674.0 691.0 658.0 677.0 695.0 677.0 676.0 666.0 673.0 699.0 720.0 743.0 648.0 647.0 655.0 633.0 690.0 677.0 672.0 691.0 748.0 751.0 687.0 680.0 722.0 694.0 660.0 648.0 628.0 634.0 638.0 698.0 668.0 698.0 658.0 706.0 702.0 733.0 692.0 646.0 668.0 649.0 634.0 623.0 644.0 668.0 682.0 727.0 734.0 684.0 688.0 691.0 791.0 760.0 773.0 725.0 650.0 657.0 682.0 726.0 744.0 747.0 704.0 683.0 692.0 660.0 813.0 732.0 730.0 759.0 684.0 633.0 641.0 693.0 695.0 723.0 626.0 637.0 687.0 700.0 762.0 682.0 684.0 683.0 757.0 658.0 689.0 726.0 644.0 662.0 661.0 644.0 666.0 675.0 768.0 712.0 669.0 657.0 650.0 663.0 657.0 636.0 731.0 741.0 750.0 721.0 762.0 695.0 804.0 780.0 764.0 791.0 714.0 661.0 672.0 685.0 663.0 689.0 744.0 679.0 682.0 673.0 660.0 667.0 662.0 710.0 754.0 726.0 667.0 701.0 696.0 645.0 669.0 649.0 745.0 729.0 694.0 769.0 624.0 645.0 659.0 747.0 755.0 758.0 745.0 726.0 662.0 673.0 673.0 756.0 786.0 770.0 783.0 776.0 865.0 823.0 797.0 751.0 792.0 739.0 737.0 732.0 709.0 702.0 739.0 732.0 732.0 732.0 730.0 734.0 732.0 732.0 673.0 642.0 681.0 698.0 698.0 698.0 698.0 698.0 734.0 765.0 775.0 826.0 705.4634146341464 46.271521768373276
43 167.0 167.0 172.0 168.0 172.0 174.0 174.0 156.0 156.0 164.0 169.0 147.0 147.0 163.0 169.0 169.0 169.0 158.0 172.0 175.0 173.0 172.0 178.0 147.0 136.0 177.0 160.0 182.0 176.0 183.0 168.0 168.0 168.0 164.0 175.0 165.0 154.0 154.0 177.0 176.0 151.0 215.0 215.0 156.0 163.0 163.0 157.0 178.0 169.0 177.0 139.0 123.0 210.0 210.0 165.0 203.0 158.0 168.0 169.0 180.0 185.0 172.0 161.0 178.0 178.0 174.0 168.0 174.0 169.0 170.0 164.0 272.0 191.0 177.0 173.0 175.0 166.0 161.0 169.0 155.0 157.0 172.0 175.0 150.0 175.0 175.0 175.0 166.0 172.0 167.0 179.0 173.0 172.0 178.0 183.0 169.0 172.0 160.0 157.0 145.0 178.0 171.0 146.0 152.0 155.0 162.0 147.0 165.0 175.0 158.0 155.0 175.0 159.0 155.0 173.0 169.0 172.0 155.0 161.0 156.0 140.0 152.0 157.0 173.0 176.0 159.0 156.0 152.0 211.0 167.0 160.0 149.0 142.0 176.0 152.0 150.0 153.0 164.0 164.0 171.0 155.0 150.0 175.0 179.0 170.0 145.0 178.0 144.0 156.0 155.0 156.0 161.0 150.0 162.0 159.0 184.0 154.0 150.0 186.0 196.0 171.0 151.0 158.0 175.0 167.0 170.0 170.0 176.0 162.0 174.0 158.0 183.0 179.0 169.0 164.0 148.0 164.0 170.0 149.0 149.0 148.0 167.0 161.0 156.0 151.0 176.0 183.0 158.0 157.0 184.0 184.0 173.0 155.0 161.0 172.0 145.0 146.0 152.0 175.0 157.0 175.0 147.0 153.0 148.0 172.0 145.0 188.0 162.0 177.0 162.0 181.0 182.0 179.0 156.0 156.0 177.0 209.0 187.0 140.0 168.0 154.0 200.0 190.0 190.0 174.0 169.0 166.0 145.0 158.0 169.0 175.0 152.0 153.0 153.0 153.0 153.0 178.0 172.0 171.0 164.0 197.0 197.0 197.0 144.0 155.0 173.0 175.0 186.0 172.0 168.0 168.0 146.0 157.0 157.0 157.0 180.0 177.0 177.0 177.0 184.0 188.0 177.0 177.0 177.0 178.0 177.0 164.0 161.0 158.0 158.0 160.0 174.0 174.0 244.0 244.0 244.0 166.0 150.0 150.0 158.0 178.0 178.0 178.0 178.0 178.0 166.0 185.0 168.28222996515677 17.304567020446157
44 578.0 612.0 629.0 624.0 634.0 645.0 875.0 619.0 611.0 598.0 612.0 609.0 582.0 631.0 623.0 630.0 618.0 614.0 626.0 640.0 648.0 629.0 638.0 648.0 587.0 527.0 558.0 612.0 635.0 667.0 670.0 634.0 647.0 632.0 634.0 636.0 626.0 618.0 660.0 660.0 662.0 665.0 652.0 642.0 593.0 598.0 568.0 542.0 570.0 653.0 633.0 489.0 476.0 682.0 652.0 629.0 651.0 639.0 628.0 590.0 590.0 661.0 635.0 615.0 650.0 635.0 639.0 628.0 631.0 635.0 617.0 624.0 606.0 631.0 650.0 643.0 647.0 662.0 556.0 554.0 583.0 593.0 631.0 588.0 622.0 558.0 541.0 547.0 657.0 605.0 568.0 598.0 618.0 626.0 656.0 625.0 614.0 606.0 649.0 546.0 560.0 572.0 600.0 570.0 572.0 575.0 578.0 567.0 570.0 617.0 572.0 577.0 605.0 578.0 579.0 606.0 608.0 594.0 603.0 604.0 590.0 571.0 573.0 579.0 635.0 589.0 575.0 597.0 574.0 578.0 627.0 583.0 572.0 552.0 560.0 573.0 620.0 840.0 634.0 618.0 834.0 564.0 627.0 621.0 645.0 563.0 548.0 573.0 565.0 573.0 582.0 603.0 563.0 572.0 594.0 617.0 597.0 566.0 553.0 629.0 622.0 629.0 630.0 650.0 656.0 631.0 637.0 622.0 612.0 557.0 566.0 573.0 631.0 672.0 659.0 582.0 547.0 554.0 559.0 598.0 610.0 539.0 558.0 586.0 591.0 552.0 576.0 580.0 563.0 581.0 658.0 642.0 653.0 569.0 583.0 553.0 568.0 561.0 588.0 626.0 748.0 599.0 567.0 570.0 573.0 578.0 602.0 615.0 666.0 647.0 633.0 651.0 663.0 662.0 645.0 634.0 623.0 655.0 582.0 546.0 567.0 556.0 564.0 610.0 627.0 593.0 616.0 672.0 569.0 551.0 651.0 633.0 627.0 623.0 621.0 644.0 659.0 651.0 644.0 594.0 567.0 582.0 672.0 555.0 556.0 562.0 601.0 663.0 660.0 645.0 633.0 643.0 621.0 589.0 589.0 664.0 680.0 666.0 676.0 651.0 677.0 685.0 633.0 657.0 667.0 638.0 609.0 625.0 645.0 636.0 600.0 600.0 600.0 698.0 664.0 665.0 665.0 662.0 659.0 672.0 617.0 621.0 668.0 666.0 644.0 615.0 685.0 614.177700348432 46.24780990022381
45 365.0 383.0 402.0 402.0 411.0 416.0 416.0 421.0 415.0 409.0 394.0 407.0 405.0 426.0 426.0 415.0 414.0 424.0 427.0 413.0 404.0 421.0 430.0 409.0 413.0 429.0 397.0 368.0 433.0 398.0 420.0 383.0 451.0 426.0 414.0 425.0 414.0 414.0 467.0 416.0 416.0 438.0 438.0 443.0 434.0 378.0 391.0 416.0 363.0 408.0 425.0 417.0 415.0 335.0 344.0 451.0 430.0 426.0 407.0 407.0 400.0 387.0 418.0 424.0 434.0 368.0 425.0 428.0 409.0 425.0 447.0 421.0 407.0 392.0 403.0 417.0 426.0 422.0 425.0 402.0 371.0 398.0 409.0 419.0 411.0 430.0 404.0 364.0 351.0 422.0 421.0 421.0 410.0 404.0 400.0 426.0 435.0 427.0 374.0 423.0 403.0 355.0 361.0 372.0 381.0 367.0 389.0 387.0 392.0 365.0 385.0 413.0 383.0 422.0 387.0 372.0 396.0 416.0 353.0 384.0 410.0 398.0 506.0 452.0 371.0 414.0 418.0 386.0 376.0 382.0 406.0 424.0 412.0 395.0 377.0 365.0 416.0 370.0 378.0 378.0 388.0 391.0 423.0 402.0 403.0 420.0 413.0 392.0 372.0 373.0 387.0 374.0 365.0 367.0 372.0 372.0 399.0 403.0 373.0 368.0 402.0 415.0 408.0 422.0 407.0 381.0 420.0 418.0 416.0 410.0 389.0 376.0 406.0 436.0 433.0 437.0 428.0 413.0 361.0 361.0 393.0 392.0 345.0 369.0 437.0 408.0 416.0 362.0 393.0 408.0 395.0 372.0 437.0 412.0 378.0 376.0 411.0 372.0 377.0 371.0 380.0 403.0 413.0 388.0 377.0 371.0 363.0 379.0 382.0 431.0 429.0 423.0 421.0 439.0 448.0 406.0 409.0 438.0 414.0 430.0 365.0 358.0 360.0 372.0 410.0 429.0 429.0 380.0 407.0 451.0 363.0 364.0 419.0 424.0 391.0 400.0 431.0 431.0 430.0 419.0 381.0 362.0 380.0 427.0 441.0 349.0 365.0 434.0 422.0 437.0 441.0 421.0 409.0 404.0 379.0 394.0 438.0 440.0 437.0 448.0 448.0 427.0 417.0 415.0 421.0 413.0 429.0 445.0 428.0 417.0 420.0 412.0 430.0 430.0 409.0 390.0 436.0 426.0 426.0 511.0 431.0 431.0 403.0 429.0 440.0 437.0 416.0 405.801393728223 26.666004617237565
46 236.0 233.0 253.0 253.0 253.0 275.0 262.0 262.0 267.0 268.0 251.0 240.0 251.0 254.0 297.0 265.0 251.0 264.0 274.0 251.0 293.0 251.0 266.0 271.0 256.0 264.0 268.0 244.0 212.0 267.0 274.0 260.0 244.0 274.0 264.0 266.0 273.0 267.0 265.0 265.0 396.0 256.0 276.0 276.0 273.0 274.0 238.0 243.0 262.0 262.0 250.0 266.0 269.0 263.0 212.0 212.0 276.0 281.0 254.0 257.0 259.0 257.0 251.0 274.0 271.0 259.0 259.0 276.0 272.0 253.0 267.0 267.0 269.0 258.0 246.0 342.0 263.0 268.0 271.0 264.0 263.0 233.0 258.0 238.0 257.0 261.0 237.0 237.0 227.0 222.0 268.0 265.0 267.0 268.0 256.0 252.0 269.0 293.0 273.0 263.0 269.0 270.0 237.0 234.0 232.0 241.0 225.0 232.0 237.0 248.0 248.0 253.0 266.0 270.0 256.0 242.0 234.0 250.0 267.0 230.0 248.0 271.0 233.0 237.0 237.0 239.0 273.0 262.0 239.0 237.0 238.0 271.0 273.0 261.0 256.0 230.0 235.0 271.0 243.0 250.0 254.0 252.0 255.0 267.0 239.0 259.0 250.0 233.0 250.0 245.0 269.0 234.0 240.0 239.0 240.0 230.0 242.0 259.0 272.0 230.0 243.0 235.0 270.0 268.0 273.0 252.0 245.0 257.0 260.0 266.0 267.0 256.0 240.0 258.0 273.0 273.0 275.0 275.0 257.0 229.0 241.0 248.0 236.0 266.0 248.0 272.0 244.0 254.0 225.0 272.0 260.0 256.0 245.0 263.0 263.0 262.0 240.0 267.0 235.0 233.0 253.0 235.0 239.0 258.0 243.0 227.0 243.0 229.0 235.0 236.0 272.0 274.0 269.0 258.0 278.0 275.0 266.0 246.0 269.0 263.0 275.0 223.0 228.0 241.0 248.0 260.0 273.0 271.0 243.0 244.0 273.0 227.0 266.0 266.0 264.0 264.0 246.0 278.0 278.0 270.0 240.0 245.0 273.0 273.0 277.0 276.0 240.0 236.0 272.0 280.0 272.0 270.0 271.0 262.0 241.0 254.0 242.0 278.0 277.0 269.0 281.0 281.0 281.0 271.0 260.0 267.0 279.0 279.0 277.0 269.0 252.0 266.0 246.0 267.0 239.0 268.0 268.0 262.0 267.0 267.0 263.0 277.0 277.0 251.0 263.0 262.0 277.0 257.59581881533103 18.588017324367136
47 122.0 116.0 119.0 125.0 125.0 144.0 132.0 133.0 130.0 130.0 130.0 130.0 130.0 133.0 127.0 127.0 132.0 132.0 132.0 130.0 128.0 136.0 123.0 134.0 138.0 127.0 127.0 136.0 110.0 110.0 110.0 110.0 123.0 132.0 146.0 131.0 134.0 135.0 128.0 129.0 130.0 130.0 130.0 179.0 156.0 130.0 143.0 127.0 151.0 133.0 112.0 131.0 137.0 132.0 103.0 106.0 151.0 138.0 138.0 129.0 137.0 132.0 131.0 137.0 136.0 134.0 139.0 126.0 134.0 127.0 123.0 151.0 141.0 136.0 127.0 127.0 127.0 130.0 134.0 126.0 129.0 120.0 126.0 121.0 121.0 140.0 137.0 122.0 125.0 112.0 112.0 112.0 139.0 139.0 130.0 121.0 128.0 141.0 141.0 135.0 136.0 137.0 130.0 114.0 119.0 137.0 129.0 116.0 123.0 121.0 125.0 120.0 128.0 131.0 121.0 130.0 121.0 125.0 126.0 131.0 138.0 125.0 139.0 114.0 117.0 114.0 114.0 125.0 138.0 121.0 127.0 118.0 134.0 138.0 129.0 124.0 108.0 133.0 115.0 110.0 117.0 121.0 135.0 136.0 114.0 131.0 128.0 130.0 124.0 117.0 139.0 125.0 119.0 127.0 119.0 122.0 119.0 129.0 128.0 132.0 119.0 110.0 147.0 131.0 134.0 137.0 131.0 120.0 131.0 131.0 133.0 136.0 127.0 122.0 129.0 138.0 127.0 132.0 131.0 132.0 114.0 141.0 125.0 126.0 132.0 131.0 130.0 124.0 110.0 111.0 135.0 140.0 124.0 128.0 140.0 120.0 116.0 119.0 134.0 121.0 122.0 114.0 118.0 137.0 163.0 119.0 120.0 118.0 118.0 126.0 133.0 136.0 136.0 132.0 132.0 138.0 139.0 125.0 130.0 130.0 130.0 137.0 107.0 107.0 111.0 126.0 124.0 137.0 132.0 118.0 141.0 131.0 115.0 138.0 134.0 134.0 134.0 130.0 138.0 138.0 133.0 119.0 120.0 137.0 139.0 139.0 131.0 117.0 121.0 138.0 140.0 140.0 126.0 126.0 119.0 129.0 123.0 123.0 123.0 139.0 134.0 146.0 146.0 146.0 135.0 141.0 136.0 136.0 136.0 140.0 130.0 131.0 132.0 134.0 126.0 121.0 111.0 117.0 136.0 137.0 123.0 123.0 138.0 138.0 130.0 132.0 132.0 128.8048780487805 9.871388543957488
48 5.0 5.0 5.0 5.0 5.0 5.0 5.0 5.0 5.0 5.0 5.0 5.0 5.0 5.0 5.0 5.0 5.0 5.0 5.0 5.0 5.0 5.0 5.0 5.0 5.0 5.0 5.0 5.0 4.0 4.0 4.0 4.0 4.0 5.0 5.0 5.0 5.0 5.0 5.0 5.0 5.0 5.0 5.0 5.0 5.0 6.0 6.0 6.0 6.0 6.0 6.0 5.0 5.0 5.0 5.0 4.0 4.0 4.0 4.0 5.0 5.0 5.0 5.0 5.0 5.0 5.0 5.0 5.0 5.0 5.0 5.0 5.0 5.0 5.0 5.0 5.0 5.0 5.0 5.0 5.0 5.0 5.0 5.0 5.0 5.0 5.0 5.0 5.0 5.0 4.0 4.0 4.0 4.0 4.0 4.0 4.0 6.0 6.0 6.0 6.0 6.0 5.0 6.0 5.0 5.0 5.0 5.0 5.0 5.0 5.0 5.0 5.0 5.0 5.0 5.0 5.0 5.0 5.0 5.0 5.0 6.0 5.0 5.0 5.0 5.0 5.0 5.0 5.0 5.0 5.0 5.0 4.0 4.0 4.0 4.0 5.0 5.0 6.0 6.0 4.0 5.0 5.0 5.0 5.0 5.0 5.0 5.0 5.0 5.0 5.0 5.0 5.0 5.0 5.0 5.0 5.0 5.0 5.0 6.0 6.0 6.0 5.0 5.0 5.0 6.0 6.0 5.0 5.0 5.0 6.0 5.0 6.0 5.0 5.0 5.0 5.0 5.0 5.0 5.0 5.0 5.0 5.0 5.0 6.0 6.0 6.0 6.0 5.0 5.0 5.0 5.0 5.0 5.0 5.0 5.0 5.0 5.0 5.0 5.0 5.0 6.0 5.0 5.0 5.0 5.0 5.0 5.0 5.0 5.0 5.0 6.0 6.0 6.0 6.0 6.0 6.0 6.0 5.0 5.0 5.0 5.0 5.0 4.0 4.0 5.0 6.0 6.0 6.0 6.0 5.0 5.0 6.0 5.0 5.0 5.0 5.0 5.0 5.0 5.0 5.0 5.0 5.0 5.0 5.0 5.0 6.0 6.0 5.0 5.0 5.0 6.0 6.0 6.0 6.0 6.0 5.0 5.0 5.0 5.0 5.0 5.0 5.0 5.0 5.0 5.0 6.0 6.0 6.0 6.0 6.0 6.0 6.0 6.0 6.0 6.0 6.0 5.0 5.0 5.0 5.0 5.0 5.0 5.0 5.0 5.0 5.0 5.0 5.118466898954704 0.5153996529123465
49 427.0 366.0 371.0 376.0 383.0 415.0 429.0 418.0 419.0 417.0 425.0 417.0 400.0 415.0 426.0 402.0 421.0 420.0 429.0 429.0 408.0 408.0 424.0 420.0 426.0 426.0 415.0 428.0 396.0 364.0 353.0 353.0 353.0 410.0 358.0 424.0 427.0 420.0 427.0 425.0 417.0 418.0 408.0 408.0 440.0 465.0 407.0 426.0 401.0 412.0 416.0 344.0 376.0 424.0 421.0 319.0 421.0 443.0 442.0 427.0 417.0 426.0 414.0 397.0 427.0 432.0 427.0 404.0 413.0 431.0 419.0 404.0 497.0 441.0 449.0 398.0 391.0 402.0 414.0 397.0 389.0 420.0 391.0 425.0 375.0 395.0 433.0 402.0 382.0 370.0 366.0 382.0 435.0 427.0 430.0 414.0 385.0 396.0 418.0 428.0 362.0 431.0 427.0 376.0 354.0 391.0 386.0 374.0 375.0 373.0 386.0 397.0 390.0 399.0 382.0 394.0 403.0 395.0 420.0 398.0 426.0 423.0 411.0 376.0 385.0 371.0 377.0 370.0 397.0 399.0 385.0 385.0 378.0 382.0 393.0 391.0 374.0 362.0 401.0 372.0 362.0 352.0 395.0 419.0 377.0 406.0 422.0 414.0 390.0 380.0 364.0 397.0 387.0 427.0 399.0 361.0 358.0 372.0 399.0 417.0 384.0 371.0 368.0 428.0 428.0 428.0 428.0 390.0 385.0 412.0 416.0 417.0 409.0 382.0 382.0 425.0 436.0 393.0 399.0 435.0 399.0 414.0 416.0 391.0 395.0 416.0 393.0 389.0 374.0 374.0 378.0 430.0 431.0 388.0 375.0 423.0 369.0 370.0 384.0 385.0 369.0 358.0 391.0 374.0 434.0 391.0 391.0 376.0 364.0 368.0 403.0 429.0 418.0 425.0 420.0 420.0 440.0 434.0 385.0 411.0 415.0 427.0 362.0 365.0 370.0 378.0 394.0 399.0 431.0 385.0 384.0 447.0 411.0 370.0 444.0 421.0 419.0 400.0 416.0 440.0 363.0 422.0 395.0 397.0 436.0 438.0 439.0 386.0 369.0 372.0 438.0 388.0 419.0 416.0 403.0 368.0 408.0 406.0 406.0 441.0 440.0 440.0 481.0 481.0 430.0 435.0 459.0 481.0 440.0 440.0 438.0 429.0 411.0 431.0 535.0 413.0 363.0 353.0 447.0 429.0 392.0 392.0 440.0 440.0 400.0 419.0 419.0 404.9268292682927 28.11113455670466
50 282.0 310.0 238.0 256.0 298.0 292.0 271.0 307.0 301.0 294.0 290.0 295.0 304.0 285.0 285.0 298.0 282.0 294.0 297.0 298.0 292.0 286.0 291.0 314.0 283.0 301.0 295.0 299.0 342.0 297.0 250.0 479.0 301.0 310.0 257.0 301.0 291.0 306.0 307.0 297.0 297.0 298.0 300.0 290.0 290.0 290.0 299.0 294.0 305.0 276.0 294.0 309.0 242.0 297.0 301.0 311.0 286.0 244.0 300.0 311.0 306.0 294.0 306.0 295.0 287.0 297.0 310.0 272.0 277.0 291.0 302.0 290.0 281.0 329.0 339.0 292.0 283.0 292.0 281.0 295.0 284.0 270.0 263.0 267.0 271.0 258.0 271.0 311.0 291.0 268.0 259.0 257.0 297.0 287.0 303.0 306.0 292.0 268.0 275.0 299.0 313.0 298.0 301.0 296.0 246.0 251.0 279.0 303.0 267.0 270.0 273.0 283.0 274.0 272.0 263.0 291.0 288.0 290.0 270.0 282.0 264.0 291.0 288.0 269.0 295.0 321.0 261.0 258.0 275.0 286.0 289.0 278.0 272.0 286.0 281.0 314.0 288.0 274.0 255.0 288.0 261.0 249.0 251.0 269.0 308.0 305.0 287.0 300.0 300.0 283.0 268.0 282.0 267.0 277.0 299.0 253.0 274.0 273.0 263.0 296.0 289.0 317.0 277.0 267.0 309.0 313.0 305.0 304.0 278.0 263.0 286.0 302.0 298.0 293.0 269.0 291.0 285.0 298.0 276.0 281.0 311.0 298.0 281.0 305.0 279.0 302.0 281.0 273.0 263.0 280.0 256.0 251.0 296.0 301.0 319.0 313.0 270.0 263.0 262.0 268.0 313.0 264.0 255.0 268.0 267.0 256.0 264.0 268.0 261.0 262.0 287.0 265.0 316.0 271.0 311.0 307.0 277.0 305.0 306.0 275.0 293.0 267.0 310.0 303.0 277.0 310.0 273.0 300.0 271.0 290.0 274.0 270.0 312.0 310.0 272.0 284.0 298.0 295.0 281.0 284.0 310.0 262.0 292.0 304.0 287.0 306.0 305.0 313.0 300.0 273.0 271.0 310.0 293.0 290.0 274.0 260.0 255.0 289.0 292.0 301.0 301.0 340.0 284.0 301.0 301.0 301.0 297.0 296.0 293.0 277.0 277.0 277.0 314.0 301.0 363.0 313.0 298.0 242.0 266.0 267.0 307.0 279.0 276.0 295.0 310.0 281.0 295.0 287.86759581881535 22.214700028282078
51 134.0 388.0 2946.0 115.0 189.0 212.0 397.0 175.0 418.0 210.0 151.0 157.0 157.0 157.0 157.0 157.0 195.0 163.0 126.0 227.0 118.0 142.0 191.0 132.0 147.0 147.0 157.0 128.0 220.0 181.0 120.0 156.0 156.0 156.0 196.0 128.0 144.0 169.0 165.0 182.0 141.0 153.0 129.0 216.0 159.0 159.0 159.0 254.0 177.0 164.0 131.0 183.0 107.0 192.0 184.0 132.0 191.0 211.0 152.0 147.0 140.0 263.0 169.0 150.0 123.0 145.0 157.0 181.0 124.0 154.0 447.0 165.0 166.0 174.0 190.0 148.0 149.0 140.0 153.0 144.0 148.0 141.0 155.0 159.0 172.0 149.0 207.0 170.0 171.0 125.0 129.0 141.0 497.0 497.0 497.0 170.0 163.0 187.0 143.0 193.0 177.0 177.0 145.0 143.0 149.0 126.0 262.0 164.0 128.0 141.0 220.0 188.0 156.0 151.0 130.0 143.0 153.0 163.0 120.0 153.0 125.0 157.0 197.0 165.0 155.0 180.0 179.0 165.0 187.0 1208.0 197.0 143.0 171.0 380.0 317.0 1710.0 156.0 729.0 297.0 361.0 539.0 1076.0 175.0 724.0 1080.0 1037.0 809.0 845.0 603.0 783.0 865.0 409.0 548.0 650.0 1354.0 1139.0 298.0 565.0 737.0 1640.0 520.0 882.0 1157.0 1446.0 828.0 959.0 582.0 516.0 703.0 362.0 650.0 572.0 927.0 214.0 720.0 351.0 1962.0 276.0 479.0 211.0 1454.0 353.0 147.0 295.0 130.0 160.0 1128.0 167.0 655.0 139.0 368.0 143.0 140.0 245.0 178.0 152.0 169.0 143.0 164.0 177.0 274.0 115.0 150.0 142.0 117.0 140.0 190.0 121.0 228.0 224.0 153.0 117.0 190.0 194.0 142.0 142.0 159.0 529.0 133.0 199.0 172.0 131.0 1124.0 1124.0 134.0 157.0 110.0 163.0 125.0 147.0 195.0 110.0 474.0 155.0 182.0 165.0 130.0 144.0 147.0 307.0 179.0 123.0 220.0 150.0 153.0 155.0 134.0 153.0 197.0 116.0 157.0 154.0 154.0 182.0 125.0 185.0 132.0 135.0 153.0 153.0 153.0 153.0 188.0 173.0 4173.0 12519.0 123.0 270.0 252.0 237.0 6260.0 129.0 118.0 144.0 234.0 160.0 250.0 142.0 158.0 2921.0 12519.0 205.0 138.0 265.0 361.0 162.0 162.0 427.891986062718 1158.225348031921
END
#################################################################
SECTION3 (Edges Information)
EndPoint0 EndPoint1 Weight
0 1 1.000000
1 2 1.000000
2 3 1.000000
3 4 1.000000
4 5 1.000000
5 6 1.000000
6 7 1.000000
7 8 1.000000
8 9 1.000000
9 10 1.000000
10 11 1.000000
11 12 1.000000
12 13 1.000000
13 14 1.000000
14 15 1.000000
15 16 1.000000
16 17 1.000000
17 18 1.000000
18 19 1.000000
19 20 1.000000
20 21 1.000000
21 22 1.000000
22 23 1.000000
23 24 1.000000
24 25 1.000000
25 26 1.000000
26 27 1.000000
27 28 1.000000
28 29 1.000000
29 30 1.000000
30 31 1.000000
31 32 1.000000
32 33 1.000000
33 34 1.000000
34 35 1.000000
35 36 1.000000
36 37 1.000000
37 38 1.000000
38 39 1.000000
39 40 1.000000
40 41 1.000000
41 42 1.000000
42 43 1.000000
43 44 1.000000
44 45 1.000000
45 46 1.000000
46 47 1.000000
47 48 1.000000
48 49 1.000000
49 50 1.000000
50 51 1.000000
END
#################################################################
SECTION4 (TrueSubGraph Information)
EndPoint0 EndPoint1 Weight
END
#################################################################
