#################################################################
#APDM Input Graph, this input graph includes 3 sections:
#section1 : general information
#section2 : nodes
#section3 : edges
#section4 : trueSubGraph (Optional)
#
#if nodes haven't information set weight to null
#################################################################
SECTION1 (General Information)
numNodes = 52
numEdges = 51
usedAlgorithm = NULL
dataSource = TransWeatherRealData
END
#################################################################
SECTION2 (Nodes Information)
NodeID travelTime  mean  std 
0 241.0 234.0 263.0 236.0 235.0 251.0 266.0 212.0 235.0 230.0 240.0 236.0 232.0 224.0 231.0 246.0 256.0 237.0 251.0 261.0 235.0 234.0 223.0 224.0 224.0 223.0 222.0 242.0 235.0 230.0 235.0 242.0 224.0 232.0 222.0 225.0 220.0 240.0 228.0 233.0 239.0 237.0 230.0 235.0 232.0 227.0 236.0 224.0 228.0 233.0 229.0 225.0 222.0 225.0 243.0 222.0 241.0 240.0 223.0 233.0 223.0 236.0 230.0 233.0 225.0 215.0 211.0 221.0 236.0 226.0 232.0 233.0 206.0 222.0 221.0 216.0 223.0 232.0 230.0 229.0 224.0 206.0 223.0 223.0 224.0 222.0 204.0 210.0 209.0 213.0 214.0 212.0 201.0 218.0 227.0 226.0 212.0 234.0 217.0 223.0 228.0 233.0 204.0 210.0 229.0 230.0 221.0 240.0 237.0 226.0 226.0 231.0 215.0 201.0 237.0 226.0 230.0 229.0 234.0 216.0 223.0 225.0 235.0 238.0 234.0 232.0 218.0 209.0 230.0 222.0 231.0 201.0 211.0 207.0 206.0 213.0 228.0 214.0 210.0 230.0 227.0 236.0 234.0 230.0 217.0 224.0 224.0 221.0 220.0 217.0 205.0 216.0 201.0 217.0 210.0 231.0 230.0 233.0 233.0 221.0 201.0 228.0 233.0 230.0 208.0 214.0 201.0 232.0 208.0 225.0 236.0 215.0 213.0 226.0 223.0 219.0 226.0 223.0 229.0 219.0 236.0 217.0 232.0 285.0 327.0 559.0 223.0 457.0 660.0 337.0 549.0 434.0 247.0 384.0 347.0 262.0 364.0 572.0 273.0 325.0 274.0 286.0 270.0 277.0 377.0 242.0 249.0 311.0 285.0 258.0 301.0 355.0 255.0 226.0 245.0 252.0 238.0 227.0 197.0 205.0 196.0 237.0 236.0 232.0 227.0 230.0 209.0 203.0 210.0 232.0 213.0 231.0 208.0 207.0 227.0 223.0 228.0 228.0 241.0 259.0 230.0 241.0 207.0 229.0 217.0 224.0 236.0 238.0 226.0 214.0 211.0 223.0 199.0 224.0 269.0 224.0 238.0 232.0 232.0 250.0 246.0 217.0 235.0 225.0 234.0 229.0 223.0 245.0 253.0 224.0 237.0 215.0 246.0 243.0 245.0 221.0 217.0 243.0 233.0 237.0 238.0 226.0 243.0 237.0 245.0 227.0 220.0 239.0836236933798 52.20213513542392
1 82.0 82.0 66.0 74.0 70.0 74.0 73.0 57.0 69.0 69.0 69.0 67.0 67.0 67.0 67.0 69.0 70.0 69.0 69.0 67.0 71.0 65.0 67.0 65.0 74.0 65.0 63.0 65.0 67.0 67.0 67.0 66.0 78.0 65.0 67.0 63.0 67.0 67.0 66.0 69.0 69.0 69.0 69.0 69.0 67.0 68.0 65.0 62.0 62.0 66.0 67.0 65.0 65.0 65.0 67.0 63.0 67.0 70.0 70.0 64.0 70.0 68.0 70.0 77.0 68.0 61.0 67.0 60.0 67.0 67.0 65.0 62.0 67.0 63.0 60.0 63.0 65.0 66.0 68.0 69.0 63.0 62.0 63.0 66.0 64.0 66.0 70.0 59.0 59.0 63.0 62.0 60.0 60.0 62.0 73.0 67.0 65.0 66.0 67.0 67.0 73.0 68.0 69.0 59.0 66.0 70.0 69.0 68.0 71.0 71.0 69.0 67.0 63.0 58.0 69.0 70.0 71.0 67.0 67.0 65.0 67.0 67.0 69.0 75.0 70.0 70.0 71.0 63.0 61.0 66.0 69.0 65.0 60.0 62.0 58.0 64.0 66.0 64.0 61.0 67.0 70.0 67.0 70.0 70.0 64.0 63.0 65.0 65.0 63.0 69.0 59.0 62.0 58.0 65.0 70.0 71.0 61.0 69.0 68.0 66.0 60.0 68.0 69.0 67.0 60.0 59.0 59.0 57.0 71.0 66.0 67.0 66.0 60.0 60.0 65.0 70.0 64.0 60.0 68.0 68.0 69.0 73.0 62.0 69.0 74.0 70.0 61.0 68.0 65.0 63.0 61.0 67.0 71.0 65.0 68.0 65.0 64.0 62.0 68.0 71.0 70.0 67.0 69.0 66.0 74.0 68.0 65.0 66.0 73.0 69.0 79.0 67.0 63.0 65.0 90.0 75.0 70.0 73.0 67.0 66.0 58.0 72.0 71.0 65.0 65.0 66.0 66.0 58.0 56.0 66.0 67.0 65.0 69.0 60.0 69.0 63.0 68.0 63.0 70.0 76.0 67.0 68.0 61.0 61.0 62.0 64.0 69.0 69.0 76.0 62.0 61.0 61.0 62.0 62.0 62.0 70.0 65.0 69.0 67.0 60.0 75.0 67.0 62.0 65.0 66.0 70.0 70.0 69.0 69.0 65.0 64.0 64.0 69.0 69.0 66.0 66.0 62.0 71.0 71.0 63.0 70.0 69.0 69.0 67.0 70.0 73.0 58.0 66.58188153310104 4.507889658668198
2 263.0 298.0 298.0 315.0 309.0 294.0 314.0 251.0 241.0 276.0 276.0 276.0 276.0 276.0 399.0 271.0 283.0 288.0 287.0 305.0 289.0 283.0 283.0 271.0 262.0 270.0 267.0 264.0 286.0 281.0 276.0 282.0 289.0 282.0 278.0 269.0 279.0 262.0 272.0 288.0 282.0 291.0 420.0 420.0 277.0 278.0 272.0 276.0 279.0 276.0 279.0 273.0 275.0 254.0 269.0 250.0 268.0 270.0 286.0 269.0 277.0 294.0 281.0 284.0 288.0 293.0 273.0 248.0 265.0 307.0 285.0 272.0 284.0 275.0 276.0 269.0 273.0 269.0 283.0 283.0 281.0 270.0 255.0 268.0 270.0 275.0 271.0 241.0 255.0 275.0 268.0 255.0 284.0 261.0 263.0 278.0 264.0 267.0 269.0 263.0 261.0 277.0 282.0 244.0 250.0 274.0 283.0 278.0 286.0 301.0 289.0 279.0 267.0 256.0 271.0 305.0 276.0 283.0 281.0 291.0 260.0 274.0 298.0 287.0 271.0 291.0 286.0 258.0 249.0 269.0 266.0 271.0 238.0 256.0 241.0 247.0 259.0 272.0 261.0 265.0 279.0 283.0 282.0 275.0 293.0 264.0 276.0 270.0 260.0 268.0 253.0 246.0 251.0 232.0 272.0 275.0 236.0 284.0 276.0 267.0 257.0 240.0 275.0 281.0 260.0 243.0 290.0 242.0 272.0 245.0 294.0 294.0 248.0 248.0 265.0 272.0 277.0 249.0 272.0 275.0 298.0 264.0 265.0 244.0 285.0 346.0 252.0 245.0 252.0 263.0 274.0 262.0 278.0 286.0 298.0 268.0 314.0 296.0 268.0 272.0 283.0 261.0 293.0 263.0 258.0 257.0 269.0 315.0 275.0 272.0 288.0 257.0 284.0 237.0 286.0 279.0 294.0 267.0 280.0 241.0 238.0 245.0 278.0 288.0 283.0 257.0 262.0 255.0 236.0 249.0 271.0 259.0 269.0 259.0 248.0 261.0 288.0 263.0 285.0 300.0 282.0 278.0 290.0 247.0 261.0 260.0 271.0 387.0 275.0 258.0 265.0 252.0 261.0 247.0 247.0 290.0 282.0 279.0 278.0 257.0 245.0 279.0 267.0 281.0 276.0 286.0 278.0 281.0 272.0 260.0 269.0 265.0 249.0 282.0 285.0 302.0 245.0 246.0 299.0 278.0 295.0 298.0 290.0 270.0 286.0 292.0 256.0 274.1498257839721 23.127690355034424
3 194.0 271.0 211.0 211.0 197.0 201.0 193.0 201.0 196.0 189.0 210.0 207.0 207.0 207.0 207.0 237.0 193.0 202.0 195.0 197.0 191.0 200.0 206.0 193.0 180.0 225.0 186.0 182.0 180.0 195.0 196.0 207.0 199.0 188.0 201.0 194.0 178.0 190.0 187.0 187.0 192.0 196.0 205.0 179.0 179.0 207.0 191.0 185.0 192.0 192.0 192.0 192.0 186.0 191.0 189.0 199.0 195.0 207.0 264.0 201.0 193.0 192.0 208.0 210.0 207.0 212.0 194.0 199.0 173.0 217.0 195.0 193.0 192.0 200.0 185.0 190.0 178.0 184.0 192.0 191.0 197.0 189.0 176.0 173.0 186.0 183.0 189.0 182.0 161.0 176.0 193.0 188.0 195.0 172.0 187.0 188.0 190.0 191.0 174.0 183.0 175.0 184.0 187.0 195.0 164.0 184.0 187.0 190.0 185.0 187.0 191.0 193.0 186.0 182.0 167.0 188.0 188.0 193.0 195.0 194.0 192.0 175.0 176.0 198.0 190.0 193.0 199.0 193.0 161.0 188.0 190.0 181.0 185.0 179.0 168.0 173.0 186.0 178.0 188.0 174.0 178.0 186.0 185.0 192.0 192.0 188.0 193.0 184.0 172.0 190.0 183.0 162.0 182.0 177.0 154.0 198.0 163.0 187.0 190.0 205.0 193.0 169.0 164.0 196.0 194.0 161.0 162.0 187.0 194.0 177.0 191.0 205.0 187.0 168.0 169.0 195.0 182.0 182.0 176.0 198.0 198.0 185.0 184.0 189.0 183.0 173.0 190.0 178.0 164.0 183.0 171.0 187.0 183.0 197.0 198.0 197.0 194.0 174.0 183.0 176.0 179.0 193.0 192.0 193.0 194.0 180.0 185.0 186.0 185.0 180.0 210.0 195.0 207.0 175.0 187.0 199.0 189.0 178.0 196.0 190.0 161.0 169.0 167.0 177.0 201.0 205.0 178.0 169.0 177.0 179.0 176.0 175.0 186.0 206.0 173.0 172.0 194.0 196.0 224.0 186.0 193.0 196.0 190.0 195.0 174.0 182.0 179.0 179.0 212.0 182.0 177.0 184.0 182.0 175.0 197.0 197.0 197.0 188.0 189.0 189.0 194.0 201.0 191.0 189.0 198.0 190.0 193.0 189.0 271.0 203.0 182.0 181.0 178.0 171.0 197.0 188.0 186.0 173.0 164.0 188.0 189.0 194.0 192.0 197.0 201.0 188.0 196.0 189.1567944250871 14.48219841071242
4 322.0 334.0 304.0 368.0 294.0 375.0 346.0 343.0 356.0 326.0 302.0 362.0 340.0 346.0 424.0 331.0 333.0 308.0 357.0 349.0 349.0 315.0 343.0 345.0 373.0 374.0 329.0 338.0 301.0 354.0 342.0 354.0 353.0 365.0 364.0 320.0 371.0 373.0 313.0 346.0 320.0 308.0 334.0 440.0 339.0 433.0 313.0 343.0 321.0 341.0 375.0 325.0 310.0 310.0 325.0 323.0 327.0 347.0 307.0 311.0 319.0 314.0 371.0 329.0 335.0 335.0 313.0 327.0 321.0 330.0 318.0 319.0 317.0 323.0 323.0 313.0 320.0 311.0 309.0 308.0 317.0 324.0 311.0 298.0 306.0 308.0 297.0 297.0 261.0 278.0 305.0 303.0 291.0 291.0 321.0 316.0 309.0 301.0 290.0 282.0 294.0 277.0 302.0 292.0 269.0 265.0 297.0 302.0 304.0 281.0 319.0 296.0 305.0 301.0 265.0 274.0 298.0 292.0 299.0 304.0 303.0 294.0 275.0 296.0 312.0 305.0 309.0 313.0 293.0 275.0 282.0 296.0 288.0 252.0 269.0 272.0 297.0 287.0 283.0 303.0 296.0 296.0 295.0 294.0 313.0 308.0 292.0 295.0 294.0 285.0 311.0 281.0 266.0 282.0 245.0 299.0 302.0 297.0 261.0 310.0 286.0 290.0 255.0 278.0 281.0 302.0 287.0 295.0 287.0 292.0 295.0 305.0 296.0 294.0 267.0 271.0 289.0 288.0 264.0 274.0 309.0 311.0 291.0 287.0 303.0 271.0 282.0 297.0 262.0 278.0 279.0 273.0 312.0 292.0 313.0 312.0 300.0 293.0 271.0 290.0 273.0 300.0 302.0 292.0 303.0 303.0 287.0 288.0 302.0 297.0 286.0 323.0 305.0 312.0 288.0 300.0 312.0 290.0 304.0 308.0 261.0 251.0 268.0 281.0 290.0 318.0 336.0 296.0 297.0 262.0 298.0 286.0 293.0 287.0 295.0 269.0 277.0 310.0 312.0 300.0 307.0 327.0 302.0 298.0 311.0 295.0 299.0 288.0 305.0 319.0 336.0 282.0 285.0 291.0 274.0 335.0 304.0 308.0 302.0 335.0 305.0 280.0 307.0 306.0 300.0 311.0 302.0 307.0 306.0 323.0 333.0 300.0 288.0 276.0 306.0 312.0 295.0 300.0 269.0 316.0 297.0 288.0 325.0 311.0 315.0 312.0 315.0 306.6515679442508 27.8875838223579
5 4.0 4.0 4.0 4.0 4.0 4.0 4.0 4.0 4.0 7.0 7.0 7.0 7.0 7.0 7.0 7.0 7.0 7.0 7.0 7.0 5.0 5.0 5.0 5.0 6.0 6.0 6.0 4.0 4.0 4.0 4.0 4.0 4.0 4.0 4.0 4.0 4.0 4.0 4.0 5.0 5.0 5.0 5.0 5.0 5.0 5.0 5.0 5.0 5.0 4.0 4.0 4.0 4.0 4.0 5.0 5.0 5.0 5.0 5.0 5.0 5.0 5.0 5.0 5.0 5.0 5.0 5.0 5.0 5.0 5.0 5.0 5.0 5.0 5.0 5.0 5.0 4.0 4.0 4.0 4.0 4.0 4.0 4.0 5.0 4.0 4.0 4.0 4.0 4.0 4.0 4.0 4.0 4.0 4.0 4.0 4.0 4.0 4.0 4.0 4.0 4.0 4.0 4.0 4.0 4.0 3.0 3.0 4.0 4.0 4.0 4.0 4.0 4.0 4.0 3.0 4.0 4.0 4.0 4.0 5.0 5.0 4.0 3.0 3.0 4.0 4.0 4.0 4.0 4.0 4.0 3.0 3.0 3.0 3.0 4.0 4.0 4.0 4.0 4.0 4.0 4.0 4.0 4.0 4.0 4.0 4.0 5.0 5.0 4.0 4.0 4.0 4.0 3.0 3.0 3.0 4.0 4.0 4.0 3.0 3.0 3.0 4.0 4.0 3.0 3.0 3.0 3.0 3.0 4.0 4.0 4.0 4.0 4.0 4.0 3.0 3.0 4.0 4.0 4.0 3.0 3.0 3.0 3.0 3.0 3.0 3.0 4.0 4.0 4.0 3.0 3.0 3.0 3.0 3.0 3.0 3.0 3.0 4.0 4.0 4.0 4.0 4.0 4.0 4.0 4.0 4.0 4.0 4.0 5.0 5.0 5.0 5.0 5.0 5.0 3.0 3.0 5.0 5.0 4.0 4.0 4.0 3.0 4.0 4.0 4.0 4.0 4.0 4.0 4.0 4.0 4.0 4.0 4.0 4.0 4.0 4.0 3.0 3.0 3.0 3.0 3.0 5.0 5.0 5.0 5.0 5.0 5.0 4.0 4.0 4.0 4.0 4.0 4.0 4.0 4.0 4.0 4.0 4.0 4.0 4.0 4.0 4.0 5.0 5.0 5.0 5.0 5.0 5.0 4.0 4.0 4.0 4.0 4.0 4.0 4.0 4.0 4.0 4.0 4.0 4.0 4.0 4.0 4.0 4.0 4.0 4.0 4.0 4.19163763066202 0.8496398461873897
6 751.0 680.0 353.0 341.0 311.0 311.0 384.0 368.0 356.0 388.0 356.0 342.0 334.0 355.0 334.0 678.0 448.0 406.0 327.0 369.0 343.0 311.0 360.0 377.0 370.0 374.0 318.0 347.0 350.0 344.0 324.0 360.0 349.0 353.0 387.0 353.0 361.0 349.0 366.0 345.0 347.0 326.0 369.0 338.0 349.0 349.0 349.0 461.0 358.0 325.0 350.0 332.0 336.0 341.0 386.0 330.0 359.0 360.0 328.0 328.0 384.0 360.0 343.0 363.0 349.0 360.0 338.0 354.0 331.0 344.0 309.0 309.0 356.0 337.0 346.0 353.0 346.0 358.0 348.0 339.0 328.0 389.0 366.0 425.0 317.0 329.0 352.0 328.0 367.0 374.0 342.0 301.0 335.0 326.0 352.0 337.0 363.0 328.0 357.0 327.0 319.0 357.0 311.0 348.0 330.0 297.0 297.0 332.0 317.0 355.0 356.0 338.0 330.0 340.0 336.0 295.0 302.0 341.0 347.0 343.0 351.0 347.0 313.0 315.0 327.0 345.0 350.0 345.0 351.0 345.0 297.0 302.0 334.0 311.0 295.0 312.0 325.0 321.0 308.0 328.0 323.0 338.0 346.0 339.0 305.0 299.0 358.0 322.0 323.0 329.0 346.0 351.0 309.0 301.0 324.0 317.0 293.0 334.0 316.0 290.0 347.0 318.0 314.0 304.0 332.0 309.0 353.0 350.0 328.0 344.0 370.0 352.0 327.0 346.0 318.0 292.0 290.0 319.0 328.0 316.0 354.0 359.0 346.0 356.0 338.0 281.0 345.0 326.0 328.0 323.0 339.0 352.0 295.0 349.0 334.0 348.0 333.0 349.0 358.0 315.0 337.0 299.0 355.0 349.0 332.0 341.0 356.0 319.0 323.0 380.0 337.0 321.0 398.0 342.0 353.0 352.0 335.0 349.0 336.0 352.0 341.0 303.0 283.0 293.0 380.0 335.0 394.0 310.0 302.0 339.0 361.0 358.0 330.0 325.0 334.0 403.0 309.0 306.0 357.0 369.0 352.0 345.0 346.0 341.0 335.0 352.0 346.0 329.0 332.0 336.0 356.0 353.0 311.0 321.0 299.0 309.0 342.0 508.0 341.0 339.0 359.0 346.0 338.0 299.0 353.0 340.0 361.0 399.0 360.0 344.0 368.0 347.0 333.0 318.0 303.0 333.0 361.0 327.0 340.0 307.0 335.0 309.0 313.0 322.0 358.0 449.0 396.0 344.22996515679444 46.465673558332796
7 467.0 467.0 454.0 470.0 490.0 468.0 468.0 476.0 505.0 491.0 501.0 497.0 506.0 450.0 475.0 467.0 483.0 483.0 505.0 503.0 478.0 482.0 442.0 505.0 509.0 497.0 479.0 456.0 456.0 490.0 455.0 452.0 483.0 479.0 504.0 513.0 482.0 483.0 475.0 480.0 472.0 477.0 465.0 462.0 477.0 471.0 491.0 476.0 517.0 491.0 479.0 472.0 455.0 468.0 477.0 481.0 456.0 471.0 470.0 458.0 509.0 509.0 506.0 484.0 489.0 528.0 476.0 470.0 523.0 460.0 449.0 441.0 452.0 486.0 485.0 479.0 494.0 494.0 492.0 494.0 442.0 459.0 523.0 516.0 493.0 447.0 459.0 470.0 465.0 462.0 456.0 447.0 407.0 455.0 480.0 461.0 452.0 471.0 478.0 469.0 439.0 466.0 459.0 469.0 485.0 488.0 421.0 419.0 454.0 488.0 473.0 479.0 504.0 529.0 900.0 484.0 421.0 450.0 464.0 462.0 485.0 474.0 473.0 467.0 463.0 461.0 475.0 475.0 477.0 497.0 461.0 420.0 446.0 480.0 469.0 415.0 406.0 463.0 450.0 435.0 458.0 482.0 452.0 446.0 465.0 407.0 479.0 489.0 482.0 484.0 492.0 500.0 487.0 429.0 426.0 444.0 429.0 418.0 468.0 438.0 419.0 438.0 455.0 453.0 479.0 449.0 434.0 464.0 392.0 421.0 433.0 463.0 483.0 474.0 540.0 440.0 419.0 413.0 431.0 443.0 450.0 444.0 494.0 479.0 477.0 478.0 487.0 483.0 461.0 444.0 436.0 465.0 460.0 416.0 422.0 469.0 479.0 493.0 488.0 482.0 462.0 469.0 473.0 488.0 491.0 461.0 457.0 499.0 487.0 449.0 466.0 473.0 480.0 482.0 461.0 489.0 494.0 470.0 481.0 497.0 495.0 493.0 421.0 400.0 414.0 405.0 434.0 448.0 443.0 438.0 400.0 424.0 475.0 493.0 490.0 461.0 480.0 434.0 436.0 497.0 454.0 439.0 463.0 492.0 487.0 485.0 481.0 481.0 474.0 458.0 461.0 456.0 486.0 541.0 464.0 413.0 424.0 486.0 451.0 481.0 487.0 513.0 487.0 469.0 433.0 483.0 473.0 493.0 489.0 503.0 491.0 526.0 492.0 476.0 458.0 428.0 447.0 487.0 474.0 473.0 434.0 429.0 447.0 459.0 455.0 477.0 477.0 469.55400696864115 36.83714456770569
8 653.0 643.0 659.0 658.0 674.0 665.0 653.0 741.0 679.0 693.0 704.0 649.0 647.0 655.0 647.0 614.0 694.0 676.0 688.0 734.0 616.0 611.0 616.0 647.0 643.0 658.0 654.0 661.0 677.0 628.0 617.0 635.0 618.0 617.0 647.0 650.0 667.0 670.0 668.0 637.0 651.0 669.0 672.0 689.0 632.0 621.0 648.0 684.0 705.0 700.0 701.0 685.0 654.0 703.0 674.0 664.0 659.0 633.0 627.0 652.0 639.0 663.0 661.0 679.0 677.0 674.0 690.0 651.0 644.0 646.0 681.0 648.0 607.0 606.0 653.0 652.0 633.0 649.0 697.0 673.0 663.0 658.0 655.0 679.0 677.0 677.0 634.0 600.0 622.0 627.0 652.0 655.0 631.0 591.0 591.0 648.0 664.0 666.0 638.0 695.0 661.0 632.0 643.0 658.0 646.0 649.0 649.0 644.0 571.0 580.0 646.0 645.0 649.0 660.0 687.0 686.0 656.0 625.0 622.0 682.0 654.0 655.0 686.0 680.0 665.0 658.0 668.0 655.0 655.0 662.0 674.0 683.0 610.0 582.0 633.0 651.0 553.0 538.0 607.0 633.0 622.0 592.0 626.0 635.0 614.0 575.0 638.0 670.0 655.0 648.0 653.0 634.0 641.0 622.0 628.0 591.0 580.0 609.0 587.0 570.0 645.0 594.0 637.0 639.0 615.0 655.0 651.0 601.0 597.0 568.0 556.0 581.0 633.0 665.0 672.0 645.0 623.0 577.0 569.0 564.0 615.0 600.0 584.0 665.0 621.0 653.0 639.0 630.0 646.0 673.0 632.0 578.0 561.0 695.0 557.0 558.0 589.0 631.0 666.0 663.0 673.0 659.0 643.0 665.0 655.0 646.0 624.0 601.0 645.0 645.0 651.0 652.0 656.0 659.0 661.0 609.0 617.0 665.0 686.0 655.0 647.0 664.0 655.0 647.0 554.0 560.0 562.0 591.0 689.0 567.0 565.0 566.0 543.0 575.0 633.0 679.0 638.0 628.0 591.0 602.0 588.0 621.0 602.0 604.0 647.0 657.0 639.0 715.0 645.0 603.0 602.0 609.0 660.0 703.0 663.0 631.0 585.0 565.0 601.0 666.0 650.0 643.0 670.0 694.0 675.0 658.0 700.0 664.0 697.0 662.0 656.0 658.0 668.0 675.0 672.0 664.0 624.0 601.0 595.0 699.0 682.0 607.0 593.0 588.0 617.0 606.0 634.0 640.205574912892 37.20397711088992
9 958.0 956.0 999.0 964.0 967.0 1013.0 955.0 950.0 956.0 984.0 989.0 1000.0 1021.0 979.0 958.0 955.0 909.0 1014.0 969.0 993.0 982.0 991.0 943.0 907.0 904.0 926.0 1065.0 945.0 991.0 938.0 915.0 911.0 903.0 936.0 901.0 903.0 905.0 971.0 988.0 990.0 951.0 983.0 986.0 965.0 953.0 943.0 938.0 967.0 920.0 991.0 1013.0 1021.0 1060.0 1047.0 981.0 963.0 994.0 982.0 974.0 1038.0 975.0 924.0 929.0 933.0 1018.0 961.0 996.0 991.0 969.0 970.0 1004.0 1017.0 937.0 1059.0 873.0 880.0 880.0 966.0 923.0 1012.0 941.0 977.0 957.0 924.0 944.0 950.0 972.0 984.0 953.0 907.0 894.0 955.0 924.0 933.0 930.0 881.0 899.0 897.0 986.0 981.0 1016.0 967.0 947.0 897.0 902.0 937.0 967.0 968.0 960.0 895.0 832.0 834.0 877.0 957.0 945.0 950.0 950.0 976.0 960.0 940.0 918.0 943.0 1025.0 967.0 937.0 950.0 966.0 966.0 936.0 955.0 956.0 950.0 940.0 962.0 866.0 930.0 928.0 927.0 846.0 815.0 830.0 920.0 898.0 885.0 856.0 925.0 908.0 872.0 825.0 872.0 836.0 1014.0 966.0 940.0 915.0 914.0 898.0 845.0 852.0 871.0 845.0 837.0 841.0 870.0 872.0 901.0 963.0 951.0 948.0 890.0 886.0 811.0 809.0 933.0 934.0 944.0 950.0 906.0 875.0 822.0 850.0 864.0 887.0 942.0 924.0 914.0 980.0 982.0 976.0 955.0 945.0 949.0 870.0 818.0 852.0 904.0 824.0 790.0 836.0 933.0 956.0 985.0 981.0 990.0 987.0 973.0 955.0 954.0 928.0 886.0 891.0 933.0 921.0 917.0 931.0 982.0 931.0 907.0 892.0 961.0 981.0 963.0 963.0 941.0 940.0 864.0 802.0 816.0 826.0 843.0 936.0 824.0 835.0 811.0 818.0 880.0 900.0 984.0 968.0 948.0 861.0 847.0 838.0 866.0 878.0 877.0 880.0 952.0 951.0 938.0 895.0 882.0 876.0 893.0 935.0 1015.0 1016.0 943.0 877.0 820.0 941.0 1018.0 1009.0 1009.0 1020.0 991.0 992.0 875.0 973.0 953.0 942.0 957.0 968.0 963.0 965.0 981.0 965.0 977.0 908.0 898.0 887.0 987.0 997.0 890.0 883.0 847.0 913.0 932.1184668989548 55.21996611535763
10 515.0 535.0 498.0 482.0 490.0 530.0 504.0 511.0 480.0 481.0 507.0 505.0 543.0 478.0 492.0 523.0 509.0 525.0 532.0 471.0 471.0 587.0 503.0 511.0 495.0 470.0 481.0 509.0 497.0 493.0 558.0 558.0 475.0 550.0 521.0 485.0 474.0 464.0 466.0 559.0 478.0 531.0 513.0 481.0 499.0 494.0 532.0 518.0 500.0 476.0 587.0 475.0 497.0 529.0 585.0 581.0 528.0 502.0 534.0 542.0 507.0 505.0 489.0 483.0 552.0 472.0 482.0 509.0 493.0 547.0 517.0 520.0 491.0 508.0 480.0 598.0 466.0 444.0 466.0 520.0 495.0 480.0 493.0 513.0 536.0 488.0 481.0 492.0 496.0 521.0 502.0 532.0 520.0 474.0 487.0 455.0 458.0 480.0 413.0 475.0 505.0 492.0 512.0 489.0 471.0 468.0 483.0 504.0 511.0 479.0 456.0 453.0 428.0 412.0 498.0 462.0 543.0 508.0 472.0 522.0 555.0 539.0 493.0 528.0 598.0 488.0 435.0 487.0 514.0 511.0 487.0 481.0 507.0 496.0 479.0 594.0 509.0 509.0 500.0 510.0 501.0 428.0 418.0 479.0 467.0 435.0 460.0 516.0 474.0 438.0 427.0 409.0 439.0 494.0 503.0 482.0 477.0 493.0 503.0 481.0 443.0 440.0 447.0 417.0 495.0 481.0 444.0 468.0 495.0 592.0 515.0 525.0 493.0 451.0 464.0 490.0 491.0 478.0 489.0 509.0 463.0 461.0 443.0 445.0 468.0 477.0 432.0 425.0 498.0 544.0 508.0 506.0 484.0 479.0 498.0 430.0 434.0 501.0 445.0 418.0 423.0 469.0 498.0 491.0 558.0 523.0 520.0 514.0 508.0 480.0 506.0 462.0 453.0 507.0 507.0 520.0 482.0 477.0 512.0 465.0 460.0 497.0 449.0 496.0 518.0 500.0 503.0 495.0 415.0 405.0 427.0 431.0 479.0 464.0 443.0 506.0 463.0 415.0 492.0 508.0 491.0 505.0 473.0 421.0 423.0 600.0 464.0 444.0 460.0 483.0 465.0 497.0 527.0 516.0 477.0 481.0 469.0 449.0 489.0 529.0 493.0 496.0 546.0 441.0 427.0 509.0 488.0 477.0 592.0 505.0 527.0 486.0 494.0 505.0 586.0 492.0 458.0 482.0 644.0 533.0 501.0 500.0 492.0 490.0 531.0 501.0 471.0 492.08710801393727 38.29937383316818
11 706.0 658.0 649.0 646.0 640.0 639.0 641.0 675.0 649.0 648.0 626.0 623.0 683.0 660.0 585.0 644.0 664.0 664.0 639.0 670.0 671.0 646.0 646.0 707.0 671.0 670.0 647.0 614.0 611.0 602.0 633.0 635.0 654.0 629.0 622.0 665.0 675.0 640.0 603.0 605.0 685.0 629.0 585.0 743.0 637.0 637.0 650.0 641.0 640.0 634.0 638.0 630.0 658.0 599.0 639.0 686.0 723.0 666.0 659.0 665.0 651.0 654.0 698.0 642.0 613.0 630.0 662.0 638.0 638.0 711.0 651.0 681.0 658.0 654.0 624.0 637.0 644.0 637.0 572.0 582.0 615.0 560.0 604.0 633.0 644.0 699.0 658.0 637.0 639.0 644.0 649.0 641.0 640.0 643.0 656.0 655.0 620.0 587.0 611.0 563.0 555.0 643.0 646.0 641.0 644.0 652.0 602.0 615.0 642.0 639.0 654.0 613.0 594.0 607.0 543.0 548.0 623.0 619.0 676.0 634.0 615.0 650.0 661.0 651.0 632.0 649.0 650.0 582.0 599.0 610.0 635.0 652.0 633.0 627.0 654.0 684.0 610.0 660.0 652.0 634.0 650.0 643.0 563.0 606.0 612.0 580.0 605.0 587.0 592.0 611.0 610.0 589.0 537.0 553.0 589.0 647.0 641.0 625.0 644.0 657.0 604.0 591.0 548.0 560.0 560.0 522.0 629.0 582.0 573.0 640.0 639.0 654.0 626.0 642.0 652.0 638.0 631.0 636.0 642.0 666.0 631.0 624.0 582.0 571.0 568.0 575.0 600.0 568.0 533.0 544.0 617.0 648.0 639.0 619.0 619.0 624.0 597.0 573.0 557.0 607.0 537.0 540.0 587.0 616.0 644.0 643.0 658.0 645.0 648.0 648.0 658.0 634.0 624.0 587.0 589.0 627.0 620.0 594.0 581.0 637.0 643.0 602.0 617.0 594.0 589.0 658.0 690.0 691.0 636.0 545.0 576.0 543.0 533.0 611.0 632.0 690.0 628.0 617.0 562.0 618.0 657.0 572.0 649.0 647.0 562.0 564.0 586.0 680.0 587.0 635.0 648.0 588.0 607.0 627.0 631.0 687.0 646.0 584.0 590.0 596.0 640.0 626.0 640.0 654.0 651.0 639.0 613.0 625.0 625.0 673.0 645.0 673.0 617.0 615.0 649.0 734.0 667.0 623.0 627.0 652.0 690.0 686.0 643.0 646.0 644.0 631.0 688.0 627.9686411149826 37.97048530688909
12 7.0 7.0 7.0 7.0 7.0 7.0 7.0 7.0 7.0 7.0 7.0 7.0 7.0 8.0 8.0 8.0 8.0 8.0 8.0 7.0 7.0 7.0 7.0 7.0 7.0 7.0 8.0 8.0 8.0 8.0 8.0 8.0 8.0 8.0 8.0 8.0 8.0 7.0 7.0 7.0 7.0 7.0 6.0 7.0 7.0 7.0 7.0 7.0 7.0 7.0 7.0 8.0 8.0 8.0 8.0 8.0 8.0 8.0 8.0 8.0 7.0 7.0 7.0 7.0 7.0 7.0 7.0 7.0 7.0 7.0 7.0 7.0 7.0 7.0 6.0 6.0 7.0 7.0 7.0 7.0 6.0 6.0 6.0 6.0 6.0 6.0 6.0 6.0 8.0 7.0 7.0 7.0 7.0 7.0 7.0 7.0 7.0 7.0 6.0 6.0 6.0 6.0 7.0 7.0 7.0 7.0 7.0 7.0 7.0 7.0 7.0 7.0 7.0 7.0 7.0 6.0 7.0 7.0 7.0 7.0 7.0 7.0 7.0 7.0 7.0 7.0 7.0 7.0 6.0 6.0 7.0 7.0 7.0 8.0 7.0 7.0 8.0 7.0 7.0 6.0 6.0 7.0 7.0 7.0 7.0 6.0 7.0 6.0 6.0 6.0 8.0 7.0 7.0 7.0 6.0 6.0 6.0 8.0 8.0 7.0 7.0 7.0 7.0 6.0 6.0 6.0 7.0 7.0 7.0 6.0 7.0 7.0 7.0 7.0 7.0 7.0 7.0 7.0 7.0 6.0 6.0 6.0 6.0 7.0 7.0 6.0 7.0 7.0 7.0 6.0 6.0 7.0 7.0 7.0 7.0 7.0 7.0 7.0 6.0 6.0 6.0 6.0 6.0 6.0 6.0 7.0 7.0 7.0 8.0 7.0 8.0 7.0 7.0 7.0 6.0 6.0 6.0 6.0 7.0 7.0 7.0 7.0 7.0 7.0 7.0 7.0 7.0 7.0 9.0 9.0 7.0 7.0 6.0 6.0 7.0 7.0 7.0 7.0 7.0 7.0 7.0 6.0 6.0 6.0 6.0 6.0 6.0 6.0 6.0 6.0 8.0 6.0 6.0 6.0 6.0 6.0 6.0 7.0 7.0 7.0 7.0 7.0 7.0 7.0 7.0 7.0 7.0 7.0 7.0 7.0 7.0 7.0 7.0 7.0 7.0 7.0 7.0 7.0 7.0 7.0 7.0 7.0 7.0 7.0 7.0 7.0 7.0 6.905923344947736 0.6101127097340168
13 107.0 85.0 99.0 105.0 88.0 97.0 95.0 112.0 100.0 96.0 89.0 88.0 92.0 92.0 103.0 92.0 100.0 100.0 100.0 93.0 93.0 97.0 99.0 99.0 99.0 99.0 105.0 105.0 92.0 95.0 86.0 82.0 96.0 96.0 96.0 91.0 91.0 99.0 99.0 94.0 90.0 94.0 87.0 88.0 96.0 100.0 92.0 97.0 103.0 103.0 93.0 99.0 93.0 96.0 89.0 89.0 90.0 93.0 96.0 96.0 98.0 96.0 86.0 99.0 96.0 88.0 90.0 94.0 95.0 98.0 97.0 102.0 90.0 100.0 93.0 95.0 94.0 95.0 88.0 88.0 85.0 96.0 83.0 87.0 94.0 120.0 98.0 96.0 96.0 93.0 99.0 98.0 92.0 93.0 91.0 109.0 96.0 104.0 87.0 102.0 92.0 81.0 97.0 96.0 94.0 94.0 97.0 93.0 91.0 98.0 95.0 89.0 97.0 87.0 93.0 82.0 95.0 93.0 99.0 99.0 93.0 92.0 97.0 99.0 99.0 98.0 93.0 103.0 86.0 95.0 88.0 95.0 96.0 98.0 94.0 97.0 97.0 86.0 99.0 81.0 90.0 103.0 93.0 95.0 92.0 78.0 91.0 90.0 82.0 88.0 98.0 93.0 83.0 91.0 81.0 98.0 94.0 95.0 96.0 96.0 96.0 93.0 85.0 75.0 91.0 78.0 90.0 91.0 95.0 85.0 96.0 93.0 98.0 91.0 97.0 91.0 94.0 94.0 96.0 89.0 95.0 97.0 102.0 92.0 90.0 78.0 91.0 88.0 88.0 80.0 86.0 94.0 94.0 96.0 100.0 98.0 92.0 98.0 89.0 125.0 95.0 80.0 79.0 91.0 93.0 96.0 97.0 97.0 98.0 99.0 98.0 96.0 88.0 98.0 85.0 91.0 92.0 97.0 92.0 120.0 97.0 100.0 93.0 90.0 94.0 102.0 96.0 93.0 112.0 92.0 95.0 93.0 87.0 80.0 90.0 97.0 97.0 99.0 85.0 93.0 98.0 77.0 97.0 100.0 105.0 85.0 86.0 98.0 98.0 96.0 96.0 87.0 94.0 94.0 105.0 90.0 96.0 98.0 88.0 88.0 99.0 125.0 88.0 103.0 103.0 103.0 94.0 88.0 88.0 91.0 95.0 95.0 95.0 92.0 82.0 93.0 101.0 98.0 97.0 88.0 97.0 100.0 99.0 97.0 91.0 100.0 95.0 94.20557491289199 6.854856652094703
14 585.0 591.0 564.0 631.0 626.0 676.0 597.0 596.0 595.0 630.0 599.0 600.0 569.0 550.0 594.0 596.0 580.0 644.0 723.0 608.0 600.0 610.0 606.0 614.0 623.0 623.0 615.0 615.0 565.0 565.0 559.0 551.0 563.0 596.0 613.0 571.0 573.0 590.0 607.0 607.0 579.0 606.0 552.0 553.0 564.0 590.0 594.0 590.0 612.0 603.0 545.0 570.0 598.0 594.0 578.0 570.0 578.0 607.0 583.0 591.0 609.0 632.0 591.0 571.0 610.0 625.0 594.0 571.0 582.0 596.0 604.0 616.0 616.0 577.0 601.0 608.0 586.0 582.0 583.0 574.0 536.0 544.0 578.0 580.0 564.0 579.0 605.0 614.0 619.0 610.0 589.0 586.0 576.0 585.0 581.0 598.0 611.0 606.0 580.0 556.0 546.0 528.0 500.0 674.0 624.0 604.0 591.0 609.0 592.0 591.0 638.0 627.0 618.0 629.0 563.0 553.0 597.0 594.0 606.0 599.0 589.0 581.0 585.0 641.0 603.0 603.0 598.0 597.0 565.0 546.0 555.0 557.0 575.0 597.0 598.0 614.0 629.0 581.0 581.0 620.0 519.0 533.0 585.0 576.0 567.0 597.0 491.0 539.0 571.0 536.0 519.0 579.0 585.0 533.0 525.0 522.0 536.0 601.0 596.0 593.0 545.0 537.0 551.0 520.0 522.0 555.0 512.0 532.0 565.0 549.0 551.0 576.0 587.0 567.0 576.0 561.0 542.0 589.0 560.0 562.0 568.0 575.0 539.0 541.0 595.0 500.0 490.0 536.0 552.0 541.0 492.0 498.0 568.0 582.0 597.0 589.0 561.0 560.0 582.0 584.0 593.0 597.0 515.0 507.0 556.0 580.0 503.0 564.0 614.0 627.0 625.0 626.0 611.0 585.0 553.0 543.0 546.0 591.0 588.0 615.0 575.0 597.0 595.0 576.0 570.0 568.0 615.0 584.0 600.0 598.0 608.0 587.0 585.0 501.0 499.0 549.0 594.0 592.0 552.0 550.0 571.0 545.0 484.0 527.0 608.0 592.0 546.0 538.0 539.0 608.0 619.0 557.0 545.0 545.0 617.0 565.0 586.0 603.0 618.0 557.0 552.0 576.0 562.0 594.0 580.0 594.0 615.0 597.0 633.0 562.0 541.0 584.0 615.0 576.0 561.0 598.0 584.0 620.0 588.0 585.0 571.0 597.0 615.0 601.0 606.0 598.0 596.0 580.198606271777 33.671784760535324
15 393.0 397.0 368.0 341.0 370.0 400.0 397.0 397.0 389.0 387.0 397.0 390.0 384.0 387.0 373.0 366.0 384.0 384.0 370.0 406.0 397.0 377.0 386.0 379.0 398.0 402.0 402.0 402.0 395.0 400.0 360.0 365.0 362.0 342.0 373.0 396.0 398.0 366.0 373.0 420.0 410.0 391.0 376.0 383.0 365.0 364.0 391.0 384.0 354.0 397.0 399.0 374.0 357.0 388.0 386.0 386.0 363.0 367.0 366.0 359.0 369.0 389.0 402.0 408.0 384.0 381.0 399.0 399.0 369.0 371.0 379.0 386.0 396.0 399.0 402.0 360.0 405.0 390.0 373.0 374.0 376.0 376.0 347.0 360.0 382.0 367.0 360.0 397.0 404.0 393.0 373.0 319.0 335.0 374.0 390.0 372.0 392.0 398.0 393.0 389.0 358.0 350.0 364.0 325.0 405.0 409.0 385.0 385.0 377.0 366.0 356.0 385.0 370.0 393.0 395.0 383.0 364.0 389.0 390.0 387.0 401.0 410.0 430.0 358.0 360.0 403.0 363.0 355.0 388.0 391.0 368.0 363.0 360.0 361.0 377.0 390.0 399.0 395.0 400.0 379.0 394.0 365.0 353.0 366.0 372.0 376.0 401.0 361.0 341.0 361.0 358.0 345.0 355.0 385.0 353.0 354.0 341.0 332.0 394.0 346.0 373.0 373.0 354.0 368.0 361.0 390.0 384.0 352.0 334.0 364.0 402.0 344.0 354.0 391.0 367.0 375.0 355.0 353.0 352.0 352.0 361.0 353.0 356.0 391.0 360.0 383.0 387.0 341.0 339.0 365.0 358.0 334.0 343.0 345.0 372.0 395.0 370.0 392.0 361.0 376.0 382.0 381.0 389.0 331.0 323.0 367.0 395.0 377.0 389.0 395.0 392.0 405.0 400.0 403.0 376.0 368.0 355.0 349.0 393.0 374.0 375.0 390.0 387.0 390.0 380.0 378.0 357.0 364.0 368.0 382.0 392.0 387.0 395.0 386.0 348.0 339.0 353.0 375.0 385.0 373.0 340.0 347.0 372.0 341.0 318.0 382.0 397.0 379.0 351.0 363.0 398.0 399.0 393.0 378.0 368.0 392.0 392.0 360.0 385.0 402.0 403.0 369.0 369.0 396.0 390.0 403.0 372.0 372.0 398.0 396.0 368.0 377.0 362.0 394.0 386.0 393.0 381.0 368.0 383.0 406.0 384.0 400.0 387.0 386.0 439.0 389.0 389.0 376.8292682926829 20.129009972418547
16 136.0 134.0 130.0 129.0 129.0 132.0 145.0 143.0 143.0 144.0 135.0 144.0 125.0 133.0 125.0 129.0 129.0 134.0 134.0 134.0 150.0 150.0 141.0 133.0 127.0 141.0 141.0 141.0 141.0 139.0 139.0 127.0 126.0 124.0 118.0 127.0 145.0 145.0 145.0 130.0 133.0 142.0 133.0 132.0 137.0 126.0 127.0 137.0 136.0 127.0 137.0 139.0 139.0 126.0 137.0 135.0 135.0 126.0 136.0 127.0 125.0 126.0 131.0 140.0 140.0 133.0 132.0 140.0 137.0 128.0 132.0 132.0 136.0 136.0 136.0 131.0 123.0 141.0 132.0 132.0 131.0 133.0 127.0 121.0 133.0 129.0 129.0 125.0 137.0 144.0 125.0 133.0 109.0 127.0 132.0 127.0 130.0 138.0 141.0 139.0 136.0 122.0 127.0 126.0 110.0 158.0 130.0 134.0 124.0 127.0 125.0 135.0 159.0 138.0 133.0 146.0 126.0 123.0 140.0 127.0 132.0 138.0 136.0 185.0 134.0 126.0 138.0 124.0 139.0 133.0 133.0 132.0 123.0 126.0 126.0 132.0 135.0 135.0 137.0 142.0 134.0 149.0 127.0 123.0 124.0 136.0 136.0 137.0 116.0 108.0 126.0 119.0 118.0 127.0 132.0 122.0 123.0 114.0 132.0 137.0 124.0 132.0 147.0 131.0 122.0 128.0 121.0 135.0 116.0 122.0 129.0 132.0 118.0 127.0 135.0 129.0 134.0 130.0 133.0 120.0 113.0 129.0 123.0 125.0 138.0 137.0 133.0 136.0 117.0 118.0 124.0 143.0 115.0 117.0 124.0 131.0 139.0 133.0 129.0 132.0 132.0 134.0 134.0 148.0 113.0 114.0 131.0 142.0 130.0 139.0 137.0 135.0 142.0 138.0 140.0 127.0 119.0 117.0 123.0 135.0 124.0 134.0 143.0 140.0 136.0 134.0 134.0 127.0 124.0 139.0 128.0 135.0 142.0 132.0 136.0 135.0 115.0 128.0 133.0 133.0 115.0 116.0 158.0 122.0 111.0 130.0 133.0 141.0 133.0 134.0 145.0 137.0 140.0 137.0 123.0 123.0 136.0 127.0 127.0 136.0 136.0 141.0 141.0 128.0 136.0 147.0 137.0 128.0 128.0 142.0 169.0 130.0 123.0 130.0 133.0 133.0 130.0 129.0 134.0 133.0 142.0 129.0 128.0 133.0 136.0 136.0 138.0 132.14634146341464 9.150614954790043
17 461.0 518.0 510.0 515.0 488.0 451.0 479.0 501.0 507.0 541.0 496.0 816.0 515.0 507.0 497.0 513.0 459.0 459.0 514.0 519.0 526.0 511.0 517.0 488.0 494.0 490.0 503.0 496.0 580.0 705.0 514.0 507.0 636.0 508.0 486.0 460.0 562.0 522.0 546.0 477.0 497.0 538.0 524.0 556.0 493.0 498.0 467.0 476.0 512.0 525.0 482.0 512.0 519.0 510.0 475.0 499.0 489.0 503.0 470.0 518.0 435.0 464.0 489.0 485.0 552.0 546.0 489.0 504.0 507.0 508.0 499.0 495.0 490.0 501.0 496.0 535.0 478.0 477.0 499.0 490.0 474.0 477.0 488.0 457.0 443.0 479.0 485.0 456.0 478.0 514.0 496.0 500.0 428.0 406.0 467.0 485.0 497.0 487.0 508.0 511.0 502.0 493.0 441.0 424.0 454.0 439.0 427.0 445.0 496.0 489.0 480.0 498.0 446.0 428.0 489.0 519.0 495.0 454.0 454.0 492.0 488.0 436.0 494.0 520.0 483.0 444.0 440.0 493.0 462.0 452.0 489.0 502.0 459.0 467.0 475.0 469.0 491.0 490.0 496.0 520.0 463.0 478.0 503.0 459.0 449.0 463.0 487.0 494.0 503.0 421.0 431.0 462.0 454.0 444.0 489.0 485.0 448.0 435.0 423.0 491.0 481.0 481.0 456.0 446.0 487.0 464.0 469.0 489.0 490.0 444.0 458.0 478.0 460.0 453.0 496.0 491.0 472.0 474.0 447.0 455.0 433.0 440.0 454.0 460.0 487.0 503.0 478.0 490.0 439.0 458.0 452.0 472.0 464.0 430.0 421.0 510.0 478.0 493.0 496.0 482.0 490.0 502.0 489.0 507.0 505.0 436.0 417.0 504.0 464.0 487.0 495.0 504.0 466.0 510.0 519.0 510.0 495.0 442.0 439.0 455.0 494.0 497.0 494.0 424.0 441.0 506.0 474.0 493.0 481.0 456.0 489.0 490.0 491.0 482.0 531.0 497.0 412.0 439.0 469.0 504.0 911.0 512.0 492.0 508.0 451.0 499.0 495.0 485.0 465.0 476.0 527.0 452.0 496.0 511.0 543.0 451.0 483.0 538.0 519.0 489.0 512.0 519.0 490.0 472.0 475.0 500.0 514.0 503.0 518.0 550.0 509.0 500.0 541.0 493.0 494.0 534.0 500.0 484.0 499.0 492.0 527.0 555.0 521.0 539.0 498.0 559.0 504.0 489.8432055749129 46.32954109960026
18 270.0 276.0 297.0 291.0 296.0 265.0 275.0 268.0 312.0 287.0 264.0 281.0 276.0 292.0 288.0 285.0 282.0 281.0 281.0 310.0 289.0 277.0 295.0 291.0 291.0 294.0 286.0 287.0 302.0 302.0 285.0 287.0 290.0 305.0 284.0 293.0 271.0 287.0 296.0 296.0 296.0 276.0 277.0 325.0 436.0 283.0 303.0 278.0 268.0 293.0 288.0 268.0 291.0 294.0 279.0 280.0 298.0 292.0 280.0 271.0 271.0 279.0 268.0 276.0 281.0 297.0 298.0 272.0 276.0 281.0 289.0 295.0 275.0 285.0 294.0 270.0 281.0 276.0 261.0 285.0 279.0 272.0 269.0 280.0 268.0 252.0 281.0 285.0 270.0 259.0 284.0 298.0 281.0 283.0 270.0 270.0 281.0 275.0 285.0 252.0 293.0 282.0 274.0 252.0 242.0 258.0 242.0 246.0 263.0 283.0 282.0 274.0 285.0 251.0 262.0 289.0 289.0 275.0 287.0 275.0 275.0 280.0 284.0 286.0 287.0 283.0 249.0 248.0 283.0 264.0 255.0 284.0 290.0 268.0 264.0 267.0 279.0 276.0 276.0 281.0 289.0 274.0 275.0 283.0 266.0 252.0 264.0 277.0 284.0 288.0 266.0 272.0 275.0 257.0 263.0 273.0 279.0 275.0 278.0 271.0 292.0 287.0 289.0 277.0 247.0 278.0 259.0 269.0 271.0 281.0 252.0 257.0 274.0 291.0 266.0 277.0 290.0 268.0 274.0 268.0 276.0 255.0 279.0 284.0 262.0 282.0 286.0 264.0 270.0 281.0 265.0 249.0 270.0 267.0 241.0 254.0 271.0 259.0 292.0 287.0 273.0 274.0 267.0 285.0 280.0 296.0 261.0 275.0 283.0 266.0 281.0 279.0 290.0 279.0 294.0 291.0 292.0 289.0 261.0 257.0 253.0 288.0 269.0 290.0 242.0 244.0 284.0 278.0 264.0 274.0 263.0 266.0 283.0 283.0 255.0 279.0 290.0 259.0 256.0 263.0 285.0 281.0 283.0 272.0 287.0 297.0 274.0 271.0 266.0 260.0 257.0 275.0 256.0 256.0 301.0 288.0 272.0 276.0 284.0 296.0 289.0 276.0 289.0 288.0 292.0 283.0 291.0 283.0 294.0 265.0 296.0 284.0 286.0 295.0 290.0 287.0 285.0 280.0 289.0 268.0 273.0 276.0 345.0 284.0 283.0 285.0 282.0 278.4006968641115 17.017978960625474
19 384.0 334.0 364.0 383.0 379.0 372.0 353.0 337.0 343.0 356.0 359.0 360.0 352.0 431.0 385.0 378.0 364.0 375.0 369.0 359.0 384.0 382.0 349.0 390.0 388.0 388.0 373.0 380.0 374.0 378.0 371.0 362.0 377.0 380.0 385.0 374.0 370.0 346.0 362.0 367.0 389.0 343.0 361.0 368.0 388.0 403.0 357.0 434.0 355.0 353.0 372.0 409.0 349.0 371.0 382.0 388.0 363.0 372.0 369.0 364.0 369.0 350.0 351.0 361.0 355.0 367.0 383.0 379.0 364.0 371.0 360.0 372.0 397.0 373.0 368.0 361.0 344.0 399.0 361.0 352.0 375.0 369.0 391.0 365.0 377.0 346.0 332.0 361.0 368.0 351.0 341.0 366.0 376.0 370.0 373.0 364.0 365.0 378.0 375.0 329.0 350.0 346.0 368.0 351.0 332.0 326.0 353.0 339.0 325.0 322.0 369.0 370.0 356.0 396.0 345.0 345.0 375.0 372.0 353.0 377.0 359.0 359.0 366.0 370.0 375.0 380.0 369.0 326.0 325.0 383.0 349.0 342.0 389.0 374.0 349.0 345.0 356.0 362.0 361.0 364.0 374.0 375.0 362.0 362.0 375.0 357.0 337.0 351.0 357.0 361.0 376.0 425.0 377.0 367.0 340.0 331.0 363.0 363.0 346.0 341.0 359.0 344.0 372.0 363.0 325.0 314.0 367.0 330.0 372.0 351.0 363.0 329.0 341.0 373.0 335.0 340.0 373.0 384.0 370.0 359.0 360.0 355.0 362.0 392.0 354.0 352.0 362.0 356.0 348.0 387.0 336.0 328.0 332.0 348.0 332.0 323.0 336.0 384.0 342.0 354.0 347.0 355.0 347.0 340.0 337.0 376.0 388.0 335.0 315.0 373.0 389.0 349.0 377.0 381.0 369.0 377.0 382.0 388.0 380.0 347.0 342.0 345.0 377.0 370.0 377.0 322.0 332.0 366.0 373.0 348.0 369.0 355.0 356.0 366.0 365.0 357.0 366.0 376.0 363.0 334.0 345.0 339.0 377.0 378.0 368.0 363.0 370.0 365.0 318.0 350.0 340.0 333.0 363.0 317.0 337.0 383.0 379.0 372.0 342.0 339.0 430.0 384.0 369.0 387.0 372.0 361.0 359.0 368.0 372.0 364.0 363.0 364.0 371.0 370.0 369.0 364.0 368.0 377.0 376.0 366.0 359.0 349.0 363.0 382.0 377.0 374.0 374.0 362.5679442508711 19.441361096476616
20 9.0 9.0 7.0 8.0 9.0 8.0 8.0 8.0 8.0 8.0 8.0 8.0 8.0 8.0 8.0 8.0 8.0 8.0 8.0 8.0 8.0 8.0 8.0 8.0 8.0 8.0 8.0 8.0 8.0 8.0 8.0 8.0 8.0 8.0 8.0 8.0 8.0 8.0 8.0 8.0 8.0 8.0 8.0 8.0 9.0 9.0 9.0 9.0 9.0 8.0 8.0 8.0 7.0 7.0 7.0 8.0 8.0 8.0 8.0 8.0 8.0 8.0 8.0 8.0 8.0 8.0 8.0 8.0 9.0 9.0 9.0 8.0 7.0 7.0 7.0 8.0 8.0 8.0 8.0 8.0 8.0 9.0 9.0 9.0 8.0 8.0 8.0 7.0 8.0 8.0 8.0 8.0 8.0 9.0 9.0 9.0 8.0 8.0 9.0 8.0 8.0 7.0 7.0 7.0 7.0 7.0 7.0 8.0 8.0 7.0 7.0 8.0 8.0 8.0 8.0 8.0 8.0 7.0 8.0 8.0 8.0 7.0 8.0 9.0 9.0 9.0 8.0 9.0 7.0 7.0 7.0 8.0 7.0 7.0 7.0 8.0 8.0 8.0 8.0 8.0 8.0 8.0 8.0 8.0 8.0 8.0 7.0 7.0 8.0 8.0 8.0 8.0 7.0 8.0 8.0 8.0 7.0 8.0 8.0 8.0 8.0 8.0 8.0 8.0 8.0 7.0 8.0 8.0 7.0 8.0 8.0 8.0 7.0 8.0 7.0 7.0 8.0 8.0 8.0 8.0 8.0 8.0 8.0 8.0 8.0 8.0 8.0 8.0 9.0 9.0 8.0 7.0 7.0 7.0 7.0 7.0 7.0 9.0 8.0 7.0 8.0 8.0 8.0 7.0 7.0 7.0 7.0 7.0 7.0 7.0 8.0 8.0 7.0 9.0 8.0 8.0 8.0 9.0 9.0 7.0 7.0 7.0 7.0 7.0 8.0 7.0 7.0 7.0 8.0 8.0 8.0 8.0 8.0 8.0 8.0 8.0 8.0 8.0 8.0 8.0 8.0 7.0 8.0 8.0 8.0 8.0 8.0 8.0 7.0 7.0 7.0 7.0 8.0 8.0 8.0 8.0 9.0 9.0 8.0 7.0 7.0 7.0 7.0 7.0 7.0 8.0 8.0 8.0 8.0 8.0 9.0 9.0 9.0 8.0 8.0 9.0 9.0 8.0 8.0 8.0 8.0 8.0 8.0 8.0 8.0 8.0 8.0 7.888501742160278 0.5866583563666817
21 200.0 201.0 176.0 201.0 216.0 195.0 202.0 187.0 182.0 181.0 194.0 192.0 192.0 189.0 191.0 212.0 197.0 187.0 198.0 189.0 189.0 197.0 201.0 178.0 205.0 206.0 206.0 196.0 190.0 195.0 201.0 201.0 182.0 200.0 200.0 199.0 197.0 196.0 263.0 189.0 189.0 206.0 199.0 191.0 207.0 215.0 213.0 187.0 197.0 186.0 184.0 195.0 197.0 188.0 200.0 200.0 195.0 192.0 200.0 195.0 194.0 190.0 185.0 182.0 182.0 191.0 192.0 204.0 197.0 186.0 195.0 189.0 200.0 258.0 189.0 196.0 194.0 183.0 198.0 190.0 186.0 201.0 194.0 190.0 194.0 196.0 184.0 175.0 194.0 197.0 180.0 182.0 200.0 194.0 194.0 194.0 192.0 191.0 199.0 198.0 167.0 190.0 184.0 194.0 193.0 172.0 182.0 181.0 191.0 179.0 185.0 199.0 195.0 195.0 204.0 186.0 182.0 196.0 209.0 187.0 188.0 183.0 182.0 193.0 195.0 200.0 196.0 198.0 173.0 192.0 190.0 184.0 180.0 203.0 196.0 186.0 182.0 194.0 196.0 193.0 195.0 196.0 205.0 184.0 190.0 200.0 186.0 183.0 186.0 194.0 196.0 197.0 166.0 163.0 198.0 174.0 184.0 180.0 186.0 191.0 186.0 184.0 185.0 182.0 204.0 166.0 178.0 196.0 179.0 190.0 180.0 192.0 174.0 193.0 174.0 168.0 179.0 194.0 201.0 198.0 186.0 185.0 199.0 196.0 186.0 189.0 186.0 195.0 201.0 187.0 192.0 174.0 177.0 181.0 175.0 191.0 176.0 183.0 184.0 175.0 185.0 191.0 187.0 172.0 182.0 198.0 199.0 217.0 166.0 173.0 194.0 180.0 170.0 204.0 209.0 187.0 196.0 211.0 216.0 190.0 177.0 171.0 180.0 189.0 197.0 190.0 188.0 199.0 197.0 195.0 204.0 200.0 185.0 193.0 193.0 195.0 179.0 198.0 197.0 195.0 178.0 174.0 194.0 193.0 195.0 196.0 194.0 197.0 184.0 184.0 205.0 170.0 201.0 197.0 182.0 192.0 211.0 200.0 190.0 182.0 206.0 201.0 212.0 195.0 204.0 181.0 196.0 195.0 196.0 197.0 205.0 183.0 195.0 195.0 209.0 202.0 194.0 189.0 212.0 201.0 201.0 187.0 186.0 195.0 195.0 207.0 200.0 191.97212543554008 11.510374919237588
22 123.0 120.0 126.0 126.0 130.0 122.0 119.0 116.0 114.0 114.0 124.0 118.0 119.0 116.0 111.0 122.0 120.0 111.0 121.0 117.0 117.0 117.0 119.0 112.0 112.0 126.0 126.0 122.0 122.0 114.0 108.0 126.0 126.0 117.0 123.0 123.0 121.0 120.0 107.0 107.0 115.0 126.0 122.0 117.0 117.0 123.0 131.0 131.0 115.0 125.0 114.0 107.0 120.0 117.0 121.0 123.0 120.0 121.0 120.0 127.0 117.0 120.0 113.0 116.0 123.0 118.0 120.0 120.0 120.0 124.0 121.0 117.0 119.0 134.0 134.0 120.0 117.0 122.0 109.0 126.0 114.0 123.0 121.0 116.0 115.0 115.0 115.0 107.0 116.0 115.0 112.0 108.0 117.0 128.0 124.0 122.0 121.0 110.0 121.0 120.0 118.0 103.0 122.0 122.0 131.0 111.0 108.0 122.0 106.0 117.0 127.0 108.0 124.0 121.0 117.0 112.0 108.0 117.0 129.0 106.0 107.0 117.0 120.0 116.0 116.0 121.0 116.0 110.0 111.0 117.0 115.0 119.0 111.0 126.0 119.0 114.0 111.0 122.0 111.0 117.0 119.0 119.0 120.0 124.0 117.0 118.0 136.0 111.0 117.0 121.0 106.0 104.0 120.0 103.0 108.0 110.0 106.0 104.0 110.0 119.0 114.0 117.0 107.0 111.0 114.0 115.0 108.0 118.0 106.0 109.0 124.0 109.0 124.0 104.0 117.0 107.0 105.0 116.0 145.0 125.0 116.0 115.0 118.0 112.0 122.0 108.0 119.0 114.0 124.0 119.0 112.0 119.0 100.0 120.0 106.0 108.0 119.0 105.0 112.0 109.0 109.0 116.0 120.0 116.0 125.0 117.0 118.0 116.0 123.0 103.0 115.0 119.0 117.0 120.0 126.0 125.0 125.0 123.0 132.0 116.0 105.0 112.0 109.0 118.0 122.0 113.0 120.0 106.0 118.0 127.0 117.0 116.0 111.0 113.0 123.0 115.0 116.0 123.0 122.0 117.0 119.0 113.0 128.0 122.0 120.0 121.0 113.0 127.0 110.0 110.0 130.0 130.0 127.0 119.0 115.0 105.0 122.0 124.0 123.0 114.0 128.0 120.0 120.0 118.0 118.0 137.0 118.0 118.0 118.0 120.0 123.0 119.0 114.0 114.0 125.0 126.0 132.0 114.0 127.0 124.0 124.0 123.0 157.0 118.0 118.0 126.0 122.0 117.91637630662021 7.284429469564456
23 218.0 238.0 236.0 234.0 239.0 239.0 234.0 278.0 226.0 212.0 212.0 232.0 230.0 274.0 235.0 222.0 234.0 222.0 212.0 234.0 222.0 222.0 235.0 232.0 246.0 425.0 238.0 309.0 228.0 227.0 218.0 226.0 243.0 243.0 246.0 242.0 256.0 231.0 220.0 203.0 222.0 223.0 223.0 223.0 228.0 228.0 253.0 251.0 218.0 223.0 222.0 218.0 218.0 233.0 224.0 232.0 230.0 231.0 228.0 227.0 226.0 229.0 220.0 219.0 212.0 218.0 228.0 229.0 239.0 236.0 232.0 227.0 245.0 225.0 263.0 231.0 223.0 224.0 232.0 241.0 226.0 219.0 230.0 230.0 239.0 220.0 226.0 215.0 213.0 226.0 216.0 205.0 218.0 232.0 236.0 233.0 228.0 214.0 205.0 239.0 232.0 202.0 230.0 246.0 233.0 248.0 196.0 228.0 207.0 211.0 223.0 229.0 225.0 232.0 213.0 276.0 209.0 210.0 211.0 204.0 227.0 242.0 229.0 220.0 227.0 227.0 233.0 233.0 207.0 233.0 236.0 230.0 215.0 222.0 240.0 232.0 214.0 233.0 224.0 227.0 222.0 228.0 232.0 239.0 241.0 231.0 234.0 214.0 217.0 242.0 228.0 215.0 246.0 216.0 199.0 212.0 202.0 207.0 217.0 226.0 218.0 230.0 212.0 211.0 230.0 232.0 197.0 210.0 206.0 205.0 225.0 222.0 223.0 204.0 227.0 210.0 201.0 209.0 234.0 237.0 238.0 223.0 223.0 208.0 229.0 211.0 223.0 223.0 230.0 234.0 223.0 223.0 208.0 195.0 209.0 210.0 220.0 214.0 206.0 217.0 216.0 252.0 235.0 226.0 237.0 218.0 234.0 225.0 225.0 199.0 219.0 219.0 226.0 215.0 238.0 248.0 227.0 280.0 238.0 231.0 210.0 226.0 216.0 221.0 230.0 241.0 218.0 235.0 219.0 241.0 231.0 262.0 232.0 228.0 242.0 229.0 227.0 230.0 229.0 226.0 240.0 237.0 219.0 229.0 224.0 238.0 237.0 264.0 226.0 201.0 230.0 266.0 324.0 263.0 234.0 197.0 224.0 231.0 235.0 215.0 221.0 239.0 234.0 224.0 227.0 233.0 231.0 237.0 237.0 227.0 231.0 225.0 216.0 238.0 1486.0 242.0 245.0 214.0 225.0 239.0 241.0 241.0 260.0 259.0 229.0 203.0 239.0 232.99303135888502 76.79479481520087
24 57.0 57.0 50.0 44.0 44.0 45.0 45.0 49.0 52.0 52.0 52.0 52.0 47.0 48.0 42.0 42.0 42.0 43.0 43.0 43.0 51.0 51.0 51.0 41.0 41.0 52.0 42.0 42.0 40.0 42.0 42.0 42.0 42.0 42.0 41.0 44.0 68.0 41.0 44.0 44.0 51.0 51.0 74.0 74.0 42.0 46.0 48.0 44.0 42.0 40.0 40.0 39.0 39.0 39.0 49.0 42.0 45.0 42.0 52.0 52.0 48.0 42.0 46.0 40.0 48.0 48.0 47.0 47.0 45.0 43.0 44.0 43.0 45.0 38.0 54.0 54.0 40.0 41.0 45.0 49.0 43.0 43.0 49.0 45.0 41.0 40.0 39.0 45.0 41.0 52.0 37.0 38.0 39.0 39.0 44.0 42.0 44.0 43.0 40.0 59.0 59.0 45.0 39.0 41.0 53.0 70.0 38.0 39.0 55.0 36.0 40.0 41.0 51.0 42.0 40.0 63.0 41.0 38.0 40.0 33.0 42.0 42.0 43.0 43.0 37.0 42.0 43.0 45.0 36.0 40.0 38.0 43.0 42.0 63.0 47.0 43.0 45.0 41.0 43.0 44.0 44.0 40.0 41.0 43.0 50.0 50.0 55.0 46.0 50.0 57.0 46.0 45.0 43.0 40.0 35.0 44.0 41.0 39.0 43.0 38.0 37.0 50.0 45.0 47.0 51.0 43.0 44.0 37.0 41.0 48.0 50.0 45.0 44.0 45.0 43.0 42.0 42.0 37.0 42.0 43.0 50.0 41.0 38.0 38.0 37.0 43.0 37.0 43.0 44.0 40.0 43.0 40.0 42.0 34.0 42.0 36.0 37.0 57.0 37.0 43.0 44.0 42.0 43.0 42.0 50.0 50.0 38.0 48.0 39.0 39.0 45.0 41.0 45.0 42.0 51.0 54.0 49.0 49.0 43.0 44.0 41.0 47.0 60.0 40.0 38.0 47.0 36.0 46.0 42.0 46.0 44.0 40.0 47.0 39.0 41.0 49.0 48.0 47.0 69.0 43.0 56.0 43.0 42.0 45.0 40.0 40.0 43.0 43.0 43.0 42.0 41.0 41.0 41.0 45.0 42.0 42.0 37.0 41.0 42.0 49.0 49.0 49.0 43.0 41.0 43.0 40.0 40.0 48.0 48.0 62.0 42.0 42.0 42.0 41.0 53.0 51.0 46.0 52.0 39.0 39.0 39.0 42.0 44.0 38.0 40.0 40.0 40.0 44.55052264808363 6.300465467765013
25 133.0 133.0 154.0 128.0 125.0 148.0 148.0 133.0 132.0 145.0 161.0 161.0 139.0 142.0 146.0 146.0 156.0 135.0 126.0 137.0 139.0 118.0 118.0 137.0 124.0 120.0 127.0 128.0 128.0 123.0 121.0 115.0 124.0 124.0 115.0 120.0 128.0 120.0 122.0 116.0 116.0 118.0 131.0 134.0 128.0 123.0 168.0 134.0 126.0 115.0 128.0 116.0 114.0 114.0 120.0 123.0 123.0 122.0 121.0 118.0 114.0 119.0 121.0 119.0 118.0 112.0 120.0 124.0 118.0 131.0 124.0 125.0 129.0 112.0 125.0 128.0 128.0 118.0 127.0 120.0 126.0 117.0 117.0 131.0 121.0 121.0 115.0 118.0 110.0 111.0 114.0 117.0 108.0 117.0 124.0 121.0 111.0 119.0 111.0 123.0 123.0 123.0 106.0 104.0 125.0 117.0 117.0 105.0 120.0 108.0 120.0 110.0 126.0 121.0 120.0 106.0 113.0 109.0 119.0 101.0 118.0 122.0 125.0 118.0 131.0 112.0 125.0 119.0 109.0 110.0 117.0 110.0 118.0 112.0 119.0 123.0 120.0 116.0 124.0 118.0 123.0 123.0 117.0 114.0 123.0 131.0 125.0 123.0 111.0 116.0 119.0 119.0 120.0 114.0 100.0 113.0 119.0 111.0 116.0 118.0 107.0 128.0 113.0 119.0 127.0 120.0 119.0 106.0 126.0 112.0 101.0 117.0 396.0 119.0 109.0 119.0 112.0 107.0 110.0 124.0 118.0 114.0 112.0 118.0 114.0 120.0 105.0 107.0 116.0 116.0 120.0 109.0 116.0 112.0 120.0 106.0 113.0 124.0 110.0 116.0 114.0 125.0 120.0 124.0 107.0 124.0 116.0 119.0 117.0 117.0 104.0 119.0 116.0 125.0 119.0 132.0 125.0 121.0 121.0 128.0 111.0 119.0 122.0 111.0 117.0 124.0 119.0 112.0 120.0 120.0 126.0 108.0 114.0 118.0 120.0 131.0 120.0 122.0 126.0 123.0 119.0 127.0 115.0 116.0 124.0 121.0 122.0 111.0 113.0 127.0 106.0 126.0 119.0 127.0 121.0 121.0 107.0 120.0 124.0 125.0 119.0 123.0 127.0 118.0 120.0 114.0 114.0 116.0 128.0 128.0 119.0 116.0 121.0 122.0 128.0 128.0 114.0 114.0 121.0 118.0 124.0 124.0 124.0 114.0 114.0 122.0 122.0 121.53658536585367 18.834145996895437
26 200.0 200.0 238.0 228.0 222.0 226.0 234.0 212.0 220.0 236.0 236.0 236.0 207.0 216.0 235.0 210.0 210.0 203.0 204.0 194.0 209.0 203.0 203.0 215.0 211.0 197.0 194.0 217.0 217.0 203.0 204.0 205.0 219.0 224.0 224.0 224.0 214.0 200.0 210.0 209.0 200.0 200.0 204.0 237.0 198.0 212.0 212.0 212.0 228.0 210.0 202.0 234.0 197.0 227.0 208.0 207.0 209.0 227.0 208.0 205.0 218.0 215.0 207.0 203.0 203.0 197.0 214.0 211.0 205.0 212.0 215.0 221.0 221.0 208.0 200.0 254.0 207.0 208.0 205.0 209.0 210.0 209.0 201.0 201.0 211.0 204.0 203.0 198.0 195.0 194.0 200.0 208.0 183.0 192.0 216.0 211.0 198.0 273.0 200.0 218.0 252.0 211.0 210.0 179.0 183.0 204.0 211.0 193.0 223.0 189.0 201.0 201.0 205.0 210.0 208.0 185.0 200.0 192.0 201.0 178.0 185.0 211.0 218.0 206.0 205.0 184.0 200.0 205.0 242.0 186.0 198.0 213.0 197.0 195.0 198.0 223.0 212.0 200.0 218.0 224.0 211.0 213.0 214.0 209.0 217.0 217.0 217.0 220.0 213.0 198.0 205.0 209.0 199.0 189.0 186.0 196.0 196.0 197.0 201.0 221.0 180.0 198.0 210.0 203.0 210.0 199.0 204.0 189.0 196.0 211.0 196.0 199.0 211.0 205.0 187.0 189.0 201.0 191.0 185.0 199.0 196.0 210.0 186.0 202.0 206.0 203.0 198.0 178.0 188.0 196.0 191.0 195.0 209.0 201.0 192.0 181.0 190.0 219.0 212.0 203.0 196.0 229.0 193.0 215.0 192.0 211.0 220.0 208.0 205.0 210.0 170.0 182.0 209.0 217.0 206.0 211.0 223.0 212.0 216.0 214.0 193.0 215.0 212.0 203.0 191.0 211.0 217.0 189.0 213.0 207.0 212.0 178.0 181.0 213.0 205.0 214.0 210.0 210.0 226.0 221.0 208.0 211.0 218.0 203.0 212.0 211.0 217.0 209.0 209.0 223.0 191.0 201.0 232.0 196.0 215.0 209.0 186.0 216.0 208.0 213.0 224.0 204.0 214.0 223.0 206.0 227.0 227.0 260.0 217.0 217.0 207.0 204.0 199.0 206.0 206.0 217.0 203.0 193.0 214.0 204.0 217.0 214.0 210.0 197.0 234.0 204.0 203.0 207.54703832752614 13.862854097021621
27 593.0 596.0 587.0 618.0 626.0 620.0 665.0 568.0 667.0 650.0 633.0 636.0 614.0 619.0 647.0 626.0 628.0 633.0 626.0 599.0 637.0 613.0 617.0 611.0 623.0 629.0 572.0 591.0 646.0 654.0 619.0 646.0 639.0 607.0 674.0 653.0 640.0 625.0 612.0 623.0 618.0 604.0 577.0 623.0 665.0 676.0 621.0 624.0 616.0 668.0 599.0 605.0 584.0 575.0 573.0 648.0 603.0 664.0 631.0 638.0 598.0 609.0 604.0 633.0 618.0 591.0 586.0 597.0 629.0 616.0 618.0 616.0 632.0 719.0 583.0 578.0 602.0 567.0 759.0 623.0 635.0 632.0 603.0 598.0 606.0 609.0 612.0 604.0 583.0 577.0 565.0 567.0 568.0 581.0 589.0 613.0 608.0 635.0 581.0 606.0 607.0 607.0 619.0 615.0 544.0 530.0 613.0 676.0 584.0 594.0 582.0 562.0 579.0 600.0 611.0 617.0 572.0 527.0 568.0 551.0 541.0 535.0 553.0 613.0 569.0 585.0 558.0 598.0 613.0 559.0 561.0 570.0 603.0 566.0 570.0 605.0 599.0 617.0 621.0 565.0 553.0 631.0 620.0 603.0 608.0 620.0 621.0 627.0 616.0 589.0 585.0 602.0 598.0 616.0 558.0 577.0 565.0 589.0 545.0 567.0 567.0 560.0 577.0 585.0 565.0 574.0 583.0 627.0 553.0 577.0 604.0 594.0 577.0 592.0 603.0 601.0 639.0 584.0 549.0 552.0 599.0 614.0 599.0 555.0 573.0 601.0 594.0 554.0 556.0 522.0 597.0 565.0 566.0 558.0 553.0 556.0 541.0 547.0 553.0 617.0 577.0 570.0 581.0 612.0 632.0 618.0 577.0 590.0 574.0 590.0 618.0 527.0 535.0 678.0 636.0 565.0 579.0 613.0 633.0 629.0 624.0 631.0 618.0 642.0 589.0 572.0 569.0 575.0 582.0 591.0 620.0 631.0 546.0 506.0 637.0 605.0 617.0 614.0 678.0 567.0 556.0 611.0 624.0 604.0 590.0 607.0 616.0 673.0 637.0 628.0 627.0 574.0 574.0 614.0 626.0 625.0 613.0 618.0 622.0 560.0 586.0 582.0 617.0 637.0 611.0 548.0 556.0 635.0 621.0 616.0 638.0 608.0 601.0 600.0 563.0 624.0 641.0 574.0 568.0 548.0 539.0 631.0 668.0 606.0 600.0 668.0 613.0 601.1219512195122 34.581450002730065
28 8.0 8.0 8.0 8.0 8.0 8.0 8.0 8.0 8.0 8.0 8.0 8.0 8.0 8.0 8.0 8.0 8.0 8.0 8.0 8.0 8.0 8.0 8.0 8.0 8.0 8.0 8.0 8.0 7.0 7.0 7.0 7.0 7.0 7.0 7.0 7.0 7.0 7.0 7.0 7.0 7.0 8.0 8.0 8.0 8.0 8.0 8.0 8.0 8.0 8.0 8.0 8.0 8.0 8.0 7.0 7.0 7.0 7.0 7.0 7.0 7.0 7.0 7.0 7.0 7.0 7.0 7.0 7.0 7.0 7.0 7.0 7.0 7.0 7.0 7.0 7.0 7.0 7.0 7.0 9.0 9.0 9.0 9.0 9.0 9.0 9.0 9.0 9.0 8.0 7.0 7.0 7.0 7.0 7.0 7.0 7.0 7.0 7.0 7.0 7.0 7.0 6.0 6.0 6.0 7.0 7.0 6.0 6.0 6.0 6.0 6.0 6.0 7.0 8.0 8.0 7.0 8.0 7.0 6.0 7.0 7.0 7.0 7.0 7.0 7.0 7.0 7.0 7.0 7.0 8.0 7.0 7.0 7.0 7.0 7.0 7.0 7.0 8.0 8.0 7.0 7.0 7.0 7.0 7.0 8.0 8.0 8.0 8.0 8.0 8.0 8.0 6.0 6.0 8.0 8.0 7.0 7.0 7.0 7.0 6.0 7.0 7.0 8.0 7.0 7.0 8.0 7.0 7.0 7.0 7.0 8.0 7.0 7.0 7.0 7.0 7.0 7.0 7.0 7.0 6.0 7.0 9.0 7.0 7.0 7.0 7.0 7.0 7.0 7.0 6.0 6.0 6.0 6.0 6.0 7.0 8.0 7.0 7.0 7.0 7.0 7.0 7.0 7.0 7.0 7.0 7.0 8.0 8.0 8.0 8.0 8.0 8.0 6.0 7.0 7.0 7.0 7.0 6.0 9.0 7.0 8.0 8.0 8.0 7.0 7.0 7.0 7.0 7.0 7.0 7.0 7.0 9.0 7.0 6.0 7.0 7.0 7.0 7.0 7.0 7.0 7.0 7.0 7.0 7.0 7.0 7.0 7.0 7.0 7.0 7.0 7.0 7.0 7.0 7.0 7.0 7.0 7.0 7.0 7.0 7.0 7.0 7.0 7.0 7.0 7.0 7.0 7.0 7.0 7.0 7.0 7.0 7.0 7.0 8.0 7.0 7.0 7.0 7.0 7.0 7.0 7.0 7.0 7.0 7.0 7.0 7.0 7.0 7.254355400696863 0.6542813699097211
29 196.0 185.0 185.0 185.0 177.0 192.0 186.0 191.0 161.0 161.0 193.0 195.0 191.0 191.0 188.0 189.0 181.0 191.0 196.0 196.0 196.0 180.0 171.0 191.0 181.0 181.0 186.0 186.0 168.0 192.0 196.0 186.0 188.0 175.0 182.0 195.0 192.0 193.0 186.0 193.0 170.0 189.0 181.0 181.0 173.0 179.0 198.0 187.0 188.0 183.0 190.0 203.0 179.0 186.0 173.0 174.0 201.0 183.0 183.0 192.0 191.0 186.0 199.0 175.0 177.0 184.0 182.0 179.0 183.0 181.0 186.0 185.0 191.0 188.0 190.0 189.0 172.0 181.0 177.0 298.0 192.0 171.0 201.0 182.0 181.0 176.0 173.0 187.0 186.0 174.0 178.0 169.0 169.0 182.0 167.0 179.0 178.0 187.0 189.0 191.0 173.0 185.0 177.0 193.0 183.0 184.0 160.0 185.0 186.0 190.0 189.0 184.0 171.0 178.0 169.0 185.0 184.0 177.0 159.0 176.0 171.0 177.0 168.0 172.0 189.0 184.0 185.0 185.0 179.0 176.0 172.0 176.0 177.0 189.0 169.0 164.0 175.0 191.0 190.0 190.0 175.0 167.0 181.0 173.0 192.0 186.0 188.0 185.0 190.0 187.0 196.0 178.0 178.0 185.0 173.0 179.0 171.0 199.0 189.0 165.0 174.0 163.0 179.0 174.0 176.0 175.0 173.0 175.0 193.0 189.0 177.0 187.0 178.0 175.0 177.0 189.0 177.0 196.0 181.0 165.0 170.0 187.0 182.0 187.0 173.0 174.0 190.0 181.0 177.0 159.0 187.0 181.0 186.0 181.0 171.0 178.0 193.0 174.0 162.0 172.0 195.0 166.0 174.0 180.0 171.0 187.0 190.0 185.0 178.0 172.0 168.0 184.0 157.0 164.0 183.0 186.0 180.0 156.0 188.0 189.0 181.0 187.0 190.0 174.0 200.0 184.0 172.0 176.0 172.0 185.0 172.0 192.0 183.0 153.0 155.0 182.0 189.0 187.0 187.0 193.0 166.0 165.0 186.0 177.0 189.0 185.0 175.0 185.0 185.0 190.0 186.0 182.0 174.0 180.0 187.0 189.0 184.0 185.0 177.0 197.0 175.0 173.0 175.0 189.0 190.0 187.0 165.0 169.0 188.0 192.0 184.0 197.0 197.0 184.0 184.0 184.0 177.0 185.0 193.0 166.0 159.0 185.0 184.0 194.0 182.0 184.0 181.0 181.9616724738676 11.684156147765172
30 368.0 376.0 348.0 350.0 350.0 331.0 360.0 361.0 377.0 337.0 336.0 365.0 369.0 378.0 367.0 354.0 348.0 358.0 356.0 366.0 366.0 345.0 333.0 354.0 363.0 348.0 348.0 353.0 341.0 361.0 364.0 366.0 352.0 350.0 330.0 345.0 367.0 359.0 357.0 352.0 354.0 351.0 353.0 328.0 354.0 335.0 341.0 351.0 323.0 354.0 344.0 353.0 314.0 334.0 365.0 324.0 328.0 368.0 346.0 350.0 357.0 350.0 346.0 337.0 332.0 348.0 349.0 351.0 341.0 336.0 344.0 351.0 354.0 334.0 355.0 361.0 343.0 324.0 338.0 332.0 366.0 369.0 350.0 385.0 358.0 338.0 338.0 346.0 349.0 349.0 330.0 334.0 318.0 327.0 342.0 328.0 343.0 346.0 338.0 335.0 310.0 339.0 321.0 308.0 363.0 346.0 321.0 309.0 341.0 348.0 374.0 359.0 334.0 324.0 342.0 336.0 343.0 349.0 321.0 304.0 337.0 334.0 328.0 343.0 311.0 353.0 345.0 329.0 355.0 325.0 303.0 334.0 330.0 340.0 350.0 311.0 337.0 342.0 351.0 353.0 350.0 327.0 313.0 341.0 345.0 356.0 346.0 342.0 332.0 355.0 358.0 334.0 317.0 348.0 339.0 341.0 320.0 341.0 359.0 348.0 315.0 331.0 317.0 340.0 307.0 338.0 318.0 322.0 334.0 343.0 325.0 320.0 331.0 337.0 329.0 332.0 325.0 354.0 362.0 327.0 328.0 330.0 360.0 332.0 340.0 313.0 315.0 361.0 354.0 337.0 333.0 354.0 343.0 329.0 334.0 324.0 345.0 310.0 314.0 310.0 311.0 366.0 325.0 329.0 333.0 342.0 436.0 381.0 345.0 319.0 323.0 341.0 356.0 291.0 302.0 325.0 326.0 319.0 358.0 344.0 354.0 347.0 359.0 345.0 342.0 351.0 334.0 329.0 328.0 330.0 330.0 329.0 364.0 349.0 294.0 292.0 353.0 355.0 354.0 346.0 358.0 311.0 312.0 345.0 348.0 360.0 342.0 343.0 356.0 338.0 358.0 341.0 353.0 330.0 307.0 305.0 343.0 344.0 353.0 330.0 345.0 320.0 324.0 325.0 350.0 351.0 359.0 315.0 326.0 348.0 359.0 351.0 360.0 360.0 349.0 350.0 330.0 334.0 342.0 364.0 314.0 303.0 360.0 340.0 366.0 350.0 345.0 341.16027874564463 18.0200575096003
31 559.0 583.0 590.0 595.0 553.0 565.0 526.0 569.0 579.0 575.0 576.0 625.0 578.0 601.0 620.0 588.0 576.0 663.0 549.0 550.0 629.0 588.0 550.0 541.0 554.0 572.0 579.0 937.0 563.0 558.0 523.0 519.0 583.0 576.0 564.0 558.0 564.0 580.0 622.0 581.0 573.0 573.0 570.0 565.0 565.0 548.0 531.0 538.0 531.0 511.0 564.0 587.0 503.0 504.0 530.0 548.0 527.0 525.0 583.0 564.0 558.0 575.0 566.0 564.0 560.0 556.0 601.0 557.0 563.0 552.0 572.0 549.0 575.0 574.0 551.0 531.0 561.0 567.0 530.0 518.0 517.0 525.0 573.0 584.0 587.0 606.0 583.0 559.0 568.0 580.0 567.0 537.0 545.0 526.0 535.0 534.0 558.0 551.0 563.0 544.0 542.0 508.0 509.0 499.0 519.0 575.0 563.0 498.0 496.0 520.0 553.0 573.0 569.0 539.0 517.0 525.0 548.0 575.0 553.0 508.0 496.0 516.0 530.0 536.0 509.0 488.0 537.0 537.0 531.0 540.0 534.0 478.0 492.0 518.0 528.0 575.0 526.0 523.0 531.0 551.0 569.0 520.0 514.0 490.0 545.0 570.0 571.0 550.0 515.0 536.0 564.0 567.0 543.0 520.0 560.0 574.0 547.0 546.0 545.0 514.0 531.0 513.0 512.0 545.0 534.0 481.0 515.0 517.0 539.0 528.0 549.0 545.0 493.0 526.0 556.0 542.0 527.0 530.0 544.0 566.0 565.0 503.0 510.0 507.0 534.0 568.0 541.0 522.0 534.0 586.0 576.0 511.0 511.0 558.0 527.0 542.0 568.0 566.0 490.0 492.0 498.0 494.0 504.0 505.0 505.0 540.0 570.0 612.0 629.0 623.0 526.0 560.0 562.0 554.0 515.0 491.0 524.0 536.0 595.0 585.0 495.0 559.0 567.0 558.0 566.0 576.0 576.0 544.0 538.0 536.0 512.0 547.0 555.0 556.0 596.0 484.0 521.0 542.0 572.0 560.0 573.0 568.0 503.0 501.0 543.0 569.0 543.0 568.0 541.0 556.0 573.0 579.0 568.0 578.0 481.0 500.0 472.0 516.0 584.0 548.0 551.0 561.0 517.0 524.0 529.0 531.0 571.0 560.0 506.0 506.0 546.0 566.0 566.0 573.0 598.0 565.0 565.0 574.0 592.0 549.0 564.0 513.0 510.0 552.0 567.0 564.0 565.0 549.0905923344948 38.59950562200631
32 216.0 196.0 220.0 198.0 219.0 197.0 196.0 185.0 184.0 205.0 205.0 176.0 176.0 176.0 208.0 195.0 258.0 204.0 205.0 197.0 207.0 208.0 208.0 208.0 193.0 201.0 198.0 215.0 205.0 685.0 206.0 192.0 199.0 205.0 208.0 198.0 206.0 175.0 219.0 209.0 204.0 208.0 200.0 194.0 199.0 199.0 182.0 182.0 189.0 193.0 221.0 192.0 205.0 185.0 188.0 208.0 253.0 188.0 201.0 190.0 204.0 197.0 202.0 202.0 199.0 201.0 209.0 216.0 194.0 202.0 201.0 205.0 217.0 203.0 199.0 204.0 199.0 201.0 201.0 177.0 189.0 186.0 223.0 272.0 208.0 224.0 217.0 175.0 188.0 204.0 196.0 201.0 191.0 193.0 190.0 186.0 188.0 197.0 196.0 214.0 196.0 199.0 177.0 185.0 193.0 201.0 208.0 210.0 191.0 170.0 195.0 199.0 215.0 194.0 187.0 182.0 191.0 198.0 194.0 197.0 199.0 174.0 182.0 180.0 184.0 179.0 181.0 207.0 203.0 190.0 197.0 192.0 173.0 177.0 178.0 194.0 200.0 200.0 225.0 189.0 217.0 210.0 201.0 199.0 177.0 184.0 186.0 211.0 176.0 184.0 197.0 189.0 227.0 198.0 179.0 196.0 208.0 195.0 199.0 187.0 178.0 203.0 192.0 180.0 196.0 197.0 194.0 199.0 175.0 181.0 194.0 204.0 186.0 190.0 193.0 193.0 169.0 190.0 187.0 194.0 191.0 199.0 188.0 199.0 181.0 188.0 179.0 192.0 194.0 203.0 188.0 190.0 185.0 172.0 196.0 184.0 195.0 211.0 191.0 173.0 172.0 182.0 175.0 205.0 187.0 173.0 185.0 204.0 203.0 198.0 195.0 178.0 206.0 224.0 245.0 188.0 172.0 199.0 200.0 197.0 169.0 201.0 186.0 205.0 190.0 196.0 215.0 202.0 198.0 187.0 205.0 177.0 206.0 188.0 206.0 214.0 213.0 174.0 209.0 198.0 198.0 195.0 202.0 222.0 180.0 193.0 198.0 204.0 205.0 222.0 200.0 201.0 194.0 185.0 210.0 194.0 180.0 178.0 225.0 206.0 231.0 190.0 217.0 194.0 183.0 186.0 199.0 203.0 198.0 181.0 176.0 195.0 198.0 202.0 204.0 208.0 208.0 199.0 202.0 187.0 201.0 205.0 179.0 177.0 206.0 203.0 198.0 198.47386759581883 32.15638981009483
33 122.0 122.0 128.0 124.0 130.0 128.0 128.0 126.0 116.0 116.0 122.0 122.0 108.0 108.0 108.0 108.0 128.0 119.0 128.0 124.0 133.0 143.0 143.0 124.0 126.0 122.0 122.0 128.0 127.0 128.0 128.0 120.0 110.0 126.0 129.0 120.0 124.0 110.0 137.0 126.0 128.0 125.0 125.0 121.0 119.0 123.0 115.0 125.0 125.0 118.0 139.0 132.0 121.0 120.0 112.0 128.0 117.0 122.0 127.0 126.0 116.0 122.0 123.0 125.0 128.0 118.0 122.0 124.0 125.0 123.0 116.0 123.0 131.0 124.0 122.0 118.0 113.0 123.0 125.0 120.0 110.0 121.0 112.0 166.0 126.0 130.0 127.0 144.0 105.0 122.0 118.0 123.0 122.0 116.0 119.0 121.0 119.0 111.0 119.0 119.0 127.0 122.0 119.0 106.0 144.0 128.0 122.0 130.0 121.0 106.0 111.0 121.0 125.0 122.0 122.0 112.0 115.0 124.0 119.0 119.0 123.0 112.0 109.0 127.0 121.0 116.0 115.0 121.0 114.0 123.0 126.0 123.0 118.0 102.0 122.0 112.0 124.0 124.0 119.0 124.0 115.0 115.0 123.0 127.0 105.0 126.0 109.0 118.0 122.0 113.0 131.0 116.0 128.0 148.0 114.0 117.0 136.0 125.0 123.0 121.0 112.0 130.0 129.0 109.0 126.0 121.0 115.0 125.0 118.0 103.0 116.0 121.0 127.0 115.0 117.0 112.0 113.0 106.0 118.0 115.0 120.0 126.0 119.0 120.0 113.0 119.0 126.0 115.0 119.0 117.0 128.0 122.0 116.0 105.0 124.0 114.0 113.0 130.0 127.0 120.0 106.0 118.0 121.0 124.0 118.0 107.0 116.0 123.0 112.0 121.0 126.0 119.0 121.0 119.0 122.0 112.0 109.0 109.0 115.0 125.0 123.0 123.0 122.0 120.0 129.0 116.0 116.0 128.0 123.0 124.0 114.0 112.0 161.0 117.0 113.0 116.0 130.0 106.0 120.0 121.0 122.0 127.0 119.0 122.0 109.0 114.0 122.0 128.0 125.0 132.0 124.0 123.0 123.0 139.0 130.0 123.0 121.0 115.0 120.0 127.0 107.0 110.0 110.0 110.0 154.0 114.0 116.0 129.0 122.0 112.0 111.0 120.0 124.0 126.0 125.0 129.0 124.0 141.0 118.0 119.0 130.0 127.0 127.0 111.0 111.0 122.0 121.0 121.16724738675958 8.537038211089769
34 7.0 7.0 7.0 7.0 7.0 7.0 7.0 7.0 7.0 7.0 7.0 7.0 7.0 7.0 7.0 7.0 7.0 7.0 7.0 7.0 7.0 8.0 8.0 8.0 8.0 8.0 8.0 8.0 8.0 8.0 8.0 8.0 8.0 8.0 8.0 8.0 8.0 7.0 7.0 8.0 8.0 8.0 8.0 7.0 7.0 7.0 7.0 7.0 7.0 7.0 7.0 7.0 7.0 7.0 6.0 6.0 6.0 6.0 6.0 6.0 7.0 7.0 7.0 7.0 7.0 7.0 7.0 7.0 7.0 7.0 7.0 7.0 7.0 7.0 7.0 7.0 7.0 6.0 7.0 8.0 6.0 6.0 6.0 6.0 6.0 6.0 7.0 7.0 6.0 7.0 7.0 7.0 7.0 7.0 6.0 6.0 7.0 6.0 7.0 6.0 6.0 6.0 7.0 7.0 7.0 7.0 7.0 7.0 7.0 7.0 6.0 6.0 7.0 7.0 6.0 6.0 6.0 7.0 7.0 7.0 7.0 7.0 6.0 6.0 6.0 6.0 7.0 6.0 6.0 6.0 6.0 6.0 6.0 6.0 6.0 7.0 7.0 7.0 7.0 7.0 6.0 6.0 6.0 6.0 6.0 7.0 6.0 6.0 7.0 7.0 7.0 7.0 7.0 7.0 7.0 6.0 6.0 7.0 7.0 7.0 7.0 7.0 7.0 6.0 6.0 6.0 6.0 6.0 6.0 6.0 6.0 7.0 7.0 6.0 7.0 6.0 7.0 6.0 6.0 6.0 7.0 7.0 7.0 7.0 7.0 6.0 6.0 7.0 8.0 7.0 7.0 7.0 7.0 6.0 6.0 6.0 6.0 6.0 6.0 7.0 6.0 7.0 7.0 7.0 6.0 6.0 6.0 6.0 6.0 6.0 6.0 7.0 7.0 7.0 7.0 7.0 6.0 6.0 6.0 7.0 7.0 7.0 7.0 7.0 8.0 8.0 8.0 8.0 7.0 7.0 7.0 6.0 6.0 6.0 6.0 7.0 7.0 6.0 6.0 6.0 6.0 6.0 6.0 6.0 6.0 6.0 6.0 6.0 6.0 6.0 6.0 6.0 6.0 6.0 8.0 8.0 7.0 7.0 7.0 7.0 7.0 6.0 7.0 7.0 7.0 7.0 6.0 6.0 6.0 6.0 6.0 6.0 6.0 6.0 6.0 6.0 6.0 6.0 6.0 7.0 7.0 7.0 7.0 6.0 6.0 6.0 6.0 6.6898954703832745 0.6406964547094923
35 59.0 59.0 59.0 59.0 59.0 63.0 57.0 60.0 57.0 57.0 59.0 59.0 59.0 59.0 59.0 59.0 64.0 66.0 63.0 60.0 61.0 64.0 64.0 64.0 64.0 58.0 58.0 58.0 60.0 63.0 63.0 60.0 54.0 54.0 63.0 63.0 61.0 54.0 54.0 62.0 64.0 58.0 62.0 61.0 60.0 61.0 60.0 59.0 61.0 59.0 58.0 63.0 59.0 54.0 56.0 64.0 55.0 58.0 57.0 59.0 57.0 65.0 60.0 64.0 60.0 58.0 59.0 59.0 66.0 58.0 57.0 64.0 61.0 65.0 59.0 57.0 64.0 56.0 61.0 60.0 55.0 62.0 56.0 64.0 61.0 59.0 61.0 66.0 51.0 59.0 60.0 58.0 60.0 60.0 60.0 64.0 62.0 53.0 54.0 56.0 62.0 59.0 61.0 60.0 58.0 59.0 64.0 62.0 60.0 61.0 53.0 58.0 61.0 58.0 55.0 58.0 56.0 61.0 56.0 59.0 62.0 59.0 53.0 55.0 56.0 64.0 58.0 54.0 54.0 61.0 56.0 65.0 60.0 54.0 61.0 53.0 58.0 61.0 59.0 59.0 55.0 57.0 61.0 60.0 54.0 55.0 54.0 58.0 61.0 55.0 59.0 61.0 62.0 63.0 59.0 53.0 61.0 64.0 60.0 59.0 57.0 60.0 64.0 54.0 57.0 60.0 55.0 62.0 60.0 48.0 55.0 61.0 61.0 53.0 60.0 58.0 56.0 54.0 56.0 57.0 68.0 56.0 60.0 57.0 53.0 55.0 58.0 58.0 67.0 57.0 57.0 58.0 61.0 51.0 60.0 64.0 55.0 57.0 65.0 57.0 51.0 57.0 58.0 61.0 54.0 55.0 54.0 58.0 58.0 60.0 60.0 61.0 61.0 61.0 57.0 58.0 53.0 47.0 63.0 60.0 59.0 59.0 64.0 54.0 65.0 56.0 56.0 59.0 62.0 55.0 56.0 58.0 56.0 58.0 55.0 62.0 63.0 50.0 52.0 60.0 64.0 62.0 61.0 59.0 64.0 53.0 62.0 61.0 61.0 61.0 61.0 61.0 58.0 58.0 63.0 64.0 64.0 61.0 58.0 58.0 64.0 49.0 57.0 57.0 59.0 59.0 57.0 63.0 58.0 53.0 54.0 56.0 60.0 60.0 61.0 61.0 64.0 64.0 59.0 64.0 56.0 57.0 61.0 55.0 54.0 58.0 60.0 58.930313588850176 3.5570309925185897
36 544.0 544.0 584.0 567.0 526.0 558.0 569.0 559.0 589.0 521.0 533.0 569.0 538.0 510.0 510.0 510.0 575.0 580.0 578.0 578.0 570.0 560.0 556.0 558.0 517.0 540.0 548.0 554.0 585.0 585.0 582.0 578.0 544.0 534.0 643.0 585.0 583.0 543.0 510.0 536.0 581.0 568.0 565.0 580.0 560.0 544.0 560.0 559.0 569.0 566.0 545.0 564.0 550.0 542.0 520.0 519.0 522.0 502.0 503.0 525.0 522.0 518.0 523.0 566.0 570.0 572.0 549.0 553.0 565.0 532.0 511.0 533.0 554.0 564.0 555.0 562.0 553.0 547.0 550.0 566.0 536.0 514.0 510.0 513.0 533.0 576.0 561.0 571.0 534.0 492.0 531.0 541.0 544.0 545.0 557.0 567.0 542.0 536.0 530.0 541.0 522.0 528.0 558.0 564.0 574.0 548.0 561.0 558.0 572.0 554.0 494.0 479.0 555.0 565.0 567.0 515.0 520.0 516.0 537.0 553.0 549.0 557.0 507.0 488.0 512.0 513.0 504.0 507.0 498.0 483.0 523.0 559.0 545.0 497.0 496.0 494.0 501.0 558.0 559.0 558.0 508.0 515.0 528.0 578.0 584.0 535.0 496.0 506.0 506.0 535.0 492.0 503.0 563.0 538.0 536.0 526.0 488.0 543.0 557.0 553.0 514.0 506.0 518.0 514.0 516.0 545.0 523.0 528.0 561.0 518.0 511.0 509.0 573.0 533.0 534.0 540.0 509.0 516.0 506.0 525.0 531.0 585.0 568.0 541.0 514.0 509.0 526.0 518.0 568.0 576.0 546.0 541.0 532.0 505.0 508.0 490.0 529.0 542.0 539.0 588.0 498.0 509.0 502.0 537.0 545.0 488.0 509.0 531.0 517.0 510.0 549.0 580.0 565.0 520.0 494.0 567.0 515.0 496.0 534.0 558.0 539.0 534.0 582.0 544.0 532.0 557.0 505.0 483.0 589.0 568.0 530.0 520.0 528.0 520.0 564.0 542.0 556.0 563.0 472.0 444.0 559.0 560.0 566.0 551.0 562.0 498.0 504.0 563.0 565.0 570.0 561.0 563.0 579.0 643.0 578.0 585.0 562.0 568.0 504.0 495.0 570.0 470.0 473.0 548.0 550.0 555.0 523.0 522.0 530.0 531.0 493.0 501.0 513.0 551.0 559.0 574.0 574.0 597.0 554.0 573.0 558.0 526.0 536.0 522.0 503.0 496.0 494.0 539.2229965156795 29.61688519901437
37 147.0 149.0 149.0 149.0 156.0 148.0 150.0 163.0 152.0 148.0 148.0 143.0 153.0 152.0 135.0 135.0 135.0 135.0 158.0 161.0 156.0 157.0 151.0 155.0 148.0 144.0 144.0 150.0 158.0 152.0 157.0 159.0 162.0 154.0 142.0 142.0 158.0 161.0 150.0 152.0 138.0 156.0 160.0 148.0 164.0 152.0 148.0 149.0 154.0 155.0 148.0 147.0 143.0 152.0 146.0 156.0 134.0 160.0 138.0 140.0 141.0 150.0 141.0 151.0 152.0 149.0 157.0 152.0 147.0 153.0 165.0 137.0 147.0 156.0 154.0 153.0 156.0 150.0 147.0 143.0 155.0 151.0 137.0 151.0 142.0 158.0 154.0 154.0 161.0 158.0 139.0 143.0 158.0 145.0 148.0 151.0 154.0 145.0 144.0 148.0 153.0 153.0 198.0 156.0 154.0 157.0 147.0 146.0 151.0 159.0 139.0 132.0 130.0 151.0 152.0 153.0 135.0 148.0 137.0 151.0 151.0 157.0 152.0 147.0 130.0 141.0 132.0 154.0 135.0 132.0 134.0 156.0 156.0 138.0 150.0 132.0 147.0 136.0 154.0 162.0 161.0 170.0 141.0 147.0 156.0 155.0 131.0 130.0 140.0 153.0 152.0 135.0 150.0 154.0 146.0 149.0 145.0 138.0 156.0 155.0 145.0 150.0 144.0 121.0 139.0 141.0 140.0 141.0 140.0 149.0 151.0 130.0 142.0 165.0 154.0 147.0 147.0 146.0 141.0 145.0 149.0 153.0 148.0 148.0 159.0 137.0 141.0 140.0 134.0 149.0 153.0 141.0 144.0 140.0 145.0 126.0 154.0 153.0 136.0 152.0 160.0 155.0 136.0 149.0 148.0 152.0 132.0 143.0 147.0 145.0 154.0 147.0 148.0 156.0 126.0 135.0 156.0 142.0 132.0 154.0 139.0 144.0 146.0 159.0 152.0 140.0 158.0 164.0 164.0 164.0 157.0 152.0 145.0 147.0 139.0 157.0 143.0 154.0 168.0 131.0 140.0 154.0 151.0 154.0 148.0 150.0 139.0 137.0 149.0 158.0 153.0 152.0 155.0 161.0 155.0 152.0 153.0 150.0 151.0 136.0 134.0 155.0 133.0 134.0 155.0 155.0 151.0 148.0 143.0 155.0 159.0 134.0 135.0 158.0 150.0 152.0 156.0 155.0 160.0 160.0 152.0 157.0 154.0 146.0 157.0 138.0 136.0 148.44947735191639 9.19010896957904
38 399.0 393.0 419.0 419.0 414.0 376.0 386.0 409.0 426.0 436.0 411.0 383.0 394.0 411.0 400.0 380.0 380.0 380.0 408.0 430.0 423.0 432.0 424.0 405.0 407.0 447.0 390.0 398.0 418.0 418.0 438.0 424.0 429.0 433.0 404.0 391.0 423.0 428.0 432.0 415.0 401.0 397.0 420.0 424.0 407.0 408.0 409.0 408.0 415.0 414.0 487.0 395.0 396.0 387.0 407.0 451.0 401.0 388.0 424.0 376.0 382.0 388.0 386.0 384.0 388.0 401.0 409.0 430.0 401.0 399.0 424.0 393.0 376.0 399.0 419.0 416.0 414.0 419.0 407.0 378.0 403.0 422.0 399.0 378.0 387.0 373.0 437.0 413.0 411.0 426.0 396.0 374.0 431.0 423.0 406.0 401.0 412.0 413.0 409.0 386.0 399.0 414.0 385.0 403.0 408.0 391.0 421.0 408.0 403.0 407.0 381.0 381.0 351.0 360.0 411.0 417.0 414.0 371.0 385.0 376.0 399.0 396.0 406.0 411.0 364.0 363.0 389.0 378.0 382.0 372.0 366.0 366.0 419.0 401.0 383.0 371.0 366.0 378.0 401.0 415.0 422.0 407.0 380.0 378.0 411.0 411.0 418.0 358.0 369.0 372.0 382.0 380.0 360.0 419.0 389.0 400.0 392.0 403.0 381.0 411.0 415.0 400.0 381.0 367.0 345.0 384.0 383.0 390.0 390.0 377.0 408.0 387.0 367.0 390.0 419.0 408.0 453.0 385.0 405.0 388.0 408.0 419.0 405.0 390.0 395.0 406.0 375.0 371.0 385.0 400.0 401.0 384.0 395.0 414.0 379.0 391.0 387.0 381.0 371.0 365.0 410.0 433.0 393.0 371.0 381.0 384.0 412.0 365.0 402.0 396.0 389.0 373.0 398.0 408.0 413.0 376.0 386.0 404.0 375.0 377.0 422.0 399.0 390.0 394.0 430.0 400.0 401.0 437.0 438.0 459.0 434.0 431.0 386.0 383.0 380.0 391.0 422.0 386.0 431.0 432.0 351.0 356.0 415.0 398.0 399.0 413.0 404.0 369.0 397.0 421.0 415.0 411.0 405.0 405.0 385.0 419.0 406.0 401.0 417.0 414.0 355.0 376.0 423.0 369.0 366.0 406.0 420.0 402.0 388.0 386.0 398.0 395.0 365.0 368.0 387.0 419.0 414.0 422.0 429.0 436.0 424.0 411.0 416.0 402.0 392.0 424.0 374.0 399.79094076655053 21.322486935436583
39 135.0 124.0 124.0 123.0 112.0 119.0 140.0 121.0 130.0 129.0 127.0 124.0 115.0 115.0 123.0 122.0 116.0 116.0 116.0 116.0 129.0 142.0 128.0 128.0 147.0 128.0 128.0 115.0 133.0 121.0 156.0 156.0 130.0 129.0 129.0 130.0 119.0 119.0 129.0 129.0 128.0 121.0 154.0 125.0 130.0 124.0 120.0 145.0 130.0 124.0 133.0 134.0 128.0 123.0 107.0 129.0 114.0 136.0 119.0 145.0 110.0 132.0 108.0 119.0 115.0 128.0 134.0 134.0 129.0 120.0 124.0 131.0 108.0 123.0 125.0 125.0 129.0 122.0 126.0 127.0 116.0 120.0 132.0 144.0 114.0 122.0 131.0 122.0 123.0 119.0 125.0 113.0 117.0 118.0 134.0 123.0 128.0 113.0 126.0 121.0 119.0 117.0 123.0 114.0 125.0 117.0 131.0 132.0 125.0 131.0 128.0 113.0 120.0 105.0 127.0 125.0 129.0 128.0 126.0 117.0 116.0 127.0 121.0 136.0 128.0 111.0 113.0 122.0 112.0 127.0 106.0 114.0 115.0 125.0 115.0 109.0 125.0 105.0 120.0 127.0 98.0 127.0 126.0 114.0 114.0 123.0 127.0 125.0 118.0 120.0 108.0 155.0 114.0 113.0 125.0 129.0 121.0 134.0 121.0 107.0 119.0 127.0 121.0 107.0 122.0 117.0 111.0 111.0 120.0 116.0 114.0 133.0 117.0 108.0 170.0 119.0 118.0 110.0 124.0 121.0 114.0 122.0 118.0 124.0 117.0 121.0 132.0 110.0 114.0 120.0 120.0 130.0 112.0 118.0 113.0 116.0 103.0 103.0 133.0 113.0 112.0 132.0 125.0 125.0 109.0 114.0 120.0 129.0 108.0 123.0 119.0 116.0 118.0 130.0 119.0 130.0 127.0 120.0 133.0 116.0 129.0 111.0 129.0 125.0 118.0 140.0 118.0 121.0 130.0 141.0 117.0 117.0 119.0 119.0 117.0 115.0 124.0 133.0 149.0 139.0 134.0 100.0 123.0 122.0 123.0 125.0 125.0 116.0 132.0 128.0 122.0 124.0 124.0 121.0 118.0 141.0 132.0 184.0 123.0 138.0 122.0 115.0 134.0 136.0 110.0 114.0 136.0 141.0 125.0 125.0 115.0 124.0 124.0 108.0 108.0 129.0 127.0 119.0 126.0 126.0 136.0 119.0 131.0 125.0 116.0 113.0 128.0 123.33449477351917 10.468382049455597
40 91.0 80.0 87.0 82.0 94.0 86.0 80.0 80.0 85.0 92.0 93.0 93.0 93.0 81.0 82.0 82.0 81.0 81.0 81.0 81.0 95.0 88.0 95.0 87.0 96.0 96.0 100.0 82.0 93.0 89.0 86.0 86.0 86.0 90.0 112.0 85.0 88.0 88.0 90.0 91.0 140.0 93.0 84.0 87.0 89.0 81.0 87.0 87.0 89.0 89.0 84.0 84.0 89.0 100.0 77.0 89.0 86.0 87.0 80.0 80.0 79.0 79.0 88.0 86.0 81.0 80.0 85.0 89.0 102.0 88.0 79.0 87.0 84.0 97.0 83.0 97.0 85.0 90.0 92.0 90.0 81.0 85.0 90.0 94.0 81.0 83.0 82.0 102.0 86.0 82.0 89.0 88.0 77.0 87.0 89.0 79.0 94.0 102.0 89.0 93.0 83.0 81.0 86.0 80.0 83.0 91.0 83.0 86.0 83.0 85.0 88.0 98.0 101.0 74.0 90.0 88.0 90.0 90.0 83.0 81.0 81.0 89.0 84.0 105.0 93.0 93.0 76.0 82.0 79.0 86.0 84.0 79.0 83.0 85.0 88.0 81.0 80.0 75.0 88.0 90.0 74.0 67.0 88.0 93.0 79.0 79.0 90.0 88.0 91.0 80.0 77.0 86.0 84.0 76.0 82.0 87.0 105.0 82.0 88.0 77.0 75.0 89.0 82.0 72.0 87.0 82.0 76.0 79.0 81.0 81.0 84.0 86.0 81.0 78.0 82.0 83.0 82.0 81.0 77.0 89.0 82.0 97.0 82.0 87.0 85.0 83.0 98.0 77.0 84.0 82.0 84.0 87.0 104.0 83.0 85.0 81.0 80.0 73.0 89.0 83.0 78.0 91.0 82.0 89.0 77.0 93.0 85.0 84.0 75.0 80.0 78.0 84.0 97.0 97.0 81.0 92.0 81.0 86.0 87.0 86.0 85.0 89.0 98.0 84.0 84.0 94.0 94.0 78.0 88.0 103.0 85.0 85.0 87.0 89.0 85.0 84.0 82.0 81.0 81.0 92.0 86.0 74.0 99.0 86.0 96.0 82.0 91.0 86.0 84.0 92.0 90.0 88.0 84.0 111.0 93.0 85.0 95.0 81.0 85.0 106.0 86.0 75.0 80.0 80.0 80.0 78.0 84.0 84.0 86.0 85.0 85.0 92.0 87.0 77.0 76.0 95.0 90.0 87.0 92.0 92.0 92.0 92.0 92.0 87.0 86.0 80.0 83.0 86.35191637630662 7.488792662734772
41 642.0 648.0 627.0 621.0 630.0 646.0 685.0 692.0 622.0 621.0 651.0 646.0 660.0 615.0 613.0 649.0 636.0 624.0 601.0 601.0 618.0 635.0 637.0 644.0 648.0 670.0 629.0 611.0 612.0 580.0 601.0 665.0 683.0 661.0 665.0 651.0 655.0 649.0 631.0 664.0 656.0 669.0 602.0 603.0 637.0 647.0 640.0 639.0 637.0 624.0 619.0 624.0 612.0 629.0 624.0 576.0 589.0 607.0 633.0 616.0 585.0 571.0 595.0 615.0 600.0 597.0 585.0 583.0 584.0 649.0 613.0 617.0 628.0 643.0 635.0 636.0 627.0 649.0 644.0 618.0 619.0 608.0 605.0 634.0 621.0 592.0 585.0 623.0 650.0 632.0 612.0 620.0 606.0 574.0 619.0 628.0 651.0 639.0 656.0 641.0 620.0 618.0 629.0 679.0 588.0 604.0 599.0 619.0 648.0 636.0 629.0 621.0 586.0 593.0 539.0 537.0 624.0 636.0 607.0 617.0 593.0 586.0 618.0 618.0 628.0 644.0 596.0 563.0 596.0 576.0 587.0 596.0 577.0 570.0 641.0 608.0 587.0 573.0 529.0 568.0 612.0 600.0 633.0 626.0 598.0 583.0 593.0 617.0 623.0 644.0 582.0 566.0 576.0 579.0 559.0 578.0 611.0 568.0 582.0 562.0 565.0 557.0 610.0 609.0 575.0 633.0 588.0 578.0 582.0 585.0 603.0 621.0 560.0 615.0 579.0 543.0 655.0 650.0 601.0 596.0 630.0 620.0 621.0 624.0 629.0 623.0 596.0 598.0 587.0 578.0 575.0 620.0 634.0 631.0 641.0 608.0 573.0 552.0 584.0 564.0 572.0 568.0 586.0 646.0 652.0 657.0 616.0 613.0 633.0 556.0 573.0 593.0 610.0 595.0 583.0 620.0 636.0 636.0 628.0 620.0 628.0 598.0 626.0 545.0 597.0 587.0 607.0 630.0 608.0 627.0 644.0 669.0 632.0 651.0 623.0 613.0 597.0 575.0 600.0 570.0 612.0 551.0 575.0 627.0 661.0 641.0 630.0 656.0 666.0 677.0 663.0 638.0 629.0 625.0 649.0 657.0 647.0 675.0 638.0 662.0 675.0 670.0 566.0 634.0 640.0 595.0 583.0 664.0 648.0 643.0 648.0 634.0 638.0 596.0 571.0 557.0 570.0 647.0 638.0 655.0 651.0 675.0 679.0 640.0 622.0 585.0 576.0 615.9512195121952 31.892921648930084
42 789.0 772.0 887.0 746.0 771.0 750.0 831.0 753.0 726.0 744.0 814.0 797.0 743.0 796.0 764.0 905.0 777.0 774.0 850.0 795.0 751.0 840.0 938.0 821.0 752.0 766.0 797.0 836.0 729.0 724.0 716.0 728.0 834.0 715.0 746.0 836.0 806.0 748.0 764.0 751.0 744.0 796.0 757.0 770.0 748.0 740.0 784.0 768.0 722.0 741.0 751.0 730.0 764.0 830.0 774.0 763.0 764.0 708.0 707.0 718.0 745.0 738.0 752.0 753.0 741.0 713.0 708.0 693.0 681.0 674.0 674.0 718.0 734.0 729.0 733.0 744.0 739.0 734.0 734.0 756.0 739.0 720.0 728.0 717.0 720.0 695.0 711.0 694.0 686.0 714.0 749.0 765.0 753.0 759.0 744.0 757.0 739.0 732.0 756.0 768.0 718.0 733.0 744.0 749.0 731.0 696.0 695.0 695.0 705.0 708.0 739.0 744.0 727.0 719.0 687.0 639.0 634.0 660.0 699.0 678.0 689.0 711.0 680.0 678.0 731.0 737.0 719.0 691.0 685.0 637.0 680.0 686.0 729.0 727.0 737.0 767.0 725.0 725.0 754.0 640.0 652.0 651.0 707.0 706.0 725.0 736.0 693.0 685.0 692.0 739.0 732.0 736.0 699.0 683.0 685.0 711.0 740.0 691.0 729.0 699.0 678.0 659.0 749.0 747.0 704.0 735.0 718.0 711.0 690.0 681.0 670.0 706.0 677.0 657.0 654.0 647.0 687.0 649.0 713.0 727.0 717.0 697.0 708.0 717.0 748.0 699.0 755.0 756.0 706.0 676.0 674.0 664.0 719.0 713.0 708.0 730.0 705.0 751.0 722.0 673.0 651.0 655.0 680.0 687.0 653.0 751.0 705.0 742.0 715.0 716.0 677.0 653.0 674.0 696.0 668.0 686.0 707.0 706.0 734.0 736.0 695.0 679.0 673.0 664.0 709.0 742.0 719.0 680.0 685.0 711.0 710.0 752.0 776.0 778.0 777.0 772.0 766.0 726.0 713.0 705.0 1023.0 835.0 1214.0 852.0 816.0 748.0 769.0 773.0 751.0 807.0 820.0 867.0 799.0 789.0 763.0 801.0 795.0 776.0 760.0 990.0 901.0 760.0 753.0 737.0 760.0 800.0 682.0 727.0 666.0 687.0 763.0 753.0 730.0 742.0 748.0 720.0 678.0 688.0 695.0 773.0 747.0 747.0 789.0 742.0 779.0 775.0 744.0 735.7979094076655 60.52590841961595
43 173.0 170.0 180.0 175.0 173.0 179.0 163.0 173.0 177.0 172.0 172.0 166.0 161.0 174.0 168.0 162.0 164.0 156.0 222.0 214.0 187.0 176.0 176.0 176.0 176.0 158.0 177.0 177.0 173.0 168.0 173.0 168.0 168.0 171.0 160.0 170.0 187.0 173.0 168.0 168.0 169.0 170.0 193.0 174.0 181.0 208.0 187.0 157.0 170.0 153.0 173.0 169.0 169.0 187.0 175.0 173.0 168.0 179.0 228.0 155.0 173.0 172.0 176.0 174.0 174.0 171.0 167.0 157.0 162.0 158.0 154.0 156.0 179.0 219.0 188.0 166.0 175.0 210.0 171.0 161.0 179.0 195.0 174.0 165.0 170.0 161.0 175.0 176.0 169.0 163.0 162.0 203.0 182.0 174.0 177.0 169.0 175.0 176.0 170.0 170.0 178.0 165.0 163.0 165.0 183.0 168.0 182.0 167.0 167.0 177.0 160.0 178.0 174.0 172.0 161.0 184.0 146.0 163.0 145.0 172.0 167.0 161.0 171.0 160.0 153.0 177.0 168.0 166.0 159.0 156.0 156.0 163.0 177.0 158.0 175.0 169.0 181.0 169.0 171.0 165.0 168.0 149.0 164.0 179.0 158.0 169.0 168.0 167.0 169.0 167.0 178.0 159.0 174.0 165.0 169.0 153.0 164.0 155.0 151.0 168.0 166.0 146.0 145.0 179.0 167.0 171.0 165.0 180.0 167.0 178.0 155.0 153.0 159.0 157.0 161.0 153.0 174.0 145.0 156.0 165.0 169.0 174.0 171.0 167.0 171.0 181.0 168.0 178.0 166.0 165.0 169.0 151.0 149.0 177.0 164.0 177.0 148.0 157.0 156.0 169.0 165.0 147.0 159.0 176.0 150.0 153.0 166.0 168.0 179.0 174.0 165.0 176.0 156.0 148.0 150.0 161.0 163.0 175.0 166.0 168.0 171.0 169.0 154.0 154.0 171.0 187.0 187.0 167.0 164.0 159.0 175.0 161.0 161.0 172.0 177.0 192.0 179.0 179.0 169.0 164.0 156.0 176.0 176.0 171.0 165.0 176.0 176.0 170.0 176.0 161.0 185.0 191.0 170.0 181.0 179.0 161.0 169.0 176.0 198.0 177.0 175.0 176.0 171.0 167.0 170.0 178.0 147.0 174.0 171.0 151.0 171.0 168.0 168.0 166.0 171.0 171.0 178.0 156.0 156.0 166.0 174.0 163.0 144.0 144.0 173.0 180.0 172.0 169.5226480836237 12.219381999906458
44 630.0 639.0 644.0 648.0 657.0 649.0 642.0 635.0 650.0 634.0 649.0 630.0 659.0 642.0 647.0 638.0 612.0 615.0 629.0 596.0 651.0 647.0 656.0 648.0 635.0 651.0 638.0 643.0 649.0 631.0 623.0 630.0 656.0 671.0 646.0 631.0 611.0 652.0 670.0 643.0 642.0 652.0 638.0 639.0 672.0 661.0 647.0 649.0 655.0 636.0 607.0 618.0 648.0 626.0 611.0 616.0 635.0 626.0 642.0 619.0 598.0 614.0 575.0 609.0 658.0 675.0 649.0 600.0 601.0 598.0 602.0 578.0 575.0 587.0 631.0 636.0 635.0 629.0 637.0 630.0 628.0 627.0 666.0 632.0 624.0 604.0 588.0 579.0 605.0 606.0 610.0 611.0 621.0 650.0 660.0 644.0 645.0 658.0 641.0 679.0 634.0 650.0 643.0 618.0 617.0 638.0 644.0 651.0 639.0 637.0 607.0 584.0 585.0 607.0 649.0 640.0 562.0 564.0 556.0 581.0 587.0 610.0 615.0 607.0 599.0 606.0 622.0 644.0 612.0 601.0 583.0 558.0 575.0 598.0 602.0 610.0 639.0 609.0 585.0 592.0 638.0 626.0 552.0 570.0 603.0 575.0 598.0 590.0 603.0 649.0 648.0 621.0 596.0 620.0 633.0 563.0 557.0 611.0 630.0 593.0 606.0 628.0 574.0 560.0 596.0 646.0 628.0 638.0 636.0 638.0 644.0 606.0 584.0 595.0 613.0 565.0 703.0 583.0 624.0 683.0 561.0 598.0 571.0 587.0 605.0 599.0 595.0 612.0 656.0 637.0 597.0 579.0 577.0 590.0 601.0 608.0 639.0 611.0 577.0 599.0 629.0 626.0 590.0 614.0 600.0 579.0 571.0 648.0 646.0 611.0 613.0 579.0 564.0 576.0 621.0 581.0 585.0 607.0 604.0 596.0 619.0 638.0 641.0 574.0 581.0 587.0 628.0 660.0 629.0 596.0 629.0 642.0 637.0 622.0 653.0 647.0 673.0 649.0 658.0 593.0 563.0 577.0 601.0 653.0 660.0 640.0 643.0 651.0 640.0 671.0 681.0 645.0 665.0 650.0 670.0 698.0 660.0 592.0 618.0 619.0 671.0 655.0 642.0 629.0 622.0 637.0 586.0 625.0 595.0 613.0 562.0 561.0 589.0 597.0 644.0 626.0 640.0 705.0 678.0 674.0 624.0 626.0 559.0 561.0 521.0 677.0 658.0 620.9616724738676 31.576224701883213
45 436.0 417.0 392.0 419.0 419.0 424.0 427.0 420.0 431.0 449.0 427.0 423.0 422.0 421.0 405.0 409.0 426.0 420.0 397.0 398.0 385.0 424.0 426.0 420.0 422.0 419.0 393.0 425.0 421.0 437.0 428.0 397.0 402.0 419.0 415.0 460.0 421.0 402.0 410.0 435.0 429.0 422.0 430.0 432.0 419.0 428.0 435.0 438.0 423.0 442.0 434.0 415.0 413.0 416.0 416.0 414.0 402.0 424.0 412.0 417.0 424.0 460.0 403.0 416.0 424.0 430.0 434.0 428.0 431.0 400.0 402.0 397.0 399.0 380.0 382.0 403.0 418.0 415.0 408.0 416.0 443.0 418.0 413.0 415.0 417.0 404.0 407.0 385.0 403.0 406.0 405.0 390.0 398.0 390.0 415.0 422.0 421.0 423.0 434.0 434.0 425.0 416.0 422.0 429.0 424.0 397.0 438.0 406.0 437.0 430.0 400.0 410.0 392.0 374.0 375.0 434.0 428.0 407.0 390.0 396.0 379.0 389.0 413.0 423.0 396.0 409.0 388.0 391.0 431.0 417.0 391.0 398.0 378.0 378.0 399.0 412.0 410.0 402.0 421.0 377.0 379.0 420.0 412.0 394.0 376.0 385.0 391.0 380.0 407.0 396.0 401.0 411.0 419.0 414.0 380.0 411.0 405.0 368.0 392.0 415.0 377.0 388.0 408.0 380.0 376.0 388.0 398.0 388.0 405.0 409.0 416.0 418.0 435.0 421.0 395.0 376.0 385.0 397.0 393.0 422.0 390.0 403.0 411.0 375.0 385.0 397.0 428.0 382.0 392.0 419.0 427.0 404.0 410.0 375.0 372.0 386.0 417.0 426.0 375.0 375.0 415.0 400.0 403.0 423.0 402.0 378.0 426.0 435.0 429.0 400.0 387.0 409.0 411.0 368.0 372.0 374.0 375.0 368.0 393.0 397.0 381.0 406.0 417.0 418.0 434.0 394.0 408.0 411.0 420.0 420.0 367.0 408.0 414.0 424.0 348.0 321.0 422.0 431.0 418.0 462.0 438.0 383.0 379.0 389.0 426.0 432.0 416.0 411.0 428.0 417.0 454.0 425.0 405.0 421.0 442.0 431.0 439.0 418.0 406.0 378.0 373.0 426.0 432.0 426.0 418.0 415.0 411.0 406.0 380.0 364.0 417.0 375.0 377.0 404.0 386.0 428.0 424.0 418.0 400.0 426.0 378.0 384.0 407.0 420.0 371.0 370.0 370.0 407.8815331010453 20.87843369234337
46 277.0 275.0 267.0 281.0 269.0 265.0 271.0 273.0 265.0 279.0 303.0 274.0 266.0 272.0 266.0 271.0 253.0 272.0 269.0 254.0 261.0 244.0 266.0 273.0 262.0 270.0 264.0 252.0 274.0 261.0 281.0 314.0 272.0 257.0 272.0 258.0 279.0 265.0 269.0 269.0 280.0 267.0 268.0 272.0 271.0 281.0 381.0 285.0 277.0 268.0 275.0 275.0 269.0 263.0 258.0 283.0 266.0 247.0 264.0 260.0 264.0 267.0 256.0 261.0 262.0 272.0 259.0 291.0 273.0 261.0 248.0 253.0 251.0 250.0 241.0 241.0 249.0 262.0 263.0 260.0 263.0 268.0 266.0 263.0 258.0 246.0 259.0 256.0 238.0 248.0 257.0 267.0 247.0 258.0 251.0 238.0 280.0 270.0 270.0 272.0 274.0 270.0 261.0 260.0 271.0 274.0 245.0 258.0 255.0 274.0 276.0 263.0 257.0 251.0 257.0 239.0 274.0 277.0 256.0 250.0 261.0 230.0 254.0 254.0 264.0 249.0 258.0 264.0 234.0 278.0 255.0 240.0 256.0 240.0 242.0 254.0 263.0 245.0 264.0 265.0 258.0 248.0 267.0 263.0 253.0 236.0 268.0 240.0 243.0 267.0 251.0 262.0 262.0 267.0 248.0 244.0 246.0 258.0 247.0 250.0 265.0 259.0 264.0 256.0 247.0 228.0 246.0 239.0 235.0 259.0 261.0 266.0 265.0 282.0 267.0 239.0 249.0 263.0 255.0 245.0 268.0 239.0 251.0 251.0 259.0 265.0 262.0 282.0 242.0 245.0 267.0 262.0 258.0 249.0 237.0 259.0 257.0 273.0 274.0 253.0 242.0 254.0 244.0 258.0 268.0 241.0 231.0 268.0 278.0 274.0 262.0 266.0 268.0 261.0 230.0 231.0 247.0 262.0 237.0 251.0 250.0 242.0 247.0 261.0 264.0 242.0 239.0 270.0 256.0 258.0 270.0 264.0 260.0 264.0 272.0 229.0 233.0 269.0 286.0 258.0 293.0 273.0 236.0 239.0 245.0 275.0 272.0 264.0 263.0 271.0 261.0 311.0 278.0 252.0 267.0 280.0 272.0 278.0 269.0 269.0 263.0 244.0 280.0 277.0 272.0 265.0 269.0 262.0 271.0 237.0 243.0 270.0 235.0 223.0 261.0 242.0 273.0 252.0 260.0 260.0 277.0 240.0 258.0 255.0 270.0 239.0 229.0 260.588850174216 15.820837405956912
47 144.0 138.0 135.0 136.0 126.0 131.0 134.0 132.0 132.0 134.0 149.0 131.0 132.0 142.0 129.0 126.0 133.0 143.0 136.0 130.0 141.0 141.0 120.0 138.0 138.0 134.0 135.0 135.0 125.0 122.0 137.0 159.0 140.0 140.0 132.0 143.0 151.0 143.0 136.0 128.0 146.0 140.0 138.0 134.0 138.0 137.0 140.0 134.0 142.0 138.0 132.0 139.0 150.0 137.0 134.0 167.0 137.0 129.0 123.0 123.0 129.0 144.0 133.0 133.0 134.0 137.0 137.0 140.0 135.0 133.0 135.0 126.0 131.0 125.0 131.0 120.0 140.0 138.0 130.0 132.0 130.0 129.0 136.0 132.0 130.0 129.0 121.0 127.0 129.0 119.0 119.0 121.0 125.0 124.0 125.0 118.0 120.0 139.0 133.0 137.0 132.0 139.0 129.0 135.0 135.0 140.0 130.0 127.0 137.0 133.0 135.0 133.0 127.0 135.0 125.0 118.0 133.0 137.0 139.0 123.0 131.0 128.0 135.0 126.0 124.0 134.0 127.0 135.0 120.0 129.0 136.0 130.0 119.0 129.0 121.0 130.0 132.0 125.0 130.0 133.0 137.0 123.0 124.0 132.0 134.0 127.0 119.0 132.0 118.0 135.0 131.0 129.0 134.0 134.0 135.0 120.0 126.0 124.0 128.0 122.0 135.0 132.0 129.0 132.0 128.0 138.0 116.0 129.0 121.0 135.0 132.0 130.0 129.0 125.0 136.0 133.0 122.0 115.0 126.0 124.0 130.0 133.0 119.0 131.0 126.0 123.0 127.0 140.0 127.0 123.0 139.0 126.0 132.0 125.0 121.0 119.0 131.0 134.0 131.0 138.0 119.0 125.0 135.0 127.0 133.0 134.0 114.0 134.0 135.0 139.0 142.0 126.0 134.0 130.0 128.0 114.0 122.0 117.0 113.0 137.0 127.0 121.0 129.0 128.0 131.0 135.0 130.0 130.0 122.0 127.0 112.0 132.0 135.0 128.0 145.0 139.0 117.0 143.0 134.0 139.0 126.0 143.0 131.0 126.0 125.0 123.0 137.0 135.0 128.0 135.0 132.0 131.0 131.0 130.0 127.0 127.0 138.0 134.0 142.0 130.0 138.0 127.0 152.0 138.0 138.0 137.0 133.0 122.0 129.0 134.0 115.0 132.0 135.0 117.0 117.0 124.0 120.0 130.0 135.0 140.0 128.0 138.0 119.0 134.0 134.0 134.0 115.0 131.09756097560975 7.753020681946844
48 5.0 5.0 5.0 5.0 5.0 5.0 5.0 5.0 5.0 5.0 5.0 5.0 5.0 5.0 5.0 5.0 5.0 5.0 5.0 5.0 5.0 5.0 5.0 5.0 6.0 6.0 6.0 6.0 6.0 6.0 6.0 6.0 6.0 6.0 6.0 6.0 5.0 5.0 5.0 5.0 5.0 5.0 5.0 6.0 5.0 5.0 5.0 5.0 5.0 5.0 5.0 5.0 5.0 5.0 5.0 5.0 5.0 6.0 6.0 6.0 6.0 6.0 6.0 5.0 5.0 5.0 6.0 6.0 6.0 5.0 5.0 5.0 5.0 5.0 5.0 5.0 5.0 6.0 6.0 6.0 6.0 6.0 6.0 6.0 6.0 6.0 6.0 5.0 5.0 5.0 5.0 5.0 5.0 5.0 5.0 5.0 5.0 5.0 5.0 5.0 5.0 6.0 6.0 6.0 5.0 6.0 6.0 6.0 6.0 5.0 6.0 5.0 5.0 5.0 5.0 5.0 6.0 6.0 6.0 6.0 6.0 6.0 6.0 5.0 5.0 5.0 5.0 5.0 5.0 5.0 5.0 5.0 5.0 5.0 5.0 5.0 5.0 5.0 6.0 6.0 6.0 6.0 5.0 5.0 5.0 5.0 5.0 5.0 5.0 5.0 5.0 5.0 5.0 5.0 5.0 5.0 5.0 5.0 6.0 5.0 5.0 6.0 5.0 5.0 5.0 5.0 5.0 5.0 5.0 5.0 5.0 5.0 5.0 5.0 5.0 5.0 5.0 5.0 5.0 5.0 5.0 5.0 5.0 6.0 5.0 5.0 5.0 5.0 6.0 5.0 5.0 5.0 6.0 5.0 5.0 5.0 5.0 6.0 6.0 6.0 5.0 5.0 5.0 5.0 6.0 6.0 5.0 5.0 5.0 5.0 6.0 5.0 6.0 6.0 5.0 5.0 5.0 5.0 5.0 5.0 5.0 5.0 5.0 5.0 6.0 6.0 6.0 6.0 5.0 5.0 4.0 4.0 4.0 4.0 4.0 4.0 5.0 6.0 6.0 6.0 6.0 6.0 6.0 5.0 5.0 5.0 5.0 5.0 5.0 6.0 6.0 6.0 6.0 6.0 6.0 6.0 6.0 6.0 6.0 6.0 6.0 5.0 5.0 6.0 6.0 6.0 6.0 6.0 6.0 5.0 5.0 5.0 5.0 5.0 5.0 5.0 5.0 5.0 5.0 5.0 5.0 6.0 5.0 5.0 5.0 5.0 5.0 5.303135888501743 0.5039257691073648
49 415.0 431.0 441.0 429.0 524.0 427.0 415.0 412.0 424.0 431.0 429.0 424.0 419.0 414.0 363.0 369.0 445.0 417.0 422.0 432.0 421.0 424.0 415.0 382.0 436.0 440.0 415.0 421.0 440.0 409.0 400.0 438.0 433.0 422.0 429.0 416.0 423.0 414.0 436.0 416.0 393.0 435.0 435.0 431.0 428.0 431.0 430.0 434.0 429.0 429.0 437.0 424.0 428.0 419.0 415.0 435.0 420.0 420.0 416.0 395.0 400.0 418.0 432.0 424.0 410.0 418.0 419.0 430.0 509.0 422.0 418.0 406.0 398.0 403.0 398.0 382.0 378.0 414.0 415.0 416.0 428.0 418.0 418.0 422.0 416.0 408.0 414.0 403.0 404.0 381.0 379.0 378.0 393.0 392.0 394.0 393.0 388.0 398.0 428.0 425.0 429.0 433.0 428.0 409.0 404.0 429.0 439.0 408.0 423.0 419.0 409.0 430.0 408.0 407.0 399.0 391.0 378.0 390.0 437.0 433.0 396.0 389.0 418.0 420.0 401.0 389.0 412.0 409.0 399.0 376.0 417.0 416.0 388.0 417.0 374.0 374.0 402.0 414.0 390.0 407.0 425.0 425.0 389.0 428.0 418.0 415.0 385.0 378.0 416.0 372.0 393.0 401.0 387.0 415.0 420.0 407.0 381.0 398.0 400.0 391.0 368.0 430.0 402.0 392.0 407.0 422.0 363.0 368.0 411.0 441.0 421.0 399.0 414.0 408.0 414.0 428.0 396.0 407.0 407.0 422.0 368.0 397.0 501.0 411.0 421.0 364.0 398.0 395.0 439.0 380.0 379.0 443.0 408.0 411.0 390.0 389.0 374.0 387.0 405.0 417.0 572.0 410.0 378.0 394.0 391.0 412.0 398.0 386.0 411.0 436.0 435.0 415.0 437.0 441.0 412.0 370.0 374.0 396.0 380.0 385.0 397.0 403.0 390.0 387.0 411.0 415.0 447.0 416.0 404.0 407.0 380.0 349.0 425.0 377.0 410.0 426.0 364.0 382.0 450.0 498.0 479.0 556.0 469.0 395.0 403.0 403.0 401.0 435.0 425.0 407.0 421.0 405.0 418.0 473.0 376.0 421.0 396.0 440.0 440.0 435.0 414.0 432.0 413.0 424.0 415.0 427.0 426.0 419.0 388.0 411.0 391.0 378.0 386.0 415.0 415.0 415.0 388.0 384.0 432.0 424.0 423.0 419.0 385.0 381.0 410.0 416.0 369.0 412.2229965156795 26.8768057271394
50 269.0 295.0 298.0 314.0 312.0 298.0 341.0 296.0 291.0 341.0 300.0 301.0 299.0 304.0 301.0 255.0 278.0 285.0 299.0 285.0 304.0 300.0 305.0 310.0 299.0 305.0 272.0 295.0 293.0 313.0 285.0 279.0 303.0 314.0 305.0 291.0 319.0 301.0 287.0 309.0 289.0 283.0 301.0 307.0 298.0 308.0 306.0 303.0 308.0 295.0 299.0 310.0 299.0 295.0 300.0 293.0 301.0 298.0 322.0 297.0 284.0 284.0 287.0 308.0 306.0 287.0 298.0 286.0 348.0 318.0 300.0 307.0 297.0 285.0 291.0 280.0 288.0 279.0 284.0 301.0 301.0 293.0 297.0 297.0 274.0 293.0 299.0 288.0 277.0 290.0 289.0 271.0 265.0 269.0 282.0 278.0 300.0 276.0 292.0 308.0 301.0 292.0 301.0 299.0 298.0 292.0 292.0 313.0 304.0 298.0 283.0 292.0 321.0 299.0 290.0 293.0 276.0 268.0 314.0 309.0 286.0 283.0 293.0 298.0 298.0 283.0 277.0 292.0 279.0 285.0 278.0 286.0 284.0 292.0 274.0 328.0 344.0 295.0 290.0 273.0 285.0 301.0 301.0 289.0 296.0 283.0 277.0 245.0 252.0 294.0 260.0 280.0 308.0 297.0 314.0 299.0 296.0 278.0 301.0 305.0 272.0 278.0 295.0 294.0 269.0 294.0 303.0 265.0 255.0 293.0 301.0 298.0 287.0 289.0 305.0 330.0 304.0 303.0 290.0 292.0 303.0 303.0 295.0 300.0 278.0 275.0 288.0 270.0 286.0 321.0 289.0 289.0 263.0 284.0 294.0 273.0 281.0 272.0 275.0 271.0 310.0 265.0 278.0 303.0 285.0 276.0 282.0 300.0 267.0 287.0 318.0 302.0 302.0 305.0 317.0 277.0 264.0 263.0 267.0 268.0 259.0 297.0 278.0 271.0 277.0 278.0 297.0 296.0 301.0 287.0 303.0 285.0 256.0 267.0 289.0 284.0 298.0 278.0 260.0 312.0 308.0 266.0 285.0 318.0 330.0 271.0 280.0 285.0 303.0 296.0 285.0 306.0 287.0 304.0 266.0 272.0 302.0 327.0 305.0 308.0 303.0 310.0 292.0 295.0 281.0 289.0 360.0 322.0 290.0 275.0 287.0 262.0 278.0 316.0 296.0 299.0 299.0 275.0 277.0 298.0 299.0 311.0 292.0 272.0 271.0 295.0 291.0 292.3658536585366 16.759778000375366
51 162.0 125.0 255.0 200.0 659.0 156.0 193.0 123.0 171.0 123.0 123.0 146.0 171.0 154.0 160.0 115.0 183.0 173.0 157.0 212.0 144.0 163.0 265.0 149.0 116.0 166.0 115.0 157.0 128.0 224.0 224.0 224.0 241.0 153.0 153.0 147.0 136.0 186.0 150.0 126.0 142.0 134.0 501.0 123.0 206.0 180.0 167.0 162.0 185.0 153.0 112.0 178.0 156.0 148.0 147.0 227.0 181.0 171.0 150.0 132.0 189.0 189.0 127.0 144.0 165.0 147.0 156.0 152.0 142.0 155.0 137.0 167.0 163.0 146.0 158.0 136.0 148.0 142.0 140.0 191.0 184.0 204.0 152.0 147.0 126.0 181.0 158.0 144.0 188.0 145.0 152.0 160.0 134.0 238.0 142.0 132.0 148.0 152.0 162.0 163.0 153.0 181.0 161.0 139.0 182.0 175.0 166.0 207.0 153.0 147.0 187.0 137.0 217.0 168.0 177.0 179.0 136.0 171.0 213.0 149.0 166.0 150.0 163.0 197.0 175.0 149.0 168.0 176.0 174.0 158.0 147.0 183.0 135.0 195.0 153.0 187.0 165.0 151.0 190.0 219.0 163.0 159.0 169.0 205.0 149.0 231.0 133.0 306.0 164.0 545.0 169.0 142.0 183.0 233.0 196.0 163.0 208.0 241.0 157.0 153.0 158.0 275.0 138.0 204.0 198.0 215.0 179.0 151.0 182.0 337.0 169.0 228.0 216.0 185.0 289.0 175.0 173.0 210.0 156.0 489.0 223.0 162.0 167.0 276.0 122.0 193.0 240.0 290.0 173.0 248.0 183.0 173.0 180.0 182.0 271.0 222.0 236.0 455.0 171.0 155.0 197.0 137.0 177.0 184.0 159.0 162.0 173.0 251.0 124.0 155.0 161.0 179.0 171.0 197.0 144.0 144.0 225.0 126.0 206.0 168.0 156.0 228.0 181.0 143.0 156.0 163.0 186.0 162.0 192.0 221.0 307.0 153.0 146.0 137.0 113.0 163.0 199.0 145.0 115.0 173.0 160.0 154.0 136.0 145.0 151.0 151.0 158.0 152.0 308.0 183.0 134.0 233.0 580.0 141.0 178.0 125.0 295.0 410.0 138.0 162.0 211.0 139.0 247.0 158.0 151.0 140.0 227.0 205.0 176.0 147.0 190.0 137.0 142.0 336.0 427.0 239.0 159.0 158.0 151.0 201.0 151.0 136.0 144.0 840.0 128.0 160.0 135.0 185.06620209059236 79.21670159599695
END
#################################################################
SECTION3 (Edges Information)
EndPoint0 EndPoint1 Weight
0 1 1.000000
1 2 1.000000
2 3 1.000000
3 4 1.000000
4 5 1.000000
5 6 1.000000
6 7 1.000000
7 8 1.000000
8 9 1.000000
9 10 1.000000
10 11 1.000000
11 12 1.000000
12 13 1.000000
13 14 1.000000
14 15 1.000000
15 16 1.000000
16 17 1.000000
17 18 1.000000
18 19 1.000000
19 20 1.000000
20 21 1.000000
21 22 1.000000
22 23 1.000000
23 24 1.000000
24 25 1.000000
25 26 1.000000
26 27 1.000000
27 28 1.000000
28 29 1.000000
29 30 1.000000
30 31 1.000000
31 32 1.000000
32 33 1.000000
33 34 1.000000
34 35 1.000000
35 36 1.000000
36 37 1.000000
37 38 1.000000
38 39 1.000000
39 40 1.000000
40 41 1.000000
41 42 1.000000
42 43 1.000000
43 44 1.000000
44 45 1.000000
45 46 1.000000
46 47 1.000000
47 48 1.000000
48 49 1.000000
49 50 1.000000
50 51 1.000000
END
#################################################################
SECTION4 (TrueSubGraph Information)
EndPoint0 EndPoint1 Weight
END
#################################################################
