#################################################################
#APDM Input Graph, this input graph includes 3 sections:
#section1 : general information
#section2 : nodes
#section3 : edges
#section4 : trueSubGraph (Optional)
#
#if nodes haven't information set weight to null
#################################################################
SECTION1 (General Information)
numNodes = 52
numEdges = 51
usedAlgorithm = NULL
dataSource = TransWeatherRealData
END
#################################################################
SECTION2 (Nodes Information)
NodeID travelTime  mean  std 
0 242.0 216.0 240.0 226.0 226.0 222.0 214.0 230.0 259.0 217.0 206.0 206.0 210.0 217.0 222.0 235.0 224.0 240.0 238.0 234.0 213.0 207.0 226.0 244.0 235.0 235.0 235.0 194.0 218.0 242.0 241.0 187.0 230.0 230.0 230.0 228.0 206.0 233.0 222.0 240.0 240.0 227.0 228.0 243.0 219.0 221.0 221.0 221.0 221.0 221.0 221.0 221.0 221.0 219.0 222.0 253.0 253.0 253.0 236.0 240.0 235.0 229.0 229.0 206.0 224.0 237.0 237.0 237.0 224.0 233.0 230.0 240.0 242.0 202.0 233.0 233.0 233.0 236.0 234.0 229.0 235.0 239.0 239.0 226.0 232.0 232.0 208.0 236.0 236.0 241.0 241.0 232.0 229.0 208.0 308.0 233.0 203.0 218.0 217.0 212.0 255.0 221.0 234.0 232.0 216.0 204.0 204.0 223.0 222.0 202.0 208.0 224.0 221.0 234.0 204.0 201.0 210.0 195.0 255.0 252.0 206.0 228.0 230.0 218.0 218.0 232.0 203.0 206.0 222.0 206.0 210.0 213.0 222.0 221.0 228.0 228.0 228.0 237.0 228.0 220.0 229.0 200.0 225.0 225.0 207.0 244.0 241.0 201.0 219.0 214.0 233.0 225.0 208.0 239.0 219.0 230.0 226.0 204.0 213.0 237.0 217.0 212.0 222.0 216.0 208.0 205.0 207.0 233.0 233.0 216.0 206.0 228.0 229.0 238.0 212.0 213.0 224.0 240.0 239.0 229.0 213.0 217.0 234.0 221.0 215.0 210.0 208.0 241.0 236.0 225.0 212.0 212.0 202.0 203.0 201.0 214.0 217.0 194.0 225.0 221.0 209.0 207.0 241.0 231.0 233.0 211.0 221.0 218.0 240.0 242.0 240.0 251.0 233.0 229.0 252.0 236.0 250.0 237.0 199.0 222.0 223.0 243.0 244.0 237.0 226.0 230.0 213.0 253.0 254.0 239.0 218.0 214.0 238.0 241.0 234.0 242.0 233.0 259.0 268.0 280.0 260.0 245.0 269.0 245.0 253.0 294.0 226.0 235.0 272.0 233.0 260.0 260.0 223.0 223.0 224.0 235.0 244.0 218.0 234.0 234.0 226.0 206.0 203.0 203.0 203.0 224.0 270.0 230.0 237.0 238.0 221.0 241.0 243.0 243.0 234.0 233.0 229.0 234.0 223.0 212.0 212.0 218.0 253.0 250.0 242.0 205.0 218.0 227.4773519163763 16.72981539148189
1 70.0 62.0 61.0 68.0 68.0 65.0 62.0 60.0 60.0 72.0 66.0 66.0 66.0 61.0 64.0 65.0 65.0 59.0 65.0 68.0 68.0 67.0 66.0 66.0 66.0 68.0 68.0 68.0 64.0 64.0 70.0 70.0 70.0 66.0 66.0 66.0 64.0 60.0 66.0 66.0 66.0 67.0 59.0 59.0 59.0 59.0 59.0 59.0 59.0 59.0 59.0 59.0 59.0 59.0 61.0 61.0 61.0 61.0 61.0 68.0 68.0 66.0 66.0 61.0 61.0 64.0 64.0 64.0 64.0 67.0 66.0 73.0 73.0 59.0 58.0 58.0 58.0 64.0 68.0 66.0 66.0 70.0 70.0 70.0 70.0 70.0 70.0 70.0 67.0 67.0 67.0 70.0 68.0 64.0 64.0 67.0 67.0 59.0 63.0 62.0 62.0 73.0 73.0 73.0 70.0 59.0 59.0 67.0 65.0 56.0 58.0 62.0 62.0 70.0 87.0 59.0 58.0 61.0 61.0 76.0 58.0 58.0 66.0 65.0 66.0 72.0 68.0 57.0 61.0 61.0 59.0 64.0 64.0 64.0 69.0 69.0 67.0 88.0 67.0 64.0 66.0 63.0 65.0 57.0 57.0 57.0 57.0 59.0 62.0 64.0 62.0 66.0 60.0 60.0 73.0 66.0 71.0 59.0 65.0 59.0 66.0 58.0 63.0 63.0 63.0 60.0 58.0 58.0 70.0 71.0 62.0 62.0 67.0 67.0 62.0 61.0 74.0 74.0 70.0 72.0 64.0 62.0 67.0 66.0 67.0 60.0 59.0 69.0 73.0 70.0 64.0 61.0 61.0 60.0 62.0 69.0 63.0 69.0 55.0 65.0 66.0 56.0 64.0 74.0 68.0 70.0 61.0 61.0 62.0 72.0 67.0 82.0 65.0 62.0 67.0 81.0 66.0 67.0 60.0 54.0 64.0 70.0 70.0 69.0 67.0 66.0 66.0 66.0 75.0 80.0 61.0 59.0 74.0 71.0 71.0 67.0 67.0 71.0 79.0 73.0 68.0 68.0 64.0 64.0 72.0 93.0 72.0 67.0 67.0 68.0 68.0 81.0 81.0 63.0 67.0 67.0 69.0 70.0 70.0 68.0 66.0 67.0 58.0 67.0 67.0 67.0 72.0 72.0 66.0 66.0 69.0 74.0 76.0 70.0 70.0 62.0 70.0 66.0 70.0 68.0 68.0 60.0 60.0 81.0 81.0 81.0 59.0 65.81533101045297 5.825316265478313
2 305.0 292.0 263.0 290.0 328.0 328.0 271.0 263.0 268.0 290.0 297.0 277.0 277.0 253.0 307.0 268.0 272.0 271.0 271.0 290.0 286.0 286.0 286.0 276.0 271.0 280.0 280.0 280.0 280.0 276.0 290.0 293.0 293.0 278.0 276.0 276.0 276.0 250.0 261.0 272.0 272.0 293.0 278.0 279.0 294.0 294.0 294.0 294.0 294.0 294.0 294.0 294.0 294.0 294.0 255.0 255.0 296.0 296.0 296.0 281.0 288.0 276.0 279.0 279.0 279.0 277.0 259.0 259.0 259.0 282.0 298.0 278.0 302.0 305.0 243.0 281.0 281.0 277.0 299.0 283.0 276.0 284.0 280.0 280.0 272.0 271.0 271.0 271.0 286.0 399.0 293.0 296.0 284.0 271.0 268.0 395.0 281.0 243.0 267.0 256.0 260.0 299.0 303.0 303.0 290.0 251.0 252.0 252.0 305.0 284.0 241.0 251.0 270.0 277.0 275.0 243.0 248.0 240.0 229.0 250.0 310.0 299.0 267.0 267.0 268.0 260.0 271.0 245.0 255.0 255.0 244.0 255.0 281.0 275.0 280.0 285.0 262.0 281.0 288.0 280.0 261.0 268.0 293.0 275.0 251.0 249.0 292.0 286.0 243.0 257.0 257.0 278.0 276.0 250.0 283.0 266.0 276.0 266.0 242.0 250.0 288.0 244.0 270.0 260.0 269.0 243.0 253.0 247.0 285.0 296.0 251.0 278.0 276.0 282.0 270.0 249.0 271.0 293.0 291.0 293.0 258.0 258.0 264.0 292.0 262.0 265.0 247.0 268.0 291.0 296.0 266.0 256.0 256.0 248.0 275.0 312.0 251.0 271.0 231.0 252.0 267.0 240.0 255.0 287.0 300.0 307.0 244.0 289.0 257.0 267.0 300.0 306.0 277.0 267.0 254.0 303.0 286.0 282.0 283.0 230.0 291.0 293.0 340.0 292.0 299.0 276.0 290.0 273.0 301.0 317.0 284.0 237.0 251.0 251.0 251.0 278.0 294.0 310.0 295.0 300.0 280.0 285.0 273.0 283.0 288.0 302.0 281.0 301.0 245.0 288.0 288.0 305.0 337.0 262.0 278.0 279.0 275.0 293.0 286.0 290.0 283.0 275.0 246.0 250.0 463.0 463.0 278.0 277.0 278.0 275.0 282.0 290.0 304.0 288.0 297.0 286.0 305.0 270.0 278.0 245.0 276.0 276.0 252.0 281.0 323.0 323.0 263.0 278.68989547038325 26.859866901923308
3 167.0 206.0 198.0 192.0 200.0 195.0 195.0 176.0 192.0 192.0 222.0 204.0 204.0 204.0 204.0 184.0 184.0 184.0 168.0 197.0 196.0 187.0 187.0 195.0 197.0 196.0 196.0 196.0 196.0 196.0 209.0 204.0 197.0 197.0 191.0 191.0 191.0 191.0 170.0 189.0 173.0 173.0 198.0 197.0 197.0 197.0 197.0 197.0 197.0 197.0 197.0 197.0 197.0 190.0 190.0 174.0 198.0 204.0 204.0 204.0 197.0 191.0 191.0 191.0 191.0 191.0 213.0 183.0 183.0 179.0 203.0 190.0 187.0 199.0 169.0 166.0 195.0 187.0 187.0 195.0 194.0 220.0 203.0 188.0 188.0 192.0 192.0 192.0 192.0 196.0 192.0 203.0 193.0 195.0 187.0 187.0 192.0 179.0 218.0 179.0 176.0 210.0 205.0 217.0 197.0 190.0 195.0 195.0 210.0 199.0 183.0 173.0 177.0 190.0 167.0 172.0 179.0 166.0 161.0 151.0 168.0 168.0 170.0 174.0 269.0 179.0 179.0 200.0 191.0 177.0 193.0 178.0 169.0 172.0 196.0 196.0 193.0 183.0 197.0 191.0 188.0 171.0 192.0 181.0 196.0 180.0 172.0 180.0 181.0 165.0 180.0 179.0 201.0 173.0 170.0 184.0 180.0 199.0 165.0 189.0 197.0 195.0 168.0 189.0 192.0 178.0 169.0 179.0 189.0 195.0 194.0 177.0 189.0 191.0 188.0 177.0 175.0 190.0 184.0 197.0 198.0 169.0 177.0 198.0 197.0 186.0 185.0 196.0 199.0 201.0 200.0 182.0 174.0 180.0 169.0 197.0 207.0 189.0 186.0 184.0 226.0 192.0 159.0 187.0 206.0 196.0 198.0 194.0 196.0 182.0 220.0 197.0 192.0 187.0 184.0 204.0 198.0 197.0 194.0 170.0 149.0 192.0 192.0 196.0 199.0 198.0 196.0 190.0 192.0 176.0 207.0 193.0 173.0 182.0 182.0 188.0 252.0 210.0 196.0 205.0 200.0 190.0 190.0 191.0 199.0 203.0 198.0 238.0 183.0 183.0 194.0 199.0 216.0 225.0 171.0 171.0 191.0 187.0 202.0 204.0 191.0 188.0 218.0 169.0 169.0 169.0 169.0 215.0 215.0 182.0 182.0 200.0 176.0 176.0 201.0 205.0 208.0 177.0 195.0 197.0 195.0 185.0 185.0 177.0 177.0 188.0 188.0 190.36933797909407 14.363761970730526
4 295.0 295.0 321.0 318.0 308.0 315.0 324.0 300.0 277.0 292.0 292.0 338.0 305.0 354.0 354.0 354.0 282.0 282.0 282.0 282.0 315.0 315.0 314.0 314.0 313.0 310.0 300.0 300.0 300.0 300.0 294.0 300.0 314.0 316.0 301.0 305.0 305.0 305.0 271.0 271.0 293.0 292.0 315.0 318.0 318.0 300.0 300.0 342.0 342.0 342.0 342.0 342.0 342.0 342.0 303.0 303.0 278.0 317.0 328.0 328.0 328.0 315.0 315.0 315.0 315.0 315.0 315.0 301.0 310.0 310.0 281.0 306.0 304.0 315.0 328.0 266.0 274.0 317.0 320.0 320.0 303.0 307.0 298.0 311.0 314.0 286.0 286.0 286.0 286.0 296.0 310.0 291.0 319.0 307.0 305.0 312.0 312.0 304.0 304.0 286.0 287.0 286.0 303.0 328.0 328.0 316.0 316.0 306.0 306.0 359.0 305.0 267.0 295.0 289.0 273.0 289.0 312.0 294.0 266.0 261.0 261.0 261.0 261.0 274.0 287.0 294.0 287.0 288.0 304.0 298.0 297.0 306.0 276.0 273.0 272.0 304.0 303.0 317.0 285.0 317.0 305.0 305.0 288.0 276.0 287.0 311.0 261.0 259.0 261.0 276.0 260.0 298.0 305.0 304.0 269.0 280.0 287.0 287.0 311.0 263.0 311.0 312.0 275.0 278.0 298.0 304.0 283.0 277.0 276.0 307.0 304.0 266.0 282.0 303.0 312.0 304.0 274.0 291.0 301.0 300.0 310.0 309.0 278.0 281.0 306.0 289.0 285.0 291.0 283.0 280.0 319.0 285.0 284.0 278.0 264.0 278.0 301.0 328.0 298.0 260.0 253.0 320.0 289.0 286.0 299.0 327.0 322.0 315.0 297.0 301.0 285.0 307.0 317.0 303.0 282.0 256.0 321.0 321.0 308.0 308.0 246.0 241.0 317.0 304.0 299.0 310.0 311.0 312.0 306.0 277.0 320.0 315.0 297.0 254.0 283.0 283.0 300.0 314.0 314.0 314.0 333.0 310.0 317.0 309.0 308.0 306.0 318.0 313.0 303.0 323.0 303.0 316.0 303.0 327.0 298.0 275.0 275.0 297.0 312.0 318.0 315.0 307.0 297.0 286.0 269.0 269.0 269.0 269.0 314.0 312.0 296.0 296.0 306.0 291.0 314.0 324.0 319.0 331.0 303.0 314.0 293.0 290.0 300.0 272.0 305.0 303.0 362.0 300.16027874564463 20.724012893538255
5 5.0 5.0 5.0 5.0 5.0 5.0 5.0 5.0 5.0 5.0 5.0 5.0 5.0 5.0 5.0 5.0 5.0 5.0 5.0 5.0 5.0 5.0 5.0 5.0 5.0 4.0 4.0 4.0 4.0 4.0 4.0 4.0 4.0 4.0 4.0 4.0 4.0 4.0 4.0 4.0 4.0 4.0 4.0 4.0 4.0 4.0 4.0 4.0 4.0 4.0 4.0 4.0 4.0 4.0 4.0 4.0 4.0 4.0 4.0 4.0 4.0 4.0 4.0 4.0 4.0 4.0 4.0 5.0 5.0 5.0 5.0 5.0 5.0 4.0 4.0 4.0 3.0 3.0 3.0 3.0 3.0 3.0 3.0 4.0 4.0 4.0 4.0 4.0 4.0 4.0 4.0 5.0 5.0 5.0 4.0 4.0 4.0 4.0 4.0 4.0 4.0 4.0 4.0 4.0 4.0 4.0 4.0 4.0 4.0 4.0 4.0 4.0 3.0 3.0 3.0 3.0 3.0 3.0 3.0 4.0 4.0 4.0 4.0 4.0 4.0 4.0 4.0 4.0 4.0 5.0 4.0 5.0 5.0 3.0 3.0 3.0 3.0 3.0 3.0 4.0 4.0 4.0 4.0 4.0 4.0 4.0 4.0 3.0 4.0 4.0 3.0 3.0 3.0 3.0 3.0 3.0 3.0 3.0 4.0 4.0 4.0 4.0 4.0 4.0 4.0 4.0 5.0 5.0 5.0 4.0 4.0 4.0 4.0 4.0 4.0 4.0 4.0 4.0 4.0 4.0 4.0 4.0 4.0 3.0 3.0 3.0 3.0 4.0 4.0 4.0 4.0 4.0 4.0 3.0 3.0 4.0 4.0 4.0 4.0 4.0 3.0 3.0 3.0 4.0 4.0 4.0 4.0 5.0 5.0 5.0 4.0 5.0 5.0 5.0 5.0 4.0 4.0 4.0 4.0 4.0 4.0 3.0 3.0 3.0 3.0 3.0 3.0 3.0 3.0 3.0 3.0 3.0 3.0 3.0 4.0 4.0 4.0 4.0 4.0 4.0 4.0 4.0 4.0 4.0 4.0 4.0 4.0 4.0 4.0 4.0 4.0 4.0 4.0 4.0 4.0 3.0 3.0 4.0 4.0 4.0 4.0 4.0 4.0 4.0 3.0 3.0 3.0 3.0 3.0 3.0 3.0 3.0 3.0 3.0 3.0 3.0 3.0 3.0 3.0 3.0 3.0 3.0 4.0 4.0 4.0 4.0 4.0 3.9163763066202097 0.6368438110843055
6 375.0 348.0 348.0 304.0 290.0 494.0 345.0 374.0 339.0 325.0 326.0 326.0 387.0 337.0 339.0 339.0 326.0 325.0 325.0 467.0 467.0 350.0 357.0 444.0 366.0 347.0 348.0 353.0 372.0 372.0 372.0 372.0 323.0 323.0 323.0 368.0 343.0 343.0 343.0 301.0 301.0 329.0 596.0 596.0 351.0 381.0 381.0 381.0 381.0 381.0 381.0 381.0 381.0 381.0 381.0 332.0 332.0 312.0 344.0 361.0 361.0 368.0 346.0 344.0 344.0 344.0 344.0 344.0 335.0 336.0 317.0 311.0 342.0 344.0 353.0 355.0 292.0 301.0 362.0 357.0 357.0 343.0 342.0 334.0 357.0 356.0 323.0 320.0 384.0 332.0 349.0 345.0 320.0 375.0 611.0 353.0 365.0 331.0 337.0 339.0 344.0 348.0 353.0 402.0 364.0 364.0 349.0 355.0 342.0 309.0 334.0 342.0 315.0 309.0 352.0 319.0 316.0 320.0 329.0 288.0 287.0 332.0 332.0 604.0 305.0 297.0 297.0 318.0 319.0 387.0 284.0 320.0 340.0 306.0 300.0 307.0 348.0 345.0 343.0 315.0 351.0 339.0 279.0 282.0 332.0 331.0 353.0 299.0 300.0 305.0 297.0 299.0 326.0 409.0 343.0 304.0 357.0 353.0 360.0 323.0 304.0 380.0 346.0 300.0 304.0 310.0 338.0 389.0 353.0 334.0 340.0 332.0 327.0 314.0 339.0 350.0 355.0 311.0 328.0 344.0 326.0 351.0 332.0 304.0 311.0 330.0 348.0 305.0 343.0 345.0 325.0 356.0 333.0 338.0 314.0 301.0 320.0 317.0 319.0 354.0 281.0 274.0 365.0 356.0 333.0 342.0 392.0 377.0 345.0 344.0 327.0 328.0 371.0 364.0 327.0 381.0 319.0 359.0 369.0 346.0 349.0 277.0 256.0 356.0 340.0 334.0 358.0 355.0 348.0 350.0 340.0 359.0 358.0 331.0 300.0 342.0 341.0 349.0 407.0 405.0 348.0 364.0 339.0 361.0 340.0 352.0 338.0 364.0 332.0 332.0 362.0 344.0 346.0 402.0 373.0 327.0 302.0 302.0 330.0 348.0 360.0 351.0 343.0 356.0 312.0 298.0 349.0 349.0 349.0 344.0 336.0 329.0 443.0 351.0 346.0 359.0 369.0 407.0 367.0 322.0 343.0 355.0 310.0 343.0 303.0 303.0 332.0 345.3135888501742 43.331531220512844
7 469.0 558.0 484.0 484.0 443.0 416.0 505.0 483.0 500.0 492.0 508.0 447.0 502.0 548.0 480.0 451.0 451.0 451.0 451.0 451.0 434.0 433.0 495.0 503.0 495.0 521.0 571.0 497.0 496.0 476.0 476.0 476.0 476.0 476.0 476.0 476.0 476.0 467.0 489.0 493.0 434.0 430.0 485.0 462.0 490.0 500.0 498.0 467.0 467.0 467.0 480.0 480.0 480.0 480.0 480.0 480.0 479.0 480.0 463.0 480.0 491.0 526.0 488.0 494.0 493.0 493.0 493.0 493.0 493.0 484.0 470.0 749.0 513.0 524.0 483.0 483.0 492.0 418.0 424.0 495.0 508.0 535.0 495.0 488.0 492.0 493.0 501.0 490.0 442.0 468.0 474.0 465.0 462.0 465.0 511.0 492.0 479.0 467.0 465.0 476.0 473.0 503.0 485.0 485.0 485.0 518.0 521.0 502.0 504.0 455.0 439.0 438.0 495.0 431.0 422.0 480.0 451.0 454.0 446.0 474.0 405.0 395.0 476.0 476.0 497.0 433.0 430.0 500.0 457.0 455.0 397.0 398.0 413.0 489.0 441.0 438.0 478.0 495.0 488.0 481.0 428.0 451.0 491.0 406.0 485.0 462.0 464.0 469.0 416.0 441.0 481.0 433.0 436.0 474.0 527.0 474.0 453.0 465.0 472.0 493.0 494.0 505.0 488.0 507.0 464.0 421.0 439.0 474.0 465.0 483.0 463.0 470.0 486.0 461.0 442.0 437.0 437.0 433.0 437.0 440.0 488.0 482.0 501.0 468.0 433.0 442.0 450.0 466.0 473.0 457.0 475.0 498.0 498.0 498.0 477.0 460.0 458.0 443.0 474.0 456.0 425.0 454.0 457.0 487.0 454.0 441.0 463.0 503.0 456.0 467.0 468.0 462.0 459.0 460.0 488.0 448.0 474.0 431.0 398.0 509.0 495.0 495.0 381.0 394.0 479.0 512.0 464.0 459.0 502.0 484.0 494.0 442.0 446.0 510.0 512.0 444.0 409.0 488.0 485.0 485.0 487.0 485.0 527.0 497.0 428.0 413.0 483.0 479.0 480.0 475.0 446.0 451.0 480.0 481.0 495.0 495.0 446.0 420.0 434.0 476.0 479.0 479.0 490.0 494.0 468.0 472.0 479.0 493.0 493.0 493.0 487.0 461.0 470.0 474.0 492.0 477.0 500.0 510.0 501.0 504.0 473.0 484.0 486.0 464.0 471.0 500.0 460.0 473.198606271777 33.204898926755426
8 647.0 567.0 543.0 790.0 683.0 602.0 564.0 544.0 544.0 650.0 646.0 662.0 662.0 662.0 662.0 662.0 643.0 649.0 662.0 662.0 689.0 670.0 685.0 685.0 689.0 689.0 689.0 689.0 845.0 845.0 652.0 655.0 646.0 637.0 745.0 672.0 687.0 687.0 650.0 698.0 672.0 678.0 609.0 612.0 711.0 651.0 659.0 664.0 662.0 662.0 662.0 662.0 662.0 662.0 662.0 662.0 662.0 653.0 674.0 641.0 633.0 661.0 676.0 682.0 682.0 759.0 726.0 704.0 704.0 704.0 704.0 905.0 652.0 676.0 643.0 663.0 665.0 661.0 581.0 564.0 567.0 685.0 693.0 656.0 656.0 634.0 615.0 660.0 801.0 775.0 660.0 654.0 659.0 653.0 637.0 626.0 671.0 687.0 675.0 645.0 657.0 654.0 563.0 637.0 660.0 712.0 661.0 710.0 672.0 638.0 664.0 613.0 603.0 676.0 601.0 620.0 653.0 643.0 622.0 613.0 614.0 546.0 544.0 551.0 650.0 650.0 607.0 734.0 659.0 647.0 620.0 603.0 557.0 554.0 706.0 574.0 601.0 612.0 661.0 658.0 653.0 606.0 597.0 687.0 580.0 661.0 667.0 620.0 635.0 594.0 603.0 554.0 559.0 559.0 585.0 677.0 653.0 612.0 618.0 628.0 660.0 677.0 677.0 688.0 640.0 687.0 589.0 565.0 624.0 636.0 627.0 615.0 599.0 625.0 633.0 657.0 583.0 578.0 681.0 646.0 593.0 601.0 660.0 664.0 676.0 620.0 609.0 611.0 646.0 673.0 635.0 663.0 650.0 678.0 636.0 650.0 634.0 651.0 650.0 665.0 646.0 611.0 595.0 590.0 562.0 690.0 601.0 573.0 617.0 705.0 647.0 648.0 623.0 636.0 680.0 622.0 671.0 754.0 625.0 620.0 631.0 685.0 667.0 557.0 579.0 625.0 697.0 653.0 628.0 646.0 659.0 676.0 664.0 647.0 665.0 687.0 646.0 603.0 558.0 678.0 651.0 686.0 682.0 669.0 671.0 671.0 643.0 661.0 662.0 655.0 653.0 638.0 645.0 621.0 646.0 680.0 656.0 667.0 754.0 661.0 662.0 653.0 656.0 689.0 584.0 624.0 679.0 664.0 713.0 710.0 710.0 704.0 676.0 667.0 717.0 685.0 655.0 639.0 651.0 696.0 682.0 675.0 661.0 650.0 652.0 625.0 692.0 650.787456445993 48.67180064239916
9 998.0 998.0 843.0 858.0 844.0 869.0 992.0 851.0 810.0 805.0 815.0 932.0 942.0 952.0 985.0 936.0 1048.0 802.0 932.0 897.0 957.0 1126.0 950.0 977.0 975.0 996.0 1007.0 1022.0 1022.0 1022.0 1022.0 1022.0 949.0 970.0 975.0 1108.0 1003.0 999.0 967.0 1090.0 936.0 973.0 964.0 998.0 1036.0 875.0 909.0 1044.0 932.0 945.0 1013.0 967.0 942.0 942.0 987.0 1037.0 1041.0 1063.0 1063.0 963.0 949.0 930.0 922.0 952.0 961.0 1029.0 1015.0 998.0 1026.0 1001.0 985.0 985.0 985.0 1326.0 949.0 948.0 945.0 940.0 960.0 954.0 853.0 828.0 824.0 1189.0 993.0 1142.0 953.0 940.0 874.0 915.0 984.0 981.0 995.0 954.0 991.0 933.0 934.0 952.0 998.0 1003.0 984.0 966.0 953.0 932.0 882.0 921.0 955.0 960.0 991.0 969.0 1001.0 965.0 964.0 889.0 886.0 889.0 903.0 870.0 901.0 936.0 917.0 897.0 870.0 805.0 792.0 793.0 948.0 948.0 895.0 965.0 924.0 904.0 897.0 846.0 841.0 818.0 779.0 873.0 886.0 928.0 861.0 833.0 945.0 911.0 832.0 830.0 839.0 906.0 931.0 1022.0 907.0 831.0 837.0 824.0 839.0 804.0 843.0 928.0 973.0 899.0 899.0 896.0 991.0 980.0 938.0 951.0 936.0 933.0 900.0 867.0 888.0 957.0 960.0 983.0 939.0 915.0 911.0 893.0 886.0 925.0 960.0 891.0 889.0 922.0 969.0 944.0 996.0 970.0 918.0 903.0 892.0 941.0 980.0 940.0 933.0 917.0 940.0 1022.0 957.0 979.0 983.0 936.0 867.0 933.0 862.0 812.0 798.0 873.0 879.0 878.0 909.0 964.0 908.0 906.0 890.0 881.0 969.0 889.0 976.0 871.0 858.0 857.0 855.0 1009.0 969.0 831.0 846.0 974.0 1041.0 989.0 973.0 941.0 928.0 974.0 987.0 974.0 910.0 966.0 932.0 870.0 917.0 934.0 977.0 1028.0 987.0 982.0 977.0 983.0 958.0 1007.0 1012.0 957.0 956.0 958.0 933.0 924.0 938.0 950.0 974.0 961.0 943.0 962.0 949.0 1198.0 945.0 947.0 870.0 859.0 961.0 982.0 956.0 963.0 1051.0 983.0 1033.0 951.0 934.0 1002.0 966.0 969.0 953.0 993.0 970.0 990.0 991.0 962.0 939.0 941.9721254355401 69.35587201189003
10 497.0 497.0 497.0 497.0 515.0 455.0 437.0 492.0 613.0 592.0 412.0 415.0 415.0 441.0 441.0 441.0 613.0 534.0 514.0 474.0 474.0 511.0 494.0 490.0 490.0 472.0 484.0 563.0 525.0 510.0 510.0 510.0 510.0 510.0 510.0 750.0 595.0 504.0 504.0 504.0 557.0 509.0 509.0 538.0 499.0 488.0 507.0 437.0 437.0 488.0 564.0 485.0 501.0 488.0 488.0 488.0 488.0 552.0 518.0 517.0 517.0 474.0 494.0 487.0 472.0 480.0 535.0 540.0 504.0 504.0 504.0 504.0 504.0 683.0 496.0 507.0 474.0 475.0 516.0 520.0 507.0 523.0 486.0 481.0 481.0 644.0 470.0 424.0 432.0 505.0 497.0 490.0 633.0 468.0 502.0 635.0 489.0 525.0 482.0 491.0 467.0 591.0 553.0 502.0 506.0 475.0 492.0 412.0 561.0 485.0 599.0 614.0 525.0 520.0 485.0 624.0 575.0 448.0 456.0 479.0 469.0 530.0 505.0 457.0 454.0 413.0 403.0 412.0 467.0 474.0 474.0 460.0 439.0 422.0 467.0 470.0 429.0 410.0 434.0 459.0 430.0 416.0 432.0 456.0 429.0 498.0 469.0 469.0 566.0 510.0 482.0 483.0 485.0 495.0 444.0 435.0 503.0 428.0 428.0 492.0 494.0 519.0 503.0 510.0 513.0 484.0 463.0 481.0 481.0 513.0 531.0 501.0 556.0 515.0 508.0 530.0 490.0 464.0 465.0 476.0 485.0 484.0 585.0 499.0 498.0 474.0 510.0 503.0 506.0 501.0 477.0 447.0 449.0 483.0 484.0 477.0 450.0 483.0 487.0 423.0 469.0 518.0 445.0 465.0 458.0 470.0 457.0 434.0 414.0 458.0 457.0 435.0 468.0 508.0 492.0 478.0 437.0 441.0 482.0 457.0 537.0 527.0 432.0 567.0 398.0 461.0 535.0 433.0 443.0 511.0 517.0 530.0 457.0 403.0 439.0 504.0 505.0 512.0 508.0 499.0 481.0 468.0 451.0 490.0 485.0 487.0 506.0 560.0 507.0 506.0 495.0 486.0 514.0 627.0 484.0 487.0 470.0 552.0 503.0 465.0 488.0 485.0 488.0 482.0 484.0 513.0 489.0 492.0 670.0 436.0 436.0 548.0 496.0 550.0 628.0 516.0 523.0 523.0 523.0 523.0 579.0 527.0 473.0 532.0 503.0 549.0 554.0 495.0836236933798 49.518591303923714
11 662.0 662.0 662.0 662.0 662.0 662.0 637.0 560.0 578.0 649.0 631.0 555.0 536.0 533.0 533.0 570.0 570.0 570.0 712.0 673.0 640.0 619.0 595.0 600.0 654.0 631.0 631.0 639.0 641.0 675.0 664.0 664.0 664.0 664.0 664.0 664.0 664.0 694.0 743.0 635.0 631.0 619.0 649.0 665.0 665.0 713.0 661.0 657.0 639.0 570.0 617.0 621.0 671.0 640.0 641.0 645.0 645.0 645.0 645.0 662.0 649.0 649.0 649.0 643.0 634.0 628.0 613.0 621.0 659.0 661.0 684.0 717.0 689.0 686.0 686.0 680.0 662.0 662.0 620.0 618.0 633.0 650.0 644.0 673.0 634.0 636.0 636.0 701.0 554.0 551.0 599.0 637.0 631.0 653.0 613.0 615.0 653.0 676.0 632.0 605.0 630.0 622.0 613.0 631.0 587.0 649.0 648.0 636.0 599.0 551.0 684.0 640.0 698.0 658.0 801.0 643.0 648.0 683.0 598.0 582.0 621.0 680.0 681.0 661.0 621.0 602.0 627.0 536.0 521.0 610.0 631.0 631.0 571.0 570.0 580.0 643.0 575.0 561.0 534.0 554.0 569.0 592.0 633.0 603.0 621.0 636.0 573.0 619.0 600.0 542.0 548.0 634.0 628.0 614.0 630.0 584.0 552.0 585.0 663.0 586.0 598.0 605.0 673.0 667.0 638.0 669.0 668.0 584.0 632.0 613.0 621.0 672.0 680.0 628.0 666.0 659.0 646.0 631.0 632.0 621.0 656.0 674.0 649.0 634.0 663.0 623.0 620.0 600.0 613.0 638.0 662.0 625.0 587.0 585.0 587.0 674.0 608.0 604.0 604.0 641.0 612.0 612.0 638.0 682.0 578.0 631.0 586.0 590.0 570.0 551.0 659.0 656.0 573.0 553.0 610.0 649.0 640.0 553.0 553.0 577.0 574.0 561.0 683.0 668.0 605.0 552.0 511.0 626.0 646.0 638.0 656.0 652.0 665.0 711.0 553.0 560.0 589.0 620.0 662.0 653.0 639.0 628.0 541.0 563.0 650.0 613.0 639.0 635.0 764.0 707.0 648.0 651.0 643.0 621.0 605.0 652.0 645.0 638.0 636.0 627.0 630.0 615.0 635.0 635.0 652.0 646.0 639.0 634.0 633.0 626.0 602.0 548.0 560.0 670.0 660.0 640.0 676.0 678.0 683.0 683.0 683.0 683.0 666.0 663.0 620.0 658.0 647.0 629.6236933797909 43.18602463036146
12 7.0 7.0 7.0 7.0 7.0 7.0 7.0 7.0 7.0 7.0 7.0 7.0 7.0 6.0 6.0 6.0 6.0 6.0 6.0 6.0 6.0 6.0 7.0 7.0 7.0 7.0 7.0 7.0 7.0 7.0 7.0 7.0 7.0 7.0 7.0 7.0 7.0 7.0 7.0 7.0 7.0 7.0 7.0 7.0 7.0 7.0 7.0 7.0 7.0 7.0 7.0 7.0 7.0 7.0 7.0 7.0 7.0 7.0 7.0 7.0 7.0 7.0 7.0 7.0 7.0 7.0 7.0 7.0 7.0 7.0 7.0 7.0 7.0 7.0 7.0 7.0 7.0 7.0 7.0 7.0 7.0 7.0 7.0 7.0 7.0 7.0 7.0 7.0 7.0 7.0 6.0 6.0 6.0 6.0 6.0 6.0 6.0 6.0 6.0 6.0 6.0 7.0 7.0 7.0 7.0 7.0 7.0 7.0 7.0 5.0 5.0 5.0 5.0 5.0 5.0 5.0 5.0 5.0 5.0 7.0 7.0 7.0 7.0 7.0 7.0 7.0 7.0 7.0 6.0 6.0 6.0 6.0 6.0 6.0 6.0 6.0 7.0 7.0 7.0 6.0 6.0 6.0 6.0 6.0 6.0 6.0 5.0 5.0 5.0 5.0 6.0 6.0 6.0 8.0 8.0 8.0 8.0 7.0 7.0 7.0 7.0 7.0 7.0 7.0 7.0 7.0 7.0 7.0 7.0 7.0 7.0 7.0 8.0 8.0 8.0 8.0 8.0 8.0 8.0 8.0 8.0 8.0 8.0 6.0 6.0 7.0 8.0 6.0 6.0 6.0 6.0 6.0 6.0 7.0 6.0 7.0 7.0 8.0 8.0 7.0 7.0 7.0 6.0 6.0 6.0 7.0 6.0 7.0 7.0 7.0 7.0 7.0 7.0 6.0 7.0 7.0 7.0 7.0 7.0 6.0 6.0 7.0 7.0 7.0 7.0 7.0 6.0 6.0 6.0 6.0 6.0 6.0 6.0 6.0 6.0 7.0 7.0 6.0 6.0 6.0 8.0 8.0 8.0 8.0 7.0 7.0 7.0 7.0 7.0 7.0 7.0 7.0 7.0 7.0 7.0 7.0 7.0 7.0 7.0 7.0 7.0 7.0 7.0 7.0 7.0 7.0 7.0 7.0 7.0 7.0 7.0 7.0 7.0 7.0 7.0 7.0 7.0 7.0 7.0 7.0 7.0 7.0 7.0 7.0 7.0 7.0 7.0 6.7491289198606275 0.663581304481387
13 99.0 99.0 99.0 99.0 99.0 99.0 99.0 99.0 88.0 93.0 93.0 93.0 93.0 84.0 84.0 84.0 84.0 84.0 84.0 84.0 99.0 99.0 93.0 93.0 93.0 96.0 96.0 96.0 96.0 95.0 95.0 104.0 104.0 104.0 104.0 104.0 104.0 104.0 99.0 99.0 94.0 94.0 94.0 94.0 99.0 99.0 99.0 99.0 98.0 98.0 85.0 85.0 95.0 95.0 94.0 94.0 96.0 96.0 96.0 96.0 92.0 97.0 97.0 97.0 97.0 97.0 96.0 87.0 91.0 95.0 99.0 112.0 112.0 112.0 104.0 104.0 104.0 99.0 99.0 99.0 93.0 86.0 94.0 96.0 96.0 95.0 95.0 95.0 95.0 94.0 87.0 92.0 96.0 90.0 90.0 88.0 90.0 96.0 90.0 95.0 95.0 94.0 92.0 108.0 108.0 87.0 99.0 94.0 94.0 75.0 90.0 90.0 95.0 95.0 95.0 96.0 99.0 97.0 94.0 94.0 87.0 87.0 96.0 98.0 96.0 98.0 88.0 89.0 80.0 77.0 90.0 90.0 90.0 90.0 84.0 88.0 86.0 94.0 94.0 82.0 84.0 84.0 95.0 95.0 77.0 97.0 79.0 93.0 89.0 91.0 80.0 80.0 94.0 100.0 90.0 90.0 116.0 91.0 94.0 99.0 87.0 90.0 88.0 94.0 94.0 95.0 95.0 101.0 96.0 104.0 102.0 89.0 105.0 104.0 98.0 101.0 94.0 104.0 100.0 102.0 98.0 105.0 108.0 99.0 97.0 89.0 103.0 86.0 90.0 89.0 94.0 111.0 96.0 93.0 88.0 104.0 96.0 104.0 90.0 87.0 92.0 92.0 81.0 81.0 97.0 92.0 83.0 87.0 103.0 103.0 90.0 91.0 91.0 78.0 91.0 81.0 97.0 97.0 91.0 86.0 88.0 91.0 91.0 91.0 96.0 100.0 77.0 77.0 77.0 77.0 88.0 94.0 98.0 100.0 104.0 89.0 82.0 86.0 86.0 97.0 99.0 95.0 95.0 98.0 89.0 99.0 99.0 91.0 97.0 97.0 97.0 96.0 100.0 92.0 96.0 96.0 90.0 95.0 91.0 115.0 82.0 118.0 91.0 90.0 97.0 97.0 105.0 105.0 105.0 94.0 94.0 94.0 92.0 92.0 92.0 99.0 90.0 90.0 102.0 102.0 102.0 102.0 102.0 102.0 95.0 142.0 142.0 94.63763066202091 8.211861110496054
14 624.0 600.0 670.0 670.0 670.0 670.0 603.0 597.0 617.0 581.0 577.0 687.0 687.0 649.0 622.0 630.0 630.0 536.0 536.0 536.0 536.0 620.0 629.0 579.0 636.0 506.0 602.0 625.0 625.0 591.0 592.0 648.0 669.0 727.0 727.0 727.0 727.0 727.0 619.0 623.0 632.0 592.0 713.0 574.0 548.0 597.0 595.0 611.0 611.0 620.0 625.0 735.0 605.0 647.0 592.0 599.0 620.0 600.0 718.0 718.0 718.0 718.0 608.0 646.0 646.0 646.0 592.0 587.0 556.0 581.0 608.0 613.0 630.0 671.0 671.0 671.0 671.0 671.0 671.0 671.0 560.0 560.0 560.0 593.0 608.0 603.0 597.0 600.0 600.0 736.0 589.0 605.0 598.0 632.0 673.0 574.0 552.0 568.0 607.0 577.0 613.0 581.0 604.0 605.0 599.0 599.0 612.0 622.0 593.0 586.0 603.0 583.0 592.0 576.0 599.0 696.0 600.0 612.0 620.0 609.0 559.0 560.0 571.0 610.0 626.0 607.0 570.0 556.0 544.0 503.0 512.0 571.0 578.0 567.0 558.0 535.0 537.0 552.0 565.0 525.0 519.0 520.0 519.0 605.0 589.0 573.0 510.0 507.0 521.0 561.0 570.0 510.0 514.0 589.0 541.0 516.0 550.0 667.0 576.0 559.0 591.0 570.0 563.0 579.0 565.0 664.0 565.0 622.0 562.0 569.0 546.0 548.0 581.0 626.0 671.0 638.0 582.0 581.0 621.0 613.0 676.0 619.0 728.0 676.0 669.0 591.0 606.0 626.0 589.0 564.0 583.0 593.0 619.0 632.0 581.0 554.0 547.0 540.0 615.0 552.0 535.0 555.0 546.0 509.0 519.0 591.0 604.0 541.0 538.0 546.0 640.0 606.0 601.0 469.0 473.0 502.0 526.0 612.0 614.0 516.0 519.0 519.0 567.0 554.0 620.0 594.0 525.0 547.0 567.0 545.0 573.0 521.0 595.0 594.0 588.0 570.0 486.0 549.0 538.0 545.0 592.0 609.0 611.0 579.0 512.0 506.0 644.0 611.0 595.0 601.0 612.0 583.0 610.0 613.0 593.0 594.0 583.0 586.0 601.0 578.0 546.0 509.0 543.0 563.0 586.0 607.0 617.0 622.0 615.0 604.0 595.0 596.0 540.0 525.0 531.0 585.0 601.0 628.0 668.0 638.0 747.0 636.0 636.0 636.0 581.0 570.0 619.0 595.7351916376307 52.40148514431896
15 407.0 406.0 385.0 385.0 385.0 385.0 387.0 387.0 387.0 391.0 383.0 365.0 391.0 391.0 443.0 443.0 411.0 407.0 407.0 407.0 407.0 407.0 407.0 401.0 395.0 377.0 345.0 345.0 399.0 387.0 387.0 387.0 380.0 436.0 430.0 430.0 430.0 430.0 430.0 430.0 405.0 404.0 422.0 385.0 385.0 370.0 370.0 380.0 373.0 370.0 370.0 407.0 390.0 382.0 385.0 443.0 387.0 389.0 385.0 382.0 391.0 391.0 391.0 391.0 395.0 399.0 399.0 399.0 377.0 366.0 366.0 365.0 368.0 397.0 423.0 423.0 423.0 423.0 423.0 423.0 423.0 423.0 423.0 423.0 423.0 385.0 389.0 391.0 388.0 528.0 416.0 416.0 386.0 402.0 391.0 383.0 378.0 356.0 335.0 375.0 372.0 384.0 378.0 384.0 387.0 406.0 407.0 407.0 406.0 403.0 403.0 387.0 369.0 334.0 318.0 385.0 386.0 393.0 387.0 411.0 398.0 386.0 378.0 385.0 385.0 407.0 400.0 401.0 361.0 360.0 351.0 335.0 374.0 373.0 373.0 365.0 360.0 347.0 387.0 405.0 392.0 325.0 322.0 335.0 341.0 386.0 353.0 399.0 350.0 351.0 359.0 367.0 329.0 335.0 384.0 393.0 370.0 384.0 384.0 421.0 397.0 372.0 361.0 377.0 371.0 388.0 382.0 412.0 390.0 378.0 405.0 362.0 364.0 378.0 377.0 459.0 433.0 418.0 393.0 382.0 386.0 410.0 454.0 442.0 461.0 398.0 372.0 373.0 406.0 395.0 341.0 349.0 379.0 370.0 356.0 397.0 362.0 355.0 380.0 401.0 355.0 338.0 364.0 377.0 345.0 325.0 402.0 399.0 350.0 346.0 351.0 341.0 349.0 387.0 395.0 297.0 345.0 351.0 406.0 398.0 398.0 337.0 361.0 365.0 367.0 367.0 403.0 390.0 375.0 376.0 371.0 361.0 416.0 387.0 380.0 391.0 371.0 395.0 346.0 349.0 340.0 385.0 392.0 404.0 389.0 363.0 312.0 411.0 410.0 371.0 382.0 395.0 377.0 395.0 395.0 403.0 366.0 398.0 370.0 372.0 392.0 377.0 333.0 333.0 370.0 368.0 382.0 401.0 405.0 405.0 407.0 407.0 388.0 388.0 343.0 350.0 350.0 380.0 439.0 394.0 403.0 414.0 414.0 414.0 414.0 360.0 407.0 385.5156794425087 28.27844068970104
16 140.0 140.0 140.0 142.0 217.0 217.0 217.0 217.0 217.0 134.0 134.0 142.0 120.0 139.0 139.0 139.0 139.0 146.0 146.0 122.0 122.0 122.0 122.0 122.0 136.0 136.0 131.0 131.0 131.0 138.0 138.0 138.0 134.0 134.0 134.0 149.0 149.0 149.0 149.0 149.0 149.0 142.0 140.0 140.0 133.0 133.0 129.0 129.0 131.0 131.0 131.0 131.0 142.0 121.0 121.0 133.0 124.0 136.0 133.0 131.0 131.0 131.0 131.0 131.0 131.0 137.0 137.0 137.0 137.0 137.0 137.0 125.0 126.0 135.0 141.0 148.0 148.0 148.0 148.0 148.0 148.0 148.0 148.0 148.0 148.0 148.0 136.0 131.0 136.0 134.0 235.0 235.0 235.0 135.0 140.0 136.0 133.0 148.0 122.0 118.0 138.0 132.0 136.0 133.0 133.0 134.0 149.0 190.0 190.0 141.0 140.0 140.0 133.0 127.0 121.0 121.0 139.0 139.0 135.0 133.0 145.0 137.0 130.0 135.0 146.0 146.0 140.0 139.0 137.0 125.0 130.0 118.0 115.0 131.0 130.0 137.0 127.0 127.0 121.0 132.0 139.0 132.0 111.0 138.0 116.0 116.0 139.0 130.0 135.0 105.0 128.0 129.0 132.0 115.0 114.0 138.0 132.0 131.0 131.0 131.0 131.0 137.0 137.0 132.0 135.0 134.0 137.0 136.0 149.0 148.0 140.0 147.0 142.0 153.0 136.0 129.0 158.0 156.0 123.0 123.0 135.0 131.0 133.0 133.0 160.0 130.0 133.0 121.0 149.0 137.0 141.0 116.0 199.0 132.0 129.0 124.0 137.0 125.0 123.0 146.0 136.0 136.0 133.0 133.0 128.0 108.0 108.0 137.0 132.0 124.0 120.0 124.0 117.0 117.0 138.0 134.0 106.0 128.0 123.0 142.0 136.0 136.0 117.0 136.0 129.0 137.0 137.0 120.0 135.0 129.0 123.0 128.0 128.0 145.0 140.0 123.0 132.0 132.0 116.0 126.0 118.0 118.0 125.0 138.0 139.0 136.0 121.0 107.0 137.0 145.0 133.0 130.0 138.0 137.0 137.0 140.0 140.0 128.0 140.0 125.0 126.0 136.0 136.0 116.0 116.0 123.0 123.0 137.0 140.0 140.0 142.0 142.0 142.0 133.0 133.0 121.0 121.0 121.0 139.0 145.0 124.0 124.0 145.0 145.0 145.0 145.0 145.0 136.59930313588853 18.662152704568317
17 470.0 468.0 478.0 471.0 461.0 457.0 457.0 560.0 505.0 500.0 496.0 490.0 455.0 445.0 508.0 524.0 520.0 517.0 523.0 524.0 524.0 524.0 524.0 524.0 510.0 510.0 492.0 481.0 481.0 500.0 492.0 498.0 498.0 492.0 502.0 512.0 548.0 548.0 548.0 548.0 548.0 548.0 516.0 517.0 517.0 490.0 465.0 471.0 472.0 472.0 477.0 481.0 481.0 519.0 499.0 493.0 493.0 498.0 498.0 491.0 474.0 486.0 486.0 486.0 543.0 498.0 505.0 512.0 512.0 512.0 536.0 475.0 465.0 464.0 494.0 519.0 540.0 484.0 455.0 455.0 498.0 427.0 423.0 423.0 423.0 423.0 500.0 494.0 496.0 499.0 555.0 546.0 540.0 506.0 514.0 490.0 495.0 485.0 450.0 472.0 451.0 481.0 478.0 486.0 486.0 490.0 519.0 499.0 497.0 497.0 509.0 507.0 490.0 496.0 472.0 484.0 488.0 506.0 498.0 499.0 524.0 495.0 508.0 484.0 510.0 454.0 468.0 476.0 448.0 486.0 483.0 460.0 448.0 440.0 455.0 426.0 429.0 472.0 452.0 436.0 453.0 487.0 431.0 428.0 439.0 426.0 426.0 502.0 490.0 473.0 457.0 462.0 507.0 461.0 424.0 444.0 484.0 471.0 497.0 502.0 620.0 581.0 548.0 524.0 502.0 509.0 481.0 490.0 500.0 518.0 573.0 559.0 538.0 481.0 490.0 494.0 524.0 581.0 563.0 451.0 456.0 509.0 529.0 515.0 490.0 484.0 465.0 490.0 467.0 509.0 490.0 450.0 444.0 486.0 486.0 483.0 500.0 505.0 455.0 455.0 500.0 487.0 520.0 479.0 460.0 459.0 434.0 8500.0 514.0 442.0 399.0 447.0 462.0 524.0 507.0 502.0 416.0 406.0 456.0 476.0 501.0 489.0 430.0 438.0 438.0 467.0 475.0 466.0 468.0 420.0 455.0 443.0 454.0 560.0 496.0 491.0 486.0 490.0 489.0 466.0 479.0 478.0 439.0 482.0 525.0 506.0 502.0 446.0 451.0 507.0 517.0 502.0 495.0 509.0 506.0 485.0 505.0 511.0 479.0 501.0 483.0 492.0 498.0 508.0 455.0 425.0 475.0 471.0 506.0 522.0 509.0 513.0 515.0 486.0 505.0 478.0 453.0 453.0 490.0 465.0 512.0 523.0 523.0 514.0 517.0 517.0 517.0 516.3728222996516 474.0933825130931
18 284.0 271.0 271.0 313.0 274.0 269.0 246.0 246.0 317.0 289.0 289.0 285.0 286.0 243.0 260.0 290.0 290.0 298.0 275.0 304.0 304.0 304.0 304.0 304.0 304.0 304.0 291.0 291.0 275.0 275.0 275.0 275.0 281.0 281.0 285.0 280.0 279.0 314.0 314.0 314.0 314.0 314.0 281.0 281.0 297.0 297.0 282.0 279.0 272.0 273.0 273.0 273.0 273.0 273.0 298.0 293.0 273.0 283.0 281.0 284.0 283.0 281.0 281.0 286.0 261.0 261.0 281.0 288.0 289.0 289.0 281.0 281.0 281.0 269.0 262.0 275.0 296.0 311.0 270.0 261.0 261.0 270.0 270.0 270.0 270.0 270.0 270.0 289.0 275.0 282.0 287.0 291.0 313.0 307.0 285.0 285.0 292.0 290.0 283.0 240.0 277.0 269.0 292.0 263.0 269.0 278.0 281.0 285.0 284.0 284.0 306.0 282.0 291.0 269.0 283.0 270.0 263.0 278.0 285.0 300.0 245.0 283.0 346.0 292.0 280.0 254.0 245.0 306.0 286.0 291.0 267.0 261.0 266.0 259.0 257.0 249.0 240.0 273.0 271.0 270.0 263.0 282.0 298.0 300.0 243.0 248.0 261.0 299.0 290.0 283.0 265.0 242.0 279.0 299.0 307.0 332.0 289.0 284.0 263.0 292.0 311.0 288.0 282.0 307.0 303.0 334.0 330.0 298.0 276.0 261.0 298.0 310.0 265.0 290.0 302.0 293.0 312.0 300.0 278.0 320.0 258.0 259.0 283.0 289.0 285.0 335.0 265.0 291.0 276.0 272.0 285.0 294.0 277.0 253.0 289.0 290.0 287.0 255.0 255.0 259.0 261.0 296.0 276.0 262.0 250.0 263.0 258.0 252.0 285.0 263.0 275.0 231.0 257.0 264.0 292.0 297.0 282.0 289.0 229.0 256.0 272.0 279.0 285.0 289.0 250.0 292.0 272.0 278.0 286.0 417.0 281.0 244.0 261.0 278.0 449.0 449.0 286.0 282.0 260.0 291.0 236.0 258.0 264.0 256.0 270.0 284.0 291.0 278.0 252.0 230.0 230.0 280.0 296.0 284.0 290.0 288.0 281.0 282.0 281.0 269.0 305.0 275.0 265.0 287.0 287.0 257.0 257.0 268.0 271.0 276.0 291.0 284.0 299.0 296.0 282.0 281.0 278.0 255.0 255.0 268.0 263.0 294.0 326.0 326.0 286.0 296.0 296.0 281.81881533101046 25.277521067520155
19 349.0 352.0 346.0 352.0 341.0 355.0 319.0 315.0 315.0 389.0 392.0 392.0 372.0 369.0 369.0 388.0 383.0 334.0 323.0 362.0 400.0 397.0 397.0 397.0 397.0 397.0 397.0 379.0 384.0 363.0 362.0 362.0 362.0 369.0 362.0 377.0 371.0 366.0 369.0 509.0 392.0 392.0 392.0 392.0 392.0 388.0 388.0 373.0 366.0 343.0 343.0 343.0 343.0 343.0 362.0 392.0 394.0 370.0 375.0 375.0 372.0 372.0 364.0 399.0 382.0 382.0 340.0 374.0 378.0 382.0 382.0 380.0 377.0 369.0 372.0 334.0 361.0 373.0 379.0 378.0 343.0 374.0 373.0 343.0 334.0 334.0 334.0 334.0 368.0 367.0 373.0 374.0 372.0 401.0 408.0 394.0 384.0 390.0 372.0 353.0 328.0 367.0 378.0 382.0 361.0 352.0 366.0 370.0 373.0 373.0 414.0 371.0 360.0 389.0 358.0 375.0 357.0 352.0 359.0 376.0 388.0 379.0 382.0 385.0 431.0 379.0 329.0 327.0 365.0 377.0 379.0 364.0 343.0 350.0 340.0 355.0 331.0 342.0 367.0 367.0 356.0 354.0 371.0 362.0 364.0 339.0 354.0 336.0 390.0 348.0 352.0 334.0 318.0 346.0 393.0 388.0 352.0 360.0 399.0 371.0 371.0 385.0 389.0 384.0 378.0 450.0 396.0 381.0 375.0 366.0 382.0 390.0 427.0 431.0 350.0 381.0 367.0 373.0 359.0 371.0 350.0 355.0 337.0 409.0 375.0 364.0 370.0 379.0 368.0 365.0 367.0 334.0 378.0 344.0 350.0 373.0 364.0 364.0 332.0 332.0 340.0 346.0 357.0 344.0 334.0 325.0 353.0 339.0 329.0 304.0 397.0 308.0 322.0 340.0 350.0 384.0 389.0 395.0 317.0 311.0 377.0 370.0 361.0 368.0 383.0 335.0 325.0 362.0 370.0 386.0 392.0 371.0 346.0 342.0 414.0 352.0 352.0 376.0 378.0 336.0 372.0 342.0 333.0 338.0 341.0 360.0 382.0 384.0 361.0 344.0 362.0 367.0 383.0 374.0 362.0 393.0 381.0 374.0 377.0 379.0 378.0 388.0 379.0 357.0 379.0 383.0 383.0 320.0 359.0 352.0 369.0 383.0 354.0 362.0 389.0 371.0 371.0 356.0 341.0 341.0 341.0 359.0 369.0 410.0 392.0 380.0 388.0 366.73867595818814 24.42953336309734
20 8.0 8.0 8.0 8.0 8.0 7.0 7.0 7.0 7.0 7.0 7.0 7.0 7.0 7.0 7.0 7.0 7.0 7.0 7.0 7.0 7.0 7.0 7.0 7.0 7.0 7.0 7.0 7.0 7.0 7.0 8.0 8.0 8.0 8.0 8.0 8.0 8.0 8.0 8.0 8.0 8.0 8.0 8.0 8.0 8.0 8.0 8.0 8.0 8.0 8.0 8.0 8.0 8.0 8.0 8.0 8.0 9.0 8.0 8.0 8.0 8.0 8.0 8.0 8.0 8.0 8.0 8.0 8.0 8.0 8.0 8.0 8.0 8.0 8.0 8.0 8.0 7.0 8.0 8.0 8.0 8.0 8.0 8.0 8.0 8.0 8.0 8.0 8.0 8.0 8.0 8.0 8.0 8.0 8.0 9.0 9.0 9.0 9.0 9.0 9.0 9.0 9.0 8.0 8.0 8.0 7.0 7.0 7.0 7.0 8.0 8.0 8.0 8.0 8.0 8.0 8.0 8.0 8.0 8.0 8.0 8.0 8.0 9.0 8.0 8.0 8.0 8.0 7.0 7.0 7.0 8.0 8.0 7.0 8.0 8.0 8.0 8.0 8.0 7.0 7.0 7.0 7.0 7.0 7.0 8.0 8.0 8.0 7.0 7.0 7.0 7.0 7.0 7.0 7.0 9.0 9.0 9.0 8.0 8.0 9.0 9.0 8.0 8.0 9.0 9.0 8.0 8.0 8.0 9.0 9.0 9.0 9.0 9.0 8.0 8.0 8.0 8.0 8.0 8.0 8.0 8.0 8.0 7.0 8.0 9.0 8.0 8.0 8.0 9.0 7.0 8.0 8.0 7.0 8.0 7.0 7.0 7.0 8.0 8.0 7.0 9.0 8.0 8.0 8.0 7.0 7.0 7.0 7.0 7.0 7.0 7.0 7.0 7.0 7.0 8.0 8.0 8.0 8.0 8.0 7.0 7.0 7.0 8.0 8.0 8.0 8.0 7.0 9.0 8.0 9.0 9.0 9.0 9.0 7.0 8.0 8.0 8.0 8.0 9.0 9.0 9.0 8.0 8.0 8.0 7.0 7.0 7.0 7.0 7.0 8.0 6.0 6.0 6.0 6.0 6.0 6.0 6.0 6.0 6.0 9.0 9.0 9.0 9.0 9.0 9.0 8.0 8.0 8.0 8.0 8.0 8.0 8.0 8.0 9.0 9.0 9.0 9.0 8.0 8.0 8.0 8.0 8.0 8.0 8.0 8.0 8.0 8.0 7.829268292682927 0.7111355696326295
21 182.0 186.0 186.0 193.0 193.0 195.0 183.0 169.0 164.0 164.0 205.0 274.0 274.0 197.0 199.0 199.0 205.0 206.0 165.0 165.0 191.0 207.0 232.0 232.0 232.0 232.0 232.0 232.0 198.0 193.0 191.0 191.0 191.0 191.0 191.0 191.0 195.0 193.0 193.0 193.0 193.0 208.0 208.0 208.0 208.0 208.0 222.0 222.0 199.0 194.0 193.0 191.0 191.0 191.0 191.0 191.0 205.0 202.0 223.0 197.0 199.0 197.0 197.0 195.0 202.0 202.0 181.0 181.0 197.0 214.0 265.0 265.0 199.0 199.0 197.0 231.0 176.0 199.0 191.0 200.0 198.0 198.0 198.0 197.0 199.0 199.0 199.0 199.0 199.0 191.0 194.0 197.0 196.0 196.0 210.0 207.0 225.0 199.0 204.0 200.0 187.0 165.0 189.0 198.0 202.0 186.0 190.0 194.0 195.0 196.0 197.0 200.0 186.0 203.0 201.0 186.0 198.0 195.0 199.0 199.0 200.0 201.0 203.0 197.0 201.0 209.0 193.0 169.0 189.0 193.0 190.0 190.0 182.0 176.0 184.0 199.0 188.0 192.0 178.0 203.0 196.0 177.0 180.0 197.0 189.0 193.0 170.0 178.0 173.0 188.0 195.0 209.0 192.0 172.0 209.0 196.0 207.0 190.0 224.0 235.0 218.0 210.0 205.0 209.0 207.0 201.0 193.0 200.0 219.0 203.0 184.0 207.0 207.0 219.0 207.0 188.0 189.0 193.0 205.0 198.0 216.0 196.0 176.0 176.0 203.0 198.0 201.0 200.0 210.0 195.0 180.0 191.0 173.0 187.0 177.0 176.0 199.0 191.0 197.0 167.0 190.0 179.0 202.0 200.0 180.0 179.0 195.0 185.0 180.0 171.0 200.0 181.0 189.0 160.0 184.0 178.0 198.0 209.0 208.0 160.0 171.0 194.0 197.0 193.0 208.0 208.0 171.0 174.0 181.0 205.0 199.0 199.0 199.0 180.0 191.0 202.0 202.0 202.0 194.0 174.0 172.0 197.0 172.0 176.0 179.0 197.0 189.0 202.0 204.0 211.0 176.0 188.0 188.0 198.0 205.0 187.0 205.0 204.0 203.0 195.0 203.0 194.0 206.0 204.0 211.0 200.0 201.0 207.0 173.0 186.0 186.0 186.0 202.0 202.0 210.0 205.0 197.0 195.0 191.0 186.0 186.0 182.0 200.0 190.0 208.0 208.0 205.0 196.27177700348432 16.02258037259456
22 118.0 112.0 112.0 112.0 112.0 178.0 178.0 178.0 100.0 100.0 100.0 100.0 100.0 100.0 120.0 120.0 120.0 126.0 109.0 99.0 99.0 99.0 99.0 99.0 99.0 99.0 99.0 99.0 99.0 124.0 118.0 118.0 118.0 118.0 118.0 118.0 118.0 121.0 120.0 122.0 122.0 127.0 127.0 127.0 127.0 127.0 127.0 127.0 127.0 120.0 120.0 112.0 112.0 112.0 112.0 112.0 112.0 127.0 127.0 122.0 120.0 122.0 122.0 122.0 118.0 118.0 118.0 118.0 118.0 118.0 124.0 124.0 137.0 123.0 117.0 109.0 107.0 105.0 125.0 118.0 124.0 122.0 122.0 122.0 122.0 122.0 122.0 122.0 122.0 122.0 117.0 120.0 122.0 122.0 119.0 101.0 125.0 162.0 162.0 118.0 115.0 122.0 120.0 122.0 124.0 117.0 117.0 120.0 120.0 120.0 121.0 121.0 114.0 114.0 114.0 121.0 121.0 120.0 124.0 117.0 120.0 126.0 121.0 122.0 123.0 123.0 127.0 117.0 124.0 115.0 115.0 118.0 121.0 109.0 118.0 113.0 109.0 120.0 120.0 116.0 119.0 114.0 104.0 116.0 120.0 115.0 99.0 99.0 106.0 129.0 125.0 120.0 117.0 108.0 118.0 126.0 118.0 137.0 135.0 147.0 116.0 123.0 122.0 122.0 122.0 122.0 119.0 123.0 123.0 118.0 117.0 112.0 112.0 112.0 120.0 113.0 108.0 114.0 123.0 121.0 120.0 119.0 124.0 110.0 112.0 131.0 122.0 124.0 113.0 112.0 115.0 110.0 107.0 122.0 119.0 103.0 118.0 119.0 118.0 108.0 103.0 105.0 124.0 105.0 105.0 108.0 109.0 106.0 117.0 110.0 99.0 99.0 112.0 94.0 105.0 108.0 126.0 121.0 125.0 126.0 126.0 125.0 121.0 116.0 123.0 125.0 100.0 111.0 111.0 100.0 126.0 126.0 118.0 120.0 106.0 126.0 121.0 121.0 107.0 128.0 104.0 104.0 111.0 111.0 116.0 105.0 111.0 111.0 111.0 124.0 115.0 94.0 120.0 120.0 124.0 114.0 114.0 124.0 126.0 126.0 122.0 120.0 120.0 126.0 126.0 126.0 121.0 121.0 114.0 114.0 115.0 116.0 126.0 141.0 134.0 126.0 115.0 120.0 120.0 108.0 108.0 108.0 108.0 110.0 110.0 134.0 134.0 117.8048780487805 11.304908453517811
23 219.0 213.0 245.0 233.0 233.0 233.0 241.0 243.0 200.0 216.0 216.0 216.0 235.0 235.0 229.0 229.0 229.0 241.0 236.0 201.0 201.0 224.0 224.0 224.0 224.0 248.0 248.0 248.0 248.0 236.0 241.0 224.0 233.0 233.0 233.0 233.0 233.0 233.0 230.0 229.0 229.0 229.0 244.0 244.0 244.0 244.0 244.0 244.0 244.0 229.0 231.0 224.0 224.0 224.0 224.0 224.0 224.0 224.0 243.0 243.0 229.0 229.0 230.0 229.0 224.0 210.0 351.0 351.0 351.0 228.0 240.0 237.0 237.0 248.0 233.0 218.0 231.0 203.0 226.0 221.0 234.0 229.0 226.0 230.0 230.0 307.0 307.0 241.0 241.0 241.0 224.0 225.0 233.0 233.0 230.0 225.0 245.0 240.0 248.0 229.0 219.0 229.0 229.0 228.0 232.0 238.0 238.0 224.0 229.0 230.0 231.0 232.0 232.0 217.0 232.0 263.0 224.0 260.0 224.0 239.0 236.0 232.0 235.0 233.0 232.0 236.0 241.0 237.0 224.0 245.0 219.0 226.0 232.0 220.0 218.0 221.0 202.0 206.0 226.0 237.0 238.0 219.0 229.0 210.0 247.0 218.0 221.0 194.0 210.0 220.0 238.0 240.0 243.0 233.0 210.0 244.0 235.0 270.0 235.0 234.0 271.0 217.0 215.0 236.0 236.0 236.0 225.0 233.0 217.0 226.0 240.0 213.0 213.0 213.0 212.0 218.0 247.0 212.0 277.0 243.0 224.0 233.0 229.0 230.0 194.0 204.0 246.0 238.0 247.0 206.0 217.0 209.0 220.0 204.0 234.0 204.0 213.0 224.0 224.0 224.0 197.0 203.0 237.0 215.0 197.0 233.0 203.0 217.0 218.0 214.0 209.0 230.0 224.0 192.0 191.0 207.0 209.0 236.0 252.0 267.0 226.0 222.0 229.0 229.0 234.0 239.0 235.0 206.0 201.0 190.0 230.0 239.0 239.0 228.0 201.0 212.0 238.0 238.0 208.0 226.0 232.0 232.0 212.0 238.0 235.0 215.0 202.0 270.0 270.0 240.0 232.0 207.0 228.0 228.0 237.0 241.0 223.0 240.0 266.0 240.0 229.0 235.0 232.0 240.0 243.0 243.0 230.0 232.0 232.0 198.0 220.0 221.0 222.0 222.0 229.0 253.0 240.0 215.0 229.0 229.0 204.0 204.0 214.0 224.0 240.0 220.0 220.0 230.18466898954705 20.267374704806095
24 36.0 36.0 36.0 39.0 51.0 51.0 58.0 42.0 44.0 44.0 44.0 37.0 37.0 37.0 37.0 41.0 41.0 41.0 54.0 37.0 37.0 37.0 110.0 110.0 110.0 42.0 57.0 57.0 57.0 57.0 43.0 43.0 39.0 39.0 39.0 39.0 39.0 39.0 40.0 46.0 42.0 42.0 42.0 42.0 42.0 51.0 51.0 51.0 51.0 51.0 51.0 51.0 51.0 51.0 51.0 51.0 51.0 51.0 43.0 43.0 46.0 46.0 46.0 41.0 41.0 42.0 42.0 42.0 42.0 42.0 42.0 42.0 42.0 51.0 41.0 41.0 37.0 37.0 37.0 40.0 43.0 42.0 40.0 42.0 40.0 40.0 40.0 68.0 68.0 68.0 68.0 46.0 41.0 41.0 40.0 42.0 43.0 42.0 68.0 68.0 38.0 42.0 42.0 40.0 43.0 49.0 41.0 40.0 40.0 41.0 41.0 41.0 41.0 38.0 41.0 41.0 41.0 51.0 43.0 39.0 44.0 46.0 42.0 42.0 46.0 41.0 54.0 47.0 52.0 41.0 44.0 44.0 45.0 45.0 43.0 41.0 41.0 38.0 45.0 40.0 40.0 52.0 43.0 37.0 36.0 42.0 39.0 38.0 43.0 41.0 42.0 48.0 49.0 45.0 45.0 45.0 45.0 45.0 45.0 46.0 50.0 54.0 45.0 43.0 43.0 49.0 47.0 47.0 39.0 39.0 49.0 42.0 42.0 42.0 60.0 39.0 39.0 40.0 42.0 48.0 39.0 39.0 39.0 39.0 37.0 36.0 46.0 42.0 44.0 37.0 36.0 53.0 41.0 41.0 41.0 39.0 36.0 52.0 42.0 45.0 36.0 40.0 48.0 43.0 37.0 46.0 38.0 41.0 49.0 49.0 40.0 51.0 51.0 51.0 33.0 39.0 36.0 42.0 42.0 44.0 44.0 44.0 42.0 42.0 47.0 62.0 41.0 36.0 35.0 35.0 63.0 44.0 44.0 40.0 41.0 40.0 40.0 40.0 40.0 40.0 37.0 37.0 37.0 50.0 50.0 42.0 39.0 70.0 52.0 52.0 44.0 44.0 39.0 43.0 43.0 43.0 43.0 43.0 43.0 42.0 42.0 42.0 43.0 43.0 42.0 59.0 59.0 59.0 59.0 59.0 59.0 40.0 40.0 40.0 40.0 49.0 49.0 49.0 56.0 44.0 44.0 44.0 44.0 44.0 45.0 45.0 45.0 44.97560975609756 9.475922611001787
25 109.0 124.0 111.0 111.0 111.0 129.0 129.0 128.0 121.0 121.0 121.0 103.0 103.0 103.0 103.0 120.0 120.0 120.0 126.0 118.0 101.0 101.0 163.0 139.0 139.0 139.0 129.0 132.0 132.0 132.0 124.0 128.0 119.0 119.0 119.0 119.0 119.0 119.0 121.0 126.0 121.0 121.0 121.0 128.0 128.0 127.0 127.0 127.0 127.0 127.0 122.0 122.0 109.0 109.0 109.0 109.0 109.0 109.0 109.0 128.0 128.0 121.0 121.0 124.0 124.0 119.0 119.0 119.0 119.0 119.0 119.0 119.0 119.0 125.0 125.0 125.0 109.0 109.0 115.0 117.0 116.0 125.0 122.0 122.0 115.0 115.0 115.0 115.0 121.0 121.0 121.0 122.0 125.0 125.0 124.0 121.0 127.0 129.0 129.0 129.0 127.0 116.0 123.0 107.0 125.0 123.0 123.0 123.0 121.0 123.0 114.0 121.0 121.0 121.0 114.0 123.0 109.0 123.0 125.0 117.0 117.0 124.0 124.0 124.0 124.0 117.0 116.0 129.0 119.0 107.0 114.0 106.0 130.0 125.0 121.0 125.0 114.0 109.0 131.0 115.0 117.0 136.0 111.0 102.0 115.0 129.0 110.0 106.0 108.0 113.0 114.0 114.0 124.0 138.0 153.0 153.0 136.0 136.0 136.0 123.0 119.0 126.0 119.0 119.0 129.0 129.0 130.0 120.0 117.0 129.0 118.0 120.0 113.0 113.0 121.0 118.0 112.0 126.0 115.0 126.0 106.0 121.0 114.0 122.0 122.0 108.0 125.0 131.0 116.0 105.0 107.0 105.0 111.0 119.0 119.0 108.0 109.0 98.0 123.0 124.0 119.0 108.0 103.0 126.0 110.0 123.0 120.0 112.0 110.0 119.0 111.0 109.0 109.0 109.0 99.0 101.0 109.0 119.0 119.0 130.0 124.0 119.0 121.0 121.0 125.0 121.0 125.0 125.0 106.0 106.0 124.0 126.0 126.0 123.0 119.0 109.0 109.0 128.0 128.0 128.0 123.0 123.0 123.0 122.0 123.0 124.0 121.0 118.0 133.0 133.0 123.0 128.0 128.0 122.0 122.0 124.0 124.0 124.0 109.0 127.0 124.0 122.0 128.0 126.0 128.0 114.0 114.0 121.0 121.0 107.0 107.0 116.0 118.0 118.0 118.0 143.0 127.0 127.0 127.0 121.0 118.0 123.0 123.0 123.0 126.0 126.0 131.0 120.20557491289199 8.922916022811025
26 189.0 198.0 198.0 198.0 198.0 219.0 219.0 218.0 221.0 211.0 211.0 211.0 211.0 211.0 211.0 203.0 207.0 269.0 223.0 217.0 185.0 185.0 185.0 239.0 239.0 239.0 218.0 226.0 226.0 226.0 211.0 218.0 219.0 206.0 206.0 206.0 206.0 206.0 206.0 209.0 218.0 214.0 214.0 223.0 232.0 232.0 229.0 229.0 229.0 229.0 211.0 207.0 207.0 207.0 207.0 207.0 207.0 207.0 207.0 219.0 220.0 208.0 220.0 220.0 223.0 209.0 209.0 209.0 209.0 209.0 207.0 207.0 207.0 213.0 223.0 207.0 203.0 190.0 190.0 202.0 196.0 204.0 212.0 207.0 199.0 202.0 202.0 202.0 204.0 219.0 219.0 215.0 210.0 214.0 209.0 207.0 206.0 221.0 224.0 263.0 203.0 206.0 346.0 251.0 217.0 210.0 207.0 207.0 207.0 209.0 214.0 211.0 227.0 219.0 198.0 200.0 204.0 217.0 215.0 212.0 199.0 200.0 212.0 242.0 211.0 216.0 203.0 225.0 235.0 184.0 197.0 183.0 183.0 227.0 217.0 219.0 196.0 197.0 198.0 219.0 200.0 218.0 228.0 190.0 210.0 199.0 197.0 203.0 193.0 214.0 200.0 228.0 228.0 241.0 247.0 305.0 218.0 221.0 221.0 221.0 243.0 212.0 220.0 202.0 213.0 221.0 228.0 226.0 211.0 214.0 197.0 204.0 206.0 206.0 198.0 209.0 212.0 219.0 204.0 237.0 191.0 200.0 200.0 206.0 196.0 201.0 204.0 222.0 215.0 186.0 187.0 202.0 181.0 200.0 201.0 201.0 184.0 181.0 212.0 214.0 207.0 182.0 188.0 218.0 200.0 183.0 226.0 189.0 190.0 212.0 189.0 204.0 205.0 201.0 213.0 176.0 185.0 187.0 209.0 213.0 221.0 213.0 197.0 212.0 204.0 210.0 212.0 214.0 180.0 182.0 208.0 212.0 222.0 209.0 207.0 185.0 206.0 219.0 218.0 218.0 211.0 195.0 195.0 193.0 212.0 212.0 214.0 214.0 205.0 227.0 209.0 224.0 224.0 209.0 214.0 207.0 218.0 201.0 172.0 239.0 246.0 207.0 216.0 221.0 214.0 208.0 197.0 207.0 210.0 210.0 207.0 207.0 207.0 198.0 198.0 198.0 218.0 226.0 205.0 213.0 209.0 191.0 194.0 197.0 207.0 215.0 218.0 210.50522648083626 17.153945310664092
27 645.0 590.0 591.0 589.0 586.0 586.0 643.0 668.0 646.0 624.0 651.0 692.0 652.0 646.0 630.0 609.0 619.0 614.0 613.0 641.0 613.0 533.0 531.0 626.0 672.0 697.0 697.0 651.0 646.0 615.0 665.0 622.0 632.0 619.0 603.0 699.0 602.0 602.0 602.0 626.0 623.0 634.0 602.0 602.0 656.0 652.0 655.0 646.0 646.0 646.0 646.0 619.0 633.0 555.0 602.0 602.0 602.0 602.0 603.0 605.0 645.0 640.0 617.0 617.0 619.0 616.0 613.0 619.0 621.0 558.0 560.0 644.0 644.0 644.0 636.0 636.0 637.0 560.0 577.0 570.0 601.0 583.0 593.0 622.0 622.0 584.0 580.0 575.0 575.0 610.0 613.0 613.0 690.0 606.0 601.0 703.0 577.0 578.0 632.0 645.0 689.0 622.0 629.0 597.0 608.0 700.0 565.0 570.0 568.0 707.0 652.0 616.0 635.0 630.0 639.0 597.0 591.0 596.0 604.0 658.0 626.0 638.0 605.0 616.0 608.0 618.0 650.0 622.0 640.0 583.0 593.0 610.0 583.0 566.0 663.0 659.0 623.0 647.0 647.0 636.0 614.0 627.0 592.0 624.0 658.0 566.0 575.0 575.0 638.0 676.0 690.0 722.0 668.0 618.0 608.0 654.0 663.0 659.0 644.0 617.0 594.0 727.0 587.0 691.0 632.0 631.0 612.0 601.0 607.0 641.0 572.0 566.0 615.0 605.0 587.0 622.0 578.0 675.0 684.0 638.0 592.0 579.0 562.0 608.0 617.0 610.0 583.0 582.0 572.0 612.0 565.0 557.0 539.0 533.0 561.0 562.0 538.0 561.0 539.0 571.0 606.0 561.0 577.0 581.0 548.0 582.0 578.0 530.0 536.0 560.0 564.0 564.0 551.0 572.0 586.0 626.0 532.0 577.0 581.0 574.0 579.0 530.0 514.0 512.0 564.0 616.0 622.0 610.0 615.0 545.0 538.0 545.0 621.0 624.0 618.0 609.0 576.0 550.0 561.0 570.0 559.0 543.0 554.0 631.0 603.0 620.0 626.0 623.0 617.0 593.0 629.0 633.0 578.0 570.0 566.0 624.0 620.0 618.0 603.0 521.0 535.0 649.0 593.0 621.0 676.0 596.0 615.0 602.0 613.0 608.0 673.0 618.0 626.0 640.0 604.0 611.0 638.0 627.0 629.0 638.0 619.0 616.0 564.0 584.0 649.0 625.0 632.0 609.8745644599303 39.62452639502359
28 7.0 7.0 7.0 7.0 7.0 7.0 7.0 7.0 7.0 7.0 7.0 7.0 7.0 7.0 7.0 7.0 7.0 7.0 7.0 7.0 7.0 8.0 7.0 7.0 7.0 7.0 7.0 7.0 7.0 7.0 7.0 7.0 7.0 7.0 7.0 8.0 8.0 8.0 8.0 8.0 8.0 8.0 8.0 8.0 8.0 8.0 8.0 8.0 8.0 8.0 8.0 8.0 8.0 7.0 7.0 7.0 7.0 7.0 7.0 7.0 7.0 7.0 7.0 7.0 7.0 7.0 7.0 7.0 7.0 7.0 7.0 7.0 7.0 7.0 7.0 7.0 7.0 7.0 7.0 7.0 7.0 7.0 7.0 7.0 7.0 7.0 7.0 7.0 7.0 7.0 7.0 7.0 7.0 7.0 7.0 7.0 7.0 7.0 7.0 7.0 9.0 9.0 9.0 9.0 9.0 9.0 9.0 9.0 7.0 7.0 7.0 7.0 7.0 7.0 7.0 7.0 7.0 7.0 8.0 8.0 8.0 8.0 9.0 9.0 9.0 9.0 9.0 9.0 7.0 7.0 7.0 7.0 8.0 7.0 7.0 7.0 7.0 7.0 7.0 7.0 7.0 7.0 8.0 8.0 8.0 8.0 9.0 7.0 7.0 8.0 7.0 7.0 7.0 7.0 7.0 8.0 7.0 9.0 9.0 9.0 9.0 9.0 9.0 7.0 8.0 8.0 8.0 7.0 7.0 7.0 7.0 7.0 7.0 7.0 7.0 7.0 7.0 7.0 7.0 7.0 7.0 7.0 7.0 8.0 8.0 8.0 7.0 7.0 7.0 7.0 8.0 7.0 7.0 7.0 6.0 8.0 6.0 6.0 7.0 6.0 6.0 6.0 7.0 7.0 7.0 7.0 7.0 7.0 6.0 7.0 7.0 7.0 7.0 7.0 7.0 7.0 7.0 7.0 7.0 7.0 7.0 7.0 6.0 6.0 6.0 8.0 7.0 7.0 7.0 7.0 7.0 7.0 7.0 7.0 8.0 8.0 7.0 6.0 6.0 7.0 7.0 7.0 7.0 7.0 7.0 7.0 8.0 8.0 8.0 8.0 8.0 8.0 8.0 8.0 6.0 6.0 6.0 6.0 6.0 6.0 6.0 6.0 6.0 6.0 6.0 6.0 6.0 6.0 6.0 6.0 6.0 6.0 6.0 6.0 6.0 7.0 7.0 7.0 7.0 7.0 7.0 7.0 7.0 7.0 7.0 7.0 7.0 7.202090592334495 0.7344631873569393
29 189.0 195.0 195.0 168.0 190.0 181.0 181.0 181.0 195.0 195.0 193.0 197.0 197.0 195.0 196.0 196.0 179.0 179.0 186.0 190.0 201.0 188.0 172.0 161.0 161.0 190.0 206.0 206.0 206.0 193.0 202.0 202.0 202.0 190.0 195.0 183.0 183.0 196.0 196.0 196.0 196.0 190.0 191.0 186.0 174.0 174.0 200.0 201.0 195.0 196.0 196.0 196.0 196.0 163.0 170.0 170.0 170.0 170.0 170.0 170.0 181.0 181.0 195.0 195.0 187.0 187.0 190.0 190.0 188.0 186.0 186.0 171.0 171.0 171.0 171.0 190.0 191.0 193.0 193.0 168.0 168.0 186.0 183.0 173.0 196.0 191.0 186.0 176.0 176.0 176.0 176.0 186.0 186.0 186.0 182.0 182.0 182.0 192.0 173.0 169.0 206.0 196.0 195.0 181.0 177.0 190.0 190.0 190.0 168.0 197.0 195.0 218.0 190.0 187.0 190.0 193.0 187.0 178.0 192.0 189.0 189.0 195.0 207.0 190.0 195.0 189.0 186.0 190.0 186.0 192.0 176.0 186.0 193.0 177.0 166.0 166.0 196.0 189.0 196.0 199.0 184.0 194.0 181.0 205.0 195.0 208.0 199.0 177.0 195.0 178.0 179.0 186.0 181.0 183.0 202.0 183.0 178.0 207.0 202.0 197.0 195.0 195.0 195.0 171.0 186.0 204.0 181.0 170.0 192.0 175.0 193.0 176.0 171.0 177.0 190.0 186.0 186.0 186.0 177.0 204.0 200.0 167.0 195.0 165.0 186.0 185.0 186.0 182.0 174.0 174.0 195.0 162.0 163.0 171.0 158.0 177.0 165.0 165.0 182.0 164.0 164.0 188.0 173.0 179.0 161.0 159.0 191.0 183.0 159.0 172.0 167.0 168.0 170.0 157.0 178.0 178.0 178.0 163.0 171.0 175.0 184.0 187.0 157.0 175.0 152.0 197.0 170.0 186.0 185.0 188.0 165.0 163.0 179.0 190.0 188.0 187.0 188.0 187.0 161.0 159.0 185.0 168.0 163.0 159.0 175.0 175.0 183.0 188.0 191.0 189.0 172.0 201.0 191.0 187.0 171.0 190.0 189.0 189.0 187.0 194.0 149.0 134.0 179.0 164.0 187.0 191.0 183.0 195.0 184.0 195.0 190.0 186.0 182.0 192.0 188.0 185.0 181.0 181.0 181.0 191.0 193.0 191.0 191.0 167.0 171.0 191.0 184.0 183.7560975609756 12.426697915430214
30 321.0 324.0 374.0 350.0 316.0 336.0 327.0 327.0 365.0 367.0 310.0 365.0 367.0 367.0 369.0 367.0 361.0 340.0 340.0 347.0 348.0 348.0 336.0 304.0 286.0 286.0 286.0 386.0 389.0 349.0 340.0 375.0 377.0 377.0 367.0 359.0 342.0 342.0 367.0 365.0 365.0 365.0 353.0 365.0 345.0 341.0 365.0 390.0 397.0 404.0 360.0 360.0 360.0 360.0 329.0 326.0 344.0 344.0 344.0 344.0 338.0 339.0 365.0 366.0 369.0 367.0 352.0 361.0 348.0 349.0 348.0 317.0 495.0 892.0 511.0 786.0 354.0 360.0 365.0 341.0 315.0 336.0 335.0 350.0 369.0 361.0 397.0 327.0 331.0 341.0 341.0 341.0 282.0 282.0 282.0 341.0 345.0 348.0 358.0 325.0 332.0 377.0 382.0 367.0 339.0 342.0 357.0 306.0 313.0 315.0 370.0 368.0 382.0 361.0 350.0 363.0 365.0 349.0 354.0 371.0 357.0 362.0 366.0 357.0 371.0 365.0 376.0 372.0 385.0 380.0 375.0 357.0 347.0 362.0 374.0 367.0 386.0 365.0 361.0 375.0 382.0 375.0 393.0 455.0 441.0 365.0 327.0 313.0 347.0 340.0 326.0 348.0 337.0 346.0 375.0 359.0 355.0 357.0 396.0 358.0 352.0 366.0 366.0 333.0 306.0 362.0 359.0 396.0 416.0 384.0 443.0 382.0 321.0 306.0 328.0 336.0 346.0 346.0 346.0 338.0 379.0 333.0 327.0 330.0 307.0 346.0 346.0 367.0 371.0 595.0 2065.0 480.0 475.0 577.0 416.0 312.0 329.0 318.0 363.0 309.0 298.0 305.0 332.0 309.0 312.0 298.0 306.0 339.0 312.0 297.0 314.0 315.0 341.0 293.0 315.0 325.0 300.0 365.0 305.0 305.0 338.0 339.0 349.0 321.0 293.0 273.0 326.0 324.0 355.0 355.0 361.0 309.0 307.0 333.0 357.0 350.0 341.0 346.0 313.0 314.0 304.0 348.0 311.0 310.0 306.0 361.0 349.0 354.0 357.0 359.0 357.0 339.0 365.0 361.0 339.0 325.0 336.0 351.0 354.0 357.0 355.0 294.0 316.0 328.0 314.0 354.0 345.0 354.0 365.0 368.0 360.0 343.0 350.0 312.0 374.0 361.0 344.0 338.0 361.0 369.0 360.0 368.0 362.0 348.0 319.0 326.0 354.0 360.03484320557493 115.33153262690013
31 590.0 519.0 518.0 557.0 559.0 547.0 506.0 517.0 557.0 569.0 589.0 575.0 575.0 587.0 595.0 590.0 587.0 587.0 568.0 561.0 562.0 566.0 583.0 554.0 500.0 529.0 529.0 569.0 611.0 634.0 580.0 529.0 556.0 602.0 889.0 706.0 583.0 562.0 550.0 588.0 587.0 587.0 587.0 616.0 563.0 592.0 550.0 550.0 606.0 613.0 591.0 622.0 573.0 573.0 573.0 501.0 506.0 538.0 1417.0 1417.0 1417.0 548.0 557.0 554.0 585.0 587.0 565.0 584.0 563.0 573.0 558.0 565.0 557.0 549.0 510.0 1351.0 1591.0 1179.0 672.0 602.0 774.0 572.0 521.0 574.0 542.0 538.0 544.0 585.0 550.0 524.0 581.0 581.0 453.0 508.0 508.0 508.0 548.0 550.0 553.0 574.0 544.0 526.0 604.0 606.0 593.0 541.0 542.0 549.0 501.0 504.0 504.0 512.0 625.0 608.0 584.0 591.0 573.0 610.0 635.0 594.0 655.0 637.0 565.0 601.0 538.0 588.0 597.0 558.0 586.0 605.0 597.0 595.0 546.0 549.0 610.0 592.0 573.0 675.0 604.0 647.0 677.0 672.0 626.0 613.0 693.0 558.0 659.0 770.0 927.0 889.0 2036.0 2097.0 1608.0 1565.0 2053.0 1241.0 2233.0 1520.0 1667.0 1353.0 1142.0 667.0 1015.0 707.0 616.0 970.0 605.0 729.0 667.0 635.0 542.0 535.0 562.0 518.0 497.0 535.0 565.0 551.0 546.0 587.0 584.0 588.0 740.0 686.0 752.0 606.0 592.0 854.0 1972.0 1121.0 1067.0 882.0 521.0 539.0 546.0 575.0 526.0 520.0 517.0 530.0 471.0 510.0 523.0 568.0 491.0 500.0 508.0 506.0 528.0 497.0 518.0 543.0 497.0 545.0 507.0 519.0 529.0 506.0 518.0 489.0 490.0 528.0 524.0 570.0 510.0 632.0 472.0 521.0 554.0 569.0 568.0 584.0 500.0 492.0 497.0 570.0 567.0 552.0 590.0 489.0 511.0 515.0 540.0 530.0 497.0 489.0 508.0 549.0 558.0 569.0 571.0 566.0 689.0 584.0 592.0 540.0 526.0 558.0 559.0 577.0 574.0 577.0 517.0 494.0 520.0 539.0 558.0 551.0 559.0 590.0 578.0 621.0 582.0 565.0 524.0 546.0 591.0 583.0 588.0 634.0 564.0 574.0 602.0 577.0 570.0 553.0 519.0 644.2926829268295 275.37295380543816
32 183.0 183.0 223.0 189.0 185.0 185.0 180.0 180.0 175.0 210.0 210.0 210.0 208.0 179.0 208.0 208.0 233.0 214.0 207.0 207.0 203.0 185.0 208.0 179.0 206.0 178.0 175.0 175.0 175.0 175.0 175.0 175.0 196.0 205.0 242.0 277.0 277.0 202.0 201.0 194.0 194.0 210.0 210.0 210.0 210.0 212.0 208.0 193.0 193.0 193.0 215.0 226.0 204.0 222.0 222.0 222.0 222.0 222.0 222.0 222.0 222.0 222.0 298.0 202.0 201.0 201.0 210.0 210.0 205.0 205.0 198.0 198.0 222.0 229.0 207.0 265.0 183.0 211.0 182.0 235.0 189.0 203.0 182.0 258.0 307.0 196.0 196.0 196.0 204.0 189.0 188.0 227.0 236.0 215.0 197.0 197.0 197.0 233.0 205.0 195.0 201.0 201.0 190.0 179.0 204.0 196.0 209.0 196.0 206.0 206.0 230.0 178.0 190.0 221.0 214.0 213.0 203.0 203.0 220.0 213.0 211.0 222.0 202.0 228.0 216.0 201.0 191.0 207.0 200.0 204.0 223.0 223.0 209.0 205.0 226.0 228.0 226.0 216.0 216.0 186.0 212.0 199.0 215.0 215.0 202.0 246.0 208.0 190.0 214.0 206.0 197.0 178.0 191.0 183.0 225.0 183.0 189.0 200.0 209.0 188.0 204.0 187.0 191.0 194.0 195.0 247.0 214.0 187.0 203.0 213.0 178.0 183.0 184.0 187.0 230.0 174.0 177.0 208.0 201.0 186.0 177.0 210.0 189.0 220.0 181.0 195.0 185.0 179.0 280.0 198.0 203.0 203.0 179.0 186.0 179.0 190.0 195.0 183.0 184.0 181.0 186.0 169.0 172.0 191.0 202.0 173.0 175.0 184.0 174.0 210.0 178.0 193.0 184.0 195.0 189.0 184.0 159.0 176.0 179.0 179.0 170.0 176.0 180.0 186.0 215.0 173.0 174.0 169.0 169.0 200.0 203.0 208.0 202.0 190.0 176.0 179.0 179.0 200.0 191.0 188.0 215.0 203.0 178.0 205.0 201.0 174.0 166.0 176.0 194.0 185.0 202.0 204.0 204.0 204.0 194.0 211.0 222.0 177.0 178.0 190.0 197.0 202.0 231.0 183.0 172.0 172.0 189.0 189.0 199.0 193.0 208.0 208.0 202.0 209.0 201.0 236.0 236.0 240.0 200.0 201.0 201.0 199.0 185.0 199.0 206.0 199.0 190.0 200.83972125435542 21.139449349572654
33 113.0 113.0 113.0 113.0 113.0 113.0 120.0 110.0 107.0 119.0 249.0 137.0 128.0 123.0 123.0 128.0 128.0 128.0 127.0 128.0 128.0 128.0 128.0 128.0 142.0 107.0 106.0 106.0 106.0 106.0 106.0 106.0 106.0 123.0 131.0 129.0 134.0 134.0 126.0 120.0 124.0 128.0 129.0 129.0 129.0 129.0 126.0 131.0 131.0 131.0 130.0 139.0 111.0 126.0 121.0 121.0 121.0 121.0 111.0 111.0 111.0 111.0 111.0 124.0 123.0 123.0 129.0 129.0 124.0 126.0 123.0 123.0 123.0 123.0 128.0 111.0 110.0 110.0 112.0 112.0 128.0 128.0 122.0 113.0 113.0 129.0 126.0 116.0 126.0 126.0 106.0 131.0 129.0 129.0 105.0 117.0 117.0 117.0 126.0 122.0 132.0 127.0 115.0 112.0 126.0 128.0 128.0 116.0 121.0 137.0 130.0 137.0 111.0 130.0 132.0 132.0 133.0 125.0 125.0 129.0 140.0 136.0 128.0 148.0 131.0 126.0 117.0 129.0 135.0 123.0 163.0 140.0 141.0 141.0 141.0 140.0 127.0 138.0 128.0 121.0 119.0 126.0 128.0 131.0 132.0 119.0 137.0 111.0 114.0 122.0 113.0 115.0 114.0 114.0 126.0 122.0 111.0 119.0 111.0 125.0 116.0 116.0 112.0 129.0 131.0 126.0 136.0 113.0 118.0 125.0 113.0 120.0 114.0 121.0 124.0 114.0 113.0 134.0 116.0 123.0 110.0 110.0 124.0 129.0 126.0 114.0 117.0 118.0 128.0 123.0 119.0 121.0 112.0 115.0 118.0 117.0 114.0 128.0 115.0 116.0 109.0 131.0 106.0 111.0 122.0 119.0 112.0 119.0 101.0 113.0 113.0 109.0 115.0 133.0 124.0 143.0 124.0 110.0 108.0 126.0 114.0 110.0 124.0 125.0 115.0 122.0 123.0 119.0 102.0 102.0 124.0 119.0 127.0 127.0 120.0 108.0 108.0 119.0 124.0 118.0 125.0 126.0 120.0 114.0 124.0 111.0 105.0 105.0 120.0 124.0 113.0 125.0 125.0 125.0 113.0 120.0 131.0 127.0 115.0 120.0 124.0 124.0 198.0 126.0 114.0 114.0 119.0 120.0 124.0 123.0 120.0 128.0 123.0 127.0 127.0 123.0 114.0 114.0 114.0 126.0 124.0 124.0 122.0 122.0 125.0 127.0 128.0 122.36933797909407 12.605755452935659
34 6.0 6.0 6.0 6.0 6.0 6.0 6.0 6.0 6.0 6.0 6.0 6.0 6.0 6.0 6.0 6.0 6.0 6.0 6.0 6.0 6.0 6.0 6.0 6.0 6.0 6.0 6.0 6.0 6.0 6.0 6.0 6.0 6.0 6.0 7.0 7.0 7.0 7.0 7.0 7.0 7.0 7.0 7.0 7.0 7.0 7.0 7.0 7.0 7.0 7.0 7.0 7.0 6.0 6.0 6.0 6.0 6.0 6.0 6.0 6.0 6.0 6.0 6.0 6.0 6.0 6.0 6.0 6.0 6.0 6.0 6.0 6.0 6.0 6.0 8.0 8.0 8.0 8.0 6.0 6.0 7.0 7.0 7.0 7.0 7.0 7.0 7.0 6.0 6.0 7.0 6.0 7.0 7.0 7.0 7.0 7.0 7.0 7.0 7.0 7.0 7.0 7.0 6.0 6.0 6.0 7.0 7.0 7.0 7.0 7.0 7.0 7.0 6.0 6.0 6.0 6.0 6.0 6.0 6.0 6.0 6.0 7.0 7.0 7.0 7.0 7.0 7.0 6.0 8.0 8.0 8.0 8.0 8.0 8.0 8.0 8.0 7.0 7.0 7.0 7.0 6.0 7.0 7.0 7.0 7.0 7.0 8.0 8.0 6.0 6.0 6.0 6.0 6.0 7.0 7.0 7.0 6.0 7.0 6.0 7.0 7.0 7.0 6.0 6.0 6.0 6.0 7.0 7.0 6.0 6.0 7.0 6.0 7.0 7.0 7.0 7.0 7.0 7.0 7.0 7.0 6.0 6.0 6.0 6.0 6.0 6.0 7.0 7.0 7.0 7.0 7.0 7.0 7.0 7.0 7.0 6.0 7.0 7.0 6.0 6.0 6.0 6.0 6.0 6.0 6.0 7.0 6.0 6.0 6.0 7.0 7.0 6.0 7.0 7.0 7.0 7.0 7.0 7.0 6.0 7.0 7.0 6.0 6.0 7.0 6.0 6.0 6.0 6.0 6.0 6.0 7.0 7.0 7.0 7.0 7.0 6.0 6.0 6.0 6.0 7.0 7.0 7.0 7.0 7.0 7.0 7.0 6.0 6.0 6.0 6.0 6.0 7.0 7.0 7.0 7.0 7.0 7.0 7.0 7.0 7.0 7.0 7.0 7.0 7.0 7.0 7.0 7.0 7.0 7.0 7.0 7.0 7.0 7.0 7.0 7.0 7.0 7.0 7.0 7.0 7.0 7.0 7.0 7.0 7.0 7.0 7.0 7.0 6.613240418118467 0.5795757020826351
35 56.0 56.0 56.0 56.0 58.0 58.0 58.0 55.0 55.0 55.0 55.0 68.0 68.0 64.0 54.0 64.0 64.0 66.0 64.0 61.0 61.0 62.0 58.0 58.0 61.0 63.0 52.0 52.0 52.0 52.0 52.0 52.0 52.0 57.0 64.0 64.0 64.0 64.0 58.0 68.0 68.0 68.0 64.0 64.0 64.0 64.0 63.0 64.0 64.0 64.0 64.0 66.0 54.0 61.0 59.0 59.0 59.0 59.0 59.0 59.0 59.0 59.0 59.0 59.0 63.0 63.0 63.0 64.0 64.0 61.0 61.0 57.0 57.0 57.0 64.0 64.0 55.0 54.0 56.0 56.0 62.0 62.0 62.0 62.0 62.0 58.0 64.0 55.0 60.0 57.0 57.0 56.0 72.0 63.0 52.0 57.0 57.0 57.0 59.0 59.0 58.0 61.0 60.0 56.0 56.0 61.0 59.0 59.0 59.0 67.0 59.0 59.0 55.0 59.0 63.0 63.0 63.0 65.0 65.0 64.0 64.0 63.0 61.0 70.0 61.0 62.0 65.0 57.0 67.0 60.0 60.0 69.0 68.0 74.0 58.0 63.0 62.0 63.0 62.0 77.0 56.0 61.0 62.0 59.0 62.0 59.0 65.0 59.0 53.0 62.0 62.0 53.0 53.0 56.0 55.0 62.0 55.0 58.0 55.0 61.0 55.0 62.0 52.0 63.0 63.0 63.0 61.0 61.0 56.0 58.0 55.0 56.0 57.0 59.0 59.0 59.0 53.0 63.0 55.0 64.0 55.0 61.0 64.0 64.0 64.0 54.0 57.0 57.0 61.0 61.0 59.0 59.0 56.0 55.0 53.0 57.0 57.0 60.0 53.0 54.0 53.0 50.0 56.0 54.0 54.0 60.0 52.0 58.0 55.0 57.0 69.0 53.0 56.0 56.0 61.0 61.0 55.0 55.0 53.0 61.0 62.0 50.0 56.0 56.0 56.0 58.0 59.0 72.0 55.0 55.0 57.0 57.0 61.0 56.0 53.0 53.0 55.0 55.0 58.0 57.0 54.0 61.0 61.0 53.0 53.0 62.0 54.0 52.0 52.0 59.0 57.0 61.0 61.0 61.0 61.0 57.0 65.0 65.0 61.0 62.0 62.0 61.0 61.0 62.0 54.0 54.0 53.0 59.0 90.0 81.0 64.0 61.0 61.0 63.0 64.0 61.0 59.0 59.0 59.0 59.0 59.0 59.0 68.0 68.0 56.0 60.0 62.0 59.623693379790936 4.994178038804554
36 543.0 530.0 530.0 585.0 559.0 530.0 520.0 508.0 511.0 488.0 487.0 612.0 642.0 608.0 593.0 582.0 589.0 587.0 593.0 566.0 576.0 583.0 583.0 520.0 510.0 573.0 510.0 482.0 453.0 453.0 577.0 566.0 566.0 566.0 573.0 587.0 597.0 611.0 605.0 588.0 582.0 583.0 583.0 584.0 589.0 589.0 586.0 566.0 571.0 589.0 589.0 594.0 600.0 541.0 549.0 559.0 515.0 515.0 555.0 506.0 601.0 506.0 506.0 506.0 562.0 575.0 670.0 589.0 587.0 572.0 575.0 570.0 564.0 574.0 551.0 578.0 581.0 510.0 505.0 465.0 480.0 546.0 542.0 524.0 539.0 520.0 583.0 564.0 519.0 522.0 537.0 515.0 547.0 588.0 578.0 507.0 486.0 534.0 589.0 585.0 569.0 556.0 563.0 578.0 541.0 544.0 584.0 593.0 533.0 549.0 585.0 599.0 506.0 529.0 516.0 557.0 586.0 576.0 540.0 520.0 622.0 584.0 607.0 595.0 616.0 583.0 586.0 614.0 592.0 627.0 589.0 549.0 652.0 609.0 589.0 553.0 513.0 557.0 560.0 532.0 528.0 529.0 560.0 581.0 577.0 596.0 589.0 615.0 499.0 499.0 554.0 519.0 494.0 534.0 534.0 503.0 493.0 516.0 533.0 496.0 526.0 558.0 528.0 510.0 505.0 561.0 550.0 517.0 528.0 515.0 513.0 530.0 511.0 554.0 559.0 559.0 507.0 517.0 496.0 567.0 532.0 530.0 553.0 546.0 546.0 539.0 519.0 543.0 505.0 515.0 579.0 555.0 553.0 540.0 522.0 489.0 510.0 554.0 537.0 504.0 513.0 507.0 518.0 496.0 493.0 509.0 548.0 505.0 490.0 477.0 480.0 510.0 526.0 507.0 537.0 538.0 538.0 526.0 482.0 476.0 470.0 497.0 492.0 505.0 557.0 516.0 488.0 565.0 528.0 515.0 582.0 491.0 490.0 584.0 579.0 488.0 488.0 493.0 538.0 545.0 542.0 526.0 563.0 516.0 500.0 543.0 518.0 504.0 500.0 522.0 540.0 540.0 562.0 565.0 565.0 515.0 546.0 602.0 569.0 541.0 499.0 566.0 540.0 567.0 539.0 515.0 527.0 519.0 535.0 563.0 577.0 571.0 572.0 565.0 576.0 583.0 540.0 534.0 555.0 571.0 596.0 580.0 566.0 566.0 571.0 575.0 581.0 546.4738675958188 37.80339062414519
37 141.0 141.0 151.0 151.0 161.0 143.0 144.0 144.0 144.0 138.0 132.0 133.0 155.0 155.0 172.0 160.0 160.0 160.0 162.0 135.0 144.0 159.0 159.0 159.0 143.0 143.0 138.0 148.0 127.0 152.0 152.0 152.0 157.0 157.0 157.0 157.0 156.0 164.0 165.0 165.0 152.0 161.0 161.0 161.0 161.0 161.0 161.0 161.0 159.0 153.0 162.0 162.0 162.0 161.0 150.0 152.0 154.0 154.0 154.0 154.0 154.0 162.0 162.0 162.0 162.0 162.0 155.0 186.0 186.0 162.0 162.0 158.0 157.0 154.0 154.0 152.0 152.0 161.0 138.0 137.0 130.0 130.0 151.0 151.0 138.0 146.0 144.0 144.0 158.0 144.0 143.0 151.0 149.0 147.0 183.0 159.0 141.0 147.0 147.0 147.0 161.0 161.0 149.0 148.0 156.0 145.0 145.0 164.0 165.0 165.0 146.0 161.0 160.0 152.0 137.0 154.0 146.0 146.0 151.0 158.0 149.0 149.0 148.0 156.0 156.0 172.0 156.0 176.0 158.0 143.0 169.0 160.0 160.0 143.0 161.0 160.0 159.0 134.0 169.0 152.0 150.0 161.0 137.0 150.0 160.0 159.0 156.0 163.0 159.0 142.0 136.0 155.0 132.0 138.0 140.0 137.0 135.0 161.0 136.0 148.0 140.0 157.0 152.0 154.0 138.0 159.0 152.0 156.0 142.0 142.0 138.0 152.0 151.0 150.0 154.0 150.0 143.0 131.0 132.0 151.0 148.0 135.0 141.0 161.0 142.0 132.0 156.0 135.0 160.0 141.0 146.0 158.0 154.0 149.0 143.0 141.0 148.0 135.0 144.0 145.0 141.0 139.0 133.0 161.0 134.0 136.0 155.0 145.0 131.0 147.0 122.0 141.0 139.0 148.0 139.0 174.0 149.0 149.0 145.0 142.0 130.0 156.0 156.0 129.0 144.0 144.0 136.0 133.0 153.0 152.0 151.0 151.0 149.0 152.0 159.0 158.0 125.0 150.0 146.0 137.0 149.0 148.0 148.0 147.0 157.0 139.0 155.0 157.0 134.0 132.0 145.0 155.0 138.0 154.0 156.0 660.0 660.0 145.0 158.0 170.0 135.0 137.0 147.0 151.0 151.0 159.0 142.0 152.0 133.0 149.0 149.0 157.0 153.0 154.0 160.0 155.0 161.0 141.0 138.0 138.0 138.0 157.0 152.0 152.0 152.0 143.0 152.0 153.7595818815331 43.765682949319675
38 375.0 375.0 375.0 403.0 436.0 432.0 415.0 392.0 399.0 372.0 372.0 360.0 365.0 392.0 447.0 460.0 432.0 433.0 433.0 430.0 370.0 390.0 428.0 429.0 429.0 392.0 392.0 375.0 354.0 356.0 411.0 411.0 411.0 411.0 411.0 411.0 410.0 430.0 442.0 443.0 427.0 422.0 433.0 423.0 419.0 433.0 431.0 431.0 431.0 420.0 424.0 439.0 439.0 436.0 435.0 402.0 403.0 412.0 381.0 411.0 403.0 381.0 381.0 381.0 381.0 381.0 419.0 421.0 496.0 509.0 447.0 421.0 421.0 416.0 407.0 407.0 407.0 435.0 429.0 381.0 370.0 336.0 373.0 375.0 395.0 397.0 392.0 386.0 424.0 428.0 382.0 384.0 414.0 438.0 401.0 419.0 418.0 377.0 397.0 388.0 388.0 420.0 428.0 411.0 424.0 417.0 392.0 384.0 443.0 432.0 389.0 400.0 431.0 428.0 372.0 371.0 421.0 428.0 425.0 413.0 409.0 374.0 433.0 433.0 392.0 398.0 418.0 388.0 437.0 426.0 407.0 413.0 432.0 434.0 417.0 447.0 425.0 407.0 373.0 419.0 405.0 391.0 392.0 410.0 423.0 419.0 447.0 427.0 412.0 437.0 369.0 375.0 441.0 382.0 397.0 362.0 375.0 375.0 386.0 380.0 391.0 371.0 422.0 426.0 397.0 368.0 420.0 385.0 375.0 456.0 397.0 363.0 436.0 392.0 368.0 411.0 405.0 387.0 355.0 375.0 413.0 402.0 367.0 394.0 404.0 395.0 374.0 398.0 383.0 424.0 388.0 398.0 421.0 424.0 410.0 390.0 394.0 381.0 425.0 385.0 494.0 416.0 376.0 387.0 392.0 379.0 366.0 418.0 396.0 367.0 366.0 344.0 358.0 388.0 381.0 390.0 394.0 365.0 364.0 441.0 419.0 419.0 376.0 386.0 359.0 378.0 420.0 377.0 375.0 409.0 381.0 377.0 396.0 407.0 409.0 431.0 414.0 386.0 373.0 372.0 392.0 415.0 400.0 395.0 411.0 389.0 369.0 395.0 372.0 361.0 510.0 452.0 402.0 415.0 421.0 422.0 422.0 385.0 382.0 431.0 435.0 373.0 411.0 405.0 413.0 408.0 393.0 375.0 438.0 366.0 404.0 404.0 423.0 427.0 413.0 418.0 417.0 440.0 391.0 376.0 419.0 419.0 419.0 404.0 419.0 485.0 419.0 404.70034843205576 27.156644151229177
39 135.0 135.0 135.0 132.0 132.0 132.0 138.0 138.0 138.0 138.0 109.0 124.0 109.0 109.0 109.0 147.0 149.0 129.0 129.0 132.0 128.0 108.0 133.0 129.0 129.0 128.0 114.0 114.0 119.0 122.0 105.0 105.0 105.0 105.0 124.0 124.0 124.0 127.0 131.0 133.0 131.0 131.0 146.0 134.0 134.0 144.0 128.0 128.0 128.0 128.0 125.0 116.0 131.0 131.0 131.0 130.0 130.0 176.0 125.0 125.0 124.0 124.0 124.0 122.0 122.0 122.0 122.0 122.0 125.0 152.0 152.0 133.0 133.0 134.0 134.0 139.0 139.0 132.0 122.0 141.0 110.0 121.0 102.0 109.0 109.0 109.0 118.0 116.0 116.0 127.0 129.0 113.0 128.0 130.0 129.0 123.0 116.0 125.0 104.0 124.0 124.0 124.0 129.0 127.0 121.0 124.0 127.0 118.0 124.0 132.0 136.0 115.0 122.0 117.0 131.0 117.0 111.0 120.0 131.0 129.0 122.0 122.0 117.0 129.0 129.0 120.0 117.0 129.0 115.0 130.0 124.0 122.0 124.0 138.0 138.0 124.0 134.0 133.0 127.0 107.0 149.0 119.0 180.0 118.0 105.0 129.0 130.0 138.0 133.0 133.0 128.0 112.0 122.0 139.0 115.0 111.0 437.0 110.0 163.0 104.0 110.0 119.0 104.0 138.0 124.0 131.0 112.0 128.0 114.0 111.0 124.0 115.0 118.0 116.0 123.0 105.0 118.0 123.0 123.0 113.0 135.0 113.0 120.0 113.0 127.0 127.0 132.0 105.0 110.0 117.0 123.0 117.0 130.0 128.0 126.0 121.0 111.0 126.0 114.0 120.0 127.0 132.0 120.0 121.0 113.0 123.0 111.0 108.0 131.0 132.0 113.0 127.0 105.0 119.0 106.0 119.0 124.0 151.0 98.0 115.0 122.0 137.0 119.0 124.0 113.0 102.0 125.0 131.0 118.0 124.0 120.0 135.0 114.0 118.0 118.0 128.0 119.0 137.0 109.0 114.0 121.0 121.0 127.0 120.0 125.0 137.0 112.0 118.0 124.0 146.0 163.0 111.0 173.0 132.0 114.0 126.0 125.0 128.0 114.0 114.0 153.0 131.0 114.0 126.0 122.0 128.0 128.0 120.0 118.0 118.0 112.0 125.0 125.0 123.0 134.0 121.0 116.0 126.0 129.0 112.0 131.0 131.0 131.0 131.0 162.0 132.0 132.0 125.70383275261324 22.003641289884012
40 84.0 84.0 84.0 84.0 84.0 84.0 87.0 83.0 83.0 83.0 73.0 82.0 82.0 82.0 82.0 82.0 95.0 92.0 92.0 92.0 88.0 82.0 81.0 86.0 86.0 86.0 86.0 86.0 89.0 85.0 77.0 87.0 87.0 87.0 87.0 87.0 87.0 87.0 87.0 87.0 93.0 87.0 87.0 93.0 93.0 93.0 95.0 90.0 90.0 90.0 90.0 86.0 92.0 92.0 92.0 89.0 80.0 157.0 89.0 89.0 82.0 82.0 82.0 82.0 82.0 82.0 82.0 82.0 86.0 86.0 149.0 92.0 95.0 95.0 95.0 86.0 86.0 86.0 86.0 90.0 79.0 79.0 81.0 81.0 78.0 78.0 78.0 86.0 81.0 81.0 84.0 81.0 80.0 93.0 90.0 83.0 84.0 93.0 77.0 75.0 75.0 75.0 75.0 89.0 87.0 81.0 89.0 81.0 83.0 83.0 94.0 84.0 83.0 87.0 79.0 90.0 79.0 88.0 88.0 95.0 82.0 96.0 94.0 94.0 92.0 80.0 85.0 95.0 80.0 86.0 82.0 79.0 88.0 81.0 81.0 86.0 86.0 96.0 89.0 77.0 94.0 95.0 101.0 90.0 79.0 89.0 86.0 91.0 84.0 82.0 145.0 97.0 88.0 92.0 84.0 77.0 84.0 85.0 82.0 92.0 83.0 84.0 75.0 81.0 89.0 94.0 76.0 88.0 88.0 83.0 76.0 76.0 87.0 82.0 86.0 74.0 77.0 85.0 83.0 90.0 75.0 87.0 90.0 82.0 81.0 81.0 84.0 76.0 84.0 78.0 86.0 84.0 85.0 92.0 93.0 86.0 82.0 87.0 78.0 86.0 95.0 94.0 85.0 82.0 76.0 87.0 75.0 75.0 89.0 87.0 82.0 89.0 73.0 76.0 87.0 83.0 81.0 96.0 63.0 63.0 84.0 95.0 89.0 88.0 88.0 79.0 94.0 86.0 87.0 87.0 80.0 86.0 86.0 84.0 86.0 90.0 91.0 91.0 73.0 79.0 87.0 140.0 85.0 88.0 86.0 86.0 82.0 88.0 89.0 102.0 108.0 79.0 79.0 83.0 99.0 99.0 89.0 93.0 93.0 85.0 85.0 90.0 72.0 74.0 79.0 84.0 84.0 90.0 83.0 86.0 85.0 95.0 95.0 95.0 83.0 83.0 73.0 87.0 91.0 83.0 80.0 80.0 110.0 110.0 83.0 83.0 83.0 86.40418118466899 9.78315860276106
41 665.0 665.0 665.0 665.0 610.0 613.0 618.0 659.0 660.0 608.0 590.0 574.0 571.0 572.0 572.0 572.0 707.0 741.0 665.0 667.0 670.0 677.0 575.0 588.0 667.0 688.0 762.0 632.0 593.0 618.0 584.0 530.0 555.0 630.0 630.0 642.0 642.0 642.0 575.0 650.0 670.0 674.0 718.0 663.0 671.0 649.0 673.0 664.0 699.0 535.0 526.0 550.0 662.0 657.0 672.0 585.0 681.0 672.0 654.0 646.0 615.0 630.0 630.0 575.0 585.0 585.0 585.0 585.0 626.0 637.0 641.0 649.0 673.0 649.0 635.0 661.0 677.0 621.0 630.0 631.0 652.0 617.0 577.0 542.0 564.0 563.0 572.0 572.0 601.0 611.0 640.0 639.0 583.0 578.0 637.0 642.0 638.0 614.0 580.0 586.0 569.0 597.0 597.0 675.0 650.0 654.0 634.0 636.0 613.0 598.0 682.0 683.0 668.0 611.0 634.0 660.0 576.0 569.0 574.0 630.0 649.0 591.0 614.0 639.0 650.0 616.0 581.0 563.0 588.0 574.0 609.0 637.0 613.0 596.0 598.0 595.0 646.0 648.0 663.0 637.0 587.0 591.0 597.0 590.0 560.0 532.0 564.0 664.0 599.0 569.0 583.0 632.0 605.0 609.0 633.0 555.0 565.0 584.0 553.0 542.0 595.0 640.0 526.0 557.0 562.0 619.0 600.0 578.0 584.0 600.0 589.0 600.0 567.0 592.0 604.0 571.0 564.0 609.0 604.0 590.0 598.0 577.0 620.0 639.0 580.0 612.0 595.0 637.0 594.0 587.0 573.0 620.0 571.0 562.0 649.0 663.0 600.0 592.0 583.0 559.0 550.0 625.0 640.0 628.0 582.0 562.0 562.0 545.0 562.0 550.0 623.0 582.0 547.0 536.0 542.0 531.0 573.0 586.0 569.0 555.0 542.0 576.0 551.0 655.0 619.0 568.0 540.0 620.0 615.0 600.0 631.0 657.0 641.0 653.0 686.0 698.0 659.0 651.0 625.0 553.0 564.0 593.0 653.0 631.0 639.0 632.0 618.0 613.0 624.0 679.0 653.0 627.0 614.0 590.0 564.0 566.0 643.0 644.0 648.0 612.0 603.0 670.0 670.0 560.0 576.0 610.0 623.0 622.0 659.0 639.0 641.0 556.0 548.0 548.0 660.0 693.0 662.0 662.0 657.0 665.0 603.0 599.0 607.0 669.0 669.0 636.0 664.0 613.6550522648083 43.10674870395506
42 701.0 701.0 701.0 701.0 701.0 725.0 703.0 722.0 716.0 761.0 772.0 753.0 718.0 716.0 702.0 705.0 705.0 727.0 711.0 834.0 840.0 833.0 833.0 673.0 673.0 698.0 742.0 742.0 781.0 734.0 728.0 679.0 639.0 623.0 641.0 732.0 732.0 746.0 746.0 746.0 725.0 732.0 781.0 788.0 792.0 797.0 755.0 747.0 747.0 747.0 747.0 611.0 616.0 641.0 751.0 762.0 783.0 771.0 771.0 818.0 755.0 757.0 752.0 752.0 752.0 716.0 765.0 708.0 686.0 686.0 732.0 739.0 770.0 787.0 776.0 777.0 748.0 796.0 733.0 726.0 744.0 732.0 752.0 723.0 714.0 814.0 654.0 658.0 705.0 746.0 718.0 662.0 659.0 705.0 667.0 666.0 704.0 717.0 724.0 711.0 690.0 665.0 665.0 705.0 705.0 744.0 767.0 754.0 698.0 692.0 692.0 702.0 784.0 793.0 787.0 759.0 717.0 765.0 666.0 660.0 664.0 762.0 769.0 687.0 745.0 750.0 756.0 693.0 725.0 666.0 722.0 690.0 700.0 709.0 717.0 695.0 694.0 664.0 673.0 736.0 783.0 733.0 689.0 690.0 689.0 692.0 682.0 662.0 708.0 780.0 692.0 676.0 673.0 735.0 717.0 692.0 710.0 693.0 680.0 657.0 674.0 672.0 730.0 875.0 801.0 637.0 641.0 663.0 708.0 684.0 715.0 746.0 694.0 702.0 698.0 728.0 706.0 712.0 699.0 735.0 682.0 722.0 693.0 692.0 872.0 1392.0 696.0 1229.0 2030.0 746.0 738.0 693.0 676.0 683.0 629.0 652.0 751.0 764.0 745.0 733.0 690.0 697.0 669.0 711.0 750.0 737.0 680.0 647.0 665.0 660.0 668.0 662.0 757.0 713.0 629.0 678.0 650.0 621.0 626.0 644.0 690.0 666.0 647.0 675.0 719.0 744.0 680.0 667.0 678.0 710.0 698.0 722.0 740.0 744.0 731.0 725.0 777.0 827.0 712.0 714.0 662.0 711.0 701.0 735.0 797.0 694.0 687.0 701.0 757.0 721.0 759.0 710.0 722.0 722.0 722.0 673.0 604.0 646.0 743.0 749.0 750.0 1120.0 690.0 698.0 716.0 695.0 695.0 692.0 742.0 730.0 751.0 743.0 692.0 726.0 652.0 697.0 753.0 742.0 786.0 735.0 735.0 735.0 694.0 704.0 760.0 732.0 732.0 726.9581881533101 105.14727430897973
43 157.0 156.0 156.0 156.0 156.0 156.0 156.0 156.0 163.0 161.0 161.0 175.0 172.0 158.0 158.0 163.0 165.0 165.0 165.0 168.0 168.0 192.0 185.0 185.0 185.0 155.0 155.0 155.0 172.0 172.0 172.0 158.0 158.0 155.0 144.0 189.0 169.0 169.0 169.0 169.0 169.0 169.0 167.0 162.0 162.0 182.0 173.0 172.0 186.0 186.0 186.0 186.0 186.0 143.0 143.0 172.0 175.0 179.0 179.0 179.0 179.0 179.0 179.0 169.0 169.0 169.0 169.0 169.0 169.0 160.0 160.0 160.0 173.0 170.0 170.0 188.0 177.0 177.0 184.0 206.0 172.0 172.0 186.0 169.0 169.0 190.0 190.0 158.0 151.0 158.0 172.0 172.0 155.0 174.0 174.0 176.0 157.0 207.0 169.0 171.0 164.0 174.0 153.0 147.0 170.0 153.0 153.0 254.0 178.0 170.0 159.0 160.0 163.0 172.0 172.0 183.0 159.0 162.0 169.0 173.0 153.0 158.0 178.0 179.0 181.0 192.0 172.0 145.0 170.0 157.0 147.0 172.0 158.0 158.0 157.0 162.0 168.0 156.0 173.0 173.0 150.0 180.0 182.0 178.0 178.0 159.0 159.0 169.0 157.0 151.0 177.0 191.0 158.0 164.0 173.0 160.0 168.0 160.0 178.0 164.0 169.0 167.0 164.0 174.0 162.0 154.0 160.0 150.0 151.0 161.0 164.0 172.0 180.0 164.0 212.0 265.0 875.0 2315.0 599.0 1736.0 755.0 1740.0 1230.0 1242.0 1231.0 1810.0 905.0 352.0 306.0 262.0 201.0 155.0 182.0 161.0 204.0 177.0 169.0 172.0 182.0 190.0 169.0 172.0 172.0 156.0 162.0 163.0 176.0 162.0 154.0 159.0 170.0 148.0 178.0 178.0 156.0 162.0 159.0 145.0 176.0 144.0 156.0 164.0 151.0 166.0 166.0 167.0 177.0 157.0 176.0 174.0 162.0 180.0 164.0 168.0 176.0 172.0 163.0 181.0 225.0 225.0 199.0 175.0 156.0 147.0 147.0 178.0 183.0 159.0 154.0 161.0 186.0 177.0 179.0 174.0 174.0 251.0 251.0 153.0 154.0 151.0 151.0 151.0 144.0 143.0 157.0 169.0 180.0 154.0 179.0 179.0 170.0 172.0 178.0 179.0 170.0 154.0 170.0 174.0 174.0 156.0 156.0 156.0 156.0 156.0 156.0 156.0 172.0 214.62717770034837 241.9050202852549
44 637.0 601.0 588.0 667.0 667.0 667.0 667.0 667.0 609.0 615.0 630.0 629.0 664.0 664.0 642.0 600.0 602.0 604.0 611.0 611.0 623.0 643.0 688.0 676.0 708.0 708.0 577.0 580.0 653.0 652.0 650.0 649.0 649.0 645.0 603.0 502.0 552.0 629.0 652.0 664.0 660.0 660.0 660.0 625.0 580.0 679.0 659.0 645.0 689.0 650.0 682.0 682.0 672.0 538.0 532.0 532.0 653.0 650.0 657.0 671.0 651.0 677.0 677.0 649.0 664.0 649.0 623.0 629.0 629.0 644.0 623.0 629.0 629.0 629.0 640.0 646.0 659.0 654.0 672.0 624.0 624.0 630.0 641.0 634.0 638.0 642.0 670.0 654.0 589.0 584.0 606.0 596.0 602.0 588.0 632.0 635.0 593.0 584.0 587.0 650.0 640.0 618.0 616.0 566.0 587.0 652.0 706.0 685.0 688.0 667.0 688.0 604.0 593.0 601.0 619.0 676.0 681.0 694.0 679.0 668.0 718.0 665.0 588.0 591.0 593.0 612.0 680.0 550.0 591.0 622.0 563.0 625.0 614.0 659.0 636.0 602.0 603.0 607.0 601.0 575.0 571.0 599.0 630.0 669.0 670.0 671.0 602.0 570.0 567.0 588.0 567.0 575.0 665.0 605.0 610.0 596.0 602.0 583.0 675.0 740.0 637.0 600.0 586.0 590.0 622.0 590.0 597.0 636.0 553.0 560.0 626.0 686.0 2340.0 1600.0 2386.0 1437.0 698.0 5211.0 5275.0 3120.0 789.0 724.0 1135.0 977.0 1165.0 621.0 771.0 632.0 754.0 789.0 840.0 716.0 962.0 1160.0 909.0 863.0 628.0 667.0 632.0 656.0 675.0 653.0 654.0 630.0 592.0 611.0 588.0 605.0 623.0 587.0 578.0 567.0 574.0 580.0 581.0 567.0 547.0 561.0 576.0 532.0 546.0 536.0 589.0 565.0 590.0 641.0 674.0 586.0 579.0 606.0 583.0 588.0 613.0 631.0 579.0 653.0 596.0 694.0 716.0 715.0 681.0 709.0 575.0 540.0 595.0 599.0 652.0 661.0 580.0 579.0 575.0 607.0 666.0 662.0 635.0 623.0 662.0 579.0 572.0 629.0 587.0 604.0 563.0 663.0 655.0 628.0 614.0 596.0 595.0 612.0 644.0 640.0 668.0 658.0 664.0 624.0 631.0 614.0 594.0 592.0 614.0 667.0 623.0 641.0 641.0 637.0 641.0 697.445993031359 445.8557063493051
45 418.0 409.0 409.0 428.0 428.0 394.0 394.0 394.0 394.0 394.0 379.0 409.0 416.0 416.0 436.0 439.0 412.0 420.0 391.0 408.0 408.0 408.0 406.0 432.0 445.0 456.0 478.0 478.0 384.0 383.0 433.0 428.0 427.0 428.0 425.0 433.0 364.0 376.0 438.0 432.0 431.0 438.0 441.0 441.0 441.0 412.0 365.0 430.0 461.0 426.0 424.0 417.0 417.0 417.0 446.0 354.0 352.0 352.0 431.0 436.0 436.0 440.0 427.0 428.0 428.0 413.0 409.0 409.0 416.0 416.0 416.0 414.0 423.0 671.0 733.0 497.0 419.0 420.0 435.0 434.0 392.0 403.0 444.0 409.0 416.0 434.0 415.0 414.0 456.0 453.0 377.0 392.0 420.0 424.0 383.0 393.0 416.0 414.0 386.0 378.0 419.0 419.0 427.0 404.0 385.0 387.0 383.0 439.0 414.0 386.0 425.0 394.0 364.0 393.0 394.0 404.0 436.0 437.0 453.0 431.0 402.0 421.0 415.0 374.0 380.0 388.0 370.0 417.0 445.0 357.0 403.0 417.0 381.0 373.0 423.0 419.0 422.0 396.0 398.0 374.0 382.0 365.0 488.0 388.0 440.0 406.0 418.0 423.0 384.0 389.0 369.0 355.0 366.0 378.0 381.0 380.0 405.0 384.0 368.0 436.0 422.0 509.0 415.0 382.0 369.0 410.0 402.0 379.0 410.0 388.0 357.0 387.0 420.0 377.0 437.0 428.0 417.0 389.0 411.0 411.0 411.0 376.0 382.0 394.0 397.0 393.0 367.0 388.0 428.0 448.0 408.0 399.0 418.0 391.0 423.0 423.0 412.0 424.0 388.0 422.0 419.0 431.0 446.0 422.0 414.0 442.0 394.0 393.0 387.0 408.0 407.0 377.0 375.0 409.0 386.0 380.0 374.0 374.0 391.0 367.0 388.0 349.0 349.0 375.0 395.0 378.0 393.0 437.0 415.0 373.0 387.0 380.0 383.0 403.0 449.0 402.0 415.0 429.0 382.0 422.0 436.0 441.0 436.0 461.0 358.0 360.0 402.0 420.0 432.0 422.0 377.0 378.0 393.0 434.0 417.0 436.0 417.0 390.0 431.0 438.0 392.0 409.0 406.0 405.0 446.0 349.0 392.0 391.0 411.0 397.0 383.0 416.0 427.0 413.0 418.0 424.0 417.0 400.0 395.0 394.0 399.0 393.0 402.0 417.0 413.0 413.0 437.0 410.1358885017422 36.24140603933302
46 277.0 277.0 265.0 280.0 280.0 280.0 243.0 243.0 243.0 243.0 247.0 247.0 247.0 262.0 262.0 275.0 277.0 252.0 269.0 241.0 250.0 250.0 250.0 265.0 265.0 278.0 282.0 293.0 293.0 242.0 242.0 276.0 271.0 273.0 273.0 247.0 273.0 249.0 218.0 218.0 296.0 296.0 277.0 277.0 277.0 277.0 277.0 302.0 302.0 300.0 276.0 276.0 270.0 270.0 270.0 283.0 224.0 223.0 223.0 261.0 276.0 276.0 276.0 272.0 272.0 272.0 264.0 260.0 260.0 260.0 260.0 260.0 277.0 273.0 273.0 465.0 334.0 278.0 266.0 287.0 271.0 241.0 257.0 275.0 259.0 266.0 264.0 257.0 263.0 293.0 274.0 237.0 252.0 260.0 270.0 270.0 252.0 266.0 259.0 270.0 242.0 268.0 269.0 275.0 254.0 276.0 239.0 244.0 274.0 267.0 271.0 278.0 273.0 268.0 248.0 249.0 266.0 274.0 277.0 265.0 252.0 250.0 284.0 265.0 240.0 239.0 250.0 237.0 275.0 275.0 209.0 270.0 264.0 243.0 234.0 265.0 268.0 268.0 249.0 232.0 233.0 241.0 254.0 256.0 247.0 274.0 268.0 272.0 266.0 235.0 236.0 225.0 222.0 231.0 257.0 250.0 239.0 262.0 240.0 240.0 276.0 271.0 248.0 261.0 238.0 229.0 245.0 258.0 241.0 260.0 272.0 233.0 253.0 250.0 258.0 272.0 264.0 293.0 252.0 262.0 262.0 262.0 241.0 240.0 259.0 242.0 261.0 240.0 237.0 267.0 263.0 260.0 268.0 260.0 284.0 265.0 257.0 274.0 273.0 249.0 273.0 234.0 265.0 292.0 267.0 269.0 261.0 246.0 258.0 241.0 264.0 268.0 238.0 242.0 256.0 241.0 235.0 244.0 234.0 239.0 232.0 225.0 226.0 220.0 230.0 259.0 225.0 258.0 274.0 283.0 227.0 262.0 246.0 311.0 260.0 260.0 260.0 276.0 271.0 274.0 268.0 269.0 284.0 279.0 267.0 227.0 237.0 249.0 272.0 275.0 291.0 239.0 243.0 250.0 273.0 265.0 268.0 265.0 245.0 280.0 285.0 246.0 257.0 260.0 262.0 280.0 222.0 268.0 250.0 277.0 280.0 240.0 263.0 281.0 262.0 265.0 262.0 265.0 250.0 249.0 249.0 252.0 252.0 261.0 277.0 266.0 266.0 260.7142857142857 21.88771180530135
47 140.0 130.0 129.0 135.0 165.0 148.0 140.0 123.0 123.0 123.0 123.0 123.0 123.0 132.0 132.0 132.0 136.0 138.0 144.0 119.0 119.0 119.0 119.0 119.0 119.0 119.0 138.0 138.0 138.0 138.0 121.0 121.0 138.0 135.0 135.0 135.0 135.0 137.0 113.0 132.0 132.0 132.0 132.0 137.0 144.0 140.0 140.0 116.0 116.0 159.0 147.0 144.0 132.0 133.0 133.0 133.0 143.0 111.0 134.0 134.0 133.0 138.0 138.0 159.0 159.0 159.0 159.0 132.0 152.0 151.0 175.0 175.0 175.0 129.0 132.0 132.0 132.0 132.0 226.0 226.0 136.0 142.0 122.0 126.0 149.0 138.0 134.0 130.0 131.0 130.0 151.0 124.0 124.0 134.0 134.0 139.0 139.0 139.0 110.0 129.0 123.0 124.0 141.0 134.0 127.0 135.0 114.0 134.0 138.0 135.0 133.0 144.0 136.0 115.0 130.0 124.0 146.0 146.0 137.0 144.0 167.0 124.0 129.0 129.0 129.0 120.0 120.0 117.0 146.0 138.0 125.0 125.0 138.0 143.0 123.0 138.0 135.0 140.0 133.0 123.0 114.0 132.0 130.0 133.0 133.0 133.0 127.0 134.0 140.0 120.0 119.0 129.0 114.0 114.0 115.0 133.0 132.0 132.0 135.0 128.0 117.0 138.0 131.0 139.0 126.0 122.0 132.0 132.0 129.0 124.0 124.0 123.0 114.0 124.0 122.0 131.0 131.0 117.0 139.0 119.0 137.0 137.0 137.0 120.0 117.0 133.0 135.0 120.0 123.0 136.0 106.0 135.0 139.0 133.0 134.0 130.0 137.0 123.0 133.0 141.0 126.0 132.0 132.0 134.0 139.0 138.0 136.0 121.0 127.0 121.0 128.0 138.0 141.0 121.0 131.0 119.0 118.0 121.0 124.0 120.0 138.0 116.0 129.0 111.0 113.0 133.0 112.0 118.0 137.0 130.0 122.0 116.0 147.0 123.0 120.0 129.0 133.0 135.0 136.0 138.0 134.0 134.0 133.0 154.0 137.0 135.0 119.0 120.0 127.0 129.0 137.0 127.0 120.0 124.0 141.0 137.0 130.0 132.0 132.0 123.0 139.0 137.0 114.0 132.0 125.0 125.0 108.0 109.0 133.0 124.0 124.0 114.0 117.0 131.0 138.0 133.0 133.0 128.0 134.0 117.0 113.0 119.0 125.0 125.0 121.0 121.0 121.0 131.60278745644598 13.666957469336527
48 6.0 6.0 5.0 5.0 5.0 5.0 6.0 6.0 6.0 6.0 6.0 6.0 6.0 6.0 6.0 6.0 6.0 6.0 6.0 5.0 6.0 6.0 6.0 6.0 6.0 6.0 6.0 6.0 6.0 6.0 6.0 6.0 6.0 5.0 5.0 5.0 5.0 5.0 5.0 5.0 5.0 5.0 5.0 5.0 5.0 5.0 5.0 5.0 5.0 5.0 5.0 5.0 5.0 5.0 5.0 5.0 5.0 5.0 5.0 5.0 5.0 5.0 5.0 5.0 5.0 5.0 5.0 5.0 5.0 6.0 6.0 6.0 6.0 6.0 6.0 6.0 6.0 6.0 6.0 6.0 6.0 6.0 6.0 6.0 6.0 5.0 5.0 5.0 5.0 5.0 5.0 5.0 5.0 5.0 5.0 5.0 5.0 5.0 4.0 4.0 4.0 5.0 5.0 5.0 5.0 6.0 6.0 6.0 6.0 6.0 6.0 6.0 6.0 5.0 5.0 5.0 5.0 5.0 5.0 5.0 5.0 5.0 5.0 5.0 5.0 5.0 5.0 5.0 5.0 5.0 5.0 5.0 5.0 5.0 5.0 5.0 5.0 6.0 6.0 5.0 5.0 5.0 5.0 5.0 5.0 5.0 5.0 5.0 5.0 5.0 5.0 5.0 4.0 5.0 5.0 5.0 5.0 5.0 5.0 5.0 5.0 5.0 5.0 5.0 5.0 5.0 5.0 5.0 5.0 5.0 5.0 5.0 5.0 5.0 5.0 5.0 5.0 5.0 5.0 5.0 5.0 5.0 5.0 5.0 5.0 5.0 5.0 5.0 5.0 6.0 6.0 5.0 6.0 6.0 6.0 6.0 6.0 5.0 6.0 5.0 5.0 5.0 5.0 5.0 5.0 5.0 6.0 6.0 5.0 5.0 5.0 5.0 6.0 5.0 5.0 5.0 5.0 5.0 5.0 6.0 6.0 6.0 6.0 5.0 5.0 5.0 5.0 5.0 5.0 5.0 5.0 5.0 7.0 7.0 5.0 5.0 5.0 5.0 5.0 5.0 5.0 5.0 5.0 6.0 6.0 6.0 5.0 5.0 5.0 5.0 6.0 6.0 5.0 5.0 6.0 6.0 6.0 6.0 6.0 6.0 6.0 6.0 6.0 6.0 6.0 6.0 6.0 5.0 5.0 5.0 5.0 5.0 5.0 5.0 5.0 5.0 5.0 5.0 5.0 5.0 5.0 5.0 5.0 5.0 5.0 5.0 5.0 5.303135888501743 0.5039257691073648
49 417.0 460.0 396.0 410.0 431.0 423.0 450.0 440.0 421.0 421.0 421.0 421.0 421.0 421.0 416.0 413.0 413.0 441.0 435.0 417.0 409.0 381.0 400.0 400.0 392.0 392.0 454.0 447.0 447.0 468.0 382.0 383.0 383.0 434.0 431.0 435.0 431.0 442.0 393.0 367.0 415.0 415.0 415.0 440.0 440.0 462.0 438.0 438.0 438.0 438.0 446.0 470.0 478.0 425.0 421.0 421.0 421.0 361.0 356.0 380.0 380.0 429.0 439.0 485.0 485.0 485.0 485.0 485.0 411.0 431.0 440.0 450.0 422.0 422.0 419.0 421.0 421.0 421.0 421.0 644.0 440.0 448.0 430.0 392.0 413.0 423.0 416.0 420.0 414.0 413.0 415.0 466.0 400.0 397.0 420.0 411.0 419.0 420.0 343.0 337.0 415.0 388.0 386.0 423.0 435.0 405.0 390.0 385.0 420.0 434.0 422.0 419.0 433.0 384.0 414.0 399.0 396.0 400.0 424.0 412.0 368.0 401.0 395.0 411.0 385.0 378.0 375.0 360.0 366.0 423.0 437.0 375.0 371.0 436.0 430.0 397.0 443.0 429.0 431.0 391.0 392.0 363.0 383.0 387.0 399.0 392.0 385.0 420.0 420.0 425.0 400.0 390.0 382.0 355.0 416.0 364.0 427.0 405.0 410.0 461.0 405.0 421.0 437.0 502.0 425.0 381.0 380.0 397.0 415.0 412.0 453.0 414.0 359.0 362.0 400.0 365.0 381.0 389.0 413.0 414.0 407.0 408.0 408.0 408.0 365.0 391.0 445.0 396.0 390.0 387.0 384.0 422.0 417.0 433.0 416.0 423.0 430.0 400.0 377.0 414.0 457.0 408.0 413.0 408.0 424.0 440.0 430.0 433.0 396.0 392.0 398.0 396.0 440.0 395.0 380.0 412.0 406.0 377.0 384.0 399.0 371.0 385.0 372.0 409.0 346.0 352.0 411.0 380.0 365.0 412.0 422.0 396.0 422.0 432.0 398.0 450.0 409.0 373.0 453.0 428.0 445.0 425.0 426.0 439.0 461.0 426.0 390.0 372.0 372.0 372.0 390.0 428.0 383.0 375.0 400.0 414.0 458.0 419.0 419.0 412.0 412.0 459.0 431.0 397.0 411.0 400.0 389.0 354.0 374.0 416.0 392.0 419.0 371.0 367.0 427.0 385.0 414.0 387.0 408.0 423.0 365.0 361.0 393.0 379.0 347.0 428.0 427.0 411.3379790940767 31.822069574205496
50 305.0 310.0 312.0 294.0 275.0 302.0 314.0 297.0 322.0 276.0 276.0 276.0 276.0 276.0 276.0 284.0 293.0 293.0 309.0 312.0 293.0 292.0 270.0 270.0 270.0 276.0 292.0 292.0 310.0 310.0 337.0 337.0 269.0 269.0 310.0 303.0 302.0 301.0 303.0 303.0 236.0 291.0 319.0 319.0 319.0 310.0 301.0 304.0 304.0 520.0 341.0 313.0 331.0 331.0 295.0 322.0 322.0 322.0 316.0 250.0 297.0 330.0 299.0 309.0 304.0 274.0 274.0 274.0 289.0 293.0 298.0 310.0 311.0 325.0 325.0 317.0 297.0 298.0 298.0 304.0 304.0 301.0 303.0 315.0 290.0 282.0 306.0 292.0 297.0 292.0 292.0 295.0 334.0 287.0 272.0 294.0 295.0 275.0 265.0 282.0 237.0 397.0 269.0 278.0 314.0 320.0 289.0 280.0 294.0 307.0 341.0 284.0 302.0 308.0 314.0 310.0 297.0 278.0 281.0 311.0 313.0 287.0 272.0 277.0 293.0 289.0 284.0 265.0 275.0 262.0 296.0 305.0 275.0 266.0 303.0 308.0 319.0 289.0 308.0 308.0 272.0 277.0 255.0 267.0 269.0 293.0 270.0 270.0 301.0 284.0 310.0 319.0 291.0 276.0 269.0 255.0 261.0 305.0 283.0 286.0 303.0 270.0 270.0 326.0 263.0 317.0 279.0 272.0 289.0 289.0 304.0 298.0 274.0 255.0 272.0 287.0 264.0 287.0 339.0 306.0 328.0 278.0 285.0 285.0 285.0 244.0 253.0 307.0 271.0 288.0 270.0 289.0 314.0 267.0 350.0 451.0 491.0 420.0 344.0 409.0 334.0 388.0 380.0 371.0 298.0 299.0 312.0 303.0 302.0 281.0 293.0 284.0 293.0 297.0 284.0 258.0 291.0 277.0 285.0 267.0 273.0 275.0 279.0 258.0 329.0 247.0 255.0 301.0 272.0 274.0 351.0 308.0 285.0 296.0 300.0 283.0 293.0 293.0 307.0 298.0 281.0 283.0 303.0 298.0 301.0 323.0 315.0 307.0 268.0 279.0 301.0 302.0 304.0 285.0 271.0 273.0 314.0 332.0 304.0 309.0 339.0 337.0 312.0 304.0 298.0 293.0 290.0 337.0 260.0 291.0 299.0 273.0 295.0 292.0 278.0 281.0 302.0 297.0 298.0 300.0 303.0 286.0 304.0 292.0 296.0 293.0 293.0 298.0243902439024 31.978840757332687
51 163.0 163.0 128.0 199.0 194.0 271.0 281.0 142.0 3130.0 162.0 162.0 143.0 143.0 143.0 143.0 143.0 160.0 160.0 160.0 187.0 224.0 159.0 139.0 139.0 139.0 139.0 139.0 147.0 147.0 127.0 189.0 189.0 111.0 404.0 569.0 124.0 192.0 1391.0 123.0 237.0 110.0 170.0 501.0 501.0 501.0 501.0 126.0 140.0 174.0 174.0 174.0 174.0 167.0 158.0 238.0 1043.0 1043.0 1043.0 132.0 103.0 143.0 169.0 169.0 210.0 163.0 204.0 278.0 153.0 153.0 153.0 130.0 228.0 163.0 149.0 2086.0 2086.0 4173.0 152.0 152.0 152.0 6259.0 6259.0 147.0 155.0 171.0 143.0 150.0 178.0 179.0 124.0 127.0 175.0 114.0 138.0 145.0 210.0 199.0 199.0 127.0 127.0 116.0 164.0 149.0 147.0 204.0 231.0 143.0 146.0 144.0 245.0 284.0 121.0 149.0 138.0 160.0 147.0 503.0 127.0 179.0 125.0 202.0 152.0 212.0 111.0 154.0 138.0 138.0 117.0 165.0 107.0 158.0 137.0 180.0 164.0 201.0 145.0 188.0 188.0 157.0 161.0 115.0 192.0 193.0 178.0 178.0 300.0 225.0 165.0 177.0 129.0 183.0 2054.0 146.0 145.0 184.0 134.0 146.0 146.0 166.0 145.0 174.0 149.0 150.0 2626.0 125.0 478.0 206.0 112.0 187.0 169.0 4173.0 162.0 146.0 226.0 168.0 299.0 158.0 167.0 227.0 363.0 143.0 143.0 147.0 172.0 120.0 120.0 114.0 135.0 180.0 172.0 196.0 146.0 175.0 121.0 191.0 182.0 212.0 141.0 230.0 184.0 363.0 268.0 1361.0 930.0 503.0 271.0 290.0 429.0 324.0 412.0 209.0 425.0 164.0 244.0 208.0 145.0 1166.0 373.0 373.0 120.0 174.0 183.0 437.0 191.0 163.0 113.0 119.0 167.0 140.0 141.0 177.0 434.0 134.0 222.0 126.0 181.0 136.0 120.0 224.0 149.0 222.0 201.0 197.0 154.0 151.0 127.0 227.0 151.0 114.0 177.0 179.0 188.0 278.0 131.0 174.0 144.0 174.0 164.0 159.0 159.0 150.0 230.0 230.0 135.0 123.0 176.0 165.0 154.0 154.0 132.0 447.0 117.0 212.0 212.0 169.0 726.0 963.0 142.0 180.0 180.0 145.0 122.0 210.0 285.0 139.0 139.0 133.0 323.71777003484317 686.4211946257002
END
#################################################################
SECTION3 (Edges Information)
EndPoint0 EndPoint1 Weight
0 1 1.000000
1 2 1.000000
2 3 1.000000
3 4 1.000000
4 5 1.000000
5 6 1.000000
6 7 1.000000
7 8 1.000000
8 9 1.000000
9 10 1.000000
10 11 1.000000
11 12 1.000000
12 13 1.000000
13 14 1.000000
14 15 1.000000
15 16 1.000000
16 17 1.000000
17 18 1.000000
18 19 1.000000
19 20 1.000000
20 21 1.000000
21 22 1.000000
22 23 1.000000
23 24 1.000000
24 25 1.000000
25 26 1.000000
26 27 1.000000
27 28 1.000000
28 29 1.000000
29 30 1.000000
30 31 1.000000
31 32 1.000000
32 33 1.000000
33 34 1.000000
34 35 1.000000
35 36 1.000000
36 37 1.000000
37 38 1.000000
38 39 1.000000
39 40 1.000000
40 41 1.000000
41 42 1.000000
42 43 1.000000
43 44 1.000000
44 45 1.000000
45 46 1.000000
46 47 1.000000
47 48 1.000000
48 49 1.000000
49 50 1.000000
50 51 1.000000
END
#################################################################
SECTION4 (TrueSubGraph Information)
EndPoint0 EndPoint1 Weight
END
#################################################################
