#################################################################
#APDM Input Graph, this input graph includes 3 sections:
#section1 : general information
#section2 : nodes
#section3 : edges
#section4 : trueSubGraph (Optional)
#
#if nodes haven't information set weight to null
#################################################################
SECTION1 (General Information)
numNodes = 52
numEdges = 51
usedAlgorithm = NULL
dataSource = TransWeatherRealData
END
#################################################################
SECTION2 (Nodes Information)
NodeID travelTime  mean  std 
0 235.0 245.0 229.0 233.0 227.0 220.0 235.0 232.0 235.0 225.0 236.0 226.0 213.0 213.0 226.0 231.0 220.0 213.0 231.0 231.0 227.0 231.0 222.0 228.0 240.0 238.0 226.0 239.0 214.0 230.0 233.0 242.0 229.0 232.0 232.0 232.0 227.0 233.0 236.0 237.0 227.0 230.0 234.0 233.0 231.0 234.0 236.0 220.0 238.0 236.0 242.0 229.0 237.0 219.0 226.0 234.0 240.0 226.0 216.0 233.0 238.0 221.0 234.0 225.0 239.0 231.0 236.0 233.0 230.0 229.0 238.0 226.0 224.0 220.0 224.0 219.0 224.0 237.0 227.0 222.0 222.0 229.0 215.0 212.0 225.0 228.0 200.0 231.0 213.0 230.0 216.0 236.0 227.0 243.0 237.0 236.0 229.0 219.0 231.0 228.0 229.0 211.0 206.0 233.0 232.0 227.0 242.0 237.0 213.0 231.0 255.0 230.0 214.0 215.0 224.0 233.0 236.0 206.0 218.0 246.0 219.0 228.0 217.0 224.0 223.0 215.0 235.0 222.0 229.0 244.0 227.0 220.0 244.0 238.0 232.0 215.0 220.0 234.0 233.0 227.0 229.0 231.0 232.0 232.0 239.0 236.0 238.0 215.0 238.0 229.0 229.0 224.0 231.0 234.0 225.0 236.0 228.0 206.0 235.0 219.0 225.0 229.0 234.0 234.0 229.0 216.0 231.0 226.0 207.0 215.0 210.0 214.0 221.0 208.0 230.0 210.0 220.0 215.0 216.0 228.0 212.0 215.0 227.0 225.0 210.0 219.0 225.0 215.0 220.0 219.0 228.0 224.0 226.0 217.0 210.0 227.0 222.0 229.0 219.0 231.0 230.0 229.0 224.0 228.0 232.0 228.0 233.0 231.0 242.0 271.0 402.0 480.0 474.0 374.0 488.0 352.0 317.0 241.0 227.0 228.0 191.0 198.0 231.0 223.0 226.0 210.0 219.0 216.0 230.0 227.0 228.0 234.0 228.0 230.0 231.0 227.0 229.0 227.0 233.0 222.0 211.0 226.0 213.0 227.0 233.0 239.0 231.0 243.0 216.0 218.0 230.0 202.0 206.0 231.0 229.0 233.0 220.0 226.0 230.0 211.0 208.0 230.0 234.0 240.0 225.0 219.0 240.0 235.0 233.0 223.0 219.0 228.0 227.0 223.0 232.0 227.0 229.0 227.0 233.0 208.0 229.0 228.0 235.0 234.0 228.0 222.0 230.0 231.390243902439 31.836464375403196
1 72.0 72.0 73.0 69.0 75.0 75.0 67.0 68.0 71.0 67.0 67.0 73.0 61.0 61.0 61.0 61.0 61.0 56.0 56.0 68.0 68.0 68.0 68.0 70.0 70.0 70.0 66.0 70.0 66.0 66.0 66.0 64.0 64.0 69.0 69.0 69.0 69.0 69.0 70.0 65.0 69.0 60.0 60.0 70.0 62.0 69.0 68.0 64.0 68.0 74.0 62.0 69.0 64.0 68.0 69.0 69.0 72.0 72.0 67.0 70.0 66.0 66.0 66.0 68.0 68.0 68.0 67.0 69.0 68.0 71.0 60.0 70.0 69.0 65.0 66.0 65.0 67.0 72.0 67.0 69.0 70.0 64.0 70.0 63.0 67.0 62.0 67.0 87.0 66.0 71.0 72.0 70.0 65.0 67.0 75.0 68.0 70.0 67.0 65.0 71.0 69.0 71.0 64.0 66.0 69.0 68.0 63.0 67.0 62.0 62.0 70.0 68.0 64.0 66.0 62.0 66.0 68.0 70.0 61.0 73.0 67.0 60.0 59.0 67.0 70.0 60.0 69.0 67.0 70.0 71.0 67.0 66.0 61.0 67.0 72.0 68.0 64.0 64.0 70.0 68.0 69.0 68.0 69.0 67.0 67.0 69.0 67.0 66.0 71.0 69.0 65.0 63.0 70.0 71.0 62.0 72.0 73.0 66.0 65.0 66.0 66.0 69.0 65.0 70.0 72.0 65.0 65.0 68.0 69.0 60.0 71.0 63.0 65.0 63.0 69.0 62.0 68.0 63.0 64.0 69.0 65.0 62.0 69.0 70.0 68.0 66.0 70.0 66.0 69.0 61.0 73.0 63.0 70.0 69.0 64.0 66.0 69.0 66.0 69.0 69.0 69.0 70.0 74.0 98.0 72.0 72.0 69.0 75.0 97.0 87.0 72.0 72.0 84.0 78.0 72.0 70.0 73.0 72.0 67.0 72.0 74.0 62.0 69.0 70.0 67.0 66.0 68.0 69.0 69.0 69.0 68.0 70.0 72.0 70.0 70.0 70.0 75.0 71.0 73.0 73.0 76.0 69.0 72.0 76.0 67.0 71.0 71.0 69.0 68.0 67.0 67.0 70.0 62.0 71.0 67.0 71.0 61.0 71.0 71.0 68.0 62.0 67.0 68.0 69.0 71.0 64.0 72.0 69.0 72.0 66.0 66.0 66.0 70.0 70.0 64.0 65.0 65.0 64.0 73.0 62.0 69.0 72.0 67.0 67.0 71.0 65.0 69.0 68.1567944250871 4.77169108830471
2 288.0 284.0 299.0 289.0 282.0 310.0 263.0 279.0 306.0 287.0 276.0 288.0 261.0 249.0 249.0 249.0 249.0 249.0 249.0 281.0 363.0 363.0 363.0 363.0 282.0 293.0 290.0 271.0 279.0 285.0 280.0 283.0 259.0 281.0 279.0 282.0 291.0 281.0 283.0 287.0 290.0 281.0 277.0 285.0 282.0 279.0 280.0 282.0 277.0 286.0 296.0 299.0 277.0 275.0 270.0 270.0 284.0 293.0 276.0 264.0 277.0 285.0 267.0 284.0 280.0 272.0 279.0 287.0 274.0 279.0 321.0 293.0 270.0 273.0 262.0 262.0 270.0 395.0 281.0 280.0 277.0 280.0 280.0 281.0 267.0 261.0 250.0 298.0 267.0 265.0 275.0 264.0 287.0 277.0 280.0 278.0 281.0 278.0 253.0 274.0 271.0 297.0 262.0 266.0 276.0 286.0 270.0 284.0 271.0 244.0 307.0 291.0 289.0 285.0 257.0 289.0 272.0 291.0 249.0 258.0 294.0 262.0 235.0 289.0 273.0 268.0 254.0 278.0 273.0 282.0 279.0 280.0 256.0 278.0 265.0 286.0 232.0 231.0 275.0 274.0 265.0 272.0 266.0 282.0 279.0 281.0 278.0 268.0 275.0 287.0 285.0 264.0 259.0 281.0 273.0 274.0 289.0 284.0 258.0 274.0 276.0 287.0 264.0 271.0 273.0 280.0 273.0 283.0 299.0 243.0 251.0 262.0 242.0 265.0 256.0 247.0 253.0 277.0 270.0 259.0 269.0 254.0 269.0 281.0 268.0 269.0 270.0 282.0 273.0 261.0 252.0 273.0 267.0 279.0 282.0 249.0 272.0 268.0 275.0 272.0 282.0 266.0 275.0 277.0 273.0 273.0 279.0 267.0 278.0 275.0 273.0 288.0 257.0 284.0 276.0 269.0 274.0 251.0 286.0 272.0 269.0 276.0 280.0 277.0 272.0 273.0 299.0 276.0 313.0 272.0 284.0 274.0 296.0 284.0 280.0 286.0 268.0 295.0 270.0 283.0 285.0 274.0 267.0 293.0 279.0 288.0 287.0 285.0 275.0 275.0 274.0 275.0 245.0 245.0 286.0 322.0 278.0 267.0 291.0 291.0 254.0 253.0 261.0 278.0 285.0 269.0 280.0 289.0 277.0 280.0 279.0 279.0 280.0 273.0 273.0 286.0 256.0 248.0 265.0 281.0 255.0 284.0 281.0 282.0 286.0 288.0 273.0 276.6550522648084 18.608672518931574
3 200.0 199.0 195.0 199.0 221.0 200.0 208.0 190.0 195.0 198.0 196.0 187.0 210.0 174.0 180.0 180.0 180.0 238.0 238.0 238.0 206.0 206.0 201.0 192.0 182.0 196.0 206.0 192.0 223.0 186.0 178.0 192.0 206.0 178.0 185.0 196.0 188.0 200.0 191.0 199.0 207.0 191.0 197.0 197.0 204.0 197.0 192.0 202.0 194.0 190.0 204.0 201.0 205.0 193.0 191.0 188.0 186.0 216.0 188.0 191.0 180.0 224.0 194.0 168.0 204.0 194.0 261.0 194.0 188.0 197.0 194.0 189.0 210.0 186.0 182.0 179.0 197.0 191.0 206.0 193.0 201.0 190.0 180.0 195.0 197.0 183.0 179.0 191.0 167.0 200.0 187.0 193.0 200.0 196.0 183.0 189.0 190.0 196.0 186.0 181.0 194.0 197.0 192.0 188.0 183.0 187.0 209.0 174.0 192.0 181.0 170.0 198.0 201.0 184.0 199.0 193.0 187.0 190.0 190.0 190.0 192.0 193.0 214.0 199.0 194.0 189.0 179.0 173.0 238.0 195.0 194.0 186.0 184.0 177.0 186.0 182.0 212.0 174.0 195.0 195.0 189.0 169.0 189.0 193.0 189.0 199.0 197.0 194.0 180.0 193.0 203.0 190.0 188.0 189.0 200.0 163.0 193.0 191.0 204.0 181.0 203.0 196.0 196.0 193.0 182.0 201.0 204.0 226.0 196.0 192.0 176.0 195.0 168.0 171.0 170.0 173.0 183.0 191.0 182.0 183.0 178.0 182.0 187.0 193.0 189.0 188.0 184.0 184.0 191.0 185.0 178.0 180.0 189.0 187.0 195.0 175.0 174.0 186.0 191.0 189.0 195.0 205.0 190.0 195.0 195.0 186.0 194.0 186.0 191.0 193.0 188.0 177.0 194.0 177.0 182.0 193.0 189.0 186.0 173.0 184.0 186.0 181.0 193.0 199.0 190.0 188.0 198.0 200.0 190.0 184.0 189.0 197.0 188.0 199.0 198.0 191.0 191.0 221.0 195.0 198.0 199.0 190.0 198.0 188.0 198.0 188.0 200.0 192.0 193.0 189.0 181.0 193.0 190.0 186.0 195.0 194.0 188.0 194.0 205.0 206.0 194.0 172.0 176.0 179.0 196.0 199.0 183.0 205.0 205.0 203.0 203.0 203.0 203.0 199.0 212.0 192.0 188.0 178.0 183.0 188.0 187.0 180.0 191.0 204.0 197.0 197.0 227.0 192.57142857142858 12.330853581563199
4 318.0 316.0 310.0 318.0 314.0 323.0 317.0 319.0 291.0 318.0 309.0 305.0 308.0 290.0 275.0 311.0 311.0 311.0 311.0 311.0 311.0 309.0 329.0 309.0 305.0 297.0 312.0 315.0 309.0 290.0 279.0 288.0 307.0 282.0 323.0 360.0 310.0 301.0 303.0 303.0 312.0 309.0 312.0 298.0 298.0 313.0 306.0 304.0 315.0 302.0 300.0 319.0 321.0 314.0 308.0 306.0 304.0 302.0 309.0 308.0 291.0 292.0 300.0 295.0 291.0 303.0 300.0 289.0 330.0 294.0 308.0 304.0 307.0 308.0 311.0 284.0 287.0 292.0 301.0 325.0 304.0 302.0 302.0 284.0 304.0 294.0 263.0 267.0 313.0 292.0 304.0 294.0 308.0 314.0 318.0 291.0 293.0 290.0 301.0 300.0 275.0 304.0 297.0 301.0 292.0 290.0 299.0 309.0 299.0 303.0 272.0 275.0 321.0 306.0 300.0 300.0 297.0 292.0 301.0 302.0 303.0 306.0 307.0 300.0 303.0 299.0 296.0 271.0 292.0 305.0 309.0 305.0 292.0 280.0 290.0 313.0 295.0 284.0 258.0 277.0 303.0 298.0 288.0 297.0 298.0 291.0 308.0 309.0 288.0 292.0 312.0 308.0 298.0 301.0 300.0 294.0 274.0 304.0 305.0 312.0 301.0 312.0 310.0 308.0 295.0 287.0 297.0 305.0 304.0 294.0 277.0 270.0 295.0 265.0 284.0 269.0 302.0 294.0 298.0 288.0 289.0 281.0 279.0 298.0 302.0 299.0 282.0 273.0 301.0 302.0 292.0 290.0 299.0 299.0 300.0 307.0 275.0 284.0 288.0 296.0 298.0 298.0 286.0 300.0 292.0 305.0 301.0 303.0 298.0 305.0 303.0 302.0 290.0 294.0 302.0 300.0 308.0 301.0 267.0 294.0 296.0 294.0 303.0 303.0 301.0 302.0 302.0 307.0 316.0 289.0 267.0 310.0 299.0 303.0 325.0 306.0 312.0 299.0 309.0 305.0 308.0 318.0 310.0 297.0 309.0 313.0 293.0 311.0 312.0 306.0 287.0 284.0 305.0 293.0 308.0 310.0 302.0 300.0 309.0 308.0 317.0 307.0 276.0 282.0 290.0 315.0 314.0 306.0 312.0 303.0 300.0 300.0 300.0 300.0 304.0 295.0 281.0 311.0 300.0 284.0 323.0 307.0 290.0 292.0 310.0 314.0 314.0 300.18815331010455 12.825051932344097
5 4.0 4.0 4.0 4.0 4.0 4.0 4.0 4.0 4.0 4.0 4.0 4.0 5.0 5.0 3.0 3.0 3.0 3.0 3.0 3.0 3.0 4.0 4.0 4.0 4.0 4.0 4.0 4.0 4.0 4.0 4.0 4.0 4.0 4.0 4.0 4.0 4.0 4.0 4.0 4.0 4.0 4.0 4.0 4.0 4.0 4.0 4.0 4.0 4.0 4.0 4.0 4.0 4.0 4.0 4.0 4.0 4.0 4.0 4.0 4.0 4.0 4.0 4.0 4.0 4.0 4.0 4.0 4.0 4.0 4.0 4.0 4.0 4.0 4.0 4.0 4.0 4.0 4.0 4.0 4.0 4.0 4.0 4.0 4.0 4.0 4.0 4.0 3.0 4.0 4.0 4.0 4.0 4.0 4.0 4.0 4.0 4.0 4.0 4.0 4.0 4.0 4.0 4.0 4.0 4.0 4.0 4.0 4.0 4.0 4.0 4.0 3.0 3.0 3.0 3.0 3.0 3.0 3.0 4.0 4.0 4.0 4.0 4.0 4.0 4.0 4.0 4.0 4.0 4.0 4.0 4.0 4.0 5.0 4.0 4.0 4.0 4.0 4.0 3.0 3.0 3.0 3.0 3.0 3.0 3.0 3.0 3.0 3.0 5.0 4.0 4.0 4.0 4.0 4.0 4.0 4.0 4.0 4.0 4.0 4.0 4.0 4.0 4.0 4.0 5.0 4.0 4.0 4.0 4.0 4.0 4.0 3.0 3.0 3.0 3.0 3.0 4.0 4.0 4.0 4.0 4.0 4.0 4.0 4.0 4.0 4.0 4.0 4.0 4.0 4.0 4.0 4.0 4.0 4.0 4.0 4.0 4.0 4.0 4.0 4.0 4.0 4.0 5.0 5.0 5.0 5.0 4.0 4.0 4.0 3.0 3.0 3.0 3.0 3.0 3.0 4.0 4.0 4.0 4.0 4.0 4.0 5.0 5.0 5.0 5.0 5.0 4.0 4.0 4.0 4.0 4.0 4.0 4.0 5.0 5.0 5.0 5.0 5.0 5.0 5.0 5.0 5.0 5.0 5.0 5.0 5.0 5.0 5.0 5.0 5.0 5.0 5.0 5.0 5.0 5.0 5.0 5.0 5.0 5.0 5.0 5.0 5.0 4.0 4.0 4.0 4.0 4.0 4.0 4.0 4.0 4.0 4.0 4.0 4.0 4.0 4.0 4.0 4.0 4.0 4.0 4.0 4.0 4.0 4.0 4.0 4.0 4.0 4.02439024390244 0.5250017259135237
6 383.0 347.0 353.0 358.0 348.0 348.0 372.0 374.0 365.0 331.0 348.0 358.0 347.0 338.0 393.0 308.0 337.0 309.0 349.0 411.0 411.0 360.0 368.0 347.0 342.0 342.0 334.0 342.0 351.0 347.0 366.0 325.0 355.0 351.0 311.0 346.0 349.0 348.0 344.0 345.0 345.0 344.0 362.0 397.0 350.0 323.0 334.0 317.0 351.0 355.0 347.0 371.0 372.0 372.0 346.0 458.0 378.0 349.0 338.0 342.0 355.0 318.0 340.0 341.0 344.0 354.0 356.0 342.0 323.0 371.0 326.0 348.0 349.0 386.0 346.0 315.0 398.0 346.0 342.0 336.0 367.0 339.0 360.0 367.0 353.0 344.0 339.0 319.0 295.0 321.0 337.0 369.0 310.0 300.0 358.0 339.0 323.0 344.0 331.0 340.0 337.0 376.0 339.0 345.0 359.0 332.0 420.0 359.0 335.0 332.0 356.0 297.0 309.0 359.0 353.0 348.0 339.0 347.0 336.0 333.0 334.0 337.0 337.0 360.0 343.0 340.0 337.0 332.0 300.0 330.0 356.0 351.0 343.0 320.0 330.0 341.0 334.0 349.0 293.0 303.0 314.0 348.0 340.0 331.0 326.0 353.0 338.0 354.0 346.0 329.0 317.0 354.0 370.0 361.0 330.0 343.0 326.0 326.0 345.0 336.0 346.0 350.0 345.0 370.0 370.0 365.0 368.0 321.0 332.0 377.0 337.0 330.0 305.0 323.0 305.0 336.0 343.0 339.0 293.0 352.0 334.0 326.0 324.0 320.0 374.0 346.0 343.0 316.0 316.0 338.0 340.0 329.0 333.0 333.0 341.0 339.0 336.0 352.0 345.0 331.0 318.0 301.0 339.0 338.0 352.0 348.0 336.0 361.0 340.0 353.0 336.0 340.0 336.0 434.0 349.0 328.0 342.0 346.0 335.0 293.0 308.0 344.0 341.0 346.0 345.0 345.0 345.0 348.0 338.0 349.0 315.0 332.0 345.0 340.0 341.0 418.0 345.0 380.0 338.0 344.0 340.0 324.0 339.0 345.0 331.0 346.0 351.0 340.0 343.0 342.0 340.0 386.0 336.0 351.0 354.0 361.0 351.0 344.0 345.0 352.0 358.0 349.0 356.0 440.0 389.0 314.0 310.0 347.0 346.0 351.0 532.0 356.0 332.0 332.0 339.0 333.0 343.0 340.0 355.0 304.0 321.0 331.0 346.0 401.0 333.0 345.0 351.0 344.9512195121951 25.246291500368446
7 513.0 516.0 527.0 493.0 489.0 491.0 505.0 502.0 504.0 518.0 459.0 474.0 494.0 494.0 482.0 487.0 495.0 480.0 479.0 479.0 454.0 446.0 484.0 489.0 498.0 482.0 485.0 477.0 486.0 506.0 493.0 534.0 447.0 432.0 505.0 502.0 486.0 493.0 493.0 477.0 481.0 473.0 483.0 493.0 506.0 455.0 455.0 463.0 453.0 481.0 487.0 507.0 491.0 485.0 482.0 498.0 494.0 490.0 489.0 472.0 493.0 509.0 490.0 461.0 486.0 469.0 447.0 495.0 477.0 452.0 467.0 475.0 479.0 490.0 488.0 483.0 463.0 468.0 479.0 478.0 478.0 498.0 510.0 484.0 482.0 480.0 486.0 480.0 434.0 416.0 434.0 449.0 483.0 427.0 418.0 475.0 479.0 463.0 474.0 479.0 476.0 460.0 449.0 461.0 472.0 451.0 455.0 467.0 484.0 451.0 433.0 492.0 420.0 414.0 479.0 483.0 476.0 471.0 458.0 469.0 479.0 475.0 476.0 480.0 486.0 461.0 466.0 484.0 473.0 435.0 438.0 495.0 479.0 485.0 470.0 470.0 472.0 482.0 430.0 451.0 426.0 492.0 478.0 485.0 448.0 451.0 472.0 476.0 488.0 488.0 471.0 479.0 485.0 493.0 502.0 469.0 464.0 465.0 448.0 486.0 550.0 552.0 471.0 484.0 494.0 476.0 471.0 473.0 465.0 463.0 477.0 479.0 487.0 486.0 462.0 455.0 477.0 481.0 444.0 415.0 454.0 476.0 460.0 458.0 438.0 468.0 478.0 476.0 462.0 470.0 457.0 472.0 462.0 465.0 463.0 479.0 472.0 483.0 478.0 494.0 462.0 439.0 451.0 469.0 474.0 482.0 467.0 477.0 475.0 474.0 481.0 484.0 483.0 463.0 470.0 494.0 487.0 473.0 488.0 477.0 420.0 412.0 478.0 460.0 496.0 477.0 476.0 474.0 481.0 479.0 499.0 498.0 483.0 503.0 477.0 474.0 472.0 487.0 484.0 483.0 495.0 484.0 470.0 586.0 498.0 494.0 463.0 500.0 473.0 470.0 486.0 500.0 477.0 468.0 480.0 465.0 472.0 510.0 468.0 465.0 491.0 502.0 485.0 495.0 476.0 518.0 443.0 442.0 454.0 491.0 482.0 464.0 476.0 500.0 717.0 510.0 470.0 462.0 460.0 485.0 459.0 459.0 447.0 481.0 481.0 474.0 482.0 476.93379790940764 26.111631130220392
8 673.0 665.0 641.0 653.0 751.0 709.0 690.0 688.0 675.0 691.0 706.0 697.0 685.0 658.0 671.0 656.0 659.0 661.0 662.0 664.0 652.0 751.0 678.0 654.0 655.0 671.0 668.0 666.0 667.0 685.0 676.0 668.0 665.0 629.0 592.0 648.0 683.0 690.0 643.0 649.0 648.0 652.0 654.0 675.0 744.0 718.0 691.0 656.0 744.0 670.0 661.0 658.0 660.0 672.0 670.0 662.0 650.0 897.0 672.0 653.0 670.0 660.0 684.0 642.0 671.0 642.0 644.0 635.0 627.0 658.0 654.0 649.0 672.0 676.0 655.0 638.0 642.0 633.0 624.0 663.0 662.0 660.0 723.0 668.0 671.0 650.0 662.0 641.0 716.0 663.0 616.0 626.0 630.0 673.0 675.0 677.0 689.0 672.0 652.0 641.0 665.0 697.0 664.0 637.0 652.0 654.0 621.0 621.0 665.0 704.0 643.0 619.0 608.0 594.0 590.0 590.0 684.0 677.0 659.0 633.0 608.0 664.0 673.0 646.0 653.0 653.0 670.0 660.0 655.0 650.0 618.0 587.0 614.0 653.0 655.0 685.0 647.0 632.0 644.0 678.0 636.0 612.0 605.0 668.0 664.0 677.0 651.0 649.0 669.0 664.0 672.0 661.0 631.0 623.0 641.0 642.0 677.0 658.0 647.0 669.0 659.0 656.0 660.0 659.0 654.0 664.0 668.0 678.0 669.0 656.0 654.0 669.0 669.0 667.0 671.0 657.0 648.0 639.0 653.0 642.0 582.0 579.0 637.0 658.0 652.0 611.0 604.0 640.0 653.0 634.0 614.0 616.0 636.0 653.0 640.0 637.0 644.0 642.0 649.0 663.0 652.0 653.0 647.0 634.0 637.0 627.0 656.0 646.0 651.0 640.0 645.0 637.0 647.0 650.0 650.0 651.0 693.0 658.0 651.0 641.0 654.0 583.0 555.0 562.0 662.0 641.0 649.0 649.0 678.0 704.0 659.0 654.0 662.0 668.0 685.0 676.0 666.0 641.0 672.0 666.0 673.0 656.0 659.0 662.0 652.0 673.0 674.0 656.0 653.0 665.0 646.0 701.0 704.0 667.0 674.0 651.0 649.0 630.0 639.0 650.0 649.0 668.0 666.0 678.0 703.0 679.0 659.0 670.0 606.0 603.0 614.0 643.0 773.0 686.0 709.0 681.0 723.0 697.0 667.0 642.0 618.0 630.0 611.0 612.0 634.0 672.0 656.0 657.0278745644599 32.144656485512854
9 910.0 986.0 981.0 987.0 1042.0 933.0 959.0 1180.0 1002.0 1043.0 1033.0 1100.0 1011.0 1013.0 1011.0 998.0 976.0 976.0 982.0 952.0 999.0 964.0 970.0 1008.0 974.0 877.0 944.0 948.0 969.0 975.0 1006.0 987.0 963.0 998.0 1049.0 948.0 915.0 898.0 1005.0 975.0 967.0 950.0 1033.0 944.0 938.0 980.0 944.0 977.0 985.0 999.0 1040.0 998.0 963.0 962.0 977.0 971.0 982.0 974.0 977.0 988.0 955.0 964.0 949.0 981.0 949.0 946.0 962.0 944.0 953.0 934.0 1021.0 930.0 927.0 919.0 950.0 1005.0 981.0 971.0 927.0 909.0 918.0 929.0 966.0 947.0 964.0 988.0 983.0 957.0 947.0 933.0 981.0 950.0 946.0 903.0 907.0 945.0 995.0 1015.0 982.0 966.0 999.0 941.0 966.0 876.0 889.0 908.0 941.0 957.0 912.0 910.0 917.0 934.0 933.0 931.0 897.0 896.0 877.0 896.0 1032.0 987.0 990.0 977.0 936.0 908.0 973.0 960.0 990.0 990.0 961.0 969.0 924.0 969.0 922.0 896.0 880.0 971.0 982.0 963.0 978.0 947.0 956.0 971.0 896.0 884.0 918.0 1050.0 1023.0 963.0 939.0 942.0 949.0 956.0 1003.0 963.0 942.0 941.0 1000.0 955.0 1002.0 973.0 981.0 962.0 933.0 974.0 1003.0 965.0 998.0 1005.0 973.0 982.0 989.0 975.0 901.0 907.0 953.0 966.0 964.0 974.0 952.0 950.0 957.0 911.0 868.0 859.0 888.0 931.0 971.0 878.0 899.0 897.0 978.0 942.0 930.0 899.0 929.0 964.0 955.0 955.0 933.0 947.0 970.0 985.0 950.0 943.0 891.0 913.0 882.0 940.0 955.0 949.0 934.0 954.0 973.0 936.0 969.0 950.0 949.0 963.0 963.0 977.0 928.0 927.0 941.0 815.0 819.0 826.0 922.0 982.0 949.0 994.0 957.0 965.0 968.0 964.0 957.0 969.0 1006.0 1036.0 970.0 936.0 966.0 959.0 964.0 966.0 965.0 970.0 992.0 976.0 979.0 971.0 957.0 960.0 950.0 946.0 1018.0 964.0 985.0 1021.0 937.0 939.0 928.0 954.0 966.0 974.0 1001.0 1035.0 1057.0 977.0 977.0 967.0 888.0 882.0 879.0 917.0 970.0 970.0 983.0 977.0 971.0 971.0 971.0 946.0 960.0 1033.0 936.0 932.0 903.0 958.1567944250871 42.02696205221965
10 470.0 411.0 411.0 524.0 525.0 498.0 540.0 474.0 536.0 512.0 462.0 594.0 586.0 620.0 469.0 670.0 530.0 523.0 518.0 490.0 518.0 486.0 466.0 552.0 484.0 496.0 496.0 628.0 448.0 490.0 514.0 530.0 497.0 497.0 577.0 506.0 509.0 506.0 573.0 452.0 532.0 522.0 534.0 517.0 496.0 548.0 480.0 501.0 486.0 524.0 549.0 549.0 481.0 480.0 516.0 496.0 478.0 534.0 502.0 509.0 499.0 496.0 488.0 539.0 497.0 506.0 499.0 511.0 490.0 561.0 482.0 521.0 486.0 482.0 528.0 487.0 484.0 493.0 509.0 502.0 529.0 494.0 477.0 487.0 497.0 492.0 528.0 480.0 501.0 501.0 496.0 472.0 498.0 544.0 559.0 485.0 483.0 432.0 491.0 495.0 489.0 520.0 518.0 486.0 509.0 472.0 445.0 460.0 491.0 466.0 504.0 473.0 472.0 504.0 493.0 494.0 516.0 458.0 435.0 484.0 512.0 527.0 535.0 483.0 462.0 457.0 471.0 476.0 487.0 501.0 482.0 488.0 518.0 490.0 544.0 465.0 486.0 466.0 578.0 513.0 525.0 513.0 505.0 495.0 551.0 441.0 461.0 482.0 496.0 452.0 447.0 506.0 509.0 515.0 492.0 479.0 474.0 474.0 483.0 477.0 540.0 533.0 503.0 465.0 505.0 483.0 511.0 495.0 490.0 484.0 501.0 483.0 517.0 509.0 466.0 469.0 551.0 503.0 499.0 519.0 503.0 493.0 505.0 488.0 440.0 418.0 472.0 474.0 492.0 539.0 456.0 466.0 491.0 494.0 474.0 468.0 473.0 538.0 526.0 491.0 482.0 474.0 529.0 521.0 508.0 481.0 469.0 484.0 491.0 498.0 480.0 532.0 495.0 498.0 522.0 504.0 493.0 492.0 500.0 489.0 504.0 494.0 473.0 473.0 497.0 497.0 410.0 411.0 520.0 513.0 502.0 489.0 530.0 556.0 518.0 492.0 490.0 495.0 521.0 566.0 554.0 557.0 500.0 505.0 513.0 504.0 513.0 495.0 516.0 503.0 496.0 574.0 503.0 502.0 508.0 500.0 481.0 524.0 514.0 501.0 476.0 492.0 499.0 508.0 557.0 523.0 486.0 495.0 507.0 530.0 524.0 491.0 514.0 451.0 450.0 487.0 469.0 591.0 518.0 511.0 506.0 482.0 530.0 523.0 533.0 507.0 567.0 501.18466898954705 33.44984830385466
11 642.0 626.0 626.0 626.0 616.0 670.0 655.0 662.0 715.0 636.0 662.0 634.0 631.0 650.0 720.0 710.0 754.0 729.0 713.0 670.0 649.0 641.0 639.0 634.0 643.0 685.0 672.0 675.0 662.0 585.0 681.0 638.0 744.0 655.0 646.0 649.0 657.0 646.0 648.0 650.0 631.0 585.0 653.0 645.0 677.0 682.0 663.0 657.0 637.0 637.0 632.0 639.0 671.0 679.0 633.0 634.0 673.0 651.0 668.0 667.0 659.0 656.0 664.0 693.0 641.0 652.0 654.0 661.0 643.0 630.0 569.0 580.0 629.0 644.0 638.0 608.0 593.0 618.0 625.0 631.0 678.0 658.0 645.0 605.0 603.0 638.0 639.0 627.0 656.0 631.0 622.0 677.0 643.0 646.0 663.0 619.0 618.0 628.0 584.0 603.0 717.0 640.0 568.0 686.0 635.0 630.0 644.0 583.0 578.0 591.0 636.0 627.0 615.0 617.0 621.0 632.0 617.0 623.0 602.0 584.0 650.0 627.0 650.0 671.0 647.0 636.0 597.0 598.0 609.0 626.0 641.0 638.0 627.0 631.0 645.0 630.0 656.0 668.0 642.0 627.0 699.0 658.0 651.0 631.0 636.0 601.0 601.0 601.0 618.0 625.0 573.0 577.0 580.0 635.0 637.0 640.0 637.0 651.0 638.0 608.0 647.0 625.0 585.0 668.0 632.0 588.0 623.0 647.0 649.0 636.0 620.0 631.0 651.0 660.0 667.0 649.0 643.0 650.0 644.0 650.0 654.0 624.0 634.0 661.0 630.0 636.0 565.0 596.0 604.0 622.0 614.0 636.0 602.0 614.0 631.0 640.0 621.0 612.0 643.0 635.0 632.0 634.0 621.0 631.0 640.0 662.0 655.0 626.0 630.0 637.0 578.0 630.0 633.0 656.0 640.0 648.0 647.0 642.0 615.0 621.0 640.0 644.0 654.0 616.0 601.0 596.0 626.0 571.0 534.0 562.0 636.0 652.0 647.0 653.0 654.0 661.0 637.0 630.0 636.0 641.0 646.0 724.0 689.0 675.0 628.0 626.0 625.0 641.0 660.0 652.0 664.0 684.0 651.0 667.0 654.0 656.0 656.0 636.0 650.0 657.0 672.0 659.0 642.0 645.0 611.0 621.0 673.0 682.0 648.0 645.0 646.0 687.0 670.0 642.0 593.0 586.0 590.0 627.0 626.0 662.0 656.0 670.0 646.0 649.0 657.0 665.0 664.0 639.2787456445993 30.52499264608376
12 8.0 8.0 8.0 8.0 8.0 8.0 8.0 8.0 8.0 8.0 8.0 8.0 8.0 8.0 8.0 8.0 8.0 8.0 8.0 8.0 8.0 8.0 8.0 8.0 8.0 8.0 8.0 8.0 8.0 8.0 8.0 8.0 8.0 8.0 8.0 8.0 8.0 8.0 8.0 8.0 8.0 8.0 8.0 8.0 8.0 8.0 8.0 8.0 8.0 8.0 8.0 7.0 7.0 8.0 8.0 8.0 8.0 8.0 8.0 8.0 8.0 8.0 8.0 8.0 8.0 8.0 8.0 8.0 8.0 8.0 8.0 8.0 8.0 8.0 7.0 7.0 7.0 7.0 7.0 7.0 7.0 8.0 8.0 8.0 8.0 7.0 7.0 7.0 7.0 8.0 7.0 7.0 7.0 7.0 7.0 7.0 7.0 8.0 8.0 7.0 7.0 8.0 7.0 7.0 7.0 8.0 8.0 8.0 8.0 7.0 9.0 9.0 9.0 9.0 8.0 8.0 8.0 7.0 7.0 7.0 7.0 7.0 8.0 8.0 7.0 7.0 7.0 7.0 8.0 7.0 7.0 7.0 7.0 8.0 8.0 8.0 8.0 8.0 8.0 8.0 7.0 7.0 7.0 7.0 8.0 8.0 8.0 8.0 7.0 8.0 8.0 8.0 6.0 6.0 6.0 6.0 6.0 6.0 6.0 8.0 8.0 8.0 6.0 6.0 6.0 6.0 7.0 7.0 8.0 8.0 8.0 8.0 8.0 8.0 8.0 8.0 8.0 8.0 8.0 8.0 8.0 7.0 7.0 8.0 8.0 8.0 8.0 6.0 6.0 6.0 8.0 8.0 8.0 8.0 8.0 8.0 8.0 8.0 7.0 7.0 7.0 7.0 8.0 7.0 8.0 8.0 8.0 8.0 8.0 8.0 7.0 8.0 8.0 8.0 8.0 8.0 8.0 8.0 7.0 8.0 8.0 8.0 8.0 8.0 8.0 8.0 8.0 8.0 8.0 7.0 7.0 7.0 7.0 7.0 7.0 7.0 7.0 8.0 8.0 7.0 8.0 8.0 8.0 8.0 8.0 7.0 7.0 7.0 7.0 7.0 7.0 7.0 7.0 7.0 7.0 8.0 8.0 8.0 8.0 8.0 8.0 8.0 8.0 8.0 8.0 8.0 8.0 8.0 8.0 8.0 8.0 8.0 8.0 8.0 8.0 8.0 7.0 7.0 7.0 7.0 7.0 7.0 7.0 8.0 8.0 8.0 8.0 7.634146341463415 0.5989074138774785
13 95.0 94.0 102.0 95.0 95.0 95.0 84.0 95.0 95.0 98.0 100.0 100.0 95.0 90.0 95.0 95.0 114.0 98.0 96.0 104.0 98.0 94.0 95.0 95.0 94.0 94.0 94.0 98.0 98.0 98.0 96.0 93.0 93.0 95.0 95.0 97.0 97.0 90.0 93.0 96.0 98.0 80.0 90.0 90.0 94.0 94.0 105.0 94.0 97.0 95.0 95.0 94.0 96.0 96.0 99.0 91.0 102.0 102.0 96.0 99.0 96.0 113.0 97.0 98.0 110.0 110.0 95.0 91.0 109.0 105.0 95.0 92.0 92.0 95.0 91.0 96.0 88.0 121.0 85.0 93.0 90.0 92.0 98.0 90.0 91.0 85.0 96.0 96.0 88.0 88.0 95.0 95.0 98.0 90.0 95.0 94.0 95.0 84.0 84.0 85.0 92.0 94.0 94.0 91.0 96.0 90.0 98.0 93.0 97.0 86.0 95.0 93.0 93.0 99.0 97.0 91.0 91.0 94.0 94.0 96.0 102.0 93.0 94.0 88.0 97.0 100.0 97.0 83.0 86.0 94.0 95.0 99.0 96.0 93.0 94.0 92.0 95.0 97.0 101.0 94.0 90.0 99.0 98.0 99.0 92.0 95.0 95.0 93.0 84.0 99.0 98.0 104.0 77.0 99.0 100.0 94.0 96.0 90.0 97.0 95.0 91.0 95.0 84.0 88.0 98.0 98.0 85.0 104.0 97.0 95.0 92.0 89.0 94.0 95.0 97.0 86.0 98.0 95.0 96.0 94.0 93.0 89.0 93.0 92.0 95.0 94.0 95.0 83.0 93.0 91.0 90.0 94.0 94.0 90.0 92.0 97.0 87.0 93.0 91.0 88.0 100.0 92.0 94.0 97.0 87.0 95.0 96.0 99.0 92.0 98.0 94.0 95.0 98.0 94.0 88.0 94.0 96.0 92.0 98.0 98.0 91.0 95.0 93.0 97.0 93.0 91.0 91.0 99.0 89.0 78.0 98.0 94.0 91.0 97.0 96.0 96.0 94.0 92.0 94.0 92.0 95.0 97.0 98.0 104.0 126.0 89.0 98.0 96.0 96.0 94.0 95.0 99.0 98.0 99.0 95.0 96.0 99.0 90.0 95.0 95.0 95.0 104.0 96.0 104.0 99.0 87.0 96.0 101.0 98.0 93.0 96.0 96.0 96.0 99.0 93.0 93.0 87.0 87.0 96.0 96.0 96.0 96.0 96.0 89.0 100.0 100.0 100.0 94.80836236933798 5.507928148007553
14 590.0 584.0 586.0 596.0 584.0 520.0 499.0 577.0 591.0 616.0 620.0 615.0 586.0 579.0 589.0 661.0 605.0 656.0 687.0 754.0 640.0 619.0 603.0 606.0 606.0 591.0 595.0 589.0 635.0 607.0 607.0 596.0 587.0 587.0 587.0 589.0 605.0 604.0 550.0 590.0 599.0 602.0 555.0 632.0 659.0 607.0 595.0 591.0 602.0 610.0 610.0 585.0 582.0 587.0 619.0 611.0 608.0 603.0 583.0 575.0 621.0 637.0 594.0 603.0 610.0 627.0 611.0 586.0 594.0 583.0 589.0 577.0 564.0 535.0 550.0 592.0 595.0 582.0 549.0 546.0 556.0 582.0 602.0 615.0 612.0 546.0 552.0 570.0 580.0 577.0 567.0 573.0 605.0 606.0 571.0 592.0 597.0 600.0 560.0 568.0 554.0 540.0 603.0 576.0 573.0 881.0 597.0 582.0 576.0 582.0 617.0 605.0 605.0 589.0 597.0 591.0 569.0 576.0 569.0 583.0 609.0 602.0 580.0 593.0 610.0 611.0 630.0 625.0 574.0 548.0 564.0 591.0 593.0 580.0 586.0 594.0 603.0 593.0 592.0 591.0 590.0 581.0 591.0 611.0 639.0 607.0 604.0 590.0 513.0 509.0 592.0 618.0 543.0 540.0 527.0 588.0 591.0 600.0 584.0 600.0 594.0 575.0 583.0 575.0 576.0 612.0 594.0 580.0 561.0 611.0 578.0 549.0 546.0 583.0 613.0 616.0 614.0 603.0 604.0 588.0 582.0 579.0 590.0 582.0 610.0 586.0 589.0 558.0 533.0 548.0 594.0 578.0 592.0 597.0 584.0 598.0 611.0 585.0 586.0 581.0 548.0 606.0 566.0 558.0 575.0 567.0 587.0 590.0 627.0 635.0 585.0 582.0 585.0 605.0 627.0 571.0 583.0 597.0 585.0 591.0 588.0 572.0 575.0 582.0 596.0 600.0 552.0 568.0 593.0 510.0 513.0 521.0 581.0 584.0 604.0 614.0 606.0 585.0 598.0 590.0 583.0 594.0 613.0 639.0 687.0 652.0 613.0 550.0 649.0 605.0 592.0 600.0 607.0 601.0 610.0 603.0 605.0 627.0 584.0 571.0 615.0 606.0 621.0 593.0 592.0 601.0 553.0 541.0 578.0 606.0 625.0 624.0 624.0 619.0 608.0 606.0 555.0 542.0 530.0 599.0 591.0 591.0 591.0 621.0 590.0 590.0 648.0 591.9721254355401 33.708529403663356
15 364.0 384.0 386.0 375.0 384.0 386.0 347.0 327.0 377.0 377.0 394.0 411.0 398.0 393.0 393.0 379.0 434.0 406.0 393.0 442.0 488.0 458.0 410.0 401.0 381.0 385.0 384.0 389.0 389.0 373.0 389.0 395.0 395.0 391.0 389.0 391.0 379.0 391.0 397.0 397.0 360.0 392.0 393.0 384.0 332.0 385.0 411.0 392.0 388.0 429.0 399.0 405.0 382.0 384.0 385.0 382.0 399.0 398.0 395.0 379.0 391.0 377.0 405.0 412.0 383.0 397.0 391.0 384.0 383.0 362.0 382.0 368.0 383.0 367.0 344.0 348.0 378.0 379.0 380.0 356.0 351.0 362.0 379.0 390.0 378.0 398.0 394.0 346.0 367.0 371.0 379.0 372.0 368.0 385.0 395.0 389.0 375.0 379.0 383.0 372.0 355.0 356.0 359.0 384.0 362.0 523.0 365.0 389.0 381.0 395.0 402.0 399.0 385.0 400.0 381.0 377.0 382.0 378.0 363.0 363.0 379.0 384.0 382.0 401.0 369.0 344.0 375.0 382.0 386.0 381.0 359.0 351.0 353.0 392.0 372.0 350.0 376.0 406.0 434.0 360.0 358.0 385.0 376.0 383.0 375.0 392.0 394.0 392.0 389.0 368.0 333.0 378.0 374.0 388.0 342.0 337.0 389.0 379.0 384.0 383.0 377.0 395.0 363.0 383.0 384.0 375.0 388.0 402.0 371.0 366.0 374.0 393.0 353.0 354.0 374.0 370.0 389.0 396.0 386.0 398.0 398.0 385.0 370.0 372.0 386.0 388.0 374.0 389.0 369.0 360.0 355.0 372.0 370.0 365.0 386.0 388.0 400.0 391.0 397.0 387.0 387.0 360.0 360.0 378.0 352.0 391.0 361.0 375.0 378.0 389.0 398.0 389.0 370.0 378.0 396.0 388.0 375.0 364.0 386.0 387.0 377.0 383.0 379.0 367.0 363.0 382.0 397.0 386.0 379.0 395.0 382.0 328.0 328.0 384.0 367.0 400.0 395.0 395.0 384.0 381.0 381.0 383.0 382.0 394.0 391.0 402.0 430.0 434.0 393.0 403.0 403.0 383.0 389.0 389.0 396.0 385.0 394.0 382.0 384.0 409.0 368.0 417.0 399.0 394.0 393.0 370.0 364.0 377.0 377.0 386.0 389.0 390.0 404.0 400.0 395.0 404.0 395.0 389.0 367.0 360.0 391.0 389.0 389.0 389.0 403.0 384.0 377.0 383.29965156794424 20.81505556897956
16 132.0 121.0 137.0 133.0 133.0 136.0 135.0 114.0 114.0 114.0 114.0 134.0 140.0 137.0 137.0 136.0 135.0 135.0 130.0 140.0 142.0 185.0 185.0 144.0 138.0 136.0 137.0 136.0 133.0 133.0 133.0 135.0 135.0 135.0 134.0 134.0 133.0 133.0 134.0 137.0 137.0 133.0 138.0 135.0 129.0 115.0 129.0 145.0 136.0 126.0 126.0 142.0 141.0 133.0 141.0 135.0 131.0 136.0 141.0 139.0 128.0 133.0 130.0 143.0 123.0 139.0 138.0 132.0 140.0 133.0 126.0 134.0 132.0 136.0 128.0 120.0 131.0 124.0 133.0 131.0 128.0 120.0 134.0 132.0 127.0 136.0 148.0 133.0 118.0 126.0 131.0 131.0 130.0 124.0 138.0 139.0 137.0 127.0 136.0 127.0 126.0 121.0 124.0 120.0 142.0 132.0 128.0 126.0 139.0 130.0 141.0 145.0 138.0 135.0 138.0 121.0 142.0 131.0 134.0 129.0 125.0 132.0 135.0 142.0 142.0 118.0 118.0 133.0 127.0 137.0 128.0 124.0 139.0 129.0 135.0 129.0 122.0 135.0 140.0 134.0 125.0 134.0 134.0 137.0 130.0 130.0 135.0 135.0 136.0 132.0 123.0 109.0 133.0 131.0 137.0 112.0 133.0 130.0 130.0 137.0 132.0 128.0 137.0 131.0 133.0 129.0 133.0 127.0 140.0 128.0 133.0 134.0 140.0 122.0 119.0 129.0 129.0 135.0 138.0 131.0 136.0 139.0 131.0 130.0 130.0 137.0 139.0 130.0 142.0 121.0 119.0 139.0 121.0 131.0 127.0 134.0 136.0 141.0 132.0 137.0 134.0 137.0 123.0 123.0 127.0 121.0 132.0 126.0 133.0 133.0 135.0 144.0 137.0 125.0 130.0 137.0 139.0 128.0 136.0 135.0 137.0 128.0 136.0 129.0 131.0 133.0 136.0 139.0 127.0 127.0 142.0 135.0 116.0 134.0 130.0 128.0 142.0 140.0 139.0 136.0 133.0 138.0 137.0 130.0 140.0 136.0 142.0 142.0 148.0 136.0 136.0 133.0 136.0 134.0 134.0 135.0 135.0 139.0 133.0 131.0 139.0 129.0 133.0 135.0 149.0 135.0 127.0 141.0 141.0 139.0 139.0 130.0 133.0 145.0 137.0 137.0 137.0 139.0 133.0 123.0 125.0 125.0 137.0 137.0 137.0 142.0 131.0 133.0836236933798 8.014408578609604
17 486.0 486.0 471.0 507.0 496.0 491.0 492.0 492.0 500.0 443.0 436.0 494.0 498.0 520.0 512.0 515.0 494.0 508.0 476.0 482.0 497.0 530.0 650.0 612.0 528.0 512.0 499.0 513.0 490.0 495.0 464.0 486.0 502.0 500.0 483.0 498.0 495.0 494.0 489.0 527.0 502.0 502.0 470.0 501.0 508.0 486.0 448.0 490.0 525.0 515.0 488.0 504.0 508.0 501.0 463.0 455.0 486.0 657.0 511.0 508.0 499.0 490.0 475.0 489.0 523.0 515.0 485.0 497.0 500.0 560.0 491.0 486.0 493.0 476.0 497.0 480.0 481.0 486.0 492.0 492.0 487.0 500.0 469.0 484.0 495.0 472.0 480.0 501.0 496.0 464.0 468.0 475.0 493.0 504.0 475.0 493.0 512.0 495.0 473.0 496.0 522.0 485.0 476.0 467.0 465.0 598.0 476.0 480.0 528.0 562.0 550.0 505.0 500.0 491.0 504.0 518.0 526.0 513.0 505.0 508.0 478.0 484.0 513.0 518.0 502.0 506.0 474.0 470.0 493.0 501.0 504.0 476.0 482.0 493.0 536.0 507.0 458.0 468.0 492.0 503.0 501.0 497.0 509.0 485.0 495.0 535.0 518.0 503.0 524.0 492.0 499.0 449.0 444.0 488.0 502.0 496.0 437.0 464.0 500.0 486.0 499.0 499.0 525.0 535.0 518.0 522.0 485.0 495.0 451.0 455.0 488.0 493.0 493.0 502.0 434.0 437.0 472.0 479.0 510.0 487.0 512.0 504.0 502.0 487.0 475.0 490.0 496.0 488.0 471.0 484.0 466.0 447.0 459.0 448.0 458.0 480.0 507.0 483.0 509.0 490.0 505.0 501.0 496.0 470.0 498.0 473.0 471.0 503.0 478.0 497.0 494.0 499.0 514.0 494.0 484.0 485.0 496.0 499.0 472.0 496.0 493.0 482.0 481.0 495.0 608.0 487.0 488.0 504.0 506.0 462.0 517.0 498.0 433.0 408.0 505.0 490.0 473.0 512.0 513.0 505.0 511.0 493.0 498.0 499.0 483.0 498.0 482.0 516.0 529.0 512.0 511.0 510.0 468.0 480.0 496.0 507.0 504.0 517.0 501.0 494.0 507.0 502.0 492.0 514.0 564.0 515.0 507.0 482.0 501.0 489.0 481.0 509.0 508.0 494.0 517.0 522.0 502.0 495.0 500.0 498.0 454.0 456.0 518.0 500.0 500.0 500.0 494.0 495.6132404181185 27.530280194267274
18 276.0 269.0 284.0 268.0 281.0 283.0 276.0 300.0 284.0 283.0 283.0 283.0 249.0 283.0 297.0 294.0 289.0 286.0 279.0 293.0 269.0 296.0 295.0 356.0 373.0 666.0 363.0 284.0 285.0 285.0 283.0 283.0 283.0 283.0 286.0 286.0 283.0 285.0 286.0 281.0 278.0 288.0 288.0 288.0 293.0 285.0 249.0 256.0 274.0 307.0 298.0 283.0 258.0 287.0 295.0 275.0 262.0 281.0 274.0 288.0 292.0 290.0 282.0 281.0 270.0 282.0 309.0 278.0 284.0 288.0 282.0 283.0 264.0 295.0 265.0 273.0 276.0 283.0 277.0 282.0 284.0 281.0 263.0 262.0 280.0 277.0 270.0 293.0 280.0 283.0 270.0 265.0 267.0 275.0 276.0 271.0 248.0 237.0 279.0 279.0 282.0 288.0 270.0 263.0 258.0 266.0 286.0 272.0 267.0 289.0 276.0 268.0 283.0 271.0 280.0 270.0 280.0 289.0 281.0 283.0 282.0 279.0 272.0 275.0 291.0 292.0 276.0 278.0 274.0 278.0 273.0 292.0 278.0 257.0 275.0 277.0 285.0 269.0 258.0 279.0 287.0 277.0 282.0 270.0 270.0 278.0 278.0 283.0 280.0 353.0 262.0 274.0 266.0 269.0 275.0 278.0 285.0 259.0 280.0 280.0 283.0 277.0 275.0 284.0 275.0 274.0 287.0 285.0 283.0 249.0 246.0 273.0 278.0 279.0 287.0 252.0 262.0 272.0 264.0 282.0 288.0 282.0 291.0 288.0 286.0 266.0 279.0 281.0 271.0 276.0 280.0 264.0 256.0 264.0 254.0 267.0 268.0 275.0 269.0 293.0 279.0 286.0 284.0 279.0 274.0 286.0 275.0 274.0 278.0 273.0 287.0 277.0 282.0 293.0 297.0 278.0 275.0 286.0 295.0 283.0 265.0 281.0 281.0 289.0 286.0 303.0 271.0 272.0 283.0 289.0 285.0 297.0 297.0 291.0 249.0 288.0 280.0 265.0 280.0 296.0 290.0 287.0 284.0 282.0 280.0 279.0 302.0 280.0 298.0 296.0 288.0 307.0 307.0 295.0 278.0 282.0 284.0 296.0 286.0 296.0 282.0 287.0 288.0 271.0 289.0 291.0 297.0 295.0 276.0 274.0 284.0 273.0 341.0 283.0 285.0 298.0 299.0 286.0 295.0 282.0 290.0 259.0 261.0 314.0 285.0 285.0 243.0 282.390243902439 27.561900624307807
19 362.0 362.0 362.0 362.0 337.0 475.0 378.0 363.0 369.0 369.0 376.0 376.0 344.0 371.0 374.0 384.0 389.0 388.0 366.0 349.0 361.0 364.0 387.0 397.0 389.0 389.0 739.0 392.0 378.0 379.0 376.0 373.0 369.0 359.0 381.0 392.0 392.0 368.0 419.0 368.0 369.0 360.0 378.0 380.0 377.0 390.0 384.0 359.0 345.0 357.0 389.0 383.0 388.0 340.0 384.0 389.0 343.0 329.0 366.0 364.0 374.0 379.0 373.0 377.0 373.0 347.0 377.0 401.0 360.0 372.0 378.0 379.0 379.0 348.0 417.0 393.0 368.0 336.0 367.0 366.0 368.0 379.0 368.0 348.0 340.0 377.0 376.0 370.0 424.0 373.0 370.0 360.0 349.0 349.0 399.0 366.0 363.0 317.0 341.0 339.0 362.0 380.0 381.0 361.0 350.0 335.0 356.0 373.0 361.0 356.0 352.0 438.0 383.0 372.0 387.0 359.0 363.0 360.0 363.0 381.0 379.0 339.0 328.0 358.0 354.0 372.0 377.0 370.0 348.0 347.0 364.0 363.0 377.0 380.0 368.0 368.0 404.0 372.0 351.0 339.0 376.0 408.0 374.0 364.0 359.0 356.0 367.0 375.0 363.0 369.0 432.0 360.0 373.0 372.0 363.0 361.0 376.0 379.0 342.0 370.0 363.0 365.0 354.0 334.0 374.0 362.0 393.0 433.0 384.0 366.0 336.0 333.0 381.0 365.0 373.0 350.0 339.0 335.0 354.0 355.0 372.0 375.0 385.0 379.0 384.0 373.0 349.0 364.0 358.0 358.0 361.0 362.0 342.0 343.0 347.0 335.0 343.0 361.0 363.0 352.0 392.0 369.0 376.0 407.0 365.0 353.0 367.0 375.0 372.0 352.0 357.0 369.0 367.0 381.0 382.0 359.0 360.0 358.0 374.0 374.0 369.0 469.0 404.0 382.0 351.0 369.0 372.0 352.0 366.0 370.0 379.0 361.0 391.0 362.0 322.0 315.0 372.0 375.0 354.0 376.0 391.0 388.0 378.0 375.0 370.0 369.0 368.0 366.0 383.0 379.0 390.0 377.0 419.0 419.0 419.0 356.0 365.0 378.0 379.0 368.0 387.0 376.0 368.0 380.0 356.0 379.0 379.0 390.0 369.0 368.0 360.0 370.0 358.0 358.0 377.0 375.0 372.0 435.0 389.0 378.0 373.0 384.0 344.0 343.0 412.0 377.0 369.0 371.602787456446 30.203084046322456
20 9.0 9.0 9.0 9.0 9.0 9.0 9.0 9.0 9.0 9.0 8.0 8.0 8.0 8.0 8.0 8.0 8.0 9.0 9.0 9.0 9.0 9.0 9.0 9.0 9.0 9.0 9.0 9.0 9.0 9.0 9.0 9.0 8.0 8.0 8.0 8.0 8.0 8.0 8.0 8.0 8.0 8.0 8.0 9.0 9.0 9.0 9.0 9.0 9.0 9.0 9.0 9.0 8.0 8.0 7.0 7.0 7.0 7.0 7.0 7.0 7.0 7.0 7.0 7.0 7.0 7.0 7.0 7.0 9.0 8.0 8.0 8.0 9.0 8.0 8.0 8.0 8.0 7.0 7.0 7.0 7.0 7.0 7.0 8.0 8.0 7.0 7.0 7.0 8.0 8.0 7.0 9.0 7.0 7.0 8.0 9.0 8.0 8.0 8.0 8.0 9.0 9.0 9.0 8.0 8.0 8.0 7.0 7.0 7.0 7.0 7.0 7.0 8.0 8.0 8.0 8.0 8.0 7.0 7.0 7.0 9.0 8.0 7.0 7.0 7.0 7.0 7.0 7.0 7.0 7.0 8.0 8.0 8.0 9.0 8.0 8.0 8.0 8.0 8.0 8.0 8.0 9.0 9.0 9.0 8.0 8.0 8.0 8.0 8.0 8.0 8.0 8.0 8.0 9.0 9.0 9.0 9.0 9.0 9.0 9.0 9.0 9.0 9.0 7.0 9.0 9.0 8.0 9.0 9.0 8.0 8.0 7.0 7.0 7.0 8.0 9.0 9.0 7.0 8.0 8.0 8.0 8.0 8.0 8.0 8.0 8.0 8.0 7.0 9.0 8.0 8.0 8.0 8.0 8.0 8.0 7.0 7.0 7.0 7.0 8.0 8.0 8.0 8.0 9.0 9.0 9.0 8.0 8.0 8.0 8.0 8.0 8.0 8.0 8.0 8.0 7.0 7.0 8.0 8.0 8.0 8.0 7.0 7.0 9.0 9.0 9.0 9.0 9.0 9.0 8.0 8.0 8.0 8.0 9.0 9.0 7.0 7.0 7.0 7.0 7.0 7.0 10.0 8.0 8.0 8.0 8.0 8.0 8.0 8.0 8.0 8.0 9.0 9.0 9.0 9.0 9.0 9.0 9.0 9.0 9.0 9.0 8.0 9.0 9.0 9.0 9.0 9.0 9.0 9.0 9.0 8.0 8.0 8.0 8.0 8.0 8.0 8.0 8.0 8.0 8.0 8.0 8.0 9.0 8.0 8.0 8.0 8.0 8.111498257839722 0.7395709769130071
21 199.0 199.0 186.0 186.0 186.0 178.0 196.0 196.0 197.0 195.0 196.0 197.0 197.0 197.0 197.0 197.0 207.0 205.0 205.0 197.0 188.0 196.0 188.0 207.0 207.0 207.0 199.0 199.0 207.0 197.0 199.0 199.0 195.0 195.0 195.0 200.0 202.0 202.0 196.0 191.0 191.0 196.0 193.0 200.0 200.0 200.0 186.0 197.0 195.0 195.0 187.0 191.0 204.0 199.0 183.0 200.0 205.0 192.0 173.0 196.0 189.0 196.0 201.0 197.0 198.0 199.0 192.0 190.0 209.0 202.0 197.0 199.0 197.0 200.0 189.0 214.0 197.0 167.0 180.0 191.0 189.0 194.0 192.0 194.0 190.0 181.0 191.0 199.0 203.0 198.0 188.0 191.0 188.0 183.0 189.0 194.0 195.0 187.0 174.0 193.0 193.0 192.0 200.0 204.0 187.0 187.0 181.0 198.0 202.0 195.0 185.0 198.0 289.0 194.0 192.0 198.0 193.0 189.0 185.0 193.0 201.0 204.0 181.0 196.0 189.0 188.0 198.0 202.0 196.0 177.0 186.0 190.0 183.0 207.0 193.0 186.0 205.0 197.0 197.0 186.0 183.0 197.0 198.0 195.0 195.0 191.0 191.0 193.0 200.0 195.0 195.0 298.0 196.0 197.0 204.0 187.0 191.0 193.0 197.0 188.0 194.0 196.0 191.0 169.0 185.0 206.0 190.0 201.0 207.0 195.0 200.0 174.0 182.0 190.0 197.0 198.0 195.0 187.0 196.0 191.0 181.0 195.0 197.0 206.0 199.0 200.0 204.0 186.0 194.0 191.0 188.0 187.0 202.0 180.0 186.0 179.0 182.0 186.0 192.0 194.0 189.0 207.0 196.0 197.0 201.0 196.0 190.0 194.0 203.0 199.0 184.0 175.0 205.0 191.0 196.0 206.0 187.0 187.0 194.0 197.0 196.0 196.0 191.0 201.0 206.0 184.0 198.0 197.0 186.0 193.0 194.0 198.0 188.0 220.0 220.0 174.0 177.0 199.0 196.0 180.0 215.0 210.0 206.0 199.0 192.0 195.0 198.0 203.0 193.0 204.0 204.0 222.0 181.0 236.0 205.0 190.0 199.0 203.0 199.0 196.0 200.0 206.0 196.0 189.0 195.0 190.0 200.0 195.0 214.0 214.0 197.0 192.0 198.0 195.0 195.0 194.0 197.0 197.0 203.0 212.0 200.0 192.0 209.0 180.0 189.0 221.0 221.0 195.7665505226481 12.156519860652494
22 120.0 120.0 120.0 120.0 120.0 120.0 120.0 122.0 105.0 130.0 130.0 120.0 120.0 120.0 120.0 120.0 123.0 126.0 126.0 126.0 126.0 116.0 120.0 120.0 128.0 126.0 126.0 122.0 132.0 124.0 122.0 124.0 124.0 118.0 118.0 116.0 126.0 126.0 126.0 122.0 114.0 121.0 121.0 120.0 126.0 126.0 126.0 122.0 120.0 105.0 116.0 116.0 131.0 120.0 122.0 126.0 122.0 123.0 106.0 118.0 139.0 120.0 125.0 121.0 121.0 121.0 120.0 103.0 103.0 112.0 120.0 124.0 119.0 121.0 113.0 132.0 121.0 124.0 109.0 120.0 108.0 119.0 101.0 117.0 114.0 115.0 113.0 113.0 119.0 114.0 127.0 127.0 119.0 110.0 117.0 112.0 126.0 116.0 114.0 121.0 119.0 118.0 113.0 125.0 113.0 117.0 120.0 112.0 123.0 123.0 121.0 129.0 111.0 124.0 127.0 117.0 123.0 113.0 115.0 116.0 115.0 129.0 119.0 124.0 118.0 115.0 121.0 121.0 120.0 125.0 119.0 120.0 113.0 101.0 123.0 116.0 121.0 112.0 127.0 122.0 121.0 116.0 121.0 122.0 117.0 119.0 127.0 117.0 116.0 127.0 123.0 110.0 119.0 119.0 118.0 117.0 117.0 114.0 123.0 107.0 119.0 123.0 118.0 119.0 105.0 116.0 159.0 120.0 123.0 121.0 121.0 122.0 103.0 123.0 116.0 124.0 119.0 118.0 112.0 112.0 112.0 123.0 109.0 124.0 124.0 120.0 121.0 121.0 117.0 117.0 111.0 123.0 126.0 114.0 104.0 111.0 110.0 122.0 116.0 119.0 109.0 120.0 119.0 119.0 120.0 111.0 114.0 121.0 121.0 126.0 112.0 105.0 112.0 117.0 118.0 123.0 123.0 123.0 112.0 121.0 123.0 135.0 119.0 119.0 126.0 124.0 118.0 123.0 125.0 116.0 119.0 124.0 135.0 120.0 120.0 107.0 102.0 122.0 124.0 113.0 113.0 120.0 127.0 123.0 118.0 119.0 121.0 121.0 112.0 118.0 118.0 118.0 118.0 128.0 134.0 134.0 134.0 112.0 125.0 122.0 120.0 126.0 123.0 119.0 123.0 115.0 115.0 123.0 118.0 118.0 125.0 120.0 122.0 129.0 129.0 117.0 120.0 120.0 120.0 131.0 131.0 113.0 128.0 134.0 120.0 123.0 117.0 119.72822299651568 6.717267539323854
23 242.0 242.0 243.0 217.0 233.0 233.0 233.0 231.0 244.0 234.0 242.0 210.0 235.0 239.0 239.0 239.0 230.0 235.0 242.0 240.0 240.0 219.0 226.0 226.0 230.0 242.0 248.0 235.0 235.0 238.0 229.0 242.0 242.0 231.0 250.0 242.0 237.0 238.0 238.0 230.0 223.0 223.0 230.0 231.0 235.0 305.0 235.0 222.0 235.0 202.0 223.0 220.0 224.0 231.0 230.0 236.0 241.0 241.0 214.0 209.0 266.0 237.0 231.0 239.0 226.0 231.0 231.0 222.0 213.0 226.0 228.0 231.0 239.0 229.0 233.0 227.0 238.0 232.0 210.0 222.0 231.0 217.0 234.0 239.0 232.0 228.0 214.0 224.0 242.0 220.0 218.0 235.0 223.0 213.0 222.0 212.0 209.0 232.0 211.0 206.0 232.0 234.0 226.0 232.0 234.0 225.0 225.0 203.0 230.0 224.0 206.0 214.0 249.0 215.0 297.0 233.0 236.0 235.0 224.0 216.0 229.0 233.0 224.0 234.0 228.0 229.0 239.0 240.0 245.0 237.0 216.0 219.0 229.0 197.0 239.0 232.0 218.0 237.0 234.0 233.0 211.0 226.0 225.0 233.0 233.0 233.0 221.0 232.0 225.0 238.0 236.0 235.0 254.0 229.0 212.0 230.0 217.0 228.0 216.0 235.0 209.0 228.0 236.0 228.0 191.0 216.0 288.0 262.0 236.0 239.0 250.0 225.0 200.0 234.0 224.0 234.0 245.0 236.0 219.0 214.0 219.0 213.0 197.0 234.0 230.0 232.0 233.0 243.0 246.0 231.0 209.0 214.0 230.0 231.0 238.0 208.0 220.0 213.0 227.0 218.0 201.0 231.0 235.0 228.0 230.0 232.0 234.0 222.0 227.0 229.0 229.0 203.0 204.0 224.0 232.0 227.0 237.0 243.0 223.0 226.0 231.0 228.0 225.0 222.0 211.0 239.0 233.0 229.0 232.0 225.0 225.0 226.0 233.0 237.0 237.0 237.0 201.0 199.0 232.0 233.0 212.0 212.0 239.0 243.0 233.0 227.0 230.0 229.0 228.0 232.0 220.0 220.0 220.0 215.0 257.0 264.0 222.0 226.0 241.0 234.0 230.0 257.0 243.0 231.0 224.0 232.0 227.0 232.0 249.0 247.0 239.0 228.0 218.0 229.0 226.0 234.0 223.0 231.0 233.0 235.0 249.0 233.0 221.0 246.0 215.0 216.0 240.0 229.61324041811847 13.59582279617288
24 41.0 49.0 49.0 49.0 62.0 62.0 62.0 62.0 41.0 43.0 42.0 42.0 36.0 42.0 42.0 55.0 49.0 42.0 42.0 42.0 42.0 42.0 53.0 40.0 78.0 78.0 78.0 78.0 78.0 78.0 45.0 45.0 44.0 52.0 42.0 53.0 53.0 44.0 51.0 51.0 40.0 53.0 53.0 53.0 43.0 43.0 75.0 47.0 42.0 85.0 128.0 46.0 48.0 58.0 45.0 41.0 41.0 41.0 57.0 44.0 40.0 42.0 57.0 45.0 41.0 48.0 48.0 40.0 36.0 52.0 46.0 44.0 49.0 43.0 45.0 45.0 38.0 41.0 44.0 40.0 40.0 40.0 45.0 44.0 43.0 43.0 37.0 40.0 56.0 39.0 43.0 42.0 46.0 42.0 49.0 40.0 41.0 47.0 40.0 38.0 52.0 57.0 43.0 40.0 44.0 42.0 41.0 43.0 44.0 40.0 40.0 35.0 38.0 43.0 47.0 59.0 42.0 42.0 42.0 52.0 42.0 41.0 42.0 40.0 45.0 46.0 45.0 45.0 42.0 46.0 41.0 38.0 42.0 41.0 41.0 45.0 40.0 43.0 38.0 45.0 36.0 41.0 48.0 43.0 49.0 46.0 43.0 40.0 42.0 41.0 46.0 46.0 47.0 44.0 41.0 43.0 57.0 41.0 45.0 46.0 41.0 58.0 82.0 45.0 45.0 35.0 40.0 44.0 38.0 42.0 44.0 41.0 41.0 41.0 58.0 43.0 48.0 46.0 42.0 45.0 40.0 40.0 41.0 40.0 45.0 36.0 46.0 44.0 46.0 54.0 40.0 40.0 46.0 45.0 71.0 38.0 43.0 47.0 44.0 39.0 42.0 51.0 45.0 41.0 38.0 44.0 40.0 38.0 38.0 38.0 49.0 56.0 38.0 45.0 49.0 41.0 54.0 48.0 51.0 41.0 46.0 45.0 54.0 42.0 48.0 44.0 44.0 42.0 52.0 41.0 39.0 39.0 43.0 48.0 69.0 69.0 39.0 37.0 37.0 46.0 53.0 53.0 53.0 43.0 42.0 42.0 41.0 48.0 42.0 40.0 51.0 51.0 51.0 51.0 39.0 51.0 51.0 52.0 52.0 49.0 46.0 43.0 42.0 42.0 42.0 42.0 41.0 38.0 41.0 38.0 38.0 51.0 38.0 42.0 43.0 43.0 45.0 45.0 45.0 45.0 44.0 44.0 38.0 65.0 46.0 38.0 38.0 46.17770034843206 9.732063882876263
25 127.0 129.0 129.0 129.0 117.0 117.0 117.0 117.0 125.0 126.0 127.0 128.0 125.0 124.0 127.0 127.0 132.0 124.0 123.0 128.0 128.0 128.0 121.0 126.0 123.0 119.0 128.0 128.0 119.0 119.0 126.0 126.0 124.0 122.0 122.0 122.0 126.0 131.0 128.0 128.0 122.0 122.0 121.0 121.0 123.0 123.0 122.0 122.0 117.0 124.0 113.0 113.0 124.0 124.0 120.0 122.0 122.0 124.0 126.0 121.0 121.0 123.0 121.0 120.0 125.0 121.0 127.0 121.0 132.0 123.0 112.0 120.0 129.0 116.0 122.0 122.0 120.0 123.0 125.0 123.0 125.0 118.0 120.0 121.0 120.0 118.0 127.0 114.0 123.0 119.0 115.0 121.0 122.0 120.0 116.0 119.0 112.0 122.0 124.0 115.0 122.0 121.0 113.0 117.0 119.0 125.0 121.0 120.0 114.0 125.0 102.0 107.0 113.0 114.0 117.0 167.0 130.0 120.0 124.0 117.0 123.0 120.0 126.0 117.0 124.0 118.0 118.0 122.0 113.0 123.0 115.0 115.0 120.0 120.0 112.0 123.0 124.0 116.0 124.0 118.0 108.0 110.0 120.0 121.0 119.0 125.0 122.0 105.0 121.0 120.0 127.0 128.0 128.0 124.0 119.0 121.0 118.0 117.0 122.0 119.0 123.0 124.0 133.0 123.0 118.0 97.0 109.0 127.0 111.0 123.0 121.0 126.0 120.0 115.0 126.0 122.0 119.0 128.0 120.0 122.0 113.0 114.0 110.0 121.0 125.0 110.0 123.0 127.0 126.0 130.0 120.0 108.0 123.0 126.0 124.0 118.0 115.0 120.0 124.0 116.0 121.0 121.0 127.0 124.0 110.0 124.0 116.0 117.0 116.0 123.0 123.0 119.0 109.0 107.0 113.0 120.0 123.0 126.0 126.0 123.0 121.0 128.0 156.0 118.0 125.0 121.0 130.0 126.0 123.0 117.0 125.0 118.0 124.0 128.0 125.0 113.0 108.0 105.0 117.0 122.0 120.0 127.0 127.0 129.0 126.0 125.0 120.0 122.0 126.0 119.0 122.0 122.0 122.0 122.0 118.0 142.0 142.0 125.0 125.0 133.0 127.0 123.0 124.0 130.0 121.0 119.0 117.0 116.0 133.0 118.0 118.0 118.0 123.0 123.0 123.0 110.0 123.0 118.0 121.0 123.0 123.0 126.0 126.0 121.0 137.0 114.0 123.0 121.59581881533101 6.762482626059503
26 218.0 226.0 222.0 222.0 208.0 227.0 227.0 227.0 211.0 226.0 242.0 219.0 192.0 207.0 216.0 210.0 222.0 216.0 215.0 220.0 220.0 220.0 197.0 209.0 208.0 231.0 210.0 220.0 205.0 205.0 214.0 225.0 226.0 227.0 210.0 213.0 213.0 213.0 219.0 218.0 220.0 227.0 219.0 209.0 209.0 226.0 207.0 213.0 210.0 212.0 198.0 191.0 210.0 214.0 214.0 211.0 211.0 217.0 214.0 215.0 209.0 205.0 206.0 215.0 223.0 211.0 218.0 199.0 200.0 211.0 213.0 212.0 212.0 210.0 188.0 212.0 206.0 215.0 217.0 216.0 206.0 250.0 196.0 206.0 204.0 215.0 206.0 191.0 204.0 210.0 209.0 201.0 212.0 212.0 206.0 202.0 197.0 201.0 219.0 213.0 212.0 235.0 205.0 206.0 216.0 240.0 221.0 209.0 218.0 227.0 220.0 205.0 216.0 216.0 229.0 317.0 218.0 226.0 231.0 211.0 244.0 227.0 222.0 219.0 221.0 257.0 217.0 232.0 237.0 218.0 230.0 222.0 239.0 218.0 205.0 219.0 233.0 229.0 245.0 234.0 242.0 218.0 232.0 224.0 224.0 222.0 226.0 200.0 205.0 232.0 215.0 233.0 227.0 243.0 222.0 225.0 215.0 214.0 237.0 212.0 221.0 237.0 235.0 241.0 218.0 183.0 201.0 200.0 213.0 186.0 212.0 212.0 207.0 211.0 208.0 218.0 208.0 221.0 212.0 207.0 195.0 199.0 186.0 207.0 213.0 220.0 227.0 213.0 222.0 228.0 208.0 198.0 201.0 207.0 205.0 213.0 199.0 215.0 211.0 212.0 199.0 209.0 214.0 220.0 213.0 187.0 184.0 202.0 214.0 205.0 205.0 250.0 180.0 180.0 194.0 214.0 205.0 214.0 223.0 215.0 207.0 214.0 209.0 178.0 182.0 199.0 214.0 214.0 204.0 208.0 206.0 206.0 208.0 212.0 217.0 215.0 218.0 192.0 189.0 189.0 210.0 202.0 237.0 207.0 225.0 224.0 206.0 208.0 208.0 207.0 209.0 215.0 215.0 207.0 204.0 219.0 263.0 213.0 210.0 210.0 223.0 209.0 210.0 214.0 215.0 203.0 211.0 206.0 184.0 213.0 205.0 205.0 215.0 201.0 218.0 209.0 209.0 212.0 211.0 226.0 208.0 224.0 218.0 200.0 224.0 200.0 195.0 213.93728222996515 14.330376446255565
27 641.0 644.0 656.0 653.0 661.0 615.0 599.0 599.0 632.0 619.0 626.0 632.0 640.0 645.0 629.0 635.0 647.0 628.0 643.0 623.0 640.0 646.0 651.0 597.0 612.0 634.0 621.0 635.0 650.0 659.0 642.0 676.0 650.0 658.0 632.0 707.0 615.0 624.0 622.0 644.0 625.0 661.0 617.0 617.0 622.0 620.0 621.0 640.0 713.0 732.0 624.0 595.0 615.0 598.0 618.0 609.0 614.0 599.0 690.0 679.0 649.0 624.0 613.0 609.0 613.0 706.0 638.0 636.0 618.0 636.0 605.0 606.0 626.0 625.0 641.0 616.0 634.0 620.0 643.0 629.0 668.0 619.0 623.0 597.0 605.0 722.0 636.0 637.0 590.0 584.0 629.0 606.0 660.0 635.0 633.0 623.0 592.0 589.0 571.0 600.0 618.0 607.0 631.0 585.0 606.0 610.0 612.0 613.0 598.0 587.0 595.0 642.0 570.0 585.0 581.0 599.0 613.0 667.0 621.0 621.0 625.0 610.0 627.0 603.0 627.0 610.0 611.0 593.0 579.0 628.0 618.0 631.0 633.0 633.0 670.0 579.0 549.0 628.0 556.0 535.0 599.0 624.0 593.0 595.0 607.0 605.0 620.0 656.0 566.0 543.0 545.0 656.0 643.0 638.0 637.0 646.0 649.0 600.0 629.0 609.0 603.0 595.0 605.0 698.0 656.0 574.0 539.0 571.0 587.0 579.0 620.0 615.0 650.0 602.0 586.0 575.0 571.0 610.0 608.0 589.0 624.0 592.0 611.0 588.0 573.0 565.0 553.0 622.0 627.0 619.0 633.0 615.0 624.0 566.0 592.0 577.0 567.0 539.0 545.0 608.0 603.0 620.0 614.0 615.0 633.0 608.0 585.0 578.0 591.0 554.0 605.0 663.0 621.0 536.0 536.0 606.0 630.0 615.0 631.0 558.0 553.0 591.0 619.0 648.0 540.0 603.0 607.0 607.0 635.0 595.0 567.0 618.0 612.0 596.0 660.0 565.0 583.0 536.0 540.0 557.0 563.0 607.0 617.0 619.0 599.0 632.0 649.0 623.0 609.0 631.0 623.0 606.0 609.0 621.0 626.0 638.0 636.0 669.0 664.0 615.0 634.0 615.0 628.0 634.0 617.0 626.0 619.0 662.0 574.0 585.0 602.0 624.0 622.0 612.0 596.0 633.0 640.0 638.0 602.0 617.0 676.0 638.0 644.0 737.0 609.0 639.0 586.0 616.1498257839721 33.56189134522729
28 7.0 7.0 7.0 7.0 7.0 7.0 7.0 7.0 7.0 7.0 7.0 7.0 7.0 7.0 7.0 7.0 7.0 7.0 7.0 7.0 7.0 7.0 7.0 7.0 7.0 7.0 7.0 7.0 7.0 7.0 7.0 7.0 7.0 7.0 7.0 7.0 7.0 7.0 7.0 7.0 7.0 7.0 7.0 7.0 7.0 7.0 7.0 7.0 7.0 7.0 7.0 7.0 7.0 7.0 7.0 7.0 7.0 7.0 7.0 7.0 7.0 7.0 7.0 7.0 7.0 7.0 7.0 7.0 7.0 7.0 7.0 7.0 7.0 7.0 7.0 7.0 7.0 7.0 7.0 7.0 8.0 8.0 8.0 8.0 8.0 8.0 8.0 8.0 8.0 7.0 7.0 7.0 7.0 7.0 7.0 8.0 8.0 8.0 7.0 7.0 7.0 7.0 7.0 7.0 7.0 7.0 7.0 8.0 7.0 7.0 8.0 7.0 8.0 8.0 8.0 7.0 7.0 7.0 7.0 8.0 8.0 8.0 8.0 8.0 8.0 8.0 8.0 8.0 7.0 7.0 7.0 7.0 7.0 7.0 7.0 7.0 7.0 7.0 7.0 6.0 6.0 6.0 6.0 6.0 7.0 7.0 8.0 8.0 6.0 6.0 7.0 7.0 7.0 8.0 8.0 7.0 9.0 9.0 7.0 7.0 8.0 8.0 8.0 7.0 7.0 7.0 7.0 7.0 7.0 7.0 8.0 7.0 7.0 7.0 7.0 7.0 7.0 7.0 7.0 7.0 8.0 8.0 8.0 8.0 7.0 7.0 7.0 8.0 8.0 8.0 8.0 8.0 8.0 8.0 8.0 8.0 7.0 7.0 6.0 6.0 6.0 7.0 8.0 8.0 8.0 8.0 9.0 7.0 7.0 7.0 7.0 8.0 8.0 8.0 7.0 7.0 7.0 7.0 7.0 7.0 7.0 7.0 7.0 7.0 7.0 6.0 6.0 6.0 7.0 8.0 7.0 7.0 7.0 7.0 7.0 7.0 7.0 7.0 7.0 7.0 7.0 9.0 9.0 9.0 9.0 9.0 9.0 9.0 9.0 9.0 9.0 9.0 9.0 9.0 9.0 9.0 9.0 9.0 9.0 9.0 9.0 9.0 8.0 8.0 8.0 8.0 8.0 8.0 8.0 8.0 7.0 7.0 7.0 7.0 7.0 7.0 7.0 7.0 7.0 7.0 7.0 7.0 7.0 7.0 7.0 7.0 7.0 7.341463414634145 0.6959839474624124
29 190.0 198.0 196.0 196.0 201.0 206.0 206.0 184.0 184.0 184.0 188.0 187.0 187.0 199.0 195.0 173.0 189.0 194.0 186.0 195.0 189.0 187.0 197.0 195.0 195.0 175.0 196.0 188.0 189.0 201.0 196.0 193.0 199.0 188.0 197.0 189.0 188.0 186.0 186.0 186.0 199.0 184.0 190.0 181.0 184.0 190.0 191.0 188.0 197.0 188.0 182.0 191.0 186.0 175.0 193.0 187.0 173.0 184.0 188.0 191.0 183.0 199.0 189.0 186.0 185.0 184.0 187.0 195.0 195.0 187.0 186.0 182.0 178.0 183.0 193.0 191.0 190.0 185.0 186.0 185.0 188.0 189.0 191.0 186.0 186.0 179.0 183.0 192.0 187.0 184.0 169.0 185.0 186.0 177.0 184.0 189.0 182.0 178.0 175.0 174.0 177.0 187.0 185.0 183.0 187.0 181.0 179.0 185.0 182.0 188.0 188.0 175.0 188.0 180.0 190.0 172.0 187.0 184.0 199.0 189.0 197.0 204.0 180.0 190.0 185.0 178.0 188.0 187.0 172.0 179.0 185.0 186.0 186.0 177.0 178.0 197.0 173.0 170.0 191.0 191.0 181.0 183.0 186.0 196.0 176.0 189.0 184.0 182.0 189.0 189.0 160.0 186.0 186.0 189.0 196.0 189.0 197.0 185.0 179.0 181.0 184.0 188.0 182.0 180.0 185.0 195.0 189.0 159.0 172.0 186.0 182.0 170.0 199.0 190.0 187.0 177.0 165.0 164.0 190.0 183.0 172.0 190.0 181.0 182.0 176.0 171.0 168.0 169.0 188.0 194.0 187.0 192.0 192.0 182.0 172.0 186.0 176.0 180.0 161.0 166.0 184.0 185.0 187.0 191.0 188.0 189.0 189.0 175.0 174.0 176.0 172.0 172.0 186.0 194.0 186.0 165.0 180.0 186.0 190.0 182.0 191.0 168.0 185.0 182.0 195.0 163.0 171.0 185.0 185.0 186.0 199.0 185.0 183.0 185.0 189.0 179.0 191.0 191.0 174.0 185.0 164.0 188.0 187.0 193.0 188.0 174.0 186.0 211.0 188.0 184.0 193.0 189.0 180.0 186.0 193.0 188.0 182.0 184.0 189.0 225.0 189.0 179.0 195.0 188.0 185.0 188.0 189.0 193.0 189.0 173.0 171.0 182.0 185.0 185.0 188.0 185.0 185.0 186.0 185.0 190.0 183.0 189.0 189.0 189.0 203.0 171.0 185.0 185.4425087108014 8.645869176908965
30 350.0 350.0 369.0 365.0 366.0 372.0 385.0 346.0 356.0 356.0 338.0 353.0 346.0 366.0 346.0 361.0 358.0 358.0 358.0 355.0 367.0 362.0 353.0 368.0 364.0 316.0 345.0 361.0 358.0 352.0 365.0 374.0 365.0 361.0 355.0 366.0 359.0 349.0 353.0 353.0 353.0 363.0 350.0 360.0 344.0 347.0 362.0 344.0 353.0 350.0 354.0 363.0 358.0 346.0 324.0 349.0 353.0 326.0 338.0 352.0 356.0 352.0 365.0 356.0 350.0 347.0 344.0 325.0 364.0 359.0 350.0 341.0 339.0 341.0 355.0 361.0 353.0 356.0 342.0 351.0 350.0 356.0 356.0 366.0 357.0 350.0 353.0 355.0 354.0 352.0 338.0 331.0 351.0 348.0 329.0 360.0 367.0 329.0 328.0 325.0 340.0 335.0 352.0 346.0 348.0 346.0 334.0 336.0 344.0 338.0 340.0 332.0 324.0 341.0 342.0 336.0 325.0 354.0 347.0 350.0 349.0 353.0 370.0 341.0 358.0 352.0 352.0 361.0 344.0 338.0 346.0 346.0 348.0 351.0 348.0 356.0 371.0 314.0 314.0 358.0 301.0 313.0 333.0 313.0 345.0 328.0 353.0 346.0 346.0 353.0 321.0 313.0 354.0 347.0 359.0 356.0 359.0 325.0 296.0 337.0 339.0 343.0 353.0 346.0 346.0 351.0 366.0 353.0 282.0 319.0 344.0 313.0 307.0 347.0 352.0 338.0 333.0 331.0 317.0 363.0 332.0 334.0 351.0 338.0 339.0 349.0 431.0 306.0 314.0 350.0 358.0 349.0 350.0 363.0 354.0 345.0 343.0 328.0 358.0 307.0 336.0 355.0 348.0 344.0 333.0 346.0 373.0 348.0 327.0 328.0 328.0 322.0 349.0 355.0 354.0 309.0 311.0 335.0 363.0 362.0 347.0 345.0 315.0 351.0 347.0 357.0 364.0 350.0 358.0 357.0 360.0 360.0 344.0 340.0 350.0 345.0 354.0 359.0 357.0 344.0 311.0 319.0 355.0 346.0 354.0 349.0 322.0 357.0 382.0 393.0 351.0 360.0 349.0 337.0 354.0 372.0 373.0 337.0 354.0 363.0 414.0 355.0 333.0 357.0 353.0 356.0 353.0 364.0 358.0 347.0 329.0 344.0 364.0 346.0 355.0 358.0 358.0 358.0 353.0 352.0 345.0 342.0 354.0 354.0 352.0 372.0 334.0 347.7317073170732 16.817858209866795
31 560.0 553.0 726.0 585.0 581.0 590.0 586.0 603.0 605.0 533.0 584.0 546.0 553.0 561.0 556.0 561.0 587.0 582.0 574.0 569.0 568.0 575.0 586.0 579.0 594.0 592.0 571.0 547.0 585.0 584.0 569.0 588.0 633.0 589.0 583.0 562.0 568.0 583.0 569.0 572.0 563.0 563.0 576.0 560.0 552.0 570.0 553.0 551.0 562.0 563.0 578.0 567.0 567.0 580.0 571.0 526.0 540.0 569.0 586.0 699.0 591.0 587.0 565.0 577.0 582.0 564.0 563.0 572.0 528.0 559.0 581.0 576.0 559.0 544.0 541.0 554.0 568.0 574.0 568.0 558.0 569.0 561.0 564.0 563.0 578.0 576.0 576.0 573.0 564.0 604.0 568.0 558.0 534.0 555.0 571.0 548.0 569.0 592.0 591.0 526.0 538.0 576.0 561.0 552.0 572.0 583.0 561.0 549.0 540.0 567.0 551.0 578.0 547.0 534.0 565.0 560.0 588.0 547.0 579.0 569.0 613.0 562.0 567.0 576.0 585.0 593.0 563.0 562.0 571.0 565.0 578.0 566.0 576.0 576.0 571.0 552.0 569.0 595.0 529.0 516.0 595.0 502.0 521.0 547.0 575.0 571.0 564.0 570.0 597.0 621.0 586.0 554.0 499.0 521.0 568.0 603.0 574.0 578.0 526.0 502.0 592.0 571.0 557.0 572.0 569.0 555.0 565.0 571.0 568.0 495.0 496.0 565.0 521.0 506.0 497.0 565.0 548.0 551.0 561.0 554.0 547.0 555.0 522.0 547.0 555.0 551.0 525.0 532.0 544.0 536.0 534.0 577.0 570.0 562.0 586.0 565.0 561.0 537.0 533.0 554.0 519.0 558.0 563.0 552.0 553.0 551.0 557.0 563.0 565.0 529.0 524.0 536.0 544.0 570.0 539.0 550.0 498.0 482.0 491.0 545.0 574.0 563.0 508.0 503.0 514.0 556.0 564.0 581.0 565.0 551.0 568.0 585.0 572.0 573.0 552.0 567.0 556.0 552.0 566.0 576.0 575.0 547.0 556.0 564.0 558.0 551.0 573.0 551.0 535.0 595.0 605.0 583.0 564.0 569.0 554.0 554.0 582.0 592.0 571.0 565.0 569.0 665.0 594.0 567.0 576.0 561.0 557.0 562.0 571.0 577.0 570.0 539.0 551.0 562.0 555.0 557.0 573.0 579.0 589.0 565.0 567.0 564.0 554.0 580.0 574.0 568.0 584.0 563.4006968641115 26.677884286468263
32 198.0 197.0 195.0 195.0 195.0 209.0 194.0 209.0 209.0 209.0 208.0 263.0 192.0 192.0 199.0 226.0 199.0 185.0 195.0 200.0 205.0 206.0 203.0 209.0 205.0 199.0 209.0 208.0 183.0 206.0 199.0 219.0 202.0 202.0 194.0 203.0 200.0 198.0 209.0 209.0 198.0 200.0 337.0 227.0 195.0 190.0 209.0 193.0 192.0 198.0 198.0 200.0 200.0 199.0 329.0 211.0 181.0 196.0 197.0 221.0 198.0 192.0 198.0 177.0 208.0 208.0 207.0 199.0 196.0 187.0 197.0 205.0 206.0 204.0 199.0 197.0 199.0 225.0 199.0 202.0 196.0 206.0 202.0 197.0 198.0 203.0 201.0 209.0 204.0 227.0 208.0 203.0 205.0 182.0 205.0 202.0 198.0 190.0 208.0 203.0 192.0 191.0 203.0 197.0 212.0 207.0 205.0 200.0 196.0 191.0 214.0 200.0 189.0 200.0 188.0 193.0 191.0 210.0 185.0 191.0 210.0 203.0 205.0 203.0 205.0 212.0 205.0 198.0 194.0 198.0 204.0 200.0 198.0 210.0 201.0 202.0 223.0 208.0 202.0 208.0 185.0 206.0 187.0 174.0 194.0 195.0 199.0 175.0 226.0 220.0 190.0 204.0 199.0 186.0 188.0 214.0 201.0 201.0 227.0 206.0 171.0 186.0 192.0 200.0 199.0 202.0 196.0 193.0 201.0 201.0 176.0 159.0 199.0 207.0 210.0 193.0 198.0 203.0 191.0 186.0 176.0 196.0 206.0 178.0 204.0 202.0 198.0 188.0 242.0 187.0 193.0 200.0 206.0 204.0 217.0 198.0 204.0 206.0 195.0 200.0 203.0 328.0 192.0 205.0 209.0 190.0 196.0 194.0 201.0 217.0 199.0 181.0 173.0 179.0 213.0 219.0 234.0 194.0 171.0 187.0 207.0 205.0 199.0 198.0 174.0 203.0 196.0 218.0 200.0 208.0 198.0 190.0 203.0 259.0 218.0 196.0 195.0 199.0 187.0 200.0 204.0 203.0 257.0 187.0 197.0 201.0 190.0 207.0 180.0 182.0 226.0 221.0 235.0 201.0 202.0 202.0 190.0 204.0 206.0 213.0 198.0 217.0 207.0 242.0 201.0 183.0 196.0 198.0 200.0 202.0 205.0 204.0 193.0 186.0 185.0 199.0 190.0 198.0 197.0 206.0 206.0 202.0 197.0 189.0 215.0 205.0 197.0 202.1114982578397 18.48609684110476
33 123.0 123.0 122.0 122.0 122.0 122.0 128.0 129.0 141.0 141.0 141.0 141.0 141.0 235.0 235.0 129.0 129.0 121.0 112.0 103.0 123.0 138.0 127.0 176.0 128.0 125.0 134.0 128.0 135.0 113.0 129.0 126.0 123.0 124.0 124.0 123.0 128.0 129.0 121.0 131.0 122.0 124.0 124.0 131.0 128.0 120.0 126.0 128.0 122.0 122.0 124.0 121.0 123.0 126.0 198.0 136.0 120.0 112.0 124.0 127.0 120.0 119.0 153.0 124.0 121.0 128.0 128.0 124.0 122.0 154.0 113.0 139.0 128.0 119.0 128.0 146.0 127.0 131.0 125.0 124.0 124.0 122.0 121.0 122.0 118.0 122.0 126.0 127.0 124.0 122.0 125.0 123.0 126.0 123.0 126.0 119.0 122.0 117.0 107.0 121.0 116.0 114.0 117.0 123.0 116.0 121.0 128.0 126.0 119.0 120.0 138.0 117.0 115.0 119.0 120.0 112.0 121.0 117.0 155.0 114.0 121.0 125.0 110.0 124.0 124.0 130.0 124.0 133.0 124.0 119.0 127.0 123.0 138.0 113.0 127.0 130.0 135.0 124.0 119.0 126.0 110.0 115.0 124.0 105.0 114.0 123.0 113.0 116.0 120.0 131.0 119.0 127.0 121.0 117.0 109.0 126.0 128.0 125.0 125.0 121.0 126.0 104.0 113.0 125.0 125.0 129.0 131.0 118.0 117.0 148.0 124.0 101.0 123.0 125.0 125.0 123.0 121.0 129.0 124.0 118.0 104.0 104.0 124.0 124.0 114.0 128.0 125.0 125.0 116.0 122.0 122.0 122.0 125.0 126.0 117.0 125.0 124.0 125.0 121.0 123.0 116.0 149.0 118.0 122.0 125.0 116.0 126.0 124.0 117.0 125.0 127.0 115.0 107.0 113.0 109.0 142.0 140.0 128.0 104.0 105.0 115.0 116.0 124.0 124.0 111.0 109.0 134.0 123.0 133.0 124.0 124.0 121.0 129.0 132.0 149.0 120.0 123.0 122.0 122.0 115.0 123.0 125.0 121.0 142.0 124.0 121.0 122.0 131.0 116.0 105.0 123.0 121.0 128.0 126.0 129.0 124.0 121.0 125.0 127.0 129.0 126.0 139.0 130.0 130.0 134.0 122.0 122.0 121.0 138.0 125.0 126.0 126.0 124.0 119.0 124.0 126.0 123.0 124.0 126.0 117.0 140.0 118.0 125.0 125.0 116.0 127.0 123.0 124.97560975609755 13.570178800824186
34 6.0 6.0 6.0 6.0 6.0 6.0 6.0 6.0 6.0 6.0 6.0 6.0 6.0 6.0 6.0 6.0 6.0 6.0 6.0 6.0 6.0 7.0 7.0 7.0 7.0 7.0 7.0 7.0 7.0 7.0 7.0 7.0 7.0 7.0 7.0 7.0 7.0 6.0 6.0 6.0 6.0 6.0 6.0 6.0 6.0 8.0 8.0 8.0 8.0 8.0 8.0 8.0 8.0 8.0 8.0 8.0 8.0 8.0 8.0 8.0 8.0 8.0 8.0 7.0 7.0 8.0 8.0 8.0 8.0 8.0 6.0 6.0 6.0 6.0 6.0 7.0 7.0 7.0 6.0 6.0 6.0 6.0 6.0 6.0 6.0 8.0 8.0 8.0 7.0 7.0 7.0 7.0 7.0 7.0 7.0 7.0 7.0 7.0 7.0 7.0 7.0 6.0 7.0 7.0 7.0 7.0 7.0 7.0 6.0 6.0 6.0 7.0 7.0 7.0 7.0 7.0 7.0 6.0 6.0 6.0 6.0 6.0 6.0 7.0 7.0 7.0 7.0 7.0 7.0 7.0 7.0 7.0 6.0 6.0 6.0 7.0 7.0 7.0 7.0 7.0 5.0 6.0 6.0 6.0 6.0 6.0 7.0 7.0 7.0 7.0 8.0 8.0 8.0 7.0 6.0 7.0 7.0 7.0 7.0 7.0 7.0 6.0 6.0 6.0 7.0 7.0 7.0 7.0 7.0 7.0 7.0 6.0 6.0 6.0 6.0 7.0 8.0 8.0 8.0 7.0 7.0 6.0 6.0 6.0 6.0 6.0 7.0 7.0 6.0 7.0 7.0 7.0 7.0 8.0 7.0 7.0 7.0 7.0 7.0 6.0 6.0 7.0 7.0 7.0 7.0 7.0 7.0 7.0 7.0 7.0 7.0 7.0 6.0 6.0 6.0 6.0 6.0 6.0 6.0 8.0 8.0 8.0 8.0 8.0 8.0 6.0 6.0 6.0 7.0 7.0 7.0 7.0 7.0 7.0 7.0 7.0 6.0 6.0 6.0 6.0 6.0 6.0 6.0 6.0 8.0 8.0 8.0 8.0 8.0 8.0 8.0 8.0 7.0 7.0 7.0 7.0 7.0 7.0 7.0 7.0 7.0 7.0 7.0 7.0 7.0 7.0 7.0 7.0 7.0 7.0 7.0 7.0 7.0 7.0 7.0 7.0 7.0 7.0 7.0 7.0 7.0 7.0 7.0 7.0 7.0 7.0 7.0 6.832752613240419 0.689512155086751
35 60.0 60.0 57.0 57.0 57.0 57.0 62.0 62.0 63.0 63.0 63.0 63.0 63.0 63.0 63.0 62.0 62.0 56.0 57.0 59.0 61.0 64.0 62.0 61.0 62.0 60.0 60.0 63.0 63.0 63.0 62.0 62.0 61.0 59.0 59.0 59.0 63.0 64.0 62.0 64.0 64.0 62.0 61.0 61.0 64.0 56.0 59.0 64.0 60.0 60.0 62.0 59.0 61.0 61.0 58.0 63.0 61.0 59.0 60.0 57.0 57.0 58.0 59.0 64.0 64.0 60.0 61.0 61.0 60.0 60.0 62.0 61.0 58.0 65.0 62.0 62.0 65.0 59.0 73.0 60.0 64.0 61.0 64.0 63.0 59.0 65.0 62.0 60.0 61.0 58.0 60.0 59.0 60.0 61.0 58.0 57.0 62.0 59.0 55.0 58.0 58.0 58.0 59.0 63.0 61.0 59.0 59.0 60.0 57.0 60.0 60.0 59.0 58.0 60.0 57.0 53.0 59.0 57.0 61.0 57.0 58.0 61.0 61.0 60.0 60.0 63.0 60.0 59.0 60.0 61.0 62.0 62.0 63.0 57.0 59.0 62.0 59.0 63.0 61.0 62.0 55.0 55.0 62.0 52.0 54.0 57.0 58.0 54.0 58.0 63.0 66.0 66.0 60.0 66.0 60.0 60.0 60.0 61.0 59.0 58.0 63.0 52.0 56.0 58.0 59.0 61.0 63.0 66.0 56.0 66.0 59.0 54.0 61.0 59.0 58.0 62.0 60.0 64.0 60.0 59.0 52.0 52.0 60.0 62.0 57.0 59.0 61.0 61.0 58.0 60.0 57.0 60.0 63.0 61.0 57.0 61.0 58.0 59.0 62.0 59.0 57.0 61.0 54.0 60.0 58.0 62.0 61.0 66.0 59.0 62.0 58.0 61.0 57.0 56.0 54.0 61.0 59.0 60.0 56.0 65.0 57.0 57.0 60.0 61.0 64.0 54.0 62.0 61.0 77.0 65.0 70.0 59.0 59.0 61.0 62.0 64.0 59.0 57.0 59.0 59.0 61.0 58.0 61.0 62.0 61.0 61.0 60.0 56.0 59.0 53.0 53.0 59.0 63.0 63.0 61.0 62.0 60.0 61.0 61.0 61.0 64.0 64.0 61.0 61.0 61.0 61.0 90.0 60.0 61.0 59.0 62.0 62.0 60.0 60.0 56.0 58.0 55.0 59.0 62.0 57.0 64.0 64.0 60.0 59.0 59.0 63.0 61.0 60.3205574912892 3.555999908950003
36 547.0 560.0 578.0 557.0 548.0 548.0 595.0 586.0 579.0 584.0 558.0 558.0 622.0 571.0 586.0 581.0 587.0 566.0 557.0 552.0 575.0 565.0 577.0 577.0 565.0 567.0 577.0 578.0 587.0 571.0 538.0 574.0 585.0 570.0 560.0 559.0 569.0 574.0 566.0 565.0 589.0 580.0 562.0 562.0 576.0 585.0 518.0 541.0 571.0 569.0 542.0 564.0 563.0 566.0 564.0 569.0 583.0 577.0 548.0 558.0 564.0 562.0 536.0 558.0 564.0 556.0 559.0 575.0 570.0 554.0 547.0 536.0 564.0 556.0 552.0 570.0 567.0 558.0 556.0 549.0 565.0 561.0 563.0 559.0 558.0 555.0 555.0 568.0 574.0 568.0 560.0 565.0 561.0 563.0 562.0 522.0 512.0 554.0 527.0 519.0 544.0 555.0 529.0 519.0 552.0 546.0 541.0 560.0 567.0 556.0 536.0 543.0 536.0 548.0 537.0 526.0 519.0 547.0 528.0 528.0 526.0 542.0 575.0 569.0 534.0 523.0 565.0 561.0 560.0 555.0 541.0 542.0 565.0 549.0 533.0 577.0 568.0 567.0 553.0 552.0 553.0 496.0 510.0 544.0 486.0 486.0 527.0 543.0 489.0 526.0 563.0 572.0 551.0 558.0 555.0 547.0 559.0 568.0 564.0 558.0 557.0 484.0 526.0 523.0 538.0 556.0 568.0 522.0 497.0 528.0 589.0 541.0 510.0 503.0 549.0 561.0 569.0 554.0 572.0 539.0 528.0 510.0 508.0 562.0 534.0 534.0 549.0 545.0 535.0 533.0 544.0 526.0 514.0 573.0 570.0 496.0 481.0 552.0 573.0 575.0 545.0 545.0 567.0 563.0 550.0 550.0 466.0 506.0 503.0 546.0 550.0 552.0 524.0 522.0 518.0 503.0 530.0 577.0 584.0 548.0 534.0 519.0 526.0 516.0 512.0 508.0 490.0 527.0 549.0 570.0 566.0 550.0 545.0 563.0 574.0 509.0 535.0 543.0 555.0 555.0 535.0 561.0 574.0 574.0 569.0 562.0 553.0 499.0 494.0 547.0 533.0 529.0 563.0 544.0 566.0 606.0 573.0 550.0 552.0 581.0 585.0 594.0 588.0 602.0 592.0 552.0 555.0 556.0 555.0 566.0 562.0 573.0 549.0 498.0 541.0 527.0 538.0 552.0 559.0 568.0 551.0 579.0 581.0 567.0 557.0 564.0 573.0 551.3275261324042 24.409903738071904
37 152.0 146.0 151.0 160.0 149.0 153.0 153.0 153.0 160.0 149.0 159.0 157.0 157.0 157.0 157.0 157.0 160.0 154.0 154.0 154.0 148.0 160.0 153.0 158.0 157.0 156.0 162.0 157.0 152.0 161.0 159.0 141.0 160.0 160.0 160.0 154.0 154.0 155.0 154.0 155.0 156.0 161.0 160.0 152.0 153.0 152.0 161.0 138.0 152.0 160.0 149.0 149.0 162.0 153.0 154.0 153.0 152.0 158.0 159.0 149.0 154.0 150.0 146.0 142.0 148.0 152.0 136.0 148.0 154.0 156.0 152.0 149.0 140.0 144.0 151.0 157.0 157.0 155.0 150.0 147.0 151.0 157.0 149.0 157.0 160.0 151.0 151.0 152.0 154.0 158.0 155.0 151.0 150.0 154.0 153.0 157.0 140.0 140.0 154.0 147.0 171.0 144.0 157.0 144.0 142.0 155.0 152.0 140.0 149.0 154.0 160.0 148.0 147.0 147.0 152.0 145.0 148.0 139.0 146.0 146.0 147.0 141.0 149.0 155.0 184.0 148.0 141.0 155.0 157.0 152.0 170.0 152.0 152.0 155.0 150.0 146.0 153.0 156.0 156.0 149.0 147.0 155.0 124.0 139.0 169.0 131.0 145.0 141.0 146.0 136.0 152.0 156.0 158.0 151.0 155.0 152.0 158.0 154.0 154.0 155.0 152.0 153.0 151.0 142.0 144.0 157.0 152.0 157.0 156.0 133.0 139.0 160.0 154.0 135.0 148.0 152.0 155.0 154.0 150.0 162.0 151.0 145.0 136.0 138.0 153.0 154.0 137.0 152.0 153.0 152.0 145.0 151.0 149.0 147.0 153.0 155.0 138.0 150.0 153.0 150.0 156.0 152.0 146.0 157.0 144.0 152.0 152.0 140.0 134.0 152.0 144.0 153.0 150.0 150.0 143.0 143.0 138.0 163.0 156.0 160.0 146.0 148.0 140.0 140.0 160.0 131.0 155.0 133.0 156.0 148.0 153.0 157.0 146.0 154.0 149.0 155.0 140.0 145.0 147.0 151.0 150.0 145.0 150.0 155.0 156.0 156.0 153.0 149.0 128.0 130.0 145.0 146.0 146.0 153.0 150.0 148.0 158.0 158.0 153.0 148.0 156.0 161.0 159.0 165.0 160.0 161.0 161.0 164.0 155.0 146.0 153.0 147.0 158.0 158.0 147.0 146.0 145.0 154.0 153.0 149.0 155.0 148.0 153.0 155.0 156.0 157.0 147.0 151.23693379790942 7.442527698138584
38 419.0 403.0 394.0 412.0 432.0 405.0 414.0 414.0 414.0 435.0 430.0 430.0 425.0 425.0 425.0 429.0 457.0 417.0 420.0 416.0 416.0 408.0 433.0 416.0 429.0 427.0 419.0 430.0 425.0 421.0 435.0 425.0 381.0 432.0 433.0 413.0 418.0 406.0 421.0 428.0 419.0 419.0 429.0 439.0 411.0 413.0 438.0 436.0 393.0 405.0 433.0 408.0 411.0 417.0 429.0 415.0 413.0 413.0 427.0 426.0 405.0 415.0 409.0 409.0 401.0 398.0 428.0 382.0 418.0 420.0 421.0 406.0 402.0 381.0 389.0 411.0 426.0 396.0 405.0 410.0 406.0 428.0 429.0 421.0 419.0 418.0 409.0 410.0 410.0 423.0 428.0 418.0 421.0 413.0 411.0 411.0 418.0 380.0 377.0 411.0 392.0 387.0 414.0 420.0 390.0 373.0 420.0 409.0 390.0 411.0 418.0 410.0 393.0 398.0 396.0 396.0 408.0 390.0 391.0 407.0 397.0 385.0 391.0 398.0 419.0 418.0 388.0 413.0 415.0 422.0 413.0 407.0 399.0 408.0 436.0 422.0 440.0 423.0 413.0 412.0 426.0 398.0 418.0 372.0 368.0 393.0 370.0 384.0 386.0 396.0 363.0 405.0 429.0 435.0 419.0 417.0 414.0 425.0 417.0 421.0 418.0 416.0 417.0 356.0 362.0 388.0 396.0 413.0 420.0 369.0 361.0 389.0 412.0 396.0 362.0 397.0 410.0 421.0 424.0 412.0 387.0 403.0 399.0 386.0 360.0 420.0 400.0 395.0 419.0 412.0 430.0 392.0 417.0 395.0 419.0 421.0 428.0 367.0 379.0 416.0 421.0 427.0 409.0 385.0 405.0 393.0 393.0 378.0 357.0 364.0 403.0 406.0 417.0 402.0 414.0 389.0 383.0 367.0 396.0 429.0 430.0 404.0 399.0 380.0 426.0 359.0 360.0 362.0 358.0 441.0 427.0 421.0 421.0 397.0 408.0 404.0 420.0 388.0 421.0 411.0 418.0 409.0 410.0 417.0 425.0 424.0 415.0 428.0 415.0 358.0 361.0 421.0 400.0 413.0 410.0 403.0 428.0 419.0 424.0 411.0 406.0 425.0 436.0 436.0 426.0 432.0 438.0 398.0 405.0 409.0 406.0 414.0 412.0 428.0 376.0 364.0 397.0 397.0 400.0 413.0 406.0 418.0 404.0 411.0 410.0 429.0 437.0 408.390243902439 19.205212422830364
39 132.0 127.0 112.0 146.0 127.0 131.0 118.0 121.0 121.0 121.0 125.0 125.0 125.0 127.0 127.0 127.0 125.0 125.0 121.0 145.0 145.0 140.0 128.0 123.0 121.0 124.0 127.0 117.0 124.0 125.0 132.0 125.0 136.0 110.0 127.0 123.0 124.0 126.0 156.0 121.0 127.0 122.0 124.0 126.0 124.0 121.0 119.0 119.0 139.0 111.0 140.0 128.0 133.0 133.0 129.0 135.0 127.0 112.0 169.0 122.0 123.0 115.0 125.0 121.0 113.0 124.0 120.0 134.0 111.0 122.0 121.0 121.0 118.0 128.0 112.0 119.0 125.0 123.0 111.0 129.0 125.0 113.0 117.0 121.0 111.0 115.0 127.0 119.0 132.0 122.0 125.0 127.0 126.0 125.0 123.0 125.0 124.0 125.0 109.0 121.0 122.0 113.0 121.0 127.0 130.0 103.0 113.0 128.0 124.0 128.0 121.0 124.0 115.0 113.0 116.0 114.0 126.0 114.0 111.0 106.0 120.0 109.0 122.0 111.0 120.0 122.0 110.0 121.0 125.0 122.0 125.0 122.0 121.0 112.0 119.0 123.0 122.0 173.0 156.0 120.0 124.0 120.0 123.0 124.0 104.0 114.0 115.0 103.0 117.0 112.0 128.0 103.0 126.0 123.0 132.0 116.0 115.0 124.0 122.0 125.0 113.0 117.0 122.0 119.0 100.0 118.0 118.0 136.0 123.0 129.0 104.0 109.0 112.0 124.0 119.0 106.0 117.0 128.0 114.0 114.0 125.0 118.0 120.0 115.0 117.0 106.0 120.0 119.0 110.0 119.0 122.0 121.0 123.0 127.0 125.0 121.0 120.0 129.0 111.0 125.0 119.0 122.0 118.0 113.0 109.0 121.0 103.0 139.0 106.0 98.0 106.0 119.0 120.0 121.0 113.0 113.0 111.0 114.0 106.0 128.0 136.0 131.0 123.0 121.0 110.0 110.0 105.0 110.0 103.0 132.0 125.0 120.0 121.0 125.0 116.0 121.0 118.0 123.0 110.0 123.0 119.0 119.0 122.0 113.0 118.0 129.0 123.0 125.0 122.0 119.0 105.0 142.0 130.0 114.0 134.0 127.0 122.0 117.0 146.0 122.0 122.0 122.0 130.0 129.0 131.0 123.0 128.0 134.0 134.0 123.0 118.0 124.0 126.0 136.0 131.0 110.0 106.0 121.0 119.0 142.0 123.0 116.0 141.0 113.0 123.0 127.0 125.0 121.82926829268294 9.797001494024652
40 89.0 93.0 84.0 89.0 94.0 91.0 81.0 102.0 102.0 102.0 344.0 90.0 92.0 91.0 91.0 91.0 87.0 87.0 85.0 85.0 172.0 172.0 109.0 95.0 87.0 94.0 94.0 92.0 92.0 91.0 95.0 92.0 94.0 85.0 85.0 95.0 92.0 85.0 85.0 91.0 89.0 91.0 89.0 84.0 104.0 85.0 89.0 89.0 94.0 86.0 86.0 111.0 135.0 88.0 112.0 126.0 126.0 89.0 85.0 85.0 91.0 87.0 97.0 97.0 97.0 96.0 88.0 94.0 81.0 89.0 88.0 96.0 85.0 87.0 81.0 79.0 104.0 96.0 83.0 108.0 93.0 84.0 100.0 104.0 93.0 81.0 95.0 86.0 93.0 86.0 91.0 94.0 89.0 90.0 86.0 89.0 88.0 89.0 81.0 82.0 92.0 84.0 95.0 93.0 90.0 84.0 82.0 107.0 93.0 82.0 91.0 99.0 91.0 88.0 86.0 86.0 90.0 85.0 83.0 81.0 88.0 88.0 88.0 88.0 82.0 90.0 88.0 91.0 90.0 90.0 89.0 90.0 87.0 95.0 110.0 93.0 87.0 92.0 135.0 103.0 89.0 85.0 91.0 109.0 82.0 80.0 91.0 77.0 88.0 86.0 101.0 81.0 85.0 94.0 92.0 87.0 86.0 84.0 92.0 90.0 103.0 85.0 93.0 91.0 88.0 79.0 87.0 93.0 91.0 99.0 89.0 78.0 79.0 85.0 94.0 76.0 86.0 88.0 83.0 93.0 105.0 91.0 89.0 86.0 92.0 85.0 90.0 90.0 81.0 89.0 84.0 87.0 92.0 88.0 92.0 92.0 89.0 88.0 79.0 93.0 92.0 122.0 94.0 90.0 83.0 89.0 108.0 108.0 85.0 102.0 75.0 89.0 87.0 89.0 85.0 90.0 84.0 95.0 83.0 87.0 90.0 93.0 86.0 85.0 83.0 83.0 88.0 86.0 85.0 86.0 91.0 89.0 89.0 93.0 90.0 90.0 89.0 90.0 86.0 83.0 95.0 87.0 90.0 84.0 122.0 94.0 89.0 89.0 93.0 88.0 76.0 132.0 131.0 94.0 89.0 89.0 91.0 82.0 93.0 93.0 90.0 88.0 90.0 90.0 91.0 97.0 91.0 97.0 97.0 95.0 84.0 92.0 89.0 115.0 92.0 99.0 82.0 90.0 88.0 99.0 96.0 89.0 169.0 87.0 108.0 91.0 105.0 92.96167247386761 19.251244478637414
41 619.0 650.0 641.0 643.0 632.0 655.0 676.0 646.0 600.0 600.0 644.0 662.0 658.0 667.0 652.0 624.0 891.0 660.0 643.0 664.0 629.0 665.0 625.0 859.0 654.0 643.0 652.0 650.0 648.0 650.0 645.0 655.0 672.0 652.0 633.0 623.0 657.0 668.0 632.0 632.0 636.0 653.0 639.0 646.0 632.0 653.0 629.0 632.0 652.0 658.0 620.0 604.0 644.0 642.0 641.0 635.0 641.0 632.0 628.0 609.0 657.0 664.0 652.0 638.0 628.0 617.0 630.0 625.0 635.0 589.0 622.0 635.0 639.0 627.0 624.0 592.0 586.0 635.0 651.0 614.0 609.0 644.0 622.0 609.0 642.0 605.0 579.0 606.0 610.0 615.0 629.0 633.0 613.0 622.0 620.0 618.0 630.0 621.0 626.0 590.0 584.0 614.0 592.0 601.0 612.0 591.0 589.0 601.0 619.0 649.0 626.0 628.0 639.0 646.0 606.0 597.0 601.0 656.0 822.0 589.0 604.0 624.0 609.0 608.0 627.0 632.0 636.0 625.0 561.0 592.0 614.0 643.0 649.0 624.0 605.0 597.0 637.0 628.0 642.0 634.0 631.0 637.0 611.0 631.0 577.0 566.0 549.0 572.0 567.0 564.0 617.0 627.0 622.0 612.0 627.0 659.0 666.0 637.0 634.0 636.0 631.0 624.0 650.0 640.0 638.0 636.0 634.0 625.0 607.0 608.0 544.0 561.0 544.0 614.0 619.0 571.0 547.0 568.0 615.0 635.0 649.0 655.0 632.0 623.0 611.0 614.0 605.0 633.0 604.0 583.0 603.0 614.0 641.0 607.0 591.0 606.0 625.0 641.0 598.0 572.0 572.0 636.0 632.0 649.0 636.0 616.0 628.0 629.0 641.0 607.0 504.0 516.0 579.0 639.0 644.0 616.0 638.0 646.0 620.0 593.0 602.0 638.0 643.0 653.0 637.0 591.0 611.0 668.0 643.0 546.0 552.0 578.0 650.0 626.0 616.0 633.0 637.0 645.0 631.0 589.0 588.0 638.0 638.0 635.0 633.0 664.0 661.0 653.0 640.0 613.0 568.0 555.0 590.0 637.0 620.0 625.0 622.0 601.0 610.0 688.0 639.0 632.0 644.0 647.0 665.0 656.0 671.0 655.0 639.0 646.0 635.0 626.0 647.0 630.0 629.0 658.0 661.0 642.0 630.0 612.0 607.0 618.0 626.0 655.0 638.0 637.0 665.0 626.5923344947735 37.0386918813196
42 832.0 778.0 736.0 726.0 729.0 727.0 731.0 752.0 785.0 742.0 734.0 729.0 718.0 749.0 739.0 787.0 784.0 767.0 753.0 767.0 755.0 747.0 720.0 771.0 749.0 754.0 767.0 762.0 754.0 757.0 747.0 739.0 735.0 737.0 753.0 748.0 744.0 734.0 747.0 737.0 739.0 750.0 738.0 747.0 752.0 749.0 748.0 753.0 754.0 730.0 748.0 763.0 756.0 778.0 726.0 726.0 731.0 761.0 768.0 774.0 747.0 739.0 761.0 761.0 754.0 743.0 735.0 724.0 719.0 720.0 731.0 745.0 747.0 743.0 724.0 718.0 720.0 713.0 705.0 729.0 745.0 727.0 732.0 735.0 719.0 735.0 735.0 755.0 710.0 725.0 718.0 721.0 716.0 714.0 696.0 701.0 734.0 735.0 739.0 749.0 743.0 773.0 753.0 700.0 717.0 713.0 708.0 697.0 689.0 706.0 717.0 766.0 767.0 734.0 738.0 752.0 758.0 708.0 712.0 712.0 713.0 861.0 952.0 719.0 691.0 728.0 712.0 725.0 727.0 739.0 738.0 745.0 739.0 655.0 677.0 671.0 700.0 757.0 734.0 740.0 741.0 714.0 723.0 734.0 737.0 728.0 750.0 650.0 693.0 647.0 636.0 661.0 695.0 736.0 742.0 735.0 738.0 750.0 760.0 767.0 770.0 735.0 731.0 726.0 752.0 747.0 763.0 724.0 737.0 765.0 753.0 655.0 690.0 653.0 754.0 737.0 749.0 658.0 673.0 684.0 720.0 737.0 879.0 897.0 842.0 691.0 684.0 669.0 724.0 741.0 704.0 723.0 701.0 727.0 742.0 704.0 699.0 706.0 743.0 755.0 747.0 743.0 777.0 768.0 733.0 756.0 958.0 724.0 725.0 761.0 747.0 721.0 602.0 615.0 693.0 729.0 718.0 730.0 743.0 734.0 752.0 740.0 736.0 757.0 746.0 742.0 746.0 722.0 726.0 743.0 752.0 647.0 643.0 736.0 731.0 721.0 722.0 740.0 734.0 734.0 704.0 693.0 736.0 740.0 751.0 752.0 730.0 738.0 756.0 757.0 781.0 747.0 662.0 663.0 650.0 746.0 750.0 749.0 761.0 727.0 754.0 787.0 781.0 765.0 750.0 741.0 747.0 778.0 789.0 772.0 758.0 745.0 748.0 747.0 745.0 746.0 732.0 750.0 763.0 771.0 742.0 741.0 737.0 717.0 732.0 753.0 777.0 736.4250871080139 39.055104488635806
43 164.0 193.0 193.0 167.0 167.0 168.0 217.0 173.0 177.0 183.0 182.0 163.0 163.0 163.0 163.0 174.0 171.0 171.0 181.0 177.0 177.0 177.0 183.0 171.0 171.0 180.0 179.0 172.0 178.0 173.0 178.0 173.0 230.0 153.0 170.0 170.0 170.0 172.0 172.0 237.0 174.0 170.0 169.0 209.0 181.0 212.0 158.0 173.0 158.0 191.0 176.0 172.0 172.0 186.0 180.0 169.0 168.0 181.0 176.0 178.0 190.0 172.0 168.0 168.0 175.0 172.0 173.0 169.0 179.0 225.0 170.0 167.0 172.0 174.0 164.0 165.0 176.0 165.0 171.0 155.0 165.0 176.0 166.0 163.0 226.0 190.0 169.0 177.0 192.0 174.0 176.0 179.0 167.0 169.0 196.0 153.0 161.0 172.0 172.0 168.0 174.0 168.0 173.0 182.0 171.0 161.0 162.0 171.0 153.0 153.0 166.0 168.0 174.0 173.0 164.0 176.0 166.0 169.0 165.0 196.0 161.0 160.0 171.0 157.0 173.0 173.0 163.0 168.0 217.0 170.0 169.0 188.0 170.0 171.0 183.0 149.0 156.0 165.0 170.0 163.0 149.0 170.0 170.0 156.0 165.0 167.0 179.0 195.0 173.0 152.0 173.0 156.0 174.0 170.0 158.0 163.0 177.0 175.0 168.0 171.0 183.0 175.0 174.0 175.0 163.0 169.0 188.0 172.0 171.0 166.0 172.0 164.0 170.0 142.0 166.0 177.0 163.0 191.0 169.0 146.0 180.0 165.0 170.0 169.0 174.0 178.0 167.0 166.0 161.0 160.0 174.0 170.0 169.0 175.0 159.0 175.0 178.0 159.0 167.0 168.0 170.0 170.0 174.0 184.0 187.0 180.0 169.0 194.0 173.0 172.0 183.0 183.0 180.0 179.0 144.0 174.0 169.0 174.0 166.0 168.0 175.0 166.0 181.0 172.0 171.0 180.0 170.0 176.0 167.0 156.0 175.0 189.0 169.0 148.0 181.0 171.0 171.0 171.0 227.0 174.0 167.0 168.0 160.0 166.0 164.0 184.0 178.0 176.0 195.0 274.0 172.0 184.0 184.0 176.0 152.0 147.0 177.0 157.0 180.0 162.0 161.0 181.0 181.0 177.0 192.0 175.0 178.0 172.0 172.0 172.0 183.0 170.0 181.0 153.0 172.0 171.0 174.0 170.0 166.0 183.0 189.0 173.0 170.0 184.0 171.0 171.0 182.0 173.45993031358884 14.257287328000674
44 613.0 613.0 707.0 704.0 698.0 636.0 620.0 628.0 635.0 639.0 659.0 652.0 641.0 627.0 638.0 641.0 641.0 656.0 646.0 668.0 660.0 663.0 665.0 659.0 625.0 626.0 633.0 658.0 640.0 656.0 652.0 646.0 653.0 667.0 682.0 639.0 644.0 663.0 666.0 662.0 705.0 631.0 637.0 633.0 638.0 644.0 588.0 604.0 646.0 647.0 654.0 648.0 634.0 641.0 647.0 658.0 655.0 621.0 624.0 661.0 658.0 650.0 638.0 634.0 662.0 629.0 621.0 614.0 621.0 635.0 615.0 621.0 628.0 628.0 644.0 635.0 616.0 623.0 603.0 595.0 595.0 624.0 623.0 630.0 617.0 628.0 634.0 641.0 628.0 642.0 640.0 658.0 639.0 629.0 624.0 627.0 593.0 576.0 606.0 635.0 606.0 627.0 634.0 630.0 631.0 616.0 606.0 592.0 621.0 607.0 575.0 595.0 633.0 632.0 581.0 562.0 569.0 615.0 621.0 583.0 572.0 570.0 611.0 627.0 596.0 616.0 572.0 583.0 606.0 619.0 625.0 612.0 665.0 610.0 606.0 595.0 561.0 559.0 633.0 624.0 619.0 627.0 620.0 629.0 620.0 611.0 605.0 590.0 608.0 575.0 548.0 588.0 582.0 583.0 641.0 584.0 579.0 576.0 637.0 645.0 645.0 672.0 662.0 648.0 632.0 628.0 630.0 649.0 641.0 646.0 640.0 638.0 658.0 588.0 583.0 596.0 638.0 634.0 621.0 597.0 589.0 623.0 637.0 630.0 636.0 638.0 643.0 663.0 657.0 609.0 581.0 645.0 645.0 648.0 622.0 613.0 621.0 656.0 602.0 584.0 623.0 633.0 638.0 648.0 649.0 675.0 669.0 603.0 621.0 614.0 630.0 649.0 661.0 646.0 549.0 541.0 560.0 641.0 640.0 649.0 639.0 667.0 685.0 582.0 619.0 643.0 643.0 618.0 617.0 639.0 636.0 651.0 655.0 575.0 557.0 563.0 641.0 587.0 570.0 649.0 642.0 644.0 615.0 608.0 621.0 627.0 641.0 657.0 633.0 647.0 635.0 642.0 657.0 700.0 634.0 566.0 609.0 599.0 631.0 648.0 663.0 642.0 646.0 653.0 654.0 662.0 685.0 689.0 670.0 639.0 650.0 672.0 668.0 656.0 643.0 626.0 656.0 624.0 609.0 619.0 648.0 694.0 662.0 639.0 636.0 632.0 627.0 629.0731707317074 29.725519599088315
45 410.0 407.0 409.0 427.0 459.0 467.0 411.0 415.0 421.0 417.0 417.0 424.0 416.0 432.0 423.0 408.0 411.0 427.0 435.0 433.0 437.0 442.0 460.0 434.0 522.0 440.0 418.0 416.0 414.0 424.0 414.0 432.0 425.0 431.0 428.0 423.0 397.0 405.0 418.0 419.0 439.0 457.0 426.0 421.0 418.0 420.0 422.0 430.0 394.0 409.0 420.0 435.0 431.0 425.0 442.0 432.0 431.0 433.0 452.0 417.0 421.0 433.0 435.0 420.0 420.0 428.0 409.0 406.0 411.0 415.0 416.0 418.0 414.0 411.0 406.0 420.0 420.0 410.0 407.0 413.0 393.0 391.0 400.0 422.0 419.0 416.0 403.0 424.0 420.0 417.0 418.0 429.0 413.0 420.0 412.0 414.0 425.0 467.0 391.0 401.0 426.0 410.0 414.0 409.0 406.0 414.0 416.0 406.0 397.0 403.0 416.0 388.0 386.0 417.0 414.0 418.0 378.0 365.0 414.0 419.0 398.0 361.0 378.0 401.0 422.0 406.0 394.0 388.0 383.0 386.0 407.0 411.0 408.0 415.0 415.0 397.0 409.0 374.0 367.0 376.0 416.0 404.0 410.0 412.0 413.0 409.0 425.0 381.0 380.0 383.0 427.0 366.0 375.0 418.0 410.0 416.0 379.0 373.0 384.0 414.0 423.0 421.0 423.0 437.0 443.0 410.0 408.0 407.0 411.0 425.0 425.0 421.0 410.0 415.0 419.0 356.0 360.0 419.0 425.0 412.0 418.0 413.0 381.0 410.0 426.0 415.0 431.0 424.0 414.0 452.0 401.0 370.0 414.0 412.0 429.0 436.0 479.0 482.0 424.0 436.0 394.0 367.0 416.0 423.0 426.0 421.0 424.0 442.0 430.0 388.0 378.0 423.0 420.0 429.0 426.0 424.0 358.0 354.0 401.0 416.0 433.0 429.0 386.0 453.0 382.0 372.0 437.0 422.0 407.0 414.0 422.0 413.0 431.0 430.0 423.0 371.0 365.0 432.0 393.0 407.0 438.0 421.0 426.0 428.0 407.0 403.0 424.0 409.0 426.0 440.0 406.0 405.0 419.0 433.0 431.0 451.0 422.0 407.0 382.0 429.0 407.0 438.0 433.0 412.0 428.0 410.0 425.0 449.0 438.0 425.0 425.0 424.0 431.0 448.0 438.0 430.0 419.0 419.0 434.0 402.0 407.0 421.0 432.0 434.0 420.0 425.0 415.0 415.58188153310107 21.389644068346065
46 271.0 258.0 250.0 266.0 288.0 301.0 291.0 263.0 269.0 258.0 264.0 274.0 272.0 263.0 273.0 268.0 263.0 258.0 275.0 282.0 272.0 277.0 262.0 277.0 277.0 271.0 271.0 264.0 278.0 260.0 292.0 284.0 274.0 272.0 272.0 273.0 269.0 292.0 259.0 269.0 268.0 276.0 280.0 272.0 266.0 263.0 265.0 268.0 265.0 252.0 264.0 262.0 277.0 269.0 269.0 268.0 284.0 262.0 274.0 279.0 259.0 258.0 277.0 277.0 275.0 269.0 267.0 261.0 251.0 250.0 255.0 270.0 260.0 296.0 266.0 265.0 263.0 274.0 256.0 259.0 269.0 248.0 247.0 260.0 257.0 264.0 258.0 252.0 254.0 271.0 268.0 269.0 256.0 260.0 277.0 274.0 269.0 272.0 263.0 240.0 247.0 265.0 255.0 265.0 262.0 259.0 263.0 255.0 265.0 247.0 256.0 259.0 248.0 243.0 273.0 265.0 263.0 249.0 239.0 261.0 271.0 249.0 223.0 229.0 255.0 267.0 251.0 245.0 241.0 249.0 245.0 265.0 263.0 257.0 250.0 275.0 252.0 260.0 235.0 242.0 260.0 262.0 267.0 266.0 258.0 271.0 261.0 268.0 248.0 240.0 233.0 273.0 247.0 248.0 268.0 272.0 263.0 306.0 256.0 235.0 260.0 264.0 266.0 263.0 277.0 265.0 270.0 255.0 256.0 258.0 271.0 274.0 267.0 262.0 262.0 266.0 234.0 230.0 263.0 271.0 269.0 260.0 263.0 243.0 268.0 267.0 259.0 269.0 267.0 262.0 259.0 267.0 252.0 278.0 269.0 272.0 275.0 292.0 338.0 269.0 272.0 239.0 262.0 262.0 268.0 269.0 266.0 267.0 284.0 274.0 268.0 289.0 266.0 256.0 271.0 272.0 272.0 222.0 238.0 241.0 267.0 269.0 268.0 333.0 274.0 246.0 241.0 267.0 264.0 258.0 257.0 271.0 259.0 267.0 279.0 288.0 232.0 251.0 271.0 258.0 266.0 275.0 263.0 270.0 265.0 254.0 266.0 268.0 257.0 263.0 277.0 267.0 266.0 270.0 316.0 274.0 289.0 253.0 232.0 235.0 267.0 260.0 276.0 271.0 253.0 267.0 266.0 267.0 285.0 288.0 278.0 268.0 267.0 274.0 284.0 280.0 276.0 266.0 264.0 275.0 238.0 269.0 258.0 271.0 268.0 278.0 267.0 264.7142857142857 14.508084487089098
47 145.0 134.0 132.0 121.0 137.0 137.0 151.0 147.0 128.0 130.0 131.0 140.0 133.0 132.0 132.0 122.0 133.0 133.0 133.0 133.0 137.0 140.0 140.0 130.0 138.0 138.0 143.0 143.0 137.0 138.0 133.0 123.0 123.0 136.0 137.0 138.0 138.0 139.0 116.0 134.0 132.0 132.0 138.0 140.0 132.0 133.0 132.0 133.0 136.0 164.0 126.0 126.0 131.0 132.0 137.0 134.0 133.0 145.0 133.0 143.0 138.0 130.0 137.0 136.0 141.0 134.0 119.0 134.0 127.0 140.0 130.0 130.0 135.0 147.0 133.0 129.0 129.0 136.0 137.0 123.0 133.0 133.0 120.0 123.0 139.0 134.0 134.0 140.0 135.0 131.0 135.0 130.0 128.0 124.0 136.0 128.0 137.0 143.0 151.0 133.0 128.0 136.0 139.0 130.0 134.0 134.0 130.0 135.0 126.0 135.0 122.0 135.0 135.0 120.0 135.0 138.0 131.0 133.0 118.0 136.0 131.0 130.0 124.0 112.0 129.0 128.0 133.0 129.0 122.0 129.0 128.0 132.0 134.0 128.0 129.0 132.0 129.0 128.0 131.0 136.0 118.0 135.0 126.0 126.0 132.0 132.0 137.0 140.0 143.0 116.0 121.0 122.0 138.0 119.0 137.0 120.0 129.0 126.0 134.0 121.0 133.0 130.0 136.0 138.0 131.0 142.0 131.0 134.0 126.0 128.0 135.0 136.0 136.0 135.0 128.0 135.0 130.0 115.0 127.0 139.0 132.0 129.0 131.0 121.0 109.0 131.0 130.0 130.0 134.0 129.0 132.0 176.0 121.0 134.0 131.0 138.0 138.0 126.0 212.0 314.0 136.0 137.0 128.0 125.0 122.0 137.0 134.0 137.0 137.0 142.0 136.0 140.0 130.0 133.0 133.0 142.0 141.0 132.0 115.0 128.0 132.0 133.0 142.0 130.0 172.0 131.0 119.0 127.0 130.0 129.0 123.0 127.0 130.0 132.0 144.0 135.0 139.0 142.0 135.0 137.0 136.0 132.0 147.0 135.0 135.0 134.0 126.0 137.0 135.0 131.0 131.0 138.0 141.0 127.0 127.0 127.0 137.0 154.0 126.0 118.0 132.0 120.0 135.0 138.0 130.0 138.0 123.0 133.0 134.0 147.0 141.0 145.0 134.0 134.0 135.0 141.0 137.0 132.0 123.0 138.0 142.0 127.0 135.0 129.0 130.0 145.0 135.0 133.8292682926829 14.051184424398771
48 5.0 5.0 5.0 5.0 5.0 5.0 5.0 5.0 5.0 5.0 5.0 5.0 5.0 5.0 5.0 5.0 5.0 5.0 5.0 5.0 5.0 5.0 6.0 6.0 6.0 6.0 6.0 6.0 6.0 6.0 6.0 6.0 6.0 6.0 6.0 6.0 6.0 6.0 6.0 6.0 6.0 6.0 6.0 6.0 6.0 6.0 6.0 6.0 6.0 6.0 6.0 6.0 5.0 5.0 5.0 5.0 5.0 5.0 5.0 5.0 5.0 5.0 5.0 5.0 5.0 5.0 5.0 5.0 5.0 5.0 5.0 5.0 5.0 5.0 5.0 6.0 6.0 5.0 5.0 5.0 5.0 5.0 5.0 5.0 5.0 5.0 5.0 5.0 5.0 5.0 5.0 5.0 5.0 5.0 6.0 5.0 5.0 5.0 5.0 5.0 5.0 6.0 6.0 6.0 5.0 5.0 5.0 5.0 5.0 6.0 5.0 5.0 5.0 5.0 5.0 5.0 5.0 5.0 5.0 5.0 5.0 5.0 5.0 5.0 5.0 5.0 5.0 5.0 5.0 5.0 5.0 5.0 5.0 5.0 6.0 6.0 6.0 6.0 6.0 6.0 6.0 6.0 6.0 6.0 6.0 6.0 6.0 6.0 6.0 5.0 5.0 5.0 5.0 6.0 5.0 5.0 5.0 5.0 5.0 5.0 6.0 6.0 6.0 6.0 6.0 5.0 5.0 6.0 6.0 5.0 6.0 6.0 6.0 6.0 6.0 5.0 5.0 5.0 5.0 6.0 6.0 6.0 6.0 6.0 5.0 5.0 5.0 5.0 6.0 6.0 6.0 6.0 5.0 5.0 5.0 5.0 5.0 5.0 5.0 6.0 6.0 6.0 6.0 6.0 6.0 5.0 6.0 6.0 6.0 6.0 6.0 6.0 6.0 6.0 6.0 6.0 6.0 6.0 5.0 5.0 5.0 5.0 5.0 5.0 5.0 5.0 5.0 5.0 5.0 5.0 5.0 5.0 5.0 5.0 6.0 6.0 6.0 5.0 5.0 5.0 5.0 6.0 6.0 6.0 6.0 6.0 5.0 5.0 5.0 5.0 5.0 5.0 5.0 5.0 5.0 5.0 5.0 5.0 6.0 5.0 6.0 6.0 6.0 6.0 6.0 6.0 6.0 6.0 6.0 6.0 5.0 5.0 5.0 5.0 5.0 5.0 6.0 6.0 6.0 6.0 6.0 6.0 6.0 6.0 6.0 6.0 6.0 5.425087108013937 0.4952197111542836
49 443.0 425.0 424.0 415.0 411.0 440.0 440.0 479.0 469.0 415.0 412.0 417.0 426.0 427.0 427.0 458.0 398.0 418.0 418.0 418.0 440.0 431.0 450.0 438.0 436.0 441.0 438.0 432.0 1146.0 427.0 421.0 423.0 476.0 396.0 429.0 431.0 437.0 434.0 424.0 408.0 430.0 424.0 434.0 439.0 442.0 396.0 397.0 420.0 421.0 444.0 454.0 417.0 416.0 420.0 423.0 429.0 420.0 433.0 447.0 435.0 438.0 433.0 408.0 428.0 437.0 432.0 430.0 419.0 412.0 414.0 426.0 423.0 511.0 419.0 414.0 505.0 414.0 413.0 420.0 422.0 396.0 416.0 412.0 380.0 386.0 422.0 418.0 421.0 402.0 415.0 422.0 424.0 429.0 402.0 393.0 407.0 396.0 433.0 405.0 420.0 404.0 399.0 425.0 414.0 425.0 423.0 410.0 411.0 417.0 401.0 416.0 396.0 418.0 398.0 388.0 418.0 425.0 434.0 424.0 375.0 396.0 419.0 398.0 374.0 364.0 402.0 416.0 567.0 395.0 387.0 407.0 405.0 404.0 421.0 414.0 398.0 416.0 410.0 411.0 416.0 385.0 383.0 425.0 417.0 407.0 434.0 435.0 421.0 427.0 410.0 386.0 376.0 391.0 440.0 390.0 389.0 397.0 411.0 404.0 385.0 427.0 413.0 420.0 423.0 429.0 416.0 422.0 418.0 417.0 401.0 407.0 410.0 427.0 434.0 417.0 420.0 420.0 407.0 366.0 390.0 424.0 418.0 410.0 416.0 372.0 425.0 415.0 409.0 417.0 419.0 420.0 422.0 428.0 403.0 427.0 413.0 416.0 428.0 390.0 512.0 491.0 431.0 451.0 405.0 406.0 401.0 425.0 425.0 435.0 429.0 441.0 434.0 426.0 417.0 423.0 413.0 448.0 435.0 357.0 363.0 400.0 405.0 420.0 426.0 370.0 379.0 399.0 396.0 398.0 419.0 421.0 398.0 416.0 423.0 431.0 435.0 438.0 439.0 427.0 428.0 439.0 415.0 396.0 429.0 423.0 422.0 408.0 404.0 425.0 422.0 409.0 408.0 415.0 406.0 410.0 423.0 440.0 440.0 444.0 390.0 378.0 404.0 408.0 429.0 435.0 429.0 435.0 415.0 425.0 441.0 441.0 437.0 429.0 434.0 433.0 435.0 439.0 441.0 433.0 408.0 429.0 416.0 414.0 413.0 412.0 437.0 458.0 422.01393728222996 48.54375663841318
50 290.0 283.0 302.0 301.0 290.0 277.0 310.0 310.0 304.0 321.0 289.0 292.0 296.0 302.0 298.0 414.0 304.0 306.0 292.0 294.0 294.0 313.0 301.0 301.0 306.0 312.0 311.0 310.0 305.0 319.0 301.0 308.0 281.0 289.0 284.0 302.0 382.0 308.0 340.0 306.0 260.0 299.0 300.0 348.0 311.0 308.0 289.0 283.0 295.0 300.0 302.0 319.0 305.0 300.0 295.0 304.0 302.0 294.0 297.0 315.0 304.0 309.0 312.0 291.0 299.0 324.0 304.0 304.0 299.0 293.0 283.0 305.0 300.0 295.0 290.0 298.0 297.0 304.0 298.0 290.0 294.0 392.0 299.0 291.0 269.0 303.0 300.0 298.0 286.0 302.0 298.0 301.0 302.0 299.0 300.0 286.0 300.0 319.0 298.0 297.0 303.0 309.0 294.0 301.0 289.0 287.0 302.0 302.0 293.0 290.0 282.0 294.0 273.0 299.0 286.0 272.0 299.0 298.0 299.0 295.0 296.0 297.0 273.0 292.0 275.0 268.0 292.0 296.0 308.0 269.0 280.0 286.0 277.0 298.0 304.0 290.0 290.0 302.0 285.0 290.0 284.0 269.0 285.0 303.0 305.0 308.0 314.0 296.0 302.0 309.0 298.0 293.0 282.0 283.0 297.0 268.0 307.0 281.0 291.0 288.0 322.0 283.0 295.0 308.0 271.0 297.0 302.0 308.0 290.0 299.0 283.0 289.0 285.0 302.0 309.0 306.0 297.0 298.0 290.0 267.0 300.0 297.0 298.0 294.0 295.0 293.0 296.0 304.0 266.0 307.0 296.0 296.0 305.0 337.0 307.0 299.0 297.0 297.0 302.0 281.0 287.0 299.0 327.0 409.0 297.0 318.0 296.0 291.0 332.0 306.0 298.0 308.0 303.0 301.0 292.0 298.0 290.0 305.0 316.0 270.0 309.0 279.0 302.0 300.0 249.0 261.0 339.0 295.0 291.0 289.0 298.0 302.0 284.0 301.0 292.0 294.0 307.0 311.0 309.0 297.0 302.0 303.0 283.0 288.0 314.0 299.0 291.0 294.0 271.0 313.0 298.0 292.0 288.0 299.0 307.0 304.0 298.0 282.0 308.0 325.0 291.0 263.0 286.0 280.0 299.0 306.0 307.0 303.0 317.0 292.0 292.0 301.0 318.0 303.0 303.0 303.0 346.0 311.0 318.0 315.0 284.0 299.0 298.0 282.0 307.0 295.0 298.0 298.9581881533101 18.067617582219892
51 148.0 148.0 136.0 137.0 153.0 151.0 142.0 157.0 157.0 123.0 159.0 128.0 144.0 124.0 203.0 256.0 167.0 159.0 159.0 181.0 143.0 140.0 140.0 167.0 171.0 125.0 125.0 142.0 123.0 171.0 130.0 132.0 278.0 151.0 163.0 237.0 166.0 239.0 158.0 143.0 214.0 133.0 208.0 146.0 146.0 172.0 180.0 157.0 168.0 204.0 202.0 123.0 184.0 130.0 132.0 149.0 124.0 179.0 142.0 143.0 143.0 121.0 167.0 1391.0 156.0 144.0 165.0 148.0 218.0 138.0 204.0 196.0 138.0 150.0 178.0 159.0 145.0 140.0 123.0 145.0 143.0 175.0 125.0 158.0 135.0 183.0 123.0 142.0 178.0 191.0 153.0 187.0 145.0 146.0 176.0 147.0 149.0 248.0 160.0 195.0 195.0 199.0 147.0 204.0 181.0 167.0 133.0 166.0 154.0 156.0 148.0 148.0 151.0 216.0 148.0 149.0 133.0 156.0 164.0 180.0 124.0 146.0 142.0 175.0 126.0 178.0 187.0 140.0 164.0 228.0 173.0 161.0 128.0 389.0 167.0 188.0 149.0 148.0 167.0 146.0 148.0 214.0 136.0 238.0 175.0 179.0 173.0 148.0 153.0 190.0 167.0 151.0 167.0 180.0 138.0 131.0 177.0 161.0 165.0 192.0 173.0 168.0 135.0 171.0 129.0 127.0 163.0 177.0 196.0 153.0 164.0 161.0 170.0 168.0 182.0 141.0 189.0 161.0 173.0 165.0 138.0 237.0 136.0 164.0 174.0 179.0 165.0 161.0 131.0 200.0 394.0 171.0 173.0 144.0 175.0 181.0 185.0 196.0 170.0 138.0 170.0 146.0 239.0 196.0 879.0 181.0 164.0 140.0 143.0 159.0 180.0 138.0 157.0 157.0 209.0 149.0 155.0 225.0 156.0 153.0 169.0 161.0 151.0 136.0 208.0 149.0 142.0 161.0 145.0 236.0 224.0 188.0 188.0 149.0 157.0 132.0 137.0 191.0 177.0 172.0 166.0 191.0 148.0 141.0 212.0 150.0 163.0 120.0 158.0 158.0 193.0 170.0 141.0 308.0 148.0 176.0 172.0 144.0 134.0 177.0 153.0 196.0 147.0 187.0 122.0 148.0 166.0 239.0 239.0 255.0 141.0 141.0 229.0 163.0 163.0 252.0 10433.0 339.0 156.0 182.0 250.0 170.0 153.0 161.0 171.0 455.0 150.0 211.22648083623707 612.5414622151524
END
#################################################################
SECTION3 (Edges Information)
EndPoint0 EndPoint1 Weight
0 1 1.000000
1 2 1.000000
2 3 1.000000
3 4 1.000000
4 5 1.000000
5 6 1.000000
6 7 1.000000
7 8 1.000000
8 9 1.000000
9 10 1.000000
10 11 1.000000
11 12 1.000000
12 13 1.000000
13 14 1.000000
14 15 1.000000
15 16 1.000000
16 17 1.000000
17 18 1.000000
18 19 1.000000
19 20 1.000000
20 21 1.000000
21 22 1.000000
22 23 1.000000
23 24 1.000000
24 25 1.000000
25 26 1.000000
26 27 1.000000
27 28 1.000000
28 29 1.000000
29 30 1.000000
30 31 1.000000
31 32 1.000000
32 33 1.000000
33 34 1.000000
34 35 1.000000
35 36 1.000000
36 37 1.000000
37 38 1.000000
38 39 1.000000
39 40 1.000000
40 41 1.000000
41 42 1.000000
42 43 1.000000
43 44 1.000000
44 45 1.000000
45 46 1.000000
46 47 1.000000
47 48 1.000000
48 49 1.000000
49 50 1.000000
50 51 1.000000
END
#################################################################
SECTION4 (TrueSubGraph Information)
EndPoint0 EndPoint1 Weight
END
#################################################################
