#################################################################
#APDM Input Graph, this input graph includes 3 sections:
#section1 : general information
#section2 : nodes
#section3 : edges
#section4 : trueSubGraph (Optional)
#
#if nodes haven't information set weight to null
#################################################################
SECTION1 (General Information)
numNodes = 52
numEdges = 51
usedAlgorithm = NULL
dataSource = TransWeatherRealData
END
#################################################################
SECTION2 (Nodes Information)
NodeID travelTime  mean  std 
0 233.0 239.0 271.0 230.0 223.0 240.0 233.0 221.0 220.0 230.0 230.0 229.0 250.0 220.0 200.0 251.0 205.0 227.0 242.0 243.0 233.0 235.0 223.0 218.0 239.0 239.0 231.0 237.0 239.0 222.0 218.0 219.0 219.0 236.0 230.0 234.0 231.0 220.0 216.0 221.0 222.0 236.0 224.0 226.0 231.0 230.0 233.0 230.0 233.0 234.0 225.0 228.0 221.0 227.0 232.0 234.0 225.0 226.0 238.0 229.0 229.0 232.0 229.0 216.0 247.0 226.0 227.0 204.0 212.0 236.0 219.0 219.0 226.0 219.0 214.0 216.0 225.0 214.0 235.0 231.0 219.0 221.0 222.0 214.0 218.0 232.0 223.0 228.0 199.0 213.0 211.0 233.0 225.0 229.0 216.0 215.0 223.0 213.0 216.0 227.0 229.0 228.0 220.0 223.0 221.0 218.0 231.0 225.0 214.0 219.0 228.0 208.0 209.0 227.0 232.0 250.0 223.0 212.0 226.0 221.0 222.0 223.0 218.0 226.0 223.0 228.0 240.0 218.0 220.0 226.0 230.0 227.0 235.0 224.0 215.0 216.0 234.0 223.0 214.0 212.0 227.0 230.0 221.0 259.0 223.0 224.0 229.0 228.0 201.0 196.0 220.0 204.0 195.0 202.0 232.0 221.0 216.0 230.0 220.0 223.0 223.0 217.0 211.0 193.0 226.0 226.0 228.0 198.0 211.0 211.0 223.0 227.0 221.0 221.0 219.0 198.0 239.0 223.0 221.0 224.0 216.0 213.0 218.0 233.0 219.0 230.0 232.0 219.0 208.0 219.0 223.0 226.0 221.0 211.0 230.0 231.0 220.0 227.0 221.0 222.0 225.0 201.0 225.0 226.0 228.0 231.0 222.0 214.0 221.0 220.0 221.0 222.0 230.0 222.0 226.0 218.0 222.0 229.0 220.0 225.0 225.0 229.0 229.0 206.0 218.0 209.0 264.0 216.0 206.0 211.0 217.0 230.0 229.0 233.0 233.0 228.0 231.0 224.0 214.0 220.0 216.0 244.0 235.0 229.0 225.0 227.0 238.0 241.0 234.0 214.0 219.0 223.0 220.0 218.0 244.0 246.0 239.0 244.0 229.0 237.0 226.0 227.0 230.0 228.0 232.0 223.0 237.0 226.0 228.0 231.0 232.0 232.0 221.0 228.0 225.0 222.0 208.0 210.0 227.0 227.0 245.0 246.0 199.0 220.0 236.0 231.0 193.0 224.47386759581883 10.99134338445466
1 71.0 68.0 68.0 71.0 67.0 72.0 70.0 70.0 66.0 66.0 67.0 68.0 68.0 68.0 59.0 59.0 68.0 68.0 68.0 74.0 69.0 72.0 69.0 67.0 67.0 67.0 67.0 68.0 70.0 70.0 69.0 69.0 69.0 69.0 69.0 69.0 72.0 65.0 66.0 66.0 66.0 69.0 71.0 66.0 63.0 70.0 70.0 70.0 69.0 70.0 70.0 70.0 66.0 68.0 67.0 70.0 69.0 65.0 70.0 67.0 67.0 71.0 69.0 64.0 63.0 63.0 61.0 65.0 70.0 67.0 66.0 65.0 67.0 66.0 66.0 66.0 63.0 67.0 65.0 70.0 64.0 69.0 67.0 67.0 67.0 69.0 71.0 65.0 63.0 64.0 63.0 71.0 69.0 67.0 66.0 64.0 68.0 72.0 75.0 65.0 70.0 70.0 75.0 68.0 65.0 65.0 74.0 67.0 62.0 69.0 69.0 72.0 69.0 69.0 67.0 65.0 61.0 68.0 71.0 68.0 67.0 71.0 67.0 72.0 69.0 67.0 68.0 67.0 70.0 71.0 64.0 68.0 71.0 65.0 66.0 63.0 63.0 71.0 65.0 64.0 67.0 70.0 67.0 86.0 64.0 84.0 63.0 67.0 68.0 56.0 66.0 66.0 58.0 60.0 71.0 65.0 66.0 66.0 67.0 66.0 67.0 60.0 67.0 56.0 69.0 67.0 64.0 67.0 59.0 69.0 62.0 62.0 67.0 67.0 68.0 58.0 69.0 67.0 72.0 72.0 69.0 67.0 64.0 71.0 66.0 66.0 66.0 70.0 65.0 63.0 67.0 67.0 69.0 63.0 72.0 72.0 73.0 65.0 66.0 67.0 75.0 67.0 70.0 62.0 63.0 69.0 69.0 83.0 66.0 69.0 64.0 64.0 65.0 67.0 74.0 67.0 64.0 66.0 68.0 70.0 70.0 72.0 75.0 59.0 70.0 69.0 142.0 72.0 59.0 60.0 58.0 65.0 70.0 70.0 68.0 68.0 69.0 72.0 62.0 65.0 68.0 68.0 71.0 68.0 68.0 64.0 76.0 72.0 69.0 71.0 70.0 69.0 65.0 67.0 62.0 77.0 72.0 69.0 66.0 71.0 71.0 91.0 72.0 67.0 69.0 72.0 72.0 72.0 70.0 68.0 72.0 70.0 70.0 60.0 60.0 68.0 74.0 63.0 66.0 68.0 61.0 76.0 75.0 59.0 73.0 70.0 67.0 67.96864111498257 6.11450121187754
2 284.0 286.0 268.0 313.0 283.0 274.0 283.0 291.0 266.0 266.0 266.0 271.0 272.0 313.0 247.0 241.0 322.0 266.0 263.0 296.0 307.0 285.0 291.0 278.0 273.0 280.0 280.0 276.0 284.0 292.0 272.0 272.0 259.0 259.0 306.0 280.0 281.0 302.0 319.0 266.0 265.0 272.0 297.0 276.0 270.0 274.0 274.0 310.0 281.0 283.0 281.0 292.0 270.0 272.0 280.0 287.0 285.0 285.0 269.0 287.0 276.0 276.0 294.0 280.0 267.0 274.0 282.0 268.0 277.0 287.0 275.0 269.0 265.0 278.0 268.0 265.0 260.0 277.0 256.0 275.0 288.0 283.0 269.0 275.0 274.0 233.0 278.0 280.0 272.0 281.0 291.0 252.0 263.0 278.0 269.0 272.0 266.0 273.0 268.0 264.0 279.0 272.0 278.0 273.0 259.0 260.0 265.0 275.0 268.0 261.0 276.0 291.0 270.0 275.0 287.0 275.0 280.0 294.0 284.0 282.0 273.0 273.0 268.0 262.0 248.0 272.0 282.0 272.0 267.0 269.0 268.0 275.0 283.0 233.0 264.0 250.0 292.0 328.0 264.0 258.0 268.0 292.0 277.0 278.0 310.0 361.0 317.0 277.0 288.0 244.0 273.0 270.0 258.0 242.0 254.0 262.0 272.0 278.0 275.0 264.0 268.0 260.0 256.0 235.0 223.0 267.0 258.0 285.0 228.0 281.0 257.0 269.0 265.0 268.0 266.0 269.0 241.0 278.0 269.0 277.0 271.0 267.0 253.0 266.0 282.0 288.0 283.0 259.0 278.0 257.0 284.0 277.0 261.0 260.0 281.0 277.0 290.0 264.0 266.0 268.0 268.0 280.0 249.0 265.0 238.0 273.0 282.0 269.0 249.0 256.0 278.0 269.0 260.0 265.0 280.0 284.0 280.0 271.0 264.0 279.0 266.0 273.0 293.0 226.0 245.0 271.0 269.0 274.0 257.0 253.0 273.0 264.0 282.0 284.0 253.0 326.0 281.0 282.0 285.0 262.0 272.0 294.0 310.0 284.0 273.0 278.0 265.0 292.0 295.0 278.0 273.0 279.0 279.0 268.0 257.0 291.0 315.0 290.0 277.0 279.0 310.0 374.0 281.0 287.0 273.0 289.0 296.0 301.0 298.0 297.0 293.0 292.0 303.0 264.0 279.0 277.0 271.0 250.0 288.0 278.0 283.0 374.0 316.0 257.0 265.0 291.0 311.0 275.89895470383277 19.07310830572713
3 188.0 193.0 188.0 200.0 205.0 190.0 188.0 197.0 197.0 180.0 180.0 197.0 211.0 195.0 215.0 166.0 177.0 201.0 173.0 191.0 188.0 206.0 199.0 230.0 191.0 193.0 199.0 250.0 190.0 196.0 196.0 202.0 178.0 178.0 222.0 193.0 193.0 218.0 198.0 209.0 174.0 192.0 185.0 196.0 189.0 188.0 196.0 194.0 192.0 186.0 193.0 205.0 195.0 185.0 185.0 212.0 194.0 195.0 188.0 186.0 189.0 202.0 202.0 194.0 185.0 187.0 177.0 196.0 201.0 185.0 192.0 203.0 184.0 188.0 190.0 186.0 182.0 193.0 191.0 188.0 192.0 185.0 205.0 180.0 189.0 191.0 169.0 196.0 196.0 195.0 191.0 184.0 181.0 179.0 194.0 192.0 189.0 186.0 190.0 186.0 185.0 190.0 192.0 191.0 188.0 166.0 188.0 185.0 198.0 180.0 169.0 179.0 197.0 210.0 196.0 189.0 213.0 190.0 194.0 196.0 195.0 192.0 184.0 192.0 184.0 174.0 195.0 195.0 238.0 194.0 183.0 194.0 190.0 162.0 157.0 190.0 176.0 185.0 196.0 178.0 180.0 182.0 198.0 192.0 184.0 180.0 228.0 267.0 193.0 187.0 183.0 173.0 180.0 165.0 169.0 168.0 184.0 186.0 199.0 191.0 190.0 191.0 179.0 188.0 159.0 170.0 183.0 179.0 191.0 191.0 193.0 194.0 190.0 184.0 194.0 185.0 169.0 164.0 185.0 187.0 189.0 188.0 186.0 170.0 196.0 190.0 192.0 192.0 206.0 184.0 180.0 186.0 195.0 184.0 182.0 188.0 188.0 190.0 181.0 183.0 184.0 187.0 188.0 173.0 183.0 181.0 192.0 186.0 172.0 167.0 189.0 182.0 187.0 195.0 190.0 169.0 196.0 183.0 193.0 199.0 190.0 188.0 194.0 189.0 228.0 195.0 192.0 199.0 195.0 177.0 194.0 189.0 192.0 172.0 201.0 194.0 192.0 192.0 202.0 188.0 190.0 190.0 200.0 193.0 188.0 179.0 202.0 184.0 199.0 202.0 197.0 183.0 181.0 193.0 175.0 191.0 197.0 192.0 191.0 187.0 202.0 199.0 188.0 181.0 200.0 185.0 197.0 193.0 191.0 197.0 192.0 191.0 205.0 221.0 178.0 189.0 184.0 184.0 220.0 209.0 207.0 192.0 192.0 205.0 164.0 192.0 196.0 190.44599303135888 12.704950977575969
4 302.0 307.0 308.0 300.0 300.0 300.0 303.0 303.0 314.0 307.0 295.0 291.0 300.0 307.0 299.0 301.0 263.0 303.0 302.0 273.0 301.0 310.0 310.0 315.0 304.0 304.0 311.0 300.0 300.0 299.0 301.0 312.0 300.0 291.0 297.0 297.0 308.0 308.0 316.0 317.0 297.0 289.0 292.0 305.0 304.0 291.0 296.0 296.0 303.0 303.0 303.0 308.0 307.0 312.0 294.0 308.0 293.0 302.0 309.0 285.0 290.0 296.0 301.0 306.0 296.0 289.0 304.0 305.0 293.0 292.0 299.0 309.0 295.0 297.0 298.0 292.0 292.0 306.0 293.0 290.0 306.0 294.0 281.0 305.0 294.0 292.0 307.0 301.0 308.0 298.0 296.0 307.0 292.0 281.0 294.0 303.0 305.0 309.0 293.0 303.0 292.0 278.0 292.0 304.0 286.0 288.0 274.0 292.0 299.0 299.0 296.0 275.0 283.0 303.0 304.0 289.0 295.0 300.0 297.0 303.0 305.0 303.0 298.0 299.0 301.0 295.0 283.0 286.0 310.0 274.0 281.0 288.0 298.0 303.0 250.0 259.0 288.0 285.0 308.0 310.0 281.0 288.0 296.0 304.0 292.0 275.0 267.0 310.0 362.0 305.0 293.0 287.0 295.0 288.0 248.0 248.0 294.0 281.0 305.0 299.0 314.0 303.0 292.0 289.0 292.0 244.0 299.0 283.0 292.0 292.0 294.0 300.0 302.0 301.0 285.0 295.0 287.0 246.0 276.0 292.0 303.0 307.0 293.0 261.0 260.0 296.0 305.0 307.0 281.0 278.0 284.0 271.0 296.0 305.0 282.0 260.0 296.0 300.0 289.0 296.0 282.0 292.0 306.0 297.0 256.0 265.0 303.0 294.0 296.0 282.0 274.0 291.0 290.0 287.0 297.0 305.0 303.0 305.0 290.0 296.0 311.0 299.0 345.0 310.0 297.0 306.0 305.0 310.0 277.0 292.0 276.0 301.0 296.0 310.0 294.0 291.0 306.0 317.0 306.0 302.0 285.0 289.0 298.0 314.0 310.0 313.0 288.0 313.0 313.0 314.0 311.0 282.0 277.0 304.0 298.0 281.0 284.0 303.0 306.0 294.0 295.0 318.0 322.0 301.0 298.0 297.0 289.0 311.0 319.0 316.0 306.0 307.0 317.0 302.0 294.0 280.0 295.0 296.0 271.0 290.0 300.0 304.0 310.0 320.0 285.0 263.0 305.0 296.08710801393727 14.31181504906983
5 5.0 5.0 5.0 5.0 5.0 5.0 5.0 5.0 5.0 5.0 5.0 5.0 5.0 5.0 5.0 5.0 5.0 5.0 5.0 5.0 5.0 5.0 5.0 5.0 5.0 5.0 5.0 5.0 5.0 5.0 5.0 5.0 5.0 5.0 5.0 5.0 5.0 4.0 4.0 4.0 4.0 4.0 4.0 4.0 4.0 4.0 4.0 4.0 4.0 4.0 4.0 4.0 4.0 4.0 4.0 4.0 4.0 4.0 4.0 4.0 4.0 4.0 4.0 4.0 4.0 4.0 4.0 4.0 4.0 4.0 4.0 4.0 4.0 4.0 4.0 4.0 4.0 4.0 4.0 4.0 4.0 4.0 4.0 4.0 4.0 4.0 4.0 4.0 4.0 4.0 4.0 4.0 4.0 4.0 4.0 4.0 5.0 5.0 5.0 5.0 5.0 5.0 5.0 5.0 5.0 5.0 4.0 4.0 4.0 4.0 4.0 3.0 3.0 3.0 3.0 4.0 4.0 4.0 4.0 4.0 4.0 4.0 4.0 4.0 4.0 4.0 4.0 4.0 4.0 4.0 4.0 4.0 4.0 4.0 4.0 3.0 3.0 4.0 4.0 4.0 4.0 3.0 4.0 4.0 4.0 4.0 4.0 3.0 130.0 4.0 4.0 4.0 4.0 4.0 3.0 3.0 4.0 4.0 4.0 4.0 4.0 4.0 4.0 4.0 4.0 4.0 4.0 4.0 4.0 4.0 4.0 3.0 4.0 4.0 4.0 5.0 5.0 5.0 3.0 3.0 4.0 4.0 4.0 4.0 3.0 3.0 5.0 5.0 5.0 4.0 5.0 4.0 4.0 4.0 4.0 4.0 4.0 3.0 3.0 4.0 4.0 4.0 4.0 4.0 4.0 4.0 4.0 4.0 4.0 4.0 3.0 3.0 3.0 3.0 3.0 3.0 3.0 3.0 3.0 3.0 4.0 4.0 4.0 4.0 4.0 3.0 3.0 3.0 3.0 3.0 3.0 3.0 4.0 4.0 4.0 4.0 4.0 4.0 4.0 4.0 4.0 4.0 4.0 4.0 4.0 4.0 4.0 4.0 4.0 4.0 4.0 4.0 4.0 4.0 4.0 4.0 4.0 4.0 4.0 4.0 4.0 4.0 4.0 4.0 4.0 5.0 5.0 4.0 4.0 4.0 4.0 4.0 4.0 5.0 5.0 4.0 4.0 4.0 4.0 4.0 4.0 4.0 4.0 4.0 4.0 3.0 3.0 4.51567944250871 7.454683477052349
6 353.0 347.0 338.0 343.0 409.0 484.0 358.0 356.0 343.0 350.0 340.0 351.0 361.0 361.0 378.0 354.0 365.0 294.0 354.0 353.0 331.0 338.0 354.0 356.0 358.0 367.0 337.0 360.0 418.0 418.0 338.0 352.0 347.0 344.0 311.0 341.0 348.0 351.0 360.0 427.0 341.0 346.0 370.0 376.0 351.0 341.0 321.0 340.0 347.0 332.0 332.0 334.0 368.0 352.0 348.0 327.0 327.0 337.0 363.0 349.0 324.0 331.0 395.0 336.0 416.0 345.0 339.0 339.0 347.0 418.0 332.0 324.0 353.0 347.0 338.0 330.0 329.0 324.0 336.0 334.0 333.0 339.0 337.0 316.0 406.0 345.0 330.0 341.0 390.0 341.0 345.0 342.0 341.0 323.0 306.0 327.0 340.0 378.0 353.0 334.0 377.0 333.0 322.0 326.0 332.0 332.0 333.0 323.0 325.0 342.0 343.0 321.0 343.0 325.0 336.0 335.0 350.0 334.0 335.0 354.0 351.0 342.0 355.0 343.0 347.0 348.0 322.0 330.0 337.0 325.0 315.0 317.0 324.0 341.0 348.0 288.0 302.0 326.0 329.0 329.0 347.0 312.0 328.0 356.0 343.0 333.0 323.0 309.0 371.0 381.0 340.0 366.0 338.0 325.0 313.0 280.0 348.0 333.0 333.0 346.0 341.0 339.0 347.0 326.0 331.0 353.0 328.0 391.0 308.0 345.0 320.0 355.0 282.0 328.0 358.0 335.0 328.0 352.0 350.0 332.0 326.0 279.0 340.0 346.0 293.0 303.0 354.0 341.0 351.0 294.0 316.0 312.0 302.0 350.0 347.0 302.0 305.0 328.0 341.0 329.0 331.0 320.0 331.0 358.0 374.0 280.0 336.0 340.0 336.0 329.0 315.0 301.0 351.0 331.0 324.0 325.0 358.0 336.0 351.0 323.0 333.0 348.0 359.0 338.0 348.0 332.0 364.0 342.0 293.0 316.0 332.0 309.0 319.0 332.0 336.0 321.0 329.0 349.0 339.0 341.0 352.0 330.0 354.0 321.0 345.0 353.0 363.0 341.0 344.0 379.0 354.0 345.0 344.0 308.0 339.0 344.0 353.0 326.0 338.0 343.0 329.0 339.0 413.0 363.0 327.0 364.0 350.0 329.0 352.0 348.0 342.0 349.0 340.0 351.0 338.0 324.0 320.0 333.0 338.0 301.0 326.0 336.0 335.0 355.0 386.0 309.0 303.0 340.5331010452961 24.296351818299087
7 539.0 479.0 486.0 476.0 495.0 503.0 496.0 476.0 486.0 477.0 500.0 512.0 484.0 517.0 565.0 565.0 498.0 482.0 488.0 525.0 493.0 489.0 463.0 502.0 497.0 492.0 505.0 475.0 477.0 489.0 500.0 483.0 484.0 482.0 507.0 472.0 472.0 492.0 482.0 503.0 461.0 474.0 486.0 437.0 486.0 478.0 482.0 477.0 470.0 467.0 473.0 473.0 478.0 486.0 493.0 494.0 478.0 466.0 485.0 478.0 477.0 484.0 462.0 471.0 474.0 536.0 478.0 472.0 452.0 431.0 452.0 466.0 468.0 482.0 486.0 478.0 497.0 480.0 461.0 474.0 487.0 463.0 466.0 477.0 445.0 479.0 491.0 463.0 468.0 500.0 493.0 494.0 475.0 471.0 486.0 459.0 483.0 488.0 479.0 477.0 460.0 490.0 468.0 450.0 460.0 464.0 454.0 439.0 448.0 459.0 475.0 484.0 443.0 463.0 465.0 472.0 479.0 475.0 467.0 485.0 471.0 474.0 490.0 486.0 480.0 469.0 471.0 470.0 463.0 440.0 476.0 463.0 434.0 444.0 467.0 480.0 411.0 418.0 441.0 452.0 480.0 487.0 443.0 447.0 482.0 471.0 483.0 447.0 440.0 485.0 473.0 489.0 475.0 466.0 454.0 422.0 401.0 414.0 467.0 471.0 483.0 481.0 465.0 487.0 451.0 450.0 471.0 432.0 466.0 410.0 446.0 466.0 479.0 465.0 412.0 483.0 398.0 472.0 459.0 469.0 488.0 413.0 408.0 445.0 478.0 431.0 434.0 484.0 487.0 481.0 421.0 429.0 437.0 446.0 489.0 472.0 467.0 475.0 469.0 473.0 479.0 466.0 447.0 464.0 475.0 486.0 454.0 463.0 470.0 480.0 464.0 449.0 430.0 478.0 487.0 457.0 406.0 480.0 490.0 498.0 470.0 459.0 479.0 494.0 485.0 483.0 474.0 493.0 448.0 411.0 423.0 438.0 446.0 451.0 435.0 535.0 423.0 441.0 484.0 484.0 483.0 516.0 471.0 468.0 447.0 464.0 482.0 489.0 496.0 478.0 492.0 479.0 486.0 440.0 435.0 438.0 478.0 471.0 459.0 496.0 501.0 497.0 455.0 476.0 492.0 470.0 474.0 477.0 468.0 499.0 496.0 495.0 477.0 476.0 488.0 510.0 457.0 451.0 459.0 471.0 476.0 457.0 475.0 485.0 486.0 568.0 434.0 471.5714285714286 25.098845550185132
8 637.0 835.0 662.0 666.0 636.0 644.0 697.0 716.0 722.0 687.0 719.0 674.0 650.0 692.0 673.0 654.0 639.0 630.0 653.0 655.0 650.0 693.0 680.0 695.0 660.0 678.0 687.0 677.0 739.0 664.0 658.0 637.0 637.0 653.0 658.0 665.0 675.0 660.0 662.0 654.0 699.0 659.0 659.0 655.0 627.0 658.0 648.0 665.0 655.0 649.0 633.0 640.0 642.0 657.0 642.0 663.0 663.0 656.0 643.0 647.0 650.0 646.0 660.0 641.0 636.0 653.0 658.0 690.0 635.0 628.0 594.0 586.0 602.0 627.0 636.0 640.0 634.0 651.0 673.0 689.0 684.0 687.0 648.0 643.0 652.0 616.0 588.0 640.0 655.0 646.0 646.0 660.0 643.0 647.0 650.0 649.0 624.0 640.0 646.0 633.0 602.0 605.0 633.0 652.0 673.0 665.0 669.0 661.0 652.0 619.0 639.0 680.0 658.0 642.0 647.0 649.0 676.0 748.0 654.0 656.0 657.0 661.0 646.0 636.0 661.0 684.0 669.0 657.0 657.0 646.0 644.0 671.0 661.0 631.0 606.0 621.0 659.0 582.0 562.0 572.0 599.0 623.0 649.0 609.0 607.0 610.0 664.0 678.0 619.0 599.0 646.0 737.0 720.0 655.0 654.0 641.0 637.0 550.0 556.0 643.0 642.0 649.0 651.0 646.0 651.0 650.0 614.0 604.0 635.0 645.0 592.0 577.0 639.0 670.0 576.0 545.0 546.0 652.0 593.0 639.0 640.0 653.0 660.0 582.0 575.0 647.0 591.0 582.0 617.0 653.0 660.0 616.0 560.0 602.0 620.0 584.0 666.0 680.0 649.0 652.0 642.0 648.0 644.0 644.0 629.0 649.0 658.0 676.0 665.0 634.0 679.0 647.0 630.0 593.0 597.0 677.0 638.0 637.0 593.0 665.0 664.0 646.0 647.0 636.0 650.0 689.0 683.0 681.0 663.0 658.0 582.0 582.0 673.0 634.0 610.0 608.0 613.0 643.0 618.0 615.0 655.0 704.0 659.0 641.0 649.0 659.0 626.0 648.0 663.0 682.0 664.0 636.0 666.0 660.0 661.0 595.0 581.0 643.0 648.0 641.0 638.0 647.0 627.0 633.0 637.0 681.0 674.0 661.0 657.0 644.0 642.0 683.0 667.0 664.0 668.0 660.0 645.0 630.0 600.0 613.0 639.0 687.0 678.0 742.0 654.0 656.0 671.0 646.3135888501743 34.30966433012351
9 1012.0 1030.0 978.0 979.0 993.0 978.0 997.0 948.0 989.0 1043.0 1054.0 1018.0 1001.0 969.0 969.0 983.0 1093.0 949.0 959.0 892.0 943.0 1005.0 974.0 983.0 957.0 965.0 1012.0 958.0 982.0 970.0 970.0 984.0 976.0 993.0 899.0 921.0 944.0 953.0 963.0 1095.0 942.0 1004.0 980.0 966.0 962.0 935.0 923.0 1043.0 983.0 946.0 957.0 944.0 942.0 949.0 945.0 1010.0 991.0 958.0 978.0 956.0 1065.0 938.0 944.0 927.0 965.0 945.0 946.0 943.0 972.0 966.0 968.0 916.0 883.0 871.0 901.0 938.0 1010.0 982.0 945.0 933.0 949.0 940.0 928.0 977.0 958.0 943.0 959.0 936.0 888.0 900.0 1000.0 966.0 963.0 957.0 1044.0 974.0 925.0 960.0 952.0 1024.0 982.0 964.0 937.0 916.0 982.0 865.0 867.0 918.0 952.0 952.0 968.0 912.0 884.0 930.0 975.0 939.0 896.0 930.0 966.0 967.0 954.0 967.0 963.0 978.0 967.0 1015.0 907.0 914.0 991.0 982.0 1012.0 1087.0 1003.0 991.0 934.0 945.0 930.0 936.0 946.0 842.0 822.0 831.0 901.0 904.0 939.0 898.0 884.0 888.0 950.0 1036.0 913.0 875.0 897.0 1003.0 1100.0 994.0 975.0 950.0 927.0 844.0 827.0 833.0 912.0 949.0 946.0 946.0 945.0 933.0 906.0 899.0 922.0 951.0 860.0 864.0 925.0 958.0 759.0 754.0 795.0 908.0 950.0 914.0 917.0 903.0 911.0 832.0 847.0 860.0 970.0 967.0 959.0 946.0 961.0 865.0 845.0 839.0 894.0 892.0 920.0 905.0 962.0 944.0 927.0 951.0 930.0 924.0 921.0 918.0 920.0 972.0 955.0 954.0 975.0 1198.0 1064.0 1084.0 871.0 959.0 921.0 855.0 941.0 992.0 977.0 959.0 943.0 936.0 946.0 955.0 992.0 989.0 987.0 943.0 866.0 848.0 888.0 875.0 960.0 952.0 899.0 921.0 903.0 885.0 955.0 980.0 972.0 953.0 957.0 929.0 894.0 894.0 978.0 1009.0 974.0 949.0 951.0 971.0 970.0 997.0 1015.0 961.0 943.0 941.0 917.0 937.0 896.0 912.0 961.0 1031.0 981.0 985.0 976.0 931.0 949.0 1009.0 1027.0 989.0 970.0 959.0 952.0 947.0 864.0 882.0 888.0 968.0 986.0 912.0 856.0 946.766550522648 54.196268511558834
10 550.0 509.0 521.0 510.0 465.0 492.0 534.0 534.0 498.0 498.0 523.0 523.0 510.0 527.0 539.0 515.0 515.0 485.0 511.0 526.0 506.0 466.0 453.0 533.0 424.0 402.0 571.0 529.0 490.0 483.0 496.0 499.0 483.0 618.0 506.0 469.0 474.0 429.0 480.0 565.0 523.0 522.0 513.0 502.0 528.0 488.0 492.0 532.0 491.0 505.0 509.0 492.0 485.0 505.0 482.0 503.0 499.0 484.0 488.0 493.0 553.0 495.0 509.0 507.0 492.0 469.0 529.0 502.0 514.0 505.0 521.0 518.0 483.0 494.0 498.0 469.0 505.0 492.0 521.0 527.0 495.0 512.0 480.0 497.0 507.0 481.0 491.0 504.0 479.0 478.0 441.0 443.0 521.0 489.0 513.0 495.0 490.0 434.0 492.0 490.0 498.0 481.0 513.0 506.0 472.0 475.0 437.0 437.0 477.0 496.0 526.0 491.0 482.0 454.0 451.0 495.0 507.0 504.0 487.0 443.0 446.0 490.0 503.0 527.0 508.0 491.0 532.0 510.0 510.0 496.0 485.0 468.0 458.0 508.0 549.0 613.0 543.0 553.0 537.0 457.0 491.0 457.0 411.0 422.0 469.0 469.0 487.0 484.0 483.0 506.0 510.0 504.0 511.0 478.0 444.0 514.0 608.0 476.0 522.0 454.0 481.0 464.0 417.0 453.0 477.0 495.0 514.0 521.0 501.0 494.0 477.0 454.0 465.0 467.0 504.0 497.0 487.0 497.0 413.0 371.0 513.0 505.0 525.0 432.0 428.0 441.0 475.0 446.0 396.0 490.0 508.0 493.0 492.0 486.0 482.0 540.0 449.0 438.0 462.0 443.0 494.0 493.0 495.0 475.0 477.0 481.0 519.0 503.0 468.0 455.0 495.0 494.0 499.0 492.0 485.0 495.0 506.0 482.0 505.0 498.0 730.0 547.0 448.0 489.0 494.0 499.0 486.0 487.0 480.0 527.0 559.0 528.0 524.0 497.0 463.0 440.0 502.0 524.0 484.0 508.0 456.0 478.0 488.0 549.0 509.0 480.0 571.0 504.0 480.0 475.0 521.0 458.0 496.0 507.0 509.0 538.0 488.0 490.0 492.0 518.0 518.0 581.0 514.0 530.0 482.0 467.0 467.0 652.0 485.0 499.0 461.0 559.0 498.0 478.0 545.0 486.0 495.0 552.0 509.0 503.0 477.0 483.0 440.0 428.0 478.0 492.0 537.0 495.0905923344948 37.53178813987664
11 643.0 620.0 651.0 666.0 662.0 637.0 673.0 631.0 689.0 668.0 654.0 637.0 609.0 557.0 662.0 692.0 679.0 657.0 634.0 631.0 637.0 635.0 635.0 601.0 702.0 652.0 555.0 546.0 679.0 665.0 637.0 652.0 669.0 656.0 649.0 706.0 649.0 646.0 701.0 614.0 640.0 689.0 638.0 650.0 642.0 630.0 676.0 629.0 657.0 652.0 632.0 644.0 660.0 642.0 637.0 649.0 633.0 637.0 622.0 627.0 637.0 641.0 659.0 661.0 633.0 651.0 627.0 613.0 631.0 668.0 664.0 650.0 653.0 642.0 682.0 641.0 636.0 616.0 642.0 614.0 639.0 652.0 620.0 643.0 725.0 640.0 652.0 623.0 638.0 629.0 620.0 588.0 586.0 604.0 684.0 632.0 659.0 644.0 626.0 603.0 628.0 635.0 627.0 619.0 651.0 623.0 611.0 596.0 572.0 586.0 632.0 626.0 644.0 627.0 634.0 589.0 588.0 617.0 630.0 609.0 590.0 585.0 596.0 629.0 642.0 638.0 636.0 639.0 649.0 623.0 640.0 671.0 614.0 636.0 640.0 656.0 668.0 670.0 615.0 639.0 613.0 602.0 640.0 531.0 527.0 626.0 635.0 622.0 636.0 639.0 644.0 622.0 658.0 669.0 648.0 601.0 608.0 761.0 673.0 637.0 639.0 602.0 629.0 569.0 562.0 614.0 649.0 624.0 664.0 656.0 624.0 652.0 610.0 591.0 597.0 612.0 650.0 631.0 633.0 576.0 512.0 511.0 660.0 644.0 632.0 554.0 546.0 632.0 592.0 543.0 555.0 608.0 640.0 641.0 636.0 621.0 648.0 593.0 567.0 590.0 583.0 595.0 639.0 639.0 642.0 618.0 619.0 640.0 659.0 627.0 605.0 630.0 637.0 647.0 644.0 643.0 643.0 642.0 614.0 617.0 651.0 653.0 700.0 635.0 578.0 630.0 659.0 637.0 622.0 636.0 639.0 645.0 676.0 657.0 590.0 570.0 543.0 609.0 587.0 656.0 637.0 639.0 648.0 687.0 650.0 663.0 654.0 689.0 652.0 651.0 644.0 622.0 666.0 639.0 644.0 640.0 586.0 596.0 647.0 636.0 659.0 652.0 975.0 669.0 630.0 674.0 617.0 614.0 614.0 695.0 664.0 677.0 683.0 662.0 642.0 658.0 627.0 620.0 654.0 665.0 654.0 638.0 613.0 631.0 576.0 562.0 634.0 633.8606271777004 39.534106063785174
12 7.0 7.0 7.0 7.0 7.0 7.0 7.0 8.0 8.0 8.0 8.0 8.0 8.0 8.0 8.0 8.0 8.0 8.0 8.0 8.0 8.0 8.0 8.0 7.0 7.0 7.0 8.0 7.0 7.0 7.0 7.0 7.0 7.0 7.0 7.0 7.0 7.0 8.0 8.0 8.0 8.0 8.0 8.0 8.0 8.0 8.0 8.0 8.0 8.0 8.0 8.0 8.0 8.0 8.0 7.0 7.0 7.0 7.0 7.0 7.0 7.0 7.0 7.0 7.0 8.0 8.0 8.0 8.0 8.0 8.0 8.0 8.0 8.0 8.0 8.0 8.0 8.0 8.0 7.0 8.0 8.0 8.0 8.0 6.0 6.0 8.0 8.0 7.0 7.0 7.0 8.0 7.0 7.0 7.0 7.0 7.0 7.0 7.0 7.0 7.0 7.0 7.0 7.0 7.0 7.0 8.0 8.0 7.0 7.0 7.0 7.0 7.0 7.0 7.0 8.0 8.0 8.0 8.0 8.0 8.0 8.0 8.0 8.0 8.0 8.0 8.0 8.0 7.0 8.0 7.0 8.0 8.0 8.0 8.0 8.0 8.0 8.0 8.0 8.0 8.0 8.0 8.0 7.0 7.0 7.0 6.0 6.0 8.0 7.0 7.0 7.0 7.0 7.0 7.0 8.0 8.0 8.0 8.0 7.0 8.0 8.0 8.0 7.0 8.0 6.0 8.0 8.0 8.0 7.0 7.0 7.0 7.0 8.0 7.0 7.0 7.0 8.0 8.0 8.0 8.0 8.0 6.0 6.0 8.0 8.0 8.0 7.0 7.0 7.0 7.0 6.0 8.0 8.0 8.0 8.0 8.0 8.0 8.0 8.0 6.0 8.0 7.0 7.0 7.0 7.0 7.0 7.0 8.0 8.0 7.0 7.0 7.0 7.0 7.0 7.0 7.0 7.0 7.0 7.0 8.0 7.0 8.0 8.0 8.0 7.0 8.0 8.0 8.0 8.0 8.0 8.0 8.0 8.0 8.0 8.0 8.0 7.0 8.0 8.0 8.0 8.0 7.0 7.0 7.0 7.0 7.0 7.0 7.0 7.0 7.0 7.0 7.0 7.0 7.0 7.0 7.0 7.0 7.0 7.0 7.0 7.0 7.0 9.0 9.0 9.0 9.0 9.0 9.0 9.0 9.0 9.0 9.0 9.0 9.0 9.0 9.0 9.0 9.0 7.0 7.0 7.0 7.0 8.0 8.0 8.0 8.0 8.0 7.564459930313589 0.6492531785231196
13 96.0 96.0 96.0 90.0 96.0 95.0 95.0 98.0 96.0 96.0 91.0 97.0 92.0 92.0 92.0 104.0 102.0 102.0 95.0 88.0 97.0 97.0 98.0 87.0 87.0 91.0 94.0 81.0 80.0 80.0 101.0 97.0 93.0 102.0 102.0 96.0 96.0 98.0 94.0 94.0 91.0 91.0 95.0 95.0 98.0 98.0 94.0 94.0 94.0 115.0 96.0 92.0 96.0 94.0 94.0 96.0 91.0 99.0 86.0 87.0 97.0 97.0 97.0 93.0 94.0 94.0 95.0 89.0 89.0 93.0 92.0 97.0 97.0 92.0 95.0 109.0 89.0 89.0 92.0 93.0 125.0 95.0 96.0 92.0 91.0 95.0 96.0 93.0 85.0 92.0 94.0 94.0 93.0 87.0 91.0 85.0 98.0 92.0 98.0 95.0 91.0 93.0 94.0 93.0 90.0 96.0 94.0 92.0 96.0 85.0 83.0 95.0 92.0 87.0 96.0 92.0 88.0 91.0 89.0 85.0 92.0 85.0 89.0 88.0 93.0 93.0 90.0 94.0 96.0 92.0 97.0 95.0 96.0 95.0 92.0 97.0 96.0 95.0 98.0 94.0 90.0 95.0 85.0 89.0 96.0 89.0 94.0 87.0 96.0 92.0 97.0 90.0 94.0 93.0 94.0 100.0 92.0 95.0 99.0 91.0 102.0 98.0 90.0 94.0 82.0 91.0 95.0 91.0 92.0 99.0 101.0 87.0 99.0 98.0 87.0 83.0 96.0 95.0 88.0 92.0 96.0 82.0 94.0 97.0 97.0 96.0 83.0 82.0 89.0 92.0 81.0 99.0 91.0 94.0 100.0 96.0 90.0 95.0 96.0 80.0 88.0 85.0 93.0 93.0 98.0 95.0 96.0 90.0 98.0 94.0 93.0 88.0 91.0 92.0 96.0 92.0 100.0 96.0 95.0 93.0 90.0 99.0 95.0 96.0 88.0 99.0 97.0 96.0 95.0 91.0 96.0 98.0 98.0 98.0 94.0 102.0 80.0 87.0 80.0 96.0 89.0 96.0 102.0 97.0 94.0 95.0 98.0 108.0 91.0 91.0 96.0 96.0 89.0 99.0 107.0 95.0 100.0 90.0 91.0 91.0 102.0 90.0 108.0 103.0 103.0 90.0 92.0 90.0 93.0 93.0 93.0 103.0 103.0 103.0 103.0 94.0 98.0 87.0 89.0 99.0 94.0 94.0 96.0 97.0 94.0 82.0 82.0 93.7560975609756 5.5787204429562856
14 647.0 588.0 594.0 562.0 571.0 609.0 619.0 587.0 646.0 612.0 593.0 628.0 629.0 605.0 563.0 515.0 655.0 642.0 619.0 612.0 595.0 598.0 589.0 545.0 558.0 552.0 584.0 595.0 527.0 519.0 519.0 612.0 606.0 608.0 615.0 608.0 609.0 646.0 612.0 602.0 602.0 579.0 594.0 594.0 601.0 611.0 591.0 591.0 609.0 568.0 580.0 625.0 562.0 602.0 619.0 599.0 599.0 591.0 583.0 557.0 562.0 587.0 623.0 615.0 580.0 603.0 605.0 599.0 605.0 578.0 560.0 557.0 609.0 614.0 583.0 572.0 610.0 576.0 557.0 558.0 577.0 565.0 573.0 586.0 576.0 590.0 596.0 590.0 586.0 557.0 606.0 594.0 598.0 603.0 611.0 575.0 533.0 550.0 580.0 606.0 621.0 635.0 627.0 578.0 585.0 581.0 598.0 588.0 579.0 562.0 560.0 592.0 631.0 593.0 551.0 571.0 594.0 564.0 537.0 532.0 566.0 569.0 552.0 535.0 554.0 586.0 598.0 571.0 583.0 622.0 588.0 596.0 602.0 611.0 611.0 572.0 579.0 602.0 612.0 546.0 610.0 603.0 568.0 561.0 605.0 620.0 609.0 552.0 560.0 568.0 594.0 595.0 576.0 567.0 589.0 585.0 594.0 605.0 579.0 607.0 571.0 557.0 592.0 569.0 606.0 553.0 546.0 594.0 581.0 595.0 610.0 606.0 573.0 587.0 569.0 551.0 570.0 579.0 590.0 551.0 577.0 548.0 534.0 570.0 606.0 611.0 599.0 499.0 522.0 570.0 550.0 509.0 523.0 557.0 588.0 585.0 589.0 556.0 553.0 553.0 526.0 535.0 552.0 566.0 591.0 589.0 588.0 570.0 566.0 581.0 609.0 588.0 588.0 568.0 583.0 597.0 596.0 594.0 609.0 608.0 567.0 544.0 601.0 610.0 610.0 666.0 674.0 603.0 618.0 587.0 573.0 589.0 598.0 593.0 604.0 521.0 511.0 517.0 537.0 522.0 615.0 614.0 599.0 616.0 601.0 604.0 619.0 570.0 587.0 586.0 629.0 543.0 534.0 607.0 607.0 610.0 602.0 587.0 647.0 620.0 580.0 605.0 626.0 656.0 635.0 597.0 587.0 591.0 584.0 577.0 587.0 636.0 623.0 614.0 614.0 589.0 613.0 648.0 564.0 564.0 589.0 607.0 607.0 620.0 617.0 585.0 524.0 586.6620209059233 29.6530176313123
15 358.0 336.0 354.0 388.0 388.0 376.0 381.0 401.0 387.0 479.0 405.0 395.0 393.0 402.0 398.0 379.0 319.0 319.0 425.0 398.0 375.0 394.0 376.0 386.0 386.0 367.0 361.0 358.0 381.0 368.0 324.0 324.0 324.0 400.0 395.0 396.0 402.0 395.0 412.0 412.0 391.0 385.0 354.0 390.0 390.0 390.0 397.0 404.0 386.0 384.0 368.0 405.0 370.0 355.0 377.0 390.0 412.0 389.0 386.0 380.0 374.0 359.0 359.0 399.0 394.0 384.0 377.0 390.0 398.0 386.0 381.0 375.0 360.0 383.0 382.0 394.0 376.0 389.0 391.0 367.0 356.0 365.0 373.0 360.0 386.0 376.0 361.0 383.0 386.0 380.0 365.0 364.0 369.0 389.0 389.0 385.0 391.0 346.0 340.0 369.0 371.0 353.0 347.0 446.0 396.0 382.0 381.0 384.0 392.0 376.0 378.0 361.0 355.0 574.0 428.0 378.0 343.0 385.0 377.0 354.0 379.0 381.0 370.0 370.0 345.0 354.0 374.0 381.0 366.0 373.0 377.0 384.0 378.0 392.0 396.0 398.0 387.0 380.0 388.0 398.0 368.0 357.0 393.0 380.0 369.0 372.0 387.0 391.0 363.0 340.0 373.0 384.0 395.0 390.0 364.0 369.0 373.0 387.0 394.0 401.0 443.0 379.0 365.0 369.0 379.0 387.0 392.0 356.0 371.0 389.0 384.0 387.0 394.0 376.0 367.0 404.0 361.0 370.0 361.0 396.0 354.0 365.0 379.0 311.0 324.0 381.0 394.0 392.0 379.0 380.0 378.0 365.0 324.0 353.0 361.0 375.0 387.0 377.0 363.0 353.0 399.0 332.0 335.0 377.0 366.0 379.0 383.0 386.0 380.0 354.0 393.0 373.0 381.0 385.0 373.0 382.0 376.0 397.0 375.0 388.0 401.0 382.0 358.0 359.0 398.0 393.0 365.0 362.0 383.0 390.0 391.0 371.0 381.0 377.0 398.0 403.0 387.0 335.0 340.0 371.0 333.0 405.0 406.0 383.0 399.0 375.0 391.0 396.0 365.0 384.0 383.0 393.0 332.0 338.0 394.0 391.0 405.0 408.0 386.0 384.0 413.0 389.0 373.0 384.0 414.0 427.0 415.0 361.0 377.0 381.0 369.0 380.0 375.0 375.0 394.0 399.0 399.0 397.0 394.0 370.0 356.0 370.0 401.0 392.0 394.0 393.0 403.0 379.7317073170732 24.16712943187448
16 126.0 120.0 113.0 132.0 136.0 136.0 127.0 135.0 139.0 133.0 140.0 140.0 136.0 127.0 146.0 137.0 137.0 122.0 122.0 148.0 132.0 137.0 139.0 135.0 136.0 136.0 129.0 129.0 127.0 133.0 120.0 114.0 114.0 114.0 138.0 136.0 144.0 136.0 136.0 139.0 139.0 137.0 131.0 119.0 141.0 141.0 136.0 135.0 136.0 135.0 135.0 122.0 135.0 119.0 121.0 135.0 138.0 129.0 135.0 136.0 128.0 129.0 129.0 123.0 138.0 138.0 130.0 127.0 138.0 137.0 137.0 124.0 133.0 125.0 139.0 131.0 131.0 129.0 135.0 144.0 111.0 126.0 126.0 121.0 133.0 133.0 130.0 117.0 134.0 135.0 129.0 124.0 133.0 127.0 135.0 134.0 134.0 134.0 120.0 131.0 130.0 129.0 119.0 133.0 132.0 125.0 131.0 128.0 133.0 135.0 132.0 139.0 125.0 126.0 126.0 145.0 135.0 130.0 136.0 137.0 123.0 131.0 129.0 129.0 128.0 121.0 131.0 127.0 134.0 128.0 136.0 144.0 132.0 131.0 135.0 140.0 134.0 133.0 132.0 133.0 136.0 133.0 131.0 132.0 140.0 125.0 143.0 127.0 134.0 138.0 116.0 133.0 137.0 136.0 127.0 129.0 129.0 132.0 131.0 137.0 142.0 149.0 160.0 137.0 129.0 130.0 132.0 131.0 132.0 133.0 134.0 140.0 136.0 137.0 129.0 133.0 137.0 124.0 124.0 126.0 137.0 120.0 133.0 133.0 111.0 129.0 136.0 135.0 137.0 128.0 118.0 127.0 127.0 116.0 114.0 129.0 132.0 134.0 129.0 126.0 124.0 138.0 117.0 136.0 124.0 132.0 125.0 131.0 132.0 136.0 131.0 152.0 130.0 129.0 130.0 133.0 132.0 129.0 135.0 131.0 137.0 137.0 133.0 122.0 122.0 137.0 137.0 169.0 127.0 139.0 138.0 136.0 125.0 124.0 122.0 136.0 140.0 137.0 112.0 141.0 131.0 116.0 148.0 139.0 117.0 140.0 126.0 137.0 139.0 122.0 135.0 135.0 135.0 135.0 118.0 142.0 140.0 142.0 139.0 131.0 131.0 139.0 130.0 125.0 131.0 154.0 145.0 140.0 126.0 134.0 136.0 126.0 131.0 131.0 131.0 141.0 141.0 141.0 127.0 135.0 126.0 122.0 131.0 138.0 136.0 136.0 136.0 131.97560975609755 7.770940414396459
17 449.0 457.0 420.0 423.0 494.0 494.0 457.0 465.0 496.0 502.0 490.0 513.0 520.0 508.0 471.0 509.0 504.0 480.0 435.0 435.0 538.0 502.0 490.0 527.0 656.0 497.0 490.0 459.0 459.0 464.0 492.0 434.0 418.0 418.0 515.0 508.0 504.0 512.0 520.0 510.0 501.0 514.0 496.0 497.0 474.0 501.0 510.0 495.0 496.0 607.0 601.0 494.0 457.0 476.0 458.0 458.0 517.0 495.0 509.0 494.0 490.0 479.0 452.0 428.0 472.0 500.0 498.0 502.0 465.0 484.0 500.0 498.0 478.0 498.0 457.0 468.0 495.0 483.0 497.0 498.0 677.0 476.0 459.0 479.0 502.0 480.0 488.0 503.0 471.0 486.0 498.0 473.0 481.0 483.0 480.0 507.0 480.0 480.0 476.0 452.0 465.0 486.0 455.0 451.0 457.0 492.0 472.0 436.0 440.0 684.0 630.0 506.0 472.0 466.0 495.0 463.0 448.0 455.0 545.0 518.0 489.0 462.0 480.0 484.0 520.0 462.0 484.0 468.0 491.0 488.0 480.0 441.0 433.0 490.0 477.0 544.0 527.0 510.0 486.0 494.0 513.0 516.0 498.0 502.0 530.0 490.0 455.0 578.0 483.0 494.0 467.0 455.0 493.0 500.0 501.0 498.0 473.0 470.0 485.0 490.0 513.0 509.0 583.0 471.0 477.0 466.0 518.0 493.0 488.0 470.0 533.0 513.0 507.0 500.0 505.0 485.0 494.0 488.0 466.0 476.0 489.0 483.0 458.0 489.0 473.0 412.0 460.0 496.0 492.0 533.0 435.0 437.0 464.0 472.0 416.0 429.0 467.0 510.0 498.0 497.0 484.0 483.0 469.0 450.0 472.0 466.0 466.0 467.0 489.0 508.0 492.0 495.0 484.0 515.0 491.0 478.0 491.0 488.0 529.0 504.0 489.0 528.0 505.0 476.0 468.0 481.0 507.0 477.0 451.0 465.0 487.0 502.0 486.0 480.0 449.0 448.0 496.0 722.0 417.0 420.0 483.0 456.0 436.0 512.0 462.0 449.0 495.0 528.0 493.0 496.0 486.0 538.0 508.0 500.0 430.0 427.0 505.0 504.0 508.0 507.0 491.0 507.0 516.0 494.0 476.0 481.0 536.0 547.0 525.0 487.0 485.0 491.0 477.0 483.0 481.0 506.0 508.0 523.0 502.0 494.0 563.0 498.0 457.0 480.0 513.0 502.0 502.0 489.4878048780488 38.270189028034785
18 256.0 285.0 279.0 257.0 249.0 268.0 284.0 284.0 257.0 277.0 292.0 283.0 289.0 290.0 292.0 267.0 267.0 291.0 279.0 249.0 249.0 314.0 296.0 280.0 281.0 295.0 285.0 285.0 261.0 264.0 265.0 277.0 256.0 238.0 238.0 238.0 292.0 291.0 286.0 300.0 300.0 293.0 296.0 276.0 280.0 249.0 283.0 295.0 272.0 285.0 283.0 283.0 286.0 268.0 275.0 276.0 257.0 274.0 277.0 272.0 278.0 288.0 273.0 275.0 266.0 266.0 284.0 289.0 274.0 260.0 275.0 285.0 272.0 271.0 270.0 259.0 275.0 282.0 278.0 269.0 285.0 278.0 286.0 270.0 274.0 268.0 271.0 290.0 280.0 280.0 275.0 282.0 272.0 269.0 277.0 276.0 290.0 276.0 276.0 283.0 261.0 315.0 275.0 277.0 256.0 267.0 267.0 270.0 269.0 239.0 317.0 376.0 275.0 278.0 276.0 282.0 273.0 267.0 257.0 291.0 307.0 279.0 263.0 275.0 275.0 273.0 260.0 253.0 267.0 275.0 284.0 267.0 266.0 246.0 286.0 280.0 308.0 302.0 290.0 282.0 268.0 288.0 310.0 284.0 281.0 295.0 279.0 257.0 283.0 273.0 296.0 263.0 255.0 288.0 292.0 286.0 287.0 269.0 281.0 258.0 281.0 287.0 295.0 336.0 355.0 271.0 264.0 277.0 268.0 297.0 258.0 287.0 286.0 283.0 281.0 283.0 283.0 267.0 284.0 266.0 285.0 286.0 283.0 266.0 282.0 277.0 231.0 277.0 283.0 283.0 284.0 251.0 252.0 256.0 266.0 225.0 229.0 263.0 277.0 284.0 273.0 283.0 288.0 288.0 256.0 274.0 259.0 277.0 261.0 280.0 278.0 284.0 285.0 287.0 295.0 288.0 283.0 271.0 275.0 271.0 286.0 280.0 296.0 295.0 273.0 264.0 272.0 290.0 289.0 255.0 267.0 279.0 283.0 274.0 276.0 255.0 249.0 289.0 275.0 289.0 243.0 299.0 278.0 256.0 286.0 274.0 266.0 279.0 279.0 283.0 288.0 338.0 334.0 275.0 286.0 248.0 250.0 287.0 282.0 299.0 291.0 285.0 275.0 295.0 292.0 271.0 290.0 292.0 305.0 304.0 295.0 283.0 277.0 268.0 275.0 275.0 275.0 284.0 304.0 306.0 280.0 281.0 296.0 262.0 267.0 295.0 283.0 278.0801393728223 17.616858263759816
19 357.0 347.0 441.0 357.0 323.0 327.0 371.0 372.0 369.0 338.0 368.0 384.0 370.0 380.0 380.0 384.0 351.0 359.0 380.0 369.0 335.0 335.0 396.0 392.0 371.0 370.0 371.0 380.0 373.0 351.0 350.0 344.0 359.0 335.0 327.0 327.0 468.0 393.0 381.0 369.0 392.0 405.0 416.0 371.0 359.0 409.0 385.0 376.0 388.0 349.0 374.0 371.0 373.0 359.0 339.0 362.0 373.0 339.0 353.0 369.0 366.0 369.0 372.0 360.0 359.0 331.0 351.0 371.0 372.0 365.0 346.0 351.0 366.0 351.0 356.0 347.0 364.0 366.0 368.0 355.0 347.0 375.0 369.0 407.0 350.0 367.0 344.0 362.0 347.0 368.0 372.0 360.0 368.0 357.0 359.0 363.0 359.0 370.0 367.0 356.0 365.0 359.0 356.0 359.0 361.0 339.0 347.0 360.0 359.0 327.0 335.0 362.0 332.0 508.0 379.0 350.0 356.0 358.0 351.0 350.0 349.0 360.0 375.0 373.0 364.0 361.0 342.0 358.0 347.0 337.0 371.0 364.0 359.0 334.0 314.0 376.0 363.0 370.0 376.0 389.0 364.0 347.0 342.0 376.0 368.0 397.0 387.0 364.0 342.0 373.0 364.0 377.0 351.0 333.0 347.0 389.0 375.0 371.0 358.0 362.0 343.0 366.0 374.0 370.0 472.0 350.0 368.0 350.0 358.0 347.0 377.0 354.0 369.0 376.0 391.0 364.0 377.0 377.0 386.0 391.0 378.0 403.0 367.0 368.0 343.0 366.0 365.0 340.0 359.0 374.0 364.0 387.0 326.0 348.0 346.0 353.0 319.0 327.0 342.0 359.0 383.0 369.0 362.0 373.0 373.0 323.0 361.0 365.0 349.0 344.0 363.0 369.0 376.0 378.0 372.0 384.0 380.0 361.0 349.0 374.0 368.0 367.0 372.0 380.0 384.0 358.0 347.0 370.0 377.0 379.0 362.0 345.0 370.0 358.0 351.0 359.0 338.0 336.0 387.0 364.0 316.0 314.0 387.0 348.0 331.0 369.0 359.0 349.0 356.0 381.0 345.0 377.0 522.0 372.0 371.0 371.0 312.0 320.0 379.0 377.0 385.0 378.0 384.0 365.0 402.0 393.0 357.0 360.0 378.0 395.0 395.0 397.0 353.0 361.0 356.0 362.0 362.0 362.0 380.0 394.0 402.0 366.0 360.0 355.0 342.0 351.0 383.0 365.01393728222996 24.273928015398575
20 8.0 8.0 8.0 8.0 8.0 8.0 8.0 8.0 9.0 9.0 9.0 9.0 9.0 9.0 9.0 9.0 9.0 9.0 9.0 9.0 9.0 8.0 8.0 8.0 8.0 8.0 8.0 8.0 8.0 8.0 8.0 8.0 8.0 8.0 7.0 7.0 7.0 7.0 8.0 8.0 8.0 9.0 9.0 8.0 8.0 8.0 8.0 8.0 8.0 8.0 8.0 8.0 8.0 8.0 8.0 8.0 8.0 8.0 8.0 8.0 8.0 8.0 9.0 9.0 9.0 9.0 8.0 8.0 8.0 8.0 8.0 7.0 7.0 7.0 8.0 8.0 8.0 8.0 8.0 8.0 8.0 8.0 8.0 8.0 8.0 8.0 9.0 8.0 8.0 8.0 8.0 8.0 8.0 8.0 8.0 8.0 8.0 8.0 8.0 8.0 7.0 7.0 7.0 7.0 7.0 7.0 7.0 7.0 7.0 7.0 7.0 8.0 9.0 7.0 10.0 8.0 8.0 8.0 8.0 9.0 9.0 9.0 9.0 9.0 9.0 8.0 8.0 7.0 8.0 8.0 8.0 8.0 8.0 8.0 7.0 8.0 8.0 8.0 8.0 8.0 8.0 8.0 7.0 15.0 8.0 8.0 9.0 9.0 9.0 9.0 9.0 9.0 9.0 9.0 9.0 8.0 8.0 8.0 8.0 8.0 7.0 7.0 8.0 8.0 8.0 8.0 8.0 22.0 8.0 8.0 8.0 8.0 9.0 9.0 9.0 9.0 9.0 9.0 9.0 9.0 8.0 8.0 8.0 8.0 8.0 8.0 8.0 8.0 8.0 8.0 8.0 8.0 9.0 8.0 8.0 7.0 7.0 7.0 7.0 7.0 7.0 8.0 8.0 7.0 7.0 7.0 7.0 7.0 7.0 8.0 8.0 7.0 7.0 8.0 7.0 7.0 9.0 9.0 9.0 9.0 8.0 8.0 8.0 9.0 9.0 9.0 8.0 8.0 8.0 8.0 8.0 7.0 7.0 7.0 7.0 7.0 7.0 7.0 9.0 9.0 8.0 7.0 7.0 7.0 8.0 8.0 8.0 7.0 8.0 8.0 9.0 9.0 8.0 8.0 8.0 8.0 8.0 8.0 8.0 8.0 8.0 8.0 8.0 8.0 8.0 8.0 8.0 8.0 8.0 8.0 8.0 9.0 9.0 7.0 7.0 7.0 7.0 7.0 7.0 7.0 7.0 7.0 7.0 7.0 7.0 7.0 7.0 8.05574912891986 1.1391138961105578
21 190.0 178.0 178.0 186.0 187.0 242.0 199.0 181.0 198.0 198.0 177.0 200.0 200.0 195.0 195.0 200.0 203.0 184.0 184.0 201.0 192.0 162.0 162.0 228.0 202.0 193.0 197.0 202.0 200.0 199.0 185.0 184.0 185.0 189.0 183.0 234.0 234.0 215.0 205.0 206.0 186.0 211.0 206.0 200.0 196.0 191.0 199.0 203.0 199.0 206.0 198.0 197.0 195.0 199.0 199.0 173.0 200.0 191.0 176.0 188.0 195.0 189.0 192.0 197.0 188.0 188.0 188.0 180.0 199.0 197.0 182.0 180.0 196.0 192.0 179.0 185.0 191.0 188.0 190.0 199.0 179.0 190.0 202.0 213.0 198.0 187.0 181.0 202.0 189.0 183.0 195.0 186.0 185.0 198.0 188.0 193.0 195.0 192.0 197.0 194.0 208.0 197.0 195.0 181.0 190.0 188.0 174.0 196.0 192.0 192.0 175.0 167.0 195.0 181.0 284.0 210.0 216.0 201.0 182.0 197.0 188.0 181.0 193.0 198.0 195.0 201.0 187.0 188.0 171.0 175.0 194.0 199.0 192.0 193.0 175.0 167.0 200.0 246.0 201.0 208.0 201.0 192.0 167.0 200.0 177.0 189.0 198.0 207.0 194.0 186.0 198.0 191.0 200.0 188.0 174.0 194.0 201.0 200.0 197.0 182.0 194.0 183.0 196.0 197.0 195.0 197.0 191.0 207.0 187.0 195.0 179.0 210.0 188.0 195.0 197.0 203.0 192.0 197.0 192.0 200.0 194.0 189.0 199.0 190.0 201.0 189.0 196.0 192.0 176.0 192.0 199.0 194.0 201.0 194.0 185.0 182.0 203.0 165.0 192.0 184.0 186.0 197.0 195.0 187.0 210.0 198.0 178.0 197.0 189.0 194.0 180.0 200.0 198.0 197.0 206.0 209.0 206.0 191.0 191.0 185.0 198.0 192.0 200.0 196.0 201.0 202.0 190.0 185.0 191.0 197.0 199.0 174.0 193.0 208.0 190.0 193.0 194.0 175.0 175.0 209.0 189.0 158.0 175.0 200.0 185.0 182.0 201.0 175.0 194.0 190.0 200.0 189.0 205.0 200.0 203.0 186.0 195.0 162.0 167.0 198.0 203.0 205.0 211.0 198.0 195.0 195.0 203.0 187.0 187.0 193.0 213.0 214.0 225.0 202.0 202.0 190.0 190.0 191.0 191.0 193.0 211.0 211.0 200.0 195.0 182.0 179.0 191.0 193.6445993031359 13.052308577107256
22 136.0 144.0 113.0 113.0 116.0 115.0 104.0 104.0 120.0 120.0 111.0 111.0 111.0 117.0 120.0 127.0 126.0 127.0 127.0 121.0 122.0 108.0 123.0 123.0 123.0 122.0 123.0 117.0 124.0 120.0 120.0 116.0 111.0 111.0 123.0 111.0 110.0 110.0 132.0 126.0 114.0 127.0 133.0 121.0 119.0 119.0 118.0 119.0 130.0 126.0 126.0 120.0 122.0 122.0 111.0 111.0 111.0 121.0 108.0 115.0 114.0 124.0 118.0 122.0 123.0 122.0 114.0 111.0 114.0 122.0 116.0 115.0 115.0 122.0 110.0 124.0 108.0 116.0 115.0 120.0 113.0 123.0 125.0 114.0 124.0 114.0 113.0 113.0 119.0 117.0 118.0 119.0 114.0 120.0 124.0 107.0 122.0 118.0 120.0 113.0 121.0 126.0 117.0 112.0 122.0 118.0 110.0 113.0 113.0 119.0 119.0 119.0 120.0 121.0 125.0 170.0 119.0 119.0 123.0 121.0 115.0 120.0 135.0 137.0 129.0 130.0 115.0 119.0 111.0 113.0 108.0 122.0 120.0 120.0 120.0 121.0 120.0 123.0 115.0 138.0 143.0 126.0 115.0 160.0 116.0 110.0 117.0 113.0 124.0 112.0 114.0 122.0 110.0 119.0 108.0 113.0 125.0 114.0 123.0 116.0 116.0 114.0 114.0 120.0 155.0 236.0 111.0 120.0 115.0 114.0 112.0 121.0 125.0 122.0 118.0 120.0 114.0 115.0 112.0 105.0 125.0 122.0 121.0 115.0 117.0 123.0 124.0 123.0 102.0 113.0 124.0 125.0 119.0 120.0 117.0 119.0 118.0 115.0 96.0 113.0 114.0 120.0 118.0 114.0 116.0 120.0 106.0 110.0 121.0 113.0 112.0 118.0 119.0 119.0 121.0 108.0 131.0 115.0 118.0 117.0 122.0 120.0 120.0 117.0 120.0 131.0 125.0 114.0 122.0 121.0 123.0 110.0 113.0 120.0 120.0 101.0 124.0 126.0 108.0 108.0 108.0 114.0 104.0 126.0 125.0 111.0 127.0 126.0 109.0 123.0 125.0 116.0 115.0 123.0 120.0 119.0 122.0 122.0 100.0 121.0 121.0 121.0 117.0 123.0 120.0 120.0 132.0 116.0 116.0 114.0 133.0 125.0 132.0 132.0 116.0 115.0 120.0 117.0 117.0 118.0 125.0 125.0 96.0 116.0 132.0 112.0 110.0 119.25435540069687 10.766828112657617
23 229.0 229.0 220.0 212.0 240.0 217.0 214.0 232.0 218.0 230.0 230.0 222.0 222.0 235.0 229.0 231.0 235.0 244.0 219.0 219.0 242.0 226.0 280.0 280.0 224.0 224.0 235.0 229.0 233.0 238.0 232.0 209.0 222.0 216.0 216.0 232.0 216.0 216.0 248.0 229.0 236.0 228.0 243.0 229.0 235.0 231.0 219.0 226.0 230.0 239.0 240.0 229.0 230.0 235.0 235.0 235.0 204.0 234.0 227.0 224.0 221.0 234.0 226.0 227.0 235.0 231.0 221.0 214.0 210.0 234.0 234.0 226.0 230.0 243.0 228.0 232.0 218.0 232.0 231.0 222.0 210.0 226.0 252.0 223.0 230.0 230.0 217.0 220.0 245.0 226.0 250.0 230.0 226.0 216.0 237.0 215.0 219.0 230.0 229.0 217.0 231.0 243.0 225.0 229.0 215.0 222.0 228.0 209.0 221.0 227.0 213.0 227.0 226.0 230.0 233.0 235.0 256.0 238.0 238.0 240.0 238.0 226.0 233.0 236.0 229.0 246.0 238.0 252.0 218.0 199.0 211.0 253.0 234.0 233.0 229.0 235.0 234.0 231.0 233.0 267.0 240.0 238.0 234.0 214.0 224.0 208.0 222.0 221.0 228.0 234.0 217.0 232.0 231.0 235.0 218.0 230.0 219.0 226.0 227.0 231.0 221.0 225.0 223.0 227.0 241.0 246.0 235.0 219.0 232.0 216.0 224.0 208.0 235.0 237.0 226.0 229.0 234.0 235.0 238.0 259.0 227.0 235.0 235.0 246.0 225.0 246.0 230.0 229.0 218.0 208.0 232.0 236.0 230.0 237.0 239.0 222.0 235.0 228.0 204.0 226.0 214.0 229.0 235.0 222.0 220.0 211.0 218.0 211.0 237.0 236.0 224.0 212.0 233.0 231.0 231.0 262.0 219.0 248.0 213.0 225.0 223.0 242.0 224.0 220.0 225.0 229.0 230.0 235.0 227.0 231.0 232.0 237.0 209.0 239.0 233.0 212.0 240.0 246.0 204.0 213.0 213.0 222.0 201.0 214.0 235.0 214.0 224.0 235.0 199.0 232.0 234.0 241.0 222.0 231.0 235.0 231.0 233.0 234.0 193.0 197.0 230.0 235.0 235.0 241.0 235.0 226.0 226.0 245.0 219.0 224.0 243.0 243.0 253.0 270.0 209.0 236.0 227.0 227.0 224.0 224.0 226.0 255.0 255.0 211.0 221.0 225.0 210.0 228.79790940766551 12.385740552777428
24 39.0 39.0 63.0 48.0 48.0 41.0 51.0 51.0 49.0 57.0 55.0 38.0 38.0 38.0 45.0 45.0 45.0 45.0 44.0 44.0 44.0 41.0 41.0 41.0 41.0 41.0 41.0 41.0 40.0 63.0 43.0 43.0 45.0 45.0 45.0 45.0 38.0 38.0 43.0 43.0 42.0 39.0 42.0 43.0 41.0 41.0 41.0 45.0 45.0 45.0 56.0 56.0 49.0 46.0 46.0 60.0 60.0 60.0 42.0 42.0 40.0 54.0 54.0 45.0 44.0 42.0 42.0 45.0 39.0 60.0 42.0 43.0 41.0 42.0 41.0 42.0 41.0 39.0 42.0 59.0 48.0 43.0 41.0 41.0 53.0 46.0 40.0 43.0 60.0 39.0 54.0 48.0 43.0 45.0 42.0 41.0 38.0 74.0 41.0 44.0 43.0 44.0 42.0 43.0 49.0 40.0 45.0 38.0 39.0 39.0 39.0 43.0 41.0 43.0 42.0 40.0 42.0 46.0 39.0 44.0 65.0 42.0 44.0 44.0 39.0 44.0 61.0 42.0 47.0 44.0 36.0 37.0 52.0 40.0 48.0 48.0 43.0 41.0 43.0 43.0 46.0 39.0 42.0 43.0 41.0 49.0 45.0 47.0 45.0 44.0 50.0 43.0 42.0 41.0 43.0 41.0 38.0 38.0 57.0 44.0 37.0 40.0 47.0 39.0 42.0 43.0 48.0 41.0 50.0 47.0 42.0 37.0 43.0 51.0 44.0 44.0 46.0 42.0 39.0 50.0 46.0 46.0 46.0 42.0 43.0 39.0 52.0 46.0 41.0 37.0 42.0 46.0 44.0 45.0 41.0 44.0 43.0 46.0 40.0 40.0 39.0 56.0 59.0 40.0 40.0 40.0 52.0 39.0 43.0 50.0 40.0 39.0 52.0 42.0 41.0 46.0 43.0 42.0 54.0 52.0 43.0 45.0 44.0 50.0 52.0 41.0 40.0 39.0 42.0 68.0 65.0 45.0 36.0 44.0 44.0 44.0 41.0 43.0 65.0 38.0 38.0 38.0 66.0 50.0 42.0 44.0 38.0 38.0 42.0 38.0 49.0 40.0 44.0 44.0 44.0 44.0 41.0 50.0 57.0 34.0 44.0 42.0 42.0 46.0 46.0 38.0 54.0 45.0 41.0 53.0 47.0 37.0 42.0 46.0 48.0 48.0 49.0 49.0 40.0 40.0 72.0 39.0 39.0 39.0 43.0 42.0 46.0 44.7595818815331 6.452194062191096
25 125.0 121.0 122.0 123.0 132.0 119.0 122.0 124.0 128.0 124.0 113.0 123.0 121.0 121.0 121.0 123.0 123.0 121.0 125.0 114.0 131.0 127.0 119.0 119.0 119.0 119.0 119.0 119.0 121.0 128.0 125.0 125.0 112.0 114.0 112.0 112.0 117.0 104.0 196.0 196.0 196.0 127.0 127.0 126.0 124.0 122.0 123.0 117.0 117.0 118.0 128.0 128.0 122.0 123.0 128.0 116.0 116.0 112.0 123.0 112.0 117.0 121.0 125.0 119.0 121.0 127.0 122.0 117.0 112.0 118.0 124.0 117.0 122.0 119.0 123.0 120.0 119.0 111.0 123.0 119.0 124.0 123.0 111.0 107.0 118.0 123.0 119.0 118.0 122.0 131.0 124.0 121.0 123.0 112.0 112.0 125.0 111.0 115.0 121.0 122.0 122.0 122.0 111.0 122.0 118.0 121.0 116.0 116.0 111.0 114.0 115.0 114.0 112.0 116.0 123.0 106.0 131.0 120.0 125.0 124.0 126.0 122.0 126.0 121.0 122.0 127.0 128.0 124.0 124.0 119.0 109.0 110.0 122.0 117.0 122.0 124.0 126.0 118.0 120.0 128.0 121.0 123.0 127.0 114.0 123.0 121.0 123.0 123.0 121.0 121.0 117.0 118.0 120.0 119.0 127.0 116.0 116.0 116.0 121.0 121.0 121.0 115.0 115.0 117.0 121.0 119.0 127.0 109.0 124.0 125.0 119.0 109.0 116.0 120.0 126.0 117.0 120.0 126.0 111.0 117.0 118.0 118.0 120.0 123.0 123.0 118.0 120.0 117.0 120.0 117.0 104.0 121.0 122.0 124.0 117.0 112.0 116.0 122.0 121.0 107.0 114.0 123.0 131.0 108.0 116.0 109.0 123.0 108.0 111.0 128.0 120.0 112.0 116.0 126.0 134.0 128.0 108.0 135.0 127.0 117.0 138.0 110.0 119.0 115.0 110.0 127.0 120.0 124.0 119.0 117.0 122.0 120.0 118.0 112.0 123.0 138.0 110.0 123.0 125.0 111.0 122.0 122.0 117.0 124.0 125.0 122.0 115.0 120.0 127.0 108.0 131.0 121.0 127.0 118.0 123.0 123.0 122.0 114.0 123.0 102.0 124.0 111.0 106.0 129.0 131.0 111.0 134.0 134.0 118.0 128.0 121.0 127.0 123.0 143.0 143.0 128.0 115.0 119.0 119.0 119.0 113.0 125.0 132.0 98.0 98.0 120.0 119.0 120.86062717770035 10.191938588545625
26 214.0 214.0 203.0 209.0 212.0 212.0 200.0 213.0 217.0 217.0 197.0 203.0 202.0 202.0 202.0 207.0 207.0 217.0 213.0 206.0 206.0 218.0 212.0 212.0 212.0 252.0 252.0 252.0 207.0 213.0 222.0 234.0 241.0 195.0 194.0 194.0 252.0 183.0 290.0 209.0 209.0 216.0 218.0 215.0 218.0 214.0 219.0 210.0 213.0 198.0 214.0 218.0 205.0 215.0 214.0 194.0 213.0 213.0 200.0 218.0 193.0 207.0 219.0 214.0 205.0 220.0 209.0 206.0 200.0 196.0 213.0 212.0 211.0 207.0 205.0 214.0 206.0 202.0 201.0 205.0 207.0 218.0 207.0 186.0 226.0 207.0 211.0 199.0 210.0 237.0 206.0 210.0 211.0 212.0 194.0 203.0 202.0 200.0 203.0 207.0 205.0 208.0 202.0 205.0 205.0 204.0 196.0 209.0 192.0 206.0 207.0 195.0 212.0 191.0 210.0 194.0 193.0 242.0 193.0 210.0 192.0 208.0 205.0 226.0 206.0 207.0 229.0 212.0 210.0 209.0 198.0 197.0 194.0 216.0 208.0 208.0 212.0 211.0 211.0 212.0 203.0 241.0 208.0 211.0 219.0 209.0 208.0 213.0 207.0 201.0 213.0 201.0 208.0 222.0 205.0 205.0 203.0 221.0 202.0 214.0 212.0 194.0 209.0 196.0 198.0 214.0 209.0 227.0 194.0 213.0 202.0 194.0 185.0 224.0 226.0 208.0 197.0 212.0 202.0 195.0 205.0 212.0 217.0 206.0 213.0 203.0 211.0 210.0 214.0 206.0 176.0 212.0 214.0 207.0 207.0 195.0 199.0 207.0 209.0 181.0 202.0 192.0 226.0 193.0 209.0 205.0 196.0 205.0 190.0 215.0 218.0 206.0 196.0 205.0 215.0 215.0 228.0 184.0 222.0 221.0 198.0 200.0 200.0 215.0 201.0 210.0 206.0 216.0 209.0 202.0 202.0 211.0 211.0 185.0 206.0 207.0 193.0 202.0 215.0 184.0 190.0 190.0 207.0 195.0 212.0 212.0 190.0 195.0 220.0 185.0 203.0 222.0 219.0 220.0 206.0 208.0 209.0 204.0 210.0 177.0 181.0 209.0 191.0 180.0 211.0 199.0 204.0 232.0 215.0 201.0 210.0 207.0 198.0 218.0 236.0 337.0 280.0 209.0 211.0 203.0 194.0 200.0 228.0 228.0 195.0 200.0 208.0 208.73170731707316 15.560882175117294
27 589.0 586.0 715.0 622.0 608.0 616.0 629.0 614.0 600.0 544.0 570.0 615.0 600.0 630.0 613.0 661.0 610.0 621.0 623.0 621.0 609.0 629.0 666.0 624.0 617.0 621.0 612.0 681.0 613.0 626.0 643.0 639.0 632.0 616.0 603.0 582.0 582.0 596.0 528.0 537.0 625.0 613.0 641.0 627.0 612.0 662.0 710.0 632.0 626.0 616.0 607.0 620.0 623.0 621.0 648.0 611.0 603.0 597.0 602.0 590.0 618.0 587.0 643.0 624.0 606.0 606.0 615.0 632.0 612.0 591.0 585.0 595.0 604.0 681.0 603.0 590.0 610.0 615.0 603.0 614.0 608.0 606.0 614.0 574.0 548.0 548.0 609.0 611.0 610.0 604.0 624.0 617.0 609.0 659.0 697.0 589.0 602.0 563.0 580.0 594.0 606.0 606.0 626.0 616.0 602.0 608.0 609.0 588.0 603.0 597.0 596.0 584.0 581.0 598.0 614.0 594.0 578.0 608.0 657.0 633.0 629.0 704.0 553.0 627.0 607.0 605.0 614.0 639.0 584.0 561.0 608.0 588.0 575.0 575.0 576.0 600.0 614.0 641.0 622.0 617.0 640.0 668.0 627.0 627.0 617.0 601.0 599.0 613.0 613.0 618.0 609.0 619.0 638.0 599.0 581.0 628.0 606.0 581.0 591.0 631.0 527.0 528.0 592.0 629.0 599.0 600.0 632.0 621.0 767.0 611.0 612.0 617.0 595.0 579.0 574.0 630.0 625.0 612.0 603.0 604.0 568.0 551.0 547.0 600.0 577.0 628.0 604.0 587.0 631.0 606.0 571.0 497.0 578.0 631.0 607.0 526.0 560.0 622.0 583.0 593.0 522.0 539.0 570.0 634.0 585.0 584.0 580.0 613.0 576.0 547.0 537.0 552.0 636.0 591.0 591.0 570.0 568.0 555.0 527.0 574.0 638.0 616.0 609.0 586.0 599.0 603.0 592.0 611.0 603.0 600.0 612.0 626.0 608.0 600.0 558.0 568.0 584.0 600.0 554.0 604.0 571.0 555.0 586.0 664.0 584.0 630.0 668.0 592.0 624.0 624.0 565.0 568.0 596.0 626.0 614.0 621.0 615.0 583.0 590.0 590.0 534.0 531.0 582.0 572.0 603.0 632.0 643.0 651.0 597.0 610.0 603.0 618.0 588.0 584.0 644.0 635.0 649.0 628.0 612.0 596.0 609.0 600.0 595.0 610.0 583.0 609.0 586.0 604.5087108013937 32.90066253413907
28 7.0 7.0 7.0 7.0 7.0 7.0 7.0 7.0 7.0 7.0 6.0 6.0 7.0 7.0 7.0 8.0 8.0 8.0 8.0 8.0 8.0 8.0 7.0 7.0 7.0 7.0 7.0 7.0 7.0 7.0 7.0 7.0 7.0 7.0 8.0 8.0 8.0 8.0 8.0 6.0 6.0 6.0 6.0 6.0 6.0 6.0 6.0 6.0 6.0 6.0 6.0 6.0 6.0 6.0 6.0 6.0 6.0 6.0 6.0 6.0 6.0 6.0 6.0 7.0 7.0 7.0 8.0 8.0 8.0 8.0 8.0 8.0 8.0 8.0 8.0 8.0 8.0 8.0 8.0 8.0 8.0 8.0 8.0 8.0 7.0 7.0 7.0 7.0 7.0 7.0 7.0 7.0 7.0 7.0 7.0 8.0 8.0 8.0 9.0 9.0 9.0 8.0 8.0 8.0 8.0 8.0 8.0 8.0 8.0 8.0 8.0 7.0 7.0 7.0 7.0 7.0 7.0 7.0 6.0 8.0 8.0 8.0 8.0 6.0 6.0 7.0 7.0 7.0 7.0 7.0 7.0 7.0 7.0 7.0 7.0 7.0 7.0 7.0 7.0 7.0 7.0 7.0 7.0 9.0 9.0 9.0 9.0 9.0 9.0 9.0 9.0 9.0 9.0 9.0 7.0 7.0 7.0 8.0 8.0 7.0 7.0 6.0 6.0 6.0 7.0 7.0 7.0 7.0 7.0 7.0 8.0 8.0 8.0 8.0 6.0 7.0 7.0 7.0 7.0 7.0 7.0 8.0 7.0 7.0 7.0 7.0 7.0 7.0 7.0 8.0 8.0 8.0 7.0 7.0 7.0 7.0 7.0 7.0 7.0 7.0 7.0 7.0 7.0 7.0 7.0 6.0 6.0 8.0 8.0 8.0 6.0 7.0 7.0 7.0 6.0 6.0 6.0 6.0 7.0 6.0 6.0 7.0 7.0 7.0 7.0 7.0 7.0 7.0 7.0 7.0 7.0 7.0 7.0 7.0 7.0 7.0 7.0 7.0 7.0 7.0 7.0 7.0 7.0 7.0 7.0 7.0 7.0 7.0 7.0 7.0 7.0 7.0 7.0 7.0 7.0 7.0 7.0 7.0 7.0 7.0 7.0 6.0 6.0 6.0 6.0 6.0 6.0 6.0 6.0 6.0 6.0 6.0 6.0 6.0 6.0 6.0 6.0 6.0 6.0 6.0 6.0 6.0 6.0 6.0 6.0 8.0 8.0 7.08362369337979 0.7977087629489908
29 184.0 179.0 178.0 174.0 174.0 187.0 182.0 204.0 186.0 173.0 157.0 185.0 186.0 181.0 193.0 191.0 186.0 180.0 186.0 188.0 189.0 187.0 177.0 177.0 192.0 186.0 184.0 181.0 195.0 195.0 195.0 188.0 186.0 194.0 193.0 182.0 180.0 173.0 173.0 160.0 158.0 186.0 186.0 186.0 196.0 189.0 185.0 192.0 182.0 184.0 188.0 182.0 185.0 181.0 195.0 184.0 193.0 182.0 182.0 171.0 189.0 184.0 177.0 177.0 191.0 188.0 180.0 182.0 191.0 189.0 180.0 173.0 177.0 186.0 181.0 186.0 176.0 190.0 186.0 183.0 180.0 184.0 180.0 184.0 187.0 166.0 165.0 177.0 180.0 180.0 184.0 181.0 181.0 190.0 189.0 190.0 186.0 179.0 169.0 176.0 178.0 187.0 183.0 186.0 186.0 187.0 176.0 185.0 184.0 181.0 179.0 181.0 182.0 174.0 180.0 186.0 180.0 181.0 161.0 187.0 185.0 187.0 212.0 169.0 187.0 174.0 190.0 181.0 190.0 186.0 174.0 180.0 189.0 178.0 172.0 174.0 180.0 189.0 183.0 188.0 190.0 182.0 187.0 193.0 187.0 183.0 181.0 188.0 184.0 186.0 183.0 186.0 184.0 190.0 181.0 179.0 184.0 186.0 178.0 168.0 164.0 157.0 183.0 184.0 184.0 188.0 184.0 181.0 191.0 176.0 179.0 171.0 194.0 187.0 165.0 179.0 184.0 194.0 185.0 178.0 172.0 168.0 160.0 161.0 191.0 170.0 189.0 180.0 181.0 179.0 192.0 174.0 165.0 171.0 188.0 184.0 164.0 171.0 168.0 180.0 182.0 164.0 160.0 172.0 190.0 180.0 169.0 176.0 193.0 175.0 164.0 168.0 221.0 196.0 186.0 189.0 169.0 186.0 177.0 160.0 176.0 199.0 207.0 175.0 179.0 180.0 194.0 173.0 187.0 180.0 181.0 187.0 183.0 187.0 187.0 170.0 175.0 186.0 187.0 169.0 190.0 194.0 164.0 186.0 182.0 182.0 174.0 194.0 186.0 199.0 184.0 171.0 163.0 174.0 186.0 197.0 185.0 191.0 190.0 177.0 180.0 167.0 159.0 191.0 179.0 195.0 182.0 190.0 197.0 176.0 173.0 188.0 185.0 183.0 173.0 188.0 190.0 190.0 191.0 176.0 181.0 181.0 186.0 179.0 182.0 208.0 161.0 181.98257839721254 9.406684294295127
30 355.0 344.0 333.0 336.0 336.0 336.0 347.0 341.0 377.0 363.0 332.0 288.0 354.0 343.0 349.0 358.0 348.0 348.0 336.0 349.0 350.0 360.0 349.0 337.0 337.0 368.0 354.0 330.0 354.0 360.0 354.0 354.0 339.0 360.0 361.0 361.0 336.0 328.0 328.0 354.0 300.0 323.0 352.0 348.0 365.0 367.0 352.0 346.0 354.0 326.0 336.0 347.0 363.0 348.0 356.0 365.0 359.0 346.0 345.0 339.0 322.0 348.0 348.0 354.0 345.0 359.0 351.0 345.0 349.0 359.0 353.0 345.0 334.0 341.0 342.0 358.0 335.0 334.0 348.0 344.0 335.0 339.0 349.0 309.0 315.0 346.0 311.0 310.0 338.0 341.0 343.0 349.0 357.0 341.0 359.0 338.0 357.0 351.0 344.0 332.0 350.0 334.0 342.0 344.0 347.0 344.0 343.0 348.0 343.0 336.0 337.0 336.0 334.0 350.0 326.0 331.0 340.0 339.0 326.0 314.0 350.0 348.0 419.0 375.0 318.0 350.0 348.0 349.0 346.0 349.0 365.0 350.0 351.0 334.0 316.0 317.0 323.0 333.0 354.0 349.0 353.0 361.0 357.0 355.0 365.0 344.0 349.0 339.0 347.0 351.0 363.0 348.0 350.0 350.0 360.0 342.0 435.0 339.0 340.0 340.0 319.0 302.0 290.0 346.0 341.0 338.0 343.0 341.0 343.0 343.0 344.0 342.0 328.0 376.0 355.0 325.0 337.0 344.0 349.0 346.0 320.0 330.0 328.0 305.0 313.0 332.0 319.0 357.0 339.0 344.0 344.0 356.0 333.0 315.0 306.0 349.0 340.0 309.0 325.0 321.0 333.0 350.0 300.0 333.0 325.0 343.0 320.0 313.0 341.0 361.0 320.0 313.0 319.0 354.0 353.0 338.0 332.0 320.0 321.0 314.0 309.0 321.0 379.0 371.0 332.0 331.0 339.0 326.0 334.0 346.0 340.0 338.0 347.0 347.0 333.0 362.0 314.0 316.0 313.0 327.0 307.0 346.0 324.0 318.0 352.0 353.0 339.0 344.0 354.0 348.0 350.0 346.0 341.0 310.0 347.0 359.0 357.0 349.0 348.0 328.0 333.0 340.0 296.0 308.0 371.0 356.0 339.0 342.0 359.0 366.0 333.0 327.0 349.0 350.0 345.0 326.0 353.0 348.0 361.0 355.0 347.0 347.0 347.0 351.0 342.0 337.0 340.0 341.50174216027875 17.430757030621447
31 552.0 555.0 572.0 551.0 544.0 543.0 539.0 561.0 553.0 601.0 575.0 535.0 512.0 532.0 555.0 550.0 575.0 580.0 567.0 548.0 559.0 562.0 631.0 566.0 562.0 700.0 699.0 583.0 632.0 615.0 694.0 880.0 558.0 568.0 564.0 567.0 605.0 559.0 540.0 757.0 1019.0 470.0 484.0 570.0 573.0 558.0 588.0 571.0 561.0 556.0 542.0 553.0 563.0 563.0 584.0 563.0 575.0 581.0 561.0 551.0 551.0 542.0 548.0 552.0 547.0 540.0 581.0 563.0 553.0 567.0 558.0 566.0 556.0 538.0 548.0 552.0 555.0 552.0 541.0 547.0 542.0 547.0 538.0 554.0 501.0 495.0 562.0 514.0 492.0 560.0 557.0 542.0 552.0 571.0 567.0 565.0 581.0 567.0 567.0 569.0 560.0 569.0 567.0 567.0 553.0 561.0 554.0 559.0 544.0 552.0 547.0 555.0 549.0 541.0 564.0 537.0 533.0 558.0 547.0 534.0 508.0 546.0 568.0 607.0 648.0 576.0 552.0 566.0 566.0 567.0 562.0 580.0 573.0 571.0 558.0 510.0 512.0 514.0 527.0 558.0 557.0 565.0 577.0 569.0 584.0 547.0 571.0 559.0 552.0 560.0 562.0 563.0 547.0 568.0 563.0 577.0 555.0 547.0 553.0 555.0 544.0 540.0 511.0 506.0 513.0 561.0 554.0 561.0 548.0 548.0 556.0 545.0 552.0 551.0 572.0 584.0 537.0 526.0 559.0 560.0 573.0 543.0 528.0 539.0 499.0 496.0 538.0 526.0 541.0 552.0 563.0 541.0 563.0 544.0 499.0 476.0 568.0 569.0 509.0 501.0 492.0 499.0 549.0 511.0 497.0 528.0 545.0 542.0 529.0 538.0 580.0 555.0 502.0 506.0 570.0 566.0 556.0 547.0 517.0 528.0 487.0 497.0 499.0 623.0 590.0 556.0 526.0 542.0 552.0 560.0 556.0 539.0 543.0 571.0 562.0 543.0 565.0 512.0 516.0 519.0 534.0 510.0 517.0 532.0 510.0 521.0 567.0 547.0 561.0 565.0 561.0 548.0 586.0 542.0 501.0 508.0 599.0 586.0 593.0 566.0 546.0 530.0 537.0 485.0 484.0 587.0 570.0 570.0 552.0 566.0 595.0 571.0 547.0 550.0 571.0 558.0 551.0 545.0 572.0 584.0 575.0 572.0 559.0 683.0 683.0 556.0 552.0 556.9825783972126 47.96279563741664
32 201.0 189.0 193.0 182.0 196.0 190.0 189.0 189.0 189.0 201.0 195.0 216.0 197.0 187.0 177.0 209.0 199.0 203.0 201.0 199.0 199.0 193.0 198.0 219.0 208.0 196.0 187.0 187.0 210.0 203.0 198.0 206.0 206.0 206.0 206.0 211.0 201.0 198.0 203.0 189.0 186.0 199.0 160.0 188.0 199.0 197.0 197.0 197.0 207.0 200.0 202.0 189.0 197.0 203.0 199.0 197.0 197.0 201.0 210.0 251.0 194.0 208.0 238.0 203.0 204.0 200.0 189.0 198.0 203.0 210.0 204.0 195.0 199.0 210.0 201.0 194.0 198.0 187.0 203.0 191.0 199.0 192.0 204.0 189.0 196.0 186.0 176.0 196.0 184.0 172.0 191.0 195.0 195.0 207.0 202.0 223.0 190.0 200.0 216.0 190.0 199.0 204.0 356.0 235.0 263.0 200.0 197.0 202.0 196.0 198.0 198.0 206.0 211.0 197.0 192.0 207.0 201.0 189.0 193.0 189.0 197.0 180.0 202.0 199.0 194.0 220.0 206.0 198.0 201.0 200.0 201.0 198.0 202.0 207.0 198.0 197.0 186.0 179.0 181.0 203.0 191.0 199.0 198.0 207.0 208.0 206.0 197.0 204.0 189.0 197.0 201.0 203.0 199.0 209.0 199.0 200.0 203.0 206.0 200.0 192.0 201.0 193.0 204.0 189.0 170.0 190.0 203.0 203.0 202.0 192.0 191.0 197.0 194.0 190.0 198.0 192.0 203.0 183.0 183.0 193.0 208.0 195.0 197.0 189.0 188.0 182.0 173.0 197.0 183.0 204.0 196.0 179.0 190.0 189.0 204.0 165.0 171.0 211.0 193.0 174.0 176.0 172.0 212.0 190.0 194.0 195.0 212.0 205.0 186.0 183.0 184.0 201.0 201.0 196.0 185.0 220.0 204.0 201.0 197.0 186.0 249.0 168.0 179.0 202.0 206.0 203.0 189.0 201.0 201.0 209.0 182.0 198.0 192.0 187.0 193.0 198.0 189.0 201.0 199.0 208.0 170.0 200.0 183.0 191.0 189.0 175.0 191.0 206.0 197.0 191.0 201.0 199.0 195.0 206.0 232.0 174.0 182.0 206.0 196.0 200.0 195.0 214.0 189.0 191.0 187.0 170.0 207.0 201.0 209.0 193.0 210.0 205.0 231.0 183.0 190.0 201.0 199.0 190.0 182.0 348.0 201.0 208.0 211.0 211.0 211.0 201.0 180.0 198.39372822299651 17.963298705622464
33 125.0 127.0 116.0 120.0 117.0 121.0 117.0 116.0 116.0 124.0 128.0 128.0 126.0 116.0 129.0 103.0 127.0 121.0 129.0 148.0 129.0 144.0 127.0 134.0 131.0 124.0 118.0 122.0 165.0 133.0 122.0 135.0 126.0 126.0 126.0 116.0 122.0 125.0 126.0 119.0 115.0 116.0 115.0 99.0 123.0 124.0 123.0 123.0 128.0 123.0 122.0 120.0 123.0 124.0 150.0 134.0 139.0 121.0 128.0 138.0 165.0 129.0 125.0 132.0 175.0 129.0 113.0 123.0 122.0 124.0 119.0 157.0 127.0 123.0 131.0 132.0 125.0 119.0 119.0 127.0 120.0 123.0 125.0 120.0 117.0 124.0 110.0 122.0 120.0 109.0 111.0 120.0 123.0 123.0 128.0 136.0 123.0 125.0 129.0 122.0 121.0 122.0 124.0 120.0 126.0 121.0 133.0 122.0 122.0 127.0 119.0 118.0 139.0 113.0 147.0 157.0 138.0 115.0 121.0 133.0 118.0 112.0 110.0 127.0 120.0 119.0 142.0 111.0 127.0 125.0 121.0 132.0 129.0 121.0 129.0 123.0 115.0 113.0 111.0 114.0 120.0 122.0 122.0 138.0 127.0 126.0 116.0 124.0 123.0 114.0 120.0 122.0 123.0 132.0 125.0 125.0 120.0 121.0 130.0 123.0 120.0 122.0 120.0 115.0 120.0 102.0 123.0 124.0 134.0 124.0 118.0 124.0 126.0 116.0 121.0 122.0 118.0 123.0 113.0 116.0 126.0 119.0 126.0 120.0 119.0 112.0 107.0 107.0 125.0 117.0 125.0 121.0 107.0 118.0 121.0 116.0 108.0 116.0 126.0 117.0 112.0 106.0 110.0 121.0 117.0 103.0 126.0 135.0 110.0 105.0 109.0 123.0 126.0 121.0 119.0 123.0 120.0 122.0 138.0 123.0 125.0 125.0 116.0 119.0 120.0 118.0 131.0 117.0 122.0 120.0 119.0 115.0 128.0 111.0 120.0 120.0 124.0 110.0 127.0 127.0 105.0 122.0 119.0 111.0 120.0 127.0 110.0 127.0 126.0 120.0 114.0 125.0 121.0 124.0 128.0 128.0 116.0 152.0 128.0 128.0 121.0 126.0 126.0 116.0 120.0 103.0 126.0 126.0 127.0 130.0 127.0 129.0 164.0 128.0 115.0 122.0 122.0 127.0 117.0 184.0 124.0 124.0 127.0 127.0 146.0 146.0 146.0 123.595818815331 10.681189756969962
34 6.0 6.0 6.0 6.0 6.0 6.0 6.0 6.0 6.0 6.0 6.0 6.0 6.0 6.0 6.0 6.0 7.0 7.0 7.0 7.0 7.0 7.0 7.0 7.0 7.0 7.0 7.0 7.0 7.0 8.0 8.0 8.0 8.0 8.0 8.0 8.0 8.0 8.0 8.0 8.0 8.0 8.0 8.0 6.0 6.0 7.0 7.0 7.0 7.0 7.0 7.0 7.0 6.0 6.0 6.0 6.0 7.0 7.0 7.0 7.0 7.0 7.0 7.0 7.0 17.0 7.0 7.0 7.0 7.0 7.0 7.0 7.0 7.0 7.0 7.0 7.0 7.0 7.0 7.0 7.0 7.0 7.0 7.0 7.0 7.0 7.0 6.0 6.0 6.0 6.0 6.0 6.0 6.0 7.0 7.0 6.0 6.0 7.0 7.0 7.0 7.0 7.0 7.0 7.0 7.0 7.0 7.0 7.0 7.0 7.0 7.0 7.0 7.0 7.0 7.0 7.0 17.0 6.0 6.0 7.0 7.0 7.0 6.0 6.0 6.0 7.0 18.0 7.0 7.0 7.0 7.0 8.0 8.0 8.0 8.0 8.0 7.0 6.0 6.0 6.0 7.0 7.0 6.0 7.0 7.0 7.0 7.0 7.0 7.0 6.0 6.0 7.0 7.0 7.0 6.0 6.0 6.0 6.0 7.0 7.0 7.0 7.0 7.0 6.0 6.0 6.0 6.0 6.0 6.0 6.0 6.0 7.0 7.0 7.0 6.0 6.0 7.0 7.0 6.0 6.0 7.0 7.0 7.0 7.0 7.0 6.0 6.0 6.0 7.0 7.0 7.0 7.0 6.0 6.0 6.0 6.0 6.0 6.0 6.0 6.0 6.0 6.0 6.0 6.0 6.0 6.0 6.0 7.0 6.0 6.0 6.0 6.0 6.0 7.0 7.0 7.0 7.0 7.0 8.0 7.0 6.0 6.0 7.0 7.0 7.0 7.0 7.0 7.0 7.0 6.0 6.0 6.0 6.0 6.0 6.0 6.0 6.0 6.0 6.0 6.0 7.0 6.0 6.0 6.0 6.0 7.0 6.0 6.0 6.0 6.0 6.0 6.0 7.0 7.0 7.0 7.0 7.0 7.0 7.0 8.0 7.0 7.0 7.0 6.0 6.0 6.0 6.0 6.0 6.0 6.0 6.0 6.0 6.0 6.0 6.0 6.0 6.0 6.0 6.0 6.0 6.0 6.0 6.0 6.0 6.0 6.0 6.0 6.7351916376306615 1.254188178712478
35 101.0 59.0 59.0 55.0 55.0 62.0 57.0 58.0 56.0 56.0 64.0 64.0 63.0 53.0 64.0 52.0 62.0 61.0 60.0 60.0 64.0 64.0 59.0 59.0 62.0 64.0 59.0 59.0 59.0 62.0 62.0 59.0 59.0 59.0 59.0 59.0 59.0 62.0 61.0 59.0 57.0 57.0 55.0 48.0 62.0 62.0 81.0 81.0 81.0 61.0 59.0 58.0 59.0 59.0 61.0 60.0 67.0 61.0 59.0 59.0 59.0 57.0 61.0 62.0 83.0 90.0 58.0 58.0 60.0 59.0 60.0 61.0 58.0 59.0 57.0 59.0 67.0 60.0 58.0 61.0 57.0 58.0 58.0 59.0 56.0 60.0 54.0 60.0 60.0 54.0 53.0 57.0 58.0 60.0 65.0 60.0 61.0 64.0 64.0 61.0 61.0 63.0 58.0 57.0 59.0 60.0 65.0 59.0 66.0 58.0 61.0 60.0 58.0 59.0 58.0 57.0 73.0 72.0 58.0 55.0 57.0 58.0 53.0 60.0 60.0 58.0 80.0 68.0 60.0 62.0 58.0 60.0 63.0 60.0 64.0 61.0 60.0 56.0 56.0 56.0 56.0 62.0 61.0 63.0 59.0 61.0 61.0 61.0 70.0 59.0 59.0 60.0 60.0 62.0 59.0 60.0 60.0 58.0 65.0 58.0 59.0 58.0 61.0 58.0 55.0 50.0 58.0 62.0 63.0 61.0 58.0 61.0 56.0 57.0 58.0 60.0 57.0 61.0 53.0 61.0 59.0 56.0 59.0 60.0 58.0 55.0 52.0 57.0 60.0 60.0 60.0 56.0 54.0 60.0 56.0 62.0 51.0 57.0 64.0 55.0 53.0 53.0 53.0 62.0 58.0 51.0 51.0 65.0 48.0 51.0 53.0 56.0 63.0 59.0 61.0 58.0 64.0 61.0 64.0 61.0 55.0 62.0 56.0 61.0 57.0 62.0 60.0 62.0 61.0 57.0 58.0 57.0 60.0 60.0 56.0 58.0 59.0 56.0 63.0 56.0 59.0 54.0 57.0 53.0 59.0 59.0 58.0 61.0 64.0 62.0 55.0 55.0 59.0 59.0 66.0 66.0 53.0 61.0 61.0 59.0 65.0 58.0 64.0 57.0 62.0 53.0 51.0 51.0 57.0 62.0 70.0 70.0 61.0 63.0 56.0 61.0 60.0 59.0 56.0 56.0 59.0 59.0 59.0 61.0 61.0 61.0 61.0 59.846689895470384 5.559360013539537
36 561.0 566.0 556.0 546.0 532.0 545.0 547.0 532.0 530.0 548.0 554.0 561.0 575.0 581.0 556.0 505.0 464.0 569.0 565.0 574.0 583.0 574.0 586.0 540.0 541.0 561.0 567.0 561.0 558.0 575.0 597.0 594.0 556.0 569.0 574.0 574.0 569.0 559.0 586.0 578.0 550.0 540.0 527.0 461.0 472.0 542.0 571.0 561.0 562.0 576.0 572.0 558.0 544.0 520.0 551.0 563.0 558.0 572.0 566.0 558.0 557.0 554.0 550.0 556.0 575.0 556.0 554.0 552.0 548.0 550.0 554.0 550.0 560.0 560.0 574.0 565.0 567.0 557.0 556.0 550.0 539.0 547.0 549.0 551.0 549.0 544.0 519.0 506.0 498.0 578.0 488.0 486.0 536.0 566.0 550.0 551.0 571.0 566.0 563.0 559.0 553.0 572.0 580.0 582.0 546.0 541.0 550.0 548.0 559.0 547.0 546.0 529.0 545.0 558.0 534.0 541.0 558.0 562.0 552.0 528.0 559.0 564.0 549.0 515.0 568.0 544.0 541.0 568.0 666.0 551.0 570.0 516.0 520.0 561.0 574.0 575.0 571.0 524.0 519.0 535.0 500.0 538.0 560.0 561.0 562.0 569.0 572.0 555.0 550.0 545.0 536.0 544.0 554.0 561.0 562.0 573.0 578.0 579.0 579.0 556.0 574.0 562.0 564.0 576.0 551.0 488.0 482.0 520.0 565.0 558.0 549.0 543.0 548.0 550.0 532.0 528.0 562.0 553.0 565.0 506.0 519.0 557.0 542.0 557.0 545.0 522.0 513.0 486.0 490.0 550.0 540.0 547.0 506.0 519.0 539.0 554.0 502.0 464.0 489.0 550.0 511.0 498.0 481.0 504.0 548.0 554.0 494.0 475.0 538.0 481.0 493.0 498.0 523.0 568.0 563.0 563.0 566.0 569.0 600.0 574.0 544.0 526.0 507.0 499.0 500.0 501.0 594.0 566.0 590.0 571.0 562.0 534.0 547.0 569.0 567.0 547.0 545.0 560.0 553.0 558.0 501.0 500.0 518.0 542.0 516.0 513.0 560.0 566.0 577.0 576.0 554.0 530.0 528.0 565.0 572.0 576.0 562.0 491.0 500.0 566.0 565.0 578.0 548.0 531.0 531.0 533.0 480.0 495.0 562.0 547.0 566.0 589.0 588.0 571.0 558.0 541.0 545.0 565.0 560.0 536.0 526.0 557.0 564.0 576.0 576.0 573.0 560.0 547.5644599303135 28.005903316960037
37 153.0 153.0 175.0 145.0 158.0 148.0 141.0 153.0 146.0 145.0 145.0 149.0 148.0 163.0 162.0 150.0 157.0 138.0 156.0 156.0 152.0 161.0 160.0 160.0 149.0 147.0 147.0 160.0 154.0 154.0 154.0 160.0 161.0 161.0 153.0 156.0 156.0 156.0 149.0 156.0 154.0 159.0 149.0 144.0 145.0 125.0 158.0 159.0 156.0 156.0 152.0 160.0 156.0 148.0 128.0 156.0 155.0 149.0 155.0 147.0 153.0 151.0 141.0 150.0 153.0 153.0 157.0 148.0 151.0 148.0 147.0 153.0 148.0 156.0 150.0 148.0 151.0 153.0 159.0 149.0 143.0 153.0 151.0 150.0 147.0 153.0 135.0 148.0 136.0 153.0 165.0 131.0 136.0 157.0 150.0 151.0 150.0 155.0 156.0 156.0 157.0 148.0 151.0 165.0 158.0 148.0 147.0 162.0 145.0 152.0 151.0 155.0 139.0 151.0 159.0 150.0 146.0 148.0 155.0 146.0 143.0 149.0 148.0 143.0 145.0 158.0 149.0 156.0 141.0 182.0 150.0 164.0 152.0 151.0 153.0 156.0 158.0 155.0 142.0 141.0 150.0 140.0 146.0 156.0 156.0 155.0 157.0 152.0 160.0 144.0 151.0 147.0 149.0 152.0 151.0 155.0 147.0 156.0 153.0 140.0 145.0 162.0 148.0 156.0 151.0 149.0 154.0 134.0 152.0 154.0 157.0 154.0 148.0 146.0 151.0 144.0 154.0 156.0 152.0 147.0 138.0 147.0 152.0 156.0 149.0 149.0 145.0 149.0 135.0 151.0 153.0 141.0 150.0 145.0 135.0 152.0 146.0 158.0 130.0 144.0 151.0 140.0 135.0 134.0 140.0 162.0 139.0 132.0 147.0 152.0 145.0 125.0 138.0 152.0 161.0 150.0 153.0 151.0 153.0 154.0 141.0 150.0 140.0 153.0 122.0 130.0 154.0 156.0 157.0 163.0 158.0 148.0 145.0 143.0 153.0 159.0 133.0 147.0 149.0 153.0 156.0 139.0 130.0 144.0 157.0 133.0 155.0 140.0 147.0 159.0 156.0 145.0 152.0 143.0 146.0 146.0 162.0 133.0 135.0 165.0 158.0 151.0 157.0 149.0 157.0 144.0 149.0 132.0 130.0 151.0 155.0 160.0 160.0 149.0 154.0 158.0 141.0 142.0 152.0 157.0 146.0 143.0 153.0 153.0 153.0 159.0 159.0 150.0383275261324 8.248029728113746
38 387.0 405.0 420.0 420.0 406.0 405.0 398.0 394.0 410.0 398.0 398.0 405.0 400.0 423.0 455.0 447.0 424.0 373.0 386.0 428.0 424.0 419.0 432.0 429.0 427.0 394.0 401.0 409.0 423.0 415.0 408.0 421.0 433.0 439.0 401.0 414.0 429.0 429.0 409.0 414.0 418.0 416.0 422.0 414.0 391.0 349.0 335.0 418.0 413.0 415.0 415.0 392.0 402.0 416.0 399.0 379.0 418.0 408.0 405.0 422.0 413.0 422.0 401.0 404.0 407.0 413.0 411.0 416.0 411.0 409.0 406.0 412.0 406.0 405.0 416.0 403.0 418.0 409.0 559.0 430.0 407.0 406.0 398.0 406.0 406.0 400.0 402.0 387.0 394.0 343.0 384.0 397.0 357.0 360.0 393.0 404.0 407.0 407.0 423.0 432.0 421.0 437.0 411.0 416.0 430.0 435.0 418.0 398.0 406.0 415.0 392.0 387.0 379.0 403.0 410.0 416.0 395.0 402.0 398.0 408.0 390.0 392.0 401.0 385.0 382.0 397.0 419.0 404.0 388.0 469.0 462.0 417.0 421.0 415.0 412.0 427.0 417.0 422.0 418.0 368.0 374.0 382.0 397.0 442.0 413.0 413.0 404.0 426.0 405.0 413.0 391.0 408.0 402.0 395.0 412.0 417.0 421.0 403.0 409.0 422.0 466.0 420.0 420.0 411.0 413.0 403.0 393.0 361.0 367.0 417.0 409.0 417.0 416.0 400.0 398.0 405.0 395.0 408.0 418.0 408.0 401.0 375.0 394.0 410.0 402.0 408.0 417.0 402.0 382.0 381.0 365.0 417.0 424.0 437.0 374.0 374.0 408.0 417.0 367.0 360.0 391.0 405.0 380.0 386.0 354.0 388.0 401.0 383.0 354.0 383.0 399.0 382.0 361.0 376.0 404.0 422.0 404.0 410.0 405.0 418.0 434.0 400.0 400.0 389.0 365.0 372.0 353.0 417.0 410.0 418.0 433.0 433.0 402.0 390.0 400.0 426.0 420.0 388.0 400.0 415.0 418.0 421.0 378.0 359.0 389.0 401.0 372.0 400.0 406.0 403.0 421.0 429.0 418.0 400.0 376.0 395.0 412.0 419.0 442.0 387.0 415.0 420.0 417.0 429.0 414.0 408.0 392.0 397.0 344.0 342.0 414.0 454.0 404.0 427.0 432.0 409.0 430.0 412.0 407.0 411.0 413.0 405.0 420.0 412.0 416.0 417.0 423.0 405.8397212543554 22.61525470510059
39 109.0 109.0 109.0 131.0 131.0 120.0 141.0 141.0 115.0 121.0 114.0 114.0 114.0 123.0 120.0 137.0 128.0 128.0 115.0 112.0 124.0 123.0 124.0 125.0 127.0 127.0 116.0 125.0 122.0 132.0 120.0 120.0 120.0 128.0 128.0 118.0 125.0 127.0 124.0 121.0 121.0 125.0 131.0 129.0 119.0 113.0 96.0 96.0 133.0 123.0 127.0 120.0 112.0 121.0 125.0 116.0 115.0 128.0 128.0 117.0 128.0 129.0 142.0 119.0 118.0 121.0 132.0 129.0 120.0 127.0 126.0 106.0 122.0 116.0 117.0 124.0 128.0 120.0 156.0 108.0 118.0 119.0 116.0 120.0 118.0 120.0 117.0 119.0 116.0 120.0 100.0 123.0 115.0 101.0 121.0 115.0 120.0 114.0 116.0 117.0 125.0 123.0 127.0 111.0 128.0 132.0 126.0 129.0 117.0 121.0 122.0 107.0 109.0 113.0 122.0 125.0 115.0 117.0 118.0 112.0 124.0 110.0 120.0 112.0 116.0 109.0 121.0 123.0 119.0 122.0 105.0 157.0 128.0 116.0 118.0 108.0 109.0 121.0 125.0 111.0 123.0 111.0 109.0 123.0 140.0 133.0 128.0 121.0 127.0 130.0 117.0 128.0 125.0 125.0 117.0 118.0 126.0 125.0 113.0 125.0 124.0 124.0 113.0 130.0 125.0 124.0 120.0 116.0 111.0 108.0 122.0 118.0 124.0 120.0 117.0 119.0 121.0 117.0 122.0 123.0 115.0 126.0 110.0 121.0 124.0 120.0 123.0 132.0 129.0 116.0 106.0 131.0 114.0 124.0 121.0 109.0 112.0 122.0 113.0 99.0 96.0 114.0 120.0 117.0 93.0 104.0 108.0 123.0 106.0 102.0 118.0 117.0 110.0 100.0 103.0 130.0 122.0 119.0 119.0 117.0 125.0 126.0 105.0 117.0 123.0 110.0 106.0 104.0 123.0 119.0 132.0 136.0 137.0 114.0 108.0 125.0 128.0 117.0 110.0 116.0 123.0 130.0 122.0 107.0 100.0 121.0 120.0 101.0 119.0 122.0 124.0 123.0 136.0 128.0 125.0 113.0 128.0 135.0 136.0 121.0 107.0 313.0 123.0 125.0 140.0 124.0 128.0 119.0 127.0 104.0 131.0 122.0 100.0 156.0 142.0 121.0 127.0 126.0 112.0 112.0 123.0 124.0 114.0 125.0 120.0 120.0 120.0 120.82229965156795 14.805727638886513
40 110.0 110.0 110.0 88.0 92.0 90.0 90.0 87.0 79.0 95.0 84.0 102.0 83.0 81.0 85.0 96.0 87.0 95.0 95.0 76.0 89.0 91.0 96.0 86.0 99.0 99.0 83.0 93.0 91.0 90.0 89.0 86.0 86.0 88.0 93.0 158.0 86.0 100.0 94.0 88.0 88.0 96.0 95.0 95.0 86.0 83.0 77.0 69.0 95.0 88.0 92.0 90.0 83.0 93.0 94.0 87.0 76.0 76.0 85.0 102.0 92.0 88.0 92.0 86.0 83.0 89.0 88.0 93.0 92.0 90.0 93.0 80.0 88.0 97.0 126.0 94.0 82.0 168.0 137.0 82.0 89.0 89.0 106.0 86.0 93.0 87.0 89.0 88.0 85.0 86.0 78.0 89.0 97.0 76.0 79.0 86.0 89.0 77.0 93.0 103.0 91.0 86.0 89.0 81.0 109.0 87.0 101.0 114.0 92.0 90.0 88.0 90.0 81.0 85.0 87.0 105.0 96.0 92.0 84.0 96.0 94.0 87.0 86.0 83.0 82.0 83.0 81.0 115.0 88.0 105.0 77.0 120.0 85.0 82.0 93.0 90.0 83.0 91.0 87.0 85.0 89.0 77.0 90.0 90.0 80.0 106.0 82.0 96.0 88.0 94.0 94.0 104.0 117.0 86.0 86.0 89.0 92.0 87.0 88.0 88.0 92.0 84.0 82.0 87.0 89.0 89.0 93.0 92.0 82.0 80.0 89.0 95.0 87.0 95.0 87.0 85.0 85.0 87.0 90.0 82.0 89.0 91.0 80.0 88.0 90.0 89.0 97.0 91.0 109.0 86.0 87.0 96.0 85.0 91.0 89.0 86.0 94.0 89.0 95.0 89.0 75.0 84.0 84.0 79.0 83.0 79.0 79.0 90.0 83.0 74.0 87.0 86.0 81.0 74.0 83.0 90.0 99.0 86.0 116.0 87.0 86.0 92.0 83.0 88.0 104.0 98.0 77.0 77.0 93.0 91.0 87.0 92.0 114.0 72.0 86.0 121.0 91.0 95.0 92.0 86.0 89.0 94.0 91.0 78.0 90.0 92.0 87.0 78.0 87.0 87.0 85.0 92.0 90.0 90.0 87.0 87.0 84.0 88.0 96.0 96.0 96.0 135.0 91.0 89.0 94.0 85.0 93.0 137.0 90.0 85.0 94.0 91.0 76.0 76.0 97.0 153.0 106.0 96.0 87.0 80.0 87.0 95.0 91.0 100.0 86.0 98.0 98.0 90.94076655052265 11.979001591561188
41 648.0 657.0 675.0 629.0 652.0 652.0 632.0 604.0 615.0 602.0 624.0 606.0 598.0 661.0 594.0 617.0 624.0 709.0 637.0 596.0 561.0 600.0 655.0 647.0 649.0 664.0 664.0 601.0 602.0 634.0 645.0 645.0 646.0 592.0 654.0 668.0 651.0 632.0 632.0 632.0 612.0 616.0 646.0 653.0 645.0 613.0 608.0 524.0 521.0 657.0 654.0 622.0 615.0 593.0 595.0 647.0 612.0 607.0 629.0 618.0 611.0 636.0 641.0 635.0 627.0 639.0 630.0 631.0 599.0 597.0 607.0 604.0 568.0 568.0 601.0 614.0 631.0 625.0 637.0 669.0 707.0 624.0 630.0 617.0 616.0 629.0 634.0 619.0 612.0 595.0 568.0 518.0 546.0 554.0 545.0 557.0 622.0 637.0 623.0 610.0 602.0 613.0 639.0 638.0 610.0 579.0 613.0 625.0 699.0 736.0 656.0 627.0 626.0 596.0 588.0 600.0 630.0 636.0 631.0 631.0 608.0 624.0 632.0 616.0 584.0 590.0 571.0 577.0 627.0 611.0 555.0 650.0 707.0 775.0 592.0 583.0 570.0 610.0 631.0 585.0 592.0 611.0 581.0 607.0 584.0 581.0 575.0 571.0 611.0 648.0 635.0 635.0 602.0 623.0 616.0 618.0 614.0 625.0 634.0 626.0 631.0 621.0 677.0 661.0 619.0 655.0 648.0 632.0 621.0 573.0 542.0 602.0 615.0 622.0 623.0 603.0 598.0 618.0 622.0 635.0 607.0 617.0 589.0 572.0 585.0 600.0 631.0 632.0 629.0 614.0 622.0 626.0 649.0 629.0 625.0 625.0 615.0 619.0 636.0 634.0 604.0 531.0 545.0 589.0 567.0 585.0 620.0 609.0 628.0 541.0 573.0 532.0 583.0 567.0 541.0 598.0 622.0 595.0 593.0 618.0 622.0 615.0 622.0 626.0 594.0 582.0 576.0 556.0 550.0 543.0 585.0 614.0 646.0 643.0 602.0 582.0 630.0 657.0 627.0 580.0 618.0 615.0 649.0 633.0 557.0 546.0 571.0 605.0 580.0 575.0 613.0 616.0 654.0 655.0 667.0 616.0 606.0 623.0 648.0 626.0 632.0 612.0 635.0 633.0 645.0 654.0 650.0 623.0 675.0 585.0 569.0 614.0 588.0 567.0 578.0 654.0 639.0 671.0 652.0 631.0 628.0 634.0 625.0 630.0 598.0 624.0 627.0 615.6829268292682 34.661103849633044
42 720.0 724.0 745.0 750.0 792.0 778.0 752.0 758.0 745.0 782.0 779.0 799.0 761.0 737.0 789.0 692.0 694.0 688.0 681.0 793.0 741.0 644.0 663.0 679.0 753.0 745.0 755.0 721.0 711.0 682.0 700.0 723.0 733.0 742.0 723.0 732.0 756.0 748.0 742.0 736.0 721.0 732.0 735.0 725.0 732.0 737.0 740.0 731.0 703.0 613.0 633.0 705.0 742.0 741.0 720.0 691.0 695.0 710.0 729.0 735.0 744.0 736.0 715.0 758.0 730.0 733.0 735.0 733.0 715.0 726.0 730.0 714.0 719.0 696.0 663.0 663.0 699.0 718.0 736.0 746.0 655.0 667.0 731.0 729.0 734.0 732.0 721.0 733.0 742.0 727.0 706.0 680.0 640.0 621.0 665.0 643.0 640.0 643.0 765.0 778.0 761.0 696.0 691.0 720.0 739.0 735.0 703.0 732.0 743.0 741.0 754.0 736.0 724.0 731.0 728.0 712.0 726.0 747.0 742.0 731.0 741.0 713.0 727.0 741.0 738.0 723.0 736.0 720.0 711.0 673.0 737.0 731.0 714.0 734.0 717.0 706.0 671.0 690.0 731.0 725.0 722.0 1141.0 975.0 847.0 828.0 706.0 670.0 683.0 644.0 657.0 695.0 735.0 750.0 748.0 744.0 677.0 706.0 742.0 741.0 710.0 692.0 687.0 728.0 748.0 706.0 698.0 714.0 811.0 800.0 724.0 711.0 677.0 631.0 653.0 738.0 733.0 738.0 724.0 714.0 723.0 713.0 711.0 700.0 713.0 686.0 731.0 728.0 734.0 726.0 730.0 721.0 753.0 750.0 763.0 749.0 651.0 725.0 749.0 748.0 726.0 730.0 704.0 645.0 652.0 624.0 664.0 657.0 668.0 735.0 752.0 745.0 659.0 652.0 695.0 690.0 655.0 662.0 704.0 743.0 750.0 745.0 732.0 721.0 730.0 731.0 736.0 765.0 727.0 636.0 628.0 629.0 629.0 697.0 761.0 758.0 739.0 739.0 772.0 777.0 768.0 753.0 685.0 722.0 728.0 734.0 707.0 661.0 635.0 677.0 681.0 668.0 666.0 719.0 727.0 740.0 752.0 750.0 729.0 711.0 744.0 718.0 745.0 762.0 713.0 719.0 746.0 755.0 750.0 739.0 751.0 749.0 734.0 713.0 714.0 742.0 741.0 739.0 739.0 764.0 782.0 771.0 766.0 731.0 732.0 721.0 720.0 729.0 722.4668989547039 47.542451973479395
43 175.0 158.0 171.0 169.0 166.0 174.0 174.0 177.0 167.0 177.0 161.0 194.0 184.0 184.0 169.0 155.0 180.0 180.0 153.0 157.0 187.0 172.0 219.0 152.0 157.0 202.0 177.0 170.0 170.0 177.0 288.0 158.0 164.0 170.0 170.0 167.0 174.0 174.0 171.0 176.0 196.0 170.0 170.0 167.0 188.0 172.0 173.0 173.0 161.0 168.0 170.0 181.0 167.0 297.0 200.0 144.0 182.0 160.0 164.0 170.0 186.0 186.0 256.0 178.0 177.0 175.0 184.0 174.0 170.0 158.0 174.0 173.0 170.0 174.0 173.0 169.0 149.0 192.0 164.0 168.0 167.0 181.0 157.0 170.0 169.0 168.0 169.0 175.0 162.0 173.0 172.0 166.0 169.0 153.0 141.0 166.0 202.0 145.0 151.0 172.0 183.0 203.0 179.0 158.0 147.0 171.0 174.0 182.0 182.0 186.0 156.0 182.0 183.0 164.0 162.0 172.0 179.0 176.0 176.0 198.0 176.0 173.0 168.0 167.0 170.0 180.0 172.0 177.0 173.0 169.0 152.0 173.0 165.0 172.0 166.0 160.0 170.0 146.0 187.0 170.0 172.0 162.0 175.0 162.0 218.0 157.0 181.0 173.0 156.0 163.0 151.0 169.0 171.0 169.0 188.0 177.0 152.0 165.0 172.0 163.0 183.0 153.0 162.0 160.0 173.0 172.0 158.0 164.0 154.0 158.0 171.0 172.0 177.0 142.0 173.0 170.0 168.0 188.0 179.0 169.0 165.0 172.0 162.0 165.0 159.0 170.0 177.0 174.0 151.0 169.0 165.0 200.0 188.0 173.0 171.0 150.0 158.0 191.0 189.0 208.0 166.0 164.0 166.0 168.0 149.0 173.0 161.0 150.0 155.0 186.0 172.0 166.0 193.0 160.0 164.0 169.0 157.0 153.0 168.0 170.0 156.0 170.0 160.0 171.0 167.0 164.0 173.0 184.0 174.0 154.0 148.0 147.0 156.0 172.0 173.0 200.0 174.0 180.0 178.0 178.0 176.0 175.0 175.0 158.0 170.0 169.0 174.0 159.0 148.0 167.0 174.0 155.0 165.0 170.0 172.0 188.0 174.0 172.0 173.0 166.0 162.0 177.0 174.0 186.0 174.0 166.0 165.0 174.0 172.0 171.0 177.0 177.0 179.0 186.0 162.0 172.0 171.0 177.0 177.0 169.0 174.0 222.0 184.0 172.0 174.0 165.0 172.0 172.01742160278746 16.743740390954223
44 629.0 649.0 615.0 621.0 646.0 611.0 658.0 694.0 685.0 649.0 654.0 631.0 654.0 674.0 721.0 641.0 629.0 636.0 658.0 638.0 609.0 651.0 661.0 617.0 588.0 571.0 622.0 642.0 648.0 644.0 809.0 596.0 589.0 605.0 633.0 650.0 648.0 653.0 664.0 647.0 647.0 650.0 630.0 633.0 666.0 663.0 650.0 646.0 625.0 611.0 618.0 629.0 616.0 639.0 651.0 560.0 559.0 606.0 600.0 601.0 576.0 580.0 585.0 613.0 648.0 640.0 645.0 633.0 629.0 620.0 627.0 620.0 629.0 614.0 613.0 613.0 588.0 574.0 593.0 550.0 611.0 641.0 557.0 541.0 578.0 619.0 615.0 624.0 637.0 637.0 628.0 632.0 632.0 596.0 571.0 575.0 555.0 628.0 559.0 553.0 627.0 622.0 608.0 620.0 588.0 572.0 599.0 635.0 637.0 639.0 649.0 634.0 629.0 583.0 603.0 630.0 633.0 632.0 623.0 635.0 645.0 645.0 649.0 667.0 628.0 633.0 634.0 636.0 633.0 621.0 625.0 645.0 605.0 630.0 629.0 642.0 623.0 638.0 603.0 596.0 652.0 629.0 620.0 645.0 666.0 732.0 775.0 601.0 622.0 611.0 571.0 571.0 567.0 644.0 625.0 663.0 644.0 615.0 600.0 622.0 644.0 639.0 596.0 599.0 619.0 622.0 626.0 607.0 610.0 640.0 699.0 621.0 601.0 594.0 610.0 605.0 623.0 626.0 649.0 644.0 634.0 624.0 622.0 638.0 633.0 645.0 661.0 819.0 604.0 588.0 610.0 630.0 634.0 627.0 642.0 641.0 595.0 619.0 620.0 647.0 650.0 653.0 648.0 634.0 569.0 537.0 574.0 633.0 599.0 597.0 615.0 640.0 639.0 628.0 580.0 545.0 611.0 597.0 570.0 596.0 588.0 586.0 606.0 625.0 637.0 631.0 625.0 646.0 646.0 650.0 590.0 577.0 571.0 556.0 569.0 649.0 548.0 551.0 630.0 598.0 697.0 654.0 646.0 651.0 633.0 619.0 726.0 640.0 592.0 577.0 615.0 661.0 589.0 604.0 640.0 646.0 636.0 647.0 649.0 636.0 615.0 607.0 643.0 652.0 660.0 618.0 621.0 632.0 647.0 648.0 660.0 647.0 648.0 657.0 680.0 666.0 624.0 637.0 635.0 687.0 656.0 650.0 654.0 659.0 671.0 639.0 645.0 626.2578397212543 36.25583723731141
45 427.0 413.0 412.0 425.0 389.0 421.0 414.0 398.0 444.0 448.0 425.0 423.0 433.0 402.0 403.0 459.0 487.0 407.0 418.0 415.0 426.0 412.0 385.0 440.0 442.0 389.0 355.0 408.0 422.0 424.0 432.0 410.0 451.0 395.0 390.0 425.0 421.0 425.0 444.0 428.0 446.0 426.0 429.0 436.0 440.0 435.0 428.0 439.0 434.0 425.0 418.0 407.0 407.0 418.0 411.0 416.0 387.0 344.0 404.0 398.0 396.0 417.0 362.0 375.0 394.0 422.0 418.0 418.0 415.0 411.0 403.0 403.0 405.0 406.0 418.0 408.0 402.0 413.0 383.0 358.0 354.0 402.0 420.0 419.0 377.0 361.0 429.0 416.0 428.0 426.0 443.0 434.0 424.0 425.0 418.0 394.0 371.0 353.0 427.0 435.0 416.0 405.0 409.0 397.0 401.0 403.0 371.0 368.0 417.0 424.0 406.0 409.0 424.0 406.0 385.0 372.0 425.0 417.0 423.0 406.0 413.0 414.0 421.0 424.0 414.0 408.0 416.0 406.0 423.0 416.0 403.0 414.0 396.0 392.0 413.0 408.0 400.0 411.0 422.0 418.0 395.0 423.0 421.0 410.0 428.0 431.0 462.0 486.0 440.0 405.0 402.0 384.0 389.0 375.0 419.0 421.0 410.0 415.0 418.0 379.0 405.0 413.0 422.0 411.0 382.0 406.0 408.0 426.0 417.0 406.0 399.0 392.0 442.0 433.0 396.0 376.0 391.0 409.0 410.0 410.0 430.0 419.0 423.0 415.0 416.0 421.0 405.0 418.0 419.0 441.0 421.0 427.0 402.0 400.0 426.0 421.0 421.0 419.0 372.0 359.0 413.0 428.0 395.0 404.0 414.0 413.0 378.0 369.0 431.0 418.0 367.0 390.0 414.0 421.0 432.0 408.0 382.0 384.0 400.0 362.0 385.0 420.0 401.0 402.0 423.0 414.0 422.0 413.0 404.0 409.0 432.0 427.0 433.0 367.0 391.0 385.0 411.0 377.0 367.0 417.0 416.0 432.0 440.0 428.0 412.0 428.0 409.0 414.0 413.0 435.0 398.0 369.0 418.0 423.0 420.0 430.0 418.0 424.0 426.0 432.0 422.0 411.0 397.0 391.0 380.0 425.0 419.0 412.0 413.0 428.0 433.0 424.0 440.0 431.0 434.0 406.0 405.0 397.0 425.0 425.0 371.0 433.0 427.0 421.0 433.0 438.0 436.0 411.7108013937282 21.24787085307817
46 266.0 268.0 258.0 272.0 274.0 246.0 266.0 263.0 259.0 255.0 289.0 272.0 269.0 275.0 242.0 258.0 267.0 316.0 261.0 274.0 267.0 271.0 260.0 238.0 276.0 280.0 266.0 255.0 266.0 257.0 265.0 272.0 264.0 267.0 274.0 250.0 259.0 265.0 267.0 272.0 277.0 278.0 272.0 266.0 282.0 257.0 271.0 278.0 276.0 277.0 264.0 264.0 251.0 252.0 266.0 253.0 240.0 256.0 217.0 300.0 268.0 246.0 259.0 227.0 242.0 253.0 265.0 262.0 268.0 268.0 264.0 251.0 258.0 245.0 254.0 267.0 248.0 252.0 256.0 240.0 231.0 219.0 252.0 266.0 273.0 221.0 234.0 265.0 258.0 261.0 266.0 258.0 261.0 269.0 288.0 260.0 247.0 240.0 239.0 273.0 275.0 250.0 262.0 257.0 253.0 262.0 262.0 242.0 233.0 269.0 263.0 268.0 253.0 275.0 263.0 225.0 235.0 274.0 270.0 261.0 261.0 259.0 259.0 278.0 276.0 276.0 260.0 270.0 263.0 273.0 264.0 258.0 250.0 262.0 256.0 254.0 253.0 257.0 259.0 277.0 272.0 252.0 268.0 266.0 253.0 267.0 281.0 252.0 351.0 322.0 256.0 258.0 241.0 245.0 229.0 262.0 268.0 257.0 261.0 261.0 231.0 251.0 266.0 257.0 266.0 249.0 259.0 256.0 269.0 260.0 257.0 257.0 253.0 280.0 278.0 261.0 246.0 253.0 271.0 265.0 261.0 270.0 265.0 264.0 262.0 261.0 264.0 255.0 264.0 273.0 266.0 271.0 280.0 263.0 254.0 252.0 266.0 269.0 262.0 244.0 269.0 258.0 264.0 241.0 269.0 263.0 279.0 231.0 221.0 275.0 261.0 222.0 249.0 268.0 273.0 268.0 265.0 226.0 253.0 244.0 240.0 238.0 267.0 241.0 242.0 266.0 253.0 271.0 264.0 263.0 254.0 275.0 273.0 271.0 230.0 253.0 237.0 257.0 232.0 216.0 265.0 264.0 278.0 314.0 270.0 265.0 281.0 258.0 264.0 263.0 274.0 245.0 242.0 272.0 263.0 278.0 276.0 262.0 267.0 265.0 271.0 277.0 260.0 254.0 225.0 276.0 270.0 265.0 262.0 259.0 264.0 273.0 265.0 271.0 271.0 277.0 249.0 259.0 264.0 263.0 236.0 235.0 270.0 278.0 264.0 266.0 271.0 260.993031358885 15.846950034442528
47 138.0 122.0 141.0 128.0 147.0 138.0 123.0 140.0 138.0 127.0 138.0 153.0 134.0 133.0 138.0 120.0 136.0 126.0 126.0 130.0 134.0 128.0 127.0 119.0 119.0 139.0 153.0 140.0 142.0 129.0 131.0 135.0 135.0 135.0 135.0 126.0 124.0 132.0 134.0 137.0 138.0 144.0 140.0 132.0 140.0 134.0 146.0 141.0 137.0 149.0 143.0 171.0 141.0 126.0 127.0 135.0 127.0 127.0 115.0 133.0 134.0 124.0 123.0 145.0 117.0 127.0 133.0 136.0 130.0 135.0 131.0 135.0 131.0 133.0 125.0 132.0 136.0 133.0 127.0 131.0 122.0 106.0 122.0 128.0 132.0 138.0 112.0 138.0 128.0 128.0 138.0 130.0 132.0 141.0 125.0 137.0 133.0 122.0 110.0 130.0 137.0 133.0 127.0 124.0 130.0 131.0 133.0 135.0 122.0 127.0 137.0 137.0 132.0 140.0 133.0 125.0 115.0 138.0 133.0 131.0 145.0 123.0 133.0 133.0 128.0 135.0 124.0 134.0 129.0 139.0 133.0 130.0 133.0 130.0 122.0 130.0 127.0 127.0 127.0 143.0 135.0 133.0 128.0 134.0 125.0 131.0 135.0 130.0 134.0 159.0 126.0 132.0 131.0 119.0 119.0 120.0 130.0 138.0 132.0 131.0 123.0 125.0 126.0 130.0 124.0 130.0 122.0 131.0 131.0 131.0 123.0 130.0 117.0 122.0 172.0 141.0 128.0 123.0 124.0 143.0 131.0 132.0 134.0 134.0 134.0 131.0 134.0 135.0 134.0 135.0 146.0 138.0 135.0 131.0 145.0 123.0 132.0 139.0 129.0 128.0 131.0 132.0 138.0 133.0 129.0 132.0 132.0 137.0 107.0 136.0 130.0 131.0 114.0 131.0 129.0 132.0 135.0 116.0 116.0 127.0 123.0 135.0 129.0 131.0 127.0 128.0 131.0 134.0 135.0 140.0 144.0 128.0 131.0 133.0 132.0 116.0 137.0 123.0 134.0 110.0 132.0 133.0 131.0 146.0 137.0 133.0 146.0 134.0 131.0 132.0 127.0 142.0 125.0 136.0 136.0 136.0 136.0 130.0 135.0 134.0 131.0 141.0 129.0 134.0 130.0 150.0 134.0 137.0 133.0 130.0 132.0 130.0 135.0 135.0 128.0 130.0 130.0 117.0 128.0 126.0 133.0 120.0 120.0 120.0 143.0 130.0 134.0 131.6724738675958 8.271869201235997
48 6.0 6.0 6.0 6.0 6.0 6.0 6.0 6.0 6.0 6.0 6.0 6.0 6.0 6.0 6.0 6.0 6.0 6.0 6.0 6.0 6.0 6.0 6.0 6.0 6.0 6.0 6.0 5.0 5.0 5.0 5.0 5.0 5.0 5.0 5.0 5.0 5.0 5.0 5.0 5.0 6.0 6.0 6.0 6.0 6.0 6.0 6.0 6.0 6.0 6.0 6.0 6.0 6.0 6.0 6.0 6.0 6.0 6.0 6.0 4.0 4.0 4.0 5.0 5.0 5.0 5.0 5.0 6.0 6.0 6.0 5.0 5.0 5.0 5.0 5.0 5.0 6.0 6.0 6.0 6.0 5.0 5.0 4.0 5.0 5.0 5.0 5.0 5.0 5.0 6.0 6.0 6.0 6.0 6.0 6.0 6.0 6.0 5.0 4.0 4.0 4.0 4.0 4.0 5.0 5.0 6.0 5.0 5.0 5.0 5.0 5.0 6.0 6.0 5.0 5.0 5.0 5.0 5.0 6.0 5.0 5.0 5.0 6.0 6.0 6.0 6.0 5.0 5.0 5.0 5.0 5.0 5.0 5.0 5.0 5.0 5.0 5.0 5.0 6.0 6.0 6.0 6.0 6.0 6.0 6.0 6.0 6.0 6.0 6.0 6.0 5.0 5.0 5.0 5.0 5.0 5.0 6.0 6.0 5.0 6.0 5.0 5.0 5.0 5.0 5.0 5.0 5.0 5.0 5.0 6.0 6.0 5.0 5.0 5.0 5.0 5.0 5.0 5.0 5.0 5.0 5.0 5.0 5.0 5.0 5.0 5.0 5.0 5.0 5.0 5.0 5.0 6.0 6.0 6.0 6.0 6.0 6.0 5.0 5.0 5.0 5.0 5.0 5.0 6.0 5.0 5.0 5.0 5.0 5.0 6.0 6.0 6.0 5.0 5.0 5.0 5.0 5.0 6.0 5.0 6.0 5.0 5.0 5.0 5.0 5.0 5.0 5.0 5.0 5.0 5.0 5.0 5.0 5.0 5.0 5.0 5.0 6.0 5.0 5.0 5.0 4.0 6.0 6.0 6.0 6.0 6.0 5.0 5.0 5.0 5.0 5.0 5.0 5.0 5.0 5.0 5.0 5.0 5.0 5.0 5.0 5.0 5.0 5.0 5.0 5.0 5.0 5.0 5.0 5.0 5.0 5.0 5.0 5.0 5.0 5.0 5.0 5.0 5.0 5.0 5.0 5.0 5.0 5.0 5.0 5.0 5.0 5.0 5.327526132404182 0.5394005464305134
49 430.0 407.0 416.0 426.0 411.0 426.0 432.0 400.0 438.0 421.0 404.0 438.0 471.0 450.0 440.0 428.0 444.0 411.0 502.0 408.0 428.0 416.0 428.0 423.0 387.0 387.0 443.0 452.0 400.0 424.0 473.0 416.0 445.0 434.0 440.0 440.0 404.0 398.0 415.0 425.0 434.0 435.0 443.0 438.0 434.0 432.0 426.0 438.0 442.0 441.0 433.0 431.0 422.0 410.0 395.0 402.0 413.0 413.0 415.0 358.0 393.0 439.0 393.0 394.0 369.0 374.0 404.0 420.0 424.0 410.0 430.0 415.0 426.0 408.0 411.0 403.0 419.0 419.0 387.0 408.0 389.0 397.0 356.0 346.0 408.0 421.0 381.0 352.0 419.0 406.0 380.0 412.0 418.0 401.0 412.0 420.0 425.0 403.0 384.0 367.0 407.0 433.0 420.0 394.0 394.0 402.0 409.0 418.0 413.0 390.0 414.0 437.0 415.0 407.0 436.0 420.0 362.0 361.0 427.0 424.0 420.0 397.0 358.0 379.0 428.0 417.0 408.0 391.0 411.0 418.0 415.0 417.0 418.0 401.0 390.0 423.0 418.0 401.0 417.0 413.0 403.0 410.0 399.0 416.0 428.0 422.0 402.0 410.0 411.0 474.0 499.0 461.0 421.0 390.0 394.0 375.0 392.0 425.0 423.0 415.0 423.0 399.0 398.0 407.0 410.0 422.0 383.0 397.0 422.0 417.0 426.0 393.0 395.0 391.0 439.0 436.0 440.0 400.0 387.0 383.0 419.0 416.0 439.0 421.0 417.0 423.0 414.0 417.0 424.0 407.0 426.0 427.0 410.0 417.0 400.0 430.0 402.0 414.0 429.0 413.0 371.0 389.0 411.0 434.0 388.0 391.0 420.0 426.0 383.0 380.0 416.0 423.0 376.0 375.0 382.0 384.0 414.0 431.0 379.0 378.0 414.0 386.0 413.0 409.0 410.0 424.0 427.0 404.0 427.0 424.0 414.0 405.0 414.0 424.0 422.0 377.0 355.0 419.0 388.0 429.0 364.0 383.0 424.0 419.0 431.0 422.0 411.0 429.0 426.0 419.0 416.0 426.0 404.0 381.0 446.0 410.0 431.0 430.0 414.0 428.0 418.0 419.0 423.0 414.0 418.0 409.0 424.0 430.0 429.0 431.0 411.0 426.0 417.0 492.0 430.0 422.0 391.0 408.0 397.0 398.0 406.0 425.0 427.0 427.0 441.0 425.0 433.0 413.4006968641115 22.47212102336817
50 302.0 301.0 299.0 281.0 314.0 284.0 303.0 304.0 315.0 314.0 295.0 287.0 299.0 314.0 321.0 300.0 304.0 283.0 283.0 283.0 280.0 301.0 294.0 290.0 364.0 292.0 292.0 311.0 291.0 299.0 308.0 310.0 371.0 306.0 303.0 336.0 293.0 282.0 277.0 285.0 300.0 305.0 307.0 308.0 345.0 297.0 321.0 303.0 294.0 309.0 310.0 308.0 309.0 306.0 299.0 281.0 291.0 291.0 292.0 295.0 251.0 305.0 302.0 275.0 280.0 261.0 259.0 280.0 303.0 314.0 298.0 301.0 303.0 308.0 284.0 292.0 287.0 298.0 301.0 281.0 282.0 286.0 281.0 260.0 272.0 293.0 299.0 260.0 259.0 300.0 285.0 282.0 292.0 292.0 300.0 314.0 291.0 291.0 287.0 275.0 275.0 271.0 298.0 295.0 281.0 278.0 294.0 292.0 299.0 283.0 285.0 273.0 281.0 293.0 285.0 306.0 301.0 285.0 251.0 295.0 305.0 298.0 292.0 250.0 299.0 299.0 299.0 294.0 285.0 288.0 300.0 296.0 296.0 296.0 294.0 275.0 266.0 284.0 282.0 293.0 305.0 326.0 309.0 296.0 298.0 286.0 294.0 295.0 283.0 279.0 287.0 293.0 286.0 289.0 284.0 273.0 280.0 260.0 313.0 260.0 274.0 378.0 278.0 289.0 265.0 287.0 280.0 276.0 302.0 285.0 286.0 295.0 272.0 283.0 284.0 317.0 353.0 310.0 286.0 292.0 284.0 295.0 292.0 304.0 291.0 304.0 298.0 269.0 315.0 299.0 290.0 297.0 301.0 285.0 279.0 315.0 301.0 284.0 289.0 311.0 313.0 293.0 303.0 290.0 269.0 269.0 271.0 300.0 308.0 278.0 264.0 288.0 293.0 284.0 277.0 289.0 297.0 289.0 301.0 262.0 255.0 287.0 293.0 300.0 271.0 293.0 276.0 297.0 287.0 293.0 301.0 297.0 283.0 299.0 304.0 298.0 264.0 279.0 296.0 275.0 299.0 246.0 279.0 299.0 298.0 301.0 315.0 292.0 301.0 325.0 296.0 290.0 299.0 294.0 269.0 303.0 374.0 298.0 307.0 294.0 298.0 302.0 289.0 303.0 294.0 295.0 282.0 264.0 304.0 306.0 332.0 291.0 299.0 323.0 299.0 297.0 286.0 273.0 279.0 282.0 287.0 278.0 299.0 285.0 299.0 301.0 304.0 293.18815331010455 17.893023186304898
51 135.0 171.0 224.0 264.0 163.0 208.0 151.0 152.0 157.0 253.0 161.0 142.0 341.0 157.0 185.0 203.0 161.0 181.0 181.0 139.0 172.0 172.0 117.0 163.0 136.0 132.0 308.0 308.0 163.0 156.0 166.0 149.0 209.0 134.0 153.0 229.0 3130.0 142.0 156.0 156.0 139.0 149.0 166.0 134.0 174.0 198.0 166.0 177.0 205.0 120.0 143.0 169.0 146.0 152.0 170.0 170.0 147.0 165.0 178.0 240.0 124.0 138.0 182.0 569.0 138.0 224.0 116.0 209.0 137.0 162.0 175.0 166.0 162.0 139.0 148.0 129.0 163.0 133.0 175.0 160.0 133.0 165.0 158.0 137.0 141.0 166.0 152.0 150.0 130.0 211.0 167.0 151.0 167.0 177.0 151.0 154.0 171.0 173.0 183.0 136.0 163.0 147.0 170.0 183.0 152.0 161.0 192.0 150.0 169.0 156.0 159.0 188.0 146.0 213.0 156.0 140.0 154.0 173.0 174.0 149.0 160.0 153.0 202.0 122.0 161.0 172.0 226.0 150.0 182.0 172.0 143.0 180.0 193.0 177.0 152.0 158.0 152.0 169.0 189.0 358.0 197.0 168.0 223.0 144.0 188.0 163.0 173.0 184.0 224.0 176.0 127.0 150.0 177.0 208.0 150.0 122.0 185.0 193.0 189.0 115.0 162.0 159.0 336.0 439.0 465.0 136.0 151.0 150.0 155.0 233.0 221.0 172.0 171.0 194.0 158.0 170.0 233.0 563.0 209.0 148.0 114.0 197.0 128.0 164.0 169.0 194.0 200.0 191.0 156.0 241.0 242.0 120.0 139.0 323.0 203.0 129.0 290.0 199.0 172.0 184.0 205.0 203.0 160.0 171.0 167.0 190.0 136.0 367.0 257.0 273.0 138.0 215.0 158.0 164.0 153.0 345.0 141.0 988.0 173.0 161.0 146.0 151.0 157.0 331.0 147.0 177.0 129.0 176.0 160.0 242.0 124.0 179.0 188.0 430.0 197.0 177.0 145.0 139.0 334.0 133.0 175.0 165.0 123.0 127.0 152.0 147.0 172.0 165.0 161.0 226.0 266.0 178.0 135.0 143.0 141.0 142.0 155.0 216.0 144.0 156.0 163.0 281.0 167.0 126.0 160.0 221.0 154.0 148.0 185.0 156.0 250.0 146.0 151.0 158.0 196.0 146.0 172.0 154.0 179.0 135.0 329.0 133.0 1391.0 126.0 156.0 183.0 183.0 197.8292682926829 203.22142178726867
END
#################################################################
SECTION3 (Edges Information)
EndPoint0 EndPoint1 Weight
0 1 1.000000
1 2 1.000000
2 3 1.000000
3 4 1.000000
4 5 1.000000
5 6 1.000000
6 7 1.000000
7 8 1.000000
8 9 1.000000
9 10 1.000000
10 11 1.000000
11 12 1.000000
12 13 1.000000
13 14 1.000000
14 15 1.000000
15 16 1.000000
16 17 1.000000
17 18 1.000000
18 19 1.000000
19 20 1.000000
20 21 1.000000
21 22 1.000000
22 23 1.000000
23 24 1.000000
24 25 1.000000
25 26 1.000000
26 27 1.000000
27 28 1.000000
28 29 1.000000
29 30 1.000000
30 31 1.000000
31 32 1.000000
32 33 1.000000
33 34 1.000000
34 35 1.000000
35 36 1.000000
36 37 1.000000
37 38 1.000000
38 39 1.000000
39 40 1.000000
40 41 1.000000
41 42 1.000000
42 43 1.000000
43 44 1.000000
44 45 1.000000
45 46 1.000000
46 47 1.000000
47 48 1.000000
48 49 1.000000
49 50 1.000000
50 51 1.000000
END
#################################################################
SECTION4 (TrueSubGraph Information)
EndPoint0 EndPoint1 Weight
END
#################################################################
