#################################################################
#APDM Input Graph, this input graph includes 3 sections:
#section1 : general information
#section2 : nodes
#section3 : edges
#section4 : trueSubGraph (Optional)
#
#if nodes haven't information set weight to null
#################################################################
SECTION1 (General Information)
numNodes = 52
numEdges = 51
usedAlgorithm = NULL
dataSource = TransWeatherRealData
END
#################################################################
SECTION2 (Nodes Information)
NodeID travelTime  mean  std 
0 216.0 216.0 216.0 228.0 228.0 228.0 228.0 228.0 240.0 239.0 219.0 216.0 198.0 247.0 247.0 224.0 224.0 224.0 231.0 231.0 240.0 239.0 239.0 245.0 245.0 226.0 235.0 240.0 231.0 231.0 231.0 238.0 231.0 238.0 239.0 227.0 214.0 221.0 227.0 227.0 238.0 216.0 227.0 227.0 198.0 251.0 260.0 260.0 213.0 213.0 213.0 232.0 234.0 238.0 238.0 253.0 245.0 245.0 245.0 228.0 334.0 286.0 242.0 230.0 225.0 225.0 225.0 225.0 225.0 225.0 229.0 219.0 220.0 224.0 228.0 245.0 245.0 245.0 230.0 228.0 231.0 220.0 228.0 236.0 240.0 229.0 244.0 249.0 233.0 216.0 220.0 228.0 223.0 230.0 227.0 237.0 237.0 227.0 230.0 263.0 207.0 205.0 231.0 224.0 242.0 210.0 222.0 229.0 221.0 234.0 240.0 238.0 214.0 219.0 219.0 219.0 226.0 217.0 206.0 220.0 235.0 205.0 206.0 205.0 228.0 206.0 217.0 223.0 212.0 208.0 251.0 205.0 199.0 195.0 201.0 203.0 222.0 217.0 225.0 226.0 196.0 217.0 203.0 212.0 202.0 199.0 228.0 235.0 211.0 240.0 215.0 222.0 203.0 205.0 210.0 200.0 211.0 200.0 194.0 209.0 210.0 205.0 212.0 226.0 230.0 203.0 231.0 231.0 213.0 210.0 208.0 236.0 223.0 236.0 219.0 211.0 237.0 228.0 218.0 215.0 234.0 203.0 214.0 187.0 216.0 210.0 220.0 233.0 229.0 220.0 225.0 232.0 226.0 232.0 238.0 199.0 201.0 229.0 229.0 234.0 217.0 199.0 216.0 222.0 220.0 221.0 228.0 217.0 215.0 231.0 224.0 212.0 227.0 221.0 237.0 223.0 230.0 235.0 227.0 224.0 225.0 232.0 228.0 237.0 230.0 238.0 232.0 226.0 237.0 212.0 227.0 219.0 232.0 232.0 250.0 233.0 231.0 218.0 203.0 196.0 238.0 222.0 187.0 233.0 231.0 247.0 240.0 237.0 235.0 235.0 196.0 195.0 195.0 243.0 237.0 236.0 227.0 231.0 231.0 223.0 207.0 197.0 233.0 222.0 284.0 241.0 233.0 237.0 240.0 249.0 221.0 214.0 227.0 228.0 238.0 223.0 223.0 234.0 227.0 229.0 227.0 231.0 218.0 237.0 240.0 239.0 239.0 225.66898954703834 15.982896672329199
1 68.0 68.0 68.0 68.0 68.0 68.0 68.0 68.0 68.0 71.0 71.0 71.0 59.0 59.0 72.0 68.0 68.0 68.0 68.0 68.0 68.0 72.0 72.0 72.0 75.0 75.0 75.0 75.0 72.0 72.0 72.0 69.0 69.0 69.0 69.0 69.0 69.0 62.0 62.0 62.0 71.0 65.0 65.0 68.0 68.0 68.0 83.0 83.0 54.0 51.0 51.0 51.0 69.0 72.0 72.0 72.0 75.0 75.0 75.0 68.0 68.0 70.0 70.0 76.0 68.0 68.0 68.0 68.0 68.0 68.0 65.0 68.0 66.0 68.0 67.0 74.0 74.0 74.0 67.0 67.0 69.0 69.0 69.0 69.0 75.0 69.0 69.0 69.0 69.0 67.0 64.0 120.0 70.0 70.0 68.0 68.0 68.0 68.0 69.0 76.0 76.0 71.0 69.0 69.0 69.0 69.0 68.0 66.0 65.0 64.0 72.0 72.0 71.0 71.0 67.0 72.0 64.0 69.0 63.0 68.0 67.0 70.0 58.0 60.0 71.0 67.0 65.0 70.0 70.0 66.0 66.0 71.0 61.0 59.0 59.0 63.0 67.0 62.0 63.0 71.0 61.0 74.0 62.0 62.0 61.0 60.0 69.0 69.0 63.0 64.0 64.0 67.0 71.0 62.0 62.0 59.0 58.0 60.0 58.0 63.0 63.0 61.0 65.0 73.0 74.0 61.0 61.0 69.0 69.0 68.0 62.0 69.0 69.0 67.0 67.0 65.0 65.0 68.0 65.0 65.0 65.0 63.0 68.0 57.0 54.0 65.0 62.0 71.0 68.0 65.0 67.0 72.0 72.0 69.0 67.0 72.0 59.0 68.0 68.0 68.0 61.0 60.0 62.0 72.0 67.0 71.0 72.0 69.0 65.0 65.0 66.0 61.0 69.0 64.0 61.0 69.0 71.0 70.0 70.0 67.0 67.0 70.0 70.0 68.0 72.0 72.0 69.0 68.0 66.0 69.0 59.0 59.0 66.0 63.0 63.0 78.0 70.0 67.0 69.0 61.0 69.0 67.0 57.0 71.0 71.0 68.0 75.0 75.0 72.0 68.0 72.0 59.0 59.0 71.0 71.0 65.0 65.0 71.0 71.0 71.0 82.0 59.0 59.0 68.0 68.0 68.0 70.0 69.0 72.0 71.0 59.0 59.0 59.0 69.0 69.0 67.0 67.0 67.0 67.0 67.0 67.0 102.0 64.0 77.0 70.0 71.0 71.0 67.69337979094077 6.180563211714262
2 272.0 299.0 299.0 299.0 299.0 299.0 299.0 299.0 299.0 293.0 285.0 285.0 246.0 263.0 297.0 299.0 275.0 271.0 271.0 314.0 383.0 383.0 292.0 428.0 428.0 296.0 272.0 290.0 291.0 293.0 293.0 283.0 281.0 281.0 281.0 291.0 291.0 251.0 271.0 276.0 276.0 293.0 293.0 276.0 276.0 241.0 324.0 339.0 339.0 237.0 237.0 237.0 289.0 287.0 291.0 211.0 304.0 301.0 301.0 301.0 277.0 280.0 432.0 309.0 307.0 284.0 399.0 399.0 399.0 399.0 399.0 276.0 270.0 270.0 281.0 257.0 285.0 285.0 285.0 284.0 280.0 301.0 301.0 301.0 285.0 299.0 281.0 281.0 305.0 279.0 282.0 280.0 282.0 280.0 315.0 276.0 297.0 297.0 281.0 285.0 337.0 252.0 342.0 276.0 275.0 275.0 290.0 269.0 284.0 249.0 346.0 293.0 254.0 266.0 267.0 266.0 275.0 276.0 239.0 250.0 276.0 287.0 232.0 255.0 249.0 279.0 247.0 256.0 241.0 286.0 289.0 350.0 586.0 247.0 236.0 244.0 278.0 273.0 328.0 288.0 273.0 241.0 247.0 266.0 248.0 247.0 283.0 257.0 291.0 248.0 280.0 278.0 281.0 247.0 251.0 241.0 239.0 254.0 241.0 241.0 247.0 254.0 252.0 252.0 248.0 220.0 247.0 247.0 247.0 273.0 261.0 292.0 284.0 290.0 265.0 259.0 266.0 280.0 270.0 254.0 278.0 298.0 279.0 295.0 218.0 362.0 253.0 290.0 287.0 267.0 268.0 299.0 304.0 262.0 284.0 293.0 258.0 247.0 277.0 265.0 283.0 240.0 237.0 303.0 307.0 292.0 297.0 289.0 303.0 275.0 271.0 267.0 261.0 279.0 283.0 268.0 271.0 284.0 294.0 277.0 285.0 278.0 283.0 276.0 291.0 285.0 279.0 278.0 272.0 286.0 243.0 291.0 290.0 242.0 299.0 299.0 271.0 280.0 272.0 235.0 259.0 287.0 247.0 14351.0 411.0 370.0 284.0 297.0 268.0 289.0 290.0 244.0 244.0 244.0 302.0 291.0 281.0 276.0 276.0 288.0 276.0 239.0 240.0 284.0 274.0 274.0 292.0 296.0 288.0 431.0 290.0 257.0 513.0 279.0 276.0 273.0 282.0 282.0 281.0 281.0 275.0 304.0 264.0 262.0 286.0 280.0 290.0 333.7073170731706 831.3473969747921
3 197.0 199.0 199.0 199.0 199.0 199.0 199.0 199.0 199.0 199.0 204.0 197.0 182.0 180.0 180.0 209.0 209.0 188.0 188.0 188.0 188.0 210.0 210.0 210.0 210.0 210.0 198.0 197.0 188.0 197.0 188.0 205.0 191.0 191.0 192.0 197.0 197.0 197.0 197.0 193.0 193.0 193.0 198.0 198.0 198.0 198.0 192.0 189.0 179.0 169.0 170.0 170.0 170.0 193.0 195.0 197.0 197.0 200.0 206.0 206.0 191.0 190.0 190.0 190.0 188.0 201.0 193.0 193.0 230.0 179.0 179.0 179.0 190.0 183.0 183.0 170.0 201.0 199.0 199.0 199.0 193.0 185.0 200.0 186.0 190.0 200.0 204.0 178.0 178.0 178.0 185.0 194.0 200.0 200.0 188.0 197.0 199.0 196.0 196.0 188.0 193.0 183.0 182.0 182.0 182.0 187.0 187.0 196.0 181.0 173.0 167.0 196.0 196.0 219.0 183.0 182.0 183.0 186.0 188.0 188.0 188.0 188.0 193.0 161.0 197.0 188.0 181.0 163.0 178.0 178.0 207.0 197.0 197.0 220.0 181.0 177.0 210.0 192.0 183.0 172.0 205.0 179.0 179.0 211.0 193.0 169.0 197.0 194.0 194.0 180.0 173.0 161.0 188.0 192.0 169.0 205.0 166.0 161.0 172.0 164.0 192.0 171.0 174.0 199.0 170.0 170.0 164.0 184.0 184.0 184.0 189.0 207.0 189.0 202.0 202.0 180.0 189.0 199.0 197.0 184.0 184.0 227.0 201.0 196.0 166.0 151.0 216.0 215.0 191.0 196.0 210.0 210.0 189.0 189.0 178.0 192.0 203.0 181.0 191.0 187.0 188.0 187.0 164.0 156.0 222.0 205.0 201.0 199.0 200.0 189.0 180.0 193.0 188.0 189.0 207.0 245.0 207.0 207.0 212.0 197.0 189.0 192.0 182.0 194.0 184.0 179.0 192.0 190.0 201.0 195.0 199.0 197.0 197.0 209.0 182.0 182.0 182.0 190.0 190.0 183.0 176.0 179.0 204.0 181.0 204.0 176.0 189.0 206.0 200.0 198.0 209.0 201.0 163.0 163.0 163.0 214.0 188.0 199.0 199.0 188.0 190.0 190.0 163.0 163.0 197.0 180.0 180.0 199.0 197.0 197.0 199.0 199.0 199.0 203.0 189.0 191.0 201.0 185.0 215.0 199.0 214.0 185.0 185.0 183.0 176.0 194.0 193.0 190.9512195121951 13.37429392596407
4 315.0 317.0 316.0 316.0 316.0 316.0 305.0 305.0 305.0 305.0 305.0 316.0 316.0 273.0 295.0 305.0 329.0 303.0 310.0 310.0 310.0 318.0 318.0 318.0 315.0 315.0 323.0 311.0 307.0 316.0 316.0 316.0 314.0 314.0 314.0 305.0 317.0 315.0 315.0 315.0 299.0 299.0 318.0 316.0 316.0 316.0 288.0 308.0 300.0 304.0 277.0 284.0 284.0 284.0 305.0 312.0 274.0 318.0 324.0 326.0 326.0 300.0 300.0 300.0 300.0 302.0 300.0 307.0 307.0 291.0 294.0 294.0 294.0 296.0 305.0 262.0 276.0 332.0 327.0 327.0 303.0 307.0 300.0 305.0 294.0 298.0 319.0 318.0 315.0 316.0 316.0 286.0 308.0 305.0 309.0 307.0 301.0 316.0 317.0 317.0 303.0 302.0 304.0 273.0 273.0 555.0 425.0 397.0 320.0 300.0 307.0 317.0 307.0 312.0 299.0 297.0 289.0 321.0 299.0 302.0 293.0 300.0 304.0 256.0 261.0 307.0 284.0 282.0 300.0 303.0 303.0 312.0 311.0 339.0 344.0 280.0 300.0 306.0 300.0 281.0 405.0 306.0 281.0 281.0 310.0 273.0 264.0 333.0 306.0 318.0 268.0 279.0 276.0 300.0 304.0 302.0 293.0 261.0 260.0 266.0 260.0 316.0 285.0 276.0 255.0 279.0 287.0 259.0 294.0 294.0 303.0 297.0 297.0 313.0 308.0 285.0 287.0 282.0 299.0 311.0 304.0 303.0 313.0 303.0 307.0 238.0 248.0 318.0 315.0 310.0 360.0 329.0 329.0 329.0 269.0 305.0 308.0 288.0 283.0 308.0 308.0 308.0 258.0 267.0 253.0 312.0 317.0 328.0 316.0 303.0 304.0 291.0 300.0 300.0 314.0 339.0 335.0 299.0 314.0 319.0 313.0 302.0 304.0 287.0 321.0 298.0 295.0 294.0 305.0 305.0 316.0 315.0 441.0 344.0 310.0 323.0 315.0 315.0 335.0 303.0 371.0 314.0 315.0 297.0 316.0 324.0 276.0 302.0 315.0 307.0 306.0 319.0 275.0 261.0 261.0 317.0 330.0 337.0 308.0 308.0 300.0 305.0 310.0 261.0 308.0 305.0 291.0 291.0 316.0 321.0 321.0 316.0 322.0 303.0 305.0 306.0 301.0 315.0 300.0 318.0 325.0 325.0 291.0 291.0 290.0 295.0 310.0 305.7630662020906 27.40922006208285
5 4.0 4.0 4.0 4.0 4.0 4.0 4.0 4.0 4.0 4.0 4.0 4.0 4.0 4.0 4.0 4.0 4.0 4.0 4.0 4.0 4.0 4.0 4.0 4.0 4.0 5.0 5.0 5.0 5.0 5.0 5.0 5.0 5.0 5.0 5.0 5.0 5.0 5.0 5.0 5.0 5.0 5.0 5.0 5.0 5.0 5.0 5.0 5.0 5.0 5.0 5.0 5.0 5.0 5.0 5.0 5.0 5.0 5.0 5.0 5.0 5.0 5.0 5.0 5.0 5.0 5.0 5.0 4.0 4.0 4.0 4.0 4.0 4.0 4.0 4.0 4.0 4.0 4.0 4.0 4.0 4.0 4.0 4.0 4.0 4.0 4.0 4.0 4.0 4.0 4.0 4.0 4.0 4.0 4.0 4.0 4.0 4.0 4.0 4.0 4.0 4.0 4.0 4.0 4.0 4.0 4.0 4.0 4.0 4.0 4.0 4.0 4.0 4.0 4.0 4.0 4.0 4.0 4.0 4.0 4.0 4.0 4.0 4.0 4.0 4.0 4.0 4.0 4.0 4.0 4.0 4.0 4.0 4.0 4.0 4.0 4.0 4.0 4.0 4.0 4.0 7.0 7.0 7.0 7.0 7.0 7.0 3.0 3.0 3.0 3.0 3.0 4.0 4.0 4.0 4.0 4.0 4.0 3.0 3.0 3.0 4.0 4.0 4.0 3.0 3.0 3.0 3.0 3.0 3.0 3.0 4.0 4.0 4.0 4.0 4.0 4.0 4.0 4.0 4.0 4.0 4.0 4.0 4.0 4.0 4.0 4.0 4.0 4.0 4.0 4.0 4.0 4.0 4.0 4.0 4.0 4.0 4.0 4.0 3.0 32.0 32.0 32.0 32.0 4.0 3.0 3.0 3.0 3.0 3.0 3.0 4.0 4.0 4.0 4.0 4.0 4.0 4.0 4.0 4.0 4.0 4.0 4.0 4.0 4.0 4.0 4.0 4.0 4.0 4.0 4.0 4.0 4.0 4.0 4.0 4.0 4.0 4.0 4.0 4.0 4.0 4.0 5.0 5.0 5.0 5.0 5.0 3.0 3.0 3.0 4.0 4.0 4.0 4.0 4.0 4.0 4.0 4.0 4.0 4.0 4.0 4.0 4.0 4.0 4.0 4.0 4.0 4.0 4.0 4.0 4.0 4.0 4.0 4.0 4.0 4.0 4.0 4.0 4.0 4.0 4.0 4.0 4.0 4.0 4.0 4.0 4.0 4.0 4.529616724738676 3.3352840632630287
6 351.0 351.0 409.0 351.0 443.0 337.0 407.0 341.0 341.0 341.0 341.0 341.0 348.0 349.0 346.0 334.0 334.0 374.0 370.0 340.0 340.0 340.0 356.0 351.0 351.0 397.0 350.0 368.0 350.0 370.0 350.0 350.0 350.0 348.0 344.0 344.0 344.0 351.0 358.0 358.0 644.0 348.0 505.0 338.0 352.0 352.0 352.0 352.0 339.0 331.0 326.0 326.0 332.0 332.0 586.0 352.0 351.0 254.0 379.0 357.0 363.0 438.0 340.0 343.0 343.0 368.0 328.0 356.0 358.0 358.0 511.0 357.0 353.0 353.0 339.0 332.0 308.0 313.0 356.0 363.0 363.0 344.0 346.0 349.0 340.0 337.0 345.0 354.0 354.0 338.0 338.0 447.0 367.0 332.0 350.0 352.0 344.0 355.0 349.0 351.0 351.0 398.0 383.0 335.0 361.0 337.0 329.0 329.0 346.0 343.0 362.0 375.0 360.0 351.0 340.0 339.0 323.0 329.0 356.0 338.0 336.0 317.0 411.0 334.0 354.0 353.0 351.0 297.0 287.0 413.0 348.0 318.0 332.0 340.0 376.0 320.0 333.0 342.0 339.0 341.0 341.0 414.0 355.0 304.0 304.0 353.0 300.0 297.0 332.0 337.0 349.0 388.0 323.0 312.0 321.0 308.0 337.0 329.0 291.0 294.0 296.0 291.0 331.0 338.0 314.0 289.0 336.0 354.0 311.0 335.0 389.0 332.0 351.0 351.0 364.0 348.0 293.0 335.0 336.0 348.0 340.0 321.0 331.0 348.0 329.0 314.0 277.0 342.0 367.0 360.0 350.0 350.0 366.0 366.0 366.0 366.0 340.0 339.0 306.0 305.0 338.0 335.0 335.0 347.0 321.0 356.0 364.0 329.0 352.0 359.0 342.0 345.0 359.0 366.0 366.0 339.0 337.0 343.0 336.0 360.0 373.0 363.0 337.0 337.0 336.0 360.0 345.0 332.0 326.0 337.0 350.0 373.0 349.0 356.0 352.0 456.0 307.0 374.0 356.0 323.0 338.0 383.0 352.0 416.0 364.0 361.0 311.0 302.0 338.0 353.0 346.0 351.0 353.0 356.0 325.0 340.0 360.0 397.0 416.0 416.0 416.0 329.0 317.0 512.0 298.0 353.0 334.0 330.0 330.0 351.0 360.0 360.0 353.0 357.0 356.0 360.0 348.0 338.0 348.0 360.0 359.0 366.0 366.0 330.0 330.0 330.0 353.0 350.16027874564463 38.261459144497934
7 607.0 476.0 476.0 476.0 503.0 495.0 476.0 467.0 498.0 498.0 498.0 485.0 446.0 510.0 505.0 449.0 425.0 479.0 526.0 501.0 478.0 476.0 476.0 505.0 503.0 501.0 515.0 481.0 497.0 513.0 515.0 484.0 712.0 476.0 497.0 493.0 493.0 485.0 509.0 502.0 500.0 462.0 479.0 462.0 481.0 488.0 500.0 500.0 500.0 488.0 476.0 510.0 510.0 474.0 1302.0 510.0 482.0 489.0 448.0 448.0 507.0 513.0 478.0 494.0 473.0 634.0 634.0 463.0 509.0 486.0 464.0 454.0 508.0 590.0 727.0 482.0 582.0 434.0 442.0 469.0 509.0 526.0 526.0 486.0 487.0 489.0 477.0 519.0 491.0 509.0 483.0 485.0 485.0 448.0 454.0 423.0 487.0 517.0 474.0 481.0 498.0 457.0 481.0 489.0 475.0 491.0 473.0 473.0 473.0 477.0 500.0 496.0 496.0 505.0 492.0 477.0 455.0 442.0 460.0 484.0 486.0 482.0 455.0 470.0 475.0 487.0 448.0 420.0 394.0 394.0 414.0 410.0 464.0 462.0 457.0 441.0 407.0 497.0 486.0 453.0 484.0 568.0 629.0 480.0 458.0 477.0 522.0 429.0 418.0 421.0 472.0 472.0 472.0 417.0 454.0 457.0 422.0 441.0 504.0 426.0 419.0 424.0 417.0 458.0 484.0 448.0 456.0 470.0 456.0 453.0 498.0 510.0 423.0 423.0 423.0 467.0 503.0 493.0 473.0 486.0 505.0 529.0 465.0 476.0 430.0 430.0 401.0 389.0 409.0 520.0 499.0 498.0 490.0 493.0 502.0 502.0 502.0 454.0 479.0 448.0 419.0 452.0 485.0 485.0 485.0 425.0 391.0 761.0 462.0 449.0 529.0 483.0 462.0 455.0 458.0 458.0 484.0 475.0 490.0 493.0 512.0 524.0 530.0 485.0 480.0 480.0 517.0 501.0 462.0 471.0 478.0 478.0 474.0 498.0 502.0 533.0 532.0 612.0 569.0 469.0 448.0 432.0 441.0 441.0 530.0 510.0 535.0 539.0 452.0 513.0 514.0 494.0 486.0 508.0 512.0 464.0 414.0 618.0 524.0 503.0 492.0 480.0 457.0 456.0 502.0 493.0 491.0 526.0 460.0 630.0 630.0 630.0 630.0 630.0 508.0 560.0 560.0 480.0 480.0 479.0 488.0 501.0 506.0 515.0 486.0 507.0 507.0 490.62369337979095 69.32500126431484
8 726.0 670.0 679.0 670.0 790.0 699.0 670.0 655.0 675.0 685.0 684.0 684.0 684.0 684.0 684.0 684.0 684.0 587.0 587.0 707.0 711.0 679.0 679.0 679.0 685.0 697.0 685.0 686.0 662.0 676.0 731.0 703.0 686.0 676.0 738.0 718.0 693.0 688.0 688.0 688.0 688.0 650.0 653.0 660.0 660.0 881.0 695.0 724.0 744.0 826.0 826.0 661.0 651.0 666.0 682.0 682.0 682.0 682.0 658.0 528.0 594.0 676.0 674.0 659.0 658.0 662.0 662.0 725.0 677.0 708.0 636.0 677.0 664.0 730.0 730.0 730.0 662.0 678.0 680.0 618.0 616.0 600.0 1051.0 694.0 715.0 657.0 724.0 658.0 651.0 653.0 675.0 686.0 679.0 654.0 675.0 674.0 656.0 631.0 647.0 665.0 689.0 587.0 566.0 593.0 593.0 665.0 663.0 665.0 760.0 654.0 655.0 669.0 623.0 674.0 650.0 650.0 670.0 609.0 596.0 595.0 641.0 688.0 658.0 634.0 665.0 659.0 659.0 764.0 729.0 544.0 538.0 555.0 568.0 708.0 651.0 651.0 697.0 557.0 557.0 700.0 598.0 630.0 611.0 679.0 625.0 717.0 638.0 717.0 672.0 576.0 570.0 569.0 676.0 700.0 671.0 655.0 649.0 666.0 654.0 644.0 584.0 572.0 549.0 568.0 543.0 739.0 611.0 615.0 668.0 638.0 628.0 648.0 691.0 680.0 679.0 650.0 650.0 669.0 669.0 670.0 647.0 701.0 693.0 697.0 787.0 912.0 588.0 615.0 1322.0 727.0 911.0 659.0 669.0 681.0 656.0 616.0 669.0 677.0 684.0 681.0 672.0 574.0 786.0 702.0 724.0 605.0 555.0 576.0 542.0 633.0 633.0 620.0 655.0 567.0 653.0 645.0 633.0 664.0 655.0 656.0 668.0 655.0 636.0 689.0 679.0 659.0 752.0 651.0 709.0 708.0 756.0 655.0 664.0 766.0 695.0 696.0 670.0 742.0 921.0 758.0 782.0 715.0 635.0 599.0 636.0 657.0 680.0 668.0 665.0 677.0 845.0 719.0 653.0 884.0 678.0 681.0 635.0 606.0 547.0 906.0 748.0 677.0 639.0 650.0 620.0 624.0 673.0 664.0 653.0 653.0 669.0 676.0 685.0 685.0 658.0 643.0 637.0 919.0 734.0 735.0 662.0 655.0 660.0 676.0 672.0 674.0 673.0 673.993031358885 76.5292116187572
9 977.0 1068.0 959.0 1013.0 976.0 1006.0 1009.0 995.0 989.0 976.0 1086.0 998.0 1001.0 991.0 1080.0 1080.0 1080.0 885.0 854.0 840.0 840.0 991.0 1020.0 991.0 1007.0 1007.0 993.0 998.0 994.0 997.0 1007.0 985.0 985.0 993.0 1011.0 991.0 985.0 1045.0 1020.0 1023.0 1025.0 1024.0 1024.0 1024.0 945.0 945.0 949.0 963.0 998.0 1032.0 1073.0 1120.0 1077.0 1005.0 956.0 953.0 975.0 1143.0 1143.0 1143.0 960.0 904.0 842.0 906.0 1059.0 995.0 1057.0 967.0 954.0 998.0 980.0 1006.0 957.0 946.0 923.0 970.0 1060.0 1346.0 1346.0 951.0 966.0 943.0 887.0 865.0 950.0 968.0 1003.0 945.0 934.0 946.0 953.0 944.0 953.0 1004.0 1038.0 984.0 977.0 969.0 956.0 980.0 946.0 942.0 984.0 1077.0 859.0 862.0 862.0 955.0 970.0 1030.0 961.0 958.0 1090.0 918.0 936.0 897.0 953.0 954.0 1003.0 874.0 871.0 879.0 904.0 926.0 929.0 956.0 955.0 944.0 958.0 990.0 854.0 801.0 770.0 778.0 839.0 1055.0 954.0 939.0 918.0 817.0 797.0 844.0 914.0 973.0 861.0 961.0 1014.0 1130.0 939.0 950.0 1009.0 840.0 832.0 831.0 889.0 980.0 965.0 873.0 925.0 924.0 930.0 945.0 886.0 856.0 858.0 861.0 841.0 825.0 893.0 872.0 880.0 951.0 922.0 890.0 942.0 1009.0 925.0 893.0 950.0 966.0 977.0 905.0 993.0 1009.0 995.0 872.0 959.0 909.0 900.0 823.0 787.0 781.0 822.0 915.0 974.0 947.0 971.0 957.0 972.0 986.0 981.0 986.0 1001.0 975.0 993.0 933.0 858.0 894.0 780.0 762.0 804.0 872.0 844.0 889.0 900.0 1014.0 991.0 953.0 995.0 1010.0 955.0 974.0 971.0 952.0 1022.0 981.0 999.0 980.0 957.0 957.0 985.0 1011.0 995.0 1025.0 959.0 1014.0 983.0 1010.0 1008.0 954.0 865.0 1215.0 1091.0 1010.0 868.0 844.0 845.0 950.0 949.0 975.0 988.0 967.0 1141.0 1141.0 954.0 941.0 957.0 977.0 923.0 847.0 836.0 832.0 1000.0 999.0 976.0 960.0 921.0 1101.0 921.0 925.0 922.0 933.0 953.0 983.0 991.0 1096.0 945.0 943.0 934.0 945.0 1080.0 1047.0 980.0 991.0 960.0 1044.0 973.0 959.5435540069687 80.71795853886242
10 416.0 389.0 507.0 513.0 513.0 613.0 553.0 508.0 498.0 498.0 594.0 508.0 508.0 670.0 527.0 493.0 513.0 513.0 513.0 513.0 513.0 513.0 513.0 513.0 521.0 541.0 523.0 523.0 523.0 523.0 510.0 521.0 513.0 513.0 547.0 486.0 534.0 512.0 513.0 513.0 534.0 547.0 530.0 530.0 530.0 530.0 530.0 481.0 485.0 485.0 485.0 558.0 511.0 562.0 543.0 587.0 496.0 491.0 485.0 494.0 494.0 494.0 494.0 382.0 466.0 553.0 570.0 519.0 487.0 487.0 487.0 504.0 480.0 503.0 484.0 488.0 481.0 513.0 567.0 521.0 521.0 521.0 679.0 496.0 469.0 452.0 453.0 483.0 483.0 478.0 501.0 477.0 475.0 492.0 492.0 482.0 541.0 497.0 488.0 488.0 467.0 506.0 445.0 517.0 513.0 513.0 513.0 555.0 442.0 761.0 522.0 492.0 526.0 490.0 496.0 480.0 540.0 466.0 564.0 589.0 476.0 529.0 461.0 437.0 447.0 457.0 482.0 496.0 470.0 473.0 530.0 487.0 447.0 434.0 401.0 426.0 448.0 489.0 817.0 573.0 480.0 401.0 436.0 496.0 508.0 508.0 515.0 484.0 528.0 463.0 600.0 519.0 522.0 460.0 431.0 436.0 615.0 512.0 511.0 510.0 484.0 483.0 474.0 484.0 511.0 420.0 429.0 458.0 421.0 440.0 507.0 511.0 482.0 490.0 479.0 457.0 478.0 456.0 455.0 605.0 521.0 500.0 507.0 540.0 495.0 476.0 577.0 527.0 516.0 471.0 458.0 454.0 393.0 427.0 456.0 412.0 541.0 568.0 506.0 500.0 495.0 552.0 447.0 447.0 513.0 484.0 507.0 507.0 481.0 438.0 492.0 403.0 406.0 488.0 456.0 439.0 514.0 495.0 540.0 512.0 494.0 466.0 515.0 520.0 555.0 551.0 517.0 624.0 541.0 552.0 498.0 484.0 483.0 644.0 574.0 559.0 550.0 483.0 541.0 534.0 532.0 500.0 421.0 413.0 492.0 602.0 450.0 432.0 486.0 495.0 529.0 521.0 629.0 494.0 516.0 516.0 516.0 529.0 505.0 513.0 518.0 440.0 426.0 507.0 507.0 521.0 492.0 523.0 503.0 555.0 555.0 478.0 487.0 474.0 487.0 514.0 501.0 497.0 497.0 514.0 496.0 492.0 492.0 587.0 530.0 544.0 490.0 503.7073170731707 51.12563076479755
11 657.0 529.0 485.0 553.0 715.0 659.0 659.0 725.0 684.0 663.0 721.0 656.0 663.0 662.0 662.0 677.0 663.0 657.0 666.0 666.0 602.0 602.0 602.0 570.0 570.0 570.0 667.0 672.0 665.0 665.0 665.0 669.0 666.0 667.0 665.0 662.0 685.0 663.0 675.0 671.0 652.0 652.0 698.0 732.0 665.0 669.0 662.0 662.0 631.0 633.0 631.0 631.0 631.0 681.0 668.0 729.0 680.0 695.0 652.0 635.0 649.0 662.0 662.0 662.0 529.0 566.0 643.0 664.0 696.0 662.0 650.0 650.0 650.0 638.0 634.0 646.0 639.0 652.0 753.0 672.0 703.0 706.0 705.0 641.0 701.0 603.0 585.0 562.0 632.0 635.0 638.0 635.0 631.0 623.0 632.0 632.0 636.0 650.0 705.0 663.0 644.0 722.0 647.0 584.0 634.0 673.0 634.0 619.0 662.0 653.0 569.0 629.0 643.0 645.0 655.0 646.0 644.0 631.0 584.0 579.0 643.0 638.0 635.0 651.0 580.0 578.0 600.0 605.0 627.0 642.0 610.0 629.0 656.0 639.0 562.0 559.0 558.0 564.0 622.0 588.0 706.0 640.0 588.0 539.0 708.0 657.0 673.0 631.0 668.0 644.0 649.0 632.0 695.0 699.0 687.0 561.0 561.0 568.0 690.0 665.0 711.0 661.0 667.0 615.0 633.0 634.0 570.0 544.0 585.0 539.0 519.0 664.0 696.0 652.0 637.0 644.0 594.0 558.0 594.0 596.0 630.0 666.0 640.0 659.0 633.0 690.0 633.0 590.0 538.0 682.0 648.0 611.0 589.0 531.0 535.0 596.0 584.0 543.0 672.0 660.0 727.0 667.0 676.0 676.0 676.0 676.0 660.0 649.0 649.0 649.0 568.0 584.0 522.0 510.0 562.0 558.0 560.0 597.0 706.0 715.0 690.0 656.0 663.0 639.0 656.0 646.0 698.0 778.0 682.0 660.0 655.0 677.0 653.0 637.0 635.0 729.0 759.0 709.0 674.0 644.0 667.0 683.0 677.0 644.0 571.0 571.0 687.0 595.0 607.0 655.0 687.0 687.0 687.0 687.0 680.0 667.0 637.0 852.0 666.0 631.0 629.0 654.0 617.0 557.0 572.0 1171.0 669.0 647.0 630.0 642.0 658.0 667.0 640.0 758.0 634.0 637.0 646.0 669.0 667.0 666.0 666.0 660.0 628.0 662.0 662.0 740.0 722.0 644.609756097561 58.87881036570086
12 6.0 6.0 6.0 6.0 6.0 8.0 8.0 8.0 8.0 8.0 8.0 8.0 8.0 8.0 8.0 8.0 8.0 8.0 8.0 8.0 8.0 8.0 8.0 8.0 8.0 8.0 8.0 8.0 8.0 8.0 8.0 8.0 8.0 8.0 8.0 8.0 8.0 8.0 8.0 8.0 8.0 8.0 8.0 8.0 8.0 8.0 8.0 8.0 8.0 8.0 8.0 8.0 8.0 8.0 8.0 8.0 8.0 8.0 8.0 8.0 8.0 8.0 8.0 8.0 8.0 8.0 8.0 8.0 8.0 8.0 8.0 8.0 8.0 8.0 8.0 8.0 8.0 8.0 8.0 8.0 9.0 9.0 9.0 9.0 9.0 9.0 8.0 7.0 7.0 7.0 7.0 7.0 7.0 7.0 7.0 7.0 8.0 8.0 8.0 8.0 8.0 8.0 8.0 8.0 8.0 8.0 8.0 8.0 8.0 8.0 8.0 7.0 7.0 7.0 7.0 7.0 8.0 8.0 8.0 8.0 8.0 8.0 8.0 8.0 8.0 8.0 7.0 7.0 7.0 7.0 8.0 8.0 8.0 8.0 8.0 8.0 8.0 8.0 7.0 8.0 8.0 8.0 8.0 8.0 8.0 8.0 8.0 8.0 8.0 6.0 8.0 7.0 7.0 7.0 7.0 7.0 7.0 7.0 7.0 7.0 7.0 7.0 7.0 7.0 7.0 7.0 8.0 8.0 7.0 8.0 6.0 6.0 6.0 6.0 6.0 6.0 6.0 6.0 6.0 6.0 7.0 7.0 7.0 8.0 8.0 8.0 8.0 8.0 7.0 7.0 7.0 7.0 7.0 7.0 7.0 6.0 8.0 7.0 7.0 7.0 7.0 7.0 7.0 7.0 7.0 7.0 7.0 7.0 7.0 7.0 7.0 7.0 7.0 7.0 7.0 7.0 7.0 6.0 6.0 6.0 6.0 6.0 6.0 8.0 8.0 8.0 8.0 8.0 8.0 8.0 8.0 8.0 8.0 8.0 8.0 8.0 8.0 8.0 8.0 8.0 8.0 8.0 8.0 8.0 8.0 8.0 8.0 8.0 8.0 8.0 8.0 8.0 8.0 8.0 8.0 8.0 8.0 8.0 8.0 8.0 8.0 8.0 8.0 8.0 7.0 7.0 7.0 7.0 7.0 7.0 7.0 8.0 8.0 8.0 8.0 8.0 7.0 7.0 8.0 8.0 8.0 8.0 8.0 8.0 8.0 8.0 8.0 7.602787456445992 0.6656343786163356
13 92.0 92.0 92.0 71.0 102.0 95.0 95.0 95.0 95.0 95.0 99.0 98.0 98.0 98.0 98.0 98.0 98.0 98.0 98.0 98.0 98.0 98.0 98.0 98.0 98.0 98.0 98.0 98.0 98.0 98.0 98.0 98.0 98.0 98.0 98.0 99.0 99.0 99.0 99.0 99.0 98.0 98.0 98.0 98.0 98.0 100.0 99.0 99.0 99.0 99.0 95.0 104.0 104.0 104.0 104.0 99.0 99.0 105.0 104.0 104.0 94.0 94.0 94.0 94.0 94.0 94.0 95.0 95.0 95.0 93.0 94.0 94.0 94.0 94.0 94.0 96.0 96.0 99.0 88.0 88.0 106.0 105.0 106.0 106.0 106.0 106.0 106.0 87.0 99.0 99.0 94.0 94.0 94.0 94.0 96.0 88.0 94.0 94.0 96.0 96.0 99.0 127.0 102.0 94.0 150.0 81.0 98.0 98.0 98.0 98.0 85.0 86.0 86.0 96.0 96.0 98.0 99.0 96.0 94.0 94.0 78.0 89.0 94.0 94.0 94.0 94.0 87.0 95.0 89.0 87.0 98.0 83.0 95.0 95.0 94.0 94.0 88.0 94.0 84.0 86.0 86.0 180.0 95.0 94.0 94.0 94.0 94.0 107.0 107.0 77.0 103.0 108.0 92.0 99.0 106.0 106.0 103.0 83.0 100.0 96.0 97.0 97.0 99.0 89.0 96.0 85.0 94.0 95.0 87.0 98.0 78.0 96.0 94.0 114.0 99.0 92.0 115.0 80.0 84.0 99.0 89.0 97.0 90.0 95.0 103.0 103.0 96.0 99.0 82.0 82.0 82.0 97.0 90.0 102.0 102.0 76.0 94.0 84.0 96.0 104.0 95.0 95.0 102.0 102.0 102.0 102.0 102.0 102.0 96.0 96.0 96.0 80.0 89.0 98.0 91.0 98.0 98.0 78.0 99.0 97.0 98.0 115.0 94.0 96.0 91.0 91.0 95.0 94.0 94.0 99.0 99.0 94.0 96.0 99.0 96.0 96.0 96.0 96.0 104.0 100.0 96.0 96.0 96.0 104.0 96.0 96.0 96.0 96.0 94.0 85.0 117.0 103.0 103.0 103.0 103.0 103.0 106.0 106.0 98.0 98.0 98.0 91.0 98.0 97.0 82.0 82.0 82.0 82.0 82.0 82.0 94.0 94.0 99.0 99.0 97.0 93.0 107.0 107.0 99.0 99.0 99.0 99.0 99.0 102.0 102.0 102.0 102.0 96.55052264808363 9.130180763535577
14 597.0 597.0 580.0 452.0 456.0 607.0 616.0 608.0 649.0 649.0 636.0 622.0 616.0 611.0 604.0 604.0 604.0 626.0 615.0 611.0 620.0 620.0 620.0 620.0 620.0 620.0 620.0 620.0 623.0 618.0 617.0 617.0 635.0 610.0 619.0 620.0 622.0 618.0 619.0 621.0 621.0 619.0 619.0 722.0 598.0 606.0 606.0 618.0 618.0 618.0 625.0 601.0 593.0 593.0 593.0 623.0 623.0 620.0 669.0 671.0 631.0 631.0 631.0 779.0 613.0 599.0 591.0 592.0 589.0 575.0 583.0 592.0 592.0 575.0 527.0 524.0 599.0 623.0 610.0 591.0 553.0 666.0 661.0 664.0 654.0 654.0 654.0 621.0 538.0 522.0 536.0 587.0 587.0 577.0 671.0 600.0 582.0 584.0 590.0 576.0 653.0 559.0 558.0 560.0 615.0 635.0 621.0 671.0 661.0 973.0 588.0 600.0 541.0 556.0 598.0 595.0 612.0 620.0 617.0 607.0 593.0 578.0 557.0 584.0 606.0 606.0 545.0 538.0 544.0 535.0 548.0 589.0 586.0 568.0 575.0 572.0 527.0 498.0 482.0 539.0 579.0 614.0 611.0 620.0 599.0 590.0 593.0 629.0 614.0 587.0 515.0 715.0 787.0 796.0 528.0 657.0 652.0 524.0 517.0 549.0 608.0 610.0 619.0 585.0 561.0 495.0 565.0 589.0 570.0 542.0 523.0 579.0 569.0 686.0 629.0 611.0 589.0 536.0 502.0 532.0 551.0 552.0 571.0 608.0 596.0 615.0 643.0 621.0 627.0 524.0 532.0 617.0 605.0 597.0 629.0 499.0 497.0 544.0 468.0 471.0 556.0 618.0 603.0 554.0 641.0 641.0 641.0 641.0 641.0 604.0 612.0 612.0 518.0 969.0 906.0 637.0 649.0 535.0 515.0 515.0 603.0 603.0 587.0 604.0 595.0 573.0 579.0 598.0 599.0 626.0 601.0 591.0 601.0 624.0 630.0 599.0 599.0 599.0 636.0 626.0 635.0 646.0 619.0 643.0 645.0 625.0 520.0 516.0 621.0 571.0 534.0 573.0 699.0 708.0 708.0 708.0 708.0 594.0 635.0 622.0 624.0 593.0 594.0 610.0 590.0 536.0 528.0 528.0 587.0 560.0 545.0 589.0 602.0 618.0 627.0 605.0 610.0 604.0 588.0 601.0 625.0 628.0 628.0 596.0 593.0 587.0 587.0 602.390243902439 60.39115773404072
15 389.0 393.0 393.0 393.0 405.0 343.0 358.0 409.0 404.0 394.0 394.0 394.0 394.0 411.0 404.0 399.0 399.0 399.0 399.0 405.0 398.0 404.0 404.0 404.0 404.0 404.0 404.0 404.0 404.0 404.0 368.0 409.0 425.0 425.0 392.0 387.0 403.0 405.0 405.0 405.0 407.0 404.0 403.0 406.0 403.0 387.0 384.0 384.0 384.0 404.0 403.0 403.0 386.0 389.0 389.0 389.0 389.0 389.0 405.0 407.0 399.0 395.0 395.0 395.0 395.0 390.0 384.0 384.0 384.0 387.0 387.0 378.0 386.0 386.0 385.0 352.0 338.0 338.0 338.0 404.0 345.0 370.0 370.0 429.0 419.0 433.0 429.0 429.0 339.0 362.0 340.0 340.0 340.0 384.0 384.0 384.0 385.0 387.0 377.0 384.0 383.0 383.0 350.0 363.0 363.0 366.0 370.0 370.0 361.0 403.0 405.0 407.0 383.0 387.0 401.0 366.0 387.0 390.0 403.0 405.0 357.0 526.0 2348.0 2348.0 363.0 395.0 391.0 391.0 357.0 348.0 343.0 357.0 370.0 386.0 383.0 372.0 363.0 411.0 348.0 308.0 343.0 358.0 395.0 402.0 402.0 388.0 360.0 330.0 403.0 390.0 390.0 343.0 361.0 383.0 463.0 453.0 453.0 377.0 411.0 333.0 344.0 392.0 397.0 385.0 347.0 356.0 358.0 329.0 384.0 385.0 384.0 395.0 381.0 371.0 370.0 394.0 412.0 389.0 320.0 318.0 344.0 381.0 360.0 365.0 405.0 384.0 399.0 414.0 391.0 403.0 377.0 342.0 356.0 403.0 396.0 407.0 341.0 320.0 378.0 323.0 315.0 335.0 419.0 332.0 393.0 408.0 427.0 427.0 427.0 427.0 403.0 535.0 570.0 570.0 619.0 522.0 407.0 399.0 399.0 312.0 329.0 388.0 407.0 407.0 384.0 386.0 375.0 373.0 384.0 393.0 395.0 387.0 379.0 403.0 386.0 395.0 406.0 406.0 353.0 341.0 360.0 411.0 414.0 401.0 401.0 425.0 427.0 427.0 332.0 404.0 400.0 356.0 357.0 454.0 453.0 475.0 475.0 475.0 475.0 406.0 389.0 404.0 403.0 377.0 384.0 411.0 342.0 338.0 408.0 408.0 408.0 368.0 372.0 383.0 399.0 402.0 402.0 397.0 390.0 360.0 381.0 382.0 406.0 407.0 407.0 377.0 379.0 404.06271777003485 167.46922137715876
16 144.0 135.0 137.0 137.0 137.0 141.0 117.0 140.0 142.0 135.0 135.0 135.0 135.0 135.0 143.0 137.0 137.0 137.0 137.0 137.0 141.0 139.0 141.0 141.0 141.0 141.0 141.0 141.0 141.0 141.0 141.0 141.0 140.0 140.0 140.0 138.0 138.0 142.0 140.0 140.0 140.0 142.0 140.0 140.0 141.0 141.0 131.0 135.0 135.0 135.0 140.0 140.0 140.0 133.0 133.0 133.0 133.0 133.0 133.0 141.0 141.0 140.0 153.0 153.0 153.0 153.0 136.0 136.0 136.0 136.0 136.0 136.0 133.0 133.0 133.0 133.0 161.0 161.0 161.0 161.0 161.0 142.0 124.0 124.0 124.0 146.0 152.0 152.0 152.0 152.0 119.0 125.0 122.0 122.0 122.0 133.0 133.0 134.0 133.0 131.0 134.0 124.0 124.0 124.0 126.0 126.0 126.0 127.0 127.0 127.0 140.0 140.0 111.0 134.0 134.0 126.0 126.0 135.0 135.0 140.0 141.0 129.0 129.0 129.0 129.0 127.0 137.0 137.0 137.0 122.0 133.0 119.0 128.0 122.0 132.0 133.0 136.0 123.0 135.0 132.0 116.0 113.0 132.0 136.0 136.0 136.0 136.0 123.0 123.0 123.0 147.0 147.0 143.0 179.0 224.0 252.0 147.0 150.0 142.0 152.0 115.0 141.0 135.0 145.0 132.0 132.0 125.0 125.0 113.0 134.0 135.0 136.0 136.0 134.0 127.0 129.0 135.0 146.0 139.0 110.0 124.0 114.0 114.0 124.0 143.0 143.0 117.0 136.0 180.0 180.0 137.0 135.0 135.0 135.0 135.0 139.0 145.0 118.0 108.0 139.0 106.0 118.0 115.0 150.0 130.0 136.0 140.0 140.0 140.0 140.0 140.0 140.0 162.0 162.0 162.0 162.0 122.0 138.0 138.0 138.0 103.0 136.0 147.0 147.0 147.0 147.0 137.0 139.0 128.0 134.0 139.0 139.0 139.0 139.0 139.0 136.0 140.0 139.0 139.0 119.0 119.0 119.0 148.0 141.0 142.0 142.0 145.0 148.0 148.0 148.0 140.0 140.0 131.0 127.0 127.0 157.0 157.0 157.0 198.0 198.0 135.0 135.0 141.0 141.0 133.0 135.0 138.0 116.0 124.0 124.0 142.0 142.0 124.0 124.0 133.0 142.0 142.0 142.0 138.0 138.0 125.0 131.0 131.0 142.0 142.0 142.0 137.0 137.38327526132403 14.99765013310003
17 540.0 519.0 504.0 498.0 543.0 520.0 427.0 433.0 512.0 535.0 516.0 521.0 521.0 521.0 515.0 518.0 507.0 505.0 505.0 505.0 505.0 504.0 508.0 412.0 402.0 402.0 402.0 402.0 402.0 402.0 402.0 464.0 473.0 473.0 515.0 513.0 494.0 490.0 516.0 516.0 516.0 654.0 504.0 512.0 515.0 515.0 515.0 648.0 515.0 500.0 515.0 515.0 517.0 517.0 490.0 495.0 495.0 495.0 495.0 515.0 519.0 520.0 524.0 510.0 510.0 462.0 486.0 504.0 496.0 496.0 494.0 496.0 531.0 488.0 513.0 494.0 595.0 491.0 521.0 521.0 521.0 508.0 509.0 497.0 415.0 437.0 528.0 489.0 501.0 456.0 443.0 439.0 424.0 424.0 519.0 496.0 487.0 646.0 579.0 489.0 483.0 490.0 507.0 495.0 462.0 443.0 443.0 503.0 485.0 474.0 503.0 513.0 472.0 502.0 511.0 482.0 464.0 506.0 494.0 498.0 531.0 505.0 481.0 498.0 590.0 484.0 461.0 499.0 493.0 448.0 454.0 438.0 443.0 465.0 500.0 502.0 504.0 490.0 485.0 454.0 403.0 411.0 516.0 470.0 498.0 494.0 475.0 495.0 483.0 432.0 591.0 879.0 528.0 1057.0 618.0 633.0 853.0 532.0 523.0 504.0 483.0 432.0 511.0 504.0 511.0 524.0 497.0 493.0 460.0 437.0 494.0 498.0 522.0 499.0 490.0 474.0 476.0 499.0 493.0 480.0 422.0 416.0 440.0 473.0 461.0 479.0 530.0 493.0 464.0 444.0 439.0 518.0 497.0 495.0 455.0 477.0 515.0 477.0 427.0 447.0 407.0 384.0 434.0 425.0 460.0 502.0 516.0 502.0 534.0 548.0 548.0 552.0 502.0 533.0 528.0 528.0 498.0 451.0 481.0 517.0 427.0 424.0 424.0 517.0 515.0 515.0 431.0 505.0 507.0 502.0 496.0 502.0 510.0 472.0 487.0 498.0 498.0 523.0 523.0 436.0 455.0 487.0 448.0 499.0 514.0 532.0 500.0 517.0 529.0 432.0 471.0 455.0 508.0 441.0 465.0 515.0 573.0 623.0 540.0 438.0 447.0 496.0 501.0 507.0 503.0 490.0 500.0 506.0 426.0 459.0 520.0 1378.0 455.0 451.0 490.0 509.0 514.0 520.0 502.0 539.0 515.0 479.0 484.0 498.0 520.0 515.0 637.0 500.50174216027875 81.28409449537644
18 286.0 286.0 290.0 284.0 290.0 310.0 310.0 246.0 256.0 295.0 318.0 303.0 291.0 291.0 291.0 291.0 292.0 296.0 296.0 296.0 296.0 296.0 295.0 293.0 252.0 231.0 231.0 231.0 231.0 231.0 231.0 231.0 231.0 265.0 265.0 291.0 297.0 283.0 283.0 295.0 295.0 295.0 295.0 281.0 292.0 295.0 295.0 314.0 289.0 291.0 286.0 286.0 295.0 295.0 295.0 286.0 282.0 282.0 282.0 282.0 282.0 299.0 296.0 310.0 315.0 315.0 268.0 268.0 282.0 282.0 256.0 256.0 283.0 283.0 273.0 273.0 285.0 284.0 301.0 248.0 248.0 244.0 242.0 296.0 279.0 241.0 241.0 308.0 274.0 304.0 304.0 379.0 233.0 251.0 261.0 261.0 288.0 275.0 275.0 282.0 281.0 272.0 282.0 282.0 283.0 254.0 269.0 269.0 296.0 285.0 252.0 280.0 289.0 289.0 296.0 292.0 287.0 287.0 287.0 282.0 282.0 308.0 296.0 263.0 281.0 281.0 282.0 268.0 288.0 281.0 292.0 259.0 263.0 248.0 270.0 276.0 284.0 287.0 276.0 275.0 280.0 249.0 251.0 291.0 277.0 280.0 248.0 249.0 282.0 247.0 260.0 260.0 281.0 291.0 298.0 256.0 274.0 248.0 280.0 258.0 298.0 301.0 250.0 299.0 291.0 281.0 291.0 288.0 285.0 259.0 247.0 282.0 288.0 287.0 289.0 284.0 273.0 257.0 283.0 310.0 284.0 249.0 248.0 256.0 282.0 262.0 265.0 304.0 304.0 282.0 248.0 297.0 333.0 288.0 283.0 283.0 283.0 261.0 301.0 253.0 240.0 256.0 230.0 250.0 248.0 265.0 293.0 305.0 327.0 296.0 296.0 296.0 296.0 284.0 332.0 342.0 342.0 342.0 257.0 264.0 288.0 271.0 239.0 244.0 293.0 302.0 302.0 302.0 275.0 288.0 282.0 282.0 284.0 278.0 281.0 290.0 297.0 297.0 243.0 301.0 275.0 249.0 288.0 263.0 281.0 300.0 305.0 305.0 275.0 300.0 295.0 252.0 261.0 294.0 263.0 256.0 256.0 295.0 377.0 397.0 250.0 250.0 291.0 287.0 290.0 287.0 268.0 286.0 286.0 235.0 268.0 298.0 268.0 261.0 261.0 261.0 279.0 298.0 298.0 298.0 296.0 295.0 264.0 286.0 278.0 296.0 299.0 280.4843205574913 23.974613572544346
19 331.0 377.0 377.0 396.0 383.0 385.0 393.0 360.0 360.0 360.0 388.0 391.0 383.0 384.0 384.0 384.0 384.0 383.0 388.0 388.0 388.0 388.0 388.0 392.0 385.0 320.0 292.0 466.0 390.0 390.0 390.0 390.0 362.0 362.0 359.0 358.0 382.0 390.0 369.0 372.0 392.0 373.0 392.0 392.0 377.0 377.0 389.0 389.0 388.0 384.0 383.0 380.0 380.0 388.0 388.0 388.0 369.0 371.0 371.0 371.0 371.0 371.0 388.0 390.0 390.0 387.0 385.0 385.0 413.0 376.0 363.0 377.0 369.0 369.0 377.0 359.0 453.0 374.0 372.0 319.0 381.0 366.0 317.0 317.0 371.0 370.0 369.0 369.0 334.0 341.0 408.0 408.0 408.0 323.0 329.0 429.0 383.0 377.0 367.0 362.0 377.0 371.0 343.0 370.0 367.0 377.0 340.0 353.0 380.0 375.0 375.0 332.0 356.0 382.0 389.0 349.0 328.0 373.0 328.0 362.0 370.0 380.0 401.0 392.0 366.0 370.0 373.0 366.0 360.0 373.0 371.0 379.0 347.0 342.0 325.0 353.0 356.0 365.0 391.0 352.0 369.0 346.0 300.0 302.0 371.0 402.0 362.0 317.0 338.0 357.0 329.0 346.0 369.0 373.0 376.0 393.0 319.0 327.0 433.0 330.0 330.0 344.0 349.0 341.0 386.0 385.0 385.0 384.0 378.0 383.0 342.0 326.0 379.0 366.0 373.0 373.0 384.0 376.0 359.0 349.0 380.0 371.0 336.0 328.0 333.0 370.0 343.0 348.0 371.0 390.0 372.0 333.0 333.0 343.0 356.0 394.0 392.0 317.0 356.0 386.0 334.0 317.0 318.0 355.0 391.0 430.0 395.0 390.0 386.0 387.0 380.0 400.0 400.0 337.0 365.0 416.0 382.0 380.0 352.0 333.0 353.0 379.0 352.0 309.0 357.0 387.0 393.0 362.0 362.0 366.0 381.0 375.0 370.0 362.0 369.0 368.0 392.0 388.0 388.0 329.0 394.0 392.0 354.0 348.0 344.0 374.0 401.0 402.0 409.0 377.0 389.0 374.0 340.0 343.0 385.0 353.0 365.0 359.0 389.0 434.0 504.0 329.0 329.0 375.0 375.0 377.0 380.0 352.0 371.0 373.0 306.0 345.0 393.0 357.0 369.0 344.0 344.0 368.0 375.0 390.0 392.0 382.0 391.0 343.0 367.0 362.0 368.0 369.3728222996516 26.64327333558595
20 7.0 7.0 7.0 7.0 7.0 7.0 9.0 9.0 9.0 9.0 9.0 9.0 8.0 8.0 8.0 8.0 8.0 8.0 8.0 8.0 8.0 8.0 8.0 8.0 8.0 8.0 6.0 6.0 9.0 9.0 9.0 9.0 9.0 9.0 9.0 9.0 9.0 9.0 9.0 9.0 9.0 7.0 7.0 7.0 7.0 7.0 7.0 7.0 7.0 7.0 7.0 7.0 7.0 7.0 9.0 9.0 9.0 9.0 9.0 9.0 9.0 9.0 9.0 9.0 9.0 9.0 9.0 9.0 9.0 9.0 8.0 8.0 8.0 8.0 8.0 8.0 8.0 8.0 8.0 8.0 8.0 8.0 8.0 8.0 8.0 8.0 8.0 8.0 8.0 9.0 9.0 9.0 9.0 9.0 6.0 6.0 6.0 6.0 6.0 6.0 6.0 6.0 6.0 6.0 8.0 8.0 8.0 8.0 8.0 8.0 8.0 8.0 8.0 8.0 9.0 8.0 8.0 8.0 8.0 8.0 8.0 8.0 8.0 8.0 8.0 8.0 8.0 8.0 8.0 7.0 8.0 8.0 8.0 7.0 8.0 8.0 8.0 8.0 8.0 8.0 8.0 8.0 8.0 7.0 7.0 7.0 8.0 8.0 8.0 7.0 7.0 7.0 7.0 7.0 7.0 7.0 7.0 8.0 7.0 7.0 7.0 7.0 7.0 10.0 9.0 9.0 9.0 9.0 9.0 9.0 9.0 7.0 7.0 8.0 8.0 8.0 8.0 8.0 8.0 8.0 8.0 8.0 8.0 8.0 8.0 8.0 8.0 7.0 7.0 7.0 7.0 7.0 7.0 8.0 8.0 8.0 9.0 9.0 9.0 9.0 9.0 7.0 7.0 10.0 10.0 8.0 8.0 8.0 9.0 9.0 9.0 9.0 9.0 9.0 9.0 24.0 24.0 9.0 9.0 9.0 7.0 7.0 7.0 7.0 7.0 7.0 7.0 7.0 7.0 7.0 7.0 7.0 7.0 7.0 7.0 7.0 7.0 9.0 9.0 9.0 9.0 9.0 9.0 9.0 7.0 8.0 8.0 8.0 8.0 8.0 8.0 8.0 8.0 8.0 8.0 8.0 8.0 8.0 8.0 8.0 8.0 8.0 7.0 7.0 7.0 7.0 7.0 7.0 7.0 7.0 7.0 7.0 9.0 9.0 9.0 9.0 9.0 9.0 9.0 9.0 9.0 9.0 9.0 9.0 9.0 9.0 9.0 8.08362369337979 1.5976304912493176
21 176.0 176.0 199.0 199.0 207.0 197.0 199.0 202.0 189.0 189.0 189.0 201.0 199.0 200.0 201.0 201.0 201.0 201.0 201.0 205.0 205.0 205.0 205.0 205.0 205.0 201.0 159.0 159.0 206.0 253.0 253.0 253.0 253.0 253.0 253.0 253.0 253.0 206.0 206.0 195.0 195.0 157.0 168.0 168.0 168.0 199.0 200.0 207.0 207.0 207.0 199.0 202.0 202.0 202.0 199.0 205.0 205.0 205.0 198.0 198.0 198.0 198.0 198.0 212.0 206.0 206.0 205.0 202.0 202.0 202.0 208.0 188.0 188.0 188.0 195.0 195.0 191.0 167.0 197.0 197.0 179.0 196.0 197.0 197.0 197.0 202.0 197.0 195.0 195.0 166.0 187.0 218.0 218.0 218.0 166.0 207.0 210.0 239.0 258.0 192.0 192.0 195.0 201.0 182.0 197.0 203.0 199.0 173.0 195.0 195.0 195.0 200.0 172.0 193.0 200.0 208.0 185.0 204.0 204.0 204.0 204.0 198.0 195.0 205.0 201.0 196.0 194.0 211.0 196.0 175.0 199.0 196.0 205.0 178.0 201.0 170.0 187.0 191.0 189.0 183.0 192.0 199.0 199.0 161.0 157.0 197.0 195.0 199.0 188.0 175.0 194.0 172.0 192.0 192.0 192.0 201.0 205.0 165.0 179.0 217.0 170.0 177.0 178.0 178.0 178.0 224.0 207.0 207.0 222.0 198.0 206.0 173.0 189.0 190.0 194.0 203.0 203.0 200.0 189.0 190.0 185.0 215.0 198.0 191.0 178.0 199.0 196.0 186.0 196.0 199.0 205.0 197.0 179.0 181.0 190.0 190.0 206.0 173.0 173.0 181.0 212.0 191.0 174.0 237.0 175.0 179.0 175.0 180.0 210.0 204.0 203.0 200.0 205.0 205.0 205.0 267.0 267.0 215.0 215.0 215.0 175.0 189.0 208.0 208.0 162.0 196.0 205.0 219.0 219.0 219.0 191.0 202.0 193.0 195.0 192.0 193.0 193.0 206.0 259.0 259.0 168.0 210.0 204.0 180.0 197.0 182.0 181.0 208.0 214.0 214.0 199.0 212.0 164.0 189.0 183.0 202.0 186.0 193.0 193.0 205.0 207.0 262.0 174.0 174.0 197.0 197.0 205.0 199.0 186.0 195.0 195.0 163.0 205.0 208.0 186.0 186.0 182.0 182.0 194.0 194.0 205.0 205.0 205.0 207.0 182.0 191.0 193.0 197.89895470383277 19.005342429474346
22 107.0 107.0 107.0 132.0 132.0 132.0 118.0 132.0 117.0 117.0 117.0 194.0 126.0 120.0 123.0 123.0 123.0 123.0 123.0 123.0 123.0 123.0 123.0 123.0 123.0 123.0 124.0 103.0 103.0 106.0 106.0 106.0 106.0 106.0 106.0 106.0 106.0 106.0 126.0 126.0 120.0 120.0 94.0 127.0 127.0 127.0 120.0 126.0 126.0 126.0 126.0 126.0 124.0 124.0 117.0 126.0 126.0 126.0 123.0 123.0 123.0 123.0 123.0 123.0 126.0 126.0 126.0 126.0 126.0 126.0 126.0 119.0 115.0 115.0 115.0 115.0 115.0 115.0 121.0 121.0 120.0 120.0 145.0 127.0 126.0 115.0 127.0 120.0 102.0 94.0 102.0 124.0 124.0 124.0 102.0 107.0 107.0 123.0 123.0 121.0 130.0 130.0 120.0 89.0 89.0 120.0 120.0 122.0 122.0 120.0 120.0 114.0 122.0 116.0 120.0 123.0 114.0 114.0 122.0 122.0 122.0 122.0 122.0 122.0 122.0 115.0 124.0 120.0 120.0 106.0 106.0 122.0 117.0 106.0 110.0 107.0 115.0 115.0 115.0 109.0 109.0 123.0 121.0 121.0 104.0 112.0 108.0 128.0 124.0 106.0 106.0 120.0 126.0 122.0 122.0 122.0 122.0 98.0 108.0 118.0 118.0 104.0 104.0 104.0 106.0 106.0 124.0 127.0 159.0 125.0 127.0 120.0 120.0 126.0 118.0 121.0 137.0 137.0 137.0 181.0 197.0 186.0 127.0 121.0 124.0 124.0 141.0 111.0 109.0 120.0 121.0 121.0 120.0 122.0 124.0 124.0 124.0 126.0 131.0 131.0 128.0 133.0 139.0 123.0 120.0 121.0 109.0 109.0 126.0 129.0 129.0 124.0 127.0 127.0 127.0 115.0 115.0 115.0 115.0 115.0 105.0 106.0 127.0 119.0 89.0 120.0 120.0 120.0 117.0 117.0 117.0 117.0 120.0 121.0 121.0 121.0 118.0 118.0 139.0 117.0 112.0 123.0 125.0 125.0 125.0 125.0 125.0 132.0 132.0 132.0 132.0 122.0 123.0 126.0 115.0 126.0 126.0 115.0 115.0 120.0 126.0 150.0 109.0 106.0 106.0 122.0 122.0 122.0 122.0 122.0 120.0 101.0 125.0 128.0 134.0 120.0 120.0 114.0 114.0 120.0 127.0 127.0 127.0 127.0 127.0 127.0 117.0 120.7177700348432 12.411101979781064
23 232.0 217.0 210.0 233.0 233.0 233.0 224.0 240.0 246.0 229.0 229.0 241.0 241.0 240.0 239.0 239.0 239.0 239.0 239.0 239.0 239.0 239.0 239.0 239.0 239.0 239.0 232.0 237.0 231.0 202.0 202.0 202.0 202.0 202.0 202.0 202.0 202.0 202.0 202.0 245.0 231.0 229.0 170.0 213.0 212.0 212.0 230.0 235.0 241.0 241.0 241.0 229.0 235.0 240.0 240.0 240.0 240.0 240.0 240.0 230.0 230.0 230.0 230.0 230.0 240.0 241.0 241.0 241.0 241.0 241.0 241.0 241.0 226.0 226.0 226.0 226.0 226.0 217.0 217.0 233.0 230.0 230.0 230.0 243.0 240.0 224.0 209.0 242.0 218.0 218.0 189.0 227.0 256.0 256.0 212.0 197.0 231.0 237.0 240.0 235.0 226.0 261.0 229.0 224.0 222.0 222.0 226.0 229.0 231.0 229.0 243.0 243.0 243.0 203.0 229.0 231.0 235.0 223.0 222.0 225.0 225.0 225.0 229.0 231.0 231.0 230.0 236.0 236.0 241.0 241.0 241.0 233.0 225.0 214.0 208.0 212.0 205.0 223.0 229.0 218.0 201.0 230.0 221.0 230.0 199.0 208.0 203.0 237.0 241.0 233.0 205.0 250.0 225.0 236.0 238.0 209.0 209.0 209.0 187.0 227.0 216.0 210.0 217.0 217.0 201.0 202.0 214.0 211.0 302.0 262.0 238.0 235.0 230.0 260.0 317.0 276.0 261.0 261.0 261.0 261.0 233.0 238.0 345.0 244.0 222.0 246.0 229.0 227.0 210.0 226.0 222.0 229.0 233.0 233.0 233.0 238.0 238.0 241.0 241.0 241.0 229.0 270.0 245.0 214.0 214.0 233.0 214.0 207.0 241.0 249.0 258.0 241.0 234.0 234.0 234.0 289.0 314.0 200.0 200.0 200.0 200.0 202.0 220.0 255.0 366.0 193.0 229.0 229.0 218.0 222.0 222.0 224.0 234.0 229.0 229.0 229.0 229.0 225.0 221.0 239.0 239.0 239.0 235.0 256.0 256.0 256.0 256.0 224.0 258.0 235.0 466.0 233.0 242.0 199.0 239.0 230.0 240.0 202.0 199.0 199.0 240.0 241.0 306.0 204.0 204.0 231.0 233.0 233.0 233.0 233.0 231.0 231.0 235.0 241.0 246.0 235.0 384.0 234.0 218.0 229.0 229.0 242.0 233.0 239.0 240.0 240.0 224.0 232.58885017421602 27.015113894692494
24 47.0 47.0 47.0 47.0 47.0 47.0 47.0 38.0 46.0 45.0 45.0 45.0 42.0 43.0 43.0 43.0 43.0 43.0 58.0 839.0 49.0 49.0 49.0 49.0 49.0 49.0 49.0 43.0 42.0 42.0 42.0 42.0 42.0 42.0 42.0 42.0 42.0 42.0 42.0 44.0 44.0 111.0 111.0 34.0 42.0 58.0 58.0 40.0 42.0 42.0 42.0 42.0 42.0 45.0 45.0 45.0 42.0 42.0 42.0 42.0 42.0 42.0 54.0 54.0 54.0 42.0 42.0 42.0 56.0 56.0 56.0 44.0 43.0 41.0 41.0 41.0 41.0 41.0 41.0 41.0 41.0 41.0 41.0 41.0 41.0 43.0 45.0 39.0 39.0 34.0 33.0 33.0 43.0 45.0 45.0 45.0 45.0 45.0 42.0 42.0 41.0 40.0 40.0 44.0 44.0 39.0 51.0 57.0 44.0 44.0 54.0 54.0 54.0 49.0 45.0 46.0 40.0 38.0 38.0 38.0 63.0 63.0 42.0 59.0 45.0 40.0 43.0 43.0 44.0 66.0 66.0 49.0 49.0 40.0 40.0 38.0 39.0 40.0 40.0 38.0 42.0 40.0 40.0 46.0 44.0 41.0 51.0 40.0 44.0 40.0 40.0 42.0 39.0 58.0 42.0 42.0 39.0 43.0 44.0 41.0 41.0 41.0 41.0 41.0 41.0 36.0 45.0 37.0 45.0 45.0 50.0 50.0 47.0 36.0 51.0 38.0 44.0 47.0 47.0 47.0 47.0 42.0 42.0 42.0 42.0 42.0 42.0 42.0 42.0 37.0 42.0 40.0 40.0 40.0 41.0 50.0 52.0 71.0 46.0 46.0 46.0 54.0 44.0 37.0 49.0 42.0 45.0 34.0 34.0 42.0 42.0 42.0 48.0 45.0 45.0 45.0 45.0 35.0 35.0 35.0 35.0 39.0 35.0 74.0 74.0 36.0 40.0 40.0 40.0 40.0 40.0 40.0 40.0 40.0 40.0 40.0 40.0 39.0 39.0 39.0 39.0 39.0 39.0 48.0 54.0 54.0 54.0 54.0 54.0 45.0 56.0 56.0 41.0 41.0 41.0 42.0 42.0 43.0 37.0 37.0 37.0 42.0 42.0 48.0 36.0 36.0 48.0 48.0 48.0 43.0 43.0 42.0 42.0 43.0 42.0 42.0 46.0 46.0 46.0 46.0 46.0 46.0 43.0 43.0 45.0 45.0 45.0 47.36585365853658 47.639401090318465
25 122.0 128.0 122.0 122.0 122.0 122.0 122.0 122.0 131.0 127.0 128.0 128.0 129.0 128.0 128.0 128.0 131.0 131.0 128.0 128.0 127.0 131.0 131.0 131.0 131.0 131.0 131.0 121.0 125.0 125.0 125.0 125.0 125.0 125.0 125.0 125.0 125.0 125.0 125.0 125.0 130.0 123.0 123.0 93.0 128.0 128.0 122.0 125.0 127.0 127.0 127.0 128.0 128.0 126.0 126.0 126.0 126.0 127.0 127.0 127.0 124.0 124.0 124.0 121.0 105.0 135.0 128.0 128.0 110.0 127.0 127.0 127.0 128.0 124.0 124.0 124.0 124.0 124.0 124.0 124.0 125.0 120.0 120.0 120.0 120.0 128.0 128.0 114.0 124.0 103.0 103.0 103.0 115.0 134.0 134.0 134.0 113.0 122.0 128.0 119.0 126.0 120.0 117.0 117.0 122.0 114.0 106.0 119.0 121.0 121.0 124.0 124.0 124.0 124.0 111.0 120.0 123.0 120.0 115.0 114.0 115.0 115.0 110.0 121.0 124.0 115.0 128.0 122.0 119.0 120.0 120.0 127.0 121.0 110.0 113.0 107.0 110.0 115.0 119.0 126.0 119.0 119.0 124.0 113.0 113.0 109.0 121.0 115.0 146.0 125.0 118.0 109.0 118.0 118.0 124.0 124.0 104.0 122.0 118.0 107.0 122.0 118.0 105.0 105.0 105.0 107.0 109.0 109.0 114.0 114.0 105.0 133.0 120.0 103.0 103.0 118.0 123.0 124.0 124.0 124.0 124.0 121.0 124.0 90.0 119.0 124.0 127.0 118.0 118.0 110.0 110.0 123.0 123.0 123.0 123.0 123.0 121.0 107.0 129.0 129.0 129.0 134.0 130.0 118.0 114.0 114.0 122.0 108.0 108.0 128.0 128.0 128.0 127.0 131.0 131.0 131.0 110.0 100.0 122.0 122.0 122.0 106.0 107.0 126.0 126.0 103.0 111.0 123.0 123.0 115.0 115.0 115.0 121.0 124.0 121.0 121.0 121.0 121.0 120.0 118.0 126.0 107.0 107.0 131.0 128.0 118.0 118.0 118.0 118.0 118.0 123.0 131.0 124.0 124.0 124.0 125.0 125.0 128.0 110.0 110.0 110.0 128.0 128.0 106.0 109.0 109.0 123.0 123.0 123.0 123.0 123.0 121.0 121.0 123.0 130.0 128.0 128.0 128.0 128.0 115.0 121.0 121.0 128.0 128.0 127.0 127.0 127.0 121.0 7.961006367138666
26 207.0 218.0 214.0 214.0 211.0 211.0 211.0 208.0 209.0 233.0 218.0 218.0 219.0 218.0 218.0 220.0 219.0 219.0 219.0 219.0 219.0 221.0 221.0 221.0 221.0 221.0 221.0 211.0 215.0 209.0 209.0 209.0 209.0 209.0 209.0 209.0 209.0 209.0 209.0 209.0 222.0 207.0 214.0 161.0 194.0 218.0 214.0 207.0 213.0 218.0 218.0 218.0 212.0 216.0 220.0 220.0 220.0 219.0 218.0 218.0 214.0 214.0 214.0 209.0 180.0 180.0 223.0 223.0 180.0 177.0 219.0 218.0 219.0 215.0 239.0 239.0 239.0 239.0 239.0 239.0 213.0 214.0 215.0 215.0 215.0 220.0 219.0 195.0 205.0 198.0 198.0 173.0 196.0 201.0 245.0 245.0 180.0 216.0 222.0 216.0 215.0 221.0 199.0 195.0 214.0 195.0 185.0 189.0 208.0 223.0 207.0 213.0 213.0 213.0 201.0 204.0 213.0 211.0 198.0 201.0 193.0 190.0 190.0 218.0 210.0 203.0 202.0 192.0 211.0 200.0 196.0 1796.0 234.0 212.0 209.0 184.0 179.0 182.0 213.0 217.0 198.0 202.0 210.0 210.0 211.0 182.0 168.0 190.0 219.0 217.0 217.0 191.0 195.0 202.0 210.0 217.0 184.0 185.0 213.0 192.0 205.0 200.0 195.0 180.0 180.0 205.0 186.0 193.0 192.0 220.0 179.0 192.0 215.0 197.0 192.0 218.0 209.0 210.0 243.0 243.0 243.0 211.0 213.0 217.0 207.0 207.0 217.0 217.0 203.0 188.0 188.0 211.0 213.0 208.0 220.0 209.0 193.0 207.0 269.0 221.0 221.0 258.0 222.0 232.0 186.0 237.0 210.0 205.0 184.0 218.0 220.0 239.0 220.0 211.0 222.0 222.0 222.0 186.0 199.0 213.0 213.0 179.0 183.0 192.0 213.0 213.0 177.0 187.0 207.0 423.0 203.0 203.0 205.0 208.0 202.0 213.0 213.0 213.0 206.0 196.0 217.0 200.0 198.0 208.0 221.0 221.0 350.0 350.0 211.0 211.0 216.0 213.0 229.0 215.0 200.0 243.0 212.0 218.0 194.0 222.0 222.0 222.0 218.0 199.0 209.0 184.0 184.0 219.0 218.0 218.0 218.0 211.0 220.0 211.0 221.0 224.0 221.0 221.0 192.0 192.0 207.0 207.0 220.0 269.0 269.0 221.0 221.0 217.42508710801394 96.38755068927212
27 626.0 626.0 649.0 635.0 650.0 612.0 613.0 694.0 621.0 609.0 649.0 673.0 616.0 819.0 638.0 645.0 665.0 638.0 642.0 672.0 646.0 647.0 648.0 648.0 644.0 644.0 632.0 856.0 639.0 639.0 635.0 644.0 644.0 644.0 644.0 644.0 644.0 644.0 644.0 644.0 644.0 667.0 631.0 625.0 500.0 491.0 635.0 626.0 613.0 617.0 646.0 646.0 644.0 637.0 627.0 639.0 644.0 663.0 644.0 665.0 596.0 622.0 673.0 644.0 602.0 577.0 592.0 644.0 644.0 561.0 546.0 546.0 671.0 649.0 631.0 619.0 619.0 619.0 619.0 626.0 626.0 488.0 644.0 626.0 634.0 638.0 649.0 651.0 582.0 534.0 627.0 582.0 621.0 563.0 536.0 564.0 582.0 613.0 531.0 631.0 636.0 679.0 628.0 627.0 609.0 629.0 618.0 587.0 601.0 571.0 561.0 524.0 505.0 585.0 599.0 545.0 576.0 646.0 578.0 576.0 591.0 562.0 558.0 566.0 638.0 564.0 644.0 665.0 539.0 553.0 603.0 607.0 584.0 590.0 601.0 612.0 530.0 534.0 539.0 546.0 636.0 592.0 603.0 607.0 596.0 593.0 527.0 580.0 555.0 557.0 654.0 644.0 623.0 617.0 581.0 581.0 627.0 525.0 530.0 548.0 534.0 582.0 605.0 584.0 566.0 537.0 550.0 549.0 544.0 566.0 567.0 569.0 561.0 597.0 621.0 567.0 552.0 612.0 619.0 614.0 546.0 533.0 582.0 620.0 587.0 549.0 610.0 573.0 583.0 645.0 560.0 559.0 624.0 601.0 614.0 653.0 604.0 728.0 673.0 644.0 643.0 614.0 540.0 547.0 542.0 525.0 527.0 613.0 593.0 575.0 647.0 669.0 643.0 671.0 633.0 641.0 665.0 665.0 502.0 506.0 625.0 641.0 641.0 560.0 546.0 608.0 798.0 615.0 573.0 608.0 614.0 629.0 594.0 622.0 592.0 552.0 600.0 625.0 622.0 564.0 950.0 646.0 680.0 647.0 603.0 561.0 719.0 634.0 605.0 613.0 507.0 639.0 630.0 630.0 634.0 598.0 630.0 682.0 707.0 632.0 593.0 626.0 629.0 631.0 578.0 583.0 590.0 588.0 586.0 630.0 699.0 573.0 634.0 621.0 640.0 636.0 663.0 639.0 619.0 619.0 575.0 603.0 612.0 636.0 644.0 644.0 648.0 611.6167247386759 52.6280602558948
28 9.0 9.0 9.0 9.0 9.0 9.0 9.0 9.0 9.0 9.0 9.0 9.0 9.0 9.0 9.0 9.0 9.0 9.0 9.0 9.0 9.0 9.0 9.0 9.0 9.0 9.0 9.0 9.0 9.0 9.0 9.0 9.0 9.0 9.0 9.0 9.0 9.0 9.0 9.0 9.0 9.0 9.0 9.0 9.0 9.0 6.0 6.0 6.0 6.0 6.0 6.0 6.0 6.0 6.0 6.0 6.0 6.0 6.0 6.0 6.0 6.0 6.0 6.0 6.0 6.0 6.0 6.0 6.0 6.0 6.0 7.0 7.0 7.0 7.0 7.0 7.0 7.0 7.0 7.0 7.0 7.0 7.0 7.0 7.0 7.0 7.0 7.0 7.0 7.0 6.0 6.0 6.0 6.0 6.0 6.0 7.0 9.0 9.0 9.0 9.0 9.0 9.0 9.0 9.0 9.0 9.0 9.0 9.0 7.0 7.0 7.0 7.0 6.0 6.0 6.0 6.0 7.0 7.0 7.0 7.0 7.0 7.0 7.0 7.0 7.0 7.0 7.0 7.0 7.0 7.0 7.0 7.0 7.0 7.0 7.0 7.0 7.0 6.0 7.0 7.0 7.0 8.0 8.0 8.0 8.0 8.0 8.0 7.0 7.0 7.0 7.0 7.0 7.0 7.0 7.0 7.0 7.0 7.0 7.0 7.0 7.0 7.0 7.0 7.0 8.0 7.0 7.0 7.0 7.0 8.0 7.0 7.0 7.0 7.0 7.0 7.0 7.0 7.0 7.0 8.0 8.0 7.0 7.0 7.0 7.0 7.0 7.0 7.0 7.0 7.0 7.0 7.0 7.0 7.0 7.0 7.0 7.0 7.0 7.0 7.0 7.0 7.0 7.0 7.0 7.0 7.0 7.0 7.0 7.0 7.0 7.0 7.0 7.0 7.0 7.0 7.0 7.0 7.0 7.0 7.0 7.0 7.0 7.0 7.0 7.0 7.0 7.0 7.0 7.0 7.0 7.0 7.0 7.0 7.0 7.0 7.0 7.0 7.0 7.0 7.0 7.0 7.0 7.0 7.0 7.0 7.0 7.0 7.0 7.0 7.0 6.0 6.0 6.0 6.0 6.0 6.0 6.0 6.0 6.0 6.0 6.0 8.0 8.0 8.0 8.0 7.0 7.0 7.0 7.0 7.0 8.0 8.0 8.0 8.0 8.0 8.0 8.0 8.0 8.0 8.0 8.0 8.0 8.0 8.0 8.0 8.0 8.0 7.341463414634145 0.9761788379476521
29 189.0 189.0 189.0 189.0 196.0 196.0 196.0 186.0 186.0 196.0 181.0 191.0 206.0 190.0 182.0 197.0 195.0 195.0 195.0 194.0 194.0 196.0 195.0 197.0 196.0 196.0 196.0 196.0 196.0 197.0 190.0 194.0 206.0 206.0 206.0 206.0 206.0 206.0 182.0 182.0 182.0 182.0 182.0 182.0 195.0 145.0 150.0 197.0 195.0 188.0 188.0 190.0 195.0 195.0 170.0 197.0 193.0 194.0 177.0 197.0 195.0 195.0 195.0 187.0 195.0 195.0 177.0 177.0 177.0 196.0 162.0 158.0 158.0 182.0 195.0 196.0 186.0 186.0 186.0 186.0 186.0 186.0 186.0 189.0 191.0 191.0 191.0 191.0 197.0 154.0 160.0 194.0 191.0 201.0 188.0 166.0 165.0 198.0 167.0 194.0 187.0 193.0 187.0 197.0 193.0 193.0 228.0 233.0 181.0 188.0 162.0 186.0 158.0 163.0 163.0 163.0 164.0 166.0 187.0 173.0 177.0 177.0 174.0 171.0 171.0 171.0 192.0 187.0 199.0 162.0 164.0 186.0 186.0 164.0 176.0 180.0 189.0 159.0 158.0 168.0 195.0 196.0 186.0 168.0 190.0 190.0 174.0 174.0 186.0 168.0 165.0 165.0 197.0 188.0 193.0 167.0 176.0 197.0 184.0 159.0 163.0 170.0 190.0 179.0 180.0 154.0 158.0 158.0 170.0 169.0 174.0 188.0 188.0 175.0 209.0 187.0 187.0 159.0 181.0 188.0 188.0 161.0 165.0 165.0 190.0 165.0 195.0 181.0 172.0 196.0 196.0 191.0 169.0 169.0 186.0 186.0 203.0 184.0 188.0 182.0 186.0 193.0 197.0 176.0 172.0 198.0 160.0 163.0 191.0 185.0 182.0 179.0 197.0 195.0 211.0 198.0 195.0 201.0 201.0 201.0 157.0 190.0 195.0 195.0 195.0 168.0 193.0 190.0 153.0 195.0 187.0 170.0 187.0 187.0 187.0 182.0 161.0 191.0 189.0 189.0 189.0 185.0 185.0 196.0 196.0 195.0 190.0 198.0 186.0 186.0 146.0 161.0 161.0 192.0 192.0 195.0 191.0 181.0 193.0 190.0 203.0 194.0 192.0 192.0 192.0 193.0 178.0 169.0 245.0 181.0 185.0 191.0 174.0 174.0 195.0 195.0 190.0 196.0 201.0 187.0 187.0 187.0 174.0 204.0 204.0 197.0 197.0 185.10452961672473 14.2493852292242
30 358.0 352.0 348.0 348.0 348.0 340.0 366.0 348.0 341.0 359.0 358.0 347.0 358.0 374.0 389.0 378.0 367.0 370.0 361.0 367.0 367.0 367.0 368.0 365.0 368.0 368.0 365.0 365.0 365.0 365.0 371.0 354.0 365.0 365.0 365.0 365.0 365.0 365.0 365.0 365.0 365.0 365.0 365.0 365.0 367.0 359.0 278.0 271.0 368.0 363.0 351.0 357.0 355.0 370.0 370.0 358.0 359.0 361.0 363.0 367.0 366.0 366.0 364.0 354.0 356.0 365.0 361.0 337.0 301.0 369.0 374.0 297.0 294.0 394.0 389.0 360.0 366.0 358.0 358.0 358.0 358.0 358.0 358.0 358.0 353.0 309.0 301.0 301.0 301.0 368.0 297.0 292.0 360.0 357.0 365.0 327.0 310.0 314.0 321.0 332.0 364.0 350.0 358.0 364.0 363.0 358.0 358.0 330.0 328.0 316.0 332.0 336.0 357.0 292.0 322.0 322.0 322.0 308.0 316.0 351.0 323.0 331.0 327.0 323.0 319.0 351.0 360.0 350.0 356.0 373.0 342.0 315.0 354.0 302.0 318.0 325.0 340.0 348.0 297.0 296.0 309.0 358.0 352.0 348.0 316.0 345.0 354.0 327.0 328.0 339.0 318.0 311.0 348.0 367.0 350.0 310.0 329.0 330.0 361.0 326.0 308.0 297.0 334.0 370.0 370.0 351.0 318.0 323.0 324.0 323.0 321.0 325.0 363.0 363.0 332.0 372.0 365.0 328.0 303.0 355.0 351.0 353.0 315.0 329.0 348.0 326.0 320.0 362.0 322.0 323.0 368.0 356.0 344.0 321.0 358.0 364.0 349.0 348.0 340.0 346.0 359.0 341.0 361.0 364.0 305.0 309.0 333.0 301.0 308.0 377.0 343.0 311.0 389.0 368.0 370.0 394.0 362.0 367.0 367.0 367.0 299.0 307.0 343.0 363.0 363.0 363.0 328.0 352.0 295.0 295.0 360.0 350.0 337.0 344.0 338.0 356.0 318.0 301.0 353.0 379.0 379.0 343.0 344.0 344.0 366.0 370.0 351.0 353.0 372.0 359.0 346.0 302.0 302.0 365.0 357.0 351.0 349.0 349.0 383.0 337.0 350.0 400.0 365.0 355.0 348.0 365.0 345.0 319.0 316.0 460.0 366.0 369.0 360.0 328.0 329.0 359.0 349.0 362.0 367.0 387.0 349.0 349.0 349.0 332.0 332.0 332.0 368.0 346.2439024390244 24.827300478573697
31 543.0 543.0 553.0 584.0 569.0 569.0 593.0 576.0 594.0 551.0 562.0 583.0 570.0 563.0 607.0 641.0 729.0 593.0 591.0 589.0 587.0 590.0 599.0 591.0 588.0 589.0 591.0 592.0 592.0 569.0 575.0 590.0 583.0 586.0 589.0 589.0 589.0 589.0 589.0 589.0 589.0 589.0 589.0 589.0 589.0 587.0 581.0 494.0 712.0 662.0 589.0 560.0 566.0 565.0 582.0 587.0 587.0 588.0 594.0 583.0 566.0 589.0 587.0 580.0 584.0 564.0 575.0 579.0 547.0 526.0 526.0 526.0 488.0 500.0 500.0 475.0 580.0 653.0 585.0 574.0 574.0 1660.0 1660.0 1660.0 569.0 568.0 481.0 491.0 503.0 503.0 587.0 496.0 482.0 554.0 580.0 577.0 520.0 473.0 486.0 533.0 510.0 553.0 577.0 584.0 585.0 573.0 572.0 577.0 528.0 517.0 504.0 517.0 533.0 557.0 484.0 495.0 569.0 569.0 485.0 503.0 554.0 530.0 526.0 530.0 523.0 516.0 576.0 590.0 581.0 565.0 586.0 521.0 529.0 526.0 537.0 512.0 514.0 549.0 562.0 489.0 481.0 494.0 501.0 567.0 591.0 517.0 516.0 504.0 514.0 521.0 534.0 503.0 502.0 521.0 588.0 583.0 563.0 530.0 533.0 534.0 516.0 471.0 512.0 506.0 562.0 567.0 580.0 547.0 499.0 518.0 480.0 518.0 526.0 550.0 572.0 673.0 593.0 573.0 558.0 522.0 512.0 559.0 566.0 543.0 533.0 587.0 542.0 545.0 515.0 530.0 536.0 516.0 588.0 514.0 522.0 584.0 559.0 579.0 558.0 554.0 554.0 549.0 540.0 536.0 582.0 477.0 480.0 510.0 483.0 482.0 570.0 560.0 500.0 500.0 596.0 585.0 602.0 613.0 587.0 597.0 653.0 517.0 481.0 559.0 581.0 580.0 580.0 515.0 539.0 500.0 457.0 490.0 571.0 547.0 555.0 562.0 482.0 519.0 488.0 501.0 594.0 625.0 631.0 555.0 595.0 591.0 590.0 587.0 561.0 569.0 541.0 576.0 480.0 500.0 575.0 600.0 573.0 608.0 637.0 634.0 611.0 622.0 607.0 602.0 609.0 632.0 578.0 581.0 512.0 689.0 688.0 679.0 623.0 608.0 553.0 522.0 569.0 566.0 564.0 594.0 609.0 593.0 614.0 645.0 533.0 535.0 535.0 569.9198606271777 120.92301135063742
32 173.0 173.0 254.0 201.0 199.0 199.0 199.0 199.0 210.0 208.0 190.0 201.0 226.0 203.0 198.0 201.0 201.0 201.0 205.0 207.0 207.0 207.0 218.0 215.0 215.0 208.0 208.0 209.0 208.0 208.0 208.0 208.0 208.0 208.0 201.0 209.0 209.0 209.0 209.0 209.0 419.0 419.0 419.0 419.0 419.0 419.0 419.0 200.0 202.0 168.0 168.0 168.0 201.0 198.0 201.0 198.0 208.0 208.0 199.0 204.0 203.0 208.0 211.0 211.0 208.0 212.0 201.0 201.0 208.0 198.0 193.0 193.0 193.0 193.0 171.0 198.0 208.0 210.0 209.0 208.0 204.0 204.0 259.0 216.0 216.0 216.0 220.0 206.0 174.0 234.0 234.0 207.0 214.0 163.0 163.0 236.0 215.0 215.0 172.0 168.0 208.0 196.0 206.0 208.0 194.0 201.0 205.0 202.0 202.0 186.0 187.0 179.0 196.0 185.0 199.0 170.0 170.0 196.0 196.0 171.0 174.0 197.0 196.0 183.0 189.0 185.0 192.0 207.0 211.0 205.0 198.0 182.0 199.0 181.0 204.0 218.0 186.0 186.0 197.0 188.0 178.0 174.0 169.0 181.0 202.0 206.0 194.0 198.0 199.0 199.0 189.0 198.0 184.0 181.0 187.0 198.0 195.0 176.0 203.0 185.0 201.0 204.0 185.0 169.0 163.0 203.0 194.0 212.0 202.0 179.0 457.0 201.0 177.0 183.0 195.0 207.0 179.0 179.0 215.0 207.0 183.0 173.0 192.0 204.0 194.0 206.0 208.0 198.0 183.0 208.0 205.0 202.0 206.0 217.0 217.0 217.0 192.0 214.0 199.0 192.0 203.0 197.0 197.0 187.0 200.0 210.0 170.0 174.0 190.0 162.0 169.0 199.0 199.0 170.0 172.0 216.0 209.0 208.0 224.0 205.0 210.0 210.0 210.0 184.0 198.0 201.0 192.0 192.0 183.0 186.0 237.0 180.0 262.0 198.0 199.0 190.0 171.0 174.0 194.0 171.0 180.0 224.0 226.0 226.0 197.0 203.0 501.0 208.0 208.0 177.0 183.0 195.0 204.0 199.0 180.0 187.0 205.0 204.0 201.0 255.0 228.0 209.0 208.0 214.0 220.0 215.0 231.0 231.0 208.0 192.0 228.0 236.0 240.0 248.0 200.0 199.0 200.0 201.0 205.0 199.0 207.0 207.0 185.0 218.0 199.0 199.0 199.0 206.97909407665506 44.18792807982316
33 101.0 101.0 163.0 121.0 128.0 128.0 128.0 128.0 128.0 129.0 129.0 122.0 129.0 129.0 123.0 124.0 124.0 124.0 124.0 130.0 129.0 129.0 136.0 128.0 124.0 130.0 127.0 127.0 129.0 128.0 128.0 128.0 128.0 128.0 128.0 127.0 129.0 129.0 129.0 129.0 162.0 162.0 162.0 162.0 162.0 162.0 162.0 162.0 129.0 118.0 118.0 125.0 125.0 123.0 123.0 122.0 128.0 128.0 128.0 126.0 124.0 126.0 128.0 128.0 128.0 129.0 126.0 124.0 124.0 129.0 122.0 122.0 128.0 128.0 105.0 111.0 128.0 128.0 129.0 129.0 126.0 126.0 126.0 125.0 126.0 125.0 125.0 135.0 107.0 144.0 128.0 128.0 120.0 104.0 147.0 189.0 196.0 126.0 112.0 99.0 106.0 133.0 141.0 121.0 133.0 112.0 123.0 123.0 128.0 132.0 115.0 110.0 111.0 114.0 123.0 123.0 105.0 106.0 106.0 106.0 108.0 114.0 122.0 117.0 122.0 116.0 114.0 112.0 130.0 128.0 128.0 122.0 113.0 105.0 110.0 110.0 129.0 121.0 125.0 115.0 123.0 101.0 110.0 108.0 121.0 122.0 126.0 126.0 124.0 122.0 114.0 118.0 124.0 146.0 110.0 110.0 124.0 153.0 126.0 115.0 114.0 126.0 121.0 98.0 103.0 107.0 120.0 125.0 126.0 117.0 123.0 124.0 127.0 113.0 119.0 124.0 118.0 108.0 156.0 142.0 121.0 107.0 116.0 122.0 119.0 142.0 129.0 115.0 126.0 123.0 125.0 125.0 122.0 125.0 128.0 128.0 126.0 116.0 118.0 111.0 119.0 121.0 122.0 122.0 120.0 124.0 129.0 121.0 117.0 110.0 106.0 111.0 124.0 113.0 107.0 107.0 143.0 128.0 133.0 127.0 127.0 127.0 127.0 127.0 113.0 120.0 114.0 114.0 141.0 119.0 119.0 132.0 128.0 132.0 122.0 111.0 123.0 123.0 123.0 123.0 106.0 116.0 142.0 128.0 128.0 121.0 146.0 146.0 129.0 129.0 109.0 114.0 128.0 128.0 123.0 131.0 130.0 127.0 123.0 123.0 143.0 143.0 143.0 129.0 121.0 138.0 133.0 126.0 126.0 128.0 115.0 128.0 128.0 117.0 123.0 123.0 113.0 125.0 124.0 122.0 124.0 124.0 124.0 129.0 132.0 132.0 116.0 124.79790940766551 12.80519436038159
34 7.0 7.0 7.0 7.0 7.0 7.0 7.0 7.0 7.0 7.0 7.0 7.0 7.0 7.0 7.0 7.0 7.0 7.0 7.0 7.0 7.0 7.0 7.0 8.0 8.0 8.0 7.0 7.0 7.0 7.0 7.0 7.0 7.0 7.0 7.0 7.0 7.0 7.0 7.0 7.0 7.0 7.0 7.0 7.0 7.0 7.0 7.0 7.0 7.0 7.0 7.0 7.0 7.0 7.0 7.0 7.0 7.0 7.0 7.0 7.0 7.0 7.0 7.0 7.0 7.0 7.0 7.0 7.0 7.0 7.0 7.0 7.0 7.0 7.0 7.0 6.0 6.0 6.0 6.0 6.0 6.0 6.0 6.0 6.0 6.0 6.0 6.0 8.0 6.0 7.0 7.0 7.0 7.0 6.0 6.0 6.0 9.0 9.0 9.0 6.0 6.0 6.0 6.0 7.0 7.0 6.0 6.0 6.0 6.0 6.0 6.0 6.0 6.0 7.0 7.0 7.0 6.0 5.0 5.0 5.0 6.0 6.0 6.0 7.0 7.0 6.0 6.0 6.0 6.0 6.0 6.0 6.0 6.0 6.0 7.0 7.0 7.0 7.0 7.0 6.0 7.0 6.0 6.0 6.0 6.0 6.0 6.0 6.0 6.0 6.0 6.0 6.0 6.0 6.0 6.0 6.0 6.0 6.0 6.0 7.0 7.0 7.0 7.0 7.0 6.0 6.0 7.0 7.0 7.0 7.0 7.0 7.0 7.0 6.0 6.0 6.0 6.0 6.0 6.0 6.0 6.0 6.0 6.0 6.0 7.0 7.0 7.0 7.0 6.0 7.0 7.0 7.0 7.0 7.0 7.0 7.0 7.0 6.0 6.0 6.0 6.0 6.0 6.0 6.0 7.0 7.0 7.0 7.0 7.0 6.0 6.0 6.0 6.0 6.0 6.0 6.0 6.0 7.0 7.0 7.0 7.0 7.0 7.0 7.0 7.0 7.0 7.0 7.0 7.0 7.0 7.0 7.0 7.0 7.0 7.0 7.0 7.0 7.0 7.0 7.0 6.0 7.0 7.0 7.0 7.0 7.0 7.0 7.0 7.0 7.0 6.0 6.0 7.0 7.0 7.0 7.0 7.0 7.0 7.0 7.0 7.0 8.0 7.0 7.0 7.0 7.0 7.0 7.0 7.0 7.0 7.0 7.0 7.0 6.0 6.0 6.0 6.0 6.0 6.0 6.0 6.0 6.0 6.0 6.0 6.0 6.0 6.0 6.648083623693379 0.5897031551250558
35 45.0 45.0 62.0 64.0 59.0 61.0 61.0 61.0 50.0 50.0 50.0 50.0 50.0 64.0 59.0 61.0 61.0 61.0 61.0 61.0 62.0 62.0 62.0 63.0 60.0 90.0 62.0 62.0 62.0 64.0 64.0 64.0 64.0 64.0 64.0 59.0 64.0 64.0 64.0 64.0 61.0 61.0 61.0 61.0 61.0 61.0 61.0 61.0 64.0 61.0 61.0 64.0 61.0 61.0 56.0 58.0 58.0 62.0 55.0 55.0 64.0 61.0 64.0 64.0 64.0 64.0 62.0 57.0 57.0 64.0 64.0 64.0 64.0 64.0 64.0 51.0 59.0 64.0 64.0 66.0 61.0 59.0 59.0 62.0 59.0 59.0 59.0 59.0 53.0 52.0 74.0 74.0 57.0 55.0 50.0 50.0 82.0 58.0 53.0 51.0 56.0 64.0 62.0 55.0 64.0 56.0 56.0 62.0 60.0 63.0 57.0 57.0 54.0 54.0 56.0 55.0 49.0 50.0 59.0 59.0 53.0 57.0 58.0 57.0 56.0 57.0 59.0 60.0 60.0 64.0 64.0 59.0 56.0 62.0 62.0 62.0 64.0 58.0 53.0 57.0 58.0 48.0 53.0 54.0 59.0 62.0 64.0 54.0 54.0 56.0 62.0 57.0 57.0 61.0 52.0 57.0 57.0 57.0 55.0 62.0 58.0 57.0 62.0 62.0 50.0 48.0 56.0 58.0 62.0 47.0 57.0 61.0 62.0 56.0 54.0 58.0 63.0 55.0 55.0 67.0 61.0 51.0 52.0 58.0 59.0 61.0 63.0 63.0 51.0 61.0 61.0 61.0 61.0 61.0 62.0 63.0 63.0 55.0 59.0 54.0 54.0 58.0 59.0 59.0 56.0 61.0 64.0 64.0 58.0 52.0 51.0 54.0 54.0 54.0 53.0 53.0 53.0 64.0 58.0 65.0 60.0 62.0 62.0 62.0 52.0 61.0 60.0 60.0 60.0 61.0 61.0 61.0 61.0 61.0 61.0 61.0 62.0 62.0 62.0 62.0 52.0 54.0 68.0 71.0 71.0 59.0 57.0 57.0 62.0 64.0 54.0 56.0 64.0 59.0 64.0 64.0 62.0 62.0 65.0 61.0 56.0 66.0 64.0 64.0 64.0 67.0 63.0 63.0 63.0 63.0 59.0 64.0 63.0 55.0 68.0 68.0 61.0 58.0 58.0 59.0 59.0 58.0 58.0 57.0 62.0 55.0 55.0 59.5191637630662 5.1892993043657345
36 522.0 422.0 456.0 595.0 574.0 563.0 569.0 560.0 560.0 560.0 586.0 587.0 556.0 573.0 583.0 571.0 558.0 557.0 617.0 544.0 594.0 589.0 586.0 620.0 590.0 600.0 586.0 574.0 587.0 583.0 584.0 583.0 555.0 555.0 555.0 568.0 573.0 586.0 585.0 585.0 614.0 587.0 586.0 586.0 555.0 555.0 555.0 555.0 555.0 592.0 573.0 544.0 544.0 544.0 563.0 561.0 565.0 573.0 583.0 583.0 567.0 582.0 591.0 571.0 579.0 583.0 580.0 578.0 580.0 569.0 584.0 561.0 550.0 581.0 583.0 479.0 480.0 570.0 579.0 585.0 584.0 581.0 577.0 585.0 577.0 566.0 539.0 567.0 607.0 484.0 472.0 534.0 548.0 547.0 467.0 475.0 683.0 639.0 573.0 480.0 479.0 465.0 583.0 534.0 531.0 562.0 500.0 510.0 569.0 579.0 575.0 519.0 502.0 498.0 509.0 510.0 473.0 465.0 470.0 532.0 532.0 495.0 498.0 549.0 541.0 532.0 542.0 556.0 551.0 557.0 583.0 571.0 504.0 506.0 485.0 581.0 585.0 579.0 536.0 558.0 543.0 513.0 470.0 489.0 488.0 504.0 500.0 495.0 532.0 560.0 569.0 529.0 525.0 535.0 501.0 484.0 497.0 554.0 561.0 568.0 533.0 530.0 514.0 509.0 473.0 475.0 503.0 546.0 573.0 555.0 502.0 503.0 516.0 542.0 529.0 482.0 501.0 572.0 514.0 646.0 637.0 525.0 506.0 521.0 537.0 561.0 574.0 586.0 519.0 552.0 562.0 550.0 543.0 544.0 563.0 474.0 498.0 526.0 511.0 518.0 560.0 558.0 550.0 552.0 531.0 534.0 549.0 505.0 495.0 483.0 471.0 483.0 498.0 551.0 502.0 494.0 444.0 589.0 583.0 583.0 575.0 570.0 501.0 583.0 583.0 514.0 537.0 584.0 574.0 583.0 547.0 545.0 584.0 593.0 578.0 576.0 556.0 549.0 558.0 555.0 492.0 480.0 551.0 579.0 557.0 534.0 544.0 549.0 563.0 589.0 541.0 530.0 561.0 543.0 587.0 606.0 557.0 592.0 585.0 582.0 582.0 548.0 595.0 573.0 584.0 585.0 616.0 614.0 597.0 741.0 690.0 652.0 630.0 523.0 526.0 526.0 626.0 534.0 540.0 570.0 559.0 561.0 566.0 571.0 568.0 594.0 587.0 551.3205574912893 42.554305441121095
37 138.0 138.0 112.0 112.0 158.0 171.0 141.0 154.0 154.0 154.0 127.0 127.0 162.0 162.0 154.0 162.0 157.0 155.0 155.0 155.0 149.0 149.0 161.0 160.0 160.0 163.0 158.0 162.0 159.0 160.0 160.0 160.0 160.0 160.0 160.0 160.0 160.0 153.0 161.0 161.0 161.0 161.0 160.0 160.0 160.0 160.0 160.0 160.0 160.0 160.0 160.0 156.0 155.0 155.0 155.0 155.0 156.0 151.0 151.0 160.0 160.0 160.0 161.0 155.0 161.0 160.0 160.0 160.0 159.0 155.0 155.0 162.0 162.0 149.0 152.0 160.0 128.0 126.0 154.0 160.0 160.0 160.0 160.0 155.0 155.0 159.0 141.0 141.0 141.0 141.0 133.0 127.0 143.0 143.0 146.0 133.0 135.0 135.0 151.0 157.0 142.0 142.0 140.0 160.0 155.0 145.0 167.0 133.0 141.0 155.0 147.0 158.0 143.0 145.0 136.0 140.0 139.0 156.0 129.0 124.0 151.0 151.0 134.0 144.0 149.0 148.0 144.0 149.0 149.0 154.0 160.0 159.0 157.0 154.0 140.0 158.0 165.0 162.0 160.0 149.0 150.0 133.0 147.0 126.0 140.0 132.0 138.0 149.0 139.0 150.0 148.0 153.0 153.0 141.0 157.0 155.0 130.0 151.0 157.0 155.0 153.0 158.0 143.0 134.0 142.0 139.0 130.0 129.0 151.0 166.0 154.0 145.0 139.0 139.0 152.0 142.0 131.0 133.0 153.0 137.0 137.0 156.0 152.0 140.0 141.0 155.0 152.0 155.0 157.0 152.0 143.0 152.0 140.0 142.0 142.0 153.0 132.0 160.0 160.0 135.0 136.0 155.0 155.0 154.0 149.0 149.0 143.0 155.0 139.0 131.0 146.0 128.0 132.0 135.0 138.0 149.0 136.0 144.0 156.0 158.0 158.0 160.0 135.0 139.0 139.0 139.0 132.0 152.0 162.0 141.0 141.0 155.0 160.0 160.0 158.0 156.0 158.0 152.0 147.0 155.0 155.0 156.0 130.0 130.0 160.0 152.0 152.0 151.0 149.0 149.0 161.0 161.0 139.0 141.0 159.0 158.0 154.0 154.0 164.0 164.0 157.0 162.0 162.0 160.0 160.0 161.0 160.0 160.0 166.0 161.0 152.0 152.0 181.0 158.0 148.0 138.0 197.0 165.0 132.0 155.0 155.0 148.0 155.0 156.0 156.0 143.0 162.0 150.33797909407664 11.198185421791344
38 382.0 378.0 301.0 300.0 421.0 431.0 432.0 412.0 412.0 413.0 413.0 413.0 450.0 435.0 415.0 425.0 438.0 424.0 414.0 405.0 405.0 405.0 452.0 433.0 435.0 435.0 450.0 443.0 431.0 427.0 432.0 435.0 436.0 434.0 434.0 434.0 434.0 434.0 417.0 431.0 438.0 438.0 438.0 433.0 428.0 413.0 413.0 413.0 413.0 413.0 413.0 434.0 420.0 429.0 429.0 429.0 429.0 422.0 414.0 426.0 434.0 429.0 416.0 431.0 421.0 418.0 437.0 437.0 432.0 424.0 418.0 415.0 431.0 427.0 428.0 430.0 428.0 357.0 360.0 418.0 435.0 435.0 434.0 433.0 423.0 423.0 427.0 409.0 412.0 424.0 452.0 346.0 353.0 406.0 405.0 379.0 341.0 381.0 439.0 465.0 437.0 366.0 349.0 345.0 430.0 423.0 432.0 440.0 360.0 403.0 425.0 421.0 420.0 391.0 373.0 371.0 379.0 384.0 367.0 341.0 340.0 417.0 417.0 367.0 364.0 409.0 396.0 396.0 402.0 411.0 404.0 413.0 389.0 423.0 400.0 394.0 397.0 441.0 434.0 434.0 395.0 395.0 370.0 375.0 356.0 372.0 360.0 415.0 375.0 365.0 413.0 389.0 415.0 398.0 381.0 385.0 371.0 361.0 409.0 421.0 416.0 416.0 389.0 387.0 375.0 376.0 365.0 358.0 381.0 390.0 417.0 420.0 368.0 375.0 375.0 382.0 382.0 350.0 359.0 421.0 420.0 434.0 468.0 386.0 358.0 369.0 400.0 417.0 419.0 431.0 383.0 404.0 415.0 387.0 408.0 383.0 368.0 368.0 400.0 380.0 386.0 405.0 411.0 425.0 411.0 403.0 384.0 390.0 431.0 357.0 489.0 362.0 352.0 388.0 460.0 370.0 410.0 361.0 388.0 388.0 441.0 423.0 433.0 378.0 407.0 482.0 482.0 382.0 405.0 426.0 428.0 436.0 411.0 416.0 434.0 428.0 435.0 429.0 403.0 408.0 362.0 351.0 355.0 361.0 361.0 443.0 410.0 410.0 436.0 415.0 415.0 436.0 376.0 388.0 383.0 409.0 429.0 420.0 435.0 423.0 523.0 424.0 428.0 392.0 428.0 462.0 433.0 428.0 447.0 443.0 441.0 431.0 447.0 479.0 481.0 392.0 372.0 386.0 458.0 396.0 407.0 418.0 397.0 398.0 422.0 401.0 415.0 408.3623693379791 31.20002653692895
39 116.0 110.0 141.0 97.0 87.0 87.0 135.0 128.0 143.0 130.0 130.0 130.0 130.0 130.0 125.0 125.0 125.0 131.0 127.0 124.0 124.0 110.0 110.0 110.0 127.0 125.0 125.0 125.0 123.0 128.0 125.0 119.0 125.0 125.0 125.0 124.0 128.0 128.0 128.0 173.0 131.0 131.0 131.0 131.0 129.0 129.0 129.0 129.0 129.0 129.0 129.0 129.0 129.0 125.0 125.0 125.0 124.0 128.0 125.0 122.0 122.0 124.0 124.0 124.0 125.0 131.0 125.0 124.0 124.0 125.0 121.0 131.0 121.0 130.0 124.0 192.0 124.0 121.0 101.0 101.0 101.0 101.0 101.0 127.0 127.0 142.0 131.0 131.0 121.0 373.0 373.0 373.0 99.0 122.0 122.0 123.0 114.0 102.0 102.0 102.0 129.0 124.0 103.0 101.0 101.0 132.0 123.0 126.0 134.0 108.0 126.0 140.0 124.0 121.0 111.0 106.0 109.0 108.0 122.0 102.0 95.0 124.0 122.0 122.0 104.0 114.0 116.0 112.0 131.0 118.0 107.0 126.0 115.0 124.0 240.0 123.0 114.0 123.0 123.0 125.0 132.0 110.0 109.0 105.0 121.0 107.0 106.0 103.0 125.0 117.0 135.0 150.0 121.0 121.0 113.0 112.0 125.0 108.0 99.0 118.0 118.0 123.0 120.0 123.0 114.0 109.0 126.0 101.0 91.0 146.0 109.0 141.0 122.0 110.0 112.0 282.0 116.0 116.0 99.0 133.0 131.0 126.0 125.0 125.0 116.0 116.0 141.0 130.0 121.0 150.0 129.0 110.0 114.0 120.0 120.0 120.0 111.0 105.0 107.0 125.0 107.0 110.0 109.0 127.0 122.0 123.0 126.0 128.0 138.0 135.0 123.0 129.0 124.0 102.0 130.0 126.0 126.0 126.0 107.0 122.0 122.0 132.0 125.0 153.0 130.0 135.0 135.0 135.0 109.0 145.0 126.0 124.0 124.0 119.0 119.0 119.0 137.0 127.0 127.0 127.0 136.0 106.0 106.0 108.0 101.0 113.0 119.0 116.0 116.0 120.0 118.0 118.0 128.0 112.0 134.0 119.0 144.0 141.0 128.0 128.0 128.0 128.0 129.0 129.0 118.0 124.0 144.0 126.0 126.0 126.0 138.0 143.0 143.0 143.0 143.0 129.0 111.0 107.0 157.0 196.0 115.0 129.0 129.0 116.0 116.0 144.0 144.0 126.26480836236934 30.993224759527923
40 86.0 86.0 81.0 81.0 67.0 67.0 89.0 95.0 92.0 95.0 116.0 116.0 116.0 116.0 95.0 95.0 95.0 92.0 116.0 90.0 90.0 90.0 90.0 131.0 94.0 89.0 89.0 89.0 91.0 91.0 94.0 111.0 111.0 98.0 94.0 99.0 99.0 99.0 99.0 99.0 93.0 93.0 93.0 93.0 97.0 85.0 85.0 85.0 85.0 85.0 85.0 85.0 85.0 100.0 84.0 84.0 84.0 94.0 86.0 86.0 86.0 92.0 92.0 92.0 101.0 88.0 87.0 92.0 92.0 92.0 94.0 94.0 91.0 94.0 94.0 94.0 97.0 92.0 81.0 84.0 84.0 84.0 84.0 96.0 95.0 90.0 90.0 90.0 84.0 84.0 84.0 84.0 83.0 94.0 85.0 85.0 102.0 72.0 94.0 98.0 110.0 94.0 76.0 71.0 95.0 95.0 95.0 89.0 79.0 82.0 85.0 97.0 89.0 96.0 96.0 84.0 90.0 85.0 82.0 95.0 74.0 94.0 94.0 94.0 78.0 86.0 94.0 85.0 86.0 109.0 80.0 86.0 86.0 90.0 134.0 91.0 85.0 92.0 91.0 94.0 94.0 79.0 77.0 85.0 90.0 79.0 79.0 77.0 98.0 93.0 88.0 88.0 81.0 88.0 81.0 86.0 86.0 89.0 79.0 85.0 85.0 86.0 94.0 94.0 86.0 80.0 94.0 101.0 73.0 82.0 79.0 86.0 87.0 92.0 83.0 79.0 79.0 89.0 82.0 91.0 77.0 91.0 102.0 102.0 76.0 87.0 80.0 87.0 105.0 86.0 89.0 84.0 82.0 91.0 91.0 91.0 91.0 92.0 78.0 89.0 91.0 84.0 88.0 89.0 81.0 91.0 87.0 121.0 100.0 93.0 93.0 100.0 109.0 79.0 105.0 94.0 94.0 94.0 98.0 83.0 82.0 99.0 93.0 85.0 99.0 114.0 107.0 107.0 95.0 106.0 115.0 87.0 87.0 89.0 89.0 89.0 92.0 104.0 100.0 100.0 100.0 84.0 84.0 88.0 77.0 77.0 102.0 95.0 95.0 89.0 81.0 81.0 95.0 88.0 104.0 111.0 95.0 90.0 91.0 91.0 91.0 91.0 95.0 95.0 92.0 90.0 101.0 101.0 93.0 83.0 92.0 99.0 99.0 99.0 109.0 113.0 92.0 90.0 90.0 87.0 123.0 90.0 90.0 86.0 92.0 92.0 128.0 91.38675958188153 9.883600474730596
41 637.0 638.0 604.0 602.0 547.0 520.0 604.0 663.0 637.0 629.0 623.0 640.0 640.0 640.0 668.0 665.0 677.0 677.0 675.0 661.0 680.0 732.0 600.0 587.0 682.0 695.0 672.0 668.0 663.0 652.0 670.0 674.0 664.0 662.0 694.0 664.0 850.0 850.0 641.0 641.0 629.0 664.0 662.0 617.0 617.0 653.0 643.0 629.0 629.0 696.0 696.0 696.0 696.0 696.0 644.0 663.0 619.0 661.0 633.0 657.0 633.0 625.0 664.0 663.0 663.0 663.0 629.0 632.0 661.0 675.0 661.0 645.0 648.0 651.0 624.0 617.0 606.0 715.0 647.0 656.0 661.0 597.0 597.0 641.0 665.0 657.0 660.0 672.0 589.0 632.0 627.0 671.0 654.0 659.0 662.0 652.0 613.0 585.0 538.0 556.0 641.0 639.0 648.0 557.0 534.0 564.0 686.0 677.0 639.0 630.0 581.0 581.0 630.0 567.0 577.0 633.0 661.0 626.0 578.0 587.0 581.0 497.0 533.0 656.0 579.0 555.0 551.0 560.0 621.0 647.0 630.0 561.0 618.0 627.0 608.0 630.0 639.0 632.0 640.0 639.0 652.0 571.0 562.0 591.0 636.0 619.0 577.0 570.0 558.0 563.0 650.0 637.0 624.0 604.0 557.0 555.0 552.0 648.0 516.0 534.0 497.0 629.0 638.0 620.0 600.0 630.0 639.0 584.0 624.0 539.0 659.0 636.0 637.0 635.0 561.0 566.0 569.0 576.0 635.0 613.0 617.0 645.0 665.0 654.0 644.0 531.0 537.0 542.0 618.0 619.0 655.0 621.0 575.0 630.0 634.0 631.0 631.0 536.0 567.0 570.0 606.0 652.0 627.0 614.0 615.0 639.0 643.0 604.0 574.0 623.0 617.0 639.0 690.0 565.0 541.0 553.0 638.0 624.0 721.0 721.0 607.0 607.0 693.0 667.0 648.0 641.0 668.0 690.0 711.0 595.0 623.0 672.0 629.0 629.0 625.0 623.0 648.0 657.0 654.0 651.0 652.0 654.0 629.0 638.0 547.0 533.0 538.0 641.0 597.0 589.0 631.0 623.0 641.0 675.0 676.0 684.0 654.0 657.0 685.0 647.0 638.0 612.0 689.0 672.0 657.0 662.0 670.0 677.0 700.0 676.0 737.0 671.0 666.0 684.0 633.0 653.0 652.0 654.0 664.0 600.0 612.0 594.0 591.0 606.0 604.0 608.0 617.0 629.6620209059233 47.94607314647775
42 656.0 698.0 742.0 742.0 693.0 685.0 595.0 607.0 705.0 732.0 748.0 744.0 748.0 748.0 736.0 711.0 793.0 778.0 849.0 720.0 699.0 692.0 721.0 734.0 728.0 673.0 679.0 765.0 797.0 830.0 809.0 745.0 749.0 766.0 766.0 763.0 753.0 753.0 753.0 746.0 751.0 749.0 746.0 765.0 767.0 733.0 685.0 735.0 752.0 751.0 751.0 751.0 751.0 751.0 751.0 751.0 746.0 736.0 740.0 682.0 742.0 765.0 756.0 756.0 769.0 766.0 771.0 761.0 740.0 684.0 751.0 698.0 761.0 757.0 727.0 741.0 696.0 684.0 747.0 775.0 802.0 729.0 723.0 732.0 741.0 667.0 748.0 723.0 776.0 776.0 711.0 710.0 722.0 745.0 755.0 732.0 733.0 740.0 705.0 730.0 734.0 740.0 748.0 753.0 759.0 652.0 660.0 654.0 634.0 647.0 723.0 703.0 651.0 633.0 719.0 735.0 741.0 738.0 783.0 725.0 744.0 718.0 586.0 604.0 613.0 744.0 685.0 670.0 672.0 706.0 719.0 745.0 784.0 719.0 697.0 705.0 726.0 729.0 735.0 729.0 715.0 717.0 730.0 727.0 691.0 723.0 699.0 703.0 707.0 669.0 647.0 640.0 716.0 868.0 790.0 680.0 675.0 667.0 666.0 807.0 612.0 654.0 661.0 741.0 733.0 707.0 722.0 727.0 753.0 750.0 746.0 646.0 740.0 744.0 740.0 764.0 696.0 651.0 633.0 675.0 759.0 759.0 714.0 679.0 680.0 701.0 757.0 739.0 636.0 647.0 711.0 754.0 784.0 736.0 705.0 730.0 739.0 739.0 739.0 739.0 658.0 642.0 645.0 726.0 734.0 712.0 723.0 740.0 715.0 681.0 698.0 697.0 703.0 730.0 671.0 708.0 658.0 627.0 733.0 753.0 766.0 755.0 757.0 757.0 760.0 786.0 760.0 721.0 717.0 791.0 761.0 834.0 713.0 698.0 685.0 662.0 765.0 756.0 744.0 758.0 761.0 769.0 755.0 747.0 746.0 766.0 669.0 642.0 667.0 782.0 742.0 739.0 723.0 728.0 746.0 742.0 742.0 746.0 746.0 801.0 791.0 793.0 753.0 746.0 780.0 769.0 746.0 746.0 741.0 741.0 741.0 728.0 735.0 783.0 771.0 773.0 758.0 698.0 685.0 698.0 698.0 741.0 676.0 682.0 693.0 701.0 704.0 725.4808362369338 44.17826430565714
43 154.0 152.0 161.0 161.0 174.0 174.0 151.0 149.0 149.0 164.0 161.0 161.0 161.0 197.0 207.0 186.0 140.0 140.0 140.0 179.0 179.0 149.0 185.0 157.0 169.0 175.0 175.0 158.0 158.0 158.0 158.0 158.0 158.0 186.0 183.0 182.0 176.0 176.0 176.0 176.0 176.0 172.0 174.0 174.0 174.0 179.0 175.0 160.0 160.0 174.0 174.0 174.0 174.0 174.0 174.0 174.0 174.0 174.0 174.0 180.0 180.0 180.0 180.0 176.0 164.0 164.0 164.0 177.0 177.0 177.0 177.0 166.0 166.0 179.0 179.0 246.0 179.0 170.0 190.0 165.0 209.0 177.0 166.0 221.0 172.0 172.0 172.0 172.0 154.0 154.0 154.0 154.0 154.0 165.0 204.0 174.0 209.0 209.0 173.0 172.0 163.0 162.0 169.0 166.0 177.0 172.0 172.0 143.0 154.0 148.0 144.0 174.0 165.0 165.0 177.0 151.0 160.0 160.0 160.0 171.0 176.0 170.0 180.0 248.0 169.0 169.0 169.0 169.0 172.0 203.0 146.0 177.0 173.0 178.0 180.0 168.0 171.0 163.0 171.0 170.0 171.0 163.0 162.0 162.0 171.0 177.0 161.0 184.0 166.0 166.0 158.0 151.0 200.0 148.0 161.0 169.0 138.0 159.0 154.0 164.0 218.0 180.0 143.0 170.0 174.0 179.0 163.0 184.0 170.0 181.0 218.0 158.0 158.0 158.0 189.0 177.0 166.0 169.0 158.0 157.0 157.0 157.0 162.0 179.0 158.0 157.0 170.0 171.0 219.0 175.0 150.0 501.0 162.0 176.0 165.0 165.0 160.0 160.0 171.0 171.0 171.0 201.0 173.0 173.0 173.0 270.0 170.0 166.0 171.0 182.0 139.0 170.0 150.0 158.0 171.0 147.0 188.0 142.0 142.0 231.0 158.0 177.0 177.0 169.0 169.0 169.0 169.0 184.0 153.0 163.0 193.0 180.0 180.0 180.0 153.0 177.0 146.0 146.0 146.0 186.0 166.0 180.0 181.0 180.0 175.0 175.0 175.0 199.0 150.0 157.0 157.0 157.0 170.0 170.0 162.0 162.0 251.0 251.0 251.0 251.0 251.0 251.0 183.0 173.0 166.0 180.0 180.0 180.0 180.0 180.0 173.0 169.0 181.0 166.0 169.0 177.0 179.0 175.0 175.0 161.0 158.0 158.0 158.0 169.0 155.0 158.0 165.0 173.4459930313589 28.12415735440009
44 635.0 572.0 587.0 575.0 629.0 638.0 624.0 591.0 557.0 537.0 630.0 600.0 589.0 600.0 637.0 645.0 654.0 644.0 552.0 658.0 669.0 596.0 580.0 576.0 590.0 625.0 634.0 635.0 611.0 712.0 765.0 731.0 658.0 611.0 681.0 691.0 667.0 659.0 652.0 652.0 652.0 690.0 658.0 656.0 645.0 679.0 697.0 663.0 663.0 654.0 650.0 649.0 655.0 655.0 655.0 571.0 584.0 587.0 587.0 629.0 654.0 659.0 650.0 651.0 604.0 614.0 617.0 617.0 662.0 660.0 660.0 660.0 611.0 658.0 659.0 665.0 636.0 654.0 629.0 597.0 588.0 666.0 687.0 562.0 561.0 594.0 635.0 635.0 573.0 657.0 611.0 556.0 539.0 610.0 631.0 575.0 572.0 573.0 593.0 612.0 648.0 635.0 630.0 641.0 635.0 644.0 629.0 635.0 568.0 562.0 601.0 561.0 632.0 618.0 637.0 596.0 581.0 690.0 643.0 648.0 584.0 593.0 648.0 657.0 639.0 626.0 625.0 562.0 579.0 632.0 542.0 551.0 577.0 604.0 648.0 668.0 599.0 575.0 610.0 608.0 622.0 628.0 598.0 636.0 633.0 630.0 605.0 614.0 584.0 535.0 610.0 576.0 573.0 517.0 532.0 564.0 624.0 534.0 617.0 592.0 584.0 626.0 595.0 550.0 561.0 611.0 626.0 643.0 622.0 615.0 573.0 614.0 579.0 621.0 623.0 588.0 588.0 598.0 570.0 546.0 582.0 667.0 552.0 620.0 639.0 602.0 587.0 618.0 663.0 693.0 761.0 625.0 609.0 614.0 652.0 658.0 644.0 622.0 615.0 627.0 632.0 632.0 640.0 657.0 648.0 656.0 661.0 631.0 620.0 639.0 556.0 574.0 599.0 634.0 629.0 640.0 661.0 661.0 540.0 548.0 598.0 573.0 593.0 616.0 620.0 550.0 555.0 588.0 656.0 627.0 601.0 614.0 661.0 604.0 575.0 572.0 593.0 559.0 559.0 657.0 651.0 654.0 661.0 651.0 671.0 653.0 652.0 635.0 589.0 562.0 597.0 570.0 620.0 635.0 633.0 621.0 633.0 611.0 629.0 629.0 629.0 629.0 681.0 668.0 658.0 704.0 654.0 728.0 850.0 896.0 896.0 635.0 627.0 633.0 627.0 627.0 659.0 645.0 648.0 712.0 600.0 589.0 555.0 558.0 645.0 648.0 612.0 623.1428571428571 48.577928988535355
45 425.0 421.0 413.0 382.0 380.0 397.0 397.0 425.0 398.0 352.0 438.0 442.0 416.0 397.0 397.0 400.0 426.0 444.0 448.0 378.0 405.0 434.0 442.0 366.0 371.0 389.0 423.0 415.0 430.0 380.0 394.0 405.0 456.0 470.0 417.0 409.0 436.0 438.0 442.0 436.0 433.0 433.0 433.0 442.0 435.0 426.0 427.0 462.0 493.0 422.0 426.0 438.0 426.0 434.0 451.0 451.0 451.0 387.0 387.0 387.0 387.0 421.0 429.0 431.0 421.0 408.0 404.0 418.0 418.0 418.0 438.0 438.0 429.0 423.0 423.0 439.0 435.0 429.0 422.0 406.0 384.0 384.0 408.0 440.0 405.0 370.0 386.0 422.0 418.0 418.0 397.0 462.0 432.0 427.0 334.0 351.0 406.0 411.0 420.0 433.0 397.0 410.0 424.0 392.0 410.0 422.0 422.0 418.0 431.0 373.0 371.0 434.0 373.0 375.0 423.0 410.0 402.0 420.0 378.0 408.0 470.0 407.0 389.0 432.0 440.0 367.0 428.0 425.0 365.0 367.0 417.0 391.0 362.0 371.0 397.0 382.0 424.0 401.0 378.0 371.0 397.0 415.0 413.0 407.0 415.0 397.0 412.0 413.0 385.0 352.0 433.0 400.0 402.0 377.0 370.0 353.0 352.0 391.0 395.0 404.0 421.0 370.0 377.0 391.0 336.0 354.0 367.0 408.0 414.0 403.0 374.0 374.0 388.0 396.0 392.0 388.0 367.0 388.0 394.0 386.0 390.0 383.0 368.0 401.0 386.0 393.0 436.0 392.0 393.0 416.0 436.0 435.0 455.0 453.0 449.0 413.0 430.0 427.0 402.0 421.0 369.0 418.0 406.0 370.0 424.0 426.0 424.0 437.0 435.0 406.0 394.0 430.0 376.0 369.0 416.0 415.0 411.0 417.0 418.0 378.0 349.0 399.0 376.0 376.0 432.0 419.0 410.0 350.0 356.0 356.0 420.0 401.0 390.0 447.0 408.0 425.0 406.0 419.0 413.0 407.0 407.0 434.0 433.0 443.0 442.0 432.0 443.0 435.0 431.0 431.0 370.0 385.0 425.0 425.0 421.0 420.0 429.0 410.0 413.0 417.0 368.0 425.0 425.0 425.0 425.0 439.0 429.0 409.0 396.0 482.0 487.0 399.0 421.0 421.0 423.0 419.0 417.0 407.0 431.0 428.0 433.0 433.0 433.0 366.0 363.0 438.0 425.0 409.62020905923345 27.330891535476365
46 274.0 276.0 276.0 270.0 241.0 227.0 246.0 246.0 268.0 258.0 232.0 269.0 280.0 268.0 256.0 256.0 248.0 253.0 280.0 291.0 240.0 240.0 277.0 279.0 258.0 238.0 281.0 278.0 254.0 271.0 271.0 249.0 266.0 295.0 300.0 260.0 260.0 268.0 282.0 276.0 276.0 274.0 274.0 274.0 274.0 276.0 273.0 270.0 408.0 302.0 246.0 266.0 275.0 266.0 275.0 275.0 275.0 275.0 244.0 245.0 245.0 245.0 245.0 268.0 276.0 269.0 427.0 256.0 261.0 261.0 261.0 261.0 277.0 256.0 269.0 267.0 276.0 276.0 229.0 271.0 259.0 256.0 242.0 264.0 268.0 258.0 238.0 243.0 264.0 285.0 285.0 261.0 244.0 267.0 285.0 252.0 268.0 263.0 305.0 289.0 267.0 246.0 263.0 270.0 234.0 267.0 264.0 246.0 274.0 270.0 259.0 240.0 253.0 239.0 277.0 257.0 291.0 251.0 264.0 243.0 260.0 273.0 263.0 268.0 274.0 276.0 270.0 263.0 275.0 239.0 237.0 261.0 238.0 226.0 241.0 239.0 240.0 263.0 269.0 228.0 239.0 249.0 259.0 273.0 273.0 254.0 263.0 261.0 265.0 233.0 268.0 271.0 253.0 247.0 245.0 232.0 232.0 225.0 246.0 249.0 219.0 268.0 228.0 273.0 240.0 229.0 227.0 261.0 268.0 249.0 262.0 250.0 264.0 242.0 263.0 267.0 234.0 231.0 248.0 245.0 250.0 223.0 234.0 258.0 258.0 258.0 258.0 283.0 248.0 252.0 264.0 271.0 252.0 272.0 272.0 285.0 257.0 270.0 273.0 253.0 259.0 231.0 265.0 256.0 244.0 296.0 271.0 252.0 256.0 274.0 253.0 236.0 231.0 230.0 260.0 273.0 264.0 256.0 266.0 226.0 266.0 223.0 272.0 238.0 243.0 268.0 266.0 259.0 222.0 266.0 266.0 272.0 257.0 243.0 272.0 226.0 288.0 264.0 255.0 251.0 251.0 251.0 263.0 273.0 270.0 279.0 274.0 278.0 271.0 277.0 277.0 232.0 234.0 267.0 268.0 268.0 268.0 268.0 253.0 262.0 237.0 237.0 237.0 237.0 237.0 237.0 279.0 286.0 244.0 251.0 325.0 306.0 306.0 276.0 264.0 304.0 264.0 262.0 330.0 330.0 275.0 275.0 275.0 275.0 235.0 232.0 232.0 261.37630662020905 22.850636850929728
47 134.0 134.0 145.0 145.0 131.0 119.0 119.0 119.0 119.0 134.0 109.0 109.0 140.0 140.0 140.0 140.0 140.0 130.0 130.0 151.0 141.0 141.0 126.0 126.0 126.0 119.0 119.0 139.0 139.0 131.0 131.0 120.0 120.0 137.0 160.0 159.0 130.0 130.0 143.0 143.0 139.0 139.0 143.0 143.0 143.0 143.0 140.0 125.0 157.0 157.0 152.0 127.0 138.0 138.0 136.0 141.0 141.0 141.0 141.0 124.0 124.0 124.0 124.0 129.0 132.0 124.0 133.0 133.0 127.0 146.0 140.0 134.0 134.0 138.0 142.0 139.0 139.0 138.0 138.0 136.0 134.0 133.0 134.0 130.0 134.0 134.0 134.0 121.0 122.0 135.0 133.0 133.0 142.0 142.0 135.0 149.0 147.0 138.0 132.0 140.0 122.0 136.0 136.0 136.0 136.0 127.0 134.0 134.0 134.0 132.0 138.0 111.0 116.0 117.0 115.0 136.0 123.0 119.0 120.0 127.0 125.0 125.0 135.0 136.0 127.0 137.0 137.0 137.0 147.0 137.0 137.0 137.0 137.0 130.0 110.0 122.0 122.0 127.0 132.0 122.0 117.0 125.0 135.0 133.0 135.0 132.0 114.0 136.0 126.0 141.0 143.0 136.0 142.0 123.0 132.0 116.0 114.0 115.0 115.0 134.0 130.0 132.0 125.0 113.0 117.0 139.0 112.0 118.0 126.0 128.0 126.0 133.0 134.0 134.0 137.0 118.0 135.0 113.0 127.0 123.0 128.0 115.0 116.0 121.0 112.0 112.0 112.0 125.0 142.0 121.0 129.0 135.0 135.0 142.0 127.0 138.0 111.0 129.0 133.0 134.0 111.0 133.0 120.0 133.0 140.0 145.0 131.0 132.0 133.0 137.0 138.0 138.0 115.0 119.0 117.0 133.0 136.0 129.0 126.0 128.0 126.0 113.0 113.0 142.0 116.0 141.0 132.0 130.0 129.0 132.0 132.0 132.0 136.0 121.0 130.0 127.0 124.0 124.0 138.0 125.0 126.0 126.0 126.0 126.0 135.0 138.0 136.0 134.0 158.0 140.0 140.0 140.0 128.0 126.0 126.0 148.0 133.0 137.0 133.0 130.0 130.0 111.0 134.0 134.0 134.0 134.0 134.0 133.0 133.0 120.0 129.0 174.0 143.0 143.0 143.0 143.0 143.0 133.0 138.0 138.0 132.0 133.0 136.0 136.0 136.0 116.0 113.0 131.46341463414635 10.083110203524921
48 5.0 5.0 5.0 5.0 5.0 5.0 5.0 5.0 5.0 5.0 5.0 5.0 5.0 6.0 6.0 6.0 6.0 5.0 5.0 5.0 5.0 5.0 5.0 5.0 5.0 5.0 5.0 5.0 6.0 6.0 6.0 6.0 6.0 6.0 6.0 7.0 7.0 7.0 7.0 7.0 7.0 7.0 6.0 6.0 6.0 6.0 6.0 5.0 5.0 5.0 5.0 5.0 5.0 5.0 5.0 5.0 5.0 5.0 5.0 5.0 5.0 5.0 5.0 5.0 5.0 5.0 5.0 5.0 5.0 5.0 5.0 5.0 5.0 5.0 5.0 6.0 6.0 6.0 6.0 6.0 6.0 6.0 6.0 6.0 6.0 6.0 6.0 5.0 5.0 5.0 5.0 5.0 6.0 6.0 6.0 6.0 6.0 6.0 6.0 6.0 6.0 6.0 6.0 5.0 5.0 5.0 5.0 5.0 5.0 5.0 5.0 5.0 5.0 5.0 5.0 6.0 6.0 5.0 5.0 5.0 5.0 5.0 5.0 5.0 6.0 6.0 6.0 6.0 6.0 6.0 6.0 6.0 6.0 5.0 5.0 5.0 5.0 5.0 5.0 5.0 5.0 5.0 5.0 5.0 5.0 5.0 5.0 5.0 5.0 5.0 5.0 6.0 6.0 6.0 5.0 5.0 5.0 5.0 5.0 5.0 5.0 5.0 5.0 5.0 5.0 5.0 5.0 5.0 5.0 5.0 5.0 5.0 5.0 6.0 6.0 6.0 6.0 5.0 5.0 5.0 5.0 5.0 5.0 5.0 5.0 5.0 5.0 5.0 6.0 5.0 5.0 5.0 5.0 5.0 5.0 5.0 5.0 5.0 5.0 5.0 5.0 5.0 5.0 5.0 5.0 5.0 5.0 5.0 5.0 5.0 5.0 5.0 5.0 5.0 4.0 4.0 4.0 4.0 4.0 4.0 5.0 5.0 5.0 6.0 5.0 5.0 5.0 5.0 5.0 5.0 5.0 5.0 5.0 5.0 5.0 5.0 5.0 5.0 5.0 5.0 5.0 5.0 5.0 5.0 5.0 5.0 5.0 5.0 5.0 6.0 6.0 6.0 6.0 5.0 5.0 5.0 5.0 5.0 5.0 5.0 5.0 5.0 5.0 5.0 5.0 5.0 5.0 5.0 5.0 5.0 5.0 5.0 5.0 5.0 5.0 5.0 5.0 5.0 5.0 5.0 5.0 5.0 5.0 5.0 5.0 5.0 5.0 5.247386759581881 0.5270167393928804
49 392.0 440.0 428.0 443.0 424.0 392.0 375.0 393.0 393.0 393.0 424.0 370.0 370.0 441.0 441.0 400.0 400.0 400.0 400.0 430.0 462.0 501.0 501.0 501.0 501.0 428.0 380.0 380.0 439.0 427.0 419.0 431.0 389.0 385.0 437.0 507.0 474.0 414.0 414.0 463.0 459.0 442.0 441.0 442.0 442.0 442.0 441.0 435.0 411.0 442.0 441.0 441.0 458.0 429.0 431.0 419.0 443.0 443.0 443.0 392.0 395.0 395.0 395.0 395.0 419.0 429.0 441.0 441.0 405.0 407.0 454.0 425.0 427.0 440.0 440.0 456.0 470.0 806.0 440.0 440.0 440.0 424.0 419.0 409.0 407.0 431.0 431.0 362.0 385.0 390.0 413.0 421.0 468.0 442.0 428.0 419.0 417.0 456.0 474.0 437.0 429.0 406.0 431.0 391.0 509.0 394.0 417.0 426.0 397.0 419.0 427.0 431.0 358.0 373.0 454.0 444.0 442.0 385.0 381.0 421.0 393.0 378.0 412.0 426.0 401.0 415.0 427.0 433.0 433.0 446.0 433.0 433.0 413.0 399.0 367.0 349.0 365.0 382.0 398.0 422.0 367.0 358.0 384.0 404.0 434.0 417.0 412.0 391.0 352.0 346.0 414.0 405.0 381.0 442.0 404.0 407.0 368.0 362.0 374.0 419.0 416.0 414.0 390.0 385.0 399.0 431.0 427.0 355.0 390.0 413.0 425.0 392.0 416.0 397.0 360.0 383.0 412.0 380.0 362.0 390.0 389.0 404.0 385.0 359.0 404.0 417.0 407.0 425.0 416.0 390.0 367.0 396.0 424.0 423.0 415.0 417.0 413.0 417.0 420.0 427.0 414.0 394.0 382.0 405.0 423.0 422.0 422.0 433.0 415.0 404.0 438.0 436.0 361.0 371.0 356.0 371.0 365.0 418.0 420.0 418.0 398.0 383.0 354.0 388.0 414.0 376.0 433.0 425.0 394.0 353.0 361.0 419.0 440.0 426.0 388.0 401.0 376.0 405.0 458.0 440.0 399.0 399.0 399.0 399.0 432.0 414.0 431.0 442.0 435.0 439.0 438.0 429.0 423.0 383.0 435.0 444.0 418.0 415.0 423.0 421.0 415.0 378.0 378.0 378.0 338.0 338.0 338.0 338.0 424.0 396.0 391.0 419.0 547.0 541.0 440.0 440.0 440.0 419.0 431.0 442.0 442.0 435.0 434.0 425.0 425.0 414.0 364.0 415.2369337979094 40.00034477568817
50 259.0 276.0 276.0 303.0 347.0 345.0 277.0 260.0 1804.0 1804.0 1804.0 301.0 313.0 313.0 311.0 308.0 227.0 304.0 304.0 279.0 296.0 311.0 297.0 335.0 332.0 301.0 301.0 324.0 324.0 324.0 324.0 296.0 306.0 274.0 310.0 307.0 314.0 321.0 291.0 291.0 313.0 321.0 307.0 310.0 310.0 310.0 310.0 310.0 314.0 284.0 296.0 310.0 296.0 289.0 307.0 310.0 298.0 314.0 319.0 319.0 301.0 299.0 297.0 288.0 347.0 301.0 298.0 304.0 312.0 280.0 290.0 315.0 312.0 299.0 299.0 307.0 318.0 317.0 310.0 310.0 247.0 314.0 314.0 285.0 294.0 290.0 299.0 295.0 256.0 270.0 272.0 292.0 296.0 296.0 313.0 316.0 301.0 322.0 270.0 308.0 291.0 305.0 287.0 299.0 301.0 305.0 342.0 287.0 303.0 295.0 295.0 297.0 303.0 258.0 274.0 366.0 305.0 305.0 281.0 286.0 286.0 277.0 277.0 281.0 300.0 281.0 282.0 298.0 304.0 295.0 304.0 297.0 297.0 297.0 292.0 256.0 268.0 268.0 268.0 286.0 290.0 259.0 266.0 273.0 297.0 302.0 284.0 285.0 283.0 243.0 301.0 310.0 288.0 296.0 309.0 289.0 295.0 267.0 264.0 255.0 295.0 291.0 273.0 260.0 264.0 265.0 250.0 292.0 268.0 271.0 258.0 307.0 351.0 295.0 260.0 274.0 259.0 298.0 299.0 266.0 271.0 275.0 298.0 255.0 315.0 311.0 259.0 259.0 301.0 290.0 287.0 270.0 277.0 301.0 278.0 295.0 307.0 318.0 304.0 298.0 302.0 296.0 272.0 262.0 276.0 298.0 298.0 275.0 283.0 307.0 280.0 310.0 308.0 265.0 255.0 257.0 270.0 255.0 297.0 262.0 276.0 291.0 265.0 254.0 254.0 307.0 265.0 305.0 297.0 283.0 255.0 262.0 295.0 295.0 296.0 274.0 294.0 287.0 294.0 268.0 310.0 281.0 278.0 278.0 278.0 304.0 304.0 316.0 309.0 304.0 325.0 308.0 310.0 359.0 296.0 292.0 326.0 305.0 287.0 311.0 296.0 296.0 287.0 287.0 269.0 257.0 257.0 257.0 257.0 301.0 302.0 269.0 307.0 321.0 315.0 287.0 340.0 301.0 301.0 298.0 308.0 289.0 295.0 314.0 307.0 307.0 276.0 308.85714285714283 155.4201967648914
51 170.0 1352.0 1352.0 1352.0 120.0 167.0 4173.0 123.0 197.0 391.0 391.0 130.0 130.0 195.0 659.0 150.0 187.0 187.0 149.0 149.0 141.0 141.0 141.0 156.0 151.0 151.0 138.0 138.0 165.0 165.0 165.0 186.0 185.0 185.0 185.0 185.0 139.0 151.0 179.0 142.0 142.0 130.0 272.0 131.0 1138.0 147.0 147.0 146.0 146.0 211.0 150.0 150.0 144.0 161.0 190.0 154.0 196.0 215.0 178.0 178.0 178.0 126.0 169.0 117.0 147.0 171.0 120.0 120.0 203.0 160.0 158.0 130.0 134.0 197.0 161.0 161.0 161.0 138.0 142.0 153.0 126.0 185.0 391.0 391.0 151.0 142.0 197.0 179.0 179.0 125.0 128.0 212.0 183.0 183.0 198.0 164.0 12519.0 180.0 12519.0 160.0 191.0 273.0 144.0 127.0 126.0 501.0 501.0 171.0 163.0 159.0 169.0 169.0 198.0 164.0 139.0 172.0 193.0 163.0 148.0 127.0 160.0 122.0 185.0 137.0 350.0 146.0 123.0 136.0 185.0 185.0 185.0 163.0 244.0 244.0 120.0 135.0 146.0 129.0 135.0 186.0 161.0 185.0 140.0 210.0 140.0 177.0 152.0 153.0 150.0 122.0 123.0 293.0 185.0 205.0 191.0 145.0 172.0 204.0 189.0 12519.0 134.0 134.0 153.0 160.0 123.0 169.0 115.0 299.0 172.0 136.0 116.0 346.0 202.0 140.0 147.0 138.0 164.0 123.0 194.0 138.0 152.0 134.0 163.0 226.0 149.0 136.0 176.0 176.0 176.0 123.0 139.0 153.0 148.0 145.0 365.0 383.0 127.0 155.0 191.0 136.0 129.0 169.0 161.0 152.0 212.0 143.0 147.0 146.0 1218.0 128.0 157.0 326.0 177.0 344.0 207.0 126.0 162.0 115.0 259.0 142.0 120.0 124.0 156.0 142.0 124.0 165.0 127.0 191.0 156.0 128.0 150.0 145.0 245.0 4173.0 4173.0 142.0 151.0 142.0 150.0 174.0 927.0 927.0 140.0 140.0 140.0 140.0 139.0 156.0 124.0 178.0 223.0 223.0 146.0 147.0 1133.0 171.0 408.0 154.0 178.0 153.0 4173.0 159.0 130.0 130.0 130.0 165.0 165.0 165.0 165.0 165.0 165.0 113.0 147.0 201.0 230.0 200.0 198.0 522.0 130.0 130.0 198.0 196.0 196.0 147.0 164.0 245.0 191.0 388.3205574912891 1345.192616915467
END
#################################################################
SECTION3 (Edges Information)
EndPoint0 EndPoint1 Weight
0 1 1.000000
1 2 1.000000
2 3 1.000000
3 4 1.000000
4 5 1.000000
5 6 1.000000
6 7 1.000000
7 8 1.000000
8 9 1.000000
9 10 1.000000
10 11 1.000000
11 12 1.000000
12 13 1.000000
13 14 1.000000
14 15 1.000000
15 16 1.000000
16 17 1.000000
17 18 1.000000
18 19 1.000000
19 20 1.000000
20 21 1.000000
21 22 1.000000
22 23 1.000000
23 24 1.000000
24 25 1.000000
25 26 1.000000
26 27 1.000000
27 28 1.000000
28 29 1.000000
29 30 1.000000
30 31 1.000000
31 32 1.000000
32 33 1.000000
33 34 1.000000
34 35 1.000000
35 36 1.000000
36 37 1.000000
37 38 1.000000
38 39 1.000000
39 40 1.000000
40 41 1.000000
41 42 1.000000
42 43 1.000000
43 44 1.000000
44 45 1.000000
45 46 1.000000
46 47 1.000000
47 48 1.000000
48 49 1.000000
49 50 1.000000
50 51 1.000000
END
#################################################################
SECTION4 (TrueSubGraph Information)
EndPoint0 EndPoint1 Weight
END
#################################################################
