#################################################################
#APDM Input Graph, this input graph includes 3 sections:
#section1 : general information
#section2 : nodes
#section3 : edges
#section4 : trueSubGraph (Optional)
#
#if nodes haven't information set weight to null
#################################################################
SECTION1 (General Information)
numNodes = 52
numEdges = 51
usedAlgorithm = NULL
dataSource = TransWeatherRealData
END
#################################################################
SECTION2 (Nodes Information)
NodeID travelTime  mean  std 
0 218.0 228.0 243.0 232.0 242.0 237.0 228.0 229.0 231.0 237.0 227.0 241.0 256.0 230.0 230.0 235.0 237.0 281.0 248.0 228.0 228.0 228.0 228.0 240.0 234.0 232.0 237.0 197.0 233.0 226.0 233.0 235.0 216.0 264.0 229.0 235.0 238.0 231.0 224.0 232.0 231.0 225.0 233.0 245.0 239.0 216.0 234.0 281.0 239.0 235.0 430.0 234.0 249.0 252.0 218.0 268.0 237.0 228.0 226.0 229.0 227.0 273.0 217.0 232.0 212.0 228.0 229.0 280.0 235.0 225.0 241.0 229.0 221.0 230.0 228.0 230.0 224.0 226.0 235.0 233.0 230.0 230.0 234.0 229.0 233.0 217.0 231.0 220.0 208.0 224.0 225.0 217.0 231.0 222.0 220.0 229.0 231.0 224.0 248.0 203.0 226.0 222.0 240.0 235.0 217.0 214.0 242.0 230.0 219.0 230.0 231.0 225.0 224.0 213.0 239.0 233.0 234.0 235.0 218.0 215.0 231.0 221.0 209.0 212.0 222.0 200.0 224.0 216.0 221.0 211.0 230.0 239.0 220.0 232.0 212.0 218.0 216.0 225.0 313.0 224.0 233.0 230.0 236.0 227.0 223.0 223.0 233.0 225.0 231.0 211.0 224.0 223.0 232.0 233.0 235.0 236.0 225.0 229.0 226.0 219.0 238.0 224.0 209.0 216.0 227.0 230.0 229.0 227.0 230.0 236.0 234.0 221.0 238.0 217.0 222.0 208.0 226.0 230.0 217.0 225.0 213.0 220.0 237.0 238.0 245.0 233.0 228.0 223.0 247.0 255.0 273.0 285.0 255.0 304.0 272.0 291.0 410.0 419.0 339.0 359.0 361.0 338.0 363.0 333.0 315.0 286.0 282.0 286.0 350.0 312.0 366.0 296.0 298.0 267.0 257.0 223.0 232.0 240.0 238.0 230.0 202.0 224.0 203.0 228.0 223.0 228.0 216.0 222.0 231.0 233.0 233.0 225.0 232.0 247.0 236.0 235.0 219.0 236.0 242.0 215.0 226.0 223.0 238.0 214.0 243.0 231.0 236.0 237.0 226.0 234.0 240.0 244.0 246.0 256.0 247.0 238.0 253.0 231.0 240.0 227.0 224.0 235.0 253.0 246.0 239.0 234.0 230.0 236.0 230.0 224.0 229.0 255.0 240.0 237.0 228.0 225.0 242.0 248.0 217.0 226.0 221.0 223.0 189.0 228.0 238.0 216.0 214.0 238.57142857142856 32.58460132879094
1 64.0 70.0 74.0 68.0 68.0 68.0 66.0 78.0 66.0 67.0 67.0 59.0 59.0 65.0 65.0 65.0 66.0 66.0 72.0 72.0 67.0 67.0 67.0 67.0 68.0 70.0 66.0 60.0 70.0 64.0 67.0 70.0 63.0 63.0 63.0 63.0 69.0 67.0 65.0 63.0 76.0 69.0 69.0 62.0 71.0 63.0 63.0 63.0 67.0 73.0 73.0 73.0 69.0 64.0 61.0 63.0 63.0 63.0 60.0 67.0 67.0 63.0 63.0 70.0 68.0 61.0 66.0 68.0 75.0 66.0 72.0 83.0 65.0 64.0 67.0 68.0 63.0 66.0 73.0 67.0 62.0 71.0 65.0 68.0 65.0 64.0 69.0 68.0 61.0 66.0 65.0 67.0 68.0 90.0 92.0 64.0 80.0 75.0 81.0 78.0 67.0 68.0 66.0 70.0 68.0 60.0 67.0 69.0 65.0 68.0 65.0 64.0 66.0 63.0 72.0 66.0 67.0 72.0 61.0 67.0 63.0 70.0 65.0 60.0 70.0 60.0 70.0 65.0 63.0 61.0 66.0 66.0 62.0 66.0 68.0 61.0 65.0 65.0 70.0 62.0 66.0 68.0 87.0 66.0 70.0 67.0 67.0 68.0 66.0 66.0 62.0 64.0 68.0 67.0 63.0 72.0 66.0 65.0 66.0 62.0 71.0 68.0 66.0 60.0 61.0 69.0 69.0 64.0 68.0 68.0 71.0 61.0 75.0 64.0 61.0 60.0 65.0 66.0 65.0 63.0 60.0 70.0 71.0 87.0 92.0 73.0 65.0 60.0 71.0 82.0 62.0 80.0 82.0 74.0 78.0 85.0 82.0 97.0 70.0 70.0 76.0 81.0 68.0 83.0 87.0 82.0 93.0 73.0 109.0 73.0 75.0 80.0 79.0 82.0 72.0 72.0 71.0 62.0 68.0 70.0 55.0 59.0 58.0 63.0 65.0 63.0 64.0 62.0 67.0 64.0 70.0 69.0 60.0 65.0 66.0 69.0 67.0 65.0 76.0 64.0 72.0 58.0 73.0 60.0 62.0 62.0 66.0 70.0 63.0 60.0 71.0 71.0 74.0 73.0 70.0 71.0 67.0 68.0 68.0 67.0 65.0 65.0 63.0 72.0 66.0 66.0 66.0 67.0 67.0 67.0 70.0 73.0 52.0 80.0 69.0 68.0 68.0 82.0 59.0 66.0 70.0 63.0 65.0 64.0 67.0 64.0 60.0 68.18118466898954 6.999644945344231
2 273.0 262.0 271.0 295.0 294.0 301.0 274.0 288.0 282.0 290.0 293.0 263.0 257.0 273.0 295.0 279.0 279.0 285.0 303.0 281.0 278.0 290.0 373.0 373.0 311.0 272.0 298.0 265.0 253.0 274.0 266.0 279.0 285.0 271.0 271.0 278.0 264.0 283.0 289.0 270.0 267.0 307.0 278.0 276.0 277.0 287.0 268.0 266.0 279.0 266.0 289.0 289.0 271.0 280.0 271.0 268.0 281.0 276.0 263.0 267.0 286.0 250.0 273.0 304.0 285.0 274.0 275.0 277.0 297.0 293.0 313.0 277.0 274.0 273.0 280.0 285.0 279.0 263.0 274.0 285.0 273.0 278.0 278.0 281.0 278.0 273.0 279.0 280.0 244.0 252.0 282.0 277.0 292.0 276.0 269.0 263.0 287.0 274.0 290.0 286.0 281.0 279.0 270.0 282.0 291.0 263.0 260.0 278.0 277.0 264.0 276.0 282.0 289.0 290.0 293.0 288.0 287.0 270.0 278.0 253.0 253.0 278.0 283.0 247.0 250.0 254.0 259.0 268.0 266.0 261.0 255.0 279.0 290.0 263.0 278.0 256.0 257.0 268.0 271.0 292.0 283.0 273.0 266.0 274.0 282.0 276.0 263.0 268.0 264.0 288.0 257.0 278.0 260.0 264.0 281.0 293.0 285.0 281.0 284.0 264.0 257.0 261.0 257.0 241.0 255.0 268.0 288.0 272.0 284.0 301.0 263.0 275.0 256.0 276.0 259.0 261.0 250.0 276.0 272.0 257.0 245.0 249.0 267.0 281.0 264.0 278.0 270.0 277.0 258.0 287.0 246.0 269.0 279.0 253.0 287.0 286.0 283.0 258.0 253.0 253.0 285.0 276.0 252.0 254.0 295.0 271.0 267.0 271.0 256.0 270.0 275.0 264.0 277.0 284.0 269.0 281.0 279.0 268.0 259.0 255.0 293.0 234.0 278.0 241.0 275.0 283.0 276.0 257.0 267.0 268.0 293.0 283.0 256.0 281.0 285.0 280.0 276.0 262.0 257.0 268.0 244.0 263.0 259.0 300.0 254.0 279.0 283.0 285.0 295.0 249.0 267.0 284.0 289.0 274.0 291.0 296.0 290.0 280.0 276.0 271.0 272.0 267.0 255.0 289.0 297.0 282.0 271.0 274.0 285.0 279.0 272.0 283.0 232.0 303.0 286.0 280.0 293.0 256.0 284.0 253.0 277.0 274.0 262.0 284.0 279.0 281.0 251.0 274.7108013937282 16.21371651416406
3 198.0 180.0 179.0 186.0 200.0 195.0 195.0 192.0 198.0 188.0 188.0 193.0 173.0 210.0 200.0 195.0 198.0 198.0 193.0 197.0 195.0 193.0 192.0 196.0 255.0 201.0 214.0 198.0 186.0 204.0 206.0 190.0 190.0 187.0 201.0 186.0 194.0 194.0 193.0 192.0 187.0 186.0 220.0 205.0 184.0 190.0 186.0 170.0 184.0 196.0 188.0 190.0 190.0 195.0 199.0 178.0 183.0 202.0 210.0 191.0 182.0 190.0 173.0 188.0 183.0 189.0 189.0 217.0 206.0 207.0 204.0 187.0 211.0 203.0 177.0 194.0 186.0 192.0 182.0 187.0 200.0 187.0 195.0 202.0 193.0 184.0 176.0 192.0 192.0 163.0 189.0 193.0 198.0 189.0 193.0 178.0 197.0 186.0 191.0 183.0 176.0 187.0 189.0 190.0 191.0 192.0 176.0 188.0 195.0 200.0 199.0 191.0 195.0 184.0 186.0 187.0 203.0 183.0 187.0 181.0 178.0 171.0 196.0 186.0 175.0 187.0 175.0 174.0 198.0 169.0 176.0 184.0 193.0 218.0 185.0 195.0 176.0 175.0 191.0 196.0 217.0 166.0 175.0 193.0 188.0 190.0 186.0 187.0 195.0 192.0 197.0 180.0 200.0 183.0 193.0 192.0 195.0 188.0 191.0 190.0 182.0 178.0 186.0 174.0 179.0 169.0 182.0 192.0 184.0 180.0 183.0 185.0 185.0 172.0 192.0 181.0 194.0 187.0 186.0 197.0 174.0 171.0 187.0 187.0 183.0 182.0 191.0 195.0 183.0 191.0 190.0 203.0 195.0 196.0 172.0 190.0 189.0 184.0 182.0 173.0 171.0 200.0 185.0 172.0 183.0 192.0 181.0 182.0 176.0 197.0 204.0 182.0 186.0 193.0 189.0 189.0 167.0 182.0 187.0 181.0 244.0 161.0 160.0 172.0 173.0 188.0 195.0 187.0 172.0 195.0 191.0 178.0 203.0 191.0 194.0 191.0 194.0 184.0 180.0 192.0 165.0 165.0 190.0 181.0 196.0 189.0 185.0 189.0 196.0 191.0 178.0 193.0 193.0 207.0 199.0 198.0 207.0 213.0 193.0 178.0 204.0 198.0 184.0 189.0 204.0 200.0 216.0 189.0 187.0 180.0 188.0 198.0 193.0 254.0 207.0 191.0 198.0 198.0 173.0 163.0 173.0 188.0 183.0 177.0 188.0 187.0 195.0 189.55400696864112 12.243010406682384
4 316.0 312.0 282.0 295.0 304.0 308.0 320.0 320.0 308.0 316.0 310.0 311.0 308.0 292.0 311.0 320.0 320.0 300.0 300.0 300.0 316.0 306.0 306.0 313.0 315.0 307.0 311.0 302.0 303.0 288.0 304.0 297.0 305.0 307.0 297.0 298.0 303.0 314.0 314.0 298.0 297.0 295.0 279.0 300.0 303.0 266.0 288.0 291.0 310.0 317.0 298.0 301.0 325.0 295.0 301.0 300.0 289.0 286.0 318.0 287.0 290.0 306.0 291.0 280.0 298.0 288.0 310.0 286.0 285.0 310.0 311.0 315.0 298.0 288.0 298.0 293.0 293.0 301.0 292.0 284.0 300.0 317.0 299.0 306.0 305.0 307.0 297.0 283.0 297.0 305.0 267.0 307.0 300.0 299.0 295.0 299.0 283.0 281.0 296.0 281.0 267.0 297.0 302.0 294.0 295.0 309.0 307.0 283.0 308.0 307.0 309.0 304.0 298.0 304.0 286.0 280.0 286.0 314.0 288.0 322.0 285.0 270.0 274.0 302.0 289.0 268.0 297.0 260.0 279.0 297.0 283.0 278.0 291.0 307.0 307.0 310.0 285.0 278.0 294.0 306.0 320.0 329.0 301.0 278.0 314.0 293.0 302.0 300.0 298.0 294.0 297.0 273.0 285.0 300.0 301.0 314.0 297.0 300.0 291.0 301.0 295.0 275.0 286.0 277.0 277.0 267.0 274.0 303.0 290.0 296.0 293.0 300.0 290.0 277.0 298.0 307.0 287.0 302.0 304.0 300.0 318.0 277.0 266.0 301.0 314.0 288.0 297.0 299.0 308.0 286.0 299.0 301.0 311.0 292.0 278.0 281.0 304.0 311.0 287.0 276.0 269.0 272.0 292.0 279.0 266.0 303.0 303.0 289.0 301.0 287.0 301.0 303.0 298.0 290.0 284.0 284.0 304.0 299.0 291.0 291.0 280.0 308.0 249.0 270.0 272.0 296.0 305.0 302.0 290.0 278.0 312.0 303.0 303.0 342.0 328.0 311.0 303.0 309.0 338.0 308.0 284.0 263.0 308.0 305.0 289.0 280.0 285.0 299.0 303.0 325.0 288.0 290.0 312.0 294.0 323.0 322.0 314.0 306.0 319.0 308.0 329.0 301.0 291.0 292.0 296.0 299.0 300.0 310.0 294.0 300.0 299.0 315.0 287.0 301.0 357.0 320.0 309.0 319.0 319.0 278.0 270.0 290.0 290.0 298.0 283.0 303.0 310.0 297.6794425087108 14.778138823975906
5 4.0 4.0 4.0 4.0 4.0 4.0 4.0 4.0 4.0 4.0 4.0 4.0 4.0 4.0 4.0 4.0 4.0 4.0 4.0 4.0 4.0 4.0 4.0 4.0 4.0 4.0 4.0 4.0 4.0 4.0 4.0 4.0 4.0 4.0 4.0 4.0 4.0 4.0 4.0 4.0 4.0 4.0 4.0 4.0 4.0 4.0 4.0 4.0 4.0 4.0 4.0 4.0 4.0 4.0 4.0 4.0 4.0 4.0 4.0 4.0 4.0 4.0 4.0 4.0 4.0 4.0 4.0 4.0 4.0 4.0 4.0 4.0 4.0 4.0 4.0 4.0 4.0 4.0 4.0 4.0 3.0 5.0 5.0 4.0 4.0 4.0 4.0 4.0 4.0 4.0 4.0 4.0 4.0 4.0 4.0 4.0 3.0 3.0 3.0 3.0 3.0 3.0 4.0 4.0 4.0 4.0 4.0 4.0 4.0 4.0 4.0 4.0 4.0 4.0 4.0 4.0 4.0 4.0 4.0 4.0 4.0 3.0 4.0 4.0 4.0 3.0 3.0 3.0 4.0 4.0 5.0 3.0 5.0 5.0 5.0 5.0 5.0 4.0 4.0 4.0 4.0 3.0 3.0 3.0 4.0 4.0 4.0 4.0 4.0 4.0 4.0 4.0 4.0 5.0 5.0 5.0 4.0 4.0 4.0 5.0 5.0 5.0 4.0 5.0 3.0 3.0 4.0 4.0 4.0 4.0 4.0 4.0 4.0 4.0 4.0 4.0 3.0 4.0 4.0 4.0 5.0 4.0 4.0 4.0 4.0 4.0 4.0 5.0 5.0 4.0 4.0 5.0 5.0 5.0 5.0 3.0 3.0 3.0 4.0 4.0 3.0 3.0 3.0 4.0 3.0 3.0 4.0 4.0 3.0 4.0 4.0 4.0 4.0 4.0 4.0 3.0 3.0 3.0 3.0 3.0 3.0 3.0 3.0 3.0 3.0 4.0 4.0 4.0 4.0 4.0 4.0 4.0 4.0 4.0 5.0 5.0 5.0 5.0 5.0 5.0 5.0 5.0 5.0 5.0 5.0 5.0 4.0 4.0 4.0 4.0 4.0 4.0 4.0 4.0 4.0 4.0 4.0 4.0 4.0 4.0 4.0 4.0 4.0 4.0 4.0 4.0 4.0 4.0 4.0 4.0 4.0 4.0 4.0 4.0 4.0 4.0 4.0 4.0 4.0 4.0 4.0 4.0 4.0 4.0 4.0 4.0 4.0 3.989547038327526 0.49813863712890055
6 348.0 367.0 361.0 324.0 348.0 332.0 344.0 343.0 343.0 351.0 350.0 365.0 481.0 370.0 543.0 348.0 354.0 372.0 334.0 334.0 334.0 374.0 345.0 340.0 348.0 423.0 372.0 366.0 349.0 366.0 344.0 349.0 336.0 340.0 342.0 338.0 333.0 334.0 344.0 356.0 337.0 341.0 331.0 309.0 366.0 437.0 312.0 317.0 326.0 326.0 328.0 327.0 327.0 351.0 397.0 336.0 333.0 585.0 367.0 367.0 334.0 340.0 360.0 395.0 330.0 353.0 331.0 325.0 508.0 329.0 350.0 350.0 356.0 355.0 380.0 342.0 336.0 341.0 357.0 333.0 324.0 334.0 368.0 379.0 349.0 339.0 341.0 338.0 326.0 344.0 326.0 308.0 388.0 346.0 393.0 301.0 326.0 343.0 323.0 341.0 374.0 350.0 348.0 419.0 326.0 330.0 363.0 346.0 325.0 362.0 353.0 348.0 344.0 338.0 428.0 342.0 428.0 329.0 338.0 332.0 335.0 318.0 348.0 357.0 341.0 307.0 301.0 339.0 355.0 398.0 360.0 299.0 352.0 337.0 346.0 309.0 345.0 367.0 312.0 298.0 335.0 358.0 337.0 332.0 330.0 336.0 322.0 311.0 336.0 382.0 377.0 374.0 362.0 373.0 339.0 352.0 358.0 338.0 347.0 342.0 334.0 366.0 311.0 317.0 322.0 309.0 303.0 305.0 334.0 346.0 336.0 320.0 355.0 329.0 331.0 334.0 324.0 311.0 330.0 372.0 344.0 318.0 324.0 302.0 338.0 354.0 346.0 353.0 339.0 345.0 317.0 351.0 344.0 330.0 338.0 310.0 335.0 350.0 334.0 323.0 307.0 331.0 353.0 343.0 316.0 296.0 322.0 337.0 317.0 327.0 367.0 329.0 339.0 351.0 333.0 314.0 316.0 348.0 353.0 339.0 326.0 323.0 342.0 276.0 332.0 341.0 336.0 350.0 307.0 306.0 312.0 347.0 353.0 342.0 372.0 305.0 338.0 340.0 352.0 337.0 354.0 343.0 310.0 298.0 338.0 349.0 363.0 336.0 314.0 344.0 354.0 324.0 330.0 344.0 344.0 350.0 354.0 306.0 361.0 377.0 356.0 346.0 341.0 333.0 329.0 328.0 336.0 346.0 344.0 335.0 327.0 328.0 412.0 299.0 349.0 361.0 343.0 362.0 347.0 349.0 311.0 305.0 320.0 328.0 315.0 346.0 6912.0 366.7421602787457 389.0378795795654
7 393.0 403.0 537.0 427.0 437.0 480.0 510.0 486.0 482.0 482.0 511.0 521.0 480.0 485.0 471.0 474.0 478.0 478.0 501.0 493.0 493.0 493.0 493.0 464.0 476.0 495.0 501.0 498.0 510.0 481.0 486.0 477.0 475.0 473.0 485.0 475.0 474.0 476.0 469.0 488.0 488.0 479.0 478.0 466.0 430.0 411.0 411.0 434.0 436.0 494.0 454.0 490.0 473.0 477.0 492.0 467.0 471.0 477.0 490.0 493.0 510.0 455.0 449.0 460.0 494.0 473.0 505.0 450.0 459.0 507.0 487.0 479.0 484.0 498.0 491.0 479.0 488.0 471.0 471.0 479.0 480.0 475.0 475.0 515.0 520.0 671.0 642.0 537.0 494.0 548.0 546.0 464.0 433.0 469.0 472.0 478.0 454.0 475.0 483.0 470.0 445.0 472.0 467.0 473.0 483.0 470.0 472.0 473.0 478.0 445.0 474.0 505.0 510.0 487.0 477.0 452.0 441.0 465.0 466.0 456.0 445.0 477.0 458.0 505.0 509.0 488.0 433.0 439.0 439.0 465.0 479.0 482.0 456.0 449.0 483.0 480.0 476.0 488.0 489.0 429.0 431.0 456.0 467.0 489.0 488.0 545.0 465.0 450.0 444.0 458.0 486.0 472.0 472.0 478.0 474.0 492.0 477.0 479.0 484.0 474.0 470.0 472.0 477.0 502.0 485.0 436.0 424.0 429.0 443.0 473.0 473.0 477.0 468.0 466.0 462.0 489.0 473.0 451.0 438.0 460.0 480.0 455.0 469.0 435.0 416.0 461.0 480.0 471.0 472.0 473.0 478.0 450.0 454.0 486.0 475.0 458.0 452.0 439.0 460.0 460.0 446.0 439.0 473.0 432.0 460.0 434.0 407.0 496.0 466.0 454.0 447.0 470.0 483.0 514.0 459.0 444.0 451.0 494.0 489.0 468.0 487.0 468.0 486.0 456.0 480.0 480.0 468.0 469.0 488.0 427.0 416.0 445.0 478.0 484.0 502.0 496.0 497.0 474.0 476.0 494.0 491.0 483.0 487.0 427.0 414.0 467.0 471.0 484.0 482.0 449.0 436.0 500.0 500.0 462.0 497.0 501.0 476.0 497.0 465.0 493.0 509.0 511.0 480.0 466.0 485.0 472.0 471.0 469.0 464.0 484.0 465.0 477.0 467.0 478.0 417.0 464.0 481.0 505.0 510.0 514.0 510.0 435.0 448.0 444.0 483.0 484.0 476.0 473.91289198606273 29.034511794993335
8 617.0 571.0 556.0 604.0 610.0 649.0 647.0 648.0 726.0 690.0 654.0 740.0 710.0 718.0 682.0 669.0 609.0 631.0 616.0 634.0 685.0 655.0 660.0 651.0 632.0 654.0 681.0 687.0 685.0 690.0 675.0 668.0 675.0 650.0 670.0 636.0 681.0 676.0 691.0 661.0 651.0 670.0 659.0 648.0 664.0 644.0 636.0 588.0 570.0 576.0 599.0 675.0 667.0 684.0 673.0 671.0 699.0 708.0 689.0 654.0 699.0 713.0 635.0 640.0 630.0 678.0 651.0 650.0 660.0 621.0 660.0 649.0 651.0 636.0 676.0 658.0 665.0 651.0 652.0 647.0 609.0 576.0 612.0 616.0 638.0 644.0 643.0 692.0 646.0 630.0 650.0 652.0 652.0 598.0 635.0 656.0 656.0 641.0 679.0 659.0 670.0 641.0 617.0 639.0 655.0 718.0 693.0 686.0 677.0 671.0 669.0 698.0 719.0 734.0 694.0 714.0 679.0 660.0 734.0 657.0 676.0 736.0 703.0 663.0 662.0 595.0 644.0 640.0 573.0 590.0 628.0 625.0 668.0 630.0 633.0 639.0 656.0 640.0 649.0 661.0 616.0 591.0 582.0 666.0 656.0 648.0 648.0 639.0 646.0 606.0 599.0 631.0 635.0 654.0 620.0 647.0 630.0 599.0 662.0 720.0 680.0 669.0 649.0 648.0 609.0 616.0 619.0 596.0 591.0 578.0 583.0 638.0 631.0 646.0 655.0 683.0 679.0 668.0 644.0 611.0 610.0 671.0 718.0 682.0 617.0 593.0 571.0 608.0 643.0 641.0 647.0 662.0 634.0 620.0 632.0 660.0 635.0 626.0 643.0 657.0 641.0 634.0 601.0 608.0 608.0 662.0 661.0 599.0 585.0 656.0 646.0 643.0 624.0 643.0 632.0 643.0 657.0 639.0 638.0 645.0 637.0 653.0 655.0 642.0 694.0 635.0 631.0 677.0 654.0 646.0 636.0 591.0 587.0 642.0 650.0 641.0 649.0 642.0 631.0 637.0 657.0 647.0 655.0 650.0 677.0 659.0 712.0 640.0 671.0 705.0 596.0 579.0 579.0 683.0 682.0 738.0 646.0 631.0 663.0 689.0 701.0 694.0 690.0 669.0 668.0 653.0 650.0 625.0 637.0 636.0 657.0 664.0 640.0 633.0 640.0 650.0 661.0 576.0 593.0 616.0 599.0 1070.0 658.0 628.0 636.0 637.0 689.0 649.801393728223 42.412875710363664
9 978.0 985.0 959.0 1004.0 996.0 893.0 967.0 1023.0 918.0 915.0 1006.0 1070.0 1102.0 1024.0 1020.0 1076.0 1174.0 1026.0 948.0 1156.0 904.0 895.0 912.0 928.0 935.0 933.0 940.0 977.0 983.0 1009.0 1014.0 1004.0 992.0 994.0 981.0 960.0 957.0 957.0 948.0 972.0 972.0 897.0 906.0 944.0 975.0 961.0 949.0 926.0 917.0 920.0 891.0 848.0 854.0 932.0 978.0 963.0 980.0 986.0 1013.0 1021.0 978.0 975.0 975.0 999.0 957.0 943.0 943.0 1008.0 924.0 978.0 956.0 979.0 939.0 925.0 953.0 952.0 949.0 978.0 1059.0 962.0 955.0 947.0 870.0 819.0 841.0 910.0 911.0 937.0 1041.0 961.0 936.0 945.0 946.0 953.0 944.0 950.0 943.0 862.0 899.0 929.0 948.0 964.0 963.0 922.0 956.0 942.0 936.0 983.0 983.0 989.0 940.0 939.0 939.0 960.0 986.0 978.0 993.0 992.0 996.0 939.0 1004.0 968.0 1011.0 950.0 1028.0 1014.0 995.0 967.0 976.0 940.0 884.0 849.0 857.0 933.0 937.0 969.0 914.0 897.0 944.0 928.0 957.0 962.0 929.0 862.0 861.0 919.0 962.0 950.0 928.0 924.0 937.0 876.0 875.0 897.0 911.0 940.0 932.0 912.0 895.0 922.0 925.0 942.0 972.0 957.0 891.0 951.0 994.0 955.0 881.0 850.0 847.0 844.0 864.0 893.0 953.0 927.0 945.0 957.0 981.0 970.0 960.0 905.0 903.0 906.0 998.0 961.0 950.0 852.0 867.0 885.0 957.0 946.0 895.0 878.0 935.0 930.0 915.0 961.0 922.0 940.0 948.0 964.0 968.0 920.0 897.0 912.0 872.0 933.0 878.0 870.0 905.0 921.0 969.0 908.0 908.0 931.0 910.0 906.0 912.0 915.0 944.0 932.0 935.0 952.0 935.0 932.0 915.0 930.0 965.0 961.0 969.0 901.0 906.0 871.0 864.0 909.0 939.0 963.0 942.0 927.0 945.0 922.0 937.0 948.0 943.0 956.0 1003.0 974.0 953.0 963.0 925.0 1010.0 829.0 868.0 836.0 877.0 981.0 965.0 938.0 922.0 963.0 924.0 929.0 965.0 989.0 1011.0 987.0 1043.0 985.0 938.0 937.0 923.0 957.0 940.0 947.0 936.0 931.0 926.0 933.0 926.0 1110.0 875.0 868.0 899.0 953.0 952.0 932.0 944.0452961672474 49.379379460544875
10 484.0 532.0 518.0 469.0 454.0 545.0 447.0 422.0 556.0 438.0 476.0 499.0 742.0 580.0 584.0 508.0 508.0 483.0 488.0 551.0 551.0 497.0 497.0 451.0 457.0 507.0 475.0 529.0 481.0 628.0 493.0 519.0 570.0 529.0 510.0 528.0 514.0 505.0 505.0 520.0 493.0 501.0 488.0 537.0 513.0 509.0 520.0 501.0 524.0 530.0 479.0 458.0 492.0 438.0 454.0 501.0 501.0 455.0 542.0 525.0 563.0 514.0 559.0 539.0 504.0 487.0 518.0 480.0 514.0 500.0 498.0 574.0 508.0 481.0 460.0 462.0 768.0 491.0 519.0 550.0 507.0 504.0 497.0 509.0 474.0 421.0 458.0 467.0 456.0 528.0 520.0 479.0 485.0 489.0 494.0 505.0 524.0 493.0 566.0 472.0 461.0 489.0 507.0 457.0 485.0 520.0 479.0 486.0 476.0 488.0 540.0 509.0 526.0 515.0 477.0 496.0 512.0 512.0 481.0 504.0 504.0 520.0 533.0 484.0 510.0 517.0 488.0 554.0 468.0 474.0 522.0 512.0 464.0 439.0 451.0 463.0 478.0 497.0 498.0 452.0 500.0 497.0 468.0 535.0 516.0 463.0 450.0 459.0 477.0 487.0 488.0 477.0 506.0 472.0 442.0 461.0 473.0 489.0 500.0 499.0 495.0 456.0 480.0 514.0 504.0 495.0 494.0 511.0 507.0 486.0 549.0 441.0 433.0 456.0 441.0 432.0 484.0 500.0 498.0 508.0 496.0 488.0 491.0 477.0 453.0 479.0 502.0 532.0 482.0 474.0 434.0 461.0 504.0 480.0 457.0 445.0 482.0 470.0 500.0 495.0 490.0 486.0 484.0 541.0 489.0 501.0 491.0 477.0 429.0 421.0 558.0 501.0 478.0 455.0 486.0 536.0 504.0 487.0 494.0 433.0 537.0 502.0 509.0 479.0 467.0 488.0 496.0 482.0 485.0 492.0 539.0 500.0 546.0 489.0 513.0 441.0 440.0 467.0 493.0 518.0 494.0 525.0 492.0 559.0 485.0 473.0 487.0 483.0 491.0 455.0 466.0 497.0 482.0 482.0 557.0 417.0 426.0 490.0 490.0 493.0 491.0 478.0 421.0 591.0 490.0 494.0 513.0 495.0 590.0 510.0 510.0 494.0 488.0 511.0 485.0 487.0 493.0 500.0 478.0 482.0 476.0 492.0 485.0 492.0 455.0 448.0 502.0 495.67944250871085 39.25363591510027
11 667.0 708.0 651.0 653.0 661.0 628.0 594.0 562.0 502.0 526.0 649.0 641.0 757.0 667.0 697.0 693.0 696.0 658.0 625.0 610.0 612.0 754.0 643.0 1237.0 761.0 612.0 614.0 652.0 633.0 652.0 624.0 607.0 612.0 684.0 711.0 680.0 659.0 672.0 653.0 638.0 653.0 672.0 639.0 647.0 634.0 634.0 659.0 674.0 686.0 643.0 650.0 650.0 619.0 634.0 572.0 562.0 583.0 649.0 634.0 592.0 626.0 648.0 688.0 706.0 682.0 678.0 675.0 646.0 639.0 636.0 637.0 651.0 630.0 674.0 624.0 629.0 607.0 623.0 662.0 637.0 605.0 627.0 650.0 637.0 635.0 642.0 566.0 539.0 610.0 598.0 609.0 661.0 643.0 651.0 649.0 654.0 629.0 630.0 648.0 637.0 609.0 590.0 610.0 635.0 644.0 624.0 631.0 644.0 621.0 549.0 602.0 630.0 658.0 646.0 624.0 616.0 629.0 626.0 648.0 645.0 630.0 635.0 686.0 641.0 631.0 609.0 642.0 637.0 616.0 618.0 606.0 627.0 671.0 621.0 582.0 573.0 600.0 612.0 624.0 631.0 616.0 617.0 630.0 636.0 646.0 665.0 617.0 549.0 533.0 628.0 605.0 613.0 634.0 633.0 643.0 603.0 578.0 600.0 614.0 645.0 628.0 633.0 572.0 604.0 616.0 642.0 641.0 645.0 639.0 642.0 634.0 628.0 633.0 564.0 571.0 596.0 583.0 580.0 627.0 633.0 633.0 640.0 619.0 632.0 636.0 594.0 591.0 624.0 654.0 645.0 617.0 570.0 558.0 628.0 637.0 610.0 569.0 596.0 598.0 621.0 614.0 656.0 623.0 621.0 622.0 677.0 645.0 617.0 634.0 575.0 545.0 552.0 623.0 611.0 632.0 587.0 653.0 664.0 649.0 620.0 614.0 613.0 621.0 631.0 624.0 631.0 640.0 635.0 644.0 600.0 590.0 620.0 659.0 598.0 579.0 642.0 598.0 601.0 650.0 576.0 641.0 654.0 630.0 658.0 652.0 672.0 659.0 626.0 650.0 642.0 648.0 637.0 628.0 648.0 655.0 613.0 588.0 561.0 565.0 637.0 630.0 613.0 622.0 628.0 580.0 649.0 638.0 652.0 643.0 641.0 659.0 674.0 665.0 647.0 632.0 660.0 652.0 628.0 627.0 642.0 683.0 647.0 629.0 605.0 649.0 593.0 582.0 631.4982578397213 49.9888711086428
12 7.0 7.0 7.0 7.0 7.0 8.0 8.0 7.0 7.0 6.0 6.0 6.0 6.0 6.0 6.0 6.0 7.0 7.0 7.0 7.0 7.0 7.0 7.0 7.0 7.0 8.0 8.0 8.0 8.0 7.0 7.0 7.0 7.0 7.0 7.0 7.0 7.0 7.0 7.0 7.0 7.0 7.0 7.0 7.0 7.0 7.0 7.0 7.0 7.0 7.0 7.0 7.0 7.0 7.0 7.0 7.0 7.0 7.0 7.0 7.0 7.0 7.0 7.0 7.0 7.0 7.0 7.0 7.0 7.0 7.0 7.0 7.0 7.0 7.0 7.0 7.0 7.0 7.0 7.0 7.0 7.0 7.0 7.0 8.0 8.0 7.0 7.0 7.0 7.0 7.0 6.0 6.0 6.0 7.0 7.0 7.0 7.0 7.0 7.0 7.0 7.0 7.0 7.0 7.0 7.0 7.0 7.0 7.0 7.0 7.0 7.0 7.0 7.0 7.0 7.0 7.0 7.0 7.0 7.0 7.0 7.0 7.0 7.0 7.0 7.0 7.0 7.0 7.0 7.0 7.0 7.0 6.0 6.0 7.0 7.0 7.0 6.0 6.0 6.0 6.0 6.0 7.0 7.0 6.0 6.0 6.0 6.0 6.0 6.0 6.0 7.0 7.0 7.0 7.0 7.0 7.0 7.0 6.0 6.0 7.0 8.0 8.0 8.0 6.0 6.0 6.0 6.0 7.0 7.0 7.0 6.0 6.0 6.0 7.0 6.0 7.0 7.0 6.0 6.0 6.0 7.0 7.0 7.0 7.0 7.0 7.0 7.0 6.0 7.0 7.0 7.0 7.0 7.0 6.0 6.0 6.0 6.0 6.0 8.0 7.0 7.0 7.0 7.0 7.0 7.0 7.0 7.0 7.0 7.0 6.0 6.0 6.0 6.0 6.0 7.0 7.0 7.0 6.0 6.0 7.0 7.0 7.0 7.0 7.0 7.0 7.0 7.0 7.0 7.0 7.0 7.0 7.0 7.0 7.0 7.0 7.0 7.0 7.0 7.0 6.0 7.0 7.0 7.0 7.0 7.0 7.0 7.0 7.0 7.0 7.0 7.0 7.0 7.0 7.0 7.0 7.0 7.0 7.0 6.0 7.0 7.0 7.0 7.0 7.0 7.0 7.0 7.0 7.0 7.0 7.0 7.0 7.0 7.0 7.0 7.0 7.0 7.0 7.0 7.0 7.0 7.0 7.0 7.0 7.0 7.0 7.0 7.0 6.860627177700349 0.4519773460658079
13 98.0 99.0 102.0 96.0 93.0 100.0 100.0 89.0 89.0 81.0 94.0 94.0 94.0 99.0 99.0 99.0 100.0 100.0 98.0 98.0 89.0 94.0 94.0 94.0 94.0 100.0 89.0 89.0 94.0 94.0 94.0 93.0 93.0 93.0 99.0 103.0 104.0 98.0 104.0 89.0 95.0 107.0 92.0 91.0 97.0 95.0 95.0 92.0 100.0 96.0 100.0 96.0 95.0 87.0 96.0 96.0 80.0 89.0 89.0 99.0 85.0 85.0 92.0 99.0 99.0 95.0 105.0 95.0 97.0 106.0 96.0 95.0 89.0 96.0 94.0 91.0 91.0 91.0 95.0 95.0 91.0 91.0 94.0 94.0 95.0 93.0 94.0 87.0 78.0 98.0 90.0 95.0 99.0 96.0 90.0 92.0 97.0 95.0 91.0 95.0 93.0 95.0 86.0 95.0 99.0 96.0 93.0 93.0 93.0 93.0 87.0 89.0 100.0 96.0 97.0 100.0 88.0 94.0 92.0 99.0 100.0 95.0 93.0 98.0 92.0 92.0 94.0 90.0 92.0 93.0 95.0 86.0 91.0 100.0 87.0 93.0 88.0 94.0 96.0 93.0 93.0 91.0 90.0 93.0 90.0 98.0 96.0 92.0 81.0 81.0 97.0 93.0 85.0 91.0 96.0 100.0 92.0 86.0 92.0 96.0 99.0 92.0 94.0 85.0 95.0 89.0 98.0 96.0 100.0 93.0 98.0 96.0 87.0 92.0 88.0 87.0 94.0 83.0 86.0 92.0 93.0 94.0 96.0 96.0 91.0 96.0 96.0 87.0 97.0 96.0 101.0 91.0 86.0 87.0 96.0 94.0 98.0 84.0 98.0 88.0 100.0 97.0 102.0 98.0 91.0 93.0 98.0 90.0 93.0 91.0 96.0 99.0 91.0 86.0 95.0 86.0 86.0 96.0 94.0 96.0 95.0 103.0 88.0 95.0 90.0 95.0 96.0 97.0 88.0 97.0 95.0 90.0 96.0 92.0 93.0 93.0 96.0 102.0 88.0 91.0 81.0 88.0 99.0 93.0 93.0 95.0 95.0 98.0 93.0 96.0 103.0 97.0 97.0 97.0 94.0 100.0 100.0 90.0 87.0 93.0 94.0 93.0 93.0 95.0 98.0 98.0 98.0 94.0 94.0 96.0 94.0 96.0 94.0 101.0 98.0 94.0 93.0 99.0 90.0 93.0 101.0 101.0 94.0 88.0 103.0 86.0 86.0 93.89895470383276 4.799500879648352
14 607.0 596.0 608.0 625.0 626.0 596.0 611.0 633.0 586.0 485.0 485.0 486.0 594.0 649.0 672.0 613.0 636.0 621.0 604.0 599.0 604.0 554.0 552.0 636.0 589.0 550.0 550.0 560.0 552.0 595.0 597.0 586.0 601.0 621.0 569.0 583.0 628.0 632.0 628.0 631.0 604.0 600.0 603.0 583.0 577.0 597.0 602.0 593.0 559.0 607.0 606.0 608.0 602.0 573.0 562.0 582.0 566.0 513.0 526.0 646.0 601.0 591.0 571.0 538.0 607.0 628.0 628.0 614.0 606.0 623.0 613.0 591.0 575.0 567.0 587.0 589.0 558.0 563.0 573.0 555.0 596.0 578.0 583.0 552.0 570.0 600.0 568.0 541.0 519.0 510.0 549.0 556.0 560.0 621.0 602.0 608.0 651.0 594.0 593.0 588.0 600.0 587.0 542.0 544.0 557.0 584.0 588.0 596.0 593.0 602.0 590.0 559.0 551.0 577.0 574.0 597.0 608.0 542.0 546.0 577.0 590.0 595.0 591.0 589.0 622.0 619.0 590.0 633.0 643.0 584.0 621.0 604.0 601.0 575.0 584.0 545.0 523.0 556.0 529.0 575.0 592.0 628.0 596.0 591.0 596.0 584.0 591.0 600.0 579.0 548.0 516.0 598.0 593.0 579.0 580.0 575.0 576.0 541.0 542.0 556.0 582.0 604.0 604.0 621.0 561.0 564.0 575.0 599.0 601.0 584.0 559.0 576.0 538.0 563.0 589.0 525.0 542.0 552.0 533.0 537.0 579.0 571.0 575.0 584.0 567.0 564.0 581.0 551.0 545.0 570.0 576.0 618.0 596.0 549.0 585.0 595.0 582.0 593.0 540.0 550.0 598.0 603.0 601.0 584.0 592.0 568.0 562.0 598.0 589.0 576.0 573.0 601.0 602.0 599.0 500.0 571.0 593.0 563.0 623.0 624.0 556.0 547.0 577.0 544.0 557.0 551.0 599.0 609.0 580.0 565.0 585.0 583.0 580.0 571.0 547.0 584.0 603.0 569.0 626.0 604.0 519.0 528.0 582.0 621.0 615.0 601.0 610.0 599.0 578.0 571.0 575.0 595.0 605.0 587.0 609.0 586.0 591.0 604.0 542.0 533.0 554.0 599.0 566.0 574.0 594.0 592.0 578.0 560.0 591.0 596.0 593.0 583.0 549.0 557.0 630.0 617.0 561.0 602.0 606.0 580.0 575.0 568.0 614.0 594.0 557.0 644.0 625.0 582.8118466898954 30.047040027429993
15 382.0 380.0 392.0 396.0 404.0 416.0 396.0 380.0 420.0 387.0 392.0 310.0 317.0 387.0 395.0 389.0 409.0 366.0 366.0 409.0 394.0 388.0 360.0 361.0 368.0 368.0 368.0 366.0 361.0 364.0 364.0 384.0 372.0 370.0 403.0 403.0 376.0 403.0 413.0 411.0 400.0 392.0 387.0 383.0 386.0 368.0 386.0 393.0 387.0 372.0 375.0 396.0 392.0 399.0 396.0 367.0 375.0 393.0 331.0 347.0 375.0 386.0 386.0 363.0 542.0 357.0 398.0 405.0 387.0 396.0 411.0 411.0 384.0 384.0 353.0 354.0 384.0 363.0 356.0 375.0 356.0 377.0 374.0 372.0 360.0 364.0 371.0 387.0 351.0 354.0 329.0 378.0 362.0 357.0 441.0 391.0 386.0 395.0 389.0 387.0 382.0 395.0 379.0 341.0 342.0 364.0 381.0 386.0 373.0 384.0 376.0 379.0 385.0 362.0 370.0 383.0 379.0 403.0 357.0 352.0 375.0 375.0 396.0 383.0 382.0 386.0 388.0 381.0 384.0 383.0 392.0 356.0 394.0 376.0 368.0 370.0 387.0 338.0 350.0 332.0 361.0 358.0 371.0 379.0 365.0 374.0 388.0 387.0 388.0 382.0 356.0 331.0 377.0 380.0 378.0 370.0 361.0 368.0 371.0 356.0 352.0 384.0 390.0 389.0 390.0 370.0 354.0 377.0 380.0 393.0 392.0 372.0 357.0 362.0 343.0 379.0 357.0 352.0 369.0 349.0 355.0 367.0 371.0 364.0 392.0 359.0 354.0 371.0 379.0 353.0 363.0 385.0 394.0 392.0 363.0 372.0 394.0 395.0 385.0 362.0 341.0 391.0 387.0 404.0 390.0 371.0 370.0 368.0 377.0 390.0 374.0 372.0 387.0 394.0 398.0 369.0 319.0 412.0 402.0 384.0 396.0 358.0 352.0 389.0 334.0 367.0 366.0 384.0 385.0 395.0 379.0 391.0 425.0 387.0 381.0 391.0 372.0 401.0 370.0 410.0 406.0 381.0 361.0 406.0 420.0 406.0 398.0 396.0 406.0 389.0 409.0 375.0 434.0 401.0 404.0 395.0 395.0 400.0 396.0 399.0 355.0 408.0 392.0 397.0 391.0 381.0 400.0 417.0 442.0 387.0 399.0 375.0 394.0 365.0 373.0 400.0 442.0 419.0 402.0 396.0 410.0 373.0 390.0 379.0 408.0 391.0 403.0 380.89198606271776 22.682642663710848
16 145.0 133.0 129.0 136.0 140.0 140.0 146.0 135.0 130.0 143.0 143.0 130.0 110.0 131.0 133.0 133.0 133.0 146.0 146.0 146.0 142.0 137.0 136.0 136.0 126.0 136.0 131.0 131.0 125.0 123.0 126.0 126.0 131.0 131.0 131.0 141.0 141.0 130.0 130.0 142.0 141.0 139.0 137.0 134.0 134.0 135.0 125.0 133.0 136.0 139.0 117.0 135.0 141.0 138.0 138.0 134.0 126.0 136.0 135.0 123.0 124.0 130.0 136.0 133.0 133.0 125.0 114.0 143.0 141.0 131.0 131.0 146.0 127.0 132.0 141.0 122.0 126.0 132.0 123.0 124.0 131.0 124.0 133.0 122.0 135.0 124.0 131.0 129.0 138.0 121.0 125.0 114.0 130.0 127.0 122.0 147.0 138.0 132.0 133.0 136.0 135.0 131.0 133.0 135.0 114.0 120.0 123.0 134.0 124.0 130.0 131.0 133.0 127.0 131.0 125.0 125.0 134.0 132.0 139.0 123.0 121.0 131.0 131.0 137.0 132.0 132.0 133.0 132.0 128.0 135.0 132.0 130.0 133.0 134.0 131.0 125.0 131.0 118.0 116.0 119.0 114.0 126.0 137.0 126.0 128.0 125.0 132.0 138.0 127.0 134.0 127.0 119.0 115.0 137.0 134.0 130.0 128.0 126.0 126.0 131.0 119.0 132.0 138.0 137.0 139.0 132.0 126.0 123.0 132.0 131.0 135.0 137.0 125.0 120.0 123.0 134.0 134.0 122.0 125.0 133.0 120.0 120.0 129.0 130.0 126.0 136.0 137.0 126.0 127.0 127.0 121.0 134.0 139.0 136.0 140.0 125.0 135.0 138.0 136.0 135.0 118.0 116.0 143.0 131.0 142.0 118.0 128.0 140.0 127.0 135.0 134.0 126.0 131.0 139.0 139.0 137.0 125.0 110.0 145.0 142.0 154.0 133.0 119.0 120.0 150.0 115.0 115.0 132.0 129.0 132.0 124.0 132.0 135.0 143.0 132.0 126.0 114.0 131.0 133.0 133.0 154.0 140.0 143.0 113.0 140.0 138.0 136.0 136.0 139.0 138.0 135.0 125.0 127.0 133.0 143.0 124.0 138.0 135.0 138.0 139.0 133.0 130.0 127.0 133.0 133.0 128.0 128.0 133.0 142.0 122.0 136.0 133.0 133.0 135.0 123.0 120.0 133.0 147.0 136.0 133.0 136.0 135.0 129.0 124.0 124.0 145.0 135.0 131.37282229965157 7.76695258748785
17 478.0 508.0 482.0 498.0 500.0 504.0 516.0 523.0 505.0 482.0 508.0 506.0 406.0 416.0 394.0 495.0 490.0 528.0 503.0 543.0 503.0 518.0 498.0 496.0 461.0 461.0 500.0 506.0 511.0 496.0 525.0 459.0 459.0 491.0 488.0 476.0 505.0 484.0 470.0 484.0 520.0 520.0 512.0 536.0 541.0 481.0 495.0 499.0 512.0 507.0 498.0 467.0 541.0 556.0 527.0 510.0 494.0 495.0 493.0 503.0 436.0 465.0 508.0 519.0 472.0 590.0 472.0 727.0 505.0 506.0 510.0 491.0 512.0 591.0 441.0 414.0 448.0 471.0 487.0 457.0 477.0 496.0 503.0 532.0 495.0 504.0 480.0 478.0 489.0 476.0 442.0 429.0 449.0 459.0 458.0 462.0 503.0 483.0 543.0 498.0 497.0 512.0 501.0 498.0 478.0 457.0 463.0 492.0 491.0 506.0 500.0 514.0 507.0 525.0 507.0 485.0 490.0 498.0 512.0 472.0 461.0 457.0 505.0 497.0 501.0 493.0 490.0 514.0 503.0 502.0 503.0 486.0 483.0 486.0 513.0 485.0 483.0 491.0 440.0 463.0 447.0 437.0 495.0 481.0 471.0 462.0 479.0 488.0 524.0 499.0 499.0 485.0 450.0 424.0 491.0 488.0 485.0 469.0 473.0 478.0 499.0 445.0 462.0 498.0 492.0 500.0 511.0 470.0 457.0 421.0 454.0 475.0 489.0 490.0 465.0 467.0 474.0 487.0 454.0 444.0 466.0 445.0 451.0 459.0 472.0 475.0 511.0 491.0 479.0 478.0 435.0 468.0 466.0 508.0 492.0 488.0 477.0 496.0 506.0 496.0 493.0 460.0 448.0 510.0 524.0 441.0 468.0 519.0 502.0 483.0 495.0 518.0 499.0 496.0 507.0 516.0 501.0 430.0 446.0 545.0 546.0 489.0 506.0 442.0 461.0 425.0 458.0 478.0 499.0 484.0 470.0 494.0 501.0 503.0 502.0 487.0 451.0 437.0 488.0 532.0 441.0 487.0 523.0 449.0 433.0 496.0 512.0 493.0 493.0 513.0 507.0 496.0 480.0 479.0 493.0 501.0 492.0 501.0 494.0 509.0 502.0 465.0 499.0 460.0 498.0 491.0 518.0 483.0 519.0 509.0 481.0 483.0 944.0 519.0 564.0 471.0 456.0 487.0 543.0 514.0 481.0 522.0 509.0 485.0 482.0 473.0 511.0 490.50522648083626 41.51163549752402
18 294.0 285.0 292.0 275.0 279.0 282.0 287.0 295.0 298.0 293.0 274.0 275.0 297.0 286.0 272.0 317.0 305.0 288.0 288.0 290.0 283.0 286.0 296.0 292.0 283.0 283.0 264.0 283.0 283.0 291.0 310.0 331.0 265.0 265.0 275.0 284.0 263.0 295.0 295.0 269.0 269.0 291.0 300.0 292.0 289.0 280.0 278.0 283.0 271.0 275.0 297.0 290.0 292.0 288.0 297.0 281.0 299.0 296.0 274.0 277.0 292.0 240.0 300.0 274.0 268.0 272.0 284.0 274.0 268.0 275.0 282.0 278.0 279.0 276.0 285.0 241.0 240.0 259.0 269.0 279.0 256.0 272.0 279.0 278.0 276.0 298.0 279.0 266.0 251.0 248.0 259.0 250.0 244.0 250.0 271.0 266.0 265.0 258.0 272.0 284.0 283.0 286.0 278.0 281.0 279.0 286.0 250.0 249.0 269.0 278.0 282.0 281.0 278.0 264.0 272.0 279.0 271.0 274.0 273.0 274.0 290.0 260.0 258.0 284.0 277.0 289.0 278.0 286.0 284.0 284.0 279.0 279.0 275.0 278.0 262.0 287.0 280.0 271.0 284.0 271.0 268.0 256.0 259.0 285.0 277.0 274.0 264.0 266.0 277.0 266.0 272.0 283.0 276.0 241.0 261.0 283.0 279.0 267.0 264.0 274.0 271.0 278.0 258.0 266.0 285.0 287.0 276.0 280.0 277.0 254.0 252.0 247.0 277.0 294.0 274.0 278.0 259.0 284.0 268.0 274.0 261.0 264.0 266.0 259.0 268.0 266.0 269.0 275.0 284.0 272.0 271.0 249.0 259.0 284.0 284.0 274.0 262.0 277.0 283.0 287.0 289.0 285.0 250.0 252.0 283.0 259.0 252.0 251.0 274.0 289.0 269.0 269.0 266.0 265.0 272.0 278.0 295.0 293.0 291.0 273.0 292.0 317.0 303.0 286.0 275.0 275.0 255.0 283.0 261.0 257.0 279.0 265.0 270.0 285.0 284.0 278.0 283.0 277.0 249.0 283.0 281.0 257.0 299.0 277.0 276.0 262.0 284.0 293.0 296.0 320.0 274.0 305.0 272.0 280.0 266.0 277.0 290.0 280.0 283.0 271.0 281.0 286.0 273.0 267.0 263.0 279.0 283.0 268.0 266.0 280.0 286.0 288.0 288.0 290.0 297.0 285.0 261.0 262.0 284.0 279.0 303.0 287.0 271.0 287.0 266.0 280.0 276.0 276.7351916376307 14.183102642758906
19 386.0 385.0 365.0 377.0 358.0 369.0 370.0 379.0 388.0 393.0 385.0 368.0 369.0 400.0 358.0 355.0 372.0 317.0 386.0 352.0 378.0 374.0 374.0 389.0 387.0 372.0 351.0 347.0 356.0 377.0 377.0 377.0 367.0 347.0 347.0 361.0 374.0 379.0 370.0 388.0 356.0 352.0 388.0 397.0 392.0 415.0 367.0 365.0 370.0 360.0 371.0 371.0 427.0 382.0 362.0 382.0 395.0 377.0 384.0 359.0 368.0 383.0 372.0 354.0 354.0 353.0 356.0 373.0 365.0 360.0 356.0 383.0 372.0 368.0 336.0 387.0 319.0 307.0 338.0 355.0 362.0 337.0 349.0 370.0 384.0 366.0 364.0 366.0 349.0 327.0 354.0 364.0 310.0 332.0 344.0 362.0 349.0 353.0 340.0 356.0 371.0 374.0 368.0 368.0 368.0 354.0 384.0 342.0 332.0 359.0 371.0 352.0 358.0 364.0 362.0 367.0 368.0 361.0 362.0 354.0 368.0 358.0 339.0 343.0 369.0 369.0 371.0 362.0 364.0 365.0 349.0 376.0 368.0 362.0 360.0 354.0 368.0 367.0 344.0 355.0 351.0 353.0 362.0 395.0 352.0 365.0 358.0 335.0 354.0 364.0 352.0 367.0 365.0 365.0 325.0 315.0 359.0 361.0 376.0 361.0 364.0 359.0 349.0 330.0 343.0 375.0 395.0 372.0 354.0 349.0 322.0 322.0 326.0 354.0 381.0 373.0 356.0 345.0 380.0 361.0 348.0 335.0 347.0 345.0 333.0 351.0 348.0 333.0 383.0 370.0 355.0 359.0 319.0 360.0 362.0 371.0 360.0 358.0 366.0 362.0 374.0 362.0 370.0 342.0 343.0 375.0 324.0 332.0 328.0 349.0 366.0 353.0 363.0 348.0 340.0 341.0 345.0 382.0 375.0 349.0 338.0 365.0 409.0 342.0 331.0 361.0 354.0 372.0 340.0 337.0 357.0 374.0 347.0 339.0 364.0 377.0 350.0 389.0 350.0 330.0 362.0 362.0 374.0 374.0 364.0 351.0 341.0 362.0 354.0 366.0 365.0 365.0 412.0 396.0 360.0 351.0 360.0 375.0 363.0 368.0 373.0 353.0 375.0 359.0 356.0 344.0 370.0 370.0 350.0 352.0 365.0 373.0 330.0 374.0 377.0 388.0 378.0 337.0 343.0 377.0 368.0 381.0 388.0 398.0 379.0 354.0 345.0 361.4006968641115 18.28206732092049
20 8.0 8.0 8.0 8.0 8.0 8.0 8.0 8.0 9.0 9.0 9.0 9.0 9.0 9.0 9.0 9.0 9.0 7.0 7.0 7.0 7.0 8.0 8.0 8.0 8.0 8.0 8.0 8.0 8.0 8.0 8.0 8.0 8.0 8.0 8.0 8.0 8.0 8.0 8.0 8.0 8.0 8.0 8.0 8.0 9.0 9.0 9.0 9.0 9.0 9.0 9.0 9.0 9.0 9.0 9.0 9.0 9.0 9.0 9.0 9.0 8.0 8.0 8.0 8.0 7.0 7.0 7.0 8.0 8.0 8.0 8.0 8.0 8.0 8.0 8.0 7.0 7.0 8.0 7.0 8.0 8.0 9.0 7.0 8.0 9.0 9.0 8.0 8.0 8.0 8.0 7.0 8.0 7.0 8.0 7.0 7.0 7.0 7.0 8.0 7.0 8.0 9.0 9.0 9.0 9.0 8.0 8.0 8.0 7.0 7.0 8.0 8.0 7.0 8.0 8.0 8.0 8.0 8.0 9.0 9.0 9.0 9.0 9.0 7.0 7.0 8.0 8.0 8.0 8.0 8.0 7.0 8.0 8.0 8.0 7.0 7.0 8.0 8.0 7.0 7.0 7.0 9.0 9.0 7.0 7.0 8.0 8.0 7.0 7.0 8.0 8.0 7.0 7.0 7.0 7.0 7.0 7.0 8.0 8.0 8.0 8.0 8.0 8.0 8.0 7.0 8.0 8.0 8.0 8.0 8.0 8.0 7.0 8.0 7.0 7.0 9.0 9.0 7.0 7.0 7.0 7.0 8.0 8.0 8.0 8.0 7.0 8.0 7.0 7.0 9.0 7.0 7.0 8.0 8.0 8.0 8.0 8.0 8.0 8.0 7.0 7.0 9.0 9.0 9.0 7.0 8.0 8.0 8.0 7.0 7.0 7.0 8.0 8.0 7.0 7.0 8.0 7.0 9.0 9.0 9.0 8.0 8.0 8.0 8.0 7.0 7.0 8.0 8.0 8.0 8.0 7.0 7.0 7.0 7.0 7.0 7.0 7.0 7.0 7.0 7.0 8.0 8.0 8.0 8.0 8.0 8.0 7.0 7.0 8.0 9.0 8.0 8.0 8.0 8.0 8.0 8.0 8.0 8.0 8.0 8.0 8.0 8.0 8.0 9.0 9.0 7.0 8.0 8.0 8.0 8.0 8.0 8.0 8.0 8.0 8.0 8.0 8.0 8.0 7.0 7.0 7.0 7.0 7.0 7.0 7.0 8.0 8.0 7.888501742160278 0.6753192866955369
21 196.0 196.0 205.0 195.0 211.0 190.0 198.0 194.0 201.0 201.0 205.0 206.0 206.0 186.0 214.0 215.0 186.0 168.0 152.0 211.0 211.0 200.0 197.0 197.0 205.0 202.0 196.0 196.0 183.0 183.0 194.0 199.0 199.0 193.0 183.0 183.0 191.0 197.0 192.0 201.0 201.0 187.0 187.0 200.0 207.0 204.0 207.0 194.0 194.0 195.0 189.0 198.0 195.0 196.0 201.0 207.0 206.0 189.0 199.0 200.0 193.0 194.0 201.0 178.0 188.0 193.0 181.0 190.0 198.0 200.0 181.0 185.0 198.0 194.0 195.0 192.0 206.0 183.0 179.0 179.0 196.0 191.0 182.0 188.0 196.0 197.0 198.0 197.0 199.0 193.0 183.0 186.0 182.0 174.0 177.0 201.0 190.0 180.0 182.0 176.0 194.0 176.0 193.0 202.0 196.0 195.0 194.0 194.0 186.0 178.0 196.0 193.0 180.0 195.0 193.0 189.0 191.0 201.0 187.0 188.0 187.0 190.0 186.0 181.0 191.0 194.0 196.0 200.0 185.0 194.0 185.0 183.0 194.0 186.0 190.0 191.0 190.0 197.0 184.0 179.0 180.0 181.0 198.0 190.0 200.0 189.0 190.0 181.0 177.0 184.0 192.0 181.0 200.0 188.0 193.0 166.0 177.0 189.0 193.0 188.0 191.0 192.0 191.0 185.0 175.0 192.0 198.0 196.0 192.0 193.0 193.0 180.0 182.0 186.0 199.0 202.0 199.0 187.0 179.0 200.0 192.0 196.0 188.0 186.0 187.0 173.0 189.0 180.0 178.0 196.0 202.0 187.0 193.0 190.0 199.0 194.0 199.0 187.0 180.0 190.0 202.0 197.0 192.0 201.0 179.0 185.0 199.0 172.0 193.0 173.0 184.0 207.0 194.0 184.0 194.0 187.0 184.0 185.0 203.0 202.0 176.0 190.0 188.0 197.0 175.0 191.0 183.0 184.0 195.0 195.0 186.0 188.0 198.0 183.0 208.0 195.0 200.0 188.0 199.0 184.0 172.0 207.0 192.0 195.0 199.0 192.0 191.0 200.0 191.0 194.0 195.0 194.0 191.0 223.0 205.0 191.0 187.0 194.0 205.0 192.0 195.0 195.0 170.0 205.0 190.0 184.0 184.0 195.0 205.0 185.0 187.0 192.0 204.0 185.0 198.0 199.0 205.0 195.0 179.0 182.0 197.0 199.0 203.0 222.0 187.0 202.0 188.0 191.88501742160278 9.38180160261793
22 121.0 121.0 140.0 118.0 122.0 122.0 119.0 120.0 125.0 127.0 126.0 126.0 126.0 118.0 120.0 138.0 138.0 138.0 104.0 132.0 132.0 117.0 122.0 122.0 122.0 126.0 120.0 120.0 112.0 112.0 122.0 117.0 117.0 117.0 114.0 114.0 114.0 122.0 116.0 121.0 111.0 116.0 116.0 116.0 126.0 130.0 125.0 132.0 117.0 122.0 128.0 116.0 124.0 119.0 124.0 124.0 122.0 119.0 119.0 120.0 119.0 119.0 130.0 114.0 126.0 108.0 120.0 117.0 123.0 120.0 115.0 119.0 121.0 125.0 118.0 119.0 118.0 111.0 101.0 111.0 111.0 118.0 112.0 107.0 129.0 120.0 119.0 115.0 123.0 122.0 114.0 118.0 122.0 105.0 117.0 121.0 124.0 137.0 116.0 115.0 115.0 118.0 107.0 121.0 124.0 119.0 121.0 118.0 121.0 123.0 134.0 121.0 115.0 112.0 119.0 120.0 117.0 118.0 119.0 114.0 114.0 121.0 128.0 112.0 111.0 129.0 129.0 117.0 108.0 114.0 121.0 116.0 120.0 118.0 118.0 119.0 121.0 121.0 111.0 112.0 112.0 109.0 124.0 124.0 111.0 116.0 116.0 120.0 104.0 116.0 115.0 114.0 111.0 125.0 118.0 117.0 112.0 119.0 125.0 117.0 125.0 117.0 121.0 111.0 107.0 110.0 118.0 122.0 123.0 116.0 121.0 115.0 104.0 120.0 117.0 118.0 124.0 117.0 110.0 119.0 119.0 118.0 113.0 110.0 118.0 111.0 113.0 108.0 109.0 109.0 109.0 115.0 122.0 108.0 109.0 120.0 120.0 118.0 108.0 103.0 107.0 122.0 120.0 118.0 116.0 104.0 127.0 127.0 128.0 107.0 114.0 112.0 110.0 126.0 122.0 120.0 118.0 107.0 116.0 121.0 122.0 123.0 107.0 111.0 102.0 106.0 117.0 112.0 122.0 122.0 114.0 114.0 120.0 120.0 127.0 129.0 122.0 122.0 116.0 116.0 106.0 121.0 114.0 120.0 111.0 124.0 124.0 123.0 119.0 119.0 121.0 118.0 118.0 114.0 133.0 124.0 113.0 114.0 126.0 117.0 123.0 123.0 123.0 123.0 121.0 123.0 114.0 124.0 117.0 120.0 118.0 117.0 117.0 110.0 110.0 121.0 126.0 121.0 121.0 110.0 121.0 118.0 124.0 134.0 121.0 120.0 117.0 118.40766550522648 6.640441665288515
23 223.0 230.0 230.0 236.0 236.0 237.0 220.0 233.0 227.0 239.0 233.0 241.0 239.0 222.0 225.0 258.0 258.0 218.0 201.0 197.0 246.0 234.0 234.0 238.0 233.0 248.0 242.0 230.0 232.0 215.0 229.0 233.0 261.0 261.0 225.0 215.0 215.0 224.0 229.0 226.0 234.0 252.0 222.0 229.0 229.0 243.0 242.0 244.0 223.0 233.0 227.0 231.0 224.0 230.0 230.0 221.0 240.0 241.0 231.0 231.0 237.0 230.0 228.0 231.0 215.0 200.0 227.0 220.0 236.0 229.0 227.0 233.0 242.0 239.0 233.0 228.0 225.0 233.0 201.0 226.0 213.0 210.0 224.0 238.0 218.0 237.0 232.0 216.0 217.0 227.0 228.0 235.0 201.0 223.0 200.0 219.0 228.0 233.0 233.0 237.0 236.0 227.0 201.0 240.0 225.0 230.0 214.0 230.0 227.0 224.0 231.0 215.0 231.0 227.0 231.0 220.0 234.0 229.0 229.0 226.0 222.0 221.0 228.0 237.0 209.0 230.0 222.0 211.0 208.0 220.0 228.0 222.0 226.0 231.0 231.0 228.0 235.0 223.0 232.0 213.0 215.0 221.0 243.0 235.0 207.0 229.0 223.0 222.0 211.0 205.0 227.0 230.0 223.0 243.0 239.0 226.0 204.0 198.0 233.0 228.0 228.0 225.0 239.0 217.0 223.0 209.0 232.0 229.0 225.0 226.0 228.0 225.0 228.0 215.0 235.0 232.0 227.0 227.0 216.0 210.0 229.0 231.0 224.0 220.0 228.0 204.0 207.0 225.0 203.0 227.0 198.0 207.0 221.0 225.0 200.0 226.0 224.0 230.0 221.0 222.0 208.0 243.0 234.0 207.0 195.0 209.0 232.0 237.0 238.0 230.0 230.0 213.0 212.0 203.0 235.0 225.0 235.0 200.0 215.0 221.0 234.0 227.0 214.0 207.0 231.0 192.0 223.0 213.0 212.0 232.0 294.0 215.0 223.0 228.0 230.0 232.0 230.0 228.0 217.0 241.0 199.0 202.0 242.0 226.0 229.0 229.0 240.0 238.0 253.0 222.0 222.0 220.0 225.0 218.0 261.0 242.0 223.0 239.0 223.0 240.0 240.0 222.0 229.0 243.0 244.0 228.0 215.0 263.0 234.0 234.0 218.0 224.0 224.0 208.0 219.0 231.0 232.0 240.0 240.0 207.0 218.0 233.0 233.0 233.0 243.0 219.0 237.0 226.5574912891986 12.929718761473431
24 44.0 57.0 63.0 63.0 42.0 40.0 46.0 46.0 53.0 53.0 42.0 42.0 45.0 48.0 48.0 62.0 47.0 47.0 47.0 36.0 50.0 50.0 50.0 45.0 41.0 41.0 41.0 41.0 41.0 39.0 39.0 39.0 39.0 49.0 49.0 49.0 49.0 43.0 43.0 42.0 44.0 42.0 42.0 42.0 74.0 74.0 74.0 42.0 44.0 46.0 48.0 40.0 40.0 47.0 41.0 36.0 53.0 53.0 51.0 47.0 40.0 40.0 41.0 51.0 45.0 52.0 63.0 44.0 45.0 43.0 42.0 50.0 44.0 45.0 44.0 53.0 44.0 50.0 45.0 50.0 41.0 42.0 41.0 40.0 35.0 50.0 46.0 41.0 41.0 50.0 50.0 40.0 37.0 42.0 38.0 39.0 41.0 43.0 43.0 39.0 52.0 49.0 38.0 36.0 48.0 44.0 37.0 41.0 51.0 50.0 46.0 37.0 51.0 50.0 42.0 44.0 46.0 41.0 44.0 41.0 41.0 45.0 40.0 40.0 37.0 38.0 39.0 41.0 43.0 45.0 45.0 46.0 40.0 47.0 47.0 43.0 45.0 42.0 43.0 43.0 42.0 41.0 49.0 47.0 45.0 37.0 53.0 45.0 50.0 36.0 45.0 41.0 42.0 45.0 50.0 51.0 42.0 36.0 42.0 40.0 42.0 43.0 40.0 42.0 45.0 42.0 46.0 48.0 42.0 50.0 41.0 48.0 49.0 47.0 46.0 46.0 42.0 45.0 42.0 39.0 39.0 52.0 66.0 44.0 42.0 45.0 38.0 39.0 48.0 38.0 45.0 37.0 44.0 43.0 36.0 47.0 46.0 40.0 40.0 40.0 37.0 43.0 41.0 42.0 43.0 40.0 42.0 42.0 42.0 44.0 43.0 44.0 38.0 46.0 46.0 44.0 42.0 41.0 39.0 39.0 41.0 43.0 42.0 35.0 40.0 35.0 35.0 43.0 37.0 48.0 37.0 45.0 41.0 44.0 41.0 38.0 56.0 41.0 42.0 42.0 42.0 38.0 47.0 40.0 42.0 46.0 41.0 40.0 44.0 42.0 42.0 42.0 50.0 38.0 38.0 48.0 41.0 41.0 47.0 51.0 51.0 43.0 39.0 45.0 41.0 42.0 46.0 41.0 49.0 40.0 40.0 39.0 82.0 40.0 39.0 39.0 40.0 40.0 44.0 44.0 39.0 43.0 37.0 37.0 44.0 44.0 40.0 44.12543554006968 6.2905980239125645
25 116.0 157.0 157.0 157.0 122.0 122.0 131.0 122.0 120.0 121.0 130.0 130.0 128.0 122.0 123.0 118.0 140.0 140.0 140.0 103.0 128.0 126.0 114.0 122.0 123.0 123.0 126.0 135.0 122.0 115.0 117.0 117.0 117.0 117.0 117.0 119.0 112.0 121.0 127.0 121.0 123.0 112.0 127.0 115.0 115.0 124.0 128.0 126.0 125.0 118.0 118.0 121.0 117.0 122.0 124.0 111.0 122.0 122.0 130.0 119.0 118.0 123.0 119.0 123.0 127.0 123.0 117.0 119.0 115.0 126.0 118.0 116.0 120.0 131.0 137.0 124.0 119.0 102.0 110.0 121.0 121.0 115.0 119.0 119.0 119.0 117.0 124.0 108.0 113.0 115.0 118.0 126.0 112.0 123.0 108.0 116.0 118.0 122.0 124.0 104.0 117.0 116.0 115.0 104.0 121.0 126.0 110.0 107.0 115.0 121.0 122.0 110.0 124.0 123.0 122.0 123.0 125.0 124.0 121.0 118.0 132.0 117.0 122.0 125.0 120.0 112.0 115.0 117.0 121.0 127.0 122.0 127.0 120.0 121.0 126.0 123.0 120.0 121.0 123.0 125.0 121.0 116.0 122.0 127.0 118.0 107.0 125.0 121.0 123.0 106.0 121.0 114.0 115.0 112.0 122.0 122.0 121.0 110.0 120.0 120.0 118.0 125.0 124.0 123.0 112.0 120.0 118.0 125.0 117.0 125.0 111.0 122.0 117.0 116.0 121.0 113.0 125.0 114.0 118.0 110.0 117.0 129.0 113.0 118.0 117.0 127.0 107.0 120.0 118.0 109.0 117.0 106.0 121.0 119.0 112.0 105.0 123.0 122.0 123.0 114.0 111.0 116.0 123.0 126.0 120.0 123.0 116.0 129.0 107.0 130.0 128.0 120.0 114.0 109.0 114.0 124.0 118.0 126.0 107.0 108.0 117.0 126.0 123.0 118.0 107.0 112.0 104.0 114.0 111.0 117.0 102.0 115.0 123.0 112.0 119.0 115.0 140.0 127.0 112.0 106.0 120.0 106.0 112.0 123.0 123.0 141.0 116.0 122.0 124.0 127.0 119.0 126.0 125.0 121.0 115.0 142.0 128.0 119.0 119.0 119.0 113.0 123.0 122.0 125.0 120.0 125.0 119.0 116.0 130.0 110.0 110.0 115.0 115.0 114.0 115.0 121.0 123.0 123.0 123.0 123.0 112.0 128.0 121.0 122.0 125.0 119.0 119.0 119.95470383275261 7.874099160335955
26 228.0 214.0 229.0 211.0 219.0 215.0 223.0 223.0 209.0 209.0 219.0 214.0 218.0 219.0 211.0 205.0 223.0 246.0 198.0 168.0 173.0 218.0 195.0 208.0 215.0 208.0 208.0 223.0 210.0 213.0 195.0 195.0 365.0 365.0 365.0 210.0 200.0 200.0 200.0 222.0 205.0 206.0 218.0 202.0 198.0 222.0 260.0 220.0 216.0 211.0 208.0 204.0 201.0 201.0 260.0 207.0 195.0 230.0 242.0 202.0 214.0 201.0 208.0 215.0 215.0 219.0 211.0 205.0 205.0 214.0 207.0 200.0 209.0 211.0 222.0 228.0 213.0 177.0 194.0 211.0 207.0 194.0 200.0 212.0 193.0 198.0 214.0 189.0 189.0 197.0 208.0 205.0 201.0 186.0 212.0 189.0 199.0 209.0 206.0 194.0 201.0 208.0 201.0 186.0 213.0 216.0 214.0 189.0 219.0 206.0 210.0 208.0 186.0 210.0 210.0 211.0 210.0 220.0 209.0 212.0 209.0 200.0 207.0 209.0 211.0 190.0 198.0 192.0 196.0 212.0 206.0 207.0 210.0 204.0 209.0 215.0 211.0 207.0 210.0 216.0 213.0 208.0 205.0 214.0 216.0 194.0 237.0 208.0 208.0 190.0 203.0 211.0 195.0 196.0 206.0 221.0 208.0 185.0 186.0 205.0 198.0 204.0 242.0 213.0 206.0 198.0 201.0 222.0 214.0 213.0 202.0 201.0 211.0 205.0 193.0 207.0 195.0 206.0 196.0 202.0 194.0 215.0 212.0 201.0 200.0 206.0 183.0 186.0 212.0 191.0 197.0 180.0 182.0 205.0 208.0 183.0 210.0 203.0 208.0 206.0 215.0 198.0 221.0 203.0 209.0 212.0 193.0 213.0 220.0 219.0 229.0 218.0 194.0 198.0 192.0 208.0 209.0 214.0 190.0 195.0 198.0 211.0 212.0 208.0 181.0 206.0 190.0 193.0 214.0 189.0 220.0 203.0 213.0 205.0 210.0 207.0 188.0 221.0 215.0 179.0 214.0 182.0 182.0 210.0 212.0 215.0 189.0 208.0 218.0 210.0 210.0 213.0 213.0 226.0 204.0 378.0 228.0 208.0 205.0 201.0 210.0 221.0 211.0 213.0 213.0 218.0 206.0 196.0 231.0 190.0 181.0 197.0 200.0 200.0 203.0 200.0 200.0 211.0 227.0 215.0 188.0 201.0 217.0 211.0 215.0 220.0 221.0 209.09756097560975 22.761093375599028
27 629.0 609.0 611.0 624.0 624.0 624.0 628.0 736.0 645.0 601.0 553.0 575.0 644.0 638.0 646.0 653.0 599.0 619.0 709.0 657.0 489.0 489.0 514.0 629.0 614.0 642.0 632.0 625.0 645.0 625.0 602.0 615.0 612.0 618.0 613.0 536.0 615.0 603.0 596.0 652.0 609.0 615.0 603.0 633.0 627.0 621.0 619.0 641.0 629.0 631.0 630.0 602.0 608.0 604.0 602.0 617.0 598.0 603.0 617.0 633.0 787.0 597.0 609.0 610.0 605.0 617.0 638.0 615.0 585.0 601.0 666.0 604.0 662.0 615.0 610.0 618.0 609.0 603.0 654.0 570.0 604.0 529.0 600.0 604.0 580.0 588.0 590.0 556.0 571.0 599.0 587.0 558.0 553.0 566.0 564.0 569.0 566.0 572.0 625.0 652.0 634.0 611.0 635.0 646.0 575.0 566.0 619.0 615.0 567.0 560.0 615.0 613.0 588.0 607.0 597.0 625.0 619.0 617.0 631.0 615.0 547.0 532.0 557.0 612.0 619.0 642.0 564.0 545.0 594.0 561.0 568.0 594.0 610.0 625.0 603.0 625.0 627.0 632.0 624.0 641.0 602.0 585.0 596.0 606.0 650.0 626.0 601.0 615.0 614.0 616.0 585.0 565.0 567.0 558.0 552.0 554.0 637.0 596.0 551.0 527.0 586.0 611.0 647.0 610.0 686.0 622.0 586.0 564.0 569.0 650.0 595.0 606.0 595.0 627.0 617.0 593.0 607.0 627.0 599.0 575.0 566.0 580.0 612.0 571.0 604.0 613.0 575.0 573.0 563.0 614.0 588.0 566.0 591.0 574.0 583.0 602.0 588.0 579.0 569.0 596.0 595.0 590.0 594.0 595.0 608.0 587.0 579.0 574.0 577.0 627.0 636.0 656.0 635.0 612.0 569.0 548.0 556.0 604.0 607.0 619.0 557.0 551.0 550.0 601.0 613.0 543.0 558.0 556.0 547.0 565.0 578.0 579.0 628.0 601.0 591.0 702.0 610.0 589.0 631.0 578.0 562.0 586.0 587.0 563.0 561.0 615.0 626.0 676.0 577.0 616.0 610.0 597.0 607.0 665.0 624.0 618.0 669.0 637.0 627.0 605.0 609.0 595.0 575.0 669.0 638.0 647.0 615.0 613.0 618.0 607.0 580.0 574.0 584.0 583.0 595.0 589.0 589.0 569.0 538.0 510.0 639.0 621.0 600.0 620.0 619.0 634.0 639.0 602.7595818815331 35.62991647585373
28 8.0 8.0 8.0 8.0 8.0 8.0 8.0 8.0 8.0 8.0 8.0 8.0 8.0 8.0 8.0 8.0 8.0 8.0 8.0 8.0 8.0 8.0 6.0 6.0 6.0 6.0 6.0 6.0 6.0 6.0 6.0 6.0 6.0 6.0 6.0 6.0 6.0 6.0 6.0 6.0 6.0 6.0 6.0 6.0 6.0 6.0 6.0 6.0 6.0 6.0 6.0 6.0 6.0 6.0 6.0 6.0 6.0 6.0 6.0 6.0 6.0 6.0 6.0 6.0 6.0 6.0 6.0 8.0 7.0 7.0 8.0 8.0 8.0 8.0 7.0 7.0 7.0 8.0 8.0 7.0 7.0 7.0 8.0 8.0 8.0 8.0 8.0 8.0 6.0 8.0 8.0 8.0 6.0 6.0 6.0 6.0 7.0 9.0 9.0 9.0 9.0 9.0 9.0 9.0 9.0 6.0 6.0 6.0 6.0 7.0 7.0 7.0 7.0 7.0 7.0 7.0 8.0 8.0 7.0 7.0 7.0 7.0 7.0 7.0 6.0 6.0 6.0 7.0 7.0 6.0 7.0 7.0 7.0 7.0 7.0 7.0 7.0 7.0 7.0 7.0 7.0 7.0 7.0 7.0 8.0 8.0 8.0 8.0 8.0 8.0 8.0 8.0 7.0 7.0 7.0 7.0 7.0 7.0 7.0 7.0 7.0 7.0 7.0 7.0 7.0 7.0 7.0 7.0 7.0 7.0 7.0 8.0 7.0 8.0 8.0 8.0 7.0 8.0 8.0 8.0 8.0 7.0 7.0 7.0 7.0 7.0 7.0 7.0 7.0 7.0 7.0 7.0 7.0 7.0 7.0 7.0 7.0 7.0 7.0 7.0 7.0 8.0 8.0 7.0 7.0 7.0 7.0 7.0 6.0 8.0 8.0 8.0 9.0 9.0 9.0 7.0 8.0 8.0 8.0 7.0 7.0 7.0 7.0 7.0 7.0 7.0 6.0 9.0 6.0 6.0 6.0 7.0 8.0 8.0 8.0 8.0 8.0 8.0 8.0 8.0 7.0 7.0 7.0 7.0 7.0 7.0 7.0 7.0 7.0 7.0 7.0 7.0 7.0 7.0 7.0 7.0 7.0 7.0 7.0 8.0 8.0 8.0 7.0 7.0 7.0 7.0 7.0 7.0 7.0 7.0 8.0 8.0 9.0 9.0 7.0 7.0 7.0 7.0 7.0 6.0 6.0 6.0 6.0 7.0 7.0 7.0 7.0 7.132404181184669 0.8256564269519546
29 190.0 190.0 190.0 181.0 176.0 180.0 170.0 193.0 195.0 191.0 191.0 180.0 177.0 196.0 190.0 196.0 196.0 191.0 182.0 215.0 215.0 187.0 145.0 145.0 201.0 183.0 189.0 192.0 190.0 190.0 190.0 183.0 186.0 182.0 186.0 186.0 186.0 186.0 189.0 175.0 175.0 182.0 187.0 183.0 183.0 194.0 185.0 185.0 193.0 193.0 198.0 191.0 188.0 187.0 183.0 181.0 188.0 188.0 172.0 194.0 194.0 175.0 179.0 187.0 170.0 184.0 184.0 191.0 169.0 177.0 182.0 177.0 186.0 164.0 178.0 187.0 188.0 186.0 185.0 184.0 166.0 181.0 178.0 182.0 178.0 180.0 181.0 177.0 161.0 169.0 186.0 179.0 159.0 165.0 182.0 160.0 167.0 174.0 183.0 192.0 178.0 190.0 183.0 184.0 190.0 177.0 174.0 178.0 191.0 177.0 169.0 189.0 186.0 186.0 171.0 180.0 186.0 183.0 189.0 187.0 181.0 184.0 166.0 170.0 187.0 186.0 191.0 173.0 185.0 163.0 173.0 172.0 187.0 186.0 186.0 182.0 186.0 185.0 184.0 187.0 184.0 189.0 179.0 173.0 180.0 186.0 191.0 183.0 185.0 190.0 186.0 191.0 165.0 169.0 186.0 172.0 183.0 187.0 181.0 182.0 172.0 191.0 192.0 181.0 184.0 191.0 186.0 176.0 173.0 171.0 186.0 170.0 180.0 180.0 183.0 186.0 182.0 184.0 194.0 184.0 177.0 172.0 175.0 176.0 177.0 169.0 182.0 169.0 163.0 168.0 169.0 181.0 169.0 186.0 170.0 176.0 185.0 164.0 159.0 174.0 176.0 185.0 198.0 173.0 158.0 184.0 184.0 174.0 171.0 177.0 197.0 190.0 195.0 204.0 191.0 171.0 166.0 170.0 186.0 189.0 190.0 179.0 167.0 180.0 191.0 190.0 168.0 162.0 167.0 187.0 165.0 172.0 174.0 190.0 180.0 180.0 168.0 191.0 181.0 167.0 184.0 174.0 174.0 186.0 167.0 182.0 190.0 190.0 201.0 190.0 177.0 192.0 179.0 179.0 182.0 188.0 189.0 184.0 190.0 193.0 185.0 181.0 178.0 181.0 191.0 193.0 183.0 168.0 195.0 182.0 183.0 186.0 191.0 181.0 180.0 176.0 173.0 164.0 187.0 155.0 190.0 196.0 189.0 175.0 184.0 190.0 187.0 181.62717770034843 9.858280395506313
30 341.0 332.0 348.0 356.0 334.0 357.0 351.0 329.0 354.0 359.0 366.0 360.0 326.0 321.0 375.0 368.0 359.0 364.0 349.0 348.0 393.0 373.0 279.0 285.0 378.0 370.0 371.0 354.0 358.0 352.0 369.0 348.0 345.0 348.0 346.0 360.0 360.0 326.0 326.0 348.0 339.0 332.0 336.0 343.0 346.0 355.0 360.0 352.0 354.0 356.0 361.0 361.0 362.0 358.0 347.0 347.0 368.0 358.0 349.0 323.0 357.0 358.0 331.0 343.0 350.0 340.0 343.0 330.0 337.0 322.0 336.0 344.0 344.0 351.0 335.0 340.0 351.0 344.0 337.0 350.0 329.0 335.0 344.0 341.0 351.0 340.0 345.0 356.0 345.0 307.0 356.0 339.0 329.0 304.0 313.0 321.0 313.0 317.0 344.0 358.0 348.0 312.0 353.0 356.0 343.0 335.0 321.0 326.0 347.0 345.0 321.0 321.0 336.0 355.0 335.0 332.0 358.0 359.0 347.0 353.0 343.0 349.0 333.0 303.0 327.0 358.0 358.0 386.0 354.0 353.0 317.0 332.0 328.0 349.0 337.0 355.0 344.0 348.0 349.0 346.0 353.0 347.0 344.0 325.0 330.0 346.0 350.0 352.0 348.0 350.0 348.0 348.0 310.0 315.0 340.0 322.0 319.0 333.0 346.0 332.0 324.0 302.0 362.0 346.0 342.0 349.0 368.0 385.0 349.0 328.0 315.0 350.0 330.0 335.0 331.0 350.0 348.0 344.0 334.0 357.0 342.0 322.0 318.0 332.0 327.0 328.0 311.0 326.0 318.0 310.0 319.0 338.0 332.0 318.0 348.0 313.0 337.0 342.0 309.0 313.0 323.0 335.0 345.0 367.0 309.0 321.0 343.0 348.0 330.0 307.0 335.0 361.0 351.0 365.0 383.0 351.0 318.0 305.0 318.0 351.0 350.0 350.0 348.0 314.0 325.0 341.0 355.0 310.0 326.0 322.0 334.0 311.0 321.0 327.0 357.0 343.0 333.0 331.0 358.0 343.0 331.0 337.0 339.0 340.0 330.0 313.0 349.0 341.0 356.0 348.0 321.0 339.0 350.0 331.0 316.0 357.0 356.0 353.0 356.0 358.0 366.0 351.0 337.0 334.0 318.0 366.0 365.0 350.0 327.0 350.0 339.0 347.0 343.0 367.0 350.0 332.0 328.0 307.0 328.0 340.0 309.0 350.0 354.0 343.0 324.0 360.0 354.0 340.8710801393728 17.536199320019637
31 553.0 551.0 545.0 523.0 569.0 556.0 581.0 574.0 820.0 578.0 572.0 602.0 599.0 527.0 555.0 552.0 578.0 575.0 588.0 565.0 550.0 577.0 618.0 499.0 502.0 476.0 607.0 621.0 561.0 585.0 575.0 566.0 567.0 628.0 564.0 555.0 548.0 579.0 579.0 569.0 548.0 546.0 528.0 543.0 551.0 550.0 582.0 571.0 565.0 552.0 590.0 572.0 583.0 577.0 575.0 580.0 554.0 556.0 557.0 569.0 543.0 545.0 564.0 553.0 551.0 560.0 557.0 562.0 573.0 539.0 523.0 527.0 544.0 557.0 561.0 572.0 552.0 549.0 547.0 551.0 563.0 568.0 561.0 554.0 554.0 543.0 542.0 573.0 534.0 532.0 548.0 574.0 578.0 538.0 481.0 521.0 515.0 513.0 513.0 527.0 562.0 563.0 542.0 551.0 575.0 654.0 520.0 515.0 515.0 555.0 554.0 533.0 513.0 542.0 542.0 547.0 513.0 526.0 564.0 566.0 565.0 567.0 560.0 489.0 471.0 505.0 562.0 570.0 595.0 594.0 576.0 532.0 531.0 538.0 528.0 543.0 560.0 548.0 533.0 526.0 559.0 559.0 559.0 537.0 514.0 522.0 546.0 562.0 571.0 564.0 575.0 564.0 559.0 544.0 502.0 532.0 520.0 509.0 513.0 578.0 544.0 496.0 493.0 527.0 554.0 544.0 552.0 571.0 578.0 564.0 537.0 523.0 533.0 554.0 540.0 534.0 506.0 511.0 548.0 547.0 568.0 558.0 525.0 513.0 518.0 536.0 529.0 515.0 506.0 513.0 516.0 515.0 526.0 539.0 535.0 540.0 484.0 506.0 558.0 513.0 508.0 526.0 523.0 543.0 535.0 515.0 547.0 563.0 564.0 544.0 524.0 527.0 564.0 581.0 588.0 598.0 575.0 508.0 500.0 505.0 549.0 562.0 563.0 571.0 486.0 496.0 567.0 564.0 529.0 523.0 516.0 534.0 537.0 514.0 538.0 580.0 611.0 542.0 529.0 585.0 575.0 541.0 547.0 537.0 599.0 523.0 509.0 527.0 564.0 558.0 575.0 540.0 536.0 557.0 536.0 542.0 568.0 567.0 580.0 569.0 571.0 631.0 580.0 570.0 523.0 527.0 563.0 584.0 566.0 565.0 571.0 550.0 540.0 554.0 557.0 602.0 544.0 589.0 528.0 517.0 542.0 439.0 478.0 550.0 573.0 532.0 552.0 549.4250871080139 33.021191509637596
32 196.0 210.0 198.0 229.0 208.0 201.0 199.0 203.0 180.0 208.0 208.0 199.0 205.0 214.0 199.0 196.0 196.0 234.0 234.0 198.0 212.0 204.0 199.0 228.0 214.0 156.0 203.0 208.0 202.0 201.0 207.0 201.0 201.0 260.0 197.0 197.0 196.0 250.0 280.0 280.0 280.0 199.0 196.0 196.0 192.0 193.0 191.0 199.0 199.0 201.0 238.0 236.0 207.0 204.0 212.0 204.0 199.0 193.0 193.0 203.0 203.0 190.0 201.0 195.0 196.0 200.0 198.0 202.0 187.0 206.0 226.0 189.0 189.0 198.0 196.0 197.0 208.0 187.0 212.0 193.0 202.0 199.0 194.0 195.0 217.0 205.0 185.0 197.0 196.0 174.0 188.0 192.0 195.0 197.0 204.0 203.0 216.0 194.0 196.0 185.0 190.0 196.0 221.0 192.0 191.0 212.0 189.0 195.0 184.0 187.0 191.0 199.0 203.0 178.0 192.0 258.0 199.0 180.0 179.0 204.0 202.0 191.0 204.0 213.0 201.0 165.0 209.0 195.0 201.0 202.0 185.0 185.0 185.0 188.0 185.0 186.0 198.0 195.0 198.0 202.0 198.0 200.0 191.0 200.0 202.0 175.0 197.0 186.0 195.0 212.0 227.0 198.0 227.0 198.0 198.0 187.0 210.0 183.0 181.0 185.0 214.0 199.0 189.0 179.0 192.0 202.0 191.0 199.0 210.0 202.0 199.0 206.0 186.0 189.0 194.0 190.0 194.0 177.0 179.0 199.0 196.0 192.0 201.0 196.0 180.0 186.0 187.0 189.0 190.0 180.0 199.0 192.0 186.0 189.0 190.0 188.0 192.0 174.0 186.0 197.0 187.0 184.0 181.0 189.0 188.0 184.0 198.0 190.0 203.0 201.0 201.0 183.0 188.0 205.0 202.0 194.0 209.0 213.0 200.0 172.0 174.0 203.0 201.0 202.0 203.0 184.0 194.0 204.0 200.0 188.0 190.0 173.0 199.0 210.0 197.0 197.0 224.0 206.0 192.0 230.0 196.0 210.0 213.0 196.0 199.0 198.0 191.0 175.0 205.0 200.0 201.0 200.0 209.0 168.0 185.0 196.0 191.0 216.0 201.0 205.0 202.0 197.0 199.0 205.0 189.0 188.0 190.0 196.0 199.0 205.0 189.0 203.0 189.0 190.0 218.0 203.0 228.0 192.0 192.0 183.0 190.0 194.0 181.0 227.0 202.0 208.0 184.0 198.794425087108 15.765864590760438
33 120.0 120.0 121.0 116.0 123.0 144.0 126.0 123.0 113.0 119.0 119.0 122.0 123.0 128.0 128.0 124.0 124.0 111.0 127.0 128.0 128.0 113.0 118.0 122.0 134.0 98.0 96.0 128.0 131.0 120.0 126.0 128.0 123.0 123.0 123.0 126.0 132.0 123.0 128.0 128.0 128.0 128.0 123.0 127.0 126.0 117.0 118.0 117.0 124.0 126.0 128.0 157.0 134.0 124.0 122.0 127.0 127.0 127.0 129.0 121.0 129.0 128.0 110.0 120.0 129.0 116.0 120.0 122.0 117.0 146.0 122.0 123.0 119.0 119.0 122.0 128.0 121.0 124.0 119.0 122.0 119.0 120.0 125.0 125.0 124.0 130.0 120.0 116.0 128.0 108.0 107.0 119.0 120.0 121.0 130.0 128.0 124.0 127.0 113.0 121.0 124.0 120.0 117.0 136.0 125.0 128.0 129.0 126.0 122.0 113.0 125.0 115.0 116.0 111.0 121.0 119.0 124.0 121.0 116.0 123.0 123.0 123.0 124.0 124.0 124.0 114.0 107.0 123.0 120.0 128.0 128.0 122.0 122.0 116.0 123.0 111.0 127.0 121.0 124.0 121.0 124.0 124.0 122.0 120.0 128.0 110.0 125.0 114.0 123.0 123.0 129.0 128.0 125.0 131.0 123.0 118.0 113.0 118.0 114.0 112.0 147.0 118.0 122.0 120.0 117.0 128.0 121.0 126.0 122.0 118.0 118.0 124.0 115.0 118.0 126.0 117.0 130.0 119.0 109.0 124.0 118.0 116.0 108.0 137.0 121.0 114.0 118.0 114.0 117.0 119.0 123.0 117.0 112.0 110.0 124.0 119.0 118.0 126.0 109.0 134.0 122.0 111.0 113.0 113.0 120.0 109.0 123.0 110.0 126.0 129.0 120.0 115.0 113.0 133.0 128.0 120.0 126.0 133.0 125.0 126.0 106.0 116.0 124.0 127.0 124.0 120.0 114.0 124.0 125.0 124.0 115.0 121.0 105.0 121.0 119.0 123.0 125.0 126.0 123.0 119.0 121.0 120.0 125.0 118.0 124.0 125.0 113.0 120.0 113.0 120.0 124.0 116.0 122.0 109.0 121.0 131.0 121.0 117.0 133.0 125.0 126.0 119.0 123.0 130.0 124.0 122.0 116.0 129.0 121.0 128.0 125.0 125.0 115.0 117.0 145.0 128.0 132.0 125.0 114.0 114.0 119.0 110.0 122.0 122.0 123.0 124.0 125.0 121.8397212543554 7.136194353582246
34 7.0 7.0 7.0 7.0 7.0 7.0 7.0 7.0 7.0 7.0 7.0 7.0 7.0 7.0 7.0 7.0 7.0 6.0 6.0 6.0 6.0 6.0 6.0 6.0 6.0 6.0 5.0 5.0 5.0 7.0 7.0 7.0 7.0 7.0 7.0 7.0 7.0 7.0 7.0 7.0 7.0 7.0 7.0 7.0 7.0 7.0 7.0 7.0 7.0 7.0 7.0 7.0 7.0 7.0 7.0 7.0 7.0 7.0 7.0 7.0 7.0 7.0 7.0 7.0 7.0 7.0 7.0 7.0 7.0 7.0 7.0 7.0 7.0 6.0 6.0 6.0 6.0 6.0 6.0 6.0 7.0 8.0 7.0 7.0 7.0 7.0 7.0 7.0 7.0 7.0 6.0 7.0 7.0 8.0 7.0 7.0 7.0 8.0 7.0 7.0 7.0 7.0 6.0 7.0 7.0 6.0 8.0 8.0 8.0 8.0 8.0 8.0 6.0 6.0 7.0 7.0 7.0 7.0 6.0 6.0 6.0 7.0 7.0 6.0 7.0 7.0 6.0 7.0 6.0 6.0 6.0 7.0 7.0 7.0 7.0 6.0 7.0 7.0 7.0 7.0 7.0 7.0 7.0 7.0 7.0 7.0 7.0 7.0 7.0 7.0 7.0 7.0 7.0 7.0 7.0 7.0 6.0 6.0 6.0 6.0 7.0 6.0 6.0 7.0 6.0 6.0 7.0 7.0 7.0 6.0 6.0 6.0 6.0 7.0 7.0 6.0 7.0 7.0 6.0 7.0 7.0 7.0 6.0 6.0 6.0 7.0 7.0 6.0 6.0 6.0 6.0 6.0 6.0 6.0 7.0 7.0 7.0 7.0 6.0 6.0 6.0 7.0 7.0 6.0 6.0 6.0 6.0 6.0 7.0 6.0 7.0 6.0 6.0 6.0 8.0 8.0 8.0 8.0 8.0 8.0 6.0 7.0 7.0 7.0 7.0 7.0 7.0 7.0 7.0 7.0 6.0 6.0 6.0 6.0 6.0 6.0 7.0 7.0 7.0 8.0 8.0 8.0 8.0 6.0 6.0 7.0 7.0 7.0 6.0 6.0 6.0 6.0 6.0 6.0 6.0 6.0 6.0 6.0 6.0 6.0 6.0 6.0 6.0 6.0 6.0 6.0 7.0 7.0 6.0 8.0 8.0 8.0 8.0 8.0 8.0 8.0 8.0 8.0 8.0 8.0 8.0 8.0 8.0 8.0 8.0 8.0 8.0 6.780487804878049 0.6720460661744462
35 59.0 59.0 59.0 62.0 58.0 58.0 91.0 76.0 76.0 76.0 76.0 62.0 62.0 62.0 62.0 58.0 58.0 52.0 53.0 53.0 53.0 57.0 59.0 58.0 58.0 63.0 48.0 64.0 64.0 62.0 61.0 59.0 62.0 62.0 59.0 52.0 61.0 58.0 58.0 58.0 58.0 58.0 58.0 59.0 59.0 56.0 61.0 57.0 57.0 59.0 58.0 59.0 61.0 64.0 60.0 59.0 61.0 61.0 61.0 59.0 59.0 72.0 56.0 58.0 59.0 54.0 63.0 59.0 60.0 57.0 59.0 60.0 59.0 57.0 59.0 60.0 58.0 61.0 58.0 59.0 58.0 57.0 66.0 58.0 58.0 58.0 58.0 52.0 61.0 57.0 52.0 58.0 61.0 64.0 59.0 60.0 65.0 62.0 56.0 62.0 60.0 57.0 51.0 66.0 59.0 60.0 62.0 58.0 60.0 59.0 60.0 59.0 56.0 56.0 55.0 62.0 60.0 61.0 55.0 56.0 60.0 60.0 57.0 60.0 58.0 61.0 50.0 60.0 59.0 59.0 66.0 55.0 58.0 56.0 59.0 56.0 61.0 62.0 59.0 61.0 59.0 60.0 60.0 59.0 59.0 60.0 57.0 58.0 59.0 61.0 59.0 61.0 65.0 63.0 61.0 83.0 56.0 60.0 55.0 55.0 61.0 66.0 57.0 70.0 57.0 63.0 57.0 61.0 60.0 55.0 65.0 58.0 60.0 62.0 60.0 58.0 62.0 59.0 53.0 58.0 62.0 63.0 51.0 58.0 58.0 56.0 61.0 56.0 59.0 53.0 55.0 56.0 57.0 53.0 56.0 59.0 55.0 61.0 52.0 59.0 61.0 59.0 59.0 57.0 63.0 58.0 52.0 56.0 56.0 63.0 59.0 56.0 65.0 55.0 63.0 60.0 64.0 64.0 62.0 62.0 52.0 55.0 61.0 61.0 58.0 59.0 56.0 58.0 61.0 63.0 60.0 62.0 53.0 61.0 60.0 56.0 62.0 59.0 61.0 62.0 58.0 58.0 61.0 57.0 58.0 60.0 60.0 57.0 54.0 64.0 61.0 61.0 59.0 53.0 57.0 57.0 57.0 55.0 72.0 63.0 67.0 58.0 64.0 61.0 62.0 59.0 56.0 56.0 54.0 62.0 62.0 58.0 56.0 58.0 58.0 65.0 61.0 61.0 59.0 59.0 61.0 54.0 61.0 61.0 60.0 60.0 59.0 59.4808362369338 4.5356569439991095
36 562.0 543.0 522.0 584.0 569.0 564.0 586.0 579.0 549.0 506.0 515.0 580.0 557.0 564.0 584.0 564.0 553.0 559.0 497.0 506.0 562.0 560.0 531.0 540.0 552.0 606.0 486.0 457.0 577.0 591.0 581.0 572.0 562.0 571.0 570.0 572.0 568.0 551.0 543.0 551.0 549.0 542.0 537.0 559.0 558.0 562.0 542.0 540.0 534.0 554.0 559.0 555.0 561.0 589.0 588.0 667.0 612.0 522.0 584.0 537.0 566.0 570.0 575.0 561.0 548.0 559.0 544.0 550.0 568.0 559.0 555.0 553.0 547.0 529.0 532.0 542.0 561.0 566.0 559.0 541.0 544.0 548.0 551.0 567.0 535.0 543.0 555.0 535.0 524.0 546.0 492.0 481.0 522.0 539.0 563.0 560.0 536.0 621.0 567.0 531.0 545.0 518.0 505.0 553.0 532.0 522.0 531.0 585.0 584.0 563.0 546.0 532.0 539.0 532.0 506.0 506.0 540.0 562.0 533.0 503.0 518.0 564.0 549.0 528.0 543.0 570.0 494.0 478.0 558.0 547.0 559.0 551.0 507.0 518.0 511.0 515.0 515.0 515.0 557.0 561.0 539.0 516.0 556.0 547.0 537.0 543.0 549.0 552.0 536.0 530.0 534.0 571.0 575.0 574.0 536.0 536.0 526.0 513.0 537.0 511.0 482.0 551.0 515.0 514.0 498.0 481.0 540.0 548.0 570.0 539.0 519.0 551.0 550.0 555.0 576.0 564.0 531.0 523.0 494.0 512.0 509.0 556.0 503.0 491.0 524.0 518.0 506.0 516.0 527.0 524.0 530.0 509.0 536.0 500.0 509.0 519.0 525.0 530.0 531.0 495.0 516.0 559.0 503.0 478.0 538.0 515.0 483.0 487.0 520.0 530.0 533.0 545.0 573.0 556.0 542.0 548.0 558.0 577.0 599.0 574.0 520.0 503.0 494.0 532.0 575.0 563.0 557.0 544.0 567.0 567.0 558.0 559.0 524.0 505.0 512.0 550.0 545.0 563.0 574.0 573.0 548.0 501.0 517.0 529.0 551.0 553.0 573.0 550.0 492.0 495.0 537.0 578.0 578.0 533.0 501.0 570.0 565.0 546.0 534.0 558.0 580.0 572.0 575.0 563.0 558.0 555.0 546.0 557.0 551.0 536.0 521.0 570.0 554.0 533.0 534.0 536.0 568.0 563.0 544.0 568.0 568.0 519.0 516.0 542.0 559.0 558.0 517.0 542.9163763066202 27.73286612930603
37 146.0 152.0 148.0 148.0 148.0 150.0 152.0 155.0 268.0 268.0 268.0 139.0 155.0 155.0 154.0 160.0 160.0 147.0 154.0 139.0 139.0 154.0 154.0 144.0 145.0 151.0 151.0 130.0 117.0 156.0 160.0 159.0 152.0 153.0 157.0 155.0 143.0 154.0 152.0 148.0 153.0 149.0 149.0 149.0 152.0 151.0 154.0 145.0 145.0 148.0 152.0 154.0 151.0 151.0 162.0 155.0 156.0 136.0 137.0 162.0 148.0 145.0 158.0 157.0 153.0 147.0 151.0 149.0 141.0 154.0 153.0 151.0 149.0 153.0 145.0 144.0 152.0 151.0 154.0 148.0 148.0 153.0 149.0 151.0 154.0 152.0 154.0 150.0 147.0 155.0 154.0 147.0 131.0 143.0 146.0 150.0 149.0 159.0 152.0 159.0 144.0 146.0 133.0 136.0 154.0 146.0 143.0 148.0 161.0 159.0 154.0 150.0 151.0 151.0 144.0 138.0 139.0 146.0 150.0 157.0 144.0 144.0 155.0 154.0 141.0 149.0 155.0 142.0 135.0 155.0 152.0 152.0 162.0 150.0 155.0 140.0 152.0 140.0 157.0 154.0 149.0 151.0 141.0 155.0 157.0 147.0 150.0 149.0 146.0 146.0 146.0 157.0 159.0 158.0 156.0 156.0 146.0 153.0 138.0 148.0 142.0 133.0 165.0 148.0 136.0 158.0 134.0 157.0 149.0 156.0 155.0 143.0 158.0 151.0 151.0 153.0 153.0 140.0 144.0 143.0 130.0 148.0 154.0 149.0 145.0 145.0 148.0 138.0 149.0 143.0 150.0 144.0 147.0 146.0 143.0 144.0 146.0 151.0 137.0 150.0 140.0 153.0 158.0 138.0 145.0 139.0 134.0 132.0 134.0 144.0 140.0 142.0 158.0 151.0 154.0 141.0 152.0 152.0 154.0 160.0 159.0 155.0 141.0 142.0 144.0 158.0 151.0 153.0 144.0 144.0 159.0 151.0 151.0 163.0 136.0 146.0 161.0 146.0 157.0 156.0 163.0 150.0 148.0 144.0 154.0 147.0 155.0 154.0 152.0 143.0 138.0 162.0 156.0 155.0 150.0 140.0 133.0 148.0 154.0 143.0 154.0 157.0 150.0 154.0 154.0 161.0 153.0 150.0 155.0 152.0 138.0 155.0 168.0 151.0 145.0 146.0 142.0 160.0 152.0 152.0 152.0 152.0 152.0 145.0 153.0 184.0 152.0 150.6794425087108 14.214208973806937
38 402.0 409.0 411.0 394.0 399.0 407.0 408.0 407.0 405.0 406.0 399.0 399.0 398.0 398.0 398.0 398.0 434.0 429.0 404.0 412.0 411.0 429.0 419.0 413.0 376.0 397.0 413.0 433.0 328.0 341.0 423.0 436.0 433.0 411.0 420.0 425.0 422.0 412.0 416.0 405.0 398.0 412.0 411.0 411.0 411.0 413.0 409.0 409.0 395.0 395.0 385.0 406.0 415.0 407.0 409.0 437.0 424.0 437.0 363.0 392.0 443.0 416.0 400.0 420.0 432.0 413.0 404.0 394.0 395.0 401.0 415.0 412.0 404.0 404.0 418.0 389.0 396.0 401.0 401.0 402.0 397.0 400.0 401.0 405.0 408.0 393.0 382.0 413.0 397.0 382.0 397.0 404.0 364.0 360.0 387.0 391.0 405.0 402.0 392.0 415.0 418.0 376.0 392.0 361.0 370.0 396.0 383.0 382.0 417.0 429.0 423.0 402.0 398.0 400.0 409.0 382.0 375.0 381.0 398.0 409.0 408.0 386.0 411.0 414.0 410.0 402.0 399.0 413.0 359.0 364.0 402.0 380.0 363.0 415.0 370.0 403.0 389.0 369.0 398.0 390.0 412.0 401.0 396.0 390.0 421.0 411.0 395.0 405.0 407.0 390.0 391.0 388.0 418.0 424.0 420.0 415.0 387.0 403.0 385.0 390.0 400.0 371.0 360.0 403.0 377.0 369.0 356.0 354.0 390.0 389.0 420.0 377.0 376.0 411.0 403.0 407.0 410.0 412.0 391.0 390.0 368.0 382.0 405.0 411.0 408.0 381.0 388.0 381.0 373.0 393.0 387.0 396.0 380.0 395.0 382.0 369.0 376.0 384.0 375.0 375.0 381.0 372.0 418.0 413.0 399.0 370.0 376.0 392.0 374.0 376.0 368.0 369.0 382.0 428.0 417.0 417.0 403.0 412.0 407.0 389.0 434.0 410.0 401.0 370.0 382.0 391.0 426.0 417.0 366.0 354.0 400.0 416.0 416.0 411.0 395.0 369.0 400.0 412.0 404.0 420.0 416.0 426.0 404.0 389.0 396.0 406.0 395.0 414.0 412.0 409.0 390.0 371.0 427.0 421.0 425.0 409.0 364.0 372.0 401.0 404.0 399.0 444.0 424.0 411.0 415.0 399.0 416.0 420.0 409.0 409.0 415.0 381.0 411.0 427.0 428.0 391.0 394.0 390.0 424.0 413.0 414.0 426.0 426.0 359.0 385.0 417.0 417.0 399.7073170731707 19.21332348710374
39 129.0 134.0 136.0 126.0 138.0 138.0 123.0 124.0 121.0 155.0 128.0 128.0 128.0 128.0 128.0 135.0 135.0 135.0 135.0 123.0 123.0 114.0 137.0 126.0 126.0 119.0 130.0 128.0 119.0 99.0 99.0 129.0 129.0 132.0 131.0 135.0 129.0 122.0 121.0 134.0 120.0 124.0 128.0 128.0 113.0 128.0 123.0 126.0 129.0 129.0 127.0 121.0 124.0 134.0 128.0 133.0 136.0 128.0 132.0 115.0 125.0 155.0 127.0 137.0 130.0 126.0 129.0 121.0 134.0 127.0 131.0 126.0 128.0 125.0 122.0 121.0 115.0 119.0 128.0 116.0 163.0 132.0 124.0 132.0 126.0 125.0 126.0 113.0 138.0 130.0 120.0 127.0 130.0 109.0 122.0 120.0 131.0 134.0 120.0 120.0 117.0 127.0 121.0 123.0 111.0 116.0 116.0 115.0 116.0 116.0 130.0 128.0 127.0 121.0 121.0 127.0 126.0 119.0 124.0 125.0 123.0 123.0 114.0 124.0 129.0 113.0 116.0 128.0 130.0 102.0 122.0 135.0 122.0 128.0 146.0 111.0 141.0 116.0 108.0 110.0 127.0 135.0 126.0 122.0 124.0 130.0 128.0 118.0 127.0 128.0 115.0 116.0 106.0 125.0 129.0 126.0 125.0 119.0 120.0 115.0 133.0 129.0 113.0 119.0 130.0 114.0 127.0 124.0 134.0 117.0 126.0 117.0 118.0 117.0 123.0 121.0 129.0 135.0 129.0 122.0 125.0 123.0 113.0 125.0 136.0 119.0 125.0 124.0 136.0 111.0 122.0 118.0 115.0 115.0 126.0 129.0 109.0 118.0 115.0 109.0 118.0 121.0 117.0 127.0 130.0 126.0 113.0 119.0 126.0 117.0 115.0 107.0 109.0 112.0 131.0 128.0 115.0 111.0 122.0 119.0 117.0 134.0 132.0 120.0 113.0 137.0 118.0 130.0 133.0 109.0 123.0 128.0 138.0 120.0 129.0 137.0 108.0 122.0 124.0 116.0 128.0 129.0 130.0 128.0 121.0 135.0 134.0 145.0 129.0 121.0 118.0 119.0 127.0 130.0 119.0 124.0 164.0 108.0 115.0 114.0 125.0 126.0 145.0 133.0 124.0 130.0 128.0 122.0 122.0 122.0 131.0 108.0 120.0 146.0 127.0 129.0 118.0 116.0 114.0 131.0 132.0 118.0 128.0 128.0 116.0 132.0 132.0 124.5609756097561 9.033868466190881
40 86.0 86.0 84.0 84.0 84.0 84.0 88.0 85.0 86.0 97.0 103.0 103.0 103.0 103.0 103.0 103.0 103.0 95.0 95.0 82.0 86.0 82.0 77.0 77.0 86.0 86.0 82.0 83.0 83.0 68.0 92.0 92.0 89.0 86.0 89.0 92.0 91.0 87.0 116.0 83.0 91.0 84.0 101.0 101.0 101.0 92.0 90.0 91.0 93.0 93.0 93.0 82.0 86.0 98.0 125.0 98.0 92.0 97.0 98.0 77.0 88.0 97.0 90.0 103.0 119.0 88.0 92.0 89.0 91.0 84.0 87.0 94.0 85.0 91.0 91.0 95.0 79.0 84.0 86.0 80.0 104.0 89.0 83.0 169.0 84.0 100.0 91.0 70.0 90.0 85.0 83.0 85.0 86.0 83.0 75.0 104.0 94.0 88.0 90.0 85.0 79.0 88.0 85.0 87.0 84.0 81.0 79.0 82.0 82.0 89.0 90.0 92.0 87.0 91.0 80.0 86.0 84.0 90.0 92.0 86.0 105.0 87.0 83.0 86.0 95.0 74.0 91.0 87.0 124.0 76.0 78.0 92.0 91.0 84.0 94.0 86.0 99.0 79.0 84.0 83.0 104.0 96.0 83.0 81.0 79.0 88.0 91.0 86.0 88.0 92.0 77.0 86.0 86.0 81.0 94.0 88.0 85.0 90.0 84.0 80.0 83.0 91.0 81.0 85.0 87.0 83.0 81.0 92.0 93.0 86.0 85.0 87.0 85.0 88.0 90.0 86.0 93.0 88.0 91.0 82.0 83.0 83.0 90.0 95.0 91.0 91.0 84.0 79.0 99.0 88.0 93.0 81.0 78.0 78.0 90.0 90.0 83.0 83.0 78.0 95.0 85.0 87.0 81.0 87.0 87.0 83.0 87.0 80.0 89.0 85.0 89.0 83.0 83.0 79.0 82.0 89.0 86.0 81.0 87.0 84.0 82.0 86.0 90.0 88.0 80.0 99.0 90.0 92.0 83.0 75.0 79.0 91.0 97.0 87.0 84.0 83.0 81.0 87.0 83.0 92.0 132.0 88.0 89.0 85.0 164.0 86.0 86.0 83.0 82.0 101.0 87.0 80.0 79.0 93.0 85.0 85.0 109.0 82.0 112.0 85.0 83.0 88.0 85.0 89.0 84.0 89.0 89.0 83.0 85.0 90.0 84.0 82.0 85.0 90.0 99.0 88.0 81.0 85.0 82.0 92.0 89.0 77.0 88.0 88.0 79.0 93.0 135.0 88.90592334494774 10.79634422882997
41 625.0 629.0 616.0 604.0 615.0 638.0 606.0 631.0 541.0 611.0 632.0 677.0 682.0 665.0 665.0 609.0 642.0 662.0 662.0 642.0 632.0 631.0 551.0 575.0 675.0 638.0 589.0 603.0 629.0 500.0 554.0 543.0 657.0 660.0 661.0 640.0 635.0 661.0 653.0 645.0 627.0 641.0 621.0 645.0 635.0 650.0 658.0 646.0 663.0 654.0 638.0 623.0 626.0 638.0 636.0 632.0 630.0 651.0 680.0 647.0 584.0 606.0 666.0 663.0 628.0 618.0 638.0 647.0 592.0 591.0 604.0 615.0 639.0 642.0 626.0 640.0 610.0 598.0 610.0 613.0 583.0 603.0 641.0 608.0 616.0 620.0 628.0 580.0 566.0 619.0 615.0 620.0 621.0 613.0 558.0 559.0 593.0 610.0 635.0 624.0 610.0 675.0 631.0 630.0 627.0 640.0 608.0 598.0 593.0 581.0 597.0 637.0 676.0 637.0 629.0 631.0 619.0 627.0 657.0 653.0 624.0 599.0 607.0 610.0 616.0 628.0 632.0 639.0 650.0 636.0 560.0 560.0 633.0 619.0 627.0 647.0 622.0 605.0 604.0 586.0 585.0 575.0 613.0 619.0 621.0 619.0 649.0 642.0 614.0 610.0 634.0 602.0 595.0 596.0 636.0 637.0 654.0 640.0 636.0 594.0 576.0 597.0 578.0 591.0 612.0 640.0 584.0 572.0 629.0 640.0 600.0 595.0 660.0 654.0 627.0 647.0 652.0 647.0 642.0 643.0 637.0 624.0 602.0 586.0 587.0 601.0 625.0 589.0 567.0 584.0 645.0 607.0 585.0 594.0 589.0 594.0 603.0 581.0 577.0 566.0 627.0 603.0 603.0 633.0 600.0 592.0 609.0 630.0 617.0 607.0 602.0 592.0 600.0 611.0 577.0 609.0 645.0 616.0 597.0 619.0 621.0 609.0 633.0 659.0 658.0 654.0 600.0 557.0 632.0 626.0 588.0 557.0 628.0 660.0 637.0 632.0 587.0 556.0 566.0 615.0 641.0 689.0 702.0 710.0 685.0 606.0 629.0 563.0 582.0 596.0 631.0 637.0 579.0 596.0 616.0 646.0 633.0 649.0 659.0 627.0 604.0 596.0 625.0 632.0 649.0 643.0 641.0 605.0 603.0 639.0 630.0 612.0 604.0 627.0 647.0 686.0 655.0 649.0 611.0 596.0 659.0 652.0 661.0 631.0 592.0 579.0 591.0 620.1672473867595 30.523175427874865
42 739.0 737.0 738.0 742.0 738.0 708.0 725.0 710.0 749.0 687.0 663.0 705.0 740.0 755.0 841.0 797.0 770.0 757.0 753.0 753.0 746.0 746.0 775.0 736.0 738.0 730.0 761.0 707.0 667.0 660.0 717.0 659.0 659.0 667.0 753.0 752.0 752.0 754.0 748.0 752.0 760.0 722.0 735.0 734.0 737.0 720.0 740.0 740.0 733.0 741.0 735.0 720.0 733.0 717.0 705.0 723.0 728.0 741.0 730.0 746.0 732.0 728.0 681.0 679.0 754.0 736.0 726.0 732.0 723.0 723.0 715.0 711.0 716.0 721.0 745.0 743.0 733.0 734.0 714.0 677.0 679.0 703.0 704.0 728.0 719.0 737.0 739.0 735.0 760.0 852.0 859.0 886.0 771.0 723.0 718.0 728.0 725.0 730.0 719.0 719.0 726.0 738.0 706.0 703.0 719.0 728.0 737.0 747.0 707.0 701.0 680.0 677.0 690.0 732.0 753.0 743.0 732.0 733.0 762.0 765.0 770.0 765.0 754.0 739.0 749.0 753.0 744.0 737.0 726.0 726.0 733.0 750.0 747.0 734.0 739.0 728.0 725.0 723.0 730.0 704.0 680.0 691.0 696.0 682.0 714.0 726.0 716.0 655.0 726.0 698.0 719.0 720.0 736.0 727.0 720.0 723.0 718.0 736.0 759.0 765.0 754.0 744.0 743.0 721.0 682.0 684.0 691.0 702.0 670.0 665.0 677.0 739.0 723.0 750.0 744.0 733.0 740.0 722.0 729.0 715.0 746.0 640.0 661.0 704.0 684.0 708.0 723.0 726.0 724.0 689.0 666.0 686.0 734.0 713.0 708.0 688.0 672.0 679.0 701.0 685.0 665.0 665.0 686.0 733.0 708.0 670.0 679.0 715.0 706.0 734.0 733.0 716.0 735.0 733.0 745.0 766.0 771.0 746.0 767.0 757.0 764.0 739.0 730.0 767.0 833.0 998.0 1110.0 925.0 732.0 759.0 720.0 770.0 760.0 820.0 761.0 790.0 744.0 767.0 665.0 697.0 853.0 1904.0 3575.0 2007.0 1139.0 1547.0 3159.0 4453.0 1033.0 838.0 824.0 2039.0 745.0 781.0 843.0 2075.0 1318.0 4446.0 3549.0 2905.0 1765.0 1964.0 846.0 1956.0 1105.0 866.0 765.0 866.0 1097.0 2620.0 2361.0 2160.0 1431.0 816.0 916.0 704.0 763.0 752.0 863.0 1205.0 1613.0 1941.0 2660.0 1020.0 740.0 759.0 778.0 873.7142857142856 516.6745759011347
43 165.0 161.0 176.0 169.0 177.0 177.0 164.0 163.0 170.0 170.0 177.0 146.0 167.0 172.0 163.0 163.0 163.0 163.0 170.0 172.0 172.0 172.0 172.0 172.0 172.0 170.0 160.0 176.0 173.0 160.0 158.0 165.0 165.0 155.0 164.0 177.0 170.0 176.0 170.0 166.0 171.0 169.0 173.0 165.0 171.0 171.0 166.0 167.0 183.0 167.0 174.0 171.0 172.0 165.0 193.0 164.0 161.0 164.0 173.0 171.0 171.0 167.0 165.0 169.0 156.0 184.0 216.0 179.0 179.0 171.0 160.0 163.0 181.0 187.0 165.0 166.0 174.0 173.0 170.0 197.0 168.0 167.0 161.0 167.0 188.0 177.0 167.0 165.0 173.0 166.0 182.0 169.0 185.0 170.0 170.0 168.0 168.0 171.0 166.0 168.0 170.0 167.0 172.0 174.0 162.0 166.0 172.0 165.0 175.0 177.0 170.0 168.0 158.0 160.0 153.0 170.0 183.0 189.0 174.0 186.0 182.0 171.0 178.0 180.0 192.0 175.0 171.0 172.0 223.0 174.0 164.0 168.0 171.0 174.0 173.0 167.0 170.0 168.0 173.0 181.0 167.0 167.0 159.0 175.0 155.0 175.0 177.0 170.0 166.0 164.0 177.0 182.0 163.0 179.0 174.0 174.0 169.0 175.0 171.0 183.0 186.0 174.0 178.0 173.0 192.0 159.0 161.0 171.0 164.0 172.0 151.0 169.0 167.0 177.0 160.0 186.0 166.0 174.0 174.0 167.0 160.0 180.0 181.0 150.0 173.0 166.0 168.0 164.0 170.0 175.0 163.0 157.0 152.0 174.0 161.0 173.0 158.0 164.0 153.0 175.0 159.0 153.0 154.0 170.0 192.0 173.0 156.0 164.0 155.0 161.0 165.0 168.0 167.0 196.0 175.0 182.0 174.0 184.0 178.0 193.0 183.0 175.0 173.0 168.0 176.0 176.0 172.0 196.0 219.0 196.0 162.0 162.0 182.0 176.0 172.0 197.0 187.0 171.0 171.0 166.0 153.0 157.0 144.0 144.0 144.0 167.0 174.0 153.0 169.0 174.0 163.0 193.0 166.0 164.0 173.0 171.0 168.0 168.0 168.0 168.0 168.0 169.0 192.0 160.0 173.0 165.0 175.0 173.0 171.0 183.0 183.0 183.0 183.0 183.0 161.0 163.0 150.0 172.0 215.0 172.0 183.0 183.0 183.0 187.0 166.0 169.0 168.0 171.2334494773519 11.05917947439655
44 635.0 617.0 614.0 638.0 647.0 640.0 667.0 603.0 605.0 611.0 617.0 592.0 567.0 572.0 627.0 636.0 649.0 649.0 641.0 660.0 654.0 644.0 681.0 629.0 632.0 624.0 614.0 560.0 559.0 652.0 567.0 560.0 582.0 650.0 541.0 556.0 569.0 664.0 624.0 641.0 663.0 661.0 639.0 627.0 619.0 621.0 627.0 641.0 615.0 626.0 630.0 633.0 631.0 628.0 649.0 639.0 624.0 608.0 614.0 614.0 632.0 629.0 634.0 638.0 583.0 599.0 607.0 653.0 621.0 654.0 632.0 624.0 652.0 576.0 612.0 602.0 612.0 627.0 631.0 591.0 625.0 629.0 591.0 591.0 604.0 622.0 608.0 612.0 614.0 638.0 649.0 622.0 627.0 627.0 623.0 629.0 636.0 614.0 632.0 629.0 577.0 608.0 621.0 633.0 628.0 594.0 620.0 644.0 639.0 646.0 644.0 641.0 636.0 576.0 589.0 598.0 615.0 644.0 630.0 642.0 634.0 629.0 624.0 602.0 591.0 648.0 650.0 592.0 561.0 592.0 627.0 652.0 639.0 626.0 644.0 640.0 630.0 626.0 633.0 627.0 645.0 586.0 579.0 578.0 589.0 589.0 610.0 628.0 622.0 616.0 610.0 584.0 621.0 611.0 608.0 613.0 634.0 625.0 627.0 628.0 654.0 649.0 655.0 660.0 654.0 657.0 612.0 592.0 602.0 643.0 563.0 571.0 585.0 640.0 633.0 606.0 594.0 534.0 643.0 634.0 619.0 623.0 626.0 561.0 598.0 571.0 609.0 599.0 607.0 601.0 617.0 603.0 601.0 611.0 607.0 571.0 592.0 604.0 593.0 596.0 616.0 641.0 575.0 581.0 596.0 641.0 645.0 631.0 590.0 572.0 580.0 648.0 624.0 619.0 578.0 602.0 615.0 647.0 664.0 651.0 639.0 649.0 665.0 644.0 626.0 635.0 659.0 641.0 804.0 755.0 799.0 624.0 625.0 664.0 661.0 648.0 610.0 595.0 585.0 643.0 633.0 580.0 600.0 616.0 627.0 648.0 658.0 590.0 584.0 600.0 649.0 678.0 677.0 645.0 627.0 608.0 641.0 617.0 615.0 649.0 659.0 659.0 644.0 632.0 635.0 635.0 647.0 636.0 637.0 641.0 659.0 658.0 604.0 577.0 596.0 607.0 584.0 552.0 575.0 641.0 639.0 668.0 673.0 589.0 597.0 602.0 613.0 621.9616724738676 32.34606245949589
45 423.0 423.0 423.0 410.0 399.0 405.0 408.0 415.0 415.0 402.0 403.0 409.0 410.0 359.0 364.0 413.0 435.0 431.0 431.0 441.0 441.0 430.0 426.0 437.0 460.0 460.0 411.0 405.0 380.0 367.0 391.0 431.0 371.0 388.0 407.0 432.0 348.0 383.0 441.0 433.0 413.0 421.0 422.0 417.0 423.0 409.0 408.0 412.0 413.0 406.0 400.0 417.0 411.0 419.0 418.0 418.0 498.0 418.0 417.0 396.0 405.0 417.0 414.0 416.0 416.0 408.0 378.0 384.0 443.0 385.0 380.0 397.0 410.0 421.0 427.0 419.0 396.0 399.0 400.0 420.0 401.0 389.0 406.0 428.0 401.0 394.0 413.0 404.0 400.0 407.0 405.0 419.0 423.0 413.0 419.0 406.0 405.0 416.0 408.0 418.0 415.0 383.0 401.0 396.0 412.0 410.0 408.0 395.0 420.0 423.0 428.0 433.0 424.0 421.0 400.0 417.0 378.0 383.0 420.0 416.0 423.0 420.0 402.0 401.0 394.0 402.0 429.0 423.0 418.0 391.0 390.0 414.0 419.0 430.0 431.0 419.0 416.0 417.0 415.0 417.0 416.0 422.0 415.0 395.0 385.0 394.0 422.0 389.0 417.0 413.0 408.0 382.0 374.0 375.0 416.0 408.0 419.0 424.0 402.0 409.0 419.0 416.0 428.0 427.0 423.0 423.0 393.0 415.0 398.0 394.0 408.0 412.0 376.0 367.0 417.0 427.0 420.0 397.0 415.0 413.0 430.0 421.0 413.0 413.0 416.0 389.0 363.0 430.0 391.0 402.0 404.0 400.0 414.0 392.0 392.0 382.0 368.0 391.0 390.0 402.0 392.0 415.0 434.0 391.0 389.0 384.0 407.0 427.0 426.0 415.0 383.0 375.0 410.0 419.0 403.0 400.0 407.0 422.0 422.0 432.0 441.0 430.0 421.0 431.0 423.0 419.0 410.0 411.0 417.0 421.0 413.0 510.0 391.0 417.0 433.0 437.0 432.0 441.0 403.0 404.0 426.0 390.0 409.0 380.0 378.0 412.0 417.0 431.0 429.0 403.0 411.0 430.0 425.0 425.0 432.0 391.0 379.0 427.0 421.0 408.0 412.0 419.0 437.0 438.0 414.0 416.0 416.0 421.0 419.0 421.0 421.0 422.0 441.0 453.0 376.0 397.0 396.0 398.0 379.0 389.0 418.0 421.0 423.0 444.0 552.0 402.0 403.0 411.45296167247386 21.209503987119664
46 265.0 266.0 277.0 277.0 257.0 254.0 265.0 262.0 269.0 252.0 256.0 254.0 265.0 257.0 215.0 203.0 259.0 270.0 274.0 245.0 278.0 269.0 278.0 261.0 269.0 269.0 277.0 277.0 253.0 259.0 238.0 274.0 274.0 274.0 242.0 258.0 269.0 222.0 256.0 283.0 291.0 257.0 270.0 270.0 265.0 268.0 265.0 246.0 259.0 262.0 257.0 253.0 267.0 261.0 262.0 256.0 270.0 265.0 265.0 262.0 252.0 250.0 270.0 264.0 264.0 274.0 267.0 242.0 242.0 271.0 224.0 277.0 277.0 258.0 263.0 270.0 263.0 258.0 257.0 244.0 266.0 257.0 244.0 258.0 268.0 248.0 251.0 259.0 265.0 256.0 245.0 253.0 267.0 258.0 261.0 265.0 250.0 255.0 265.0 254.0 257.0 265.0 239.0 249.0 246.0 265.0 260.0 265.0 250.0 278.0 265.0 268.0 274.0 271.0 269.0 255.0 255.0 240.0 247.0 263.0 265.0 272.0 271.0 263.0 262.0 246.0 233.0 270.0 271.0 275.0 237.0 271.0 262.0 264.0 265.0 269.0 262.0 274.0 274.0 260.0 263.0 263.0 264.0 277.0 221.0 240.0 258.0 247.0 254.0 261.0 262.0 257.0 259.0 236.0 240.0 268.0 265.0 261.0 274.0 257.0 262.0 264.0 267.0 262.0 270.0 263.0 259.0 246.0 272.0 247.0 250.0 269.0 268.0 240.0 237.0 262.0 267.0 262.0 241.0 263.0 248.0 275.0 262.0 257.0 261.0 247.0 239.0 268.0 277.0 278.0 282.0 260.0 247.0 267.0 255.0 246.0 246.0 232.0 273.0 255.0 257.0 245.0 252.0 273.0 246.0 255.0 242.0 261.0 274.0 269.0 264.0 252.0 237.0 259.0 270.0 259.0 274.0 254.0 267.0 269.0 272.0 283.0 253.0 265.0 264.0 276.0 275.0 259.0 269.0 264.0 254.0 251.0 340.0 284.0 262.0 272.0 277.0 264.0 269.0 261.0 252.0 268.0 268.0 268.0 245.0 269.0 280.0 262.0 275.0 274.0 277.0 272.0 260.0 274.0 263.0 266.0 256.0 280.0 270.0 278.0 262.0 272.0 256.0 274.0 277.0 264.0 267.0 263.0 268.0 277.0 266.0 275.0 265.0 277.0 287.0 280.0 280.0 254.0 251.0 247.0 252.0 265.0 267.0 268.0 273.0 306.0 246.0 261.79094076655053 13.57901719025065
47 142.0 135.0 128.0 128.0 128.0 127.0 126.0 128.0 128.0 130.0 130.0 126.0 127.0 127.0 130.0 102.0 128.0 125.0 136.0 140.0 140.0 141.0 141.0 144.0 144.0 144.0 144.0 144.0 136.0 126.0 122.0 124.0 131.0 139.0 119.0 120.0 128.0 113.0 127.0 132.0 142.0 138.0 127.0 134.0 130.0 141.0 134.0 131.0 126.0 128.0 133.0 131.0 141.0 133.0 129.0 125.0 130.0 139.0 131.0 143.0 133.0 126.0 121.0 133.0 130.0 130.0 135.0 132.0 118.0 137.0 123.0 109.0 109.0 144.0 125.0 139.0 133.0 145.0 127.0 126.0 123.0 131.0 120.0 126.0 150.0 136.0 127.0 128.0 130.0 132.0 125.0 133.0 129.0 131.0 134.0 134.0 129.0 124.0 126.0 132.0 136.0 119.0 144.0 114.0 120.0 125.0 143.0 131.0 127.0 129.0 139.0 133.0 133.0 134.0 137.0 133.0 127.0 125.0 115.0 135.0 141.0 126.0 142.0 133.0 133.0 131.0 120.0 125.0 138.0 131.0 133.0 131.0 138.0 128.0 137.0 132.0 148.0 133.0 134.0 119.0 123.0 133.0 140.0 128.0 128.0 115.0 127.0 134.0 122.0 125.0 134.0 131.0 129.0 128.0 116.0 130.0 133.0 125.0 136.0 130.0 125.0 131.0 131.0 130.0 129.0 137.0 129.0 138.0 125.0 115.0 127.0 124.0 135.0 132.0 121.0 132.0 132.0 134.0 122.0 132.0 128.0 127.0 131.0 133.0 127.0 136.0 137.0 125.0 137.0 133.0 142.0 132.0 123.0 124.0 127.0 124.0 121.0 135.0 124.0 148.0 124.0 123.0 116.0 138.0 130.0 130.0 123.0 122.0 134.0 133.0 135.0 126.0 121.0 121.0 134.0 132.0 130.0 139.0 132.0 136.0 132.0 137.0 138.0 133.0 130.0 135.0 133.0 133.0 129.0 136.0 132.0 124.0 143.0 166.0 149.0 127.0 138.0 140.0 134.0 133.0 141.0 131.0 137.0 130.0 140.0 113.0 143.0 125.0 137.0 136.0 138.0 136.0 134.0 144.0 138.0 125.0 128.0 134.0 137.0 133.0 129.0 135.0 135.0 138.0 138.0 139.0 128.0 134.0 127.0 142.0 134.0 135.0 130.0 135.0 139.0 119.0 112.0 112.0 130.0 129.0 123.0 134.0 132.0 132.0 134.0 151.0 143.0 131.13240418118468 7.843524040539934
48 5.0 5.0 5.0 5.0 5.0 5.0 5.0 5.0 5.0 5.0 5.0 5.0 5.0 5.0 5.0 4.0 4.0 5.0 5.0 5.0 5.0 5.0 5.0 5.0 5.0 5.0 5.0 5.0 5.0 5.0 5.0 5.0 6.0 6.0 5.0 5.0 5.0 5.0 5.0 5.0 5.0 5.0 5.0 5.0 5.0 5.0 5.0 5.0 5.0 5.0 5.0 5.0 6.0 6.0 5.0 5.0 5.0 5.0 5.0 5.0 5.0 5.0 5.0 5.0 6.0 5.0 5.0 5.0 5.0 5.0 5.0 4.0 4.0 4.0 4.0 4.0 4.0 6.0 5.0 5.0 5.0 5.0 5.0 5.0 5.0 5.0 6.0 5.0 5.0 5.0 5.0 5.0 5.0 5.0 5.0 5.0 5.0 5.0 6.0 6.0 6.0 5.0 5.0 6.0 5.0 5.0 5.0 5.0 5.0 5.0 5.0 5.0 5.0 6.0 6.0 6.0 6.0 6.0 5.0 5.0 6.0 6.0 6.0 6.0 6.0 6.0 6.0 5.0 5.0 5.0 6.0 6.0 6.0 6.0 6.0 6.0 6.0 6.0 6.0 5.0 5.0 5.0 6.0 5.0 5.0 5.0 5.0 6.0 5.0 5.0 5.0 5.0 5.0 5.0 5.0 5.0 5.0 5.0 5.0 6.0 6.0 5.0 5.0 5.0 5.0 6.0 5.0 6.0 5.0 5.0 5.0 5.0 5.0 5.0 5.0 5.0 5.0 6.0 5.0 5.0 7.0 5.0 7.0 7.0 6.0 6.0 6.0 5.0 5.0 5.0 5.0 6.0 6.0 5.0 5.0 5.0 5.0 5.0 5.0 5.0 5.0 5.0 5.0 5.0 6.0 5.0 5.0 5.0 5.0 5.0 6.0 5.0 5.0 5.0 6.0 6.0 6.0 6.0 6.0 6.0 6.0 6.0 5.0 5.0 5.0 5.0 5.0 5.0 5.0 5.0 5.0 5.0 5.0 5.0 5.0 5.0 5.0 6.0 6.0 6.0 5.0 5.0 5.0 5.0 5.0 5.0 5.0 5.0 5.0 5.0 5.0 6.0 6.0 5.0 5.0 5.0 5.0 5.0 5.0 5.0 5.0 5.0 5.0 5.0 5.0 5.0 5.0 5.0 5.0 5.0 6.0 6.0 6.0 6.0 6.0 6.0 5.0 5.0 5.0 5.0 5.0 5.0 5.0 5.0 5.0 5.0 5.0 5.219512195121951 0.4988473837391004
49 501.0 419.0 422.0 407.0 407.0 407.0 401.0 402.0 409.0 408.0 410.0 410.0 401.0 404.0 480.0 354.0 351.0 408.0 402.0 432.0 443.0 413.0 418.0 422.0 443.0 440.0 440.0 440.0 440.0 392.0 406.0 386.0 391.0 417.0 394.0 383.0 403.0 412.0 359.0 366.0 417.0 443.0 421.0 417.0 423.0 423.0 436.0 424.0 405.0 407.0 418.0 430.0 440.0 425.0 420.0 412.0 398.0 416.0 431.0 417.0 418.0 423.0 385.0 409.0 424.0 417.0 427.0 405.0 400.0 388.0 405.0 366.0 394.0 419.0 408.0 407.0 418.0 397.0 409.0 399.0 406.0 403.0 419.0 387.0 399.0 422.0 416.0 397.0 405.0 415.0 406.0 416.0 424.0 405.0 424.0 409.0 428.0 406.0 401.0 409.0 411.0 392.0 383.0 425.0 377.0 406.0 391.0 419.0 414.0 404.0 415.0 429.0 421.0 430.0 430.0 430.0 414.0 412.0 386.0 385.0 427.0 431.0 412.0 424.0 420.0 421.0 409.0 394.0 429.0 416.0 419.0 411.0 413.0 425.0 428.0 421.0 426.0 429.0 415.0 408.0 372.0 378.0 415.0 414.0 417.0 377.0 364.0 403.0 412.0 387.0 376.0 415.0 415.0 411.0 377.0 373.0 416.0 402.0 407.0 425.0 421.0 419.0 410.0 412.0 425.0 431.0 426.0 415.0 408.0 388.0 367.0 381.0 388.0 427.0 418.0 370.0 377.0 419.0 414.0 392.0 404.0 402.0 410.0 417.0 413.0 412.0 426.0 390.0 374.0 430.0 413.0 442.0 411.0 390.0 380.0 396.0 400.0 385.0 370.0 364.0 394.0 367.0 386.0 377.0 455.0 399.0 397.0 414.0 387.0 428.0 426.0 420.0 411.0 384.0 388.0 438.0 414.0 412.0 411.0 418.0 431.0 423.0 436.0 475.0 419.0 411.0 424.0 416.0 421.0 413.0 436.0 416.0 384.0 422.0 437.0 417.0 410.0 441.0 355.0 440.0 455.0 372.0 422.0 424.0 432.0 364.0 364.0 394.0 445.0 432.0 434.0 429.0 404.0 424.0 418.0 411.0 419.0 430.0 436.0 422.0 423.0 412.0 398.0 407.0 431.0 438.0 436.0 417.0 421.0 416.0 430.0 431.0 426.0 409.0 411.0 435.0 370.0 338.0 419.0 409.0 401.0 402.0 417.0 423.0 428.0 438.0 461.0 411.0 21.555263176991613
50 380.0 291.0 305.0 299.0 296.0 310.0 310.0 344.0 309.0 291.0 293.0 332.0 283.0 294.0 317.0 314.0 259.0 255.0 287.0 286.0 294.0 317.0 317.0 296.0 292.0 313.0 313.0 301.0 403.0 279.0 348.0 285.0 299.0 270.0 260.0 305.0 274.0 270.0 293.0 246.0 258.0 294.0 308.0 302.0 299.0 302.0 287.0 299.0 311.0 291.0 300.0 327.0 296.0 289.0 301.0 295.0 287.0 289.0 293.0 305.0 289.0 292.0 296.0 280.0 279.0 298.0 295.0 297.0 288.0 284.0 264.0 308.0 285.0 314.0 300.0 295.0 281.0 298.0 303.0 285.0 285.0 290.0 284.0 291.0 271.0 289.0 295.0 292.0 279.0 285.0 309.0 287.0 286.0 299.0 302.0 293.0 289.0 311.0 292.0 299.0 291.0 298.0 286.0 268.0 307.0 297.0 283.0 280.0 291.0 289.0 285.0 291.0 302.0 299.0 326.0 301.0 318.0 301.0 340.0 275.0 297.0 301.0 329.0 310.0 314.0 304.0 304.0 323.0 569.0 530.0 385.0 430.0 649.0 398.0 437.0 467.0 398.0 383.0 318.0 333.0 311.0 274.0 270.0 291.0 297.0 297.0 281.0 262.0 282.0 300.0 271.0 269.0 290.0 306.0 308.0 276.0 289.0 280.0 294.0 294.0 307.0 297.0 288.0 298.0 303.0 320.0 304.0 297.0 295.0 285.0 272.0 261.0 270.0 284.0 294.0 301.0 258.0 280.0 277.0 297.0 280.0 304.0 287.0 284.0 298.0 297.0 295.0 302.0 292.0 253.0 276.0 300.0 295.0 286.0 268.0 290.0 282.0 295.0 292.0 260.0 283.0 290.0 274.0 281.0 261.0 299.0 315.0 299.0 279.0 287.0 262.0 280.0 296.0 289.0 275.0 284.0 299.0 305.0 289.0 283.0 302.0 309.0 297.0 317.0 292.0 293.0 307.0 306.0 302.0 294.0 309.0 310.0 291.0 275.0 333.0 370.0 300.0 299.0 310.0 288.0 273.0 286.0 266.0 286.0 307.0 301.0 254.0 279.0 286.0 299.0 307.0 306.0 306.0 286.0 306.0 293.0 293.0 279.0 290.0 300.0 301.0 299.0 291.0 289.0 310.0 299.0 308.0 310.0 298.0 296.0 298.0 313.0 300.0 299.0 305.0 284.0 307.0 244.0 295.0 297.0 300.0 292.0 292.0 290.0 295.0 304.0 292.0 300.4878048780488 39.51107250833617
51 133.0 258.0 138.0 143.0 161.0 179.0 179.0 179.0 157.0 167.0 145.0 193.0 133.0 138.0 323.0 194.0 155.0 114.0 185.0 142.0 182.0 128.0 224.0 224.0 180.0 180.0 155.0 126.0 126.0 158.0 158.0 129.0 115.0 199.0 124.0 774.0 337.0 130.0 147.0 150.0 143.0 277.0 154.0 151.0 151.0 149.0 197.0 190.0 238.0 157.0 165.0 135.0 181.0 187.0 185.0 160.0 192.0 165.0 123.0 162.0 168.0 131.0 140.0 139.0 114.0 149.0 153.0 143.0 177.0 135.0 165.0 139.0 140.0 187.0 144.0 162.0 169.0 144.0 144.0 174.0 156.0 147.0 154.0 129.0 142.0 121.0 135.0 143.0 149.0 145.0 145.0 164.0 152.0 165.0 203.0 150.0 150.0 174.0 160.0 169.0 138.0 163.0 128.0 143.0 168.0 142.0 137.0 157.0 180.0 153.0 148.0 158.0 221.0 145.0 205.0 160.0 160.0 152.0 156.0 162.0 129.0 155.0 183.0 177.0 159.0 141.0 239.0 154.0 238.0 149.0 162.0 147.0 218.0 192.0 148.0 152.0 134.0 131.0 175.0 163.0 152.0 232.0 135.0 134.0 159.0 167.0 145.0 126.0 268.0 167.0 157.0 138.0 168.0 153.0 154.0 134.0 166.0 142.0 191.0 142.0 219.0 159.0 193.0 148.0 158.0 181.0 161.0 166.0 159.0 171.0 150.0 210.0 148.0 146.0 154.0 193.0 175.0 158.0 145.0 153.0 142.0 187.0 180.0 183.0 138.0 194.0 154.0 146.0 139.0 131.0 147.0 149.0 126.0 117.0 194.0 158.0 177.0 178.0 151.0 151.0 136.0 161.0 139.0 175.0 133.0 168.0 140.0 176.0 143.0 140.0 134.0 187.0 270.0 151.0 186.0 192.0 645.0 154.0 146.0 162.0 135.0 145.0 157.0 181.0 170.0 174.0 144.0 118.0 237.0 140.0 202.0 141.0 188.0 174.0 136.0 317.0 148.0 158.0 212.0 126.0 118.0 214.0 114.0 217.0 1400.0 160.0 180.0 157.0 249.0 126.0 179.0 161.0 148.0 138.0 161.0 210.0 162.0 213.0 217.0 218.0 158.0 217.0 292.0 147.0 222.0 222.0 222.0 222.0 222.0 134.0 171.0 198.0 135.0 196.0 155.0 128.0 136.0 173.0 135.0 186.0 125.0 188.0 134.0 174.0 177.0 161.0 189.0 173.6480836236934 92.62820366091275
END
#################################################################
SECTION3 (Edges Information)
EndPoint0 EndPoint1 Weight
0 1 1.000000
1 2 1.000000
2 3 1.000000
3 4 1.000000
4 5 1.000000
5 6 1.000000
6 7 1.000000
7 8 1.000000
8 9 1.000000
9 10 1.000000
10 11 1.000000
11 12 1.000000
12 13 1.000000
13 14 1.000000
14 15 1.000000
15 16 1.000000
16 17 1.000000
17 18 1.000000
18 19 1.000000
19 20 1.000000
20 21 1.000000
21 22 1.000000
22 23 1.000000
23 24 1.000000
24 25 1.000000
25 26 1.000000
26 27 1.000000
27 28 1.000000
28 29 1.000000
29 30 1.000000
30 31 1.000000
31 32 1.000000
32 33 1.000000
33 34 1.000000
34 35 1.000000
35 36 1.000000
36 37 1.000000
37 38 1.000000
38 39 1.000000
39 40 1.000000
40 41 1.000000
41 42 1.000000
42 43 1.000000
43 44 1.000000
44 45 1.000000
45 46 1.000000
46 47 1.000000
47 48 1.000000
48 49 1.000000
49 50 1.000000
50 51 1.000000
END
#################################################################
SECTION4 (TrueSubGraph Information)
EndPoint0 EndPoint1 Weight
END
#################################################################
