#################################################################
#APDM Input Graph, this input graph includes 3 sections:
#section1 : general information
#section2 : nodes
#section3 : edges
#section4 : trueSubGraph (Optional)
#
#if nodes haven't information set weight to null
#################################################################
SECTION1 (General Information)
numNodes = 52
numEdges = 51
usedAlgorithm = NULL
dataSource = TransWeatherRealData
END
#################################################################
SECTION2 (Nodes Information)
NodeID travelTime  mean  std 
0 210.0 234.0 234.0 225.0 234.0 241.0 231.0 235.0 224.0 223.0 270.0 239.0 234.0 234.0 242.0 262.0 271.0 255.0 248.0 240.0 208.0 224.0 216.0 242.0 240.0 224.0 224.0 229.0 234.0 224.0 220.0 212.0 212.0 257.0 226.0 218.0 239.0 239.0 227.0 243.0 251.0 235.0 223.0 206.0 232.0 252.0 211.0 219.0 293.0 246.0 242.0 245.0 259.0 269.0 247.0 247.0 244.0 230.0 232.0 230.0 229.0 222.0 236.0 255.0 238.0 230.0 235.0 250.0 253.0 235.0 230.0 227.0 221.0 234.0 225.0 230.0 218.0 232.0 242.0 243.0 218.0 218.0 220.0 236.0 240.0 270.0 221.0 239.0 238.0 232.0 230.0 239.0 222.0 241.0 253.0 230.0 221.0 231.0 217.0 217.0 224.0 229.0 238.0 227.0 221.0 217.0 233.0 207.0 231.0 233.0 228.0 213.0 227.0 236.0 230.0 232.0 232.0 227.0 208.0 201.0 230.0 228.0 229.0 287.0 221.0 234.0 235.0 228.0 227.0 226.0 209.0 226.0 216.0 224.0 231.0 225.0 224.0 211.0 219.0 230.0 234.0 232.0 227.0 229.0 229.0 214.0 243.0 236.0 213.0 223.0 235.0 227.0 234.0 226.0 227.0 229.0 226.0 238.0 219.0 221.0 234.0 232.0 231.0 203.0 212.0 242.0 474.0 229.0 194.0 203.0 218.0 223.0 229.0 210.0 228.0 219.0 226.0 228.0 231.0 228.0 236.0 241.0 226.0 209.0 250.0 212.0 221.0 234.0 220.0 207.0 209.0 228.0 228.0 228.0 237.0 229.0 218.0 236.0 233.0 230.0 226.0 212.0 208.0 211.0 235.0 229.0 227.0 229.0 231.0 224.0 221.0 237.0 234.0 245.0 218.0 231.0 238.0 225.0 232.0 228.0 218.0 226.0 227.0 232.0 218.0 245.0 232.0 242.0 232.0 238.0 241.0 223.0 230.0 218.0 226.0 233.0 208.0 230.0 221.0 242.0 232.0 235.0 237.0 213.0 220.0 233.0 238.0 237.0 238.0 221.0 234.0 213.0 230.0 232.0 228.0 190.0 232.0 236.0 222.0 236.0 233.0 226.0 225.0 223.0 213.0 232.0 233.0 232.0 205.0 230.0 231.0 225.0 243.0 229.0 226.0 218.0 216.0 215.0 226.0 234.0 224.0 228.0 230.0 277.0 277.0 223.0 237.0 230.68989547038328 19.83493075261578
1 70.0 61.0 70.0 70.0 66.0 65.0 65.0 63.0 70.0 66.0 84.0 61.0 61.0 69.0 70.0 69.0 125.0 63.0 81.0 68.0 68.0 61.0 67.0 58.0 58.0 70.0 67.0 67.0 66.0 66.0 59.0 56.0 67.0 67.0 150.0 61.0 64.0 69.0 67.0 68.0 69.0 72.0 72.0 64.0 70.0 70.0 61.0 59.0 59.0 89.0 71.0 65.0 65.0 67.0 81.0 75.0 75.0 72.0 66.0 63.0 69.0 68.0 68.0 68.0 86.0 67.0 68.0 74.0 80.0 72.0 72.0 65.0 65.0 66.0 66.0 67.0 66.0 66.0 71.0 74.0 65.0 68.0 62.0 66.0 64.0 66.0 69.0 61.0 67.0 67.0 63.0 64.0 66.0 70.0 71.0 73.0 64.0 67.0 70.0 62.0 65.0 66.0 68.0 67.0 74.0 71.0 72.0 60.0 65.0 67.0 71.0 67.0 63.0 63.0 71.0 68.0 60.0 69.0 67.0 60.0 60.0 67.0 66.0 66.0 68.0 69.0 69.0 70.0 64.0 60.0 61.0 66.0 75.0 64.0 67.0 70.0 61.0 61.0 64.0 66.0 71.0 68.0 65.0 68.0 67.0 64.0 67.0 64.0 71.0 60.0 68.0 59.0 67.0 68.0 71.0 69.0 64.0 73.0 63.0 63.0 66.0 67.0 68.0 58.0 64.0 61.0 74.0 67.0 68.0 58.0 67.0 66.0 72.0 62.0 67.0 65.0 70.0 63.0 71.0 65.0 75.0 76.0 67.0 62.0 64.0 69.0 67.0 64.0 68.0 61.0 58.0 71.0 66.0 68.0 68.0 73.0 66.0 64.0 67.0 68.0 73.0 63.0 69.0 70.0 65.0 70.0 64.0 68.0 69.0 63.0 64.0 68.0 67.0 67.0 60.0 67.0 72.0 70.0 66.0 65.0 63.0 59.0 68.0 65.0 65.0 72.0 69.0 70.0 70.0 65.0 68.0 70.0 64.0 66.0 66.0 62.0 59.0 66.0 69.0 69.0 70.0 70.0 69.0 66.0 65.0 70.0 70.0 68.0 64.0 61.0 63.0 59.0 64.0 65.0 66.0 66.0 70.0 70.0 66.0 66.0 66.0 65.0 70.0 64.0 66.0 63.0 67.0 69.0 67.0 71.0 92.0 92.0 61.0 61.0 67.0 61.0 63.0 61.0 57.0 57.0 65.0 66.0 67.0 67.0 67.0 60.0 60.0 67.33449477351917 7.820067538058589
2 295.0 252.0 270.0 280.0 302.0 297.0 285.0 280.0 285.0 273.0 272.0 272.0 315.0 352.0 286.0 284.0 293.0 424.0 453.0 324.0 293.0 247.0 268.0 251.0 297.0 292.0 326.0 390.0 277.0 269.0 272.0 256.0 247.0 276.0 281.0 272.0 321.0 268.0 289.0 266.0 288.0 293.0 342.0 271.0 270.0 313.0 262.0 283.0 272.0 309.0 284.0 313.0 289.0 284.0 287.0 286.0 286.0 312.0 347.0 282.0 291.0 282.0 283.0 278.0 301.0 337.0 293.0 275.0 280.0 312.0 287.0 288.0 272.0 295.0 284.0 274.0 277.0 276.0 276.0 299.0 298.0 277.0 286.0 301.0 292.0 277.0 319.0 278.0 283.0 304.0 302.0 294.0 298.0 272.0 286.0 276.0 298.0 301.0 275.0 265.0 266.0 270.0 277.0 286.0 271.0 284.0 299.0 287.0 247.0 281.0 280.0 286.0 254.0 273.0 281.0 295.0 274.0 281.0 283.0 288.0 233.0 279.0 288.0 274.0 277.0 280.0 290.0 289.0 291.0 254.0 249.0 266.0 286.0 263.0 265.0 277.0 283.0 261.0 263.0 274.0 280.0 300.0 291.0 282.0 289.0 284.0 259.0 287.0 281.0 253.0 313.0 282.0 281.0 283.0 276.0 277.0 279.0 267.0 271.0 268.0 273.0 286.0 291.0 277.0 265.0 256.0 265.0 279.0 290.0 291.0 282.0 286.0 275.0 285.0 275.0 281.0 271.0 278.0 275.0 298.0 256.0 306.0 301.0 287.0 262.0 274.0 279.0 280.0 287.0 279.0 250.0 249.0 277.0 282.0 280.0 282.0 273.0 283.0 280.0 276.0 275.0 288.0 283.0 275.0 261.0 287.0 271.0 273.0 279.0 257.0 283.0 267.0 295.0 284.0 279.0 258.0 297.0 278.0 276.0 274.0 297.0 264.0 300.0 260.0 295.0 300.0 303.0 285.0 274.0 280.0 287.0 288.0 285.0 305.0 249.0 262.0 287.0 252.0 286.0 273.0 290.0 290.0 325.0 283.0 279.0 293.0 281.0 296.0 280.0 308.0 288.0 301.0 271.0 261.0 281.0 263.0 263.0 279.0 287.0 281.0 282.0 271.0 274.0 266.0 270.0 288.0 285.0 345.0 280.0 286.0 260.0 290.0 263.0 313.0 276.0 278.0 263.0 245.0 276.0 296.0 281.0 273.0 299.0 281.0 337.0 318.0 265.0 283.7282229965157 22.734158504662837
3 220.0 315.0 175.0 209.0 209.0 192.0 215.0 204.0 202.0 199.0 194.0 181.0 181.0 250.0 210.0 197.0 198.0 197.0 278.0 340.0 204.0 208.0 180.0 193.0 183.0 183.0 183.0 243.0 212.0 191.0 202.0 194.0 197.0 211.0 211.0 190.0 186.0 181.0 211.0 200.0 210.0 209.0 193.0 167.0 185.0 208.0 210.0 200.0 185.0 190.0 184.0 206.0 188.0 190.0 209.0 215.0 199.0 217.0 235.0 241.0 191.0 189.0 195.0 230.0 192.0 254.0 205.0 204.0 195.0 196.0 214.0 203.0 200.0 204.0 185.0 213.0 195.0 189.0 189.0 203.0 203.0 200.0 221.0 208.0 192.0 187.0 190.0 198.0 191.0 202.0 192.0 211.0 199.0 174.0 202.0 191.0 192.0 208.0 202.0 202.0 197.0 188.0 179.0 202.0 195.0 186.0 191.0 207.0 184.0 173.0 193.0 191.0 193.0 182.0 189.0 205.0 189.0 192.0 203.0 195.0 172.0 158.0 193.0 210.0 196.0 195.0 196.0 196.0 200.0 189.0 175.0 167.0 183.0 195.0 184.0 199.0 214.0 179.0 200.0 178.0 195.0 217.0 177.0 199.0 198.0 190.0 180.0 179.0 203.0 189.0 175.0 215.0 184.0 196.0 198.0 184.0 209.0 190.0 198.0 186.0 187.0 193.0 193.0 199.0 195.0 192.0 184.0 195.0 210.0 204.0 184.0 203.0 197.0 208.0 192.0 189.0 200.0 182.0 192.0 202.0 193.0 181.0 203.0 200.0 183.0 182.0 205.0 198.0 194.0 198.0 193.0 170.0 200.0 199.0 195.0 189.0 192.0 194.0 190.0 199.0 195.0 198.0 188.0 193.0 193.0 183.0 193.0 189.0 204.0 186.0 179.0 200.0 209.0 201.0 197.0 183.0 179.0 190.0 177.0 192.0 192.0 197.0 176.0 187.0 186.0 204.0 192.0 209.0 202.0 190.0 189.0 198.0 200.0 203.0 171.0 172.0 181.0 183.0 206.0 190.0 181.0 204.0 202.0 199.0 194.0 221.0 198.0 196.0 201.0 186.0 214.0 173.0 195.0 176.0 184.0 182.0 183.0 186.0 211.0 188.0 191.0 191.0 186.0 181.0 176.0 197.0 184.0 193.0 191.0 196.0 197.0 173.0 205.0 179.0 179.0 188.0 204.0 179.0 179.0 223.0 201.0 201.0 184.0 184.0 197.0 257.0 189.0 196.34494773519162 18.127062233702716
4 331.0 327.0 331.0 321.0 350.0 350.0 305.0 357.0 463.0 343.0 324.0 302.0 325.0 325.0 304.0 311.0 300.0 311.0 322.0 308.0 300.0 311.0 296.0 292.0 308.0 272.0 346.0 318.0 312.0 311.0 324.0 347.0 296.0 300.0 347.0 305.0 291.0 291.0 294.0 309.0 314.0 312.0 342.0 313.0 297.0 299.0 303.0 359.0 342.0 303.0 304.0 316.0 310.0 292.0 276.0 325.0 320.0 338.0 344.0 358.0 382.0 312.0 308.0 307.0 308.0 299.0 249.0 272.0 312.0 313.0 319.0 324.0 319.0 302.0 314.0 297.0 314.0 309.0 297.0 330.0 340.0 328.0 325.0 286.0 309.0 281.0 293.0 305.0 312.0 330.0 314.0 317.0 315.0 305.0 272.0 307.0 299.0 311.0 308.0 291.0 299.0 287.0 304.0 296.0 299.0 305.0 293.0 280.0 314.0 272.0 274.0 305.0 305.0 307.0 311.0 311.0 328.0 291.0 310.0 310.0 317.0 267.0 295.0 312.0 311.0 315.0 309.0 291.0 290.0 311.0 298.0 272.0 264.0 308.0 296.0 294.0 305.0 299.0 289.0 293.0 299.0 303.0 311.0 315.0 315.0 311.0 313.0 283.0 303.0 313.0 274.0 270.0 305.0 292.0 313.0 308.0 296.0 300.0 289.0 317.0 299.0 297.0 301.0 309.0 301.0 307.0 292.0 289.0 297.0 285.0 302.0 299.0 306.0 308.0 309.0 293.0 297.0 292.0 289.0 298.0 315.0 316.0 294.0 318.0 308.0 312.0 305.0 307.0 273.0 275.0 309.0 299.0 271.0 298.0 301.0 299.0 312.0 293.0 294.0 300.0 317.0 319.0 278.0 301.0 303.0 280.0 293.0 304.0 290.0 301.0 295.0 283.0 321.0 340.0 321.0 311.0 295.0 279.0 291.0 303.0 303.0 303.0 311.0 304.0 290.0 300.0 306.0 297.0 323.0 308.0 308.0 310.0 319.0 320.0 300.0 278.0 288.0 277.0 285.0 305.0 301.0 288.0 322.0 325.0 323.0 300.0 317.0 316.0 305.0 315.0 311.0 324.0 310.0 304.0 290.0 297.0 294.0 374.0 300.0 313.0 309.0 303.0 305.0 302.0 287.0 316.0 297.0 306.0 307.0 319.0 334.0 298.0 288.0 315.0 286.0 286.0 301.0 315.0 286.0 293.0 305.0 309.0 318.0 289.0 294.0 316.0 362.0 306.45644599303137 20.334373183833723
5 4.0 4.0 4.0 4.0 4.0 4.0 4.0 4.0 4.0 4.0 4.0 4.0 4.0 4.0 4.0 4.0 4.0 4.0 4.0 4.0 4.0 4.0 4.0 4.0 4.0 4.0 4.0 4.0 4.0 4.0 4.0 4.0 4.0 4.0 4.0 4.0 4.0 4.0 4.0 4.0 4.0 4.0 4.0 4.0 4.0 4.0 5.0 5.0 5.0 5.0 5.0 5.0 5.0 5.0 5.0 5.0 5.0 4.0 4.0 4.0 4.0 4.0 4.0 4.0 4.0 4.0 4.0 4.0 4.0 4.0 4.0 4.0 4.0 4.0 4.0 4.0 4.0 4.0 4.0 4.0 4.0 7.0 7.0 7.0 7.0 7.0 7.0 4.0 4.0 4.0 4.0 4.0 4.0 4.0 4.0 4.0 4.0 4.0 4.0 4.0 4.0 4.0 4.0 4.0 4.0 4.0 4.0 4.0 4.0 4.0 4.0 4.0 4.0 4.0 4.0 4.0 4.0 4.0 4.0 4.0 4.0 4.0 4.0 4.0 4.0 4.0 4.0 5.0 5.0 5.0 5.0 4.0 4.0 4.0 4.0 4.0 4.0 4.0 4.0 4.0 4.0 4.0 4.0 6.0 6.0 5.0 5.0 5.0 4.0 5.0 5.0 4.0 4.0 4.0 4.0 5.0 5.0 5.0 3.0 3.0 3.0 3.0 4.0 4.0 4.0 4.0 4.0 4.0 4.0 4.0 4.0 4.0 4.0 4.0 4.0 4.0 4.0 4.0 4.0 4.0 4.0 4.0 4.0 4.0 4.0 4.0 4.0 5.0 5.0 4.0 4.0 4.0 4.0 4.0 4.0 5.0 4.0 4.0 4.0 4.0 4.0 4.0 4.0 4.0 4.0 4.0 4.0 4.0 4.0 4.0 4.0 4.0 4.0 4.0 4.0 4.0 4.0 4.0 4.0 4.0 4.0 4.0 4.0 4.0 4.0 4.0 4.0 4.0 4.0 4.0 4.0 4.0 4.0 4.0 4.0 4.0 4.0 4.0 4.0 4.0 4.0 4.0 4.0 4.0 4.0 4.0 4.0 5.0 4.0 4.0 4.0 4.0 4.0 4.0 5.0 5.0 5.0 5.0 5.0 5.0 5.0 5.0 5.0 5.0 5.0 5.0 5.0 5.0 5.0 4.0 4.0 4.0 4.0 4.0 4.0 4.0 4.0 4.0 4.0 4.0 4.0 4.0 4.0 4.0 4.0 4.0 4.0 4.209059233449477 0.5777229415372326
6 388.0 440.0 442.0 369.0 439.0 372.0 509.0 387.0 346.0 549.0 391.0 372.0 349.0 356.0 356.0 356.0 590.0 365.0 341.0 407.0 373.0 373.0 375.0 364.0 355.0 351.0 318.0 478.0 567.0 381.0 379.0 334.0 444.0 366.0 334.0 403.0 532.0 357.0 334.0 324.0 352.0 352.0 390.0 393.0 383.0 381.0 346.0 351.0 430.0 403.0 392.0 350.0 351.0 359.0 328.0 442.0 392.0 380.0 391.0 379.0 386.0 408.0 403.0 426.0 364.0 378.0 348.0 332.0 534.0 375.0 364.0 355.0 393.0 375.0 366.0 349.0 342.0 377.0 393.0 378.0 407.0 437.0 391.0 371.0 392.0 383.0 355.0 334.0 366.0 331.0 350.0 357.0 342.0 383.0 343.0 363.0 405.0 361.0 402.0 384.0 349.0 339.0 328.0 366.0 330.0 342.0 352.0 323.0 321.0 364.0 302.0 317.0 339.0 342.0 332.0 351.0 354.0 423.0 399.0 383.0 365.0 400.0 321.0 359.0 344.0 371.0 372.0 374.0 374.0 348.0 349.0 331.0 302.0 303.0 351.0 348.0 333.0 354.0 339.0 348.0 356.0 342.0 340.0 362.0 366.0 372.0 355.0 347.0 369.0 350.0 398.0 315.0 311.0 350.0 411.0 340.0 333.0 327.0 380.0 347.0 370.0 343.0 367.0 352.0 333.0 355.0 359.0 346.0 337.0 359.0 384.0 345.0 357.0 347.0 361.0 355.0 332.0 345.0 347.0 333.0 340.0 366.0 348.0 339.0 349.0 357.0 349.0 349.0 356.0 367.0 388.0 306.0 301.0 336.0 353.0 349.0 354.0 352.0 329.0 340.0 340.0 397.0 383.0 377.0 348.0 358.0 341.0 334.0 349.0 338.0 346.0 322.0 309.0 339.0 353.0 352.0 354.0 331.0 345.0 331.0 337.0 340.0 340.0 358.0 375.0 376.0 316.0 309.0 348.0 371.0 350.0 349.0 353.0 351.0 363.0 343.0 309.0 355.0 319.0 339.0 366.0 342.0 322.0 365.0 366.0 372.0 349.0 357.0 366.0 356.0 355.0 362.0 372.0 384.0 331.0 331.0 515.0 341.0 483.0 349.0 368.0 354.0 346.0 374.0 342.0 330.0 347.0 325.0 343.0 337.0 347.0 383.0 388.0 321.0 304.0 304.0 304.0 336.0 336.0 432.0 368.0 332.0 364.0 372.0 372.0 372.0 349.0 362.9407665505226 40.60796681245093
7 471.0 507.0 480.0 540.0 508.0 503.0 499.0 507.0 567.0 559.0 610.0 550.0 512.0 492.0 468.0 468.0 468.0 761.0 655.0 569.0 525.0 540.0 707.0 559.0 492.0 495.0 495.0 457.0 523.0 811.0 535.0 542.0 483.0 475.0 466.0 471.0 513.0 498.0 483.0 500.0 476.0 539.0 498.0 559.0 573.0 558.0 603.0 543.0 529.0 494.0 522.0 494.0 463.0 472.0 545.0 470.0 447.0 553.0 523.0 501.0 524.0 554.0 523.0 598.0 569.0 510.0 447.0 476.0 590.0 632.0 599.0 525.0 519.0 578.0 566.0 533.0 520.0 495.0 558.0 612.0 568.0 540.0 524.0 542.0 526.0 539.0 485.0 516.0 500.0 463.0 472.0 506.0 497.0 456.0 467.0 488.0 522.0 519.0 490.0 484.0 509.0 509.0 488.0 485.0 469.0 478.0 576.0 503.0 476.0 449.0 468.0 504.0 493.0 485.0 479.0 501.0 459.0 479.0 542.0 598.0 634.0 571.0 524.0 497.0 445.0 489.0 497.0 511.0 526.0 448.0 484.0 507.0 479.0 437.0 421.0 441.0 497.0 490.0 514.0 488.0 489.0 505.0 482.0 478.0 456.0 482.0 517.0 498.0 492.0 526.0 486.0 492.0 486.0 482.0 467.0 489.0 488.0 484.0 489.0 502.0 466.0 485.0 490.0 498.0 492.0 478.0 489.0 491.0 534.0 478.0 467.0 471.0 473.0 480.0 494.0 502.0 497.0 493.0 518.0 496.0 477.0 471.0 497.0 490.0 481.0 503.0 513.0 491.0 493.0 477.0 482.0 520.0 418.0 416.0 491.0 471.0 494.0 492.0 506.0 489.0 482.0 479.0 482.0 513.0 503.0 468.0 482.0 492.0 442.0 498.0 496.0 500.0 471.0 481.0 466.0 474.0 508.0 505.0 454.0 451.0 511.0 459.0 499.0 480.0 460.0 471.0 488.0 435.0 430.0 471.0 516.0 503.0 500.0 466.0 466.0 490.0 490.0 470.0 479.0 446.0 450.0 478.0 468.0 488.0 521.0 513.0 488.0 482.0 497.0 502.0 487.0 493.0 491.0 498.0 527.0 513.0 460.0 502.0 496.0 485.0 484.0 453.0 491.0 487.0 483.0 501.0 491.0 471.0 474.0 501.0 493.0 503.0 500.0 486.0 444.0 422.0 505.0 505.0 479.0 482.0 464.0 490.0 481.0 536.0 614.0 614.0 614.0 502.5993031358885 46.77303179193304
8 666.0 660.0 651.0 634.0 741.0 778.0 628.0 617.0 660.0 724.0 653.0 706.0 754.0 703.0 730.0 725.0 736.0 681.0 700.0 688.0 772.0 765.0 736.0 657.0 827.0 661.0 652.0 648.0 648.0 732.0 808.0 802.0 686.0 683.0 674.0 697.0 710.0 695.0 704.0 737.0 744.0 739.0 788.0 757.0 744.0 767.0 760.0 736.0 756.0 726.0 751.0 731.0 635.0 606.0 627.0 741.0 753.0 658.0 814.0 828.0 740.0 695.0 707.0 697.0 757.0 702.0 677.0 700.0 843.0 744.0 724.0 645.0 654.0 679.0 656.0 688.0 784.0 781.0 760.0 827.0 688.0 734.0 756.0 728.0 707.0 703.0 708.0 693.0 670.0 718.0 645.0 643.0 668.0 654.0 612.0 591.0 618.0 726.0 707.0 685.0 664.0 646.0 673.0 693.0 660.0 659.0 691.0 748.0 681.0 654.0 617.0 624.0 665.0 671.0 670.0 660.0 663.0 637.0 654.0 665.0 700.0 650.0 649.0 662.0 647.0 581.0 560.0 666.0 693.0 696.0 711.0 641.0 659.0 691.0 644.0 592.0 598.0 646.0 669.0 669.0 643.0 630.0 685.0 659.0 663.0 622.0 607.0 621.0 683.0 662.0 672.0 680.0 678.0 679.0 656.0 644.0 650.0 654.0 647.0 629.0 690.0 646.0 651.0 648.0 651.0 691.0 708.0 653.0 677.0 680.0 656.0 649.0 640.0 631.0 640.0 607.0 657.0 671.0 668.0 666.0 654.0 670.0 658.0 667.0 647.0 640.0 682.0 673.0 669.0 664.0 591.0 624.0 677.0 602.0 562.0 551.0 652.0 651.0 659.0 650.0 654.0 661.0 667.0 646.0 639.0 658.0 655.0 654.0 650.0 648.0 659.0 663.0 674.0 651.0 634.0 623.0 625.0 618.0 685.0 638.0 592.0 582.0 674.0 661.0 662.0 644.0 646.0 658.0 668.0 649.0 692.0 657.0 660.0 654.0 629.0 677.0 666.0 666.0 705.0 674.0 651.0 670.0 645.0 645.0 706.0 713.0 723.0 713.0 698.0 705.0 702.0 699.0 683.0 664.0 664.0 688.0 707.0 710.0 725.0 814.0 649.0 651.0 625.0 624.0 660.0 679.0 714.0 673.0 721.0 654.0 648.0 686.0 698.0 666.0 709.0 703.0 616.0 602.0 698.0 672.0 872.0 690.0 738.0 707.0 692.0 952.0 1732.0 683.219512195122 80.93166354028303
9 1024.0 973.0 1004.0 1033.0 1021.0 989.0 1123.0 1184.0 892.0 915.0 1001.0 1094.0 1002.0 1094.0 1037.0 1047.0 1055.0 1038.0 1069.0 1004.0 1012.0 966.0 973.0 1057.0 1001.0 1084.0 1045.0 1062.0 1125.0 1093.0 1167.0 1254.0 1122.0 1154.0 1244.0 1093.0 1067.0 1044.0 1080.0 1003.0 1107.0 1162.0 1103.0 1126.0 1015.0 1085.0 1005.0 987.0 1101.0 1023.0 1102.0 1050.0 1070.0 1032.0 938.0 1074.0 1001.0 1028.0 1096.0 991.0 1024.0 1121.0 1293.0 1026.0 1098.0 1108.0 1058.0 1019.0 1108.0 1063.0 1087.0 1197.0 1048.0 1136.0 1157.0 1129.0 1122.0 1077.0 1008.0 1064.0 1065.0 1021.0 1018.0 1105.0 1037.0 1072.0 1042.0 1048.0 1083.0 964.0 976.0 962.0 936.0 926.0 1020.0 1106.0 1000.0 1002.0 985.0 1026.0 1011.0 1017.0 1028.0 1066.0 1093.0 998.0 971.0 975.0 973.0 1014.0 1027.0 971.0 920.0 924.0 970.0 1006.0 1140.0 1029.0 973.0 952.0 955.0 983.0 981.0 967.0 931.0 965.0 877.0 805.0 845.0 909.0 998.0 1056.0 1057.0 1050.0 1033.0 1030.0 913.0 886.0 903.0 954.0 907.0 922.0 897.0 904.0 907.0 974.0 961.0 904.0 915.0 910.0 973.0 991.0 1053.0 1012.0 1001.0 998.0 1001.0 1001.0 979.0 993.0 995.0 936.0 959.0 951.0 941.0 966.0 959.0 1019.0 987.0 948.0 1027.0 999.0 983.0 1006.0 956.0 893.0 962.0 958.0 993.0 1029.0 978.0 979.0 1053.0 966.0 958.0 987.0 1003.0 1023.0 1012.0 1010.0 980.0 981.0 936.0 925.0 950.0 832.0 803.0 806.0 870.0 961.0 962.0 943.0 1014.0 1004.0 983.0 935.0 950.0 1010.0 1018.0 1014.0 1016.0 957.0 952.0 970.0 982.0 966.0 947.0 922.0 910.0 908.0 950.0 905.0 909.0 899.0 951.0 957.0 946.0 973.0 954.0 1021.0 1032.0 980.0 927.0 941.0 955.0 943.0 951.0 971.0 1015.0 1014.0 991.0 1030.0 1016.0 1009.0 993.0 1029.0 1039.0 1001.0 1044.0 1096.0 1073.0 1080.0 1037.0 1042.0 1055.0 990.0 1005.0 1006.0 1080.0 1080.0 1125.0 1129.0 1147.0 1081.0 891.0 923.0 922.0 996.0 993.0 952.0 965.0 975.0 954.0 978.0 981.0 961.0 1005.0 941.0 907.0 890.0 1020.0 1131.0 1163.0 1071.0 1087.0 1069.0 1046.0 1007.2229965156795 74.19902663261328
10 593.0 773.0 571.0 523.0 761.0 743.0 649.0 682.0 735.0 664.0 626.0 703.0 553.0 591.0 577.0 543.0 539.0 679.0 549.0 545.0 593.0 579.0 618.0 548.0 511.0 518.0 542.0 682.0 721.0 829.0 703.0 776.0 666.0 685.0 760.0 795.0 935.0 703.0 628.0 698.0 648.0 563.0 568.0 602.0 597.0 616.0 580.0 626.0 557.0 486.0 584.0 643.0 722.0 652.0 669.0 576.0 607.0 558.0 616.0 677.0 671.0 589.0 580.0 553.0 720.0 704.0 601.0 577.0 574.0 629.0 715.0 728.0 740.0 630.0 746.0 652.0 607.0 621.0 633.0 549.0 554.0 637.0 592.0 542.0 547.0 521.0 628.0 586.0 554.0 531.0 525.0 521.0 512.0 599.0 541.0 550.0 517.0 542.0 558.0 516.0 487.0 454.0 466.0 566.0 575.0 579.0 579.0 553.0 538.0 522.0 483.0 493.0 572.0 535.0 505.0 539.0 491.0 530.0 576.0 478.0 479.0 511.0 478.0 495.0 492.0 522.0 589.0 513.0 602.0 443.0 404.0 550.0 490.0 513.0 492.0 513.0 532.0 549.0 517.0 469.0 451.0 422.0 517.0 500.0 506.0 485.0 491.0 518.0 537.0 492.0 497.0 459.0 584.0 511.0 504.0 510.0 531.0 530.0 540.0 511.0 564.0 507.0 526.0 539.0 495.0 516.0 508.0 520.0 486.0 506.0 511.0 492.0 497.0 531.0 544.0 521.0 525.0 454.0 488.0 509.0 535.0 527.0 547.0 528.0 496.0 537.0 515.0 499.0 504.0 511.0 514.0 502.0 502.0 529.0 497.0 509.0 503.0 408.0 448.0 386.0 514.0 486.0 509.0 516.0 503.0 496.0 507.0 528.0 498.0 560.0 534.0 514.0 491.0 511.0 527.0 546.0 547.0 516.0 546.0 497.0 484.0 495.0 503.0 540.0 485.0 464.0 495.0 485.0 519.0 519.0 505.0 512.0 538.0 498.0 467.0 543.0 520.0 541.0 506.0 545.0 528.0 540.0 523.0 560.0 578.0 552.0 530.0 583.0 565.0 567.0 561.0 504.0 592.0 553.0 564.0 557.0 527.0 582.0 544.0 545.0 534.0 572.0 581.0 579.0 640.0 593.0 755.0 698.0 552.0 505.0 515.0 548.0 501.0 478.0 520.0 539.0 491.0 530.0 534.0 673.0 630.0 583.0 647.0 733.0 678.0 703.0 580.0 559.5505226480836 78.34090415429152
11 678.0 673.0 778.0 983.0 831.0 836.0 861.0 935.0 818.0 802.0 687.0 729.0 701.0 722.0 710.0 699.0 673.0 691.0 687.0 771.0 710.0 724.0 726.0 719.0 690.0 690.0 792.0 920.0 889.0 912.0 927.0 1058.0 979.0 923.0 875.0 937.0 970.0 883.0 904.0 831.0 770.0 910.0 710.0 648.0 686.0 743.0 706.0 694.0 776.0 843.0 813.0 738.0 692.0 702.0 730.0 824.0 789.0 783.0 884.0 839.0 770.0 772.0 657.0 634.0 665.0 691.0 834.0 940.0 952.0 892.0 840.0 876.0 812.0 760.0 721.0 783.0 756.0 701.0 799.0 805.0 893.0 726.0 730.0 740.0 774.0 766.0 671.0 811.0 743.0 711.0 748.0 752.0 712.0 666.0 661.0 670.0 647.0 635.0 680.0 714.0 709.0 620.0 597.0 569.0 617.0 693.0 688.0 721.0 738.0 685.0 668.0 687.0 708.0 690.0 664.0 626.0 632.0 630.0 659.0 664.0 630.0 617.0 632.0 618.0 612.0 633.0 656.0 649.0 627.0 628.0 607.0 550.0 532.0 659.0 651.0 689.0 656.0 651.0 621.0 652.0 601.0 576.0 565.0 616.0 666.0 626.0 629.0 655.0 643.0 652.0 690.0 644.0 602.0 586.0 649.0 669.0 619.0 620.0 660.0 647.0 662.0 639.0 655.0 655.0 689.0 638.0 645.0 616.0 632.0 638.0 633.0 649.0 625.0 627.0 655.0 667.0 671.0 655.0 632.0 650.0 634.0 614.0 666.0 692.0 668.0 662.0 655.0 638.0 641.0 653.0 670.0 650.0 657.0 646.0 645.0 670.0 655.0 560.0 560.0 589.0 527.0 525.0 656.0 610.0 631.0 630.0 652.0 658.0 678.0 680.0 663.0 743.0 655.0 666.0 631.0 635.0 690.0 664.0 695.0 705.0 674.0 633.0 644.0 605.0 611.0 644.0 663.0 626.0 651.0 741.0 694.0 708.0 686.0 641.0 657.0 614.0 608.0 682.0 696.0 682.0 662.0 664.0 690.0 699.0 690.0 722.0 699.0 733.0 754.0 802.0 806.0 754.0 652.0 698.0 816.0 750.0 724.0 738.0 776.0 727.0 687.0 665.0 664.0 753.0 776.0 721.0 723.0 596.0 892.0 762.0 697.0 695.0 684.0 741.0 653.0 692.0 823.0 808.0 749.0 771.0 796.0 774.0 919.0 863.0 786.0 880.0 875.0 707.5853658536585 91.93635033198616
12 8.0 8.0 8.0 8.0 8.0 8.0 8.0 8.0 8.0 8.0 8.0 8.0 8.0 8.0 8.0 8.0 8.0 8.0 8.0 8.0 8.0 7.0 18.0 18.0 8.0 8.0 8.0 8.0 8.0 8.0 8.0 8.0 8.0 8.0 8.0 8.0 10.0 10.0 10.0 10.0 10.0 10.0 7.0 7.0 7.0 43.0 43.0 43.0 43.0 43.0 7.0 7.0 7.0 7.0 7.0 8.0 8.0 8.0 8.0 10.0 7.0 7.0 7.0 7.0 7.0 7.0 10.0 10.0 10.0 10.0 10.0 10.0 8.0 8.0 8.0 8.0 8.0 8.0 8.0 8.0 8.0 10.0 9.0 8.0 8.0 8.0 9.0 9.0 9.0 7.0 7.0 7.0 7.0 8.0 8.0 7.0 7.0 7.0 7.0 7.0 7.0 7.0 7.0 9.0 9.0 9.0 9.0 9.0 7.0 7.0 7.0 7.0 12.0 12.0 12.0 12.0 6.0 6.0 6.0 6.0 6.0 6.0 6.0 7.0 7.0 7.0 7.0 8.0 8.0 6.0 6.0 6.0 6.0 8.0 8.0 8.0 8.0 8.0 8.0 8.0 8.0 8.0 7.0 6.0 6.0 7.0 6.0 8.0 8.0 7.0 7.0 8.0 7.0 7.0 7.0 7.0 7.0 6.0 6.0 6.0 7.0 7.0 7.0 7.0 7.0 7.0 7.0 7.0 7.0 7.0 7.0 7.0 7.0 7.0 7.0 7.0 7.0 7.0 7.0 7.0 7.0 7.0 7.0 7.0 7.0 7.0 7.0 7.0 7.0 7.0 7.0 7.0 6.0 6.0 7.0 7.0 7.0 7.0 7.0 6.0 8.0 6.0 7.0 8.0 8.0 8.0 8.0 8.0 8.0 7.0 7.0 7.0 7.0 7.0 8.0 8.0 8.0 6.0 6.0 6.0 9.0 9.0 7.0 7.0 7.0 7.0 7.0 7.0 7.0 7.0 7.0 7.0 7.0 7.0 7.0 7.0 6.0 8.0 7.0 7.0 7.0 7.0 7.0 7.0 7.0 7.0 7.0 7.0 7.0 7.0 7.0 7.0 7.0 7.0 7.0 7.0 7.0 7.0 7.0 7.0 7.0 7.0 7.0 8.0 8.0 8.0 11.0 11.0 7.0 7.0 7.0 7.0 7.0 7.0 7.0 7.0 7.0 7.0 7.0 7.0 7.0 9.0 8.0 8.0 8.0 10.0 10.0 8.25087108013937 4.8415225030621505
13 117.0 117.0 145.0 159.0 206.0 158.0 120.0 125.0 125.0 123.0 92.0 92.0 122.0 122.0 152.0 152.0 112.0 153.0 107.0 96.0 96.0 100.0 111.0 131.0 109.0 111.0 105.0 126.0 136.0 108.0 119.0 119.0 160.0 178.0 182.0 102.0 156.0 191.0 108.0 114.0 229.0 107.0 98.0 108.0 102.0 102.0 99.0 101.0 108.0 114.0 111.0 110.0 109.0 127.0 106.0 110.0 122.0 122.0 101.0 109.0 136.0 102.0 90.0 140.0 92.0 115.0 158.0 155.0 155.0 131.0 119.0 124.0 111.0 108.0 143.0 114.0 102.0 133.0 102.0 135.0 142.0 174.0 113.0 112.0 135.0 117.0 116.0 102.0 108.0 122.0 165.0 114.0 118.0 105.0 108.0 100.0 127.0 119.0 90.0 124.0 95.0 90.0 112.0 95.0 86.0 99.0 100.0 96.0 101.0 97.0 95.0 104.0 103.0 101.0 97.0 102.0 93.0 100.0 134.0 91.0 95.0 97.0 90.0 98.0 95.0 90.0 90.0 105.0 111.0 93.0 95.0 107.0 76.0 99.0 99.0 102.0 99.0 124.0 100.0 85.0 95.0 104.0 86.0 83.0 96.0 94.0 93.0 98.0 98.0 97.0 111.0 97.0 95.0 93.0 94.0 91.0 96.0 90.0 94.0 94.0 95.0 99.0 97.0 97.0 93.0 97.0 93.0 90.0 94.0 92.0 97.0 93.0 93.0 98.0 93.0 97.0 97.0 97.0 95.0 107.0 92.0 88.0 90.0 94.0 112.0 100.0 106.0 99.0 110.0 94.0 98.0 127.0 90.0 96.0 93.0 100.0 99.0 85.0 85.0 78.0 95.0 81.0 97.0 93.0 96.0 97.0 93.0 103.0 97.0 104.0 93.0 98.0 209.0 94.0 109.0 101.0 112.0 85.0 93.0 99.0 104.0 94.0 93.0 102.0 94.0 99.0 99.0 91.0 98.0 96.0 123.0 123.0 100.0 101.0 98.0 96.0 87.0 94.0 100.0 107.0 155.0 97.0 102.0 97.0 95.0 96.0 92.0 97.0 115.0 93.0 133.0 187.0 113.0 123.0 100.0 100.0 118.0 110.0 110.0 107.0 107.0 94.0 102.0 104.0 104.0 104.0 98.0 153.0 103.0 103.0 103.0 117.0 110.0 106.0 106.0 120.0 110.0 145.0 96.0 95.0 95.0 103.0 155.0 200.0 117.0 122.0 163.0 109.55052264808361 23.141629716803866
14 748.0 640.0 675.0 950.0 995.0 1107.0 1197.0 724.0 685.0 641.0 741.0 688.0 715.0 703.0 762.0 980.0 776.0 689.0 733.0 788.0 912.0 1161.0 864.0 1043.0 978.0 813.0 819.0 717.0 751.0 881.0 1138.0 1059.0 1101.0 1001.0 1040.0 1161.0 968.0 923.0 885.0 771.0 783.0 860.0 808.0 792.0 757.0 864.0 934.0 749.0 737.0 750.0 690.0 657.0 687.0 711.0 787.0 782.0 684.0 654.0 788.0 699.0 695.0 655.0 754.0 935.0 899.0 952.0 957.0 926.0 946.0 863.0 855.0 751.0 717.0 744.0 861.0 911.0 808.0 785.0 794.0 931.0 912.0 878.0 783.0 790.0 691.0 756.0 700.0 668.0 693.0 775.0 749.0 774.0 754.0 715.0 686.0 705.0 669.0 637.0 563.0 563.0 654.0 649.0 661.0 596.0 566.0 550.0 637.0 635.0 638.0 614.0 611.0 612.0 596.0 598.0 626.0 611.0 614.0 610.0 564.0 596.0 643.0 616.0 599.0 570.0 594.0 609.0 584.0 566.0 589.0 596.0 573.0 590.0 518.0 487.0 485.0 598.0 597.0 600.0 612.0 606.0 626.0 615.0 540.0 537.0 528.0 605.0 599.0 609.0 613.0 597.0 589.0 624.0 622.0 613.0 584.0 540.0 587.0 602.0 575.0 575.0 615.0 595.0 578.0 582.0 596.0 583.0 604.0 560.0 553.0 581.0 567.0 596.0 593.0 578.0 586.0 597.0 630.0 759.0 645.0 595.0 609.0 595.0 558.0 573.0 618.0 656.0 624.0 648.0 621.0 621.0 574.0 603.0 575.0 571.0 612.0 529.0 526.0 715.0 572.0 617.0 608.0 524.0 528.0 515.0 625.0 596.0 580.0 576.0 598.0 618.0 602.0 585.0 594.0 681.0 761.0 645.0 646.0 603.0 524.0 568.0 581.0 630.0 616.0 568.0 602.0 571.0 599.0 645.0 613.0 621.0 603.0 588.0 597.0 597.0 591.0 616.0 606.0 537.0 553.0 602.0 659.0 666.0 670.0 646.0 663.0 604.0 650.0 637.0 601.0 616.0 640.0 777.0 802.0 903.0 720.0 640.0 658.0 730.0 647.0 727.0 672.0 632.0 613.0 619.0 654.0 697.0 706.0 789.0 898.0 898.0 671.0 671.0 741.0 726.0 706.0 715.0 848.0 757.0 766.0 765.0 713.0 716.0 714.0 810.0 875.0 764.0 885.0 691.7979094076657 134.60725412379156
15 414.0 395.0 402.0 407.0 366.0 366.0 713.0 594.0 587.0 398.0 382.0 366.0 379.0 402.0 370.0 496.0 868.0 1041.0 920.0 832.0 896.0 862.0 737.0 720.0 748.0 694.0 759.0 644.0 741.0 697.0 760.0 804.0 887.0 851.0 779.0 656.0 671.0 657.0 610.0 564.0 595.0 696.0 614.0 842.0 608.0 513.0 547.0 579.0 503.0 483.0 532.0 573.0 589.0 480.0 520.0 441.0 457.0 456.0 478.0 755.0 647.0 581.0 591.0 599.0 577.0 552.0 508.0 551.0 559.0 546.0 585.0 633.0 619.0 574.0 506.0 489.0 564.0 704.0 662.0 661.0 653.0 579.0 535.0 501.0 510.0 497.0 455.0 493.0 473.0 433.0 463.0 425.0 413.0 419.0 423.0 423.0 417.0 448.0 402.0 392.0 376.0 370.0 397.0 423.0 481.0 451.0 361.0 393.0 406.0 396.0 396.0 389.0 402.0 385.0 372.0 402.0 408.0 430.0 400.0 400.0 392.0 384.0 391.0 414.0 371.0 394.0 388.0 381.0 369.0 374.0 395.0 373.0 385.0 386.0 305.0 308.0 430.0 396.0 389.0 380.0 364.0 380.0 369.0 391.0 347.0 341.0 396.0 427.0 387.0 395.0 383.0 390.0 391.0 410.0 416.0 402.0 353.0 363.0 381.0 373.0 366.0 400.0 406.0 386.0 372.0 386.0 364.0 392.0 399.0 372.0 373.0 389.0 392.0 379.0 388.0 378.0 363.0 395.0 406.0 452.0 423.0 391.0 402.0 418.0 365.0 370.0 420.0 418.0 395.0 399.0 391.0 370.0 383.0 395.0 391.0 429.0 342.0 343.0 404.0 388.0 420.0 435.0 402.0 334.0 313.0 373.0 383.0 375.0 360.0 386.0 410.0 400.0 409.0 403.0 396.0 393.0 419.0 426.0 396.0 366.0 371.0 377.0 397.0 411.0 383.0 365.0 395.0 429.0 429.0 391.0 404.0 401.0 383.0 403.0 397.0 407.0 417.0 409.0 418.0 368.0 417.0 443.0 422.0 434.0 389.0 418.0 427.0 481.0 522.0 511.0 449.0 459.0 489.0 614.0 773.0 671.0 559.0 509.0 538.0 465.0 434.0 455.0 432.0 461.0 445.0 453.0 488.0 498.0 635.0 688.0 838.0 843.0 578.0 578.0 431.0 544.0 610.0 646.0 724.0 588.0 540.0 574.0 564.0 583.0 675.0 556.0 582.0 480.28571428571433 133.73748646028642
16 177.0 142.0 125.0 140.0 140.0 127.0 164.0 164.0 289.0 221.0 131.0 129.0 149.0 168.0 295.0 207.0 234.0 234.0 378.0 302.0 278.0 272.0 250.0 240.0 228.0 312.0 816.0 342.0 272.0 206.0 185.0 171.0 319.0 297.0 245.0 270.0 185.0 185.0 295.0 186.0 191.0 205.0 311.0 282.0 255.0 297.0 151.0 151.0 159.0 154.0 187.0 189.0 172.0 189.0 147.0 153.0 144.0 131.0 178.0 228.0 269.0 328.0 186.0 195.0 201.0 194.0 164.0 181.0 198.0 229.0 214.0 202.0 206.0 215.0 190.0 163.0 199.0 203.0 215.0 175.0 169.0 215.0 172.0 162.0 145.0 173.0 139.0 161.0 152.0 169.0 148.0 142.0 138.0 138.0 144.0 147.0 152.0 137.0 141.0 133.0 135.0 125.0 129.0 124.0 143.0 156.0 149.0 123.0 150.0 160.0 135.0 136.0 136.0 134.0 137.0 127.0 145.0 150.0 147.0 138.0 136.0 136.0 124.0 140.0 145.0 136.0 133.0 136.0 137.0 125.0 139.0 135.0 127.0 132.0 136.0 104.0 141.0 135.0 144.0 134.0 135.0 131.0 131.0 131.0 130.0 117.0 121.0 158.0 135.0 134.0 137.0 137.0 129.0 135.0 139.0 140.0 150.0 123.0 131.0 131.0 126.0 129.0 132.0 141.0 135.0 122.0 136.0 127.0 136.0 131.0 139.0 131.0 126.0 130.0 134.0 133.0 128.0 124.0 138.0 141.0 136.0 158.0 133.0 126.0 135.0 126.0 132.0 136.0 153.0 148.0 134.0 137.0 137.0 135.0 140.0 140.0 141.0 118.0 135.0 135.0 130.0 124.0 163.0 138.0 116.0 138.0 141.0 138.0 132.0 123.0 134.0 138.0 139.0 134.0 147.0 134.0 140.0 136.0 153.0 129.0 129.0 133.0 127.0 143.0 146.0 128.0 137.0 140.0 131.0 131.0 138.0 142.0 141.0 134.0 142.0 134.0 147.0 143.0 146.0 125.0 131.0 150.0 248.0 149.0 145.0 147.0 153.0 170.0 185.0 212.0 188.0 160.0 145.0 148.0 130.0 315.0 189.0 196.0 189.0 255.0 148.0 150.0 150.0 144.0 153.0 201.0 168.0 232.0 262.0 234.0 234.0 308.0 243.0 243.0 243.0 272.0 199.0 197.0 238.0 283.0 250.0 176.0 176.0 191.0 189.0 288.0 181.0 170.28919860627173 63.722820793770325
17 536.0 519.0 553.0 573.0 580.0 578.0 648.0 739.0 978.0 687.0 705.0 644.0 756.0 904.0 870.0 748.0 637.0 825.0 597.0 569.0 1319.0 967.0 1099.0 939.0 720.0 728.0 654.0 515.0 739.0 569.0 607.0 666.0 757.0 864.0 1091.0 909.0 894.0 731.0 720.0 852.0 796.0 843.0 981.0 884.0 703.0 735.0 736.0 680.0 620.0 610.0 611.0 631.0 667.0 736.0 803.0 642.0 661.0 652.0 833.0 805.0 743.0 772.0 694.0 610.0 663.0 702.0 697.0 685.0 664.0 654.0 650.0 679.0 702.0 717.0 676.0 686.0 647.0 622.0 589.0 594.0 669.0 589.0 672.0 710.0 649.0 622.0 601.0 575.0 555.0 560.0 585.0 543.0 565.0 535.0 549.0 565.0 548.0 495.0 527.0 506.0 504.0 599.0 492.0 536.0 520.0 523.0 537.0 473.0 441.0 495.0 504.0 545.0 530.0 544.0 502.0 506.0 479.0 484.0 502.0 526.0 502.0 510.0 524.0 492.0 493.0 489.0 486.0 514.0 506.0 464.0 455.0 497.0 516.0 541.0 520.0 411.0 372.0 518.0 502.0 494.0 501.0 549.0 492.0 485.0 481.0 465.0 442.0 433.0 531.0 503.0 485.0 497.0 510.0 496.0 519.0 513.0 499.0 471.0 455.0 474.0 511.0 479.0 476.0 490.0 477.0 496.0 456.0 490.0 493.0 499.0 497.0 529.0 527.0 609.0 477.0 486.0 478.0 478.0 518.0 533.0 541.0 550.0 502.0 492.0 463.0 494.0 503.0 520.0 521.0 507.0 499.0 492.0 484.0 486.0 506.0 449.0 476.0 464.0 445.0 458.0 560.0 430.0 417.0 527.0 456.0 442.0 432.0 512.0 485.0 492.0 493.0 494.0 509.0 523.0 539.0 499.0 522.0 532.0 541.0 500.0 489.0 483.0 470.0 487.0 515.0 519.0 464.0 488.0 547.0 515.0 515.0 509.0 513.0 538.0 550.0 622.0 521.0 542.0 633.0 605.0 497.0 560.0 542.0 574.0 741.0 579.0 593.0 797.0 821.0 694.0 695.0 651.0 636.0 628.0 632.0 816.0 818.0 691.0 631.0 642.0 720.0 694.0 660.0 727.0 686.0 693.0 730.0 978.0 955.0 891.0 908.0 935.0 905.0 939.0 744.0 761.0 771.0 672.0 673.0 679.0 777.0 598.0 611.0 806.0 694.0 722.0 678.0 605.0731707317073 142.1522559022301
18 608.0 289.0 272.0 320.0 398.0 303.0 328.0 268.0 376.0 506.0 338.0 313.0 281.0 307.0 321.0 334.0 319.0 299.0 285.0 277.0 405.0 526.0 275.0 275.0 332.0 313.0 324.0 309.0 295.0 304.0 276.0 281.0 341.0 340.0 327.0 608.0 449.0 393.0 514.0 461.0 477.0 621.0 537.0 640.0 538.0 398.0 429.0 469.0 484.0 438.0 429.0 499.0 570.0 534.0 486.0 426.0 463.0 434.0 375.0 331.0 367.0 386.0 320.0 344.0 325.0 319.0 302.0 289.0 332.0 347.0 438.0 434.0 358.0 337.0 384.0 353.0 290.0 283.0 306.0 387.0 420.0 416.0 370.0 304.0 375.0 355.0 372.0 347.0 314.0 273.0 311.0 348.0 355.0 358.0 415.0 401.0 382.0 352.0 375.0 346.0 293.0 299.0 335.0 293.0 285.0 274.0 288.0 312.0 322.0 259.0 276.0 294.0 288.0 307.0 304.0 287.0 289.0 285.0 300.0 280.0 285.0 324.0 299.0 300.0 288.0 272.0 281.0 275.0 281.0 295.0 266.0 259.0 276.0 285.0 293.0 297.0 283.0 237.0 288.0 296.0 298.0 291.0 288.0 289.0 287.0 279.0 273.0 249.0 257.0 305.0 303.0 279.0 282.0 286.0 298.0 315.0 307.0 282.0 286.0 273.0 277.0 277.0 267.0 269.0 284.0 296.0 280.0 281.0 292.0 277.0 283.0 282.0 284.0 273.0 284.0 278.0 277.0 282.0 271.0 269.0 291.0 292.0 294.0 280.0 275.0 269.0 293.0 276.0 290.0 287.0 289.0 281.0 283.0 276.0 282.0 278.0 255.0 285.0 293.0 254.0 257.0 289.0 255.0 264.0 273.0 290.0 247.0 290.0 292.0 292.0 290.0 278.0 285.0 301.0 302.0 302.0 277.0 300.0 297.0 294.0 280.0 288.0 285.0 384.0 307.0 311.0 310.0 279.0 300.0 378.0 291.0 436.0 347.0 295.0 305.0 300.0 439.0 389.0 375.0 338.0 306.0 334.0 276.0 321.0 415.0 422.0 405.0 394.0 429.0 439.0 440.0 361.0 375.0 521.0 377.0 453.0 491.0 491.0 382.0 577.0 565.0 658.0 473.0 437.0 525.0 600.0 463.0 435.0 412.0 465.0 453.0 444.0 478.0 524.0 600.0 365.0 402.0 499.0 400.0 345.0 383.0 400.0 514.0 362.0 296.0 368.0 335.0 344.81881533101057 85.4339923995883
19 369.0 369.0 365.0 411.0 441.0 389.0 423.0 488.0 486.0 392.0 499.0 411.0 399.0 386.0 342.0 509.0 449.0 411.0 399.0 403.0 360.0 468.0 600.0 398.0 418.0 434.0 419.0 398.0 404.0 409.0 373.0 383.0 413.0 415.0 424.0 387.0 387.0 698.0 482.0 541.0 736.0 1092.0 933.0 777.0 552.0 531.0 533.0 568.0 484.0 728.0 1037.0 761.0 647.0 554.0 487.0 504.0 472.0 560.0 537.0 489.0 442.0 373.0 401.0 403.0 431.0 413.0 428.0 428.0 409.0 500.0 527.0 468.0 458.0 443.0 410.0 439.0 418.0 384.0 446.0 511.0 441.0 426.0 466.0 464.0 449.0 417.0 499.0 473.0 461.0 402.0 385.0 365.0 458.0 465.0 456.0 541.0 518.0 494.0 454.0 402.0 424.0 438.0 409.0 401.0 368.0 364.0 359.0 431.0 423.0 406.0 338.0 367.0 369.0 369.0 373.0 349.0 367.0 391.0 396.0 422.0 396.0 392.0 392.0 371.0 391.0 381.0 362.0 384.0 369.0 361.0 380.0 345.0 340.0 377.0 372.0 404.0 389.0 386.0 369.0 379.0 388.0 372.0 385.0 385.0 380.0 327.0 333.0 390.0 329.0 361.0 368.0 393.0 330.0 353.0 398.0 376.0 374.0 396.0 396.0 396.0 354.0 378.0 369.0 349.0 350.0 354.0 368.0 384.0 371.0 364.0 369.0 382.0 373.0 372.0 364.0 401.0 369.0 362.0 352.0 345.0 356.0 372.0 411.0 393.0 351.0 380.0 358.0 366.0 385.0 383.0 370.0 380.0 388.0 385.0 375.0 371.0 328.0 338.0 367.0 379.0 343.0 353.0 389.0 330.0 358.0 383.0 406.0 406.0 397.0 387.0 378.0 340.0 331.0 394.0 393.0 383.0 392.0 387.0 415.0 438.0 391.0 379.0 382.0 406.0 440.0 448.0 434.0 448.0 401.0 421.0 412.0 416.0 489.0 448.0 417.0 401.0 465.0 487.0 543.0 458.0 491.0 453.0 541.0 620.0 664.0 715.0 747.0 642.0 598.0 585.0 661.0 610.0 601.0 553.0 615.0 644.0 568.0 679.0 626.0 585.0 642.0 530.0 491.0 645.0 538.0 650.0 590.0 582.0 527.0 614.0 603.0 583.0 557.0 597.0 633.0 624.0 711.0 522.0 558.0 520.0 418.0 444.0 477.0 657.0 492.0 456.0 474.0 449.56097560975604 111.86872118454042
20 9.0 9.0 9.0 9.0 9.0 9.0 9.0 9.0 9.0 9.0 9.0 9.0 9.0 9.0 9.0 9.0 9.0 9.0 9.0 9.0 9.0 13.0 13.0 13.0 13.0 13.0 13.0 9.0 9.0 9.0 9.0 9.0 9.0 9.0 9.0 9.0 9.0 9.0 9.0 9.0 9.0 9.0 9.0 14.0 14.0 14.0 14.0 14.0 10.0 10.0 10.0 13.0 10.0 10.0 9.0 9.0 10.0 10.0 10.0 10.0 9.0 8.0 8.0 8.0 9.0 9.0 9.0 9.0 9.0 9.0 9.0 10.0 15.0 8.0 7.0 7.0 7.0 7.0 7.0 11.0 11.0 8.0 8.0 8.0 13.0 26.0 26.0 10.0 10.0 10.0 10.0 8.0 8.0 8.0 8.0 10.0 11.0 9.0 9.0 9.0 9.0 7.0 9.0 8.0 9.0 8.0 8.0 8.0 8.0 9.0 7.0 7.0 7.0 7.0 7.0 8.0 7.0 8.0 8.0 12.0 12.0 12.0 8.0 8.0 8.0 8.0 8.0 8.0 8.0 8.0 8.0 9.0 8.0 8.0 8.0 8.0 8.0 8.0 7.0 8.0 8.0 8.0 8.0 7.0 7.0 8.0 7.0 8.0 8.0 8.0 9.0 9.0 9.0 7.0 7.0 7.0 7.0 7.0 7.0 7.0 9.0 8.0 8.0 8.0 7.0 8.0 7.0 8.0 7.0 7.0 7.0 7.0 7.0 8.0 8.0 8.0 9.0 9.0 7.0 8.0 8.0 8.0 8.0 9.0 7.0 9.0 8.0 8.0 8.0 8.0 8.0 8.0 8.0 18.0 18.0 8.0 8.0 7.0 7.0 8.0 8.0 8.0 8.0 8.0 10.0 10.0 7.0 7.0 7.0 7.0 7.0 7.0 7.0 7.0 7.0 8.0 8.0 8.0 8.0 9.0 9.0 9.0 9.0 9.0 9.0 9.0 9.0 9.0 9.0 9.0 11.0 11.0 11.0 11.0 11.0 11.0 11.0 11.0 11.0 11.0 12.0 14.0 19.0 12.0 13.0 13.0 14.0 14.0 14.0 14.0 10.0 10.0 11.0 11.0 11.0 11.0 11.0 15.0 15.0 15.0 15.0 18.0 18.0 18.0 18.0 17.0 17.0 10.0 10.0 11.0 11.0 11.0 13.0 13.0 13.0 13.0 13.0 13.0 13.0 13.0 13.0 8.0 8.0 8.0 8.0 9.0 9.0 9.648083623693381 2.83796467868403
21 193.0 355.0 355.0 196.0 185.0 207.0 217.0 196.0 260.0 236.0 194.0 194.0 199.0 228.0 217.0 174.0 174.0 207.0 236.0 213.0 228.0 223.0 247.0 316.0 237.0 196.0 196.0 226.0 209.0 219.0 219.0 197.0 195.0 231.0 355.0 204.0 200.0 200.0 200.0 274.0 289.0 510.0 337.0 300.0 321.0 238.0 265.0 259.0 375.0 461.0 298.0 247.0 326.0 272.0 236.0 237.0 241.0 295.0 284.0 201.0 201.0 215.0 251.0 187.0 210.0 277.0 251.0 215.0 240.0 233.0 246.0 214.0 236.0 260.0 211.0 216.0 235.0 214.0 255.0 270.0 251.0 223.0 221.0 215.0 252.0 237.0 308.0 223.0 270.0 199.0 207.0 191.0 215.0 232.0 229.0 225.0 243.0 240.0 232.0 236.0 209.0 201.0 215.0 211.0 223.0 200.0 194.0 194.0 204.0 219.0 217.0 181.0 190.0 189.0 197.0 196.0 181.0 196.0 205.0 193.0 228.0 206.0 199.0 215.0 200.0 196.0 197.0 196.0 196.0 202.0 203.0 212.0 183.0 178.0 193.0 194.0 205.0 196.0 187.0 190.0 197.0 199.0 201.0 201.0 201.0 205.0 152.0 178.0 207.0 185.0 212.0 194.0 215.0 176.0 210.0 194.0 206.0 191.0 207.0 207.0 226.0 179.0 196.0 191.0 183.0 192.0 186.0 191.0 204.0 195.0 195.0 190.0 193.0 194.0 201.0 187.0 186.0 192.0 201.0 184.0 181.0 197.0 189.0 209.0 211.0 194.0 202.0 195.0 192.0 193.0 206.0 197.0 199.0 203.0 209.0 190.0 202.0 170.0 202.0 188.0 200.0 186.0 196.0 202.0 193.0 222.0 207.0 231.0 225.0 210.0 205.0 197.0 180.0 198.0 204.0 203.0 197.0 196.0 208.0 223.0 248.0 203.0 218.0 240.0 269.0 260.0 247.0 236.0 238.0 201.0 299.0 321.0 257.0 247.0 247.0 209.0 235.0 225.0 375.0 199.0 263.0 304.0 409.0 366.0 318.0 321.0 319.0 287.0 257.0 319.0 266.0 320.0 268.0 274.0 251.0 261.0 243.0 242.0 237.0 237.0 237.0 218.0 307.0 272.0 355.0 309.0 298.0 272.0 285.0 299.0 335.0 287.0 333.0 360.0 294.0 330.0 305.0 547.0 247.0 240.0 315.0 244.0 227.0 239.0 239.0 330.0 219.0 232.65505226480835 53.65959954180396
22 118.0 118.0 226.0 226.0 112.0 120.0 133.0 133.0 139.0 139.0 165.0 165.0 165.0 165.0 122.0 155.0 100.0 100.0 108.0 165.0 140.0 137.0 191.0 191.0 150.0 121.0 120.0 126.0 124.0 131.0 135.0 135.0 127.0 214.0 218.0 141.0 123.0 123.0 123.0 162.0 182.0 180.0 268.0 159.0 160.0 339.0 141.0 141.0 186.0 244.0 139.0 191.0 123.0 150.0 157.0 133.0 164.0 133.0 136.0 233.0 121.0 128.0 137.0 123.0 159.0 140.0 131.0 177.0 142.0 170.0 170.0 124.0 134.0 127.0 128.0 114.0 163.0 135.0 155.0 148.0 139.0 155.0 167.0 132.0 146.0 131.0 112.0 170.0 134.0 134.0 121.0 128.0 124.0 138.0 177.0 130.0 136.0 145.0 137.0 125.0 132.0 124.0 120.0 156.0 143.0 126.0 125.0 120.0 138.0 171.0 133.0 111.0 132.0 120.0 123.0 121.0 105.0 120.0 113.0 109.0 122.0 121.0 129.0 147.0 131.0 118.0 135.0 133.0 129.0 123.0 120.0 132.0 123.0 113.0 116.0 122.0 135.0 123.0 126.0 130.0 124.0 122.0 123.0 122.0 127.0 123.0 123.0 96.0 139.0 107.0 119.0 117.0 124.0 121.0 108.0 132.0 124.0 119.0 118.0 124.0 110.0 113.0 116.0 130.0 118.0 122.0 124.0 108.0 109.0 117.0 117.0 119.0 116.0 115.0 121.0 122.0 112.0 105.0 117.0 112.0 113.0 113.0 113.0 124.0 126.0 115.0 118.0 122.0 114.0 112.0 131.0 116.0 121.0 121.0 116.0 136.0 117.0 115.0 121.0 118.0 117.0 123.0 122.0 122.0 136.0 106.0 125.0 126.0 146.0 131.0 123.0 126.0 118.0 120.0 112.0 121.0 125.0 121.0 132.0 136.0 121.0 140.0 140.0 133.0 161.0 114.0 114.0 147.0 134.0 132.0 154.0 183.0 170.0 203.0 203.0 122.0 126.0 122.0 175.0 244.0 222.0 195.0 264.0 242.0 169.0 169.0 152.0 153.0 143.0 170.0 122.0 132.0 150.0 159.0 150.0 182.0 134.0 135.0 135.0 135.0 180.0 230.0 259.0 254.0 270.0 270.0 150.0 150.0 177.0 194.0 169.0 214.0 222.0 202.0 183.0 161.0 183.0 270.0 270.0 270.0 270.0 201.0 133.0 130.0 147.0 177.0 138.0 144.50174216027872 38.452847754760214
23 234.0 226.0 417.0 417.0 233.0 220.0 243.0 289.0 247.0 250.0 364.0 269.0 466.0 229.0 229.0 223.0 295.0 417.0 214.0 267.0 273.0 280.0 232.0 280.0 366.0 1399.0 235.0 245.0 238.0 241.0 258.0 256.0 256.0 222.0 222.0 421.0 295.0 233.0 233.0 233.0 460.0 297.0 449.0 421.0 291.0 307.0 377.0 299.0 252.0 306.0 342.0 246.0 256.0 236.0 262.0 242.0 287.0 248.0 271.0 285.0 257.0 229.0 234.0 249.0 312.0 253.0 275.0 293.0 271.0 258.0 249.0 301.0 247.0 253.0 224.0 270.0 234.0 399.0 268.0 261.0 283.0 303.0 300.0 279.0 251.0 267.0 255.0 235.0 255.0 260.0 237.0 232.0 222.0 246.0 276.0 266.0 256.0 284.0 246.0 242.0 260.0 236.0 240.0 261.0 238.0 265.0 241.0 240.0 226.0 236.0 252.0 233.0 216.0 232.0 223.0 234.0 268.0 209.0 230.0 219.0 226.0 235.0 252.0 250.0 252.0 257.0 224.0 235.0 253.0 256.0 234.0 225.0 236.0 212.0 215.0 227.0 236.0 275.0 232.0 235.0 228.0 259.0 231.0 238.0 229.0 232.0 236.0 185.0 256.0 227.0 205.0 235.0 225.0 243.0 197.0 253.0 235.0 243.0 218.0 255.0 238.0 279.0 217.0 230.0 232.0 226.0 235.0 216.0 219.0 233.0 232.0 235.0 220.0 226.0 232.0 231.0 209.0 212.0 250.0 223.0 211.0 228.0 251.0 219.0 241.0 213.0 218.0 220.0 216.0 220.0 227.0 235.0 252.0 232.0 229.0 228.0 235.0 216.0 225.0 249.0 227.0 234.0 244.0 235.0 241.0 208.0 239.0 267.0 251.0 238.0 237.0 241.0 230.0 225.0 240.0 220.0 237.0 247.0 260.0 273.0 282.0 323.0 317.0 291.0 298.0 316.0 316.0 267.0 272.0 270.0 277.0 312.0 297.0 316.0 341.0 419.0 241.0 282.0 278.0 280.0 268.0 372.0 395.0 401.0 352.0 326.0 249.0 248.0 256.0 291.0 252.0 225.0 251.0 274.0 287.0 293.0 270.0 250.0 244.0 346.0 266.0 266.0 261.0 347.0 261.0 490.0 282.0 248.0 287.0 322.0 280.0 280.0 355.0 261.0 310.0 281.0 326.0 285.0 285.0 285.0 285.0 233.0 245.0 240.0 253.0 276.0 352.0 267.07317073170736 83.22774936094049
24 44.0 49.0 53.0 52.0 74.0 41.0 41.0 45.0 48.0 43.0 43.0 41.0 64.0 64.0 44.0 44.0 44.0 68.0 68.0 37.0 58.0 49.0 68.0 68.0 87.0 58.0 42.0 44.0 43.0 56.0 44.0 46.0 46.0 46.0 46.0 56.0 41.0 60.0 60.0 53.0 52.0 66.0 66.0 66.0 74.0 54.0 63.0 63.0 63.0 63.0 72.0 49.0 49.0 43.0 43.0 48.0 52.0 68.0 49.0 105.0 105.0 54.0 54.0 48.0 45.0 53.0 49.0 51.0 55.0 46.0 50.0 43.0 39.0 46.0 46.0 61.0 61.0 48.0 86.0 42.0 42.0 63.0 57.0 57.0 49.0 42.0 44.0 57.0 49.0 64.0 54.0 44.0 39.0 48.0 69.0 56.0 55.0 51.0 52.0 44.0 51.0 54.0 46.0 46.0 39.0 53.0 44.0 49.0 48.0 39.0 52.0 50.0 38.0 42.0 49.0 43.0 44.0 39.0 44.0 51.0 69.0 48.0 44.0 54.0 51.0 46.0 46.0 44.0 46.0 44.0 52.0 51.0 54.0 40.0 41.0 44.0 44.0 56.0 45.0 39.0 41.0 52.0 36.0 49.0 42.0 41.0 48.0 38.0 37.0 39.0 35.0 48.0 42.0 54.0 36.0 42.0 58.0 45.0 50.0 44.0 40.0 40.0 39.0 41.0 46.0 46.0 42.0 47.0 40.0 46.0 46.0 41.0 44.0 38.0 42.0 43.0 48.0 58.0 38.0 46.0 36.0 40.0 45.0 50.0 49.0 50.0 41.0 52.0 43.0 37.0 38.0 43.0 51.0 51.0 43.0 48.0 49.0 41.0 44.0 47.0 51.0 43.0 45.0 43.0 52.0 52.0 47.0 54.0 44.0 50.0 45.0 42.0 43.0 40.0 61.0 46.0 44.0 48.0 63.0 47.0 60.0 49.0 70.0 60.0 46.0 54.0 50.0 47.0 57.0 52.0 56.0 51.0 48.0 91.0 56.0 78.0 45.0 45.0 93.0 48.0 48.0 48.0 60.0 69.0 58.0 55.0 55.0 40.0 50.0 41.0 40.0 45.0 47.0 50.0 50.0 59.0 54.0 54.0 55.0 57.0 51.0 63.0 63.0 68.0 48.0 64.0 87.0 49.0 45.0 45.0 67.0 67.0 67.0 52.0 44.0 49.0 64.0 64.0 64.0 64.0 64.0 60.0 54.0 40.0 53.0 49.0 55.0 51.010452961672485 10.910790296720185
25 128.0 128.0 119.0 128.0 153.0 111.0 111.0 130.0 128.0 138.0 138.0 123.0 154.0 177.0 177.0 130.0 119.0 119.0 119.0 125.0 125.0 133.0 144.0 126.0 201.0 134.0 124.0 120.0 127.0 125.0 148.0 126.0 126.0 126.0 118.0 118.0 118.0 150.0 164.0 151.0 265.0 216.0 121.0 130.0 130.0 141.0 174.0 163.0 144.0 140.0 175.0 257.0 174.0 128.0 128.0 127.0 128.0 143.0 154.0 185.0 312.0 132.0 124.0 132.0 148.0 178.0 154.0 159.0 141.0 126.0 129.0 128.0 132.0 129.0 140.0 136.0 164.0 149.0 114.0 131.0 130.0 135.0 135.0 137.0 142.0 132.0 118.0 114.0 130.0 126.0 122.0 123.0 120.0 124.0 147.0 154.0 125.0 138.0 130.0 126.0 141.0 133.0 128.0 132.0 114.0 133.0 135.0 114.0 127.0 124.0 123.0 124.0 107.0 120.0 120.0 117.0 132.0 115.0 113.0 113.0 131.0 120.0 129.0 132.0 137.0 125.0 113.0 125.0 130.0 119.0 121.0 131.0 120.0 119.0 114.0 118.0 118.0 116.0 133.0 124.0 120.0 122.0 116.0 120.0 131.0 121.0 123.0 125.0 101.0 120.0 121.0 110.0 118.0 113.0 117.0 105.0 124.0 125.0 122.0 117.0 128.0 147.0 125.0 113.0 127.0 117.0 122.0 122.0 119.0 121.0 129.0 127.0 134.0 128.0 126.0 122.0 120.0 112.0 126.0 143.0 118.0 116.0 119.0 121.0 117.0 121.0 110.0 114.0 116.0 117.0 113.0 120.0 128.0 123.0 127.0 121.0 122.0 120.0 114.0 126.0 139.0 121.0 119.0 122.0 121.0 118.0 127.0 134.0 113.0 127.0 127.0 127.0 128.0 123.0 137.0 127.0 139.0 131.0 144.0 164.0 163.0 145.0 172.0 176.0 144.0 134.0 161.0 118.0 142.0 144.0 146.0 134.0 126.0 147.0 159.0 140.0 259.0 169.0 146.0 135.0 135.0 213.0 196.0 151.0 119.0 144.0 167.0 123.0 156.0 126.0 125.0 123.0 129.0 119.0 141.0 146.0 158.0 136.0 136.0 176.0 172.0 159.0 159.0 159.0 159.0 129.0 143.0 172.0 143.0 128.0 195.0 164.0 153.0 121.0 121.0 141.0 146.0 262.0 118.0 118.0 112.0 121.0 127.0 129.0 127.0 128.0 128.0 135.36933797909407 25.93030264024586
26 213.0 228.0 209.0 275.0 219.0 312.0 221.0 217.0 230.0 216.0 239.0 239.0 245.0 273.0 423.0 224.0 234.0 207.0 207.0 187.0 187.0 218.0 232.0 259.0 259.0 181.0 169.0 235.0 211.0 218.0 217.0 223.0 219.0 219.0 202.0 201.0 213.0 213.0 317.0 292.0 243.0 449.0 357.0 425.0 213.0 388.0 266.0 291.0 259.0 294.0 263.0 300.0 264.0 262.0 247.0 281.0 213.0 221.0 304.0 286.0 401.0 331.0 299.0 260.0 240.0 317.0 332.0 279.0 276.0 298.0 257.0 281.0 206.0 251.0 277.0 263.0 239.0 299.0 355.0 261.0 255.0 240.0 237.0 240.0 239.0 227.0 264.0 230.0 233.0 254.0 238.0 210.0 224.0 189.0 249.0 255.0 271.0 199.0 199.0 217.0 221.0 225.0 226.0 224.0 262.0 193.0 247.0 236.0 204.0 207.0 245.0 212.0 207.0 190.0 212.0 213.0 217.0 217.0 194.0 195.0 202.0 213.0 225.0 212.0 229.0 230.0 225.0 203.0 207.0 219.0 207.0 206.0 216.0 215.0 193.0 201.0 207.0 220.0 207.0 211.0 212.0 212.0 208.0 202.0 222.0 217.0 213.0 220.0 180.0 192.0 207.0 193.0 224.0 253.0 209.0 182.0 216.0 225.0 219.0 207.0 204.0 214.0 266.0 195.0 203.0 226.0 210.0 212.0 213.0 205.0 226.0 219.0 204.0 222.0 218.0 215.0 223.0 205.0 212.0 220.0 220.0 195.0 220.0 213.0 207.0 212.0 211.0 190.0 214.0 200.0 207.0 211.0 232.0 265.0 216.0 219.0 207.0 212.0 206.0 205.0 215.0 241.0 205.0 208.0 220.0 231.0 220.0 217.0 234.0 203.0 213.0 225.0 227.0 219.0 220.0 229.0 238.0 269.0 262.0 299.0 308.0 315.0 318.0 259.0 335.0 291.0 273.0 239.0 208.0 259.0 275.0 243.0 236.0 228.0 252.0 256.0 247.0 340.0 267.0 265.0 234.0 234.0 337.0 287.0 213.0 230.0 240.0 288.0 259.0 231.0 216.0 239.0 201.0 208.0 214.0 246.0 257.0 300.0 272.0 268.0 269.0 271.0 267.0 211.0 211.0 232.0 207.0 248.0 312.0 291.0 207.0 284.0 306.0 304.0 222.0 221.0 237.0 249.0 304.0 304.0 198.0 198.0 220.0 248.0 220.0 226.0 238.0 238.99303135888505 42.47450844156009
27 687.0 638.0 608.0 597.0 651.0 641.0 764.0 637.0 704.0 545.0 568.0 634.0 681.0 734.0 696.0 717.0 635.0 748.0 688.0 716.0 685.0 613.0 670.0 651.0 659.0 779.0 700.0 633.0 624.0 629.0 664.0 669.0 667.0 645.0 717.0 684.0 851.0 911.0 742.0 829.0 894.0 942.0 993.0 1011.0 1028.0 861.0 918.0 900.0 798.0 800.0 746.0 870.0 960.0 882.0 804.0 729.0 756.0 759.0 701.0 710.0 701.0 791.0 730.0 680.0 669.0 660.0 660.0 695.0 699.0 685.0 752.0 686.0 650.0 615.0 717.0 718.0 745.0 675.0 794.0 848.0 768.0 691.0 666.0 667.0 651.0 646.0 635.0 653.0 655.0 721.0 748.0 701.0 639.0 639.0 583.0 672.0 666.0 667.0 586.0 599.0 633.0 650.0 995.0 664.0 665.0 620.0 572.0 651.0 675.0 659.0 610.0 639.0 668.0 639.0 711.0 639.0 626.0 618.0 616.0 558.0 561.0 558.0 682.0 656.0 705.0 682.0 644.0 640.0 563.0 560.0 613.0 627.0 633.0 635.0 598.0 583.0 563.0 592.0 625.0 603.0 609.0 631.0 620.0 610.0 615.0 658.0 632.0 632.0 615.0 523.0 550.0 606.0 593.0 581.0 642.0 607.0 547.0 589.0 638.0 621.0 621.0 603.0 592.0 647.0 566.0 586.0 655.0 635.0 612.0 631.0 602.0 610.0 586.0 649.0 624.0 623.0 625.0 632.0 601.0 582.0 590.0 599.0 582.0 599.0 650.0 635.0 644.0 684.0 622.0 623.0 566.0 540.0 535.0 548.0 563.0 673.0 683.0 700.0 619.0 589.0 595.0 622.0 635.0 693.0 679.0 692.0 868.0 1082.0 641.0 670.0 944.0 925.0 970.0 1176.0 1092.0 1096.0 1063.0 1179.0 1254.0 1359.0 1247.0 1242.0 1255.0 1304.0 1317.0 1236.0 1353.0 1233.0 1166.0 1208.0 1177.0 1362.0 1117.0 867.0 731.0 779.0 750.0 712.0 714.0 738.0 669.0 630.0 669.0 693.0 714.0 650.0 688.0 657.0 626.0 710.0 729.0 804.0 695.0 648.0 734.0 627.0 707.0 678.0 665.0 700.0 681.0 652.0 601.0 602.0 931.0 1182.0 659.0 613.0 646.0 711.0 660.0 592.0 691.0 672.0 746.0 751.0 970.0 675.0 692.0 682.0 770.0 646.0 651.0 776.0 684.0 777.0 774.0 720.5400696864112 170.57516122392656
28 6.0 6.0 6.0 6.0 6.0 6.0 6.0 6.0 6.0 6.0 6.0 6.0 6.0 6.0 6.0 6.0 6.0 6.0 6.0 6.0 6.0 6.0 6.0 6.0 6.0 6.0 6.0 6.0 6.0 6.0 6.0 6.0 6.0 6.0 6.0 6.0 6.0 6.0 6.0 9.0 9.0 9.0 9.0 9.0 9.0 9.0 9.0 9.0 9.0 9.0 9.0 9.0 9.0 9.0 9.0 9.0 9.0 9.0 9.0 9.0 9.0 9.0 9.0 9.0 8.0 7.0 7.0 7.0 7.0 7.0 7.0 7.0 7.0 8.0 8.0 8.0 8.0 8.0 8.0 8.0 8.0 8.0 8.0 8.0 7.0 7.0 7.0 7.0 7.0 7.0 7.0 8.0 8.0 8.0 8.0 8.0 8.0 8.0 8.0 7.0 7.0 7.0 7.0 7.0 7.0 8.0 8.0 7.0 7.0 9.0 8.0 7.0 7.0 7.0 11.0 11.0 17.0 17.0 7.0 7.0 7.0 7.0 7.0 9.0 9.0 9.0 10.0 10.0 10.0 7.0 7.0 7.0 7.0 7.0 7.0 7.0 7.0 7.0 7.0 7.0 7.0 7.0 8.0 14.0 8.0 8.0 8.0 8.0 8.0 8.0 7.0 7.0 7.0 7.0 7.0 7.0 7.0 6.0 6.0 6.0 8.0 8.0 7.0 7.0 7.0 12.0 12.0 12.0 12.0 12.0 12.0 12.0 12.0 12.0 8.0 8.0 8.0 8.0 8.0 8.0 8.0 7.0 7.0 9.0 9.0 6.0 14.0 14.0 9.0 8.0 8.0 7.0 7.0 7.0 6.0 6.0 6.0 6.0 6.0 6.0 6.0 8.0 8.0 8.0 9.0 9.0 10.0 10.0 10.0 10.0 10.0 10.0 16.0 17.0 19.0 17.0 15.0 15.0 42.0 30.0 16.0 15.0 17.0 17.0 21.0 21.0 23.0 19.0 19.0 18.0 16.0 16.0 20.0 20.0 20.0 11.0 9.0 9.0 9.0 9.0 9.0 9.0 9.0 9.0 9.0 9.0 9.0 9.0 9.0 9.0 9.0 9.0 9.0 9.0 9.0 9.0 8.0 8.0 8.0 8.0 8.0 8.0 7.0 7.0 9.0 9.0 9.0 9.0 9.0 9.0 9.0 9.0 9.0 9.0 7.0 7.0 7.0 7.0 7.0 7.0 7.0 7.0 7.0 7.0 7.0 7.0 7.0 8.885017421602791 3.9290942633722383
29 197.0 201.0 191.0 191.0 182.0 182.0 182.0 196.0 188.0 188.0 144.0 195.0 191.0 194.0 254.0 212.0 203.0 195.0 195.0 176.0 242.0 193.0 180.0 189.0 188.0 189.0 201.0 261.0 195.0 191.0 190.0 214.0 211.0 214.0 202.0 236.0 379.0 256.0 221.0 208.0 553.0 188.0 245.0 255.0 192.0 188.0 202.0 233.0 282.0 218.0 235.0 240.0 212.0 255.0 216.0 195.0 186.0 229.0 300.0 185.0 187.0 191.0 190.0 188.0 188.0 204.0 194.0 198.0 192.0 196.0 205.0 199.0 185.0 195.0 180.0 185.0 192.0 203.0 238.0 215.0 220.0 222.0 231.0 216.0 203.0 235.0 204.0 196.0 199.0 199.0 191.0 181.0 245.0 197.0 212.0 184.0 177.0 187.0 199.0 173.0 175.0 189.0 191.0 185.0 190.0 187.0 199.0 155.0 193.0 202.0 189.0 181.0 187.0 192.0 190.0 229.0 183.0 197.0 189.0 190.0 188.0 179.0 165.0 194.0 185.0 183.0 195.0 202.0 191.0 179.0 169.0 177.0 189.0 189.0 191.0 189.0 175.0 175.0 176.0 189.0 173.0 184.0 188.0 197.0 185.0 188.0 185.0 193.0 192.0 192.0 159.0 144.0 188.0 169.0 177.0 198.0 218.0 158.0 166.0 188.0 186.0 190.0 187.0 184.0 184.0 219.0 177.0 180.0 198.0 183.0 190.0 187.0 182.0 186.0 189.0 192.0 184.0 189.0 194.0 188.0 178.0 168.0 183.0 188.0 178.0 185.0 225.0 184.0 198.0 213.0 182.0 181.0 161.0 177.0 170.0 194.0 211.0 235.0 223.0 221.0 191.0 189.0 206.0 200.0 222.0 290.0 262.0 259.0 297.0 395.0 273.0 232.0 354.0 325.0 363.0 401.0 389.0 314.0 459.0 570.0 537.0 471.0 388.0 415.0 410.0 380.0 574.0 483.0 442.0 394.0 409.0 337.0 420.0 375.0 285.0 288.0 288.0 215.0 208.0 193.0 209.0 241.0 195.0 190.0 272.0 182.0 186.0 230.0 199.0 179.0 192.0 243.0 190.0 195.0 190.0 187.0 191.0 509.0 194.0 193.0 197.0 191.0 167.0 179.0 181.0 252.0 358.0 168.0 170.0 192.0 227.0 218.0 180.0 180.0 197.0 197.0 194.0 191.0 186.0 201.0 187.0 177.0 177.0 197.0 345.0 238.0 207.0 220.85365853658533 73.65317167717063
30 333.0 373.0 399.0 396.0 362.0 333.0 333.0 441.0 431.0 451.0 284.0 283.0 372.0 345.0 365.0 354.0 362.0 368.0 364.0 364.0 364.0 349.0 343.0 343.0 349.0 355.0 352.0 350.0 387.0 367.0 361.0 373.0 389.0 408.0 457.0 373.0 404.0 480.0 419.0 395.0 437.0 487.0 463.0 359.0 403.0 357.0 429.0 394.0 435.0 370.0 393.0 409.0 420.0 365.0 365.0 447.0 399.0 390.0 393.0 369.0 336.0 338.0 368.0 362.0 369.0 389.0 359.0 363.0 378.0 371.0 344.0 357.0 357.0 357.0 362.0 361.0 347.0 369.0 358.0 359.0 379.0 423.0 393.0 372.0 403.0 347.0 376.0 364.0 373.0 368.0 348.0 341.0 376.0 361.0 336.0 353.0 354.0 363.0 380.0 384.0 336.0 334.0 341.0 369.0 347.0 361.0 367.0 329.0 311.0 376.0 403.0 385.0 339.0 338.0 330.0 357.0 382.0 355.0 353.0 349.0 356.0 388.0 317.0 319.0 366.0 357.0 348.0 369.0 377.0 354.0 346.0 342.0 331.0 361.0 354.0 361.0 358.0 327.0 340.0 342.0 349.0 353.0 341.0 351.0 369.0 362.0 355.0 352.0 365.0 357.0 356.0 285.0 294.0 341.0 325.0 335.0 401.0 371.0 298.0 333.0 359.0 349.0 347.0 330.0 336.0 341.0 317.0 317.0 366.0 360.0 347.0 352.0 347.0 343.0 350.0 368.0 392.0 370.0 353.0 353.0 331.0 324.0 369.0 350.0 366.0 363.0 368.0 370.0 381.0 352.0 351.0 354.0 328.0 300.0 328.0 350.0 364.0 394.0 338.0 318.0 380.0 394.0 428.0 428.0 382.0 396.0 416.0 444.0 418.0 390.0 389.0 473.0 414.0 366.0 338.0 407.0 500.0 399.0 515.0 570.0 863.0 738.0 639.0 498.0 504.0 597.0 552.0 587.0 622.0 559.0 537.0 504.0 463.0 460.0 462.0 396.0 405.0 372.0 397.0 384.0 412.0 389.0 487.0 420.0 506.0 365.0 351.0 348.0 410.0 360.0 341.0 371.0 426.0 379.0 394.0 359.0 332.0 309.0 406.0 377.0 361.0 366.0 354.0 343.0 332.0 336.0 378.0 378.0 397.0 353.0 371.0 368.0 349.0 495.0 653.0 381.0 363.0 401.0 509.0 380.0 396.0 352.0 459.0 365.0 368.0 368.0 433.0 382.9756097560976 66.30188505975188
31 594.0 520.0 575.0 593.0 597.0 637.0 555.0 556.0 575.0 664.0 575.0 442.0 456.0 530.0 579.0 583.0 581.0 568.0 576.0 588.0 585.0 558.0 545.0 547.0 546.0 573.0 568.0 567.0 583.0 588.0 568.0 577.0 568.0 599.0 593.0 636.0 613.0 600.0 598.0 621.0 611.0 648.0 694.0 564.0 681.0 685.0 654.0 679.0 611.0 589.0 585.0 566.0 569.0 604.0 590.0 639.0 574.0 576.0 559.0 558.0 564.0 544.0 554.0 588.0 594.0 587.0 594.0 564.0 579.0 571.0 584.0 571.0 588.0 592.0 602.0 588.0 582.0 583.0 625.0 567.0 566.0 589.0 606.0 593.0 568.0 522.0 519.0 562.0 569.0 582.0 577.0 569.0 551.0 585.0 577.0 580.0 573.0 548.0 524.0 560.0 578.0 561.0 507.0 534.0 553.0 583.0 598.0 644.0 567.0 506.0 543.0 607.0 607.0 568.0 548.0 560.0 553.0 580.0 586.0 569.0 560.0 567.0 514.0 507.0 502.0 540.0 582.0 567.0 570.0 578.0 571.0 566.0 582.0 548.0 564.0 572.0 594.0 571.0 529.0 525.0 553.0 549.0 583.0 564.0 573.0 607.0 577.0 572.0 570.0 576.0 586.0 587.0 499.0 474.0 596.0 544.0 537.0 548.0 601.0 503.0 515.0 556.0 559.0 561.0 537.0 535.0 549.0 509.0 525.0 532.0 591.0 588.0 578.0 581.0 568.0 553.0 564.0 573.0 602.0 610.0 595.0 521.0 527.0 516.0 543.0 570.0 572.0 579.0 604.0 621.0 598.0 639.0 606.0 545.0 501.0 544.0 549.0 598.0 602.0 548.0 546.0 655.0 634.0 595.0 579.0 602.0 603.0 588.0 607.0 626.0 636.0 644.0 658.0 647.0 546.0 505.0 567.0 589.0 651.0 657.0 676.0 578.0 586.0 624.0 605.0 612.0 605.0 600.0 675.0 658.0 620.0 633.0 663.0 670.0 666.0 640.0 577.0 582.0 570.0 626.0 615.0 605.0 603.0 651.0 682.0 808.0 981.0 644.0 598.0 553.0 567.0 556.0 592.0 601.0 581.0 560.0 575.0 540.0 501.0 559.0 639.0 627.0 607.0 604.0 582.0 501.0 504.0 546.0 572.0 548.0 631.0 585.0 627.0 599.0 571.0 1056.0 665.0 681.0 741.0 657.0 679.0 615.0 634.0 598.0 533.0 519.0 581.0 585.5505226480836 57.73362442793646
32 203.0 201.0 192.0 180.0 208.0 208.0 201.0 202.0 202.0 208.0 205.0 210.0 187.0 156.0 192.0 215.0 208.0 257.0 201.0 193.0 219.0 201.0 201.0 201.0 215.0 184.0 201.0 198.0 201.0 210.0 210.0 199.0 199.0 228.0 199.0 281.0 211.0 299.0 218.0 233.0 185.0 206.0 199.0 208.0 208.0 265.0 419.0 204.0 213.0 210.0 229.0 205.0 190.0 202.0 236.0 216.0 230.0 252.0 322.0 193.0 190.0 219.0 193.0 212.0 235.0 200.0 203.0 215.0 210.0 206.0 213.0 210.0 231.0 198.0 226.0 209.0 195.0 203.0 196.0 200.0 201.0 205.0 199.0 207.0 205.0 201.0 214.0 185.0 212.0 206.0 219.0 218.0 202.0 224.0 206.0 198.0 199.0 207.0 191.0 183.0 205.0 198.0 199.0 184.0 240.0 197.0 202.0 214.0 197.0 213.0 166.0 211.0 213.0 216.0 214.0 189.0 203.0 225.0 208.0 214.0 196.0 195.0 196.0 187.0 193.0 182.0 186.0 219.0 197.0 200.0 205.0 209.0 200.0 204.0 204.0 192.0 201.0 194.0 214.0 194.0 184.0 189.0 192.0 221.0 216.0 202.0 201.0 192.0 199.0 212.0 200.0 192.0 224.0 164.0 178.0 199.0 189.0 194.0 194.0 224.0 192.0 184.0 194.0 206.0 209.0 195.0 187.0 197.0 195.0 186.0 200.0 202.0 205.0 212.0 203.0 192.0 193.0 199.0 207.0 199.0 195.0 197.0 187.0 185.0 185.0 198.0 218.0 216.0 213.0 223.0 205.0 215.0 250.0 231.0 206.0 210.0 200.0 198.0 206.0 197.0 207.0 184.0 217.0 188.0 189.0 197.0 193.0 208.0 183.0 205.0 198.0 197.0 211.0 211.0 206.0 196.0 181.0 189.0 211.0 215.0 215.0 233.0 211.0 171.0 216.0 196.0 225.0 218.0 203.0 208.0 242.0 182.0 199.0 196.0 198.0 227.0 238.0 191.0 202.0 196.0 201.0 214.0 205.0 212.0 208.0 208.0 201.0 189.0 237.0 194.0 203.0 211.0 220.0 219.0 205.0 228.0 188.0 328.0 228.0 184.0 213.0 186.0 204.0 258.0 205.0 208.0 193.0 177.0 193.0 388.0 388.0 180.0 199.0 201.0 233.0 202.0 210.0 210.0 209.0 201.0 203.0 202.0 203.0 208.0 192.0 170.0 170.0 207.49477351916374 27.722005482522412
33 128.0 125.0 129.0 115.0 115.0 128.0 128.0 143.0 125.0 125.0 116.0 116.0 116.0 101.0 109.0 126.0 126.0 128.0 151.0 124.0 120.0 126.0 126.0 126.0 135.0 126.0 111.0 139.0 151.0 130.0 123.0 123.0 130.0 126.0 121.0 126.0 124.0 127.0 140.0 147.0 139.0 122.0 131.0 122.0 133.0 133.0 121.0 117.0 140.0 122.0 127.0 182.0 149.0 130.0 125.0 128.0 132.0 132.0 124.0 162.0 121.0 123.0 126.0 120.0 126.0 129.0 129.0 130.0 136.0 130.0 119.0 127.0 126.0 119.0 120.0 127.0 138.0 122.0 129.0 121.0 129.0 125.0 122.0 129.0 116.0 129.0 118.0 115.0 121.0 132.0 124.0 121.0 128.0 128.0 138.0 160.0 121.0 141.0 122.0 114.0 121.0 126.0 129.0 108.0 119.0 124.0 130.0 119.0 127.0 135.0 125.0 106.0 143.0 139.0 134.0 120.0 118.0 125.0 128.0 129.0 131.0 115.0 122.0 124.0 111.0 124.0 114.0 113.0 127.0 128.0 128.0 132.0 123.0 121.0 120.0 134.0 121.0 122.0 125.0 131.0 114.0 114.0 123.0 124.0 128.0 122.0 126.0 128.0 122.0 127.0 124.0 119.0 116.0 149.0 106.0 122.0 125.0 125.0 114.0 139.0 127.0 114.0 120.0 121.0 124.0 124.0 121.0 119.0 123.0 119.0 118.0 130.0 126.0 128.0 118.0 124.0 120.0 121.0 149.0 126.0 120.0 116.0 119.0 125.0 119.0 124.0 117.0 129.0 124.0 129.0 131.0 120.0 120.0 163.0 135.0 128.0 119.0 118.0 121.0 123.0 124.0 110.0 127.0 134.0 123.0 121.0 117.0 126.0 107.0 129.0 123.0 120.0 144.0 138.0 138.0 128.0 107.0 109.0 109.0 129.0 128.0 139.0 131.0 149.0 135.0 117.0 120.0 138.0 137.0 124.0 121.0 133.0 118.0 122.0 128.0 124.0 129.0 129.0 117.0 136.0 120.0 136.0 128.0 125.0 123.0 128.0 124.0 116.0 198.0 158.0 158.0 122.0 117.0 128.0 129.0 120.0 130.0 201.0 128.0 130.0 123.0 113.0 125.0 129.0 130.0 121.0 115.0 109.0 111.0 130.0 135.0 126.0 117.0 121.0 128.0 124.0 134.0 134.0 134.0 133.0 126.0 122.0 129.0 129.0 126.0 102.0 103.0 126.37282229965157 11.790880085709668
34 5.0 5.0 5.0 5.0 5.0 5.0 5.0 5.0 5.0 5.0 5.0 5.0 5.0 5.0 5.0 5.0 5.0 5.0 5.0 5.0 5.0 5.0 5.0 5.0 5.0 5.0 5.0 5.0 7.0 9.0 9.0 9.0 9.0 9.0 9.0 9.0 9.0 9.0 11.0 7.0 7.0 7.0 7.0 7.0 7.0 7.0 7.0 7.0 7.0 7.0 7.0 7.0 7.0 7.0 7.0 7.0 7.0 7.0 7.0 7.0 7.0 7.0 7.0 7.0 7.0 7.0 7.0 8.0 8.0 8.0 8.0 7.0 7.0 7.0 7.0 8.0 8.0 7.0 7.0 6.0 7.0 7.0 7.0 7.0 7.0 7.0 7.0 6.0 6.0 6.0 6.0 6.0 6.0 6.0 6.0 6.0 6.0 6.0 6.0 6.0 6.0 6.0 6.0 7.0 7.0 7.0 7.0 7.0 7.0 7.0 7.0 5.0 5.0 7.0 8.0 8.0 6.0 7.0 7.0 7.0 7.0 7.0 6.0 6.0 6.0 7.0 7.0 6.0 7.0 7.0 7.0 7.0 7.0 7.0 7.0 7.0 7.0 7.0 7.0 7.0 6.0 6.0 7.0 7.0 7.0 7.0 7.0 7.0 7.0 7.0 8.0 8.0 6.0 6.0 6.0 9.0 9.0 9.0 6.0 6.0 6.0 7.0 7.0 7.0 7.0 6.0 7.0 7.0 7.0 7.0 6.0 6.0 8.0 8.0 8.0 8.0 7.0 7.0 7.0 7.0 7.0 6.0 6.0 7.0 7.0 7.0 7.0 8.0 7.0 7.0 8.0 8.0 8.0 8.0 7.0 7.0 7.0 6.0 6.0 7.0 7.0 7.0 7.0 7.0 7.0 7.0 7.0 7.0 7.0 6.0 6.0 6.0 6.0 6.0 6.0 7.0 6.0 6.0 6.0 6.0 6.0 6.0 6.0 6.0 6.0 6.0 6.0 6.0 6.0 7.0 7.0 7.0 7.0 7.0 7.0 7.0 7.0 7.0 6.0 6.0 7.0 7.0 7.0 7.0 7.0 7.0 7.0 7.0 7.0 9.0 9.0 9.0 9.0 7.0 7.0 7.0 7.0 7.0 7.0 7.0 7.0 7.0 7.0 6.0 6.0 6.0 6.0 6.0 6.0 6.0 6.0 6.0 6.0 6.0 6.0 6.0 6.0 6.0 6.0 6.0 6.0 6.0 6.0 6.0 6.0 6.0 6.0 6.696864111498257 0.9799157550851743
35 64.0 61.0 61.0 56.0 56.0 56.0 56.0 62.0 59.0 59.0 57.0 61.0 61.0 55.0 49.0 49.0 59.0 63.0 64.0 64.0 59.0 61.0 62.0 58.0 58.0 63.0 57.0 63.0 70.0 67.0 69.0 69.0 66.0 66.0 62.0 97.0 61.0 62.0 62.0 63.0 69.0 69.0 65.0 58.0 66.0 66.0 80.0 59.0 68.0 60.0 60.0 61.0 60.0 59.0 61.0 63.0 78.0 79.0 62.0 59.0 75.0 77.0 68.0 59.0 62.0 74.0 64.0 72.0 61.0 60.0 61.0 62.0 59.0 60.0 59.0 65.0 64.0 61.0 61.0 57.0 79.0 60.0 65.0 62.0 74.0 61.0 59.0 59.0 52.0 62.0 63.0 58.0 61.0 61.0 60.0 80.0 63.0 59.0 66.0 55.0 60.0 59.0 64.0 97.0 55.0 60.0 60.0 59.0 59.0 59.0 60.0 49.0 70.0 71.0 64.0 67.0 56.0 61.0 76.0 60.0 60.0 60.0 60.0 58.0 54.0 63.0 61.0 53.0 59.0 59.0 65.0 70.0 60.0 61.0 63.0 60.0 61.0 67.0 61.0 60.0 59.0 56.0 59.0 60.0 62.0 62.0 60.0 61.0 60.0 60.0 67.0 66.0 57.0 86.0 51.0 59.0 60.0 62.0 57.0 62.0 65.0 55.0 60.0 63.0 60.0 61.0 58.0 58.0 61.0 66.0 56.0 65.0 62.0 60.0 59.0 60.0 61.0 57.0 61.0 73.0 62.0 57.0 60.0 65.0 61.0 59.0 55.0 62.0 62.0 59.0 69.0 59.0 62.0 62.0 68.0 64.0 62.0 58.0 59.0 64.0 63.0 55.0 60.0 80.0 63.0 59.0 61.0 67.0 62.0 52.0 61.0 61.0 64.0 73.0 73.0 61.0 61.0 53.0 53.0 53.0 66.0 67.0 63.0 63.0 55.0 67.0 60.0 69.0 63.0 60.0 70.0 64.0 64.0 63.0 63.0 60.0 61.0 58.0 59.0 68.0 58.0 76.0 64.0 63.0 61.0 63.0 63.0 60.0 98.0 66.0 75.0 60.0 62.0 64.0 59.0 62.0 59.0 68.0 68.0 63.0 63.0 55.0 64.0 52.0 61.0 63.0 57.0 57.0 54.0 79.0 79.0 64.0 58.0 59.0 59.0 64.0 62.0 66.0 57.0 66.0 66.0 62.0 62.0 64.0 63.0 63.0 49.0 62.52264808362369 6.688264115539869
36 537.0 570.0 582.0 564.0 536.0 521.0 560.0 583.0 596.0 584.0 575.0 543.0 537.0 531.0 438.0 460.0 566.0 572.0 583.0 599.0 592.0 557.0 600.0 586.0 568.0 566.0 563.0 545.0 566.0 620.0 596.0 589.0 595.0 597.0 615.0 570.0 599.0 647.0 634.0 576.0 598.0 607.0 582.0 568.0 584.0 623.0 679.0 710.0 672.0 631.0 572.0 559.0 582.0 579.0 567.0 601.0 619.0 661.0 612.0 561.0 574.0 527.0 596.0 618.0 605.0 614.0 605.0 662.0 621.0 576.0 564.0 557.0 575.0 577.0 560.0 562.0 577.0 590.0 584.0 583.0 544.0 557.0 575.0 547.0 566.0 583.0 595.0 593.0 542.0 532.0 538.0 574.0 557.0 556.0 550.0 568.0 567.0 581.0 563.0 562.0 515.0 537.0 566.0 573.0 517.0 524.0 571.0 555.0 557.0 549.0 553.0 523.0 478.0 555.0 607.0 606.0 588.0 549.0 545.0 558.0 575.0 564.0 537.0 535.0 562.0 530.0 563.0 502.0 493.0 548.0 555.0 576.0 563.0 600.0 558.0 566.0 558.0 577.0 563.0 592.0 604.0 544.0 518.0 552.0 537.0 556.0 544.0 551.0 567.0 560.0 560.0 564.0 528.0 511.0 507.0 506.0 514.0 580.0 553.0 545.0 560.0 571.0 525.0 516.0 563.0 568.0 566.0 536.0 511.0 553.0 521.0 520.0 522.0 587.0 574.0 558.0 550.0 559.0 545.0 512.0 527.0 565.0 597.0 565.0 594.0 570.0 541.0 515.0 536.0 554.0 564.0 524.0 531.0 520.0 529.0 531.0 541.0 513.0 579.0 549.0 561.0 591.0 525.0 535.0 583.0 598.0 579.0 579.0 565.0 504.0 505.0 586.0 540.0 562.0 568.0 600.0 574.0 497.0 491.0 555.0 609.0 574.0 588.0 605.0 556.0 515.0 540.0 552.0 567.0 607.0 608.0 557.0 537.0 559.0 510.0 580.0 584.0 569.0 547.0 546.0 550.0 557.0 562.0 587.0 573.0 564.0 588.0 611.0 620.0 547.0 592.0 584.0 577.0 580.0 563.0 579.0 564.0 558.0 582.0 651.0 588.0 565.0 535.0 530.0 497.0 522.0 556.0 541.0 492.0 495.0 556.0 551.0 579.0 550.0 559.0 563.0 562.0 587.0 598.0 577.0 593.0 594.0 574.0 573.0 582.0 567.0 493.0 563.9163763066201 34.791888424022716
37 147.0 148.0 150.0 155.0 155.0 155.0 137.0 137.0 137.0 137.0 159.0 159.0 144.0 144.0 144.0 113.0 152.0 148.0 150.0 159.0 164.0 167.0 147.0 180.0 170.0 170.0 152.0 155.0 147.0 155.0 173.0 155.0 159.0 205.0 205.0 189.0 156.0 149.0 153.0 198.0 208.0 160.0 160.0 187.0 159.0 157.0 160.0 158.0 146.0 146.0 204.0 158.0 165.0 171.0 159.0 159.0 157.0 161.0 189.0 177.0 177.0 145.0 143.0 188.0 169.0 155.0 150.0 178.0 153.0 207.0 180.0 150.0 155.0 153.0 161.0 151.0 152.0 153.0 168.0 156.0 155.0 151.0 149.0 150.0 152.0 152.0 155.0 144.0 156.0 188.0 140.0 167.0 151.0 155.0 146.0 148.0 155.0 147.0 152.0 151.0 149.0 134.0 149.0 150.0 160.0 143.0 139.0 153.0 156.0 152.0 148.0 148.0 150.0 124.0 152.0 167.0 155.0 165.0 143.0 154.0 141.0 154.0 168.0 149.0 147.0 149.0 149.0 165.0 138.0 134.0 149.0 151.0 142.0 154.0 152.0 152.0 153.0 152.0 151.0 152.0 149.0 167.0 143.0 140.0 145.0 148.0 141.0 155.0 147.0 158.0 154.0 152.0 155.0 151.0 141.0 152.0 121.0 152.0 156.0 160.0 142.0 153.0 159.0 138.0 158.0 151.0 156.0 153.0 148.0 138.0 156.0 149.0 136.0 150.0 163.0 156.0 152.0 153.0 153.0 143.0 143.0 153.0 154.0 157.0 158.0 154.0 155.0 141.0 143.0 139.0 162.0 152.0 150.0 140.0 149.0 143.0 145.0 154.0 140.0 145.0 156.0 150.0 165.0 144.0 135.0 156.0 147.0 159.0 190.0 148.0 135.0 141.0 158.0 143.0 151.0 164.0 211.0 152.0 142.0 134.0 149.0 149.0 198.0 158.0 169.0 158.0 152.0 153.0 152.0 152.0 156.0 171.0 157.0 145.0 158.0 149.0 155.0 163.0 157.0 155.0 137.0 165.0 152.0 157.0 160.0 156.0 155.0 161.0 180.0 147.0 147.0 150.0 174.0 154.0 161.0 153.0 160.0 152.0 147.0 170.0 170.0 163.0 157.0 142.0 162.0 134.0 154.0 156.0 147.0 136.0 136.0 155.0 152.0 161.0 141.0 155.0 151.0 159.0 152.0 160.0 143.0 169.0 157.0 157.0 153.0 159.0 160.0 154.73170731707316 13.676116369897864
38 418.0 404.0 406.0 431.0 423.0 415.0 376.0 386.0 423.0 431.0 432.0 429.0 429.0 389.0 383.0 375.0 328.0 359.0 457.0 504.0 528.0 555.0 533.0 474.0 445.0 431.0 837.0 411.0 413.0 403.0 455.0 450.0 419.0 431.0 437.0 474.0 450.0 421.0 407.0 416.0 418.0 423.0 438.0 436.0 474.0 505.0 636.0 470.0 431.0 422.0 393.0 428.0 420.0 418.0 426.0 481.0 506.0 481.0 502.0 469.0 446.0 446.0 412.0 406.0 417.0 421.0 435.0 427.0 440.0 448.0 458.0 446.0 403.0 412.0 418.0 420.0 407.0 401.0 416.0 439.0 410.0 422.0 421.0 442.0 425.0 404.0 385.0 435.0 420.0 385.0 366.0 373.0 405.0 420.0 413.0 418.0 414.0 418.0 392.0 405.0 414.0 397.0 363.0 418.0 412.0 421.0 383.0 412.0 407.0 418.0 408.0 400.0 403.0 374.0 362.0 432.0 442.0 430.0 421.0 405.0 411.0 411.0 409.0 419.0 396.0 405.0 410.0 380.0 425.0 363.0 369.0 399.0 410.0 412.0 425.0 417.0 379.0 368.0 408.0 411.0 404.0 403.0 409.0 389.0 385.0 388.0 399.0 400.0 407.0 409.0 429.0 419.0 417.0 402.0 381.0 382.0 368.0 360.0 417.0 408.0 406.0 392.0 400.0 419.0 366.0 399.0 406.0 416.0 417.0 381.0 374.0 406.0 382.0 408.0 412.0 344.0 417.0 413.0 406.0 415.0 417.0 413.0 424.0 429.0 448.0 420.0 409.0 421.0 392.0 376.0 374.0 387.0 445.0 387.0 378.0 401.0 393.0 395.0 389.0 438.0 404.0 415.0 404.0 420.0 370.0 356.0 441.0 402.0 416.0 425.0 386.0 366.0 375.0 431.0 386.0 411.0 413.0 422.0 423.0 370.0 364.0 392.0 829.0 482.0 434.0 440.0 407.0 397.0 402.0 390.0 420.0 429.0 444.0 406.0 392.0 427.0 412.0 411.0 427.0 452.0 424.0 372.0 407.0 424.0 428.0 424.0 417.0 397.0 422.0 435.0 388.0 421.0 416.0 428.0 415.0 426.0 427.0 426.0 404.0 391.0 382.0 431.0 431.0 419.0 393.0 381.0 367.0 422.0 412.0 397.0 365.0 366.0 406.0 408.0 425.0 403.0 414.0 411.0 418.0 433.0 429.0 408.0 434.0 445.0 423.0 426.0 428.0 417.62369337979095 47.559287949120225
39 134.0 131.0 123.0 132.0 144.0 130.0 122.0 117.0 117.0 117.0 125.0 133.0 135.0 121.0 123.0 239.0 153.0 105.0 173.0 396.0 142.0 148.0 168.0 169.0 159.0 131.0 129.0 154.0 139.0 131.0 131.0 145.0 141.0 138.0 139.0 130.0 130.0 149.0 143.0 125.0 140.0 150.0 140.0 140.0 136.0 128.0 161.0 261.0 172.0 143.0 178.0 149.0 124.0 138.0 124.0 143.0 179.0 179.0 156.0 121.0 125.0 153.0 150.0 119.0 130.0 129.0 140.0 141.0 135.0 133.0 140.0 127.0 142.0 133.0 130.0 130.0 152.0 141.0 131.0 135.0 132.0 136.0 129.0 141.0 134.0 136.0 119.0 123.0 130.0 125.0 134.0 111.0 107.0 173.0 135.0 138.0 122.0 131.0 126.0 119.0 123.0 123.0 126.0 120.0 131.0 126.0 128.0 109.0 125.0 120.0 138.0 131.0 128.0 123.0 111.0 136.0 122.0 144.0 131.0 139.0 118.0 132.0 120.0 133.0 124.0 122.0 123.0 135.0 114.0 130.0 115.0 130.0 126.0 135.0 114.0 127.0 128.0 111.0 122.0 127.0 137.0 121.0 119.0 130.0 117.0 131.0 124.0 117.0 126.0 104.0 123.0 155.0 128.0 140.0 125.0 118.0 113.0 116.0 109.0 123.0 128.0 125.0 116.0 126.0 138.0 106.0 132.0 130.0 130.0 130.0 109.0 120.0 127.0 120.0 133.0 112.0 106.0 128.0 125.0 122.0 127.0 118.0 127.0 125.0 130.0 124.0 147.0 137.0 132.0 143.0 116.0 107.0 136.0 118.0 119.0 114.0 126.0 115.0 122.0 125.0 107.0 133.0 143.0 124.0 130.0 107.0 135.0 133.0 117.0 133.0 139.0 113.0 112.0 132.0 135.0 120.0 125.0 132.0 122.0 129.0 109.0 150.0 118.0 118.0 154.0 142.0 140.0 134.0 137.0 123.0 130.0 127.0 124.0 134.0 122.0 118.0 162.0 128.0 119.0 131.0 127.0 122.0 118.0 148.0 123.0 143.0 138.0 128.0 125.0 129.0 128.0 149.0 125.0 126.0 135.0 121.0 148.0 128.0 137.0 124.0 113.0 113.0 113.0 135.0 125.0 125.0 112.0 118.0 136.0 125.0 124.0 109.0 120.0 126.0 126.0 138.0 114.0 129.0 125.0 134.0 138.0 127.0 114.0 154.0 130.0 128.0 124.0 131.68989547038328 22.84910984302028
40 91.0 91.0 84.0 87.0 116.0 91.0 86.0 80.0 80.0 80.0 80.0 80.0 92.0 85.0 83.0 83.0 83.0 96.0 110.0 128.0 102.0 101.0 97.0 105.0 106.0 162.0 95.0 86.0 86.0 86.0 95.0 103.0 101.0 97.0 92.0 92.0 92.0 95.0 93.0 89.0 97.0 150.0 97.0 122.0 93.0 84.0 98.0 118.0 178.0 115.0 92.0 97.0 97.0 100.0 90.0 87.0 93.0 92.0 88.0 140.0 90.0 91.0 91.0 110.0 110.0 113.0 96.0 101.0 101.0 94.0 95.0 99.0 94.0 97.0 91.0 89.0 100.0 96.0 93.0 101.0 109.0 89.0 93.0 99.0 106.0 93.0 95.0 87.0 95.0 91.0 90.0 80.0 86.0 107.0 100.0 86.0 94.0 95.0 89.0 88.0 101.0 94.0 86.0 90.0 89.0 89.0 87.0 76.0 77.0 88.0 93.0 93.0 90.0 87.0 103.0 74.0 96.0 123.0 97.0 92.0 87.0 93.0 87.0 90.0 86.0 87.0 80.0 88.0 76.0 92.0 81.0 90.0 81.0 82.0 74.0 86.0 91.0 81.0 78.0 85.0 85.0 89.0 84.0 86.0 83.0 85.0 88.0 82.0 79.0 75.0 75.0 106.0 89.0 97.0 84.0 93.0 80.0 86.0 76.0 83.0 90.0 85.0 87.0 92.0 90.0 80.0 89.0 98.0 89.0 89.0 112.0 90.0 92.0 90.0 79.0 81.0 78.0 85.0 85.0 86.0 88.0 80.0 85.0 95.0 88.0 89.0 96.0 96.0 92.0 85.0 87.0 78.0 89.0 93.0 94.0 88.0 86.0 83.0 87.0 96.0 87.0 102.0 85.0 89.0 89.0 83.0 75.0 91.0 82.0 85.0 87.0 84.0 96.0 90.0 73.0 73.0 90.0 87.0 87.0 103.0 89.0 76.0 100.0 81.0 81.0 93.0 93.0 93.0 103.0 93.0 82.0 83.0 89.0 90.0 88.0 87.0 109.0 88.0 84.0 90.0 93.0 90.0 83.0 83.0 89.0 89.0 102.0 98.0 92.0 101.0 92.0 87.0 87.0 86.0 108.0 91.0 100.0 100.0 90.0 86.0 89.0 88.0 88.0 94.0 88.0 84.0 97.0 75.0 92.0 97.0 87.0 81.0 89.0 91.0 86.0 93.0 83.0 96.0 87.0 92.0 92.0 92.0 92.0 92.0 95.0 90.0 90.0 91.62717770034844 11.79651305803762
41 658.0 643.0 651.0 630.0 647.0 667.0 713.0 650.0 599.0 589.0 601.0 601.0 662.0 677.0 683.0 692.0 695.0 639.0 593.0 593.0 681.0 682.0 670.0 692.0 692.0 694.0 677.0 688.0 665.0 672.0 629.0 629.0 635.0 713.0 682.0 670.0 657.0 660.0 675.0 647.0 658.0 701.0 777.0 809.0 710.0 681.0 659.0 678.0 692.0 877.0 697.0 645.0 671.0 642.0 661.0 641.0 633.0 648.0 690.0 654.0 653.0 744.0 707.0 819.0 692.0 613.0 644.0 694.0 710.0 661.0 673.0 702.0 671.0 616.0 604.0 623.0 637.0 667.0 648.0 634.0 629.0 673.0 719.0 689.0 654.0 654.0 648.0 609.0 613.0 623.0 647.0 628.0 601.0 581.0 626.0 655.0 638.0 616.0 608.0 585.0 614.0 645.0 696.0 621.0 602.0 631.0 649.0 639.0 594.0 578.0 642.0 661.0 656.0 652.0 626.0 547.0 554.0 654.0 669.0 662.0 657.0 624.0 586.0 620.0 656.0 650.0 606.0 581.0 591.0 578.0 647.0 652.0 621.0 579.0 568.0 589.0 598.0 639.0 587.0 575.0 579.0 647.0 619.0 598.0 632.0 592.0 594.0 616.0 577.0 581.0 604.0 588.0 653.0 659.0 642.0 629.0 591.0 581.0 550.0 543.0 547.0 638.0 639.0 649.0 642.0 594.0 574.0 625.0 633.0 629.0 642.0 651.0 644.0 651.0 634.0 605.0 565.0 574.0 599.0 667.0 641.0 638.0 631.0 642.0 635.0 640.0 640.0 663.0 634.0 643.0 612.0 592.0 575.0 595.0 566.0 556.0 578.0 655.0 630.0 624.0 635.0 624.0 622.0 644.0 635.0 641.0 565.0 573.0 577.0 616.0 602.0 674.0 660.0 703.0 599.0 546.0 586.0 615.0 678.0 625.0 621.0 588.0 575.0 659.0 637.0 703.0 670.0 682.0 640.0 677.0 675.0 662.0 652.0 646.0 650.0 628.0 614.0 615.0 619.0 629.0 620.0 654.0 620.0 622.0 624.0 603.0 633.0 664.0 681.0 670.0 678.0 652.0 669.0 709.0 741.0 711.0 701.0 691.0 701.0 679.0 656.0 624.0 649.0 649.0 648.0 645.0 641.0 617.0 607.0 598.0 648.0 628.0 605.0 610.0 615.0 617.0 641.0 647.0 627.0 629.0 633.0 659.0 638.0 618.0 597.0 597.0 652.0 639.2613240418118 43.958316265186454
42 782.0 837.0 848.0 832.0 776.0 751.0 733.0 729.0 766.0 789.0 847.0 776.0 812.0 753.0 771.0 980.0 1111.0 937.0 803.0 712.0 673.0 638.0 774.0 742.0 704.0 698.0 884.0 831.0 814.0 861.0 916.0 837.0 771.0 785.0 751.0 893.0 786.0 763.0 760.0 766.0 745.0 756.0 744.0 743.0 749.0 761.0 752.0 750.0 765.0 771.0 772.0 766.0 714.0 767.0 786.0 896.0 834.0 805.0 747.0 763.0 799.0 802.0 721.0 825.0 744.0 719.0 713.0 707.0 737.0 782.0 840.0 843.0 763.0 737.0 778.0 689.0 689.0 729.0 762.0 824.0 770.0 804.0 793.0 821.0 811.0 755.0 745.0 760.0 742.0 721.0 728.0 730.0 759.0 723.0 693.0 685.0 696.0 749.0 765.0 747.0 729.0 727.0 720.0 726.0 760.0 710.0 717.0 721.0 741.0 735.0 722.0 742.0 728.0 774.0 773.0 753.0 752.0 662.0 647.0 752.0 747.0 779.0 743.0 734.0 709.0 717.0 747.0 760.0 690.0 674.0 700.0 764.0 791.0 765.0 721.0 669.0 670.0 692.0 682.0 757.0 661.0 645.0 648.0 740.0 735.0 729.0 726.0 700.0 703.0 704.0 704.0 746.0 752.0 737.0 716.0 756.0 755.0 753.0 693.0 679.0 636.0 627.0 652.0 734.0 734.0 733.0 741.0 730.0 676.0 690.0 725.0 651.0 639.0 683.0 748.0 743.0 761.0 750.0 694.0 699.0 695.0 723.0 740.0 735.0 740.0 737.0 748.0 759.0 757.0 776.0 706.0 697.0 691.0 679.0 671.0 689.0 750.0 756.0 744.0 764.0 743.0 732.0 730.0 691.0 721.0 749.0 748.0 737.0 633.0 631.0 658.0 730.0 740.0 759.0 793.0 782.0 683.0 661.0 660.0 750.0 730.0 736.0 709.0 685.0 678.0 807.0 834.0 857.0 821.0 763.0 759.0 770.0 745.0 743.0 762.0 757.0 777.0 727.0 712.0 711.0 760.0 772.0 761.0 762.0 744.0 700.0 650.0 715.0 730.0 731.0 758.0 837.0 922.0 2904.0 709.0 739.0 741.0 710.0 701.0 771.0 763.0 794.0 737.0 734.0 771.0 736.0 730.0 714.0 715.0 662.0 660.0 680.0 757.0 754.0 693.0 706.0 709.0 715.0 723.0 742.0 823.0 793.0 754.0 734.0 829.0 698.0 738.0 752.4738675958188 139.74591771320866
43 194.0 171.0 170.0 197.0 170.0 175.0 194.0 169.0 157.0 157.0 181.0 216.0 191.0 191.0 186.0 228.0 186.0 203.0 456.0 175.0 311.0 139.0 151.0 180.0 171.0 183.0 162.0 263.0 240.0 213.0 191.0 178.0 172.0 169.0 167.0 185.0 172.0 172.0 188.0 169.0 164.0 164.0 187.0 171.0 173.0 170.0 166.0 188.0 166.0 182.0 191.0 189.0 189.0 209.0 258.0 202.0 221.0 202.0 184.0 173.0 166.0 180.0 187.0 182.0 274.0 180.0 177.0 161.0 159.0 160.0 172.0 181.0 254.0 179.0 169.0 172.0 170.0 170.0 175.0 186.0 172.0 194.0 226.0 175.0 171.0 215.0 178.0 189.0 176.0 172.0 182.0 176.0 171.0 174.0 176.0 163.0 207.0 207.0 154.0 190.0 173.0 174.0 168.0 182.0 158.0 162.0 165.0 162.0 161.0 173.0 196.0 173.0 172.0 167.0 167.0 171.0 172.0 179.0 191.0 180.0 178.0 174.0 159.0 175.0 173.0 167.0 171.0 171.0 180.0 176.0 162.0 154.0 159.0 171.0 180.0 180.0 183.0 152.0 163.0 157.0 172.0 197.0 151.0 174.0 179.0 166.0 176.0 172.0 160.0 163.0 178.0 165.0 164.0 188.0 173.0 181.0 173.0 181.0 174.0 168.0 169.0 177.0 152.0 192.0 185.0 169.0 170.0 175.0 178.0 153.0 174.0 161.0 149.0 145.0 153.0 171.0 171.0 170.0 197.0 159.0 158.0 175.0 176.0 169.0 170.0 171.0 167.0 176.0 168.0 186.0 172.0 160.0 179.0 158.0 161.0 158.0 158.0 181.0 198.0 185.0 170.0 170.0 209.0 171.0 167.0 172.0 168.0 168.0 177.0 173.0 172.0 166.0 166.0 178.0 162.0 173.0 178.0 178.0 150.0 178.0 178.0 168.0 174.0 195.0 164.0 165.0 165.0 199.0 201.0 201.0 323.0 197.0 177.0 188.0 184.0 159.0 184.0 182.0 198.0 166.0 161.0 181.0 177.0 166.0 177.0 164.0 164.0 150.0 150.0 164.0 167.0 172.0 183.0 181.0 177.0 177.0 172.0 172.0 161.0 161.0 191.0 191.0 184.0 180.0 166.0 174.0 174.0 162.0 168.0 171.0 171.0 143.0 155.0 170.0 177.0 161.0 161.0 162.0 170.0 165.0 165.0 169.0 178.0 175.0 170.0 174.0 174.0 178.00696864111495 26.80100105522086
44 629.0 647.0 637.0 628.0 666.0 660.0 676.0 666.0 648.0 690.0 707.0 800.0 800.0 806.0 773.0 815.0 766.0 796.0 825.0 804.0 649.0 658.0 539.0 563.0 627.0 654.0 600.0 596.0 588.0 678.0 651.0 663.0 702.0 698.0 709.0 663.0 657.0 690.0 698.0 656.0 647.0 637.0 685.0 672.0 645.0 662.0 664.0 629.0 651.0 655.0 675.0 667.0 684.0 736.0 701.0 725.0 777.0 742.0 687.0 676.0 647.0 642.0 668.0 652.0 655.0 669.0 677.0 695.0 615.0 574.0 686.0 653.0 656.0 639.0 694.0 641.0 660.0 641.0 639.0 597.0 592.0 701.0 640.0 626.0 628.0 643.0 631.0 629.0 648.0 646.0 640.0 631.0 631.0 641.0 650.0 621.0 600.0 610.0 618.0 579.0 606.0 639.0 638.0 635.0 638.0 649.0 590.0 601.0 600.0 610.0 643.0 637.0 637.0 645.0 659.0 633.0 648.0 634.0 638.0 636.0 659.0 650.0 574.0 573.0 587.0 585.0 559.0 555.0 565.0 654.0 633.0 603.0 595.0 652.0 653.0 638.0 649.0 594.0 604.0 578.0 660.0 656.0 597.0 574.0 592.0 635.0 625.0 635.0 636.0 598.0 614.0 600.0 591.0 611.0 639.0 649.0 645.0 659.0 659.0 622.0 579.0 581.0 564.0 539.0 566.0 653.0 655.0 629.0 663.0 647.0 616.0 611.0 614.0 565.0 577.0 595.0 622.0 658.0 650.0 649.0 627.0 634.0 639.0 636.0 608.0 608.0 650.0 600.0 598.0 649.0 660.0 642.0 624.0 624.0 601.0 601.0 610.0 669.0 716.0 900.0 825.0 854.0 755.0 672.0 682.0 649.0 702.0 701.0 691.0 664.0 652.0 561.0 610.0 620.0 673.0 648.0 642.0 658.0 670.0 598.0 610.0 687.0 680.0 720.0 690.0 650.0 724.0 766.0 666.0 677.0 704.0 729.0 681.0 686.0 671.0 653.0 650.0 668.0 671.0 661.0 642.0 642.0 638.0 652.0 656.0 670.0 675.0 603.0 587.0 632.0 614.0 617.0 651.0 659.0 699.0 748.0 691.0 659.0 656.0 609.0 596.0 611.0 641.0 651.0 664.0 649.0 645.0 649.0 613.0 648.0 611.0 631.0 553.0 568.0 654.0 654.0 658.0 589.0 602.0 629.0 634.0 624.0 641.0 662.0 669.0 668.0 639.0 648.8710801393729 52.42391189466608
45 452.0 499.0 414.0 416.0 405.0 417.0 497.0 537.0 522.0 445.0 489.0 502.0 502.0 504.0 484.0 482.0 562.0 509.0 491.0 627.0 601.0 801.0 432.0 435.0 344.0 340.0 445.0 418.0 389.0 392.0 476.0 403.0 412.0 451.0 445.0 455.0 454.0 444.0 442.0 433.0 431.0 428.0 461.0 478.0 438.0 470.0 416.0 421.0 416.0 414.0 440.0 430.0 448.0 447.0 461.0 472.0 506.0 434.0 415.0 442.0 466.0 482.0 418.0 430.0 417.0 428.0 430.0 503.0 469.0 416.0 381.0 409.0 404.0 399.0 419.0 437.0 432.0 425.0 437.0 420.0 411.0 388.0 404.0 422.0 412.0 402.0 405.0 409.0 409.0 423.0 425.0 407.0 400.0 412.0 411.0 420.0 426.0 408.0 387.0 390.0 387.0 388.0 418.0 414.0 423.0 419.0 385.0 376.0 392.0 394.0 378.0 410.0 427.0 415.0 425.0 439.0 414.0 413.0 418.0 425.0 421.0 417.0 430.0 424.0 364.0 382.0 369.0 367.0 369.0 362.0 431.0 423.0 409.0 386.0 421.0 431.0 412.0 432.0 402.0 403.0 406.0 424.0 424.0 429.0 389.0 367.0 429.0 412.0 401.0 417.0 411.0 390.0 398.0 387.0 376.0 405.0 425.0 430.0 423.0 436.0 424.0 397.0 382.0 414.0 360.0 359.0 413.0 434.0 426.0 427.0 404.0 422.0 410.0 402.0 400.0 400.0 355.0 382.0 426.0 422.0 425.0 429.0 416.0 426.0 418.0 422.0 398.0 406.0 423.0 388.0 388.0 437.0 443.0 471.0 459.0 522.0 546.0 448.0 434.0 401.0 478.0 555.0 440.0 591.0 469.0 460.0 506.0 466.0 442.0 458.0 437.0 431.0 418.0 380.0 386.0 436.0 438.0 439.0 432.0 466.0 436.0 401.0 460.0 527.0 494.0 444.0 421.0 448.0 456.0 412.0 388.0 409.0 472.0 439.0 436.0 422.0 422.0 430.0 415.0 421.0 436.0 436.0 432.0 422.0 434.0 430.0 438.0 429.0 433.0 416.0 414.0 451.0 404.0 407.0 426.0 425.0 435.0 440.0 440.0 414.0 433.0 394.0 392.0 429.0 405.0 437.0 436.0 427.0 423.0 429.0 405.0 428.0 418.0 381.0 347.0 419.0 417.0 419.0 399.0 410.0 390.0 402.0 418.0 391.0 398.0 419.0 442.0 429.03484320557493 44.97464909731232
46 268.0 278.0 307.0 278.0 338.0 272.0 272.0 289.0 358.0 339.0 496.0 322.0 327.0 327.0 312.0 390.0 363.0 359.0 344.0 269.0 266.0 366.0 783.0 314.0 291.0 208.0 290.0 276.0 268.0 239.0 258.0 292.0 286.0 261.0 306.0 281.0 278.0 277.0 256.0 294.0 278.0 288.0 283.0 272.0 275.0 279.0 481.0 269.0 304.0 262.0 265.0 285.0 273.0 290.0 292.0 279.0 266.0 331.0 266.0 258.0 261.0 282.0 302.0 283.0 294.0 262.0 278.0 280.0 307.0 318.0 276.0 242.0 264.0 247.0 267.0 272.0 258.0 276.0 268.0 302.0 283.0 257.0 244.0 272.0 292.0 261.0 262.0 269.0 266.0 267.0 266.0 263.0 262.0 262.0 260.0 257.0 273.0 273.0 262.0 250.0 268.0 251.0 239.0 267.0 266.0 263.0 272.0 243.0 241.0 248.0 281.0 238.0 264.0 269.0 272.0 271.0 283.0 261.0 263.0 268.0 266.0 263.0 260.0 276.0 269.0 237.0 270.0 239.0 246.0 231.0 230.0 273.0 265.0 268.0 238.0 267.0 265.0 282.0 273.0 260.0 252.0 270.0 277.0 273.0 271.0 248.0 239.0 278.0 259.0 251.0 273.0 263.0 251.0 257.0 245.0 241.0 254.0 268.0 272.0 262.0 280.0 273.0 243.0 242.0 265.0 225.0 220.0 259.0 275.0 270.0 269.0 268.0 262.0 253.0 264.0 255.0 219.0 241.0 252.0 270.0 269.0 266.0 267.0 268.0 273.0 282.0 270.0 260.0 271.0 279.0 264.0 251.0 298.0 276.0 272.0 284.0 305.0 333.0 281.0 248.0 249.0 301.0 369.0 348.0 395.0 382.0 319.0 275.0 298.0 298.0 307.0 289.0 291.0 270.0 261.0 309.0 285.0 297.0 302.0 281.0 289.0 307.0 243.0 286.0 322.0 272.0 301.0 291.0 256.0 288.0 275.0 236.0 261.0 307.0 274.0 274.0 275.0 266.0 280.0 263.0 265.0 267.0 285.0 270.0 268.0 297.0 278.0 275.0 274.0 280.0 267.0 254.0 259.0 263.0 257.0 267.0 270.0 280.0 296.0 275.0 266.0 270.0 248.0 247.0 269.0 275.0 275.0 274.0 267.0 272.0 272.0 264.0 259.0 256.0 238.0 228.0 271.0 266.0 276.0 261.0 261.0 310.0 263.0 269.0 252.0 280.0 256.0 277.8745644599303 44.082943291399204
47 138.0 134.0 136.0 168.0 139.0 214.0 141.0 138.0 186.0 158.0 158.0 153.0 163.0 166.0 166.0 166.0 190.0 163.0 145.0 175.0 138.0 138.0 138.0 138.0 133.0 120.0 119.0 232.0 183.0 159.0 120.0 145.0 134.0 128.0 165.0 150.0 137.0 143.0 151.0 127.0 140.0 132.0 141.0 151.0 139.0 141.0 137.0 137.0 133.0 163.0 134.0 128.0 134.0 140.0 162.0 147.0 145.0 143.0 134.0 134.0 123.0 127.0 152.0 154.0 130.0 130.0 138.0 137.0 141.0 152.0 135.0 121.0 124.0 126.0 176.0 137.0 137.0 137.0 146.0 140.0 160.0 127.0 133.0 127.0 136.0 130.0 124.0 136.0 135.0 141.0 123.0 141.0 138.0 137.0 132.0 128.0 141.0 134.0 128.0 131.0 132.0 137.0 122.0 128.0 134.0 131.0 132.0 136.0 123.0 123.0 128.0 127.0 124.0 143.0 134.0 145.0 136.0 143.0 133.0 132.0 133.0 133.0 136.0 131.0 134.0 124.0 126.0 125.0 124.0 133.0 120.0 135.0 137.0 134.0 120.0 122.0 141.0 138.0 133.0 140.0 125.0 133.0 136.0 144.0 135.0 137.0 114.0 139.0 143.0 131.0 134.0 138.0 130.0 124.0 131.0 124.0 120.0 129.0 136.0 133.0 126.0 132.0 133.0 117.0 127.0 130.0 114.0 128.0 153.0 138.0 129.0 136.0 131.0 131.0 118.0 126.0 116.0 110.0 118.0 142.0 137.0 132.0 151.0 151.0 140.0 139.0 145.0 157.0 179.0 156.0 149.0 121.0 137.0 151.0 142.0 140.0 142.0 140.0 162.0 136.0 124.0 135.0 227.0 227.0 335.0 350.0 381.0 333.0 213.0 181.0 179.0 193.0 194.0 199.0 233.0 148.0 143.0 133.0 148.0 148.0 153.0 148.0 160.0 116.0 168.0 146.0 133.0 159.0 133.0 124.0 166.0 116.0 131.0 136.0 160.0 131.0 138.0 136.0 134.0 137.0 142.0 129.0 135.0 133.0 134.0 132.0 138.0 148.0 137.0 139.0 136.0 124.0 130.0 170.0 128.0 129.0 133.0 134.0 141.0 125.0 143.0 129.0 139.0 122.0 134.0 132.0 137.0 140.0 134.0 132.0 132.0 139.0 136.0 136.0 128.0 111.0 134.0 139.0 130.0 135.0 122.0 151.0 126.0 134.0 152.0 136.0 186.0 143.37979094076655 31.274869979966883
48 6.0 6.0 6.0 6.0 5.0 5.0 5.0 5.0 5.0 5.0 5.0 5.0 7.0 8.0 8.0 8.0 8.0 8.0 8.0 8.0 8.0 8.0 8.0 8.0 5.0 5.0 5.0 5.0 5.0 5.0 5.0 5.0 5.0 5.0 5.0 5.0 5.0 5.0 5.0 5.0 5.0 5.0 5.0 6.0 6.0 6.0 5.0 5.0 6.0 6.0 6.0 6.0 6.0 6.0 6.0 6.0 6.0 6.0 6.0 5.0 5.0 5.0 5.0 5.0 5.0 5.0 5.0 5.0 6.0 6.0 6.0 6.0 5.0 5.0 5.0 5.0 5.0 5.0 5.0 5.0 5.0 5.0 5.0 5.0 5.0 5.0 5.0 5.0 5.0 6.0 6.0 6.0 5.0 5.0 5.0 5.0 5.0 5.0 5.0 5.0 5.0 5.0 5.0 5.0 5.0 5.0 5.0 5.0 5.0 5.0 5.0 5.0 5.0 5.0 6.0 6.0 6.0 6.0 5.0 5.0 5.0 5.0 5.0 5.0 5.0 5.0 5.0 5.0 5.0 6.0 6.0 6.0 5.0 5.0 5.0 5.0 5.0 5.0 5.0 5.0 5.0 5.0 5.0 5.0 5.0 5.0 5.0 5.0 5.0 6.0 6.0 6.0 6.0 5.0 5.0 5.0 5.0 5.0 5.0 5.0 5.0 5.0 5.0 5.0 5.0 5.0 4.0 4.0 6.0 6.0 6.0 6.0 6.0 6.0 5.0 5.0 5.0 5.0 5.0 6.0 6.0 6.0 6.0 5.0 5.0 5.0 5.0 7.0 9.0 6.0 6.0 5.0 5.0 5.0 5.0 6.0 6.0 6.0 6.0 6.0 5.0 5.0 5.0 5.0 17.0 14.0 16.0 16.0 16.0 16.0 9.0 9.0 9.0 9.0 9.0 7.0 7.0 7.0 7.0 7.0 5.0 5.0 5.0 5.0 5.0 6.0 5.0 5.0 5.0 5.0 5.0 5.0 5.0 5.0 7.0 7.0 7.0 6.0 5.0 5.0 5.0 5.0 5.0 5.0 5.0 5.0 5.0 5.0 5.0 5.0 5.0 5.0 5.0 5.0 5.0 5.0 5.0 5.0 5.0 5.0 6.0 6.0 6.0 6.0 5.0 6.0 6.0 6.0 6.0 6.0 6.0 6.0 6.0 6.0 6.0 5.0 5.0 6.0 6.0 6.0 5.0 5.0 5.0 5.0 5.0 5.0 5.0 5.7386759581881535 1.7354799187763326
49 436.0 425.0 496.0 397.0 368.0 452.0 436.0 416.0 430.0 514.0 479.0 426.0 495.0 446.0 439.0 439.0 508.0 555.0 499.0 465.0 469.0 738.0 590.0 485.0 485.0 415.0 348.0 427.0 505.0 413.0 407.0 384.0 412.0 445.0 404.0 414.0 482.0 457.0 448.0 418.0 421.0 444.0 424.0 451.0 458.0 452.0 421.0 427.0 424.0 468.0 468.0 508.0 411.0 430.0 445.0 447.0 457.0 447.0 431.0 431.0 411.0 454.0 427.0 459.0 447.0 408.0 407.0 425.0 425.0 428.0 427.0 413.0 377.0 383.0 412.0 463.0 435.0 419.0 425.0 467.0 497.0 495.0 454.0 404.0 400.0 421.0 413.0 397.0 417.0 416.0 437.0 473.0 427.0 424.0 433.0 443.0 406.0 423.0 427.0 450.0 410.0 415.0 428.0 381.0 404.0 422.0 421.0 437.0 401.0 375.0 416.0 406.0 399.0 423.0 423.0 423.0 443.0 449.0 424.0 427.0 424.0 415.0 417.0 400.0 410.0 426.0 390.0 387.0 420.0 371.0 412.0 434.0 432.0 410.0 414.0 388.0 404.0 433.0 425.0 452.0 423.0 400.0 417.0 421.0 417.0 420.0 432.0 361.0 398.0 417.0 410.0 429.0 425.0 389.0 399.0 422.0 389.0 391.0 410.0 424.0 424.0 406.0 393.0 396.0 369.0 383.0 370.0 374.0 448.0 440.0 442.0 423.0 424.0 423.0 390.0 381.0 401.0 364.0 354.0 389.0 416.0 474.0 423.0 426.0 419.0 455.0 482.0 507.0 464.0 400.0 427.0 413.0 418.0 412.0 426.0 454.0 447.0 434.0 442.0 495.0 446.0 420.0 433.0 868.0 1083.0 1172.0 1296.0 1257.0 880.0 1106.0 988.0 991.0 887.0 728.0 615.0 548.0 635.0 525.0 603.0 497.0 510.0 494.0 491.0 422.0 484.0 459.0 440.0 456.0 517.0 471.0 422.0 452.0 376.0 403.0 432.0 474.0 499.0 490.0 419.0 425.0 438.0 416.0 418.0 448.0 427.0 429.0 421.0 430.0 442.0 461.0 432.0 429.0 412.0 404.0 441.0 412.0 414.0 424.0 435.0 444.0 385.0 412.0 425.0 429.0 387.0 399.0 425.0 443.0 437.0 433.0 431.0 420.0 438.0 417.0 407.0 408.0 370.0 384.0 430.0 425.0 410.0 411.0 393.0 399.0 425.0 419.0 395.0 455.616724738676 125.80092831715884
50 327.0 357.0 357.0 329.0 271.0 278.0 292.0 312.0 307.0 316.0 359.0 291.0 299.0 295.0 297.0 329.0 351.0 310.0 397.0 337.0 302.0 298.0 307.0 304.0 297.0 297.0 287.0 424.0 398.0 257.0 260.0 301.0 268.0 302.0 331.0 302.0 301.0 320.0 326.0 320.0 293.0 292.0 349.0 321.0 301.0 299.0 313.0 305.0 305.0 269.0 299.0 287.0 337.0 319.0 314.0 333.0 313.0 309.0 327.0 305.0 319.0 284.0 338.0 329.0 313.0 314.0 295.0 285.0 307.0 298.0 305.0 375.0 293.0 262.0 281.0 294.0 327.0 314.0 293.0 293.0 332.0 330.0 332.0 338.0 285.0 283.0 305.0 298.0 278.0 298.0 292.0 309.0 302.0 316.0 306.0 307.0 303.0 293.0 297.0 320.0 325.0 309.0 291.0 306.0 272.0 293.0 307.0 301.0 313.0 284.0 274.0 309.0 318.0 297.0 291.0 300.0 295.0 315.0 306.0 309.0 307.0 303.0 285.0 308.0 282.0 284.0 312.0 266.0 281.0 307.0 255.0 298.0 301.0 307.0 299.0 280.0 281.0 286.0 302.0 306.0 320.0 315.0 281.0 294.0 296.0 301.0 287.0 274.0 265.0 303.0 301.0 299.0 310.0 300.0 288.0 296.0 282.0 281.0 297.0 288.0 309.0 302.0 293.0 268.0 290.0 273.0 286.0 295.0 287.0 257.0 302.0 304.0 301.0 316.0 292.0 282.0 271.0 278.0 267.0 285.0 273.0 287.0 303.0 299.0 303.0 301.0 322.0 306.0 300.0 306.0 307.0 300.0 311.0 307.0 298.0 377.0 305.0 312.0 309.0 294.0 296.0 299.0 298.0 297.0 263.0 287.0 299.0 310.0 433.0 298.0 406.0 395.0 360.0 353.0 346.0 347.0 309.0 287.0 300.0 330.0 308.0 349.0 331.0 347.0 340.0 278.0 298.0 282.0 310.0 359.0 400.0 321.0 323.0 258.0 281.0 285.0 299.0 312.0 332.0 305.0 301.0 308.0 303.0 306.0 304.0 308.0 309.0 305.0 303.0 294.0 305.0 310.0 338.0 289.0 292.0 296.0 286.0 288.0 302.0 298.0 318.0 265.0 310.0 304.0 304.0 272.0 297.0 298.0 316.0 309.0 309.0 331.0 289.0 314.0 298.0 283.0 291.0 257.0 292.0 306.0 290.0 304.0 292.0 288.0 303.0 298.0 298.0 305.1533101045296 26.124316456772007
51 136.0 143.0 137.0 175.0 186.0 129.0 164.0 151.0 151.0 151.0 194.0 194.0 303.0 303.0 118.0 154.0 253.0 187.0 245.0 141.0 181.0 204.0 143.0 125.0 139.0 139.0 126.0 131.0 138.0 184.0 127.0 151.0 176.0 132.0 138.0 169.0 137.0 782.0 132.0 174.0 151.0 149.0 316.0 163.0 146.0 193.0 164.0 173.0 150.0 130.0 110.0 140.0 156.0 201.0 168.0 169.0 162.0 170.0 154.0 143.0 163.0 163.0 184.0 163.0 265.0 164.0 133.0 126.0 136.0 171.0 144.0 157.0 196.0 130.0 140.0 179.0 177.0 179.0 153.0 218.0 162.0 173.0 240.0 155.0 150.0 148.0 154.0 155.0 134.0 211.0 138.0 160.0 177.0 143.0 157.0 155.0 164.0 165.0 161.0 162.0 157.0 138.0 161.0 166.0 157.0 149.0 203.0 139.0 156.0 187.0 120.0 156.0 164.0 147.0 147.0 133.0 132.0 146.0 142.0 184.0 135.0 155.0 163.0 149.0 148.0 187.0 168.0 166.0 131.0 167.0 110.0 120.0 194.0 137.0 189.0 151.0 132.0 176.0 169.0 166.0 263.0 166.0 156.0 157.0 150.0 122.0 143.0 147.0 143.0 167.0 141.0 153.0 140.0 194.0 170.0 158.0 174.0 140.0 153.0 209.0 151.0 147.0 159.0 188.0 158.0 185.0 151.0 153.0 184.0 114.0 131.0 169.0 151.0 150.0 159.0 175.0 144.0 204.0 172.0 561.0 164.0 181.0 161.0 152.0 150.0 142.0 155.0 146.0 131.0 165.0 139.0 170.0 168.0 194.0 155.0 233.0 148.0 148.0 156.0 146.0 150.0 144.0 153.0 179.0 117.0 123.0 192.0 125.0 736.0 129.0 192.0 285.0 236.0 185.0 182.0 302.0 147.0 201.0 138.0 313.0 195.0 183.0 161.0 208.0 257.0 191.0 170.0 253.0 159.0 182.0 276.0 169.0 170.0 230.0 129.0 139.0 170.0 175.0 115.0 185.0 148.0 159.0 182.0 147.0 144.0 156.0 133.0 182.0 354.0 215.0 185.0 163.0 169.0 168.0 162.0 254.0 170.0 139.0 165.0 168.0 206.0 140.0 121.0 185.0 191.0 141.0 141.0 134.0 211.0 175.0 150.0 176.0 209.0 243.0 158.0 171.0 120.0 124.0 133.0 181.0 164.0 141.0 147.0 173.0 210.0 144.0 126.0 171.8919860627178 65.87017459053239
END
#################################################################
SECTION3 (Edges Information)
EndPoint0 EndPoint1 Weight
0 1 1.000000
1 2 1.000000
2 3 1.000000
3 4 1.000000
4 5 1.000000
5 6 1.000000
6 7 1.000000
7 8 1.000000
8 9 1.000000
9 10 1.000000
10 11 1.000000
11 12 1.000000
12 13 1.000000
13 14 1.000000
14 15 1.000000
15 16 1.000000
16 17 1.000000
17 18 1.000000
18 19 1.000000
19 20 1.000000
20 21 1.000000
21 22 1.000000
22 23 1.000000
23 24 1.000000
24 25 1.000000
25 26 1.000000
26 27 1.000000
27 28 1.000000
28 29 1.000000
29 30 1.000000
30 31 1.000000
31 32 1.000000
32 33 1.000000
33 34 1.000000
34 35 1.000000
35 36 1.000000
36 37 1.000000
37 38 1.000000
38 39 1.000000
39 40 1.000000
40 41 1.000000
41 42 1.000000
42 43 1.000000
43 44 1.000000
44 45 1.000000
45 46 1.000000
46 47 1.000000
47 48 1.000000
48 49 1.000000
49 50 1.000000
50 51 1.000000
END
#################################################################
SECTION4 (TrueSubGraph Information)
EndPoint0 EndPoint1 Weight
END
#################################################################
