#################################################################
#APDM Input Graph, this input graph includes 3 sections:
#section1 : general information
#section2 : nodes
#section3 : edges
#section4 : trueSubGraph (Optional)
#
#if nodes haven't information set weight to null
#################################################################
SECTION1 (General Information)
numNodes = 52
numEdges = 51
usedAlgorithm = NULL
dataSource = TransWeatherRealData
END
#################################################################
SECTION2 (Nodes Information)
NodeID travelTime  mean  std 
0 253.0 231.0 235.0 222.0 236.0 226.0 243.0 244.0 216.0 242.0 242.0 225.0 223.0 218.0 232.0 220.0 225.0 231.0 236.0 230.0 227.0 227.0 239.0 240.0 243.0 237.0 225.0 221.0 221.0 221.0 235.0 214.0 216.0 233.0 235.0 226.0 221.0 227.0 226.0 229.0 217.0 227.0 213.0 217.0 233.0 218.0 228.0 229.0 229.0 217.0 217.0 227.0 213.0 232.0 236.0 238.0 227.0 238.0 225.0 221.0 227.0 230.0 219.0 247.0 268.0 186.0 221.0 218.0 226.0 215.0 217.0 231.0 230.0 225.0 226.0 227.0 221.0 221.0 227.0 209.0 204.0 222.0 225.0 219.0 220.0 232.0 219.0 207.0 213.0 209.0 224.0 225.0 228.0 234.0 232.0 221.0 225.0 214.0 202.0 229.0 217.0 218.0 228.0 207.0 207.0 230.0 224.0 219.0 219.0 216.0 216.0 216.0 205.0 227.0 224.0 218.0 218.0 234.0 239.0 236.0 234.0 218.0 214.0 224.0 226.0 230.0 225.0 214.0 227.0 214.0 214.0 230.0 199.0 195.0 226.0 230.0 230.0 214.0 208.0 233.0 230.0 225.0 225.0 211.0 219.0 222.0 219.0 219.0 204.0 237.0 232.0 201.0 208.0 197.0 217.0 208.0 225.0 231.0 218.0 227.0 220.0 220.0 217.0 226.0 218.0 216.0 214.0 212.0 201.0 202.0 226.0 228.0 236.0 210.0 217.0 225.0 211.0 217.0 225.0 216.0 219.0 226.0 212.0 219.0 249.0 234.0 227.0 227.0 229.0 228.0 229.0 220.0 220.0 231.0 215.0 234.0 249.0 260.0 259.0 240.0 220.0 246.0 257.0 309.0 382.0 337.0 437.0 495.0 434.0 422.0 399.0 410.0 365.0 371.0 339.0 348.0 244.0 229.0 219.0 210.0 237.0 216.0 227.0 239.0 219.0 221.0 225.0 238.0 188.0 228.0 214.0 227.0 233.0 218.0 225.0 215.0 222.0 225.0 212.0 207.0 235.0 218.0 215.0 230.0 227.0 239.0 235.0 200.0 212.0 230.0 239.0 231.0 223.0 251.0 228.0 234.0 240.0 220.0 227.0 199.0 205.0 218.0 218.0 218.0 228.0 222.0 224.0 208.0 227.0 226.0 240.0 234.0 237.0 230.0 228.0 227.0 211.0 233.0 205.0 222.0 231.0 233.0 229.0 227.0 235.0 243.0 246.0 231.7735191637631 37.53582339009208
1 76.0 76.0 71.0 74.0 74.0 69.0 63.0 74.0 65.0 65.0 73.0 67.0 66.0 63.0 69.0 69.0 67.0 67.0 68.0 71.0 71.0 67.0 67.0 68.0 68.0 75.0 66.0 66.0 66.0 66.0 72.0 66.0 67.0 65.0 72.0 65.0 65.0 68.0 68.0 68.0 68.0 66.0 64.0 64.0 70.0 70.0 66.0 71.0 72.0 71.0 63.0 69.0 65.0 66.0 71.0 71.0 67.0 69.0 66.0 66.0 70.0 68.0 64.0 71.0 72.0 74.0 60.0 70.0 69.0 66.0 74.0 68.0 69.0 67.0 71.0 66.0 67.0 62.0 65.0 63.0 61.0 66.0 67.0 67.0 66.0 70.0 73.0 67.0 70.0 62.0 62.0 69.0 69.0 83.0 68.0 69.0 68.0 66.0 61.0 65.0 66.0 67.0 67.0 62.0 71.0 67.0 73.0 68.0 68.0 66.0 68.0 68.0 62.0 70.0 67.0 68.0 68.0 69.0 72.0 66.0 69.0 71.0 65.0 63.0 66.0 71.0 78.0 64.0 65.0 64.0 63.0 71.0 68.0 61.0 72.0 68.0 71.0 69.0 62.0 65.0 71.0 71.0 71.0 67.0 62.0 66.0 65.0 67.0 58.0 70.0 66.0 62.0 65.0 64.0 65.0 61.0 66.0 69.0 64.0 70.0 68.0 69.0 69.0 68.0 68.0 65.0 64.0 71.0 60.0 64.0 61.0 63.0 74.0 67.0 62.0 67.0 61.0 66.0 89.0 73.0 65.0 68.0 65.0 69.0 63.0 77.0 69.0 71.0 70.0 68.0 71.0 68.0 69.0 65.0 65.0 63.0 70.0 67.0 73.0 72.0 81.0 71.0 80.0 66.0 88.0 71.0 64.0 77.0 74.0 89.0 68.0 86.0 78.0 82.0 82.0 80.0 74.0 70.0 68.0 67.0 67.0 74.0 70.0 66.0 67.0 65.0 68.0 67.0 57.0 55.0 63.0 63.0 70.0 66.0 61.0 61.0 64.0 67.0 67.0 61.0 72.0 71.0 64.0 74.0 74.0 69.0 70.0 70.0 62.0 68.0 74.0 75.0 75.0 75.0 65.0 69.0 72.0 71.0 68.0 70.0 60.0 62.0 60.0 60.0 60.0 67.0 66.0 75.0 65.0 67.0 69.0 74.0 71.0 71.0 62.0 70.0 68.0 64.0 76.0 67.0 68.0 70.0 70.0 68.0 64.0 75.0 71.0 68.22996515679442 4.975753202164638
2 299.0 282.0 275.0 282.0 302.0 293.0 271.0 305.0 289.0 263.0 302.0 291.0 274.0 259.0 253.0 283.0 272.0 271.0 285.0 279.0 513.0 346.0 346.0 346.0 288.0 276.0 290.0 265.0 270.0 270.0 270.0 287.0 285.0 321.0 286.0 286.0 267.0 257.0 269.0 271.0 288.0 256.0 323.0 288.0 274.0 276.0 255.0 276.0 276.0 275.0 262.0 266.0 268.0 264.0 276.0 278.0 278.0 278.0 352.0 273.0 278.0 281.0 282.0 268.0 298.0 467.0 225.0 291.0 274.0 275.0 250.0 268.0 269.0 280.0 272.0 283.0 276.0 275.0 252.0 267.0 259.0 247.0 276.0 268.0 267.0 263.0 270.0 272.0 277.0 283.0 245.0 274.0 272.0 315.0 280.0 274.0 260.0 270.0 251.0 240.0 260.0 260.0 265.0 260.0 241.0 298.0 336.0 300.0 277.0 274.0 259.0 316.0 238.0 259.0 272.0 266.0 273.0 273.0 296.0 292.0 283.0 281.0 267.0 271.0 266.0 281.0 278.0 271.0 255.0 288.0 263.0 265.0 276.0 227.0 237.0 261.0 284.0 286.0 239.0 251.0 262.0 284.0 277.0 273.0 255.0 266.0 270.0 264.0 273.0 243.0 271.0 270.0 245.0 300.0 274.0 238.0 273.0 279.0 273.0 261.0 284.0 277.0 268.0 273.0 263.0 254.0 256.0 280.0 243.0 237.0 246.0 244.0 277.0 279.0 275.0 272.0 248.0 248.0 255.0 403.0 270.0 268.0 266.0 260.0 262.0 273.0 240.0 267.0 260.0 304.0 285.0 273.0 268.0 273.0 273.0 256.0 261.0 252.0 266.0 268.0 279.0 258.0 281.0 245.0 261.0 287.0 244.0 261.0 267.0 272.0 241.0 253.0 253.0 246.0 258.0 263.0 255.0 277.0 271.0 263.0 265.0 269.0 288.0 275.0 295.0 267.0 272.0 277.0 295.0 224.0 277.0 265.0 286.0 263.0 274.0 265.0 268.0 294.0 276.0 246.0 255.0 287.0 275.0 299.0 283.0 292.0 285.0 293.0 283.0 280.0 268.0 293.0 276.0 266.0 273.0 277.0 269.0 301.0 265.0 257.0 253.0 240.0 249.0 249.0 280.0 274.0 266.0 279.0 285.0 279.0 267.0 285.0 290.0 288.0 278.0 278.0 276.0 323.0 263.0 259.0 273.0 273.0 287.0 283.0 281.0 284.0 292.0 274.65156794425087 27.23590010493433
3 177.0 198.0 202.0 202.0 193.0 183.0 194.0 195.0 193.0 194.0 175.0 203.0 191.0 198.0 180.0 180.0 193.0 198.0 183.0 193.0 206.0 199.0 199.0 178.0 210.0 216.0 200.0 203.0 189.0 183.0 206.0 183.0 195.0 216.0 205.0 188.0 197.0 195.0 195.0 185.0 198.0 188.0 193.0 201.0 182.0 185.0 183.0 178.0 192.0 200.0 204.0 172.0 184.0 179.0 196.0 197.0 193.0 191.0 230.0 194.0 193.0 197.0 206.0 185.0 183.0 197.0 197.0 160.0 179.0 192.0 187.0 187.0 184.0 203.0 195.0 203.0 183.0 188.0 185.0 178.0 185.0 168.0 187.0 191.0 172.0 186.0 180.0 187.0 185.0 210.0 191.0 191.0 187.0 191.0 159.0 188.0 188.0 186.0 189.0 168.0 169.0 191.0 194.0 191.0 175.0 170.0 191.0 194.0 204.0 190.0 187.0 183.0 294.0 228.0 205.0 183.0 183.0 189.0 200.0 202.0 219.0 200.0 186.0 177.0 184.0 179.0 181.0 188.0 192.0 175.0 185.0 175.0 186.0 195.0 161.0 188.0 191.0 196.0 184.0 165.0 172.0 188.0 186.0 180.0 187.0 161.0 192.0 187.0 186.0 197.0 198.0 186.0 185.0 195.0 196.0 184.0 189.0 184.0 189.0 189.0 196.0 186.0 180.0 185.0 187.0 190.0 191.0 173.0 198.0 164.0 177.0 176.0 170.0 191.0 191.0 185.0 184.0 160.0 171.0 175.0 204.0 194.0 183.0 181.0 182.0 178.0 190.0 173.0 185.0 191.0 187.0 189.0 186.0 200.0 197.0 193.0 176.0 193.0 185.0 185.0 193.0 189.0 177.0 204.0 179.0 188.0 167.0 184.0 191.0 183.0 197.0 169.0 180.0 172.0 192.0 176.0 179.0 178.0 183.0 182.0 179.0 179.0 177.0 200.0 198.0 193.0 179.0 186.0 176.0 155.0 161.0 187.0 204.0 201.0 200.0 184.0 201.0 197.0 188.0 201.0 175.0 193.0 191.0 192.0 192.0 197.0 204.0 191.0 190.0 230.0 194.0 192.0 206.0 181.0 184.0 200.0 188.0 204.0 205.0 190.0 186.0 169.0 169.0 172.0 172.0 187.0 185.0 185.0 215.0 332.0 192.0 182.0 193.0 196.0 211.0 195.0 184.0 163.0 213.0 190.0 171.0 181.0 188.0 190.0 196.0 184.0 199.0 189.3205574912892 15.744519382858524
4 304.0 303.0 305.0 320.0 308.0 316.0 316.0 306.0 315.0 310.0 308.0 291.0 322.0 312.0 302.0 275.0 312.0 305.0 290.0 294.0 315.0 316.0 323.0 323.0 300.0 306.0 311.0 312.0 306.0 297.0 301.0 307.0 307.0 311.0 315.0 312.0 303.0 305.0 307.0 276.0 296.0 300.0 281.0 331.0 304.0 355.0 297.0 294.0 285.0 309.0 317.0 304.0 280.0 286.0 295.0 296.0 305.0 310.0 288.0 312.0 312.0 307.0 299.0 294.0 293.0 316.0 316.0 236.0 257.0 297.0 297.0 295.0 294.0 298.0 311.0 297.0 297.0 276.0 292.0 288.0 284.0 284.0 268.0 305.0 298.0 298.0 294.0 286.0 293.0 310.0 317.0 323.0 307.0 309.0 301.0 286.0 298.0 288.0 264.0 292.0 261.0 277.0 300.0 292.0 290.0 259.0 274.0 276.0 310.0 301.0 297.0 276.0 282.0 271.0 283.0 300.0 291.0 291.0 297.0 288.0 289.0 297.0 304.0 295.0 270.0 293.0 285.0 286.0 298.0 291.0 284.0 276.0 279.0 295.0 252.0 245.0 286.0 302.0 311.0 259.0 265.0 287.0 306.0 306.0 287.0 282.0 266.0 298.0 293.0 287.0 297.0 294.0 279.0 293.0 307.0 295.0 296.0 299.0 290.0 290.0 302.0 305.0 308.0 301.0 296.0 264.0 293.0 281.0 287.0 313.0 261.0 279.0 267.0 273.0 300.0 281.0 289.0 273.0 251.0 269.0 272.0 446.0 305.0 294.0 306.0 291.0 294.0 294.0 293.0 301.0 288.0 303.0 296.0 298.0 300.0 282.0 290.0 286.0 298.0 296.0 287.0 300.0 310.0 287.0 295.0 280.0 301.0 304.0 302.0 321.0 322.0 277.0 262.0 273.0 275.0 291.0 280.0 285.0 288.0 298.0 285.0 286.0 306.0 299.0 301.0 307.0 294.0 290.0 263.0 296.0 251.0 308.0 297.0 294.0 304.0 309.0 298.0 294.0 286.0 293.0 293.0 278.0 312.0 308.0 304.0 313.0 316.0 306.0 307.0 304.0 308.0 306.0 312.0 322.0 303.0 291.0 299.0 302.0 314.0 332.0 297.0 308.0 275.0 257.0 286.0 286.0 301.0 300.0 303.0 299.0 301.0 298.0 299.0 318.0 315.0 307.0 295.0 293.0 293.0 298.0 279.0 284.0 290.0 294.0 312.0 310.0 301.0 295.7247386759582 18.14348930167134
5 4.0 4.0 4.0 4.0 4.0 4.0 4.0 4.0 4.0 4.0 4.0 4.0 4.0 5.0 5.0 5.0 5.0 5.0 5.0 5.0 5.0 5.0 4.0 4.0 4.0 4.0 4.0 4.0 4.0 4.0 4.0 4.0 4.0 4.0 4.0 4.0 4.0 4.0 4.0 4.0 4.0 4.0 4.0 4.0 4.0 4.0 4.0 4.0 4.0 4.0 4.0 4.0 4.0 4.0 4.0 4.0 4.0 4.0 4.0 4.0 4.0 4.0 4.0 5.0 5.0 5.0 5.0 5.0 3.0 3.0 3.0 4.0 4.0 4.0 4.0 4.0 4.0 4.0 4.0 5.0 5.0 4.0 3.0 3.0 3.0 3.0 4.0 4.0 4.0 5.0 4.0 4.0 4.0 4.0 4.0 4.0 4.0 4.0 4.0 4.0 3.0 4.0 4.0 4.0 4.0 4.0 3.0 3.0 3.0 3.0 3.0 3.0 4.0 4.0 4.0 4.0 4.0 4.0 4.0 4.0 4.0 4.0 4.0 4.0 4.0 4.0 4.0 4.0 4.0 4.0 3.0 4.0 4.0 4.0 4.0 3.0 4.0 4.0 4.0 4.0 4.0 4.0 4.0 4.0 4.0 4.0 3.0 3.0 4.0 4.0 4.0 4.0 4.0 5.0 4.0 4.0 4.0 4.0 4.0 4.0 4.0 5.0 5.0 5.0 5.0 5.0 3.0 3.0 4.0 4.0 4.0 5.0 5.0 4.0 4.0 3.0 3.0 3.0 3.0 3.0 3.0 4.0 4.0 4.0 4.0 4.0 4.0 4.0 4.0 4.0 4.0 4.0 4.0 4.0 4.0 4.0 4.0 3.0 3.0 3.0 3.0 3.0 3.0 3.0 3.0 3.0 4.0 4.0 4.0 4.0 4.0 4.0 3.0 4.0 4.0 4.0 4.0 4.0 4.0 4.0 4.0 4.0 4.0 4.0 4.0 4.0 4.0 4.0 4.0 4.0 4.0 4.0 4.0 4.0 4.0 4.0 4.0 4.0 4.0 4.0 4.0 4.0 4.0 4.0 4.0 4.0 4.0 4.0 4.0 4.0 4.0 4.0 4.0 4.0 5.0 5.0 5.0 5.0 5.0 5.0 5.0 4.0 4.0 4.0 4.0 4.0 4.0 4.0 4.0 4.0 4.0 4.0 4.0 4.0 4.0 4.0 4.0 5.0 4.0 4.0 4.0 4.0 4.0 4.0 4.0 4.0 5.0 3.993031358885017 0.49467819135190993
6 353.0 339.0 444.0 341.0 301.0 345.0 355.0 336.0 349.0 347.0 361.0 359.0 359.0 428.0 361.0 340.0 312.0 340.0 341.0 343.0 346.0 346.0 349.0 364.0 368.0 368.0 349.0 361.0 380.0 363.0 337.0 342.0 340.0 336.0 342.0 352.0 342.0 346.0 351.0 538.0 355.0 335.0 338.0 319.0 319.0 374.0 334.0 380.0 330.0 329.0 339.0 350.0 321.0 302.0 416.0 339.0 328.0 344.0 337.0 330.0 349.0 378.0 337.0 349.0 342.0 336.0 355.0 353.0 266.0 315.0 399.0 331.0 397.0 353.0 325.0 353.0 336.0 351.0 358.0 356.0 319.0 308.0 307.0 297.0 343.0 320.0 358.0 343.0 343.0 339.0 338.0 373.0 342.0 338.0 346.0 394.0 379.0 337.0 339.0 309.0 333.0 301.0 327.0 330.0 395.0 313.0 285.0 289.0 358.0 345.0 347.0 307.0 321.0 330.0 306.0 314.0 335.0 327.0 325.0 333.0 321.0 330.0 334.0 342.0 331.0 322.0 340.0 327.0 315.0 339.0 335.0 342.0 316.0 309.0 374.0 292.0 305.0 329.0 361.0 346.0 301.0 289.0 311.0 358.0 348.0 306.0 306.0 310.0 330.0 305.0 322.0 355.0 319.0 316.0 324.0 333.0 357.0 332.0 328.0 337.0 334.0 347.0 330.0 340.0 327.0 339.0 332.0 333.0 326.0 327.0 317.0 297.0 359.0 346.0 371.0 293.0 302.0 325.0 319.0 294.0 331.0 330.0 325.0 344.0 321.0 373.0 329.0 348.0 331.0 332.0 325.0 320.0 333.0 338.0 343.0 349.0 370.0 323.0 327.0 337.0 343.0 348.0 336.0 335.0 335.0 309.0 343.0 341.0 322.0 330.0 355.0 359.0 303.0 308.0 311.0 319.0 322.0 315.0 325.0 335.0 341.0 326.0 316.0 336.0 309.0 310.0 357.0 357.0 349.0 372.0 323.0 316.0 332.0 331.0 346.0 342.0 349.0 366.0 325.0 325.0 329.0 330.0 310.0 345.0 348.0 342.0 338.0 339.0 333.0 329.0 350.0 354.0 355.0 357.0 360.0 361.0 325.0 317.0 317.0 385.0 359.0 330.0 312.0 313.0 332.0 350.0 312.0 352.0 347.0 363.0 341.0 333.0 328.0 322.0 322.0 350.0 359.0 331.0 331.0 353.0 333.0 326.0 330.0 319.0 331.0 363.0 345.0 337.7770034843205 25.39159930892544
7 465.0 459.0 479.0 482.0 488.0 473.0 497.0 482.0 505.0 488.0 510.0 490.0 494.0 481.0 481.0 490.0 480.0 452.0 495.0 490.0 483.0 485.0 479.0 499.0 483.0 482.0 482.0 459.0 520.0 509.0 495.0 471.0 490.0 484.0 483.0 482.0 502.0 470.0 485.0 515.0 496.0 523.0 501.0 467.0 459.0 473.0 490.0 456.0 488.0 477.0 472.0 469.0 477.0 484.0 446.0 456.0 479.0 468.0 470.0 471.0 471.0 456.0 469.0 465.0 472.0 485.0 480.0 497.0 502.0 512.0 470.0 471.0 472.0 483.0 491.0 467.0 493.0 486.0 505.0 477.0 452.0 439.0 453.0 434.0 426.0 432.0 490.0 496.0 475.0 457.0 463.0 484.0 507.0 502.0 487.0 485.0 490.0 482.0 476.0 466.0 471.0 468.0 425.0 439.0 460.0 436.0 413.0 402.0 400.0 469.0 452.0 476.0 475.0 469.0 468.0 465.0 473.0 467.0 464.0 463.0 483.0 483.0 466.0 500.0 502.0 475.0 459.0 462.0 474.0 447.0 467.0 480.0 478.0 450.0 444.0 453.0 484.0 492.0 482.0 467.0 488.0 401.0 418.0 460.0 489.0 462.0 434.0 422.0 418.0 465.0 430.0 413.0 488.0 497.0 477.0 462.0 481.0 491.0 480.0 500.0 479.0 460.0 471.0 485.0 477.0 457.0 459.0 470.0 483.0 450.0 449.0 444.0 415.0 431.0 441.0 464.0 430.0 423.0 474.0 421.0 405.0 430.0 457.0 456.0 448.0 458.0 504.0 467.0 475.0 476.0 476.0 475.0 466.0 463.0 475.0 472.0 481.0 488.0 454.0 441.0 463.0 477.0 475.0 485.0 481.0 476.0 449.0 445.0 476.0 455.0 447.0 484.0 490.0 454.0 423.0 431.0 448.0 431.0 427.0 427.0 481.0 490.0 459.0 448.0 458.0 437.0 427.0 469.0 504.0 485.0 490.0 472.0 464.0 479.0 467.0 462.0 465.0 488.0 472.0 467.0 497.0 469.0 456.0 442.0 465.0 476.0 479.0 481.0 487.0 499.0 477.0 486.0 486.0 476.0 486.0 488.0 488.0 512.0 451.0 454.0 556.0 534.0 504.0 489.0 486.0 466.0 457.0 409.0 483.0 464.0 497.0 489.0 474.0 470.0 466.0 500.0 503.0 510.0 474.0 468.0 472.0 462.0 461.0 493.0 493.0 493.0 476.0 470.8780487804878 23.801240764163875
8 683.0 636.0 642.0 686.0 666.0 667.0 668.0 644.0 666.0 665.0 668.0 682.0 706.0 659.0 645.0 640.0 707.0 636.0 639.0 648.0 659.0 666.0 674.0 676.0 689.0 720.0 674.0 670.0 877.0 651.0 636.0 648.0 667.0 627.0 741.0 674.0 654.0 606.0 620.0 640.0 670.0 646.0 682.0 674.0 655.0 642.0 660.0 669.0 695.0 634.0 667.0 684.0 677.0 765.0 652.0 626.0 627.0 697.0 627.0 629.0 647.0 649.0 680.0 621.0 693.0 687.0 656.0 653.0 667.0 670.0 662.0 759.0 677.0 621.0 642.0 678.0 690.0 710.0 650.0 703.0 637.0 664.0 631.0 631.0 630.0 583.0 583.0 609.0 645.0 649.0 647.0 636.0 628.0 647.0 661.0 683.0 664.0 662.0 637.0 618.0 627.0 652.0 644.0 585.0 578.0 603.0 621.0 547.0 542.0 541.0 599.0 627.0 629.0 641.0 680.0 681.0 668.0 660.0 688.0 634.0 622.0 661.0 642.0 632.0 721.0 648.0 659.0 638.0 609.0 642.0 656.0 634.0 632.0 638.0 682.0 613.0 608.0 635.0 650.0 674.0 650.0 654.0 616.0 588.0 569.0 637.0 667.0 606.0 580.0 561.0 577.0 597.0 581.0 596.0 661.0 672.0 653.0 655.0 656.0 655.0 651.0 651.0 633.0 625.0 650.0 661.0 648.0 637.0 671.0 649.0 634.0 683.0 644.0 576.0 580.0 584.0 651.0 628.0 613.0 596.0 653.0 572.0 556.0 620.0 633.0 627.0 609.0 783.0 688.0 657.0 665.0 663.0 660.0 655.0 665.0 634.0 639.0 655.0 661.0 643.0 602.0 600.0 671.0 604.0 589.0 659.0 672.0 664.0 579.0 626.0 662.0 642.0 651.0 651.0 589.0 573.0 563.0 608.0 617.0 579.0 575.0 594.0 649.0 639.0 606.0 598.0 594.0 573.0 587.0 672.0 680.0 679.0 596.0 573.0 625.0 653.0 653.0 649.0 651.0 661.0 638.0 683.0 743.0 696.0 602.0 606.0 636.0 656.0 655.0 660.0 649.0 653.0 772.0 664.0 796.0 655.0 669.0 658.0 673.0 670.0 664.0 652.0 684.0 667.0 681.0 664.0 679.0 668.0 678.0 694.0 658.0 659.0 704.0 694.0 653.0 638.0 628.0 659.0 721.0 670.0 646.0 659.0 665.0 692.0 663.0 713.0 668.0 648.0836236933798 41.23707651047325
9 956.0 946.0 967.0 929.0 914.0 946.0 988.0 961.0 948.0 933.0 940.0 994.0 993.0 1020.0 1001.0 983.0 951.0 1009.0 1009.0 922.0 905.0 916.0 953.0 961.0 983.0 968.0 981.0 984.0 989.0 982.0 962.0 963.0 1012.0 970.0 966.0 927.0 984.0 998.0 972.0 981.0 895.0 886.0 968.0 946.0 964.0 970.0 974.0 957.0 958.0 988.0 1003.0 918.0 876.0 995.0 977.0 1062.0 949.0 924.0 921.0 909.0 916.0 929.0 937.0 943.0 968.0 929.0 919.0 915.0 923.0 954.0 967.0 992.0 981.0 1004.0 939.0 921.0 932.0 962.0 976.0 971.0 973.0 952.0 943.0 966.0 938.0 947.0 913.0 850.0 854.0 855.0 923.0 970.0 944.0 932.0 946.0 959.0 954.0 988.0 954.0 1050.0 926.0 904.0 923.0 946.0 968.0 842.0 853.0 863.0 900.0 795.0 787.0 797.0 816.0 899.0 910.0 902.0 958.0 934.0 940.0 953.0 971.0 944.0 943.0 920.0 929.0 923.0 921.0 928.0 927.0 925.0 920.0 932.0 921.0 917.0 879.0 910.0 973.0 894.0 891.0 887.0 939.0 952.0 938.0 943.0 826.0 876.0 867.0 958.0 921.0 829.0 846.0 844.0 877.0 867.0 871.0 882.0 970.0 896.0 971.0 955.0 955.0 951.0 950.0 963.0 929.0 953.0 934.0 937.0 933.0 945.0 934.0 963.0 927.0 932.0 925.0 841.0 846.0 844.0 958.0 907.0 853.0 857.0 869.0 823.0 809.0 848.0 886.0 832.0 841.0 910.0 998.0 947.0 959.0 879.0 953.0 950.0 931.0 953.0 944.0 947.0 943.0 927.0 872.0 938.0 889.0 889.0 853.0 911.0 991.0 948.0 891.0 881.0 942.0 933.0 942.0 923.0 835.0 817.0 818.0 860.0 886.0 848.0 824.0 824.0 910.0 928.0 921.0 913.0 873.0 848.0 846.0 906.0 975.0 993.0 866.0 866.0 845.0 956.0 959.0 950.0 997.0 1026.0 966.0 1097.0 971.0 970.0 886.0 890.0 874.0 912.0 950.0 960.0 980.0 950.0 997.0 963.0 952.0 918.0 944.0 952.0 956.0 974.0 967.0 983.0 976.0 999.0 941.0 963.0 925.0 925.0 951.0 1008.0 987.0 1024.0 979.0 982.0 970.0 952.0 937.0 914.0 975.0 961.0 972.0 1160.0 973.0 993.0 982.0 932.8745644599303 52.10450379579625
10 539.0 471.0 598.0 513.0 506.0 485.0 513.0 492.0 506.0 494.0 498.0 487.0 489.0 495.0 532.0 514.0 467.0 514.0 503.0 497.0 437.0 526.0 486.0 488.0 483.0 515.0 488.0 492.0 537.0 503.0 508.0 488.0 507.0 482.0 511.0 549.0 510.0 472.0 494.0 490.0 518.0 510.0 545.0 498.0 511.0 487.0 498.0 518.0 505.0 540.0 505.0 488.0 492.0 547.0 484.0 557.0 507.0 514.0 524.0 469.0 498.0 463.0 443.0 525.0 491.0 503.0 473.0 496.0 458.0 486.0 560.0 509.0 545.0 504.0 517.0 482.0 501.0 485.0 475.0 469.0 516.0 497.0 495.0 526.0 502.0 496.0 480.0 500.0 484.0 461.0 431.0 437.0 519.0 488.0 504.0 482.0 495.0 487.0 492.0 480.0 581.0 501.0 484.0 451.0 486.0 470.0 496.0 519.0 512.0 507.0 496.0 425.0 405.0 404.0 489.0 489.0 581.0 451.0 476.0 495.0 472.0 479.0 516.0 484.0 498.0 548.0 470.0 475.0 483.0 489.0 465.0 476.0 483.0 478.0 481.0 467.0 507.0 470.0 498.0 477.0 457.0 459.0 488.0 540.0 502.0 495.0 489.0 488.0 483.0 455.0 498.0 453.0 440.0 434.0 449.0 504.0 454.0 444.0 460.0 439.0 498.0 488.0 488.0 487.0 490.0 484.0 487.0 496.0 488.0 488.0 490.0 486.0 486.0 504.0 476.0 495.0 499.0 460.0 422.0 437.0 501.0 509.0 426.0 433.0 510.0 469.0 437.0 458.0 420.0 416.0 408.0 456.0 464.0 549.0 498.0 515.0 493.0 496.0 491.0 488.0 484.0 494.0 487.0 519.0 551.0 492.0 500.0 438.0 440.0 500.0 526.0 502.0 481.0 444.0 469.0 546.0 474.0 492.0 501.0 462.0 436.0 460.0 445.0 478.0 420.0 422.0 494.0 507.0 476.0 470.0 504.0 430.0 439.0 485.0 516.0 490.0 484.0 437.0 433.0 499.0 539.0 484.0 510.0 500.0 537.0 497.0 448.0 546.0 496.0 454.0 458.0 514.0 477.0 519.0 498.0 523.0 518.0 482.0 469.0 495.0 480.0 516.0 500.0 465.0 564.0 495.0 516.0 538.0 484.0 535.0 493.0 487.0 455.0 529.0 527.0 521.0 484.0 521.0 511.0 492.0 472.0 451.0 451.0 605.0 492.0 485.0 487.0 489.7177700348432 31.999133476730524
11 845.0 650.0 665.0 613.0 666.0 662.0 682.0 610.0 643.0 625.0 615.0 645.0 636.0 622.0 626.0 651.0 671.0 652.0 624.0 646.0 661.0 648.0 10929.0 696.0 624.0 578.0 620.0 650.0 739.0 656.0 684.0 655.0 655.0 652.0 683.0 650.0 687.0 665.0 627.0 618.0 633.0 714.0 641.0 641.0 723.0 643.0 660.0 644.0 639.0 652.0 630.0 670.0 640.0 645.0 590.0 590.0 638.0 677.0 649.0 658.0 633.0 619.0 652.0 603.0 575.0 740.0 664.0 617.0 617.0 608.0 622.0 597.0 597.0 630.0 658.0 669.0 650.0 672.0 636.0 607.0 624.0 667.0 671.0 655.0 638.0 636.0 631.0 635.0 624.0 627.0 610.0 567.0 581.0 627.0 640.0 595.0 575.0 635.0 635.0 629.0 644.0 642.0 694.0 637.0 652.0 627.0 679.0 634.0 648.0 672.0 643.0 640.0 572.0 529.0 521.0 521.0 631.0 614.0 627.0 602.0 629.0 633.0 627.0 639.0 659.0 632.0 630.0 665.0 613.0 621.0 625.0 610.0 616.0 624.0 609.0 653.0 617.0 636.0 645.0 614.0 646.0 591.0 599.0 599.0 634.0 660.0 647.0 628.0 618.0 636.0 587.0 558.0 579.0 574.0 553.0 562.0 600.0 592.0 570.0 590.0 582.0 581.0 646.0 652.0 648.0 637.0 652.0 635.0 637.0 626.0 616.0 644.0 626.0 634.0 637.0 636.0 623.0 635.0 636.0 564.0 574.0 652.0 607.0 604.0 625.0 656.0 628.0 541.0 535.0 549.0 520.0 552.0 585.0 712.0 582.0 605.0 627.0 654.0 636.0 651.0 650.0 637.0 630.0 637.0 633.0 647.0 661.0 629.0 575.0 569.0 590.0 642.0 672.0 639.0 586.0 593.0 583.0 619.0 635.0 639.0 633.0 602.0 607.0 590.0 602.0 549.0 537.0 585.0 623.0 625.0 611.0 612.0 616.0 572.0 602.0 637.0 643.0 668.0 580.0 579.0 587.0 634.0 671.0 640.0 653.0 691.0 649.0 647.0 658.0 671.0 595.0 586.0 598.0 650.0 626.0 635.0 652.0 637.0 644.0 628.0 595.0 640.0 631.0 641.0 643.0 605.0 619.0 620.0 667.0 679.0 641.0 737.0 619.0 615.0 609.0 705.0 671.0 656.0 688.0 698.0 663.0 657.0 614.0 661.0 683.0 679.0 630.0 665.9198606271776 609.1592313013905
12 8.0 8.0 8.0 8.0 8.0 8.0 8.0 8.0 8.0 8.0 8.0 8.0 8.0 8.0 8.0 8.0 7.0 7.0 7.0 7.0 7.0 7.0 7.0 7.0 7.0 7.0 7.0 7.0 7.0 7.0 7.0 7.0 7.0 7.0 7.0 7.0 7.0 7.0 7.0 7.0 7.0 7.0 7.0 7.0 7.0 7.0 7.0 7.0 7.0 7.0 7.0 7.0 7.0 7.0 8.0 8.0 8.0 8.0 8.0 8.0 8.0 8.0 8.0 8.0 8.0 8.0 8.0 8.0 8.0 8.0 8.0 8.0 7.0 7.0 7.0 8.0 8.0 8.0 8.0 8.0 7.0 7.0 7.0 8.0 8.0 8.0 7.0 7.0 7.0 7.0 7.0 7.0 7.0 7.0 7.0 7.0 7.0 7.0 8.0 8.0 7.0 8.0 8.0 8.0 8.0 8.0 8.0 8.0 8.0 8.0 8.0 8.0 8.0 8.0 6.0 6.0 6.0 8.0 8.0 7.0 7.0 7.0 8.0 8.0 8.0 8.0 8.0 8.0 8.0 8.0 8.0 8.0 7.0 7.0 8.0 8.0 8.0 8.0 8.0 8.0 8.0 8.0 8.0 7.0 7.0 7.0 6.0 8.0 8.0 8.0 8.0 8.0 7.0 7.0 7.0 8.0 6.0 8.0 8.0 7.0 8.0 6.0 6.0 8.0 7.0 8.0 8.0 8.0 7.0 7.0 7.0 7.0 7.0 7.0 7.0 7.0 8.0 8.0 8.0 8.0 7.0 7.0 7.0 7.0 6.0 8.0 8.0 8.0 6.0 8.0 8.0 6.0 7.0 7.0 8.0 7.0 7.0 7.0 7.0 7.0 7.0 7.0 8.0 8.0 8.0 8.0 8.0 8.0 8.0 8.0 7.0 8.0 8.0 8.0 8.0 8.0 8.0 8.0 8.0 8.0 8.0 8.0 8.0 7.0 7.0 7.0 7.0 7.0 7.0 7.0 8.0 7.0 8.0 8.0 7.0 7.0 7.0 7.0 7.0 8.0 7.0 7.0 7.0 7.0 7.0 7.0 7.0 8.0 7.0 8.0 8.0 8.0 7.0 7.0 7.0 7.0 7.0 7.0 7.0 7.0 7.0 7.0 8.0 8.0 8.0 8.0 8.0 8.0 8.0 8.0 8.0 8.0 8.0 8.0 8.0 8.0 8.0 8.0 8.0 8.0 8.0 8.0 8.0 8.0 8.0 8.0 8.0 7.501742160278746 0.5663931055984379
13 122.0 122.0 99.0 99.0 91.0 91.0 98.0 91.0 94.0 94.0 96.0 97.0 98.0 98.0 92.0 88.0 95.0 94.0 99.0 88.0 88.0 95.0 95.0 95.0 95.0 91.0 84.0 98.0 96.0 94.0 94.0 97.0 99.0 96.0 97.0 99.0 96.0 94.0 92.0 92.0 94.0 96.0 95.0 102.0 98.0 86.0 96.0 96.0 90.0 94.0 92.0 93.0 102.0 101.0 93.0 85.0 85.0 85.0 90.0 93.0 95.0 93.0 97.0 97.0 97.0 83.0 83.0 92.0 92.0 106.0 96.0 93.0 89.0 97.0 86.0 93.0 95.0 88.0 97.0 99.0 89.0 125.0 96.0 100.0 97.0 98.0 112.0 104.0 103.0 115.0 87.0 125.0 90.0 98.0 97.0 87.0 87.0 118.0 90.0 91.0 97.0 99.0 94.0 96.0 98.0 86.0 100.0 96.0 97.0 94.0 97.0 95.0 95.0 94.0 83.0 79.0 95.0 91.0 102.0 89.0 90.0 92.0 92.0 90.0 92.0 100.0 94.0 95.0 95.0 91.0 88.0 92.0 91.0 90.0 98.0 98.0 93.0 85.0 97.0 96.0 89.0 91.0 98.0 88.0 98.0 89.0 83.0 97.0 93.0 93.0 93.0 91.0 85.0 95.0 91.0 99.0 83.0 93.0 99.0 81.0 86.0 85.0 105.0 78.0 95.0 98.0 94.0 93.0 96.0 86.0 85.0 92.0 95.0 90.0 92.0 93.0 95.0 92.0 101.0 93.0 89.0 95.0 96.0 83.0 94.0 96.0 90.0 91.0 77.0 96.0 87.0 75.0 84.0 90.0 94.0 80.0 94.0 90.0 98.0 109.0 91.0 95.0 93.0 95.0 94.0 94.0 96.0 96.0 101.0 91.0 82.0 91.0 93.0 96.0 96.0 84.0 92.0 89.0 79.0 98.0 91.0 90.0 88.0 85.0 85.0 93.0 88.0 83.0 87.0 93.0 95.0 96.0 96.0 94.0 87.0 94.0 94.0 94.0 106.0 99.0 90.0 95.0 96.0 99.0 94.0 97.0 97.0 87.0 100.0 100.0 98.0 95.0 84.0 96.0 96.0 95.0 95.0 95.0 95.0 99.0 94.0 80.0 98.0 92.0 92.0 91.0 89.0 89.0 93.0 93.0 98.0 110.0 110.0 98.0 91.0 94.0 92.0 96.0 99.0 98.0 98.0 107.0 94.0 91.0 91.0 96.0 96.0 93.90243902439025 6.866679527737813
14 540.0 540.0 540.0 645.0 568.0 525.0 560.0 601.0 602.0 600.0 595.0 587.0 565.0 601.0 612.0 576.0 581.0 595.0 611.0 620.0 621.0 569.0 597.0 618.0 608.0 589.0 574.0 552.0 582.0 615.0 625.0 594.0 604.0 608.0 603.0 613.0 617.0 604.0 571.0 571.0 581.0 580.0 601.0 593.0 597.0 585.0 585.0 599.0 610.0 580.0 581.0 567.0 573.0 594.0 583.0 595.0 585.0 613.0 665.0 579.0 587.0 619.0 593.0 573.0 576.0 575.0 560.0 571.0 576.0 583.0 573.0 568.0 541.0 515.0 537.0 562.0 617.0 598.0 584.0 589.0 575.0 575.0 571.0 552.0 605.0 626.0 599.0 582.0 606.0 585.0 591.0 601.0 589.0 573.0 575.0 593.0 557.0 530.0 536.0 598.0 582.0 593.0 609.0 633.0 593.0 622.0 662.0 603.0 617.0 608.0 557.0 623.0 618.0 598.0 571.0 513.0 506.0 503.0 533.0 534.0 543.0 555.0 585.0 559.0 554.0 577.0 588.0 600.0 600.0 593.0 572.0 583.0 588.0 566.0 566.0 591.0 604.0 570.0 519.0 563.0 570.0 568.0 580.0 560.0 556.0 556.0 595.0 487.0 553.0 600.0 583.0 582.0 573.0 546.0 575.0 614.0 565.0 525.0 545.0 549.0 513.0 592.0 503.0 579.0 609.0 612.0 605.0 595.0 592.0 591.0 597.0 566.0 563.0 595.0 592.0 605.0 589.0 584.0 590.0 596.0 592.0 588.0 594.0 540.0 538.0 542.0 568.0 576.0 565.0 515.0 517.0 524.0 512.0 522.0 549.0 560.0 537.0 554.0 568.0 604.0 596.0 586.0 591.0 585.0 580.0 593.0 590.0 608.0 538.0 504.0 507.0 517.0 546.0 608.0 608.0 600.0 558.0 578.0 580.0 561.0 605.0 593.0 582.0 511.0 499.0 550.0 548.0 517.0 512.0 542.0 602.0 609.0 619.0 609.0 586.0 541.0 521.0 589.0 562.0 553.0 623.0 625.0 611.0 548.0 610.0 606.0 617.0 606.0 627.0 618.0 613.0 606.0 538.0 531.0 547.0 626.0 578.0 595.0 599.0 604.0 604.0 594.0 573.0 588.0 598.0 589.0 585.0 585.0 561.0 573.0 594.0 628.0 619.0 619.0 591.0 603.0 570.0 587.0 627.0 622.0 629.0 607.0 623.0 631.0 604.0 565.0 565.0 580.0557491289198 31.354119302757155
15 377.0 377.0 395.0 395.0 366.0 435.0 411.0 361.0 361.0 397.0 392.0 378.0 383.0 370.0 366.0 393.0 386.0 375.0 380.0 390.0 393.0 403.0 404.0 365.0 397.0 402.0 372.0 368.0 356.0 363.0 407.0 389.0 384.0 394.0 392.0 387.0 394.0 403.0 405.0 386.0 361.0 384.0 377.0 389.0 387.0 389.0 400.0 379.0 375.0 393.0 377.0 372.0 376.0 359.0 390.0 391.0 386.0 389.0 393.0 405.0 387.0 379.0 390.0 405.0 377.0 377.0 371.0 346.0 346.0 369.0 379.0 368.0 360.0 366.0 349.0 350.0 361.0 354.0 379.0 384.0 368.0 396.0 374.0 364.0 375.0 341.0 381.0 395.0 374.0 388.0 380.0 378.0 370.0 371.0 363.0 359.0 380.0 384.0 345.0 348.0 401.0 377.0 371.0 381.0 402.0 383.0 388.0 396.0 387.0 387.0 379.0 365.0 348.0 392.0 384.0 377.0 326.0 320.0 319.0 350.0 345.0 360.0 357.0 372.0 349.0 358.0 371.0 400.0 365.0 384.0 386.0 376.0 371.0 383.0 382.0 368.0 371.0 383.0 354.0 348.0 356.0 368.0 368.0 374.0 387.0 365.0 363.0 389.0 322.0 326.0 392.0 388.0 387.0 413.0 369.0 375.0 381.0 372.0 348.0 360.0 377.0 352.0 372.0 405.0 377.0 381.0 355.0 388.0 389.0 385.0 381.0 404.0 406.0 382.0 393.0 377.0 389.0 379.0 381.0 378.0 369.0 397.0 378.0 394.0 392.0 346.0 347.0 351.0 365.0 382.0 342.0 335.0 378.0 349.0 337.0 352.0 368.0 352.0 358.0 375.0 370.0 411.0 389.0 378.0 386.0 383.0 391.0 383.0 377.0 384.0 329.0 328.0 342.0 360.0 392.0 394.0 395.0 365.0 368.0 391.0 346.0 365.0 393.0 363.0 372.0 348.0 348.0 359.0 359.0 324.0 340.0 392.0 389.0 401.0 404.0 393.0 377.0 346.0 383.0 366.0 359.0 366.0 406.0 406.0 338.0 370.0 400.0 391.0 400.0 400.0 390.0 405.0 411.0 399.0 347.0 345.0 391.0 386.0 380.0 382.0 391.0 405.0 389.0 387.0 375.0 390.0 390.0 382.0 372.0 371.0 363.0 373.0 399.0 404.0 372.0 395.0 370.0 377.0 379.0 398.0 407.0 410.0 439.0 350.0 420.0 426.0 381.0 376.8745644599303 20.25790740204036
16 124.0 137.0 130.0 130.0 130.0 130.0 135.0 144.0 124.0 124.0 137.0 137.0 137.0 133.0 129.0 131.0 138.0 138.0 131.0 133.0 138.0 137.0 140.0 140.0 123.0 138.0 138.0 126.0 126.0 120.0 133.0 142.0 133.0 135.0 137.0 137.0 137.0 137.0 140.0 140.0 133.0 129.0 136.0 129.0 133.0 134.0 134.0 140.0 129.0 129.0 138.0 130.0 130.0 131.0 127.0 135.0 139.0 133.0 133.0 138.0 138.0 133.0 137.0 136.0 146.0 126.0 124.0 131.0 119.0 136.0 133.0 131.0 126.0 121.0 129.0 121.0 125.0 130.0 133.0 134.0 132.0 127.0 138.0 119.0 124.0 132.0 122.0 132.0 138.0 127.0 136.0 132.0 129.0 127.0 122.0 132.0 128.0 129.0 134.0 120.0 134.0 140.0 131.0 129.0 128.0 140.0 140.0 134.0 137.0 133.0 136.0 134.0 124.0 137.0 136.0 130.0 135.0 115.0 111.0 134.0 127.0 122.0 124.0 126.0 131.0 123.0 129.0 149.0 156.0 129.0 132.0 140.0 125.0 125.0 140.0 131.0 127.0 134.0 130.0 133.0 122.0 130.0 135.0 128.0 136.0 132.0 126.0 127.0 129.0 111.0 133.0 136.0 136.0 130.0 131.0 126.0 143.0 129.0 127.0 117.0 129.0 129.0 122.0 135.0 128.0 125.0 131.0 131.0 135.0 136.0 132.0 139.0 135.0 139.0 120.0 132.0 131.0 136.0 125.0 134.0 130.0 133.0 135.0 137.0 130.0 137.0 122.0 133.0 122.0 127.0 129.0 117.0 129.0 132.0 111.0 118.0 125.0 128.0 129.0 130.0 134.0 134.0 142.0 127.0 134.0 134.0 135.0 136.0 134.0 131.0 129.0 117.0 153.0 115.0 143.0 134.0 132.0 137.0 123.0 135.0 132.0 119.0 140.0 134.0 127.0 128.0 124.0 124.0 123.0 123.0 114.0 123.0 138.0 136.0 144.0 141.0 138.0 112.0 118.0 136.0 134.0 125.0 140.0 142.0 137.0 119.0 119.0 139.0 137.0 132.0 140.0 133.0 142.0 140.0 140.0 121.0 121.0 134.0 127.0 127.0 135.0 136.0 139.0 135.0 130.0 130.0 137.0 131.0 131.0 130.0 140.0 140.0 140.0 140.0 143.0 128.0 128.0 128.0 129.0 127.0 137.0 139.0 142.0 142.0 142.0 138.0 167.0 131.69686411149826 7.386111323387282
17 454.0 476.0 486.0 483.0 500.0 500.0 478.0 517.0 510.0 474.0 470.0 517.0 507.0 517.0 483.0 477.0 483.0 506.0 485.0 483.0 488.0 497.0 505.0 518.0 516.0 471.0 521.0 506.0 481.0 469.0 507.0 476.0 510.0 503.0 490.0 502.0 506.0 508.0 509.0 512.0 512.0 500.0 497.0 483.0 489.0 499.0 500.0 505.0 502.0 492.0 503.0 505.0 480.0 477.0 482.0 483.0 484.0 490.0 487.0 521.0 509.0 500.0 488.0 480.0 501.0 518.0 501.0 476.0 473.0 485.0 497.0 476.0 488.0 482.0 451.0 461.0 453.0 440.0 470.0 474.0 488.0 485.0 487.0 500.0 478.0 469.0 480.0 574.0 505.0 507.0 482.0 532.0 445.0 440.0 488.0 495.0 487.0 485.0 554.0 468.0 440.0 447.0 506.0 512.0 488.0 489.0 501.0 501.0 502.0 471.0 493.0 520.0 480.0 453.0 455.0 495.0 502.0 443.0 420.0 437.0 485.0 443.0 444.0 459.0 463.0 507.0 464.0 457.0 469.0 485.0 450.0 498.0 516.0 476.0 477.0 500.0 475.0 473.0 475.0 480.0 461.0 457.0 529.0 492.0 486.0 458.0 447.0 469.0 466.0 431.0 408.0 453.0 476.0 499.0 475.0 461.0 459.0 476.0 472.0 469.0 438.0 469.0 468.0 465.0 498.0 474.0 510.0 465.0 466.0 508.0 504.0 492.0 512.0 503.0 486.0 450.0 501.0 491.0 502.0 482.0 489.0 488.0 495.0 482.0 485.0 489.0 450.0 470.0 471.0 453.0 473.0 471.0 446.0 434.0 446.0 412.0 456.0 466.0 463.0 463.0 475.0 500.0 512.0 517.0 481.0 493.0 488.0 503.0 535.0 495.0 491.0 433.0 448.0 444.0 446.0 476.0 487.0 500.0 499.0 457.0 476.0 501.0 461.0 489.0 504.0 525.0 444.0 440.0 511.0 467.0 415.0 414.0 466.0 515.0 504.0 512.0 512.0 539.0 426.0 443.0 509.0 462.0 461.0 525.0 517.0 508.0 452.0 610.0 530.0 519.0 502.0 509.0 494.0 526.0 520.0 453.0 447.0 461.0 471.0 483.0 468.0 504.0 503.0 521.0 485.0 484.0 485.0 494.0 495.0 488.0 477.0 455.0 480.0 487.0 504.0 486.0 499.0 501.0 502.0 481.0 469.0 511.0 515.0 512.0 541.0 520.0 540.0 484.86062717770034 26.93390155087314
18 258.0 266.0 261.0 287.0 277.0 286.0 286.0 268.0 280.0 293.0 276.0 276.0 261.0 288.0 292.0 333.0 272.0 255.0 296.0 291.0 274.0 309.0 277.0 286.0 298.0 296.0 286.0 293.0 294.0 276.0 281.0 270.0 274.0 295.0 288.0 283.0 327.0 292.0 273.0 289.0 295.0 296.0 284.0 283.0 283.0 261.0 290.0 289.0 282.0 281.0 284.0 295.0 287.0 277.0 275.0 278.0 277.0 268.0 293.0 278.0 274.0 288.0 295.0 285.0 273.0 279.0 288.0 282.0 277.0 272.0 265.0 284.0 270.0 278.0 270.0 251.0 273.0 243.0 259.0 265.0 271.0 280.0 281.0 275.0 284.0 274.0 260.0 273.0 269.0 282.0 284.0 280.0 276.0 256.0 251.0 285.0 284.0 258.0 273.0 281.0 274.0 239.0 242.0 292.0 287.0 281.0 270.0 290.0 278.0 284.0 294.0 281.0 280.0 285.0 259.0 278.0 277.0 279.0 274.0 242.0 258.0 287.0 254.0 257.0 265.0 266.0 280.0 261.0 259.0 259.0 278.0 255.0 283.0 288.0 275.0 283.0 270.0 269.0 259.0 278.0 281.0 261.0 254.0 282.0 274.0 280.0 253.0 256.0 265.0 266.0 279.0 258.0 255.0 270.0 282.0 271.0 284.0 248.0 270.0 260.0 273.0 256.0 271.0 276.0 252.0 244.0 285.0 263.0 278.0 275.0 284.0 289.0 295.0 293.0 283.0 278.0 287.0 266.0 273.0 288.0 273.0 280.0 278.0 285.0 284.0 270.0 288.0 260.0 253.0 278.0 254.0 273.0 312.0 248.0 920.0 352.0 807.0 415.0 858.0 532.0 556.0 1202.0 1440.0 1642.0 1299.0 898.0 1097.0 1018.0 990.0 1305.0 1262.0 1363.0 770.0 587.0 692.0 380.0 313.0 284.0 283.0 292.0 268.0 289.0 262.0 254.0 290.0 293.0 288.0 251.0 257.0 274.0 264.0 260.0 234.0 260.0 287.0 290.0 290.0 296.0 288.0 251.0 259.0 302.0 280.0 282.0 285.0 289.0 294.0 257.0 284.0 286.0 288.0 286.0 296.0 285.0 288.0 308.0 288.0 255.0 276.0 290.0 288.0 255.0 274.0 295.0 282.0 265.0 278.0 288.0 284.0 280.0 278.0 264.0 275.0 285.0 281.0 276.0 266.0 284.0 293.0 287.0 282.0 270.0 295.0 285.0 295.0 347.0 298.0 327.0452961672475 200.5417698076557
19 389.0 352.0 344.0 349.0 363.0 367.0 377.0 377.0 352.0 352.0 391.0 397.0 397.0 353.0 372.0 384.0 356.0 368.0 352.0 383.0 377.0 377.0 375.0 368.0 388.0 393.0 390.0 392.0 382.0 387.0 359.0 361.0 351.0 367.0 392.0 378.0 358.0 409.0 390.0 373.0 380.0 386.0 388.0 378.0 368.0 371.0 370.0 382.0 372.0 372.0 369.0 367.0 390.0 379.0 373.0 393.0 367.0 362.0 353.0 352.0 366.0 377.0 390.0 386.0 369.0 373.0 360.0 385.0 371.0 362.0 357.0 344.0 359.0 353.0 365.0 393.0 344.0 348.0 300.0 319.0 354.0 342.0 359.0 370.0 370.0 371.0 370.0 355.0 382.0 347.0 360.0 369.0 364.0 370.0 326.0 329.0 375.0 361.0 354.0 351.0 357.0 362.0 317.0 330.0 384.0 367.0 420.0 375.0 377.0 375.0 365.0 378.0 362.0 369.0 362.0 349.0 338.0 409.0 376.0 364.0 312.0 337.0 366.0 338.0 340.0 347.0 345.0 361.0 344.0 340.0 341.0 381.0 344.0 372.0 380.0 372.0 356.0 348.0 345.0 342.0 358.0 361.0 366.0 373.0 371.0 347.0 372.0 324.0 347.0 348.0 346.0 325.0 307.0 349.0 355.0 371.0 366.0 345.0 346.0 377.0 349.0 359.0 337.0 370.0 370.0 315.0 335.0 384.0 382.0 361.0 369.0 373.0 371.0 371.0 379.0 365.0 355.0 369.0 346.0 369.0 367.0 357.0 385.0 366.0 367.0 378.0 364.0 352.0 346.0 331.0 370.0 374.0 1657.0 1486.0 936.0 2376.0 427.0 921.0 798.0 589.0 977.0 583.0 1055.0 682.0 535.0 369.0 637.0 489.0 1045.0 702.0 757.0 735.0 446.0 441.0 485.0 425.0 391.0 345.0 349.0 369.0 391.0 374.0 359.0 405.0 366.0 376.0 383.0 409.0 344.0 325.0 361.0 347.0 327.0 314.0 334.0 378.0 364.0 373.0 379.0 399.0 325.0 325.0 389.0 367.0 374.0 367.0 380.0 397.0 362.0 369.0 378.0 376.0 379.0 386.0 378.0 363.0 385.0 384.0 344.0 346.0 370.0 357.0 358.0 366.0 378.0 373.0 408.0 374.0 369.0 379.0 370.0 392.0 384.0 379.0 370.0 369.0 364.0 357.0 375.0 381.0 373.0 367.0 354.0 369.0 379.0 378.0 375.0 402.6411149825784 182.75714745805212
20 7.0 7.0 7.0 7.0 7.0 7.0 7.0 7.0 7.0 7.0 7.0 8.0 8.0 8.0 8.0 9.0 9.0 9.0 9.0 9.0 9.0 9.0 9.0 9.0 9.0 9.0 9.0 9.0 9.0 8.0 8.0 8.0 8.0 8.0 8.0 8.0 8.0 8.0 8.0 8.0 8.0 8.0 8.0 8.0 8.0 8.0 8.0 8.0 8.0 8.0 8.0 8.0 9.0 9.0 9.0 9.0 9.0 9.0 9.0 9.0 9.0 9.0 9.0 9.0 9.0 8.0 8.0 9.0 9.0 9.0 9.0 8.0 8.0 8.0 7.0 7.0 8.0 8.0 8.0 7.0 7.0 7.0 7.0 7.0 7.0 7.0 7.0 7.0 8.0 7.0 7.0 8.0 8.0 8.0 8.0 7.0 8.0 8.0 9.0 7.0 7.0 7.0 8.0 7.0 7.0 7.0 7.0 8.0 8.0 9.0 8.0 8.0 8.0 8.0 8.0 8.0 7.0 7.0 7.0 8.0 8.0 7.0 7.0 7.0 7.0 7.0 7.0 8.0 8.0 8.0 7.0 7.0 8.0 9.0 11.0 11.0 8.0 8.0 8.0 7.0 8.0 8.0 9.0 9.0 8.0 8.0 8.0 9.0 7.0 7.0 8.0 8.0 7.0 7.0 7.0 7.0 8.0 8.0 7.0 8.0 8.0 8.0 8.0 7.0 7.0 7.0 8.0 8.0 8.0 8.0 7.0 7.0 8.0 8.0 8.0 8.0 8.0 8.0 8.0 9.0 9.0 8.0 8.0 8.0 8.0 8.0 8.0 7.0 8.0 7.0 7.0 8.0 8.0 8.0 8.0 8.0 7.0 9.0 9.0 8.0 8.0 8.0 7.0 8.0 8.0 7.0 7.0 8.0 8.0 8.0 8.0 8.0 8.0 8.0 9.0 8.0 9.0 9.0 8.0 8.0 8.0 8.0 8.0 8.0 8.0 8.0 8.0 8.0 8.0 7.0 7.0 8.0 8.0 7.0 7.0 7.0 8.0 8.0 8.0 9.0 9.0 7.0 8.0 8.0 8.0 8.0 8.0 8.0 8.0 8.0 8.0 8.0 8.0 8.0 9.0 9.0 9.0 9.0 9.0 7.0 7.0 7.0 7.0 7.0 7.0 7.0 7.0 7.0 7.0 7.0 7.0 7.0 7.0 7.0 8.0 8.0 8.0 8.0 8.0 8.0 8.0 8.0 8.0 8.0 8.0 8.0 8.0 7.905923344947736 0.7253162568322445
21 200.0 200.0 170.0 204.0 185.0 199.0 196.0 199.0 329.0 181.0 181.0 207.0 209.0 209.0 181.0 197.0 191.0 184.0 195.0 178.0 178.0 199.0 199.0 194.0 190.0 206.0 206.0 206.0 199.0 202.0 204.0 191.0 199.0 182.0 200.0 200.0 200.0 209.0 215.0 195.0 195.0 200.0 200.0 205.0 205.0 205.0 205.0 189.0 201.0 195.0 196.0 197.0 202.0 205.0 200.0 187.0 198.0 191.0 193.0 185.0 196.0 192.0 188.0 205.0 205.0 197.0 190.0 191.0 217.0 196.0 193.0 189.0 183.0 192.0 200.0 194.0 193.0 183.0 192.0 158.0 188.0 187.0 171.0 194.0 194.0 195.0 192.0 203.0 187.0 193.0 187.0 179.0 198.0 190.0 188.0 170.0 172.0 190.0 190.0 190.0 188.0 185.0 195.0 175.0 201.0 205.0 167.0 200.0 194.0 202.0 195.0 190.0 206.0 206.0 187.0 195.0 184.0 183.0 196.0 198.0 194.0 174.0 198.0 194.0 178.0 189.0 176.0 186.0 189.0 183.0 178.0 179.0 192.0 186.0 196.0 202.0 188.0 194.0 186.0 176.0 180.0 193.0 179.0 194.0 196.0 192.0 186.0 200.0 174.0 190.0 183.0 184.0 160.0 181.0 185.0 197.0 196.0 194.0 190.0 181.0 200.0 190.0 197.0 186.0 201.0 199.0 167.0 186.0 203.0 195.0 190.0 197.0 205.0 194.0 194.0 200.0 192.0 184.0 201.0 189.0 190.0 198.0 188.0 191.0 193.0 202.0 195.0 190.0 194.0 189.0 174.0 196.0 187.0 199.0 187.0 190.0 165.0 163.0 205.0 192.0 193.0 181.0 180.0 195.0 185.0 184.0 169.0 197.0 202.0 180.0 202.0 202.0 197.0 202.0 208.0 199.0 191.0 204.0 180.0 194.0 196.0 203.0 195.0 200.0 197.0 189.0 195.0 195.0 198.0 181.0 184.0 189.0 181.0 169.0 166.0 182.0 196.0 196.0 201.0 192.0 200.0 182.0 200.0 219.0 191.0 195.0 202.0 200.0 191.0 212.0 199.0 196.0 201.0 198.0 212.0 197.0 195.0 197.0 197.0 178.0 206.0 178.0 197.0 199.0 191.0 194.0 195.0 190.0 190.0 191.0 197.0 192.0 193.0 197.0 199.0 210.0 195.0 184.0 194.0 204.0 235.0 202.0 193.0 189.0 189.0 199.0 197.0 193.13588850174216 13.009638754361834
22 121.0 128.0 128.0 110.0 111.0 114.0 121.0 123.0 133.0 133.0 133.0 133.0 111.0 120.0 120.0 112.0 126.0 126.0 113.0 120.0 120.0 120.0 122.0 116.0 118.0 126.0 124.0 127.0 126.0 126.0 124.0 111.0 121.0 150.0 110.0 122.0 127.0 129.0 129.0 129.0 120.0 120.0 120.0 126.0 126.0 119.0 119.0 109.0 109.0 109.0 122.0 122.0 114.0 121.0 117.0 123.0 121.0 115.0 120.0 116.0 117.0 122.0 116.0 124.0 125.0 122.0 121.0 116.0 125.0 117.0 113.0 118.0 113.0 106.0 113.0 117.0 116.0 115.0 115.0 99.0 102.0 114.0 114.0 114.0 121.0 118.0 119.0 120.0 110.0 122.0 116.0 116.0 120.0 115.0 116.0 119.0 107.0 120.0 122.0 114.0 118.0 116.0 121.0 109.0 108.0 123.0 105.0 106.0 106.0 116.0 123.0 115.0 123.0 122.0 116.0 117.0 116.0 118.0 289.0 117.0 122.0 105.0 109.0 124.0 114.0 109.0 105.0 110.0 115.0 112.0 109.0 110.0 117.0 119.0 119.0 122.0 120.0 119.0 116.0 130.0 107.0 114.0 121.0 122.0 117.0 124.0 119.0 116.0 124.0 116.0 117.0 112.0 120.0 106.0 124.0 119.0 120.0 120.0 114.0 107.0 115.0 135.0 122.0 110.0 128.0 119.0 127.0 101.0 105.0 121.0 127.0 117.0 117.0 117.0 115.0 118.0 119.0 103.0 112.0 112.0 111.0 120.0 118.0 120.0 119.0 121.0 129.0 136.0 118.0 119.0 105.0 124.0 117.0 116.0 126.0 117.0 118.0 97.0 126.0 118.0 119.0 116.0 111.0 109.0 113.0 114.0 107.0 106.0 116.0 121.0 124.0 120.0 116.0 119.0 116.0 117.0 116.0 119.0 122.0 124.0 122.0 122.0 122.0 122.0 136.0 136.0 121.0 123.0 123.0 122.0 113.0 113.0 113.0 110.0 102.0 108.0 128.0 120.0 122.0 121.0 125.0 123.0 121.0 119.0 120.0 120.0 120.0 123.0 123.0 127.0 127.0 120.0 120.0 117.0 121.0 121.0 123.0 124.0 127.0 104.0 111.0 105.0 126.0 109.0 109.0 119.0 123.0 122.0 120.0 118.0 118.0 121.0 121.0 122.0 117.0 127.0 127.0 120.0 104.0 123.0 123.0 116.0 126.0 117.0 117.0 124.0 116.0 118.89895470383276 12.282523499628272
23 235.0 235.0 218.0 206.0 229.0 214.0 230.0 259.0 231.0 240.0 248.0 248.0 248.0 222.0 290.0 229.0 231.0 234.0 213.0 230.0 229.0 449.0 252.0 252.0 226.0 229.0 240.0 241.0 242.0 233.0 240.0 258.0 246.0 266.0 211.0 233.0 241.0 240.0 218.0 218.0 236.0 239.0 239.0 240.0 241.0 233.0 229.0 229.0 207.0 229.0 232.0 229.0 225.0 224.0 240.0 232.0 231.0 222.0 217.0 230.0 222.0 234.0 234.0 241.0 237.0 243.0 235.0 227.0 227.0 235.0 218.0 225.0 232.0 220.0 231.0 235.0 216.0 233.0 217.0 217.0 185.0 242.0 239.0 220.0 239.0 231.0 215.0 209.0 210.0 219.0 225.0 287.0 236.0 232.0 224.0 225.0 198.0 218.0 229.0 224.0 226.0 228.0 242.0 234.0 206.0 219.0 239.0 212.0 222.0 218.0 238.0 236.0 234.0 234.0 223.0 239.0 229.0 217.0 250.0 233.0 231.0 228.0 193.0 253.0 223.0 213.0 223.0 231.0 228.0 225.0 207.0 210.0 211.0 225.0 221.0 236.0 233.0 225.0 222.0 217.0 213.0 219.0 224.0 237.0 226.0 233.0 221.0 217.0 237.0 230.0 221.0 218.0 217.0 210.0 223.0 224.0 232.0 224.0 230.0 216.0 212.0 224.0 217.0 227.0 199.0 233.0 211.0 200.0 201.0 227.0 229.0 216.0 223.0 241.0 226.0 234.0 224.0 221.0 212.0 232.0 221.0 220.0 221.0 229.0 219.0 226.0 210.0 235.0 229.0 221.0 210.0 205.0 224.0 225.0 228.0 222.0 222.0 193.0 200.0 246.0 225.0 227.0 210.0 205.0 233.0 221.0 213.0 215.0 221.0 231.0 228.0 235.0 214.0 225.0 226.0 230.0 242.0 221.0 236.0 230.0 240.0 232.0 223.0 239.0 260.0 261.0 229.0 223.0 223.0 227.0 221.0 222.0 217.0 199.0 197.0 195.0 221.0 232.0 219.0 236.0 238.0 236.0 249.0 237.0 229.0 231.0 230.0 234.0 240.0 241.0 235.0 229.0 230.0 237.0 231.0 235.0 230.0 234.0 250.0 237.0 204.0 228.0 207.0 238.0 230.0 222.0 230.0 231.0 228.0 236.0 222.0 232.0 226.0 256.0 233.0 227.0 258.0 238.0 244.0 243.0 230.0 235.0 238.0 226.0 222.0 403.0 237.0 229.28919860627178 21.394152893415782
24 49.0 65.0 61.0 98.0 39.0 41.0 41.0 46.0 42.0 42.0 42.0 42.0 42.0 82.0 54.0 43.0 37.0 43.0 45.0 41.0 49.0 54.0 56.0 52.0 52.0 40.0 40.0 57.0 46.0 43.0 102.0 43.0 37.0 46.0 46.0 40.0 40.0 43.0 38.0 38.0 38.0 42.0 42.0 47.0 43.0 44.0 42.0 49.0 36.0 36.0 45.0 42.0 48.0 48.0 42.0 42.0 48.0 46.0 46.0 43.0 41.0 45.0 42.0 43.0 40.0 45.0 66.0 50.0 47.0 50.0 51.0 40.0 49.0 40.0 40.0 40.0 45.0 39.0 43.0 37.0 35.0 44.0 48.0 48.0 36.0 46.0 44.0 41.0 35.0 45.0 42.0 47.0 47.0 39.0 40.0 42.0 40.0 39.0 42.0 47.0 47.0 43.0 39.0 42.0 37.0 38.0 36.0 43.0 38.0 37.0 38.0 45.0 43.0 42.0 42.0 43.0 46.0 61.0 40.0 40.0 43.0 43.0 39.0 40.0 48.0 42.0 39.0 42.0 43.0 44.0 45.0 39.0 38.0 45.0 55.0 55.0 43.0 40.0 45.0 40.0 41.0 40.0 41.0 43.0 44.0 44.0 43.0 39.0 46.0 44.0 42.0 46.0 37.0 40.0 46.0 46.0 43.0 45.0 41.0 41.0 36.0 53.0 53.0 39.0 36.0 47.0 39.0 47.0 37.0 38.0 45.0 38.0 46.0 49.0 43.0 36.0 36.0 44.0 44.0 43.0 41.0 41.0 41.0 47.0 42.0 40.0 40.0 55.0 40.0 40.0 42.0 38.0 46.0 38.0 47.0 44.0 40.0 46.0 39.0 42.0 40.0 44.0 46.0 45.0 40.0 43.0 40.0 39.0 46.0 41.0 43.0 46.0 41.0 41.0 45.0 43.0 43.0 42.0 43.0 39.0 43.0 43.0 43.0 39.0 51.0 47.0 43.0 43.0 52.0 52.0 55.0 39.0 40.0 40.0 36.0 34.0 35.0 40.0 43.0 44.0 44.0 44.0 47.0 43.0 63.0 40.0 40.0 40.0 50.0 46.0 43.0 43.0 42.0 42.0 42.0 41.0 44.0 40.0 40.0 40.0 42.0 44.0 44.0 42.0 45.0 61.0 61.0 44.0 44.0 44.0 39.0 39.0 41.0 41.0 41.0 51.0 63.0 63.0 63.0 63.0 45.0 45.0 58.0 47.0 47.0 47.0 40.0 44.29965156794425 7.689387374807504
25 118.0 118.0 126.0 125.0 116.0 116.0 111.0 120.0 123.0 123.0 127.0 127.0 127.0 123.0 123.0 115.0 119.0 128.0 111.0 124.0 123.0 123.0 127.0 127.0 125.0 119.0 121.0 132.0 129.0 128.0 128.0 122.0 131.0 118.0 118.0 113.0 138.0 121.0 128.0 128.0 128.0 137.0 127.0 127.0 126.0 128.0 121.0 118.0 126.0 126.0 126.0 129.0 129.0 119.0 120.0 120.0 126.0 121.0 116.0 119.0 119.0 118.0 128.0 121.0 117.0 122.0 128.0 122.0 118.0 122.0 131.0 116.0 118.0 116.0 117.0 121.0 122.0 117.0 114.0 113.0 102.0 100.0 117.0 135.0 120.0 120.0 122.0 117.0 116.0 118.0 122.0 116.0 123.0 114.0 117.0 117.0 122.0 116.0 114.0 110.0 121.0 119.0 101.0 120.0 121.0 109.0 111.0 121.0 111.0 116.0 103.0 114.0 114.0 122.0 123.0 121.0 125.0 123.0 118.0 109.0 119.0 121.0 104.0 107.0 117.0 115.0 112.0 111.0 110.0 120.0 120.0 110.0 111.0 113.0 117.0 128.0 120.0 119.0 120.0 114.0 110.0 109.0 117.0 124.0 118.0 122.0 122.0 119.0 117.0 122.0 121.0 115.0 114.0 117.0 127.0 123.0 120.0 124.0 113.0 120.0 106.0 129.0 109.0 116.0 108.0 110.0 112.0 124.0 108.0 107.0 123.0 120.0 118.0 123.0 113.0 109.0 123.0 116.0 129.0 120.0 124.0 117.0 112.0 119.0 116.0 116.0 114.0 132.0 130.0 122.0 119.0 110.0 111.0 112.0 114.0 123.0 114.0 121.0 109.0 121.0 134.0 120.0 121.0 114.0 110.0 132.0 118.0 111.0 117.0 122.0 124.0 114.0 114.0 126.0 119.0 123.0 121.0 119.0 127.0 118.0 108.0 111.0 127.0 121.0 124.0 125.0 116.0 120.0 121.0 123.0 123.0 119.0 119.0 121.0 111.0 103.0 104.0 118.0 120.0 120.0 127.0 124.0 113.0 120.0 122.0 126.0 122.0 123.0 125.0 124.0 127.0 120.0 124.0 123.0 121.0 123.0 129.0 120.0 124.0 131.0 128.0 113.0 125.0 115.0 120.0 128.0 118.0 122.0 126.0 126.0 140.0 117.0 122.0 122.0 128.0 120.0 135.0 123.0 121.0 121.0 127.0 127.0 121.0 129.0 118.0 121.0 106.0 119.77003484320558 6.684922576883112
26 220.0 217.0 218.0 225.0 203.0 197.0 197.0 197.0 214.0 214.0 218.0 218.0 218.0 211.0 208.0 196.0 209.0 198.0 222.0 192.0 211.0 212.0 212.0 225.0 218.0 204.0 206.0 224.0 235.0 219.0 220.0 207.0 225.0 209.0 220.0 191.0 209.0 208.0 217.0 207.0 207.0 230.0 215.0 207.0 218.0 218.0 218.0 207.0 218.0 201.0 205.0 219.0 213.0 213.0 217.0 214.0 201.0 234.0 209.0 201.0 199.0 197.0 208.0 205.0 206.0 205.0 248.0 225.0 216.0 220.0 227.0 215.0 201.0 206.0 200.0 238.0 238.0 206.0 216.0 196.0 188.0 174.0 204.0 206.0 227.0 207.0 208.0 202.0 202.0 206.0 205.0 200.0 212.0 205.0 202.0 201.0 210.0 215.0 206.0 184.0 210.0 201.0 170.0 179.0 204.0 187.0 194.0 219.0 203.0 191.0 183.0 214.0 196.0 199.0 227.0 204.0 219.0 213.0 212.0 201.0 195.0 207.0 211.0 187.0 237.0 208.0 195.0 192.0 192.0 200.0 208.0 194.0 195.0 193.0 208.0 202.0 202.0 190.0 205.0 204.0 193.0 192.0 201.0 206.0 231.0 213.0 207.0 212.0 206.0 207.0 219.0 200.0 198.0 196.0 211.0 214.0 201.0 209.0 213.0 204.0 188.0 187.0 208.0 196.0 209.0 188.0 209.0 178.0 177.0 179.0 180.0 197.0 195.0 208.0 213.0 214.0 189.0 201.0 202.0 212.0 215.0 202.0 201.0 198.0 207.0 206.0 203.0 209.0 219.0 210.0 196.0 208.0 185.0 193.0 224.0 216.0 206.0 204.0 184.0 182.0 208.0 206.0 205.0 191.0 199.0 201.0 208.0 205.0 191.0 204.0 215.0 196.0 194.0 220.0 200.0 203.0 210.0 207.0 191.0 223.0 204.0 185.0 218.0 179.0 211.0 215.0 210.0 195.0 211.0 216.0 207.0 208.0 202.0 196.0 193.0 179.0 177.0 197.0 214.0 191.0 214.0 212.0 201.0 209.0 210.0 214.0 208.0 207.0 218.0 213.0 214.0 221.0 192.0 212.0 208.0 208.0 211.0 222.0 204.0 227.0 232.0 222.0 217.0 203.0 215.0 210.0 218.0 216.0 221.0 205.0 213.0 216.0 200.0 210.0 210.0 221.0 204.0 215.0 269.0 207.0 220.0 221.0 213.0 214.0 219.0 202.0 201.0 206.89198606271776 12.67777797697102
27 667.0 656.0 631.0 598.0 630.0 582.0 556.0 574.0 574.0 612.0 844.0 718.0 632.0 535.0 600.0 597.0 579.0 612.0 631.0 619.0 593.0 617.0 616.0 645.0 621.0 634.0 626.0 670.0 624.0 666.0 676.0 645.0 639.0 637.0 617.0 605.0 570.0 583.0 635.0 644.0 659.0 613.0 624.0 625.0 555.0 536.0 638.0 647.0 621.0 601.0 593.0 615.0 637.0 645.0 631.0 610.0 614.0 728.0 625.0 634.0 616.0 596.0 588.0 604.0 610.0 609.0 613.0 616.0 615.0 598.0 606.0 651.0 615.0 603.0 599.0 583.0 589.0 677.0 597.0 592.0 579.0 528.0 505.0 516.0 607.0 695.0 606.0 604.0 575.0 597.0 598.0 653.0 576.0 544.0 635.0 608.0 612.0 618.0 597.0 580.0 561.0 574.0 598.0 513.0 533.0 614.0 557.0 546.0 606.0 584.0 592.0 599.0 611.0 618.0 567.0 531.0 535.0 609.0 664.0 606.0 628.0 573.0 577.0 568.0 546.0 567.0 568.0 558.0 565.0 588.0 594.0 611.0 570.0 572.0 563.0 574.0 584.0 570.0 573.0 581.0 603.0 602.0 555.0 600.0 591.0 602.0 584.0 574.0 604.0 580.0 580.0 596.0 587.0 588.0 614.0 570.0 581.0 586.0 576.0 597.0 598.0 574.0 625.0 558.0 581.0 585.0 597.0 578.0 555.0 526.0 536.0 602.0 610.0 569.0 580.0 630.0 590.0 545.0 602.0 600.0 601.0 614.0 604.0 553.0 568.0 599.0 603.0 596.0 641.0 676.0 609.0 579.0 555.0 569.0 570.0 589.0 576.0 574.0 590.0 537.0 529.0 552.0 569.0 570.0 608.0 561.0 553.0 644.0 575.0 573.0 568.0 605.0 612.0 588.0 594.0 616.0 579.0 632.0 614.0 631.0 559.0 578.0 568.0 570.0 601.0 612.0 645.0 621.0 596.0 621.0 632.0 677.0 580.0 596.0 581.0 576.0 537.0 540.0 556.0 601.0 578.0 592.0 628.0 637.0 622.0 628.0 637.0 627.0 626.0 619.0 645.0 637.0 663.0 632.0 685.0 683.0 643.0 654.0 644.0 760.0 597.0 563.0 642.0 646.0 561.0 550.0 667.0 745.0 765.0 579.0 623.0 634.0 694.0 647.0 667.0 627.0 621.0 609.0 624.0 656.0 788.0 632.0 640.0 633.0 688.0 634.0 646.0 605.1254355400697 43.75437977360186
28 7.0 7.0 7.0 7.0 7.0 7.0 7.0 7.0 7.0 7.0 7.0 7.0 7.0 7.0 7.0 7.0 7.0 7.0 7.0 7.0 7.0 7.0 7.0 7.0 7.0 7.0 7.0 7.0 7.0 7.0 7.0 7.0 7.0 7.0 7.0 7.0 7.0 7.0 7.0 7.0 7.0 7.0 7.0 7.0 7.0 6.0 6.0 6.0 6.0 6.0 6.0 6.0 6.0 6.0 6.0 6.0 7.0 7.0 7.0 8.0 7.0 7.0 7.0 7.0 7.0 7.0 7.0 7.0 7.0 7.0 7.0 7.0 7.0 7.0 7.0 7.0 8.0 8.0 8.0 7.0 7.0 7.0 7.0 6.0 7.0 7.0 8.0 8.0 8.0 8.0 8.0 8.0 8.0 8.0 8.0 8.0 8.0 8.0 8.0 8.0 8.0 7.0 7.0 7.0 6.0 7.0 7.0 7.0 7.0 7.0 6.0 7.0 7.0 7.0 8.0 7.0 6.0 6.0 6.0 6.0 7.0 7.0 7.0 7.0 7.0 7.0 7.0 7.0 7.0 7.0 7.0 8.0 8.0 8.0 7.0 7.0 7.0 7.0 7.0 7.0 7.0 7.0 7.0 7.0 7.0 7.0 7.0 7.0 7.0 7.0 7.0 7.0 7.0 7.0 7.0 7.0 7.0 7.0 8.0 7.0 7.0 7.0 7.0 7.0 7.0 7.0 7.0 7.0 7.0 6.0 7.0 7.0 7.0 7.0 7.0 7.0 8.0 8.0 7.0 7.0 7.0 9.0 7.0 7.0 7.0 7.0 8.0 7.0 7.0 7.0 7.0 7.0 7.0 7.0 7.0 7.0 7.0 7.0 7.0 7.0 7.0 6.0 6.0 6.0 6.0 6.0 7.0 7.0 9.0 7.0 7.0 7.0 7.0 7.0 7.0 7.0 7.0 9.0 9.0 9.0 9.0 7.0 7.0 7.0 7.0 7.0 8.0 8.0 8.0 7.0 7.0 7.0 7.0 7.0 7.0 7.0 7.0 7.0 7.0 7.0 7.0 7.0 7.0 7.0 7.0 8.0 8.0 8.0 8.0 8.0 8.0 8.0 9.0 9.0 9.0 9.0 9.0 9.0 8.0 8.0 8.0 8.0 7.0 7.0 7.0 7.0 7.0 7.0 7.0 7.0 7.0 7.0 7.0 7.0 7.0 7.0 7.0 7.0 7.0 7.0 7.0 7.0 7.0 7.0 7.0 7.0 8.0 7.146341463414633 0.6140933920698592
29 191.0 204.0 201.0 190.0 190.0 190.0 192.0 176.0 187.0 173.0 181.0 190.0 176.0 193.0 185.0 185.0 161.0 190.0 173.0 183.0 180.0 186.0 173.0 187.0 191.0 185.0 188.0 196.0 181.0 190.0 187.0 221.0 197.0 196.0 196.0 191.0 183.0 190.0 171.0 187.0 187.0 202.0 202.0 195.0 187.0 155.0 175.0 189.0 195.0 194.0 193.0 176.0 181.0 181.0 194.0 193.0 185.0 179.0 195.0 188.0 185.0 183.0 185.0 182.0 176.0 186.0 178.0 186.0 189.0 183.0 182.0 186.0 187.0 191.0 183.0 177.0 178.0 177.0 181.0 183.0 179.0 178.0 181.0 156.0 181.0 179.0 184.0 183.0 184.0 183.0 182.0 175.0 177.0 179.0 181.0 193.0 180.0 198.0 187.0 186.0 178.0 168.0 175.0 182.0 160.0 163.0 182.0 168.0 164.0 182.0 188.0 178.0 187.0 185.0 183.0 178.0 162.0 191.0 184.0 184.0 189.0 187.0 173.0 174.0 175.0 169.0 175.0 173.0 179.0 170.0 169.0 186.0 184.0 181.0 168.0 172.0 180.0 177.0 177.0 171.0 180.0 188.0 186.0 170.0 163.0 177.0 181.0 173.0 177.0 183.0 176.0 179.0 189.0 178.0 180.0 190.0 185.0 167.0 180.0 178.0 191.0 182.0 188.0 181.0 171.0 177.0 172.0 181.0 179.0 173.0 175.0 177.0 186.0 188.0 175.0 182.0 191.0 189.0 176.0 188.0 175.0 185.0 191.0 189.0 167.0 171.0 182.0 180.0 179.0 180.0 176.0 205.0 172.0 167.0 170.0 171.0 180.0 189.0 167.0 180.0 185.0 155.0 191.0 186.0 165.0 174.0 168.0 163.0 190.0 175.0 172.0 183.0 182.0 180.0 178.0 181.0 192.0 193.0 199.0 191.0 178.0 167.0 172.0 169.0 169.0 180.0 189.0 191.0 194.0 178.0 189.0 192.0 191.0 178.0 181.0 190.0 176.0 168.0 163.0 165.0 181.0 178.0 189.0 184.0 190.0 193.0 189.0 190.0 197.0 186.0 190.0 190.0 193.0 197.0 195.0 190.0 190.0 187.0 195.0 187.0 197.0 183.0 178.0 196.0 180.0 197.0 173.0 186.0 188.0 192.0 187.0 187.0 191.0 193.0 186.0 184.0 184.0 184.0 184.0 187.0 188.0 188.0 173.0 173.0 194.0 182.0 194.0 182.47038327526133 9.364696810686553
30 386.0 368.0 376.0 380.0 369.0 348.0 370.0 375.0 351.0 364.0 336.0 357.0 355.0 374.0 375.0 309.0 338.0 357.0 360.0 338.0 351.0 372.0 349.0 349.0 353.0 370.0 389.0 382.0 368.0 371.0 351.0 364.0 388.0 368.0 365.0 363.0 357.0 348.0 327.0 331.0 351.0 358.0 377.0 394.0 362.0 354.0 295.0 331.0 358.0 348.0 348.0 345.0 343.0 348.0 357.0 360.0 356.0 353.0 349.0 382.0 349.0 345.0 346.0 342.0 342.0 348.0 350.0 339.0 345.0 353.0 349.0 349.0 349.0 337.0 348.0 344.0 326.0 332.0 327.0 348.0 345.0 333.0 334.0 323.0 279.0 322.0 394.0 357.0 375.0 393.0 371.0 333.0 335.0 335.0 325.0 349.0 349.0 351.0 353.0 347.0 329.0 334.0 315.0 330.0 354.0 318.0 354.0 352.0 319.0 313.0 341.0 348.0 321.0 339.0 337.0 339.0 339.0 328.0 371.0 349.0 357.0 360.0 342.0 328.0 328.0 328.0 309.0 319.0 331.0 318.0 321.0 339.0 347.0 333.0 332.0 320.0 321.0 345.0 330.0 328.0 318.0 353.0 347.0 343.0 306.0 306.0 336.0 328.0 319.0 331.0 337.0 326.0 333.0 340.0 325.0 339.0 359.0 346.0 313.0 326.0 324.0 358.0 361.0 361.0 337.0 309.0 334.0 327.0 340.0 355.0 353.0 344.0 326.0 350.0 350.0 343.0 345.0 359.0 345.0 322.0 355.0 320.0 339.0 354.0 348.0 314.0 319.0 342.0 339.0 336.0 333.0 333.0 359.0 322.0 316.0 313.0 320.0 356.0 323.0 305.0 335.0 325.0 307.0 360.0 316.0 326.0 325.0 314.0 323.0 343.0 331.0 314.0 345.0 349.0 339.0 334.0 336.0 357.0 342.0 325.0 351.0 338.0 358.0 351.0 315.0 320.0 342.0 357.0 362.0 364.0 345.0 345.0 365.0 347.0 344.0 335.0 332.0 333.0 329.0 329.0 325.0 356.0 364.0 368.0 368.0 369.0 364.0 365.0 374.0 388.0 374.0 351.0 373.0 373.0 377.0 369.0 351.0 350.0 378.0 372.0 355.0 356.0 374.0 366.0 380.0 348.0 330.0 325.0 357.0 355.0 369.0 350.0 350.0 360.0 379.0 357.0 361.0 348.0 377.0 367.0 377.0 348.0 397.0 335.0 375.0 357.0 362.0 345.8536585365854 19.81557041757577
31 604.0 613.0 598.0 602.0 608.0 604.0 639.0 585.0 621.0 543.0 545.0 547.0 615.0 566.0 568.0 600.0 596.0 596.0 566.0 590.0 550.0 567.0 580.0 561.0 565.0 598.0 573.0 572.0 639.0 589.0 574.0 584.0 563.0 603.0 635.0 588.0 611.0 587.0 573.0 560.0 539.0 568.0 565.0 596.0 601.0 606.0 582.0 473.0 485.0 576.0 559.0 552.0 559.0 543.0 571.0 576.0 576.0 578.0 548.0 555.0 587.0 555.0 559.0 564.0 561.0 549.0 546.0 573.0 556.0 550.0 561.0 578.0 558.0 560.0 573.0 561.0 552.0 554.0 533.0 539.0 540.0 552.0 543.0 524.0 487.0 466.0 477.0 538.0 563.0 606.0 563.0 555.0 559.0 560.0 546.0 521.0 511.0 560.0 570.0 556.0 571.0 558.0 535.0 501.0 514.0 575.0 559.0 563.0 506.0 496.0 501.0 520.0 562.0 524.0 522.0 568.0 553.0 533.0 525.0 564.0 578.0 565.0 545.0 568.0 527.0 530.0 535.0 491.0 500.0 533.0 534.0 501.0 521.0 537.0 543.0 558.0 524.0 516.0 540.0 550.0 535.0 510.0 540.0 551.0 553.0 514.0 513.0 532.0 542.0 516.0 510.0 543.0 546.0 543.0 543.0 526.0 524.0 542.0 576.0 502.0 515.0 524.0 517.0 557.0 557.0 549.0 507.0 513.0 551.0 541.0 548.0 559.0 566.0 535.0 519.0 560.0 552.0 519.0 568.0 563.0 522.0 572.0 530.0 541.0 578.0 588.0 530.0 516.0 545.0 547.0 542.0 537.0 537.0 565.0 508.0 508.0 505.0 506.0 562.0 539.0 508.0 490.0 517.0 472.0 503.0 498.0 498.0 534.0 500.0 513.0 573.0 528.0 517.0 513.0 562.0 533.0 537.0 539.0 551.0 495.0 519.0 561.0 555.0 557.0 544.0 519.0 531.0 575.0 566.0 575.0 585.0 563.0 554.0 567.0 560.0 541.0 546.0 543.0 519.0 513.0 484.0 488.0 550.0 563.0 579.0 581.0 588.0 588.0 578.0 580.0 577.0 598.0 587.0 573.0 578.0 583.0 589.0 586.0 582.0 564.0 589.0 574.0 575.0 566.0 568.0 586.0 570.0 536.0 515.0 520.0 581.0 588.0 578.0 625.0 595.0 578.0 582.0 573.0 554.0 553.0 565.0 575.0 593.0 677.0 538.0 590.0 582.0 552.7979094076655 32.53498809220003
32 197.0 209.0 258.0 224.0 208.0 211.0 208.0 208.0 339.0 196.0 188.0 196.0 196.0 183.0 194.0 210.0 187.0 203.0 203.0 203.0 202.0 196.0 195.0 183.0 195.0 201.0 198.0 199.0 199.0 225.0 200.0 200.0 200.0 203.0 208.0 231.0 199.0 209.0 208.0 202.0 199.0 212.0 194.0 197.0 245.0 208.0 208.0 202.0 191.0 180.0 203.0 198.0 197.0 203.0 195.0 196.0 201.0 201.0 207.0 200.0 211.0 208.0 187.0 191.0 200.0 198.0 205.0 201.0 194.0 203.0 210.0 206.0 203.0 197.0 197.0 190.0 195.0 202.0 225.0 210.0 194.0 208.0 196.0 203.0 180.0 195.0 168.0 184.0 187.0 186.0 176.0 195.0 197.0 204.0 193.0 189.0 198.0 176.0 202.0 193.0 218.0 196.0 216.0 198.0 174.0 180.0 207.0 201.0 216.0 204.0 178.0 186.0 189.0 206.0 192.0 186.0 192.0 208.0 191.0 190.0 216.0 203.0 197.0 196.0 200.0 199.0 185.0 196.0 182.0 195.0 198.0 197.0 190.0 186.0 202.0 206.0 206.0 181.0 191.0 211.0 215.0 187.0 173.0 208.0 195.0 184.0 189.0 184.0 184.0 203.0 181.0 182.0 193.0 197.0 190.0 207.0 174.0 204.0 203.0 205.0 178.0 180.0 185.0 188.0 205.0 203.0 205.0 177.0 195.0 196.0 185.0 199.0 197.0 203.0 209.0 190.0 202.0 183.0 183.0 205.0 202.0 190.0 204.0 205.0 185.0 204.0 205.0 204.0 183.0 194.0 193.0 192.0 185.0 208.0 198.0 193.0 179.0 182.0 179.0 203.0 198.0 165.0 196.0 198.0 168.0 200.0 183.0 173.0 195.0 186.0 179.0 179.0 186.0 182.0 172.0 186.0 213.0 189.0 191.0 193.0 199.0 191.0 194.0 199.0 208.0 175.0 188.0 184.0 203.0 201.0 202.0 206.0 205.0 185.0 199.0 199.0 194.0 189.0 204.0 185.0 182.0 172.0 181.0 197.0 202.0 200.0 206.0 202.0 202.0 196.0 230.0 199.0 206.0 199.0 200.0 208.0 209.0 206.0 208.0 198.0 193.0 202.0 215.0 192.0 205.0 193.0 190.0 208.0 201.0 184.0 182.0 199.0 201.0 208.0 217.0 285.0 195.0 205.0 192.0 199.0 197.0 197.0 222.0 197.0 200.0 189.0 189.0 197.73170731707316 15.43476475877726
33 120.0 120.0 135.0 136.0 136.0 134.0 124.0 128.0 132.0 132.0 143.0 120.0 123.0 124.0 120.0 125.0 125.0 126.0 126.0 126.0 119.0 124.0 114.0 117.0 110.0 124.0 124.0 124.0 120.0 136.0 126.0 136.0 126.0 126.0 129.0 135.0 137.0 126.0 125.0 128.0 128.0 120.0 119.0 122.0 140.0 126.0 130.0 130.0 125.0 102.0 124.0 125.0 122.0 121.0 124.0 139.0 125.0 122.0 125.0 150.0 129.0 118.0 130.0 114.0 121.0 122.0 130.0 123.0 115.0 124.0 127.0 121.0 123.0 124.0 122.0 118.0 127.0 137.0 133.0 125.0 143.0 111.0 128.0 124.0 122.0 114.0 110.0 106.0 135.0 115.0 110.0 133.0 114.0 126.0 118.0 133.0 122.0 110.0 123.0 122.0 121.0 118.0 129.0 126.0 125.0 110.0 121.0 121.0 130.0 128.0 122.0 122.0 110.0 126.0 118.0 113.0 127.0 119.0 115.0 115.0 116.0 126.0 121.0 126.0 124.0 124.0 112.0 116.0 116.0 114.0 112.0 148.0 107.0 124.0 125.0 113.0 128.0 123.0 114.0 132.0 126.0 118.0 121.0 113.0 116.0 122.0 166.0 113.0 111.0 134.0 116.0 111.0 120.0 131.0 117.0 123.0 117.0 119.0 116.0 126.0 127.0 110.0 121.0 112.0 123.0 127.0 122.0 126.0 114.0 122.0 115.0 114.0 122.0 129.0 131.0 124.0 120.0 124.0 119.0 122.0 125.0 126.0 122.0 114.0 108.0 124.0 131.0 122.0 112.0 115.0 118.0 120.0 116.0 116.0 124.0 115.0 112.0 112.0 110.0 120.0 123.0 112.0 112.0 120.0 100.0 102.0 126.0 107.0 130.0 117.0 112.0 112.0 121.0 116.0 113.0 130.0 120.0 126.0 117.0 116.0 116.0 122.0 122.0 122.0 123.0 110.0 110.0 104.0 123.0 126.0 126.0 127.0 127.0 119.0 119.0 121.0 119.0 120.0 122.0 130.0 106.0 110.0 108.0 122.0 123.0 119.0 123.0 129.0 132.0 124.0 122.0 125.0 116.0 128.0 123.0 182.0 129.0 127.0 111.0 123.0 124.0 123.0 123.0 127.0 123.0 122.0 125.0 112.0 126.0 121.0 113.0 137.0 121.0 125.0 125.0 151.0 151.0 117.0 126.0 126.0 122.0 122.0 129.0 122.0 123.0 119.0 119.0 122.42857142857142 9.107417578274037
34 7.0 7.0 7.0 7.0 7.0 7.0 7.0 7.0 7.0 7.0 7.0 6.0 6.0 6.0 6.0 6.0 6.0 6.0 6.0 6.0 6.0 6.0 6.0 6.0 6.0 7.0 7.0 7.0 7.0 7.0 7.0 7.0 7.0 7.0 7.0 7.0 7.0 7.0 7.0 7.0 7.0 7.0 7.0 7.0 7.0 7.0 7.0 7.0 7.0 6.0 7.0 7.0 7.0 7.0 7.0 7.0 7.0 7.0 7.0 7.0 7.0 7.0 7.0 7.0 7.0 7.0 7.0 7.0 7.0 7.0 7.0 7.0 7.0 7.0 7.0 7.0 7.0 7.0 7.0 7.0 7.0 7.0 6.0 7.0 7.0 7.0 8.0 6.0 6.0 6.0 6.0 6.0 6.0 6.0 6.0 7.0 7.0 6.0 6.0 7.0 7.0 6.0 6.0 6.0 6.0 6.0 6.0 6.0 7.0 7.0 7.0 7.0 6.0 7.0 6.0 6.0 6.0 6.0 6.0 7.0 7.0 7.0 7.0 7.0 7.0 7.0 7.0 7.0 6.0 6.0 6.0 6.0 6.0 6.0 6.0 6.0 8.0 8.0 7.0 7.0 7.0 7.0 7.0 6.0 6.0 6.0 6.0 6.0 6.0 7.0 7.0 6.0 7.0 7.0 7.0 6.0 6.0 6.0 6.0 6.0 8.0 6.0 7.0 6.0 6.0 6.0 6.0 6.0 6.0 6.0 6.0 6.0 6.0 6.0 6.0 7.0 7.0 7.0 6.0 6.0 6.0 8.0 8.0 6.0 6.0 7.0 7.0 7.0 7.0 6.0 6.0 6.0 6.0 7.0 6.0 6.0 6.0 6.0 6.0 6.0 6.0 7.0 6.0 6.0 6.0 6.0 6.0 6.0 6.0 7.0 6.0 6.0 6.0 6.0 7.0 7.0 7.0 7.0 7.0 7.0 7.0 7.0 7.0 7.0 7.0 7.0 6.0 6.0 6.0 7.0 7.0 7.0 7.0 7.0 7.0 7.0 6.0 6.0 7.0 7.0 6.0 6.0 6.0 6.0 7.0 7.0 7.0 7.0 7.0 7.0 7.0 7.0 7.0 7.0 7.0 7.0 7.0 7.0 7.0 7.0 7.0 7.0 7.0 7.0 7.0 7.0 7.0 8.0 7.0 7.0 6.0 6.0 6.0 6.0 6.0 6.0 6.0 6.0 6.0 6.0 6.0 6.0 6.0 6.0 6.0 6.0 6.0 6.588850174216028 0.5402806851373531
35 59.0 60.0 66.0 66.0 68.0 62.0 62.0 62.0 64.0 61.0 64.0 56.0 60.0 60.0 60.0 59.0 61.0 61.0 58.0 58.0 58.0 61.0 57.0 66.0 54.0 60.0 55.0 61.0 58.0 59.0 67.0 62.0 63.0 63.0 63.0 60.0 64.0 64.0 64.0 60.0 61.0 59.0 59.0 59.0 60.0 57.0 64.0 64.0 61.0 49.0 49.0 60.0 63.0 64.0 64.0 61.0 61.0 61.0 62.0 62.0 59.0 55.0 61.0 57.0 58.0 56.0 57.0 59.0 61.0 60.0 57.0 63.0 63.0 60.0 64.0 61.0 59.0 58.0 64.0 62.0 59.0 61.0 59.0 63.0 58.0 57.0 61.0 51.0 59.0 66.0 55.0 55.0 50.0 58.0 64.0 63.0 60.0 64.0 62.0 61.0 60.0 62.0 65.0 58.0 59.0 53.0 59.0 60.0 59.0 61.0 59.0 61.0 53.0 53.0 55.0 55.0 59.0 64.0 56.0 58.0 58.0 60.0 60.0 56.0 59.0 61.0 57.0 53.0 54.0 58.0 50.0 58.0 55.0 53.0 63.0 54.0 60.0 57.0 60.0 63.0 62.0 59.0 57.0 55.0 68.0 59.0 52.0 55.0 54.0 60.0 58.0 56.0 60.0 57.0 56.0 57.0 59.0 58.0 53.0 62.0 64.0 54.0 60.0 60.0 57.0 61.0 61.0 65.0 56.0 58.0 62.0 58.0 62.0 61.0 63.0 62.0 59.0 60.0 58.0 60.0 61.0 64.0 67.0 58.0 50.0 55.0 61.0 64.0 61.0 55.0 57.0 58.0 58.0 56.0 57.0 57.0 53.0 55.0 55.0 60.0 60.0 60.0 52.0 62.0 61.0 54.0 57.0 56.0 62.0 63.0 59.0 62.0 63.0 57.0 53.0 56.0 60.0 60.0 57.0 59.0 58.0 60.0 64.0 59.0 61.0 61.0 59.0 51.0 58.0 60.0 60.0 59.0 62.0 61.0 53.0 73.0 55.0 54.0 64.0 62.0 50.0 52.0 53.0 59.0 57.0 56.0 63.0 61.0 61.0 61.0 60.0 58.0 61.0 61.0 61.0 57.0 56.0 64.0 56.0 60.0 61.0 59.0 60.0 62.0 62.0 61.0 59.0 62.0 59.0 58.0 56.0 64.0 56.0 61.0 61.0 60.0 62.0 54.0 64.0 64.0 60.0 61.0 61.0 59.0 58.0 56.0 57.0 59.285714285714285 3.632877949753087
36 563.0 561.0 563.0 592.0 630.0 586.0 598.0 586.0 585.0 583.0 595.0 567.0 527.0 533.0 573.0 544.0 560.0 589.0 541.0 573.0 569.0 569.0 566.0 551.0 532.0 519.0 559.0 561.0 566.0 559.0 601.0 596.0 584.0 580.0 575.0 572.0 591.0 613.0 614.0 593.0 592.0 583.0 588.0 562.0 543.0 564.0 574.0 597.0 583.0 498.0 464.0 491.0 563.0 552.0 558.0 561.0 553.0 560.0 573.0 574.0 572.0 565.0 552.0 557.0 560.0 570.0 557.0 561.0 547.0 539.0 545.0 561.0 544.0 556.0 561.0 559.0 536.0 556.0 550.0 572.0 562.0 560.0 525.0 545.0 560.0 546.0 548.0 480.0 471.0 522.0 544.0 493.0 468.0 533.0 540.0 554.0 553.0 548.0 551.0 562.0 557.0 549.0 565.0 550.0 582.0 519.0 495.0 500.0 555.0 557.0 563.0 569.0 532.0 489.0 498.0 512.0 511.0 528.0 517.0 519.0 528.0 522.0 560.0 520.0 506.0 547.0 571.0 541.0 518.0 528.0 494.0 496.0 516.0 520.0 520.0 517.0 512.0 538.0 566.0 543.0 545.0 542.0 543.0 511.0 506.0 513.0 533.0 516.0 508.0 531.0 558.0 519.0 524.0 504.0 538.0 538.0 523.0 547.0 530.0 493.0 564.0 536.0 510.0 504.0 518.0 521.0 572.0 548.0 505.0 515.0 536.0 541.0 545.0 545.0 536.0 567.0 563.0 507.0 513.0 518.0 491.0 546.0 544.0 556.0 520.0 509.0 523.0 566.0 574.0 531.0 512.0 540.0 537.0 551.0 541.0 557.0 548.0 514.0 521.0 505.0 503.0 559.0 504.0 501.0 560.0 480.0 498.0 540.0 567.0 574.0 568.0 559.0 553.0 521.0 528.0 530.0 552.0 565.0 538.0 532.0 530.0 538.0 572.0 565.0 558.0 544.0 538.0 500.0 482.0 514.0 515.0 573.0 582.0 583.0 569.0 566.0 522.0 539.0 548.0 569.0 559.0 495.0 496.0 493.0 482.0 540.0 534.0 569.0 544.0 551.0 564.0 556.0 553.0 568.0 578.0 572.0 566.0 580.0 503.0 500.0 516.0 561.0 554.0 566.0 574.0 573.0 543.0 551.0 584.0 573.0 535.0 526.0 506.0 559.0 563.0 570.0 574.0 553.0 547.0 560.0 560.0 554.0 560.0 542.0 560.0 555.0 555.0 544.7909407665505 28.745170250813054
37 151.0 154.0 154.0 148.0 167.0 167.0 178.0 153.0 167.0 150.0 158.0 166.0 166.0 147.0 149.0 149.0 135.0 146.0 177.0 145.0 144.0 152.0 152.0 157.0 149.0 155.0 139.0 148.0 153.0 155.0 152.0 152.0 164.0 157.0 160.0 162.0 157.0 159.0 159.0 172.0 162.0 162.0 163.0 154.0 151.0 143.0 152.0 155.0 171.0 174.0 152.0 126.0 145.0 155.0 140.0 152.0 154.0 143.0 154.0 155.0 155.0 159.0 153.0 152.0 160.0 147.0 149.0 155.0 154.0 149.0 145.0 149.0 144.0 149.0 162.0 153.0 149.0 148.0 155.0 151.0 154.0 161.0 154.0 144.0 153.0 151.0 152.0 153.0 129.0 135.0 155.0 149.0 125.0 141.0 150.0 149.0 148.0 152.0 145.0 152.0 154.0 154.0 146.0 153.0 149.0 156.0 151.0 134.0 155.0 151.0 151.0 155.0 155.0 153.0 142.0 145.0 140.0 142.0 150.0 157.0 146.0 149.0 140.0 155.0 148.0 139.0 148.0 156.0 146.0 139.0 155.0 145.0 137.0 148.0 152.0 145.0 146.0 139.0 154.0 156.0 148.0 157.0 155.0 149.0 142.0 139.0 147.0 155.0 146.0 140.0 144.0 158.0 147.0 143.0 151.0 144.0 150.0 143.0 151.0 136.0 136.0 160.0 168.0 137.0 149.0 142.0 148.0 149.0 150.0 152.0 139.0 151.0 155.0 138.0 153.0 142.0 155.0 135.0 131.0 140.0 140.0 137.0 159.0 149.0 141.0 147.0 144.0 146.0 156.0 161.0 148.0 137.0 152.0 150.0 150.0 144.0 154.0 154.0 133.0 137.0 141.0 162.0 147.0 149.0 153.0 151.0 154.0 125.0 151.0 157.0 150.0 161.0 153.0 154.0 157.0 140.0 144.0 139.0 154.0 152.0 145.0 146.0 146.0 154.0 158.0 147.0 155.0 145.0 150.0 133.0 148.0 140.0 160.0 154.0 156.0 159.0 156.0 148.0 146.0 145.0 155.0 154.0 132.0 140.0 127.0 140.0 152.0 143.0 156.0 148.0 152.0 162.0 149.0 154.0 155.0 160.0 154.0 155.0 157.0 160.0 156.0 161.0 150.0 149.0 150.0 158.0 157.0 148.0 162.0 164.0 159.0 162.0 138.0 146.0 158.0 153.0 161.0 148.0 156.0 137.0 162.0 162.0 153.0 152.0 152.0 149.0 151.0 150.42508710801394 8.513695131966948
38 404.0 404.0 418.0 421.0 407.0 450.0 437.0 416.0 427.0 439.0 423.0 426.0 442.0 423.0 393.0 405.0 417.0 395.0 401.0 398.0 414.0 430.0 438.0 438.0 421.0 399.0 362.0 377.0 406.0 422.0 423.0 415.0 411.0 444.0 427.0 433.0 430.0 425.0 432.0 451.0 467.0 435.0 432.0 421.0 410.0 403.0 386.0 416.0 428.0 450.0 443.0 346.0 347.0 413.0 424.0 404.0 409.0 416.0 410.0 416.0 416.0 423.0 418.0 413.0 417.0 366.0 387.0 405.0 412.0 408.0 408.0 396.0 416.0 406.0 403.0 430.0 420.0 395.0 396.0 418.0 424.0 415.0 409.0 408.0 382.0 406.0 413.0 414.0 394.0 350.0 357.0 417.0 410.0 351.0 364.0 391.0 388.0 417.0 403.0 399.0 414.0 417.0 418.0 397.0 410.0 406.0 427.0 396.0 365.0 393.0 412.0 415.0 422.0 409.0 415.0 396.0 391.0 386.0 386.0 393.0 390.0 377.0 385.0 379.0 408.0 397.0 419.0 405.0 420.0 377.0 390.0 414.0 403.0 370.0 383.0 373.0 374.0 373.0 383.0 428.0 421.0 397.0 421.0 428.0 401.0 377.0 369.0 396.0 394.0 382.0 372.0 411.0 428.0 415.0 372.0 374.0 433.0 392.0 405.0 415.0 367.0 376.0 401.0 442.0 382.0 379.0 382.0 380.0 391.0 404.0 402.0 380.0 415.0 410.0 393.0 387.0 386.0 425.0 348.0 361.0 369.0 406.0 370.0 391.0 397.0 378.0 400.0 374.0 391.0 421.0 435.0 388.0 385.0 406.0 398.0 396.0 367.0 418.0 386.0 370.0 386.0 419.0 414.0 416.0 424.0 381.0 417.0 360.0 346.0 416.0 443.0 415.0 438.0 411.0 411.0 348.0 373.0 372.0 376.0 431.0 401.0 394.0 391.0 418.0 425.0 434.0 408.0 396.0 403.0 389.0 365.0 372.0 378.0 419.0 423.0 420.0 418.0 419.0 378.0 403.0 424.0 426.0 425.0 390.0 356.0 346.0 385.0 390.0 404.0 435.0 402.0 406.0 415.0 409.0 418.0 420.0 433.0 422.0 417.0 432.0 431.0 428.0 433.0 417.0 403.0 437.0 430.0 422.0 397.0 412.0 433.0 433.0 428.0 375.0 370.0 425.0 410.0 428.0 426.0 420.0 379.0 401.0 346.0 394.0 409.0 402.0 411.0 404.06620209059236 22.988271725470177
39 140.0 122.0 119.0 120.0 123.0 126.0 128.0 128.0 141.0 122.0 128.0 129.0 127.0 125.0 125.0 123.0 119.0 119.0 115.0 119.0 119.0 113.0 133.0 121.0 121.0 122.0 115.0 113.0 112.0 118.0 125.0 121.0 120.0 145.0 134.0 132.0 127.0 127.0 123.0 128.0 113.0 135.0 127.0 137.0 135.0 123.0 121.0 109.0 124.0 137.0 124.0 141.0 100.0 107.0 128.0 129.0 113.0 117.0 126.0 117.0 118.0 137.0 141.0 121.0 128.0 122.0 124.0 116.0 130.0 132.0 125.0 112.0 116.0 129.0 118.0 117.0 120.0 129.0 114.0 120.0 126.0 119.0 117.0 123.0 119.0 126.0 116.0 130.0 117.0 117.0 105.0 115.0 117.0 132.0 100.0 110.0 115.0 109.0 126.0 123.0 125.0 124.0 125.0 130.0 118.0 125.0 122.0 125.0 123.0 105.0 123.0 121.0 122.0 121.0 119.0 124.0 116.0 113.0 111.0 110.0 122.0 107.0 108.0 121.0 111.0 120.0 117.0 121.0 126.0 130.0 109.0 111.0 124.0 108.0 101.0 117.0 108.0 117.0 113.0 137.0 127.0 116.0 119.0 125.0 122.0 119.0 106.0 114.0 122.0 120.0 177.0 109.0 123.0 119.0 118.0 110.0 113.0 135.0 111.0 119.0 120.0 105.0 106.0 119.0 124.0 106.0 120.0 112.0 117.0 110.0 123.0 108.0 107.0 126.0 126.0 108.0 118.0 112.0 124.0 96.0 107.0 106.0 109.0 107.0 114.0 114.0 110.0 110.0 113.0 123.0 120.0 134.0 115.0 114.0 116.0 113.0 104.0 121.0 123.0 117.0 112.0 114.0 113.0 133.0 122.0 110.0 113.0 127.0 102.0 117.0 116.0 125.0 123.0 123.0 123.0 106.0 102.0 110.0 104.0 120.0 125.0 119.0 113.0 112.0 126.0 104.0 123.0 121.0 109.0 117.0 124.0 104.0 107.0 125.0 125.0 132.0 129.0 124.0 126.0 115.0 128.0 128.0 115.0 120.0 106.0 101.0 101.0 113.0 121.0 116.0 128.0 116.0 122.0 130.0 119.0 116.0 119.0 127.0 126.0 118.0 123.0 117.0 110.0 123.0 124.0 124.0 151.0 124.0 125.0 117.0 113.0 139.0 125.0 132.0 105.0 128.0 125.0 118.0 123.0 117.0 125.0 115.0 120.0 100.0 117.0 118.0 115.0 119.61672473867597 9.43839793973116
40 94.0 89.0 89.0 90.0 98.0 88.0 88.0 92.0 92.0 85.0 92.0 92.0 92.0 92.0 92.0 146.0 93.0 93.0 78.0 85.0 90.0 90.0 92.0 92.0 92.0 92.0 86.0 86.0 85.0 85.0 92.0 92.0 89.0 89.0 89.0 97.0 87.0 97.0 91.0 95.0 91.0 95.0 98.0 98.0 100.0 90.0 88.0 88.0 92.0 95.0 95.0 94.0 86.0 79.0 132.0 91.0 81.0 87.0 92.0 107.0 92.0 85.0 85.0 103.0 94.0 92.0 98.0 89.0 93.0 95.0 90.0 87.0 98.0 91.0 91.0 90.0 101.0 92.0 88.0 83.0 84.0 94.0 88.0 93.0 92.0 84.0 105.0 94.0 99.0 84.0 78.0 83.0 83.0 87.0 84.0 92.0 98.0 84.0 85.0 92.0 84.0 90.0 87.0 93.0 87.0 88.0 91.0 89.0 88.0 79.0 94.0 89.0 87.0 100.0 92.0 93.0 86.0 84.0 84.0 88.0 92.0 131.0 86.0 89.0 84.0 88.0 94.0 88.0 88.0 96.0 78.0 109.0 100.0 84.0 91.0 86.0 84.0 76.0 80.0 90.0 85.0 86.0 91.0 86.0 102.0 96.0 118.0 77.0 87.0 89.0 108.0 83.0 80.0 89.0 88.0 80.0 85.0 99.0 83.0 83.0 90.0 83.0 79.0 95.0 151.0 81.0 91.0 84.0 87.0 80.0 96.0 86.0 76.0 94.0 92.0 84.0 86.0 84.0 91.0 75.0 89.0 79.0 81.0 80.0 90.0 86.0 81.0 93.0 91.0 93.0 86.0 102.0 93.0 88.0 88.0 86.0 83.0 83.0 95.0 94.0 112.0 82.0 93.0 106.0 93.0 97.0 84.0 90.0 80.0 79.0 78.0 78.0 86.0 97.0 130.0 89.0 77.0 81.0 76.0 86.0 93.0 89.0 88.0 85.0 85.0 84.0 94.0 73.0 89.0 94.0 87.0 78.0 83.0 81.0 81.0 91.0 92.0 98.0 91.0 83.0 92.0 95.0 89.0 90.0 85.0 81.0 75.0 82.0 82.0 85.0 91.0 84.0 89.0 94.0 91.0 93.0 87.0 86.0 95.0 93.0 93.0 99.0 88.0 91.0 90.0 89.0 100.0 97.0 89.0 89.0 89.0 90.0 92.0 93.0 79.0 98.0 87.0 87.0 96.0 89.0 87.0 80.0 88.0 90.0 89.0 89.0 85.0 89.9651567944251 9.19973615613309
41 644.0 677.0 675.0 661.0 635.0 633.0 633.0 628.0 647.0 652.0 654.0 660.0 663.0 640.0 646.0 648.0 675.0 656.0 676.0 597.0 615.0 614.0 587.0 666.0 647.0 654.0 613.0 618.0 587.0 607.0 620.0 631.0 653.0 632.0 628.0 672.0 684.0 669.0 666.0 653.0 650.0 655.0 665.0 680.0 666.0 657.0 632.0 634.0 616.0 637.0 644.0 653.0 621.0 531.0 521.0 639.0 637.0 609.0 622.0 631.0 632.0 635.0 681.0 645.0 639.0 632.0 645.0 644.0 596.0 620.0 651.0 633.0 625.0 620.0 612.0 636.0 626.0 630.0 642.0 632.0 611.0 640.0 628.0 604.0 653.0 628.0 602.0 613.0 636.0 619.0 620.0 569.0 575.0 607.0 629.0 617.0 635.0 613.0 618.0 641.0 586.0 603.0 621.0 630.0 649.0 629.0 604.0 613.0 640.0 597.0 565.0 568.0 633.0 639.0 641.0 649.0 654.0 587.0 588.0 571.0 577.0 633.0 596.0 577.0 590.0 628.0 622.0 625.0 624.0 609.0 616.0 592.0 598.0 633.0 643.0 631.0 632.0 566.0 545.0 557.0 598.0 616.0 616.0 604.0 614.0 625.0 659.0 612.0 585.0 609.0 640.0 670.0 616.0 595.0 630.0 583.0 564.0 563.0 610.0 585.0 583.0 608.0 610.0 567.0 632.0 569.0 562.0 574.0 606.0 569.0 581.0 578.0 575.0 582.0 613.0 640.0 611.0 610.0 599.0 593.0 526.0 532.0 557.0 592.0 616.0 626.0 616.0 615.0 637.0 637.0 605.0 600.0 609.0 625.0 633.0 621.0 672.0 617.0 611.0 630.0 605.0 570.0 606.0 616.0 636.0 630.0 566.0 570.0 562.0 637.0 632.0 624.0 634.0 599.0 618.0 625.0 601.0 548.0 566.0 564.0 569.0 633.0 606.0 614.0 608.0 601.0 641.0 659.0 630.0 639.0 612.0 571.0 554.0 573.0 633.0 577.0 535.0 622.0 651.0 661.0 682.0 559.0 706.0 625.0 620.0 600.0 557.0 566.0 606.0 610.0 615.0 642.0 665.0 651.0 647.0 671.0 668.0 621.0 611.0 593.0 615.0 683.0 657.0 664.0 660.0 664.0 645.0 657.0 690.0 692.0 640.0 659.0 641.0 653.0 579.0 570.0 593.0 670.0 651.0 654.0 650.0 665.0 622.0 678.0 674.0 646.0 637.0 620.787456445993 33.907939683467085
42 795.0 817.0 912.0 831.0 800.0 840.0 824.0 883.0 896.0 866.0 780.0 784.0 1216.0 852.0 788.0 936.0 895.0 834.0 921.0 862.0 791.0 782.0 958.0 735.0 707.0 1041.0 774.0 801.0 881.0 1025.0 960.0 751.0 851.0 766.0 804.0 792.0 742.0 880.0 945.0 846.0 799.0 869.0 841.0 904.0 890.0 865.0 993.0 937.0 1118.0 809.0 807.0 846.0 767.0 747.0 745.0 706.0 679.0 808.0 812.0 776.0 756.0 839.0 864.0 801.0 891.0 892.0 827.0 773.0 755.0 760.0 761.0 827.0 761.0 876.0 797.0 800.0 738.0 789.0 780.0 776.0 752.0 714.0 627.0 696.0 761.0 781.0 781.0 783.0 712.0 683.0 763.0 795.0 736.0 720.0 633.0 738.0 746.0 730.0 725.0 745.0 707.0 734.0 711.0 712.0 726.0 735.0 740.0 733.0 737.0 728.0 744.0 650.0 647.0 664.0 741.0 747.0 761.0 757.0 762.0 704.0 661.0 666.0 678.0 745.0 730.0 695.0 690.0 782.0 739.0 727.0 733.0 722.0 715.0 685.0 705.0 746.0 762.0 727.0 725.0 645.0 659.0 654.0 654.0 727.0 737.0 681.0 680.0 711.0 766.0 710.0 699.0 734.0 748.0 757.0 725.0 698.0 705.0 672.0 648.0 651.0 704.0 675.0 689.0 719.0 732.0 750.0 725.0 675.0 648.0 656.0 680.0 677.0 679.0 730.0 692.0 685.0 712.0 736.0 757.0 702.0 652.0 644.0 623.0 678.0 650.0 659.0 658.0 672.0 707.0 715.0 768.0 763.0 692.0 673.0 674.0 760.0 708.0 729.0 738.0 702.0 692.0 715.0 704.0 671.0 665.0 691.0 706.0 681.0 653.0 648.0 628.0 724.0 730.0 734.0 755.0 748.0 741.0 766.0 759.0 727.0 671.0 646.0 647.0 625.0 723.0 713.0 701.0 698.0 752.0 778.0 767.0 753.0 720.0 715.0 701.0 679.0 759.0 660.0 670.0 770.0 777.0 761.0 812.0 789.0 725.0 758.0 800.0 690.0 750.0 748.0 901.0 786.0 720.0 769.0 857.0 840.0 829.0 855.0 828.0 901.0 779.0 780.0 723.0 749.0 854.0 873.0 731.0 749.0 1383.0 939.0 938.0 920.0 1224.0 765.0 1076.0 976.0 777.0 983.0 668.0 640.0 809.0 919.0 806.0 847.0 1338.0 760.0 807.0 767.1881533101047 104.98611029878536
43 158.0 160.0 164.0 166.0 164.0 174.0 172.0 177.0 169.0 175.0 167.0 177.0 186.0 252.0 183.0 177.0 181.0 179.0 170.0 178.0 175.0 178.0 172.0 172.0 169.0 165.0 155.0 181.0 180.0 180.0 180.0 160.0 164.0 165.0 160.0 170.0 236.0 179.0 179.0 249.0 185.0 179.0 174.0 185.0 169.0 173.0 170.0 188.0 188.0 168.0 196.0 179.0 179.0 169.0 172.0 174.0 214.0 166.0 221.0 148.0 153.0 177.0 176.0 168.0 165.0 170.0 169.0 166.0 172.0 169.0 168.0 170.0 186.0 170.0 228.0 192.0 174.0 170.0 182.0 175.0 170.0 169.0 170.0 143.0 178.0 168.0 166.0 209.0 170.0 165.0 146.0 160.0 200.0 190.0 171.0 165.0 176.0 155.0 171.0 168.0 169.0 170.0 167.0 170.0 162.0 179.0 176.0 170.0 173.0 167.0 169.0 169.0 169.0 149.0 153.0 165.0 174.0 195.0 168.0 175.0 189.0 157.0 153.0 167.0 158.0 159.0 177.0 156.0 170.0 173.0 175.0 168.0 170.0 172.0 157.0 163.0 177.0 173.0 170.0 163.0 163.0 152.0 152.0 152.0 162.0 169.0 170.0 156.0 165.0 174.0 172.0 180.0 169.0 160.0 164.0 191.0 158.0 175.0 182.0 146.0 152.0 172.0 165.0 153.0 171.0 175.0 160.0 170.0 182.0 147.0 146.0 158.0 155.0 166.0 237.0 169.0 152.0 170.0 167.0 169.0 188.0 154.0 154.0 172.0 168.0 148.0 172.0 155.0 165.0 151.0 165.0 178.0 176.0 174.0 154.0 175.0 169.0 151.0 175.0 168.0 173.0 167.0 163.0 161.0 173.0 149.0 162.0 159.0 223.0 165.0 147.0 149.0 179.0 170.0 171.0 171.0 179.0 194.0 166.0 176.0 173.0 151.0 151.0 155.0 143.0 174.0 165.0 158.0 162.0 172.0 170.0 183.0 182.0 172.0 171.0 164.0 163.0 175.0 192.0 152.0 172.0 175.0 173.0 179.0 175.0 173.0 178.0 170.0 170.0 164.0 154.0 163.0 158.0 155.0 158.0 166.0 177.0 157.0 154.0 174.0 186.0 162.0 162.0 158.0 201.0 171.0 177.0 166.0 161.0 174.0 170.0 164.0 257.0 177.0 183.0 164.0 164.0 182.0 189.0 148.0 167.0 167.0 187.0 169.0 169.0 169.0 165.0 171.01045296167246 15.988956923464464
44 666.0 614.0 587.0 628.0 627.0 626.0 633.0 648.0 666.0 659.0 645.0 634.0 636.0 649.0 677.0 664.0 671.0 664.0 656.0 637.0 650.0 660.0 668.0 661.0 652.0 595.0 592.0 571.0 659.0 563.0 667.0 671.0 632.0 626.0 618.0 634.0 633.0 646.0 646.0 645.0 649.0 660.0 666.0 655.0 661.0 678.0 659.0 651.0 675.0 701.0 687.0 632.0 626.0 636.0 621.0 634.0 636.0 653.0 621.0 625.0 521.0 552.0 647.0 646.0 625.0 620.0 627.0 638.0 636.0 633.0 649.0 639.0 632.0 619.0 614.0 644.0 670.0 645.0 640.0 638.0 643.0 635.0 641.0 549.0 538.0 543.0 643.0 632.0 638.0 642.0 604.0 572.0 591.0 619.0 618.0 608.0 604.0 578.0 578.0 535.0 629.0 601.0 588.0 610.0 600.0 606.0 599.0 592.0 634.0 641.0 635.0 631.0 643.0 626.0 580.0 567.0 607.0 634.0 641.0 642.0 641.0 638.0 575.0 558.0 573.0 581.0 584.0 617.0 617.0 606.0 632.0 651.0 644.0 634.0 632.0 620.0 605.0 620.0 577.0 622.0 625.0 584.0 584.0 585.0 586.0 578.0 614.0 599.0 613.0 602.0 633.0 632.0 643.0 644.0 624.0 631.0 642.0 618.0 624.0 655.0 585.0 561.0 574.0 614.0 618.0 619.0 630.0 631.0 590.0 632.0 564.0 549.0 594.0 604.0 572.0 560.0 609.0 580.0 593.0 631.0 634.0 638.0 595.0 626.0 578.0 619.0 579.0 594.0 571.0 566.0 562.0 590.0 620.0 649.0 570.0 559.0 592.0 586.0 577.0 600.0 575.0 584.0 659.0 601.0 615.0 636.0 579.0 621.0 637.0 605.0 590.0 553.0 584.0 579.0 608.0 634.0 612.0 621.0 636.0 654.0 536.0 569.0 551.0 568.0 578.0 561.0 579.0 590.0 596.0 599.0 605.0 625.0 657.0 613.0 604.0 639.0 576.0 556.0 546.0 615.0 600.0 604.0 633.0 610.0 587.0 632.0 653.0 642.0 656.0 636.0 608.0 596.0 600.0 594.0 576.0 576.0 603.0 613.0 585.0 571.0 614.0 648.0 610.0 598.0 602.0 629.0 659.0 670.0 599.0 592.0 618.0 628.0 609.0 620.0 628.0 627.0 651.0 584.0 549.0 570.0 544.0 557.0 677.0 653.0 658.0 631.0 622.0 615.2613240418118 33.433024620930134
45 394.0 403.0 427.0 381.0 403.0 415.0 409.0 421.0 422.0 431.0 432.0 422.0 420.0 416.0 405.0 417.0 412.0 442.0 450.0 460.0 439.0 423.0 432.0 437.0 438.0 434.0 414.0 383.0 388.0 383.0 432.0 418.0 448.0 443.0 395.0 400.0 402.0 416.0 420.0 424.0 426.0 430.0 429.0 438.0 434.0 421.0 429.0 456.0 434.0 435.0 447.0 466.0 425.0 402.0 407.0 411.0 424.0 427.0 434.0 417.0 408.0 363.0 332.0 421.0 422.0 409.0 410.0 401.0 418.0 415.0 385.0 415.0 422.0 415.0 423.0 409.0 394.0 411.0 437.0 408.0 414.0 429.0 417.0 414.0 405.0 364.0 360.0 430.0 418.0 408.0 429.0 426.0 368.0 391.0 416.0 426.0 407.0 406.0 400.0 354.0 364.0 423.0 420.0 413.0 360.0 355.0 395.0 403.0 405.0 431.0 424.0 412.0 381.0 451.0 426.0 417.0 370.0 374.0 413.0 423.0 424.0 420.0 424.0 423.0 391.0 386.0 410.0 386.0 398.0 395.0 389.0 409.0 430.0 421.0 414.0 422.0 420.0 395.0 381.0 412.0 415.0 422.0 411.0 391.0 378.0 377.0 381.0 401.0 406.0 388.0 388.0 405.0 414.0 411.0 432.0 430.0 402.0 424.0 404.0 384.0 431.0 448.0 373.0 383.0 413.0 400.0 400.0 420.0 425.0 392.0 394.0 440.0 361.0 368.0 408.0 401.0 374.0 400.0 394.0 383.0 413.0 440.0 422.0 405.0 405.0 362.0 385.0 404.0 425.0 394.0 380.0 379.0 397.0 389.0 427.0 389.0 380.0 376.0 387.0 373.0 395.0 391.0 363.0 429.0 423.0 415.0 407.0 449.0 390.0 414.0 415.0 431.0 407.0 393.0 393.0 402.0 403.0 412.0 409.0 421.0 427.0 386.0 376.0 394.0 365.0 377.0 366.0 369.0 377.0 400.0 392.0 396.0 411.0 424.0 424.0 399.0 420.0 414.0 371.0 361.0 399.0 432.0 440.0 422.0 389.0 402.0 396.0 418.0 408.0 430.0 421.0 418.0 405.0 392.0 408.0 391.0 378.0 384.0 403.0 430.0 356.0 348.0 424.0 443.0 397.0 396.0 419.0 423.0 450.0 440.0 391.0 397.0 410.0 396.0 398.0 415.0 415.0 438.0 430.0 446.0 393.0 354.0 347.0 439.0 438.0 427.0 427.0 407.6341463414634 23.115897215475147
46 271.0 248.0 249.0 271.0 236.0 259.0 260.0 254.0 264.0 267.0 272.0 280.0 271.0 264.0 262.0 271.0 261.0 262.0 281.0 278.0 289.0 314.0 267.0 274.0 275.0 277.0 281.0 263.0 245.0 250.0 250.0 271.0 274.0 291.0 279.0 255.0 258.0 271.0 263.0 267.0 261.0 269.0 272.0 271.0 279.0 273.0 267.0 278.0 325.0 275.0 268.0 285.0 304.0 268.0 249.0 266.0 257.0 268.0 265.0 267.0 273.0 257.0 214.0 235.0 263.0 268.0 261.0 251.0 254.0 267.0 265.0 242.0 267.0 271.0 263.0 266.0 259.0 242.0 253.0 243.0 265.0 259.0 271.0 259.0 263.0 273.0 225.0 230.0 275.0 264.0 257.0 263.0 269.0 239.0 257.0 256.0 272.0 259.0 251.0 249.0 222.0 223.0 264.0 262.0 257.0 232.0 264.0 244.0 251.0 242.0 257.0 261.0 243.0 260.0 271.0 273.0 258.0 235.0 242.0 262.0 264.0 271.0 262.0 269.0 267.0 242.0 240.0 263.0 240.0 261.0 234.0 254.0 254.0 267.0 270.0 264.0 266.0 268.0 230.0 246.0 262.0 256.0 268.0 243.0 241.0 220.0 246.0 240.0 260.0 251.0 247.0 245.0 261.0 247.0 239.0 277.0 272.0 266.0 250.0 267.0 241.0 264.0 280.0 236.0 252.0 259.0 259.0 238.0 257.0 266.0 263.0 264.0 276.0 233.0 234.0 238.0 241.0 231.0 267.0 261.0 245.0 265.0 257.0 273.0 250.0 245.0 232.0 243.0 260.0 270.0 254.0 238.0 245.0 249.0 243.0 271.0 274.0 245.0 241.0 252.0 245.0 244.0 252.0 237.0 272.0 267.0 251.0 257.0 267.0 269.0 264.0 262.0 236.0 248.0 246.0 270.0 248.0 261.0 256.0 253.0 266.0 270.0 236.0 225.0 259.0 220.0 240.0 229.0 236.0 253.0 260.0 248.0 249.0 273.0 260.0 271.0 253.0 276.0 265.0 236.0 222.0 266.0 285.0 282.0 263.0 256.0 252.0 260.0 276.0 273.0 274.0 277.0 262.0 255.0 245.0 261.0 244.0 236.0 263.0 251.0 278.0 229.0 267.0 272.0 271.0 257.0 255.0 266.0 259.0 278.0 279.0 248.0 249.0 259.0 250.0 258.0 256.0 260.0 274.0 275.0 277.0 254.0 245.0 223.0 271.0 269.0 264.0 258.30313588850174 15.538428246434128
47 137.0 132.0 124.0 138.0 123.0 123.0 140.0 134.0 130.0 134.0 142.0 144.0 134.0 129.0 133.0 126.0 134.0 129.0 129.0 148.0 138.0 141.0 134.0 133.0 140.0 137.0 142.0 131.0 131.0 123.0 132.0 138.0 137.0 140.0 140.0 139.0 123.0 128.0 138.0 137.0 134.0 134.0 138.0 138.0 135.0 143.0 136.0 134.0 141.0 136.0 138.0 151.0 140.0 143.0 139.0 127.0 136.0 135.0 132.0 132.0 137.0 137.0 129.0 107.0 134.0 136.0 129.0 127.0 128.0 129.0 133.0 130.0 120.0 131.0 133.0 132.0 136.0 124.0 129.0 127.0 130.0 136.0 128.0 136.0 123.0 147.0 133.0 113.0 123.0 142.0 130.0 128.0 140.0 144.0 122.0 144.0 134.0 135.0 129.0 132.0 125.0 121.0 122.0 135.0 133.0 132.0 130.0 133.0 139.0 131.0 124.0 130.0 134.0 121.0 132.0 142.0 138.0 129.0 127.0 130.0 130.0 135.0 141.0 131.0 140.0 135.0 121.0 137.0 133.0 119.0 130.0 122.0 132.0 128.0 139.0 132.0 135.0 134.0 133.0 125.0 136.0 106.0 134.0 135.0 125.0 121.0 126.0 113.0 116.0 128.0 123.0 120.0 125.0 128.0 120.0 134.0 140.0 142.0 118.0 131.0 122.0 131.0 154.0 133.0 115.0 126.0 129.0 125.0 128.0 127.0 137.0 134.0 135.0 135.0 115.0 123.0 119.0 119.0 119.0 135.0 120.0 125.0 133.0 129.0 140.0 126.0 121.0 135.0 131.0 135.0 130.0 118.0 118.0 134.0 124.0 125.0 139.0 127.0 119.0 131.0 121.0 119.0 135.0 119.0 109.0 136.0 127.0 130.0 126.0 129.0 125.0 134.0 132.0 126.0 126.0 125.0 130.0 124.0 132.0 128.0 130.0 134.0 137.0 118.0 121.0 115.0 121.0 127.0 108.0 136.0 136.0 126.0 124.0 129.0 139.0 133.0 132.0 121.0 144.0 134.0 115.0 110.0 139.0 135.0 136.0 132.0 131.0 136.0 134.0 128.0 133.0 134.0 138.0 132.0 122.0 142.0 126.0 125.0 120.0 130.0 121.0 127.0 115.0 122.0 140.0 139.0 122.0 134.0 137.0 134.0 140.0 135.0 123.0 131.0 126.0 130.0 130.0 127.0 133.0 140.0 140.0 131.0 131.0 121.0 129.0 138.0 135.0 130.49825783972125 7.765746270390464
48 5.0 5.0 5.0 5.0 5.0 5.0 5.0 5.0 6.0 5.0 5.0 5.0 5.0 5.0 5.0 5.0 5.0 5.0 5.0 5.0 5.0 5.0 5.0 5.0 5.0 5.0 5.0 5.0 5.0 5.0 5.0 5.0 5.0 5.0 5.0 5.0 5.0 5.0 5.0 5.0 5.0 5.0 5.0 5.0 5.0 5.0 5.0 5.0 6.0 6.0 6.0 6.0 6.0 6.0 6.0 6.0 6.0 6.0 5.0 5.0 5.0 5.0 5.0 4.0 4.0 4.0 6.0 6.0 5.0 5.0 5.0 5.0 5.0 5.0 5.0 5.0 5.0 5.0 5.0 5.0 5.0 6.0 6.0 6.0 5.0 5.0 5.0 5.0 5.0 5.0 5.0 5.0 5.0 5.0 4.0 6.0 6.0 5.0 5.0 5.0 5.0 5.0 5.0 5.0 5.0 6.0 5.0 5.0 5.0 6.0 5.0 5.0 5.0 5.0 5.0 5.0 5.0 6.0 5.0 5.0 5.0 6.0 6.0 6.0 5.0 5.0 5.0 5.0 5.0 5.0 5.0 5.0 6.0 6.0 6.0 6.0 6.0 6.0 5.0 5.0 5.0 4.0 4.0 4.0 5.0 5.0 5.0 5.0 5.0 6.0 5.0 5.0 5.0 6.0 5.0 5.0 6.0 6.0 6.0 6.0 5.0 5.0 5.0 6.0 5.0 5.0 5.0 5.0 5.0 5.0 5.0 5.0 6.0 5.0 5.0 5.0 5.0 5.0 5.0 5.0 5.0 5.0 5.0 5.0 5.0 6.0 5.0 5.0 5.0 6.0 6.0 6.0 5.0 5.0 6.0 5.0 5.0 6.0 5.0 5.0 5.0 5.0 5.0 5.0 4.0 5.0 5.0 6.0 5.0 5.0 5.0 5.0 5.0 5.0 5.0 6.0 6.0 5.0 5.0 5.0 5.0 5.0 5.0 5.0 5.0 5.0 4.0 5.0 5.0 5.0 5.0 5.0 5.0 5.0 5.0 5.0 6.0 6.0 6.0 6.0 5.0 4.0 4.0 4.0 4.0 4.0 4.0 6.0 6.0 5.0 5.0 5.0 5.0 5.0 5.0 5.0 5.0 5.0 5.0 5.0 5.0 5.0 5.0 5.0 6.0 6.0 6.0 6.0 6.0 6.0 6.0 6.0 5.0 5.0 5.0 5.0 5.0 5.0 5.0 5.0 5.0 5.0 5.0 5.0 5.0 5.0 5.0 5.160278745644599 0.48985218871046704
49 430.0 415.0 399.0 395.0 421.0 389.0 402.0 411.0 431.0 424.0 425.0 427.0 428.0 432.0 416.0 420.0 418.0 416.0 411.0 432.0 440.0 437.0 472.0 436.0 435.0 439.0 495.0 456.0 430.0 385.0 389.0 410.0 430.0 438.0 449.0 461.0 426.0 408.0 418.0 428.0 431.0 427.0 427.0 438.0 430.0 430.0 437.0 432.0 418.0 437.0 423.0 430.0 432.0 443.0 443.0 430.0 416.0 420.0 427.0 434.0 424.0 475.0 413.0 360.0 342.0 419.0 423.0 419.0 404.0 400.0 405.0 420.0 396.0 386.0 425.0 418.0 422.0 397.0 394.0 412.0 404.0 411.0 440.0 408.0 415.0 404.0 418.0 365.0 365.0 430.0 482.0 407.0 405.0 418.0 376.0 377.0 418.0 410.0 428.0 408.0 401.0 385.0 378.0 388.0 424.0 415.0 407.0 413.0 403.0 408.0 398.0 398.0 429.0 392.0 380.0 399.0 427.0 421.0 376.0 370.0 414.0 408.0 422.0 421.0 425.0 428.0 415.0 379.0 425.0 380.0 401.0 402.0 391.0 413.0 409.0 414.0 426.0 422.0 414.0 403.0 394.0 352.0 420.0 423.0 398.0 378.0 357.0 373.0 364.0 370.0 402.0 388.0 385.0 398.0 385.0 383.0 407.0 439.0 431.0 401.0 409.0 381.0 405.0 435.0 408.0 380.0 405.0 416.0 416.0 410.0 412.0 425.0 421.0 422.0 372.0 400.0 383.0 379.0 380.0 376.0 427.0 381.0 378.0 402.0 419.0 428.0 378.0 384.0 387.0 396.0 428.0 418.0 378.0 379.0 410.0 400.0 406.0 437.0 381.0 369.0 407.0 388.0 378.0 428.0 370.0 384.0 421.0 410.0 402.0 416.0 369.0 374.0 419.0 394.0 376.0 393.0 388.0 388.0 416.0 409.0 406.0 415.0 427.0 426.0 357.0 367.0 370.0 379.0 352.0 357.0 421.0 410.0 398.0 406.0 397.0 416.0 429.0 398.0 399.0 428.0 378.0 362.0 377.0 432.0 437.0 430.0 417.0 422.0 378.0 435.0 405.0 418.0 434.0 396.0 414.0 402.0 414.0 406.0 386.0 379.0 397.0 378.0 375.0 360.0 404.0 430.0 405.0 400.0 426.0 423.0 424.0 453.0 396.0 394.0 416.0 402.0 413.0 415.0 411.0 419.0 425.0 430.0 410.0 373.0 359.0 375.0 431.0 407.7317073170732 23.7907795989964
50 305.0 306.0 286.0 278.0 282.0 320.0 288.0 277.0 289.0 298.0 300.0 310.0 299.0 313.0 299.0 298.0 298.0 294.0 294.0 293.0 305.0 294.0 332.0 316.0 296.0 297.0 361.0 303.0 312.0 303.0 301.0 268.0 310.0 303.0 303.0 313.0 308.0 300.0 287.0 311.0 304.0 306.0 307.0 295.0 296.0 298.0 311.0 317.0 306.0 285.0 310.0 306.0 309.0 301.0 298.0 310.0 301.0 288.0 285.0 297.0 316.0 313.0 306.0 300.0 288.0 292.0 295.0 300.0 277.0 241.0 279.0 292.0 295.0 288.0 280.0 291.0 293.0 299.0 295.0 282.0 291.0 286.0 289.0 298.0 289.0 307.0 309.0 302.0 295.0 268.0 266.0 311.0 289.0 290.0 292.0 275.0 265.0 301.0 304.0 301.0 288.0 293.0 281.0 269.0 281.0 303.0 294.0 297.0 287.0 287.0 299.0 294.0 285.0 306.0 306.0 269.0 282.0 321.0 297.0 267.0 263.0 263.0 291.0 302.0 317.0 305.0 305.0 302.0 265.0 310.0 295.0 290.0 274.0 265.0 300.0 292.0 284.0 291.0 297.0 282.0 269.0 271.0 307.0 263.0 299.0 294.0 291.0 265.0 282.0 262.0 283.0 288.0 273.0 282.0 268.0 281.0 302.0 300.0 309.0 314.0 289.0 266.0 274.0 290.0 309.0 298.0 249.0 280.0 295.0 280.0 314.0 300.0 277.0 296.0 296.0 303.0 296.0 257.0 280.0 264.0 266.0 317.0 286.0 266.0 268.0 300.0 299.0 301.0 274.0 290.0 295.0 299.0 296.0 269.0 269.0 286.0 319.0 302.0 285.0 263.0 264.0 290.0 280.0 272.0 291.0 274.0 277.0 294.0 291.0 301.0 290.0 268.0 288.0 301.0 279.0 277.0 277.0 283.0 271.0 289.0 292.0 278.0 292.0 307.0 307.0 262.0 283.0 252.0 255.0 251.0 250.0 287.0 286.0 282.0 276.0 300.0 278.0 305.0 270.0 270.0 300.0 267.0 275.0 294.0 292.0 316.0 301.0 272.0 286.0 263.0 302.0 290.0 256.0 304.0 289.0 342.0 276.0 302.0 293.0 273.0 272.0 283.0 280.0 250.0 261.0 278.0 307.0 299.0 299.0 293.0 284.0 311.0 314.0 301.0 282.0 288.0 289.0 291.0 295.0 290.0 296.0 304.0 319.0 294.0 308.0 251.0 294.0 290.45644599303137 16.773397766688642
51 150.0 192.0 192.0 130.0 119.0 231.0 156.0 149.0 226.0 177.0 153.0 200.0 144.0 210.0 343.0 123.0 659.0 148.0 148.0 118.0 148.0 291.0 185.0 156.0 179.0 141.0 162.0 165.0 642.0 182.0 171.0 105.0 164.0 137.0 200.0 200.0 171.0 233.0 141.0 197.0 185.0 134.0 193.0 156.0 156.0 197.0 158.0 142.0 157.0 165.0 188.0 150.0 164.0 207.0 152.0 138.0 161.0 185.0 129.0 138.0 186.0 156.0 156.0 164.0 129.0 131.0 164.0 228.0 170.0 131.0 170.0 161.0 172.0 130.0 155.0 135.0 184.0 169.0 165.0 139.0 172.0 157.0 163.0 148.0 159.0 160.0 217.0 143.0 150.0 152.0 119.0 179.0 155.0 147.0 166.0 140.0 152.0 145.0 159.0 212.0 181.0 144.0 144.0 134.0 165.0 183.0 168.0 152.0 165.0 169.0 139.0 156.0 156.0 230.0 174.0 159.0 137.0 268.0 171.0 145.0 134.0 121.0 215.0 149.0 168.0 175.0 191.0 150.0 144.0 202.0 144.0 182.0 139.0 140.0 254.0 213.0 196.0 187.0 216.0 176.0 143.0 156.0 202.0 119.0 478.0 185.0 162.0 165.0 165.0 144.0 153.0 219.0 168.0 149.0 152.0 210.0 129.0 162.0 184.0 169.0 164.0 227.0 158.0 215.0 220.0 166.0 148.0 198.0 156.0 178.0 161.0 202.0 138.0 425.0 154.0 145.0 148.0 172.0 247.0 137.0 203.0 578.0 630.0 300.0 769.0 386.0 325.0 248.0 187.0 372.0 269.0 850.0 161.0 174.0 158.0 174.0 185.0 158.0 148.0 180.0 152.0 221.0 205.0 168.0 311.0 148.0 222.0 1160.0 238.0 419.0 205.0 151.0 229.0 150.0 154.0 162.0 277.0 164.0 242.0 127.0 162.0 157.0 391.0 193.0 145.0 159.0 161.0 170.0 158.0 152.0 129.0 153.0 215.0 180.0 176.0 203.0 124.0 184.0 152.0 124.0 153.0 165.0 136.0 600.0 139.0 236.0 253.0 140.0 146.0 118.0 165.0 243.0 133.0 659.0 188.0 149.0 178.0 177.0 166.0 160.0 151.0 282.0 153.0 276.0 166.0 150.0 170.0 173.0 173.0 194.0 139.0 197.0 196.0 204.0 139.0 143.0 155.0 192.0 195.0 2087.0 132.0 166.0 213.0 184.0 148.0 111.0 148.0 201.32752613240413 158.69880885492014
END
#################################################################
SECTION3 (Edges Information)
EndPoint0 EndPoint1 Weight
0 1 1.000000
1 2 1.000000
2 3 1.000000
3 4 1.000000
4 5 1.000000
5 6 1.000000
6 7 1.000000
7 8 1.000000
8 9 1.000000
9 10 1.000000
10 11 1.000000
11 12 1.000000
12 13 1.000000
13 14 1.000000
14 15 1.000000
15 16 1.000000
16 17 1.000000
17 18 1.000000
18 19 1.000000
19 20 1.000000
20 21 1.000000
21 22 1.000000
22 23 1.000000
23 24 1.000000
24 25 1.000000
25 26 1.000000
26 27 1.000000
27 28 1.000000
28 29 1.000000
29 30 1.000000
30 31 1.000000
31 32 1.000000
32 33 1.000000
33 34 1.000000
34 35 1.000000
35 36 1.000000
36 37 1.000000
37 38 1.000000
38 39 1.000000
39 40 1.000000
40 41 1.000000
41 42 1.000000
42 43 1.000000
43 44 1.000000
44 45 1.000000
45 46 1.000000
46 47 1.000000
47 48 1.000000
48 49 1.000000
49 50 1.000000
50 51 1.000000
END
#################################################################
SECTION4 (TrueSubGraph Information)
EndPoint0 EndPoint1 Weight
END
#################################################################
