0  18 20160402 145,147
1  27 20160527 247,249
2  48 20160515 231,233
3  16 20160723 241,244
4  24 20160423 203,205
5  27 20160501 111,113
6  16 20160403 97,99
7  44 20160306 81,83
8  44 20160824 249,251
9  38 20160515 238,240
10  12 20160618 165,167
11  26 20160430 173,175
12  26 20160311 171,173
13  25 20160303 166,168
14  27 20160704 123,125
15  18 20160715 201,212
16  41 20160430 148,150
17  8 20160515 130,132
18  52 20160730 161,163
19  12 20160804 184,187
20  10 20160515 87,90
21  1 20160731 194,200
22  12 20160808 139,143
23  27 20160827 85,87
24  32 20160821 146,149
25  15 20160416 249,251
26  37 20160322 90,97
27  53 20160306 98,101
28  53 20160325 76,79
29  50 20160627 137,139
30  40 20160416 237,239
31  37 20160708 106,117
32  53 20160807 234,236
33  25 20160918 108,110
34  25 20160401 142,144
35  12 20160808 152,156
36  53 20160430 245,247
37  47 20160808 188,195
38  27 20160904 116,118
39  17 20160824 169,171
40  12 20160804 194,196
41  7 20160708 196,201
42  9 20160605 85,87
43  0 20160310 200,202
44  0 20160515 175,177
45  6 20160410 221,226
46  47 20160507 134,136
47  53 20160403 79,81
48  27 20160716 161,163
49  9 20160824 140,142
50  52 20160905 147,158
51  32 20160619 222,233
52  43 20160728 249,251
53  3 20160908 82,86
54  1 20160329 126,128
55  28 20160824 156,166
56  47 20160827 228,230
57  12 20160808 126,128
58  40,41 20160916 119,130
59  47 20160823 240,242
60  37 20160702 172,174
61  37 20160708 131,136
62  12 20160815 158,161
63  39 20160926 125,128
64  37 20160702 189,191
65  4 20160830 77,81
66  27 20160907 232,234
67  27 20160501 85,87
68  16 20160731 91,93
69  32 20160516 142,145
70  9 20160529 92,94
71  43 20160714 247,250
72  12 20160804 142,147
73  43 20160704 139,142
74  53 20160618 202,204
75  27 20160903 92,94
76  15 20160928 128,130
77  12 20160815 182,189
78  25 20160926 238,240
79  53 20160717 86,88
80  31 20160705 153,155
81  53 20160528 191,193
82  53 20160318 209,211
83  53 20160907 239,241
84  53 20160422 185,187
85  53 20160324 239,241
86  53 20160505 226,228
87  53 20160329 152,154
88  53 20160716 91,93
89  53 20160518 190,192
90  53 20160828 81,83
91  53 20160326 74,76
92  53 20160611 105,107
93  53 20160815 245,247
94  53 20160603 79,81
95  53 20160821 228,230
96  53 20160901 232,234
97  53 20160806 217,219
98  53 20160715 240,242
99  53 20160909 183,185
100  53 20160612 207,209
101  53 20160719 154,156
102  53 20160708 221,223
103  53 20160811 229,231
104  53 20160610 231,233
105  53 20160823 83,85
106  53 20160828 232,234
107  53 20160923 190,192
108  53 20160815 229,231
109  53 20160513 192,194
110  32 20160714 224,231
111  53 20160526 200,202
112  53 20160714 188,190
113  53 20160804 247,249
114  12 20160815 196,205
115  3 20160810 97,103
116  53 20160602 139,141
117  53 20160709 190,192
118  53 20160513 166,168
119  12 20160808 165,173
120  53 20160514 165,167
121  43 20160728 232,243
122  8 20160708 175,186
123  18 20160910 232,234
124  9 20160319 240,242
125  3 20160525 92,96
126  12 20160804 160,167
127  43 20160928 204,212
128  7 20160714 113,115
129  45 20160706 126,131
130  2 20160730 214,216
131  30 20160925 245,247
132  42 20160325 143,154
133  23 20160423 141,143
134  34 20160730 90,92
135  50 20160613 133,140
136  30 20160828 189,191
137  11 20160721 155,161
138  1 20160803 244,251
139  53 20160430 105,107
140  53 20160611 225,231
141  28 20160929 130,141
142  40 20160519 199,209
143  12 20160804 172,177
144  53 20160915 206,208
145  43 20160712 218,229
146  1 20160829 103,109
147  43 20160908 245,249
148  9 20160822 149,157
149  1 20160711 95,106
150  44 20160401 172,174
151  17 20160612 85,87
152  53 20160313 116,118
153  45 20160508 226,228
154  18 20160622 142,144
155  3 20160826 241,243
156  44 20160529 230,232
157  53 20160813 247,249
158  22 20160926 176,184
159  17 20160811 222,224
160  34 20160501 79,81
161  25,26 20160826 205,213
162  15 20160822 126,137
163  1 20160729 199,203
164  48 20160627 196,199
165  1 20160601 90,101
166  42 20160730 143,145
167  1,2,3 20160913 87,98
168  43 20160812 189,195
169  47 20160512 149,159
170  20 20160530 241,243
171  1 20160724 214,219
172  1 20160806 182,184
173  1 20160825 95,106
174  33,34 20160530 148,159
175  19 20160502 197,199
176  53 20160402 167,169
177  53 20160717 159,161
178  48 20160426 85,88
179  1 20160323 91,102
180  27 20160701 234,237
181  6 20160502 241,245
182  7 20160529 112,114
183  39 20160602 132,134
184  43 20160424 158,161
185  44 20160701 194,196
186  3 20160826 72,77
187  53 20160424 119,121
188  53 20160913 197,199
189  12 20160725 155,157
190  53 20160731 246,248
191  1 20160309 102,105
192  20 20160623 197,203
193  1 20160729 171,180
194  43 20160718 118,124
195  4 20160514 187,189
196  26 20160507 240,242
197  26 20160802 128,132
198  40,41 20160904 77,81
199  16 20160529 72,76
200  2,3 20160509 92,100
201  45 20160401 202,204
202  53 20160703 209,211
203  1 20160330 129,137
204  21 20160506 193,195
205  53 20160820 85,87
206  53 20160621 226,228
207  23 20160921 160,162
208  53 20160709 181,183
209  37 20160519 116,127
210  27 20160724 95,97
211  1 20160817 146,148
212  50 20160710 194,204
213  49 20160416 107,109
214  18 20160929 152,163
215  42 20160414 157,159
216  53 20160917 210,212
217  53 20160326 94,96
218  1 20160926 101,106
219  43 20160802 225,233
220  53 20160319 175,177
221  47 20160614 121,132
222  53 20160903 188,191
223  46 20160615 117,124
224  52,53 20160316 184,190
225  53 20160415 238,240
226  47 20160513 117,128
227  2 20160912 246,248
228  53 20160905 84,87
229  12 20160803 170,172
230  53 20160521 84,86
231  53 20160316 212,218
232  1 20160731 161,165
233  16 20160523 245,249
234  25 20160713 75,77
235  53 20160327 88,90
236  26 20160629 214,221
237  3 20160923 226,228
238  12 20160817 180,191
239  37 20160905 188,198
240  48 20160305 186,189
241  3 20160712 93,99
242  20 20160415 193,204
243  15 20160508 95,98
244  27 20160618 126,128
245  53 20160618 92,94
246  52 20160610 112,114
247  40 20160807 78,83
248  33 20160519 132,135
249  1 20160615 94,96
250  12 20160803 178,189
251  12 20160824 185,191
252  48 20160425 75,77
253  17 20160724 124,126
254  53 20160320 112,114
255  53 20160702 234,237
256  1 20160929 216,222
257  24 20160911 77,79
258  39 20160421 116,123
259  53 20160703 237,239
260  6 20160928 73,75
261  45 20160330 86,97
262  26 20160512 129,140
263  53 20160312 77,79
264  53 20160721 143,145
265  53 20160320 162,164
266  53 20160424 213,215
267  53 20160422 244,246
268  53 20160820 114,116
269  53 20160327 225,227
270  53 20160409 99,101
271  48 20160616 236,247
272  52 20160729 243,245
273  48,49,50,51 20160409 217,220
274  18 20160430 72,74
275  12 20160817 170,174
276  11 20160422 118,122
277  52 20160506 233,241
278  16 20160813 157,159
279  53 20160314 235,237
280  16 20160924 189,192
281  25 20160827 156,158
282  11 20160721 171,177
283  19 20160620 121,129
284  22 20160914 115,124
285  33 20160616 127,132
286  15 20160711 139,150
287  53 20160511 239,241
288  53 20160808 227,229
289  5 20160914 87,92
290  4 20160501 153,155
291  53 20160916 247,249
292  46 20160615 134,136
293  42 20160402 247,250
294  33 20160925 84,86
295  18 20160828 201,211
296  20 20160608 111,113
297  25 20160801 88,90
298  30 20160515 99,102
299  32 20160821 85,87
300  12 20160725 135,145
301  39 20160926 115,118
302  53 20160813 180,182
303  53 20160604 198,200
304  14 20160702 135,137
305  53 20160509 159,161
306  14 20160702 127,130
307  53 20160723 120,122
308  37 20160813 187,191
309  27 20160905 108,110
310  53 20160312 178,180
311  1 20160701 149,160
312  1 20160404 80,91
313  53 20160312 143,145
314  1 20160302 89,100
315  18 20160607 163,169
316  10 20160822 212,219
317  37 20160509 119,130
318  39 20160720 197,200
319  43 20160803 217,220
320  6 20160916 243,245
321  28 20160521 244,246
322  52 20160527 208,210
323  30 20160409 78,80
324  17 20160306 141,143
325  53 20160402 225,228
326  9 20160716 233,235
327  53 20160319 160,162
328  38 20160725 103,105
329  50 20160531 145,155
330  53 20160312 113,115
331  53 20160725 95,97
332  53 20160429 209,211
333  43 20160713 219,224
334  53 20160417 245,247
335  52 20160703 163,165
336  53 20160320 212,214
337  53 20160521 163,165
338  53 20160327 120,122
339  53 20160428 149,151
340  43 20160727 240,243
341  20 20160411 227,232
342  42 20160726 90,93
343  53 20160528 114,116
344  50 20160918 179,190
345  7 20160501 196,198
346  27 20160503 233,235
347  53 20160827 183,188
348  42 20160414 179,181
349  53 20160622 225,227
350  52 20160709 155,157
351  27 20160616 139,143
352  24 20160314 157,159
353  53 20160302 199,201
354  53 20160902 105,107
355  53 20160625 107,109
356  53 20160406 247,249
357  1 20160616 92,100
358  52 20160401 224,226
359  1 20160725 192,197
360  1 20160814 170,172
361  17 20160715 73,75
362  33 20160616 110,116
363  30 20160902 206,212
364  38 20160423 76,78
365  43 20160720 223,234
366  17 20160814 185,191
367  24 20160704 78,80
368  17 20160311 231,237
369  12 20160812 166,176
370  3 20160922 92,100
371  3 20160615 233,235
372  1 20160805 191,196
373  53 20160820 234,237
374  16 20160320 138,140
375  0 20160624 94,96
376  43 20160726 223,234
377  44 20160619 78,80
378  53 20160509 235,237
379  14,15 20160802 154,165
380  27 20160711 189,191
381  53 20160723 130,133
382  1 20160824 90,101
383  20 20160624 147,154
384  32 20160414 119,124
385  38 20160520 198,202
386  46 20160922 208,216
387  53 20160626 234,236
388  53 20160304 240,242
389  18 20160917 123,125
390  9 20160604 138,141
391  53 20160508 128,133
392  53 20160806 81,83
393  38 20160905 99,101
394  53 20160904 192,194
395  53 20160718 241,243
396  1 20160915 88,99
397  1 20160706 92,100
398  15 20160825 176,184
399  53 20160602 192,194
400  40 20160508 111,113
401  12 20160803 154,165
402  47 20160505 102,113
403  53 20160529 209,211
404  53 20160410 88,90
405  1 20160919 87,98
406  9 20160506 248,250
407  26 20160518 112,123
408  15 20160811 148,159
409  53 20160401 230,232
410  53 20160409 136,138
411  53 20160730 193,195
412  45,46,47 20160410 240,251
413  1 20160907 87,98
414  20 20160404 74,77
415  1 20160912 86,97
416  53 20160812 215,217
417  12 20160728 121,132
418  1 20160805 235,239
419  1 20160923 103,105
420  41 20160820 202,204
421  18 20160328 242,245
422  24 20160522 151,153
423  39,40 20160715 148,158
424  53 20160625 163,167
425  53 20160625 195,197
426  53 20160402 243,245
427  53 20160819 233,235
428  18 20160622 106,117
429  12 20160727 178,189
430  53 20160603 103,105
431  43 20160712 241,244
432  2 20160501 204,206
433  1 20160701 179,181
434  37 20160512 92,103
435  24 20160918 93,95
436  53 20160723 146,156
437  53 20160622 233,235
438  11 20160724 73,75
439  12 20160804 210,218
440  52 20160323 178,180
441  52 20160531 199,205
442  38 20160626 73,75
443  1 20160928 86,97
444  1 20160412 90,101
445  53 20160620 137,142
446  53 20160829 170,173
447  42,43 20160501 129,140
448  1 20160524 89,100
449  53 20160709 131,133
450  39 20160421 91,102
451  53 20160717 132,141
452  1 20160418 87,98
453  43 20160711 219,227
454  29 20160417 135,138
455  16 20160418 246,248
456  36 20160401 217,219
457  53 20160706 188,193
458  8 20160429 77,79
459  36 20160816 117,119
460  31 20160923 107,118
461  20 20160922 141,146
462  53 20160910 180,182
463  53 20160325 206,208
464  38 20160327 116,118
465  1 20160411 89,98
466  1 20160927 88,99
467  1 20160405 90,101
468  53 20160409 153,155
469  18 20160519 154,165
470  53 20160820 245,247
471  28,29,30,31 20160715 162,173
472  1 20160607 89,100
473  1 20160523 91,94
474  53 20160820 104,106
475  24 20160326 239,241
476  53 20160312 236,239
477  53 20160420 221,224
478  14 20160811 173,184
479  53 20160917 160,163
480  53 20160312 121,123
481  53 20160307 203,205
482  53 20160704 236,238
483  53 20160813 76,78
484  26 20160522 99,101
485  53 20160330 116,118
486  53 20160604 232,234
487  1,2 20160426 101,108
488  26 20160516 160,170
489  1 20160729 155,159
490  53 20160911 123,126
491  53 20160527 137,139
492  33 20160601 117,123
493  26 20160518 160,170
494  16 20160716 212,214
495  44 20160326 247,249
496  1 20160808 89,97
497  53 20160806 203,208
498  18 20160611 142,146
499  38 20160619 74,76
500  12 20160728 138,149
501  53 20160816 72,74
502  28 20160908 175,180
503  53 20160811 187,196
504  1 20160929 87,98
505  42 20160919 155,158
506  53 20160826 125,127
507  1 20160613 89,98
508  53 20160827 164,167
509  24 20160321 125,127
510  26 20160817 123,125
511  47 20160510 99,106
512  1,2 20160921 87,98
513  53 20160626 186,196
514  53 20160617 231,233
515  53 20160825 116,125
516  53 20160925 105,107
517  24 20160626 92,95
518  53 20160904 91,93
519  53 20160926 163,165
520  38 20160617 214,216
521  12 20160728 180,189
522  16 20160416 169,172
523  53 20160312 220,222
524  1 20160622 90,98
525  1 20160413 90,100
526  53 20160630 213,216
527  31 20160508 160,162
528  53 20160617 116,127
529  34 20160927 242,244
530  37 20160526 90,95
531  14 20160803 199,201
532  53 20160626 158,164
533  53 20160630 187,195
534  53 20160813 132,140
535  53 20160702 86,88
536  53 20160625 142,152
537  32 20160530 170,177
538  53 20160729 237,239
539  1 20160404 104,110
540  1 20160404 124,135
541  15 20160711 126,128
542  0 20160304 220,222
543  38 20160409 168,170
544  24 20160619 153,156
545  1 20160504 90,97
546  53 20160710 154,160
547  47 20160506 132,142
548  53 20160717 124,126
549  18 20160813 204,210
550  23 20160520 183,185
551  53 20160507 215,217
552  53 20160730 116,127
553  53 20160806 163,165
554  24 20160906 239,241
555  53 20160610 179,190
556  12 20160818 121,125
557  53 20160626 130,133
558  53 20160924 158,160
559  53 20160911 167,169
560  53 20160818 156,159
561  53 20160807 173,179
562  1 20160722 179,190
563  42 20160624 167,171
564  16 20160416 86,88
565  16 20160717 237,239
566  53 20160420 117,119
567  53 20160410 99,101
568  53 20160911 231,233
569  53 20160930 247,249
570  53 20160709 203,205
571  1 20160301 88,97
572  15 20160802 178,186
573  37 20160311 215,221
574  47 20160506 144,155
575  0 20160507 190,192
576  53 20160417 76,82
577  1 20160608 90,100
578  53 20160919 74,76
579  53 20160514 204,206
580  53 20160606 160,162
581  1 20160620 88,98
582  53 20160521 147,149
583  1,2,3 20160906 85,96
584  53 20160826 134,141
585  53 20160407 219,221
586  12 20160403 151,157
587  1 20160809 217,227
588  53 20160717 233,235
589  12 20160721 184,193
590  53 20160410 158,161
591  53 20160917 246,250
592  53 20160916 89,91
593  5 20160824 204,214
594  53 20160717 200,203
595  1 20160707 139,148
596  4 20160929 182,189
597  27 20160921 138,143
598  1 20160414 90,99
599  53 20160528 160,162
600  53 20160710 134,136
601  16 20160814 234,236
602  10,11,12 20160515 209,219
603  53 20160710 123,128
604  33 20160918 79,81
605  53 20160826 157,167
606  43 20160409 202,205
607  49 20160531 96,98
608  33 20160719 101,103
609  6 20160518 80,82
610  53 20160807 127,138
611  26,27 20160922 116,127
612  43 20160430 222,232
613  53 20160909 246,248
614  24 20160617 249,251
615  32 20160523 195,206
616  53 20160924 135,140
617  53 20160713 132,143
618  16 20160403 124,126
619  47 20160923 122,131
620  1 20160807 156,158
621  10 20160501 164,174
622  39 20160529 163,168
623  1,2 20160920 87,98
624  39 20160425 92,100
625  53 20160807 199,206
626  9 20160813 233,237
627  16 20160313 95,98
628  53 20160711 249,251
629  1 20160826 152,154
630  9 20160418 223,234
631  16 20160903 231,239
632  10 20160323 225,229
633  53 20160405 222,224
634  53 20160408 198,200
635  47 20160402 239,241
636  53 20160727 216,219
637  1 20160718 89,100
638  1 20160606 86,97
639  12 20160728 155,162
640  53 20160824 216,223
641  44 20160807 186,188
642  32 20160520 244,251
643  1 20160519 90,96
644  53 20160718 158,160
645  43 20160801 241,245
646  53 20160902 232,234
647  53 20160302 235,237
648  38 20160929 73,75
649  53 20160402 127,131
650  53 20160701 106,115
651  24 20160604 239,241
652  53 20160608 131,134
653  53 20160311 199,202
654  53 20160328 72,74
655  53 20160305 209,211
656  2 20160424 135,138
657  24 20160331 225,227
658  53 20160920 152,154
659  17 20160906 191,193
660  52 20160705 72,74
661  1 20160303 88,96
662  24 20160923 249,251
663  27 20160503 249,251
664  2 20160922 245,250
665  53 20160709 167,170
666  53 20160626 205,211
667  40 20160614 246,248
668  53 20160725 179,182
669  53 20160701 207,217
670  12 20160721 199,206
671  53 20160830 226,228
672  1 20160419 88,96
673  24 20160611 90,94
674  53 20160731 219,222
675  53 20160611 192,198
676  53 20160424 85,87
677  53 20160722 191,196
678  38 20160814 85,87
679  1 20160317 90,95
680  27 20160917 91,93
681  40 20160917 108,110
682  9,10 20160723 195,206
683  24 20160402 200,202
684  1 20160420 88,99
685  53 20160427 224,227
686  53 20160930 154,156
687  28 20160605 155,161
688  53 20160626 249,251
689  53 20160805 118,120
690  1 20160609 89,99
691  53 20160812 118,123
692  53 20160705 107,109
693  0 20160417 213,215
694  53 20160424 196,198
695  53 20160608 173,179
696  47 20160517 100,111
697  53 20160814 151,157
698  1 20160520 72,81
699  1 20160407 85,96
700  53 20160927 249,251
701  53 20160625 237,239
702  10 20160423 158,166
703  1 20160901 88,98
704  42 20160420 154,158
705  53 20160610 157,165
706  1 20160720 88,97
707  27 20160420 243,245
708  10 20160529 139,148
709  26 20160518 74,76
710  27 20160419 139,141
711  24,25 20160424 78,83
712  52 20160620 187,190
713  0 20160304 164,166
714  47 20160505 158,161
715  12 20160728 195,198
716  53 20160721 76,78
717  1 20160930 87,94
718  23 20160718 171,173
719  9 20160306 165,176
720  52 20160313 72,77
721  10 20160705 235,246
722  28 20160514 113,121
723  53 20160925 194,196
724  42 20160903 125,130
725  1 20160916 188,191
726  53 20160518 211,213
727  53 20160701 76,79
728  53 20160617 189,191
729  26 20160726 81,83
730  53 20160427 216,218
731  53 20160816 89,91
732  53 20160710 73,77
733  53 20160722 247,249
734  53 20160615 242,244
735  19 20160721 243,247
736  53 20160628 90,92
737  53 20160729 119,121
738  24 20160316 77,79
739  1 20160923 85,96
740  1 20160809 86,97
741  53 20160304 83,85
742  52 20160326 219,221
743  53 20160603 243,249
744  33 20160703 82,85
745  53 20160504 82,84
746  24 20160303 72,74
747  53 20160428 169,171
748  10 20160415 218,226
749  48 20160425 210,212
750  53 20160528 92,96
751  50 20160522 131,136
752  27 20160917 99,103
753  1 20160819 153,159
754  24 20160703 92,94
755  33 20160513 94,101
756  53 20160317 248,251
757  0 20160605 151,153
758  53 20160902 166,170
759  51 20160625 123,130
760  40 20160731 75,77
761  16 20160320 190,197
762  0 20160731 103,106
763  53 20160707 210,212
764  18 20160515 201,204
765  53 20160324 76,80
766  7 20160428 244,246
767  24 20160814 107,109
768  53 20160915 170,173
769  1 20160314 87,96
770  53 20160914 237,239
771  16 20160723 218,224
772  25 20160617 103,105
773  53 20160326 191,193
774  43 20160610 144,153
775  24 20160911 95,98
776  51 20160725 216,221
777  0 20160819 113,115
778  0 20160329 93,95
779  53 20160705 199,203
780  10 20160618 141,152
781  53 20160424 249,251
782  37,38,39 20160403 231,242
783  53 20160827 135,141
784  53 20160730 248,250
785  7 20160827 245,247
786  53 20160711 160,162
787  53 20160602 205,207
788  53 20160612 165,171
789  22 20160818 206,208
790  24 20160403 136,139
791  38 20160703 138,140
792  53 20160321 240,242
793  0 20160517 180,182
794  9,10 20160514 232,243
795  10 20160924 236,247
796  1 20160423 240,242
797  53 20160514 98,100
798  1 20160707 121,123
799  1 20160511 89,98
800  2 20160409 116,118
801  1 20160610 92,97
802  53 20160329 207,209
803  53 20160705 76,78
804  16 20160430 191,195
805  9,10 20160611 172,183
806  1 20160315 87,95
807  32 20160312 189,200
808  10 20160503 178,189
809  53 20160410 170,172
810  42 20160716 137,146
811  22 20160504 138,140
812  28 20160402 91,102
813  25 20160308 104,106
814  53 20160701 165,173
815  1 20160627 88,97
816  1 20160909 88,97
817  1 20160331 90,101
818  53 20160522 83,86
819  24 20160326 211,213
820  53 20160903 120,123
821  10 20160725 223,234
822  53 20160627 113,115
823  45 20160310 106,115
824  29 20160715 90,93
825  53 20160920 78,80
826  15 20160508 203,213
827  20 20160319 196,202
828  27 20160707 238,240
829  1 20160811 88,95
830  53 20160607 242,244
831  29 20160428 222,227
832  38 20160716 207,209
833  53 20160719 247,249
834  1 20160506 90,97
835  53 20160417 122,124
836  53 20160714 76,78
837  53 20160401 186,188
838  27 20160608 161,163
839  41 20160424 182,184
840  53 20160917 229,231
841  53 20160724 140,142
842  53 20160707 187,192
843  53 20160828 136,143
844  53 20160806 234,236
845  10 20160311 122,133
846  52 20160618 247,249
847  53 20160527 162,166
848  38 20160618 74,79
849  53 20160917 147,150
850  10 20160416 184,195
851  53 20160309 233,236
852  10 20160925 175,186
853  0 20160606 231,233
854  53 20160904 157,159
855  25 20160529 200,202
856  1 20160516 90,97
857  27 20160626 102,104
858  52 20160630 152,154
859  53 20160703 147,149
860  53 20160622 167,178
861  53 20160819 173,181
862  43 20160810 232,237
863  23 20160325 237,239
864  53 20160415 72,75
865  53 20160919 125,127
866  53 20160820 167,171
867  1 20160830 242,251
868  1 20160518 87,98
869  18 20160625 210,221
870  53 20160620 178,180
871  53 20160918 238,240
872  53 20160402 188,193
873  53 20160330 79,81
874  53 20160727 120,129
875  10 20160405 177,188
876  53 20160627 228,230
877  10,11 20160513 237,248
878  10,11 20160719 202,213
879  38 20160514 106,108
880  51 20160905 169,176
881  0 20160628 119,121
882  17 20160603 165,167
883  27 20160925 133,138
884  46 20160619 195,204
885  1 20160602 90,98
886  53 20160326 204,207
887  7 20160928 242,245
888  0 20160524 244,248
889  53 20160403 215,217
890  53 20160903 212,215
891  53 20160429 184,186
892  17 20160916 228,230
893  1 20160721 87,98
894  0 20160726 247,249
895  10 20160530 213,224
896  9 20160309 198,209
897  43 20160930 136,146
898  53 20160624 186,188
899  42 20160615 149,157
900  27 20160831 153,155
901  53 20160807 119,121
902  53 20160320 91,93
903  0 20160630 203,205
904  53 20160528 236,238
905  53 20160522 199,204
906  38 20160710 83,85
907  43 20160624 216,227
908  33 20160423 112,114
909  10 20160509 209,220
910  53 20160423 230,234
911  52 20160625 77,81
912  24 20160420 237,239
913  43 20160416 125,135
914  3 20160319 136,143
915  8 20160703 181,192
916  16 20160629 240,251
917  2 20160426 241,243
918  53 20160922 169,171
919  53 20160526 119,121
920  53 20160724 159,170
921  53 20160429 231,233
922  53 20160530 86,89
923  24 20160717 113,115
924  1 20160406 86,96
925  41 20160417 195,197
926  53 20160731 135,138
927  53 20160905 230,233
928  41,42,43 20160429 240,251
929  10 20160703 107,116
930  1 20160617 91,99
931  25 20160304 100,102
932  53 20160617 156,158
933  43 20160623 225,236
934  28 20160305 128,139
935  53 20160910 150,154
936  43 20160327 152,163
937  27 20160717 108,110
938  53 20160819 191,202
939  1 20160630 90,97
940  53 20160722 167,171
941  38 20160326 226,228
942  53 20160521 122,124
943  1 20160614 91,98
944  8 20160618 178,189
945  33,34 20160419 111,121
946  42 20160305 158,169
947  1 20160508 72,74
948  53 20160623 135,143
949  37 20160720 123,133
950  9 20160412 169,180
951  10 20160904 133,144
952  16 20160423 220,228
953  4 20160329 72,74
954  53 20160427 188,190
955  53 20160319 103,105
956  15 20160329 236,247
957  53 20160811 202,206
958  2 20160520 85,87
959  43 20160410 114,125
960  53 20160423 122,127
961  53 20160303 125,127
962  9 20160607 220,226
963  24 20160924 201,207
964  53 20160606 126,137
965  53 20160726 215,217
966  7 20160521 211,213
967  53 20160531 232,234
968  12 20160318 73,79
969  53 20160812 247,250
970  24 20160302 247,251
971  1 20160621 86,97
972  0 20160406 229,231
973  53 20160423 91,93
974  53 20160529 183,188
975  27 20160416 144,146
976  27 20160404 198,200
977  53 20160422 233,236
978  16 20160816 240,251
979  53 20160916 152,154
980  53 20160404 206,208
981  10 20160418 111,122
982  53 20160604 215,218
983  32 20160327 168,176
984  53 20160324 218,220
985  5 20160628 207,213
986  53 20160517 137,139
987  53 20160927 226,228
988  53 20160522 186,190
989  8 20160330 241,251
990  53 20160623 122,124
991  53 20160407 183,186
992  53 20160306 110,112
993  32 20160415 110,115
994  53 20160626 143,146
995  53 20160318 194,198
996  53 20160717 174,185
997  24 20160408 75,77
998  53 20160812 144,148
999  15,16 20160428 178,189
1000  43,44,45 20160619 96,107
1001  1 20160623 86,97
1002  8 20160605 205,208
1003  53 20160307 225,228
1004  12 20160818 192,200
1005  53 20160912 229,231
1006  53 20160313 220,222
1007  53 20160823 108,110
1008  41 20160523 145,147
1009  53 20160902 124,127
1010  12 20160930 223,234
1011  53 20160924 73,76
1012  0 20160319 89,95
1013  32 20160903 111,113
1014  1 20160831 88,99
1015  16 20160801 167,169
1016  53 20160527 74,79
1017  53 20160627 73,75
1018  53 20160729 228,230
1019  53 20160523 168,170
1020  39 20160301 240,250
1021  8,9 20160317 223,234
1022  53 20160308 226,233
1023  32 20160520 219,226
1024  14 20160822 180,185
1025  53 20160818 88,90
1026  53 20160321 184,186
1027  53 20160314 200,202
1028  1 20160414 210,212
1029  37 20160702 209,211
1030  0 20160409 244,246
1031  9 20160530 106,117
1032  53 20160610 210,212
1033  1 20160822 90,101
1034  53 20160627 178,180
1035  37 20160311 96,107
1036  53 20160510 121,124
1037  25 20160718 150,152
1038  1 20160310 86,97
1039  1 20160401 86,96
1040  1 20160908 95,100
1041  53 20160724 186,192
1042  10 20160827 98,109
1043  53 20160520 137,143
1044  38 20160604 100,109
1045  53 20160520 117,119
1046  0 20160810 125,127
1047  16 20160920 146,148
1048  32 20160301 165,175
1049  12 20160805 213,224
1050  17 20160423 249,251
1051  0 20160408 231,236
1052  0 20160404 117,121
1053  32 20160305 201,205
1054  13 20160810 154,157
1055  53 20160530 73,79
1056  43 20160415 124,135
1057  10 20160516 194,205
1058  50 20160813 94,105
1059  53 20160401 113,115
1060  53 20160418 200,203
1061  53 20160517 207,209
1062  53 20160512 227,230
1063  53 20160630 73,75
1064  12 20160505 127,136
1065  38 20160402 72,74
1066  53 20160914 72,75
1067  53 20160928 108,112
1068  34 20160619 243,245
1069  0 20160702 102,104
1070  53 20160603 201,204
1071  53 20160530 102,105
1072  25 20160524 131,134
1073  38 20160413 235,237
1074  28 20160403 195,206
1075  38 20160607 202,204
1076  53 20160505 171,179
1077  53 20160603 133,135
1078  53 20160809 145,155
1079  28 20160310 124,133
1080  10 20160517 157,168
1081  24 20160416 207,209
1082  10 20160514 137,148
1083  53 20160911 206,208
1084  53 20160325 123,126
1085  43 20160526 227,238
1086  27 20160325 228,231
1087  53 20160305 148,150
1088  53 20160613 166,169
1089  15,16 20160305 239,249
1090  53 20160629 74,76
1091  2 20160719 221,230
1092  44 20160713 246,251
1093  53 20160414 215,217
1094  16 20160706 221,227
1095  51 20160305 74,84
1096  1 20160714 91,98
1097  16 20160426 161,163
1098  27 20160403 185,187
1099  16 20160605 172,181
1100  24 20160517 230,238
1101  48 20160701 131,134
1102  10 20160820 176,187
1103  1 20160307 85,96
1104  53 20160817 100,102
1105  53 20160827 205,207
1106  9 20160821 111,122
1107  44 20160506 171,174
1108  53 20160918 121,123
1109  53 20160816 216,218
1110  18 20160830 203,208
1111  53 20160323 139,143
1112  47 20160407 101,112
1113  42 20160801 130,134
1114  17 20160301 149,151
1115  53 20160815 84,86
1116  32 20160404 184,194
1117  53 20160915 129,131
1118  53 20160722 141,143
1119  50 20160925 212,220
1120  53 20160722 150,154
1121  16 20160525 230,232
1122  53 20160821 205,207
1123  53 20160807 102,104
1124  9 20160503 141,152
1125  53 20160930 111,115
1126  47 20160517 114,121
1127  18 20160301 182,185
1128  36 20160406 158,160
1129  53 20160308 191,193
1130  25 20160524 161,170
1131  53 20160829 238,240
1132  18 20160413 74,77
1133  23 20160810 200,202
1134  35 20160815 112,115
1135  53 20160921 74,76
1136  53 20160530 127,129
1137  20 20160825 239,249
1138  53 20160303 188,192
1139  15 20160618 232,242
1140  53 20160912 75,77
1141  23 20160305 155,157
1142  46 20160925 223,229
1143  43 20160305 115,125
1144  4 20160404 238,242
1145  53 20160722 76,83
1146  23 20160317 174,176
1147  8 20160410 199,210
1148  15 20160817 85,95
1149  15 20160924 213,224
1150  47 20160331 146,150
1151  53 20160805 130,137
1152  53 20160530 201,203
1153  53 20160717 218,220
1154  36 20160326 135,138
1155  53 20160821 197,199
1156  0 20160425 233,244
1157  26 20160305 152,154
1158  1 20160502 87,97
1159  3 20160309 151,153
1160  53 20160307 105,107
1161  6 20160823 205,216
1162  28 20160412 149,160
1163  53 20160820 149,151
1164  53 20160629 147,151
1165  31 20160521 178,180
1166  53 20160313 138,141
1167  9 20160403 173,184
1168  53 20160710 97,100
1169  44 20160830 161,163
1170  45,46 20160507 91,102
1171  53 20160818 242,244
1172  48 20160416 81,83
1173  53 20160310 244,246
1174  53 20160522 241,243
1175  53 20160329 221,223
1176  34 20160902 136,138
1177  29 20160705 129,131
1178  53 20160407 115,117
1179  14 20160305 99,101
1180  52 20160626 112,116
1181  27 20160323 112,115
1182  53 20160524 179,181
1183  0 20160630 235,238
1184  0 20160519 241,246
1185  53 20160513 223,227
1186  2 20160410 143,145
1187  53 20160304 190,193
1188  53 20160806 122,133
1189  53 20160620 231,236
1190  53 20160729 132,143
1191  38 20160507 111,117
1192  1 20160815 87,97
1193  50 20160415 98,108
1194  53 20160806 106,108
1195  53 20160822 197,199
1196  43 20160721 227,238
1197  53 20160630 156,167
1198  12 20160315 203,210
1199  53 20160513 72,78
1200  53 20160624 234,236
1201  53 20160912 203,206
1202  53 20160715 119,126
1203  53 20160903 173,175
1204  11 20160704 178,189
1205  11 20160605 109,120
1206  47 20160317 214,216
1207  15 20160927 194,205
1208  10 20160806 136,147
1209  17 20160520 94,96
1210  8,9 20160528 217,228
1211  53 20160628 146,153
1212  1 20160316 88,98
1213  24 20160323 78,80
1214  53 20160810 212,214
1215  53 20160803 101,106
1216  20 20160606 189,193
1217  53 20160718 130,140
1218  32 20160506 111,118
1219  1 20160503 86,96
1220  40 20160609 159,161
1221  53 20160523 118,120
1222  53 20160601 229,232
1223  25 20160402 109,114
1224  43 20160612 119,130
1225  53 20160619 180,182
1226  53 20160902 133,135
1227  16 20160306 198,209
1228  53 20160927 112,119
1229  52 20160506 220,222
1230  16 20160321 223,230
1231  12 20160804 82,93
1232  9 20160326 153,163
1233  10 20160606 211,222
1234  53 20160907 205,207
1235  53 20160910 75,77
1236  3 20160822 243,251
1237  53 20160928 167,169
1238  24 20160518 242,244
1239  15 20160427 169,175
1240  53 20160524 210,214
1241  53 20160823 180,182
1242  5 20160913 211,222
1243  0 20160418 73,76
1244  53 20160710 177,185
1245  53 20160909 169,171
1246  53 20160314 218,220
1247  53 20160511 188,190
1248  53 20160315 78,80
1249  36 20160328 197,199
1250  43 20160415 142,151
1251  15,16,17,18 20160316 148,159
1252  53 20160831 109,120
1253  53 20160421 241,244
1254  10 20160917 182,193
1255  28 20160812 234,245
1256  24 20160401 246,248
1257  53 20160913 122,124
1258  30 20160408 83,86
1259  8 20160422 213,221
1260  42 20160408 88,98
1261  53 20160313 243,245
1262  53 20160909 157,159
1263  0 20160324 164,172
1264  53 20160418 77,81
1265  53 20160829 123,125
1266  0 20160705 92,98
1267  53 20160624 118,126
1268  10 20160512 192,203
1269  42,43 20160525 214,225
1270  53 20160822 176,178
1271  53 20160810 167,171
1272  0 20160716 246,249
1273  42 20160609 245,251
1274  15,16 20160501 222,233
1275  28 20160708 238,249
1276  23 20160416 72,74
1277  27 20160723 85,87
1278  9 20160728 100,111
1279  53 20160326 120,124
1280  53 20160326 112,115
1281  24 20160803 118,129
1282  25 20160417 172,175
1283  42 20160414 235,246
1284  53 20160605 122,124
1285  53 20160919 202,206
1286  53 20160303 230,232
1287  0 20160316 242,249
1288  7 20160614 142,147
1289  53 20160509 179,181
1290  53 20160522 170,172
1291  52 20160524 224,226
1292  53 20160328 118,127
1293  11 20160614 188,199
1294  10 20160428 116,126
1295  24 20160709 84,90
1296  53 20160807 218,220
1297  53 20160810 145,147
1298  53 20160616 185,187
1299  14 20160802 102,113
1300  51 20160327 193,195
1301  28 20160816 224,235
1302  53 20160820 156,158
1303  53 20160902 176,178
1304  53 20160605 219,221
1305  9 20160407 125,136
1306  21 20160411 113,117
1307  45 20160412 186,197
1308  53 20160927 171,173
1309  17 20160901 124,129
1310  37 20160831 136,147
1311  43 20160710 239,249
1312  1,2 20160727 86,96
1313  53 20160920 229,234
1314  1 20160831 235,246
1315  16 20160528 139,148
1316  53 20160901 78,81
1317  1 20160629 84,95
1318  53 20160613 234,236
1319  7,8,9 20160531 118,127
1320  53 20160814 130,136
1321  53 20160731 118,126
1322  39 20160317 133,144
1323  53 20160603 186,188
1324  53 20160910 207,209
1325  53 20160926 205,207
1326  6 20160503 121,123
1327  53 20160417 224,226
1328  53 20160813 110,112
1329  52 20160810 247,251
1330  9 20160427 150,161
1331  53 20160508 185,189
1332  45 20160322 201,212
1333  10 20160426 184,195
1334  53 20160607 121,132
1335  53 20160915 230,238
1336  53 20160628 235,238
1337  53 20160622 189,191
1338  53 20160613 224,226
1339  10 20160812 84,95
1340  10 20160425 130,141
1341  26 20160607 105,115
1342  53 20160712 144,151
1343  42 20160914 222,233
1344  10 20160502 150,161
1345  29 20160713 175,177
1346  29 20160419 155,157
1347  29 20160318 85,89
1348  53 20160722 126,132
1349  53 20160417 164,169
1350  0 20160429 99,103
1351  53 20160925 119,125
1352  10 20160412 202,213
1353  53 20160811 107,114
1354  53 20160929 106,114
1355  1 20160805 167,177
1356  19 20160331 126,133
1357  53 20160810 224,226
1358  53 20160906 208,210
1359  53 20160920 246,248
1360  50 20160429 122,133
1361  53 20160427 131,140
1362  53 20160704 151,157
1363  1 20160728 90,98
1364  53 20160310 151,154
1365  46 20160823 189,198
1366  53 20160823 131,136
1367  53 20160820 139,144
1368  25 20160324 160,162
1369  53 20160317 179,181
1370  53 20160404 166,176
1371  53 20160720 246,250
1372  24 20160604 72,74
1373  53 20160622 201,204
1374  53 20160503 165,169
1375  33 20160709 80,82
1376  53 20160426 121,128
1377  53 20160920 239,241
1378  53 20160313 232,236
1379  53 20160410 183,185
1380  0 20160317 128,131
1381  16 20160728 76,86
1382  53 20160315 170,179
1383  53 20160413 248,251
1384  53 20160914 209,211
1385  53 20160810 180,186
1386  53 20160510 170,175
1387  53 20160405 126,133
1388  32 20160526 171,182
1389  0 20160528 245,251
1390  53 20160308 139,144
1391  0 20160328 134,136
1392  0 20160316 231,238
1393  53 20160619 190,192
1394  24 20160726 148,154
1395  53 20160608 237,243
1396  53 20160306 239,241
1397  2 20160430 124,126
1398  47 20160604 168,172
1399  42 20160326 165,176
1400  53 20160407 234,237
1401  53 20160502 121,124
1402  15 20160709 235,245
1403  53 20160330 198,205
1404  22 20160317 156,163
1405  53 20160428 73,75
1406  33 20160517 192,198
1407  42 20160726 128,139
1408  53 20160629 170,176
1409  42 20160512 73,76
1410  53 20160324 147,150
1411  25 20160405 149,151
1412  29 20160816 134,136
1413  53 20160616 194,199
1414  53 20160619 118,120
1415  53 20160809 158,161
1416  53 20160425 189,198
1417  36,37 20160604 150,161
1418  53 20160710 231,235
1419  1 20160707 87,97
1420  0 20160504 164,168
1421  53 20160531 247,249
1422  53 20160905 72,74
1423  53 20160415 172,179
1424  53 20160831 188,190
1425  25 20160605 243,245
1426  9 20160318 148,159
1427  16 20160612 234,245
1428  43 20160831 218,228
1429  53 20160723 93,101
1430  53 20160828 151,157
1431  53 20160912 189,192
1432  53 20160524 76,79
1433  53 20160623 155,157
1434  53 20160517 245,251
1435  0 20160719 173,180
1436  6 20160411 142,146
1437  53 20160615 180,185
1438  53 20160630 126,128
1439  53 20160520 168,171
1440  0 20160611 154,165
1441  4 20160527 176,187
1442  53 20160316 107,109
1443  1 20160825 225,236
1444  53 20160307 146,148
1445  53 20160509 72,74
1446  1 20160328 170,176
1447  53 20160706 166,171
1448  53 20160802 205,207
1449  42 20160307 239,247
1450  42 20160830 185,196
1451  44 20160608 148,152
1452  24 20160805 151,153
1453  34 20160426 174,177
1454  53 20160929 196,201
1455  10 20160718 207,218
1456  10 20160427 117,128
1457  43 20160924 107,118
1458  53 20160621 129,133
1459  53 20160905 246,251
1460  53 20160328 210,212
1461  53 20160803 79,87
1462  53 20160613 175,177
1463  28 20160408 109,120
1464  53 20160325 103,109
1465  53 20160325 171,179
1466  53 20160609 215,225
1467  0,1,2,3,4 20160401 121,132
1468  16 20160919 230,241
1469  53 20160417 180,188
1470  25 20160512 112,117
1471  53 20160612 108,110
1472  53 20160615 72,77
1473  10 20160315 148,158
1474  53 20160829 228,232
1475  53 20160928 159,163
1476  53 20160624 74,80
1477  53 20160517 74,80
1478  53 20160602 77,79
1479  12 20160818 221,231
1480  53 20160321 145,149
1481  27 20160930 169,178
1482  28 20160324 109,120
1483  53 20160906 73,76
1484  0 20160322 213,219
1485  53 20160303 108,110
1486  53 20160802 74,76
1487  53 20160919 172,175
1488  37 20160906 105,116
1489  11 20160710 213,224
1490  0 20160426 203,214
1491  53 20160516 236,243
1492  28 20160904 226,237
1493  0 20160502 171,175
1494  53 20160304 128,130
1495  0 20160627 246,251
1496  46 20160504 111,121
1497  53 20160629 110,121
1498  28 20160423 184,190
1499  53 20160330 169,171
1500  53 20160817 205,207
1501  53 20160318 118,126
1502  53 20160324 132,141
1503  36 20160617 173,175
1504  53 20160304 201,212
1505  0 20160411 163,168
1506  53 20160404 154,157
1507  53 20160418 163,170
1508  26 20160921 108,119
1509  0 20160321 92,100
1510  24 20160505 241,248
1511  0 20160628 241,251
1512  53 20160906 174,177
1513  29 20160909 130,132
1514  38 20160725 72,76
1515  53 20160816 190,201
1516  10 20160429 137,148
1517  42 20160429 160,171
1518  53 20160330 224,232
1519  0 20160616 74,79
1520  53 20160315 115,117
1521  53 20160314 104,106
1522  53 20160421 163,165
1523  35 20160302 183,186
1524  1 20160908 215,223
1525  53 20160306 230,232
1526  53 20160417 110,112
1527  37 20160912 103,114
1528  53 20160412 247,249
1529  53 20160322 191,198
1530  53 20160910 127,129
1531  53 20160317 197,204
1532  12 20160525 143,154
1533  53 20160419 196,207
1534  17 20160322 122,124
1535  53 20160413 164,166
1536  53 20160805 160,162
1537  53 20160310 72,74
1538  9 20160904 210,221
1539  53 20160311 87,92
1540  53 20160524 195,197
1541  53 20160310 166,174
1542  53 20160614 213,220
1543  0 20160507 152,160
1544  53 20160705 220,222
1545  2 20160322 231,234
1546  43 20160910 111,122
1547  53 20160609 183,186
1548  28 20160315 237,248
1549  28 20160508 243,251
1550  53 20160313 193,198
1551  36 20160803 135,137
1552  0 20160314 175,184
1553  53 20160327 207,215
1554  25,26 20160518 137,145
1555  29 20160620 155,162
1556  53 20160413 127,133
1557  0 20160713 184,187
1558  53 20160724 245,247
1559  0 20160620 247,250
1560  53 20160525 192,198
1561  16 20160721 109,120
1562  53 20160830 147,152
1563  53 20160418 131,136
1564  53 20160406 178,188
1565  9,10 20160511 116,127
1566  53 20160417 91,96
1567  53 20160704 211,216
1568  53 20160308 79,81
1569  53 20160531 174,179
1570  53 20160621 182,184
1571  9 20160316 121,129
1572  0 20160322 147,149
1573  53 20160620 78,80
1574  0 20160408 222,225
1575  53 20160720 78,80
1576  53 20160906 219,226
1577  53 20160314 189,194
1578  53 20160425 112,117
1579  24 20160309 161,167
1580  16 20160502 73,84
1581  53 20160921 201,203
1582  53 20160512 248,250
1583  53 20160819 133,135
1584  0 20160425 176,185
1585  17 20160816 104,106
1586  42 20160628 186,196
1587  53 20160608 224,234
1588  0 20160421 211,220
1589  53 20160913 162,168
1590  53 20160328 146,148
1591  53 20160911 190,200
1592  37,38 20160910 89,100
1593  0 20160608 192,202
1594  32 20160413 143,154
1595  0 20160408 129,138
1596  53 20160504 213,216
1597  3 20160408 172,177
1598  1 20160328 89,95
1599  31 20160510 224,233
1600  0 20160321 209,218
1601  52 20160405 108,119
1602  52 20160724 236,241
1603  53 20160429 153,155
1604  53 20160606 182,184
1605  0 20160418 187,196
1606  53 20160829 210,221
1607  24 20160419 232,243
1608  3,4,5,6,7 20160605 188,199
1609  53 20160522 217,226
1610  0 20160419 176,182
1611  11 20160601 205,216
1612  13 20160826 99,101
1613  53 20160712 189,192
1614  11 20160621 155,166
1615  53 20160720 168,171
1616  16 20160713 148,159
1617  25 20160510 209,217
1618  53 20160921 247,251
1619  53 20160819 212,218
1620  0 20160422 97,107
1621  0 20160722 213,224
1622  16 20160918 146,157
1623  32 20160925 155,166
1624  53 20160331 181,184
1625  53 20160504 243,249
1626  16 20160602 231,242
1627  53 20160605 246,248
1628  0 20160720 160,166
1629  8 20160714 144,155
1630  53 20160930 193,197
1631  42 20160906 131,142
1632  11 20160615 201,212
1633  53 20160331 74,76
1634  53 20160406 206,216
1635  53 20160901 189,200
1636  53 20160628 107,109
1637  53 20160628 162,164
1638  53 20160302 169,172
1639  53 20160726 192,199
1640  53 20160904 179,185
1641  53 20160406 136,140
1642  32 20160704 191,202
1643  1 20160805 84,95
1644  16 20160330 145,155
1645  53 20160922 184,191
1646  53 20160720 177,181
1647  53 20160504 229,234
1648  53 20160421 148,150
1649  0 20160709 108,114
1650  7 20160321 74,80
1651  28 20160511 133,143
1652  52 20160909 121,126
1653  53 20160927 104,106
1654  53 20160314 117,119
1655  53 20160726 183,188
1656  0 20160919 143,145
1657  11 20160914 180,188
1658  37 20160407 157,168
1659  53 20160313 171,181
1660  43 20160609 126,137
1661  0 20160422 152,158
1662  15,16 20160726 115,126
1663  33 20160817 220,227
1664  53 20160725 242,246
1665  11 20160901 206,217
1666  53 20160330 211,215
1667  9,10,11,12 20160422 161,172
1668  53 20160321 196,204
1669  53 20160419 213,224
1670  1 20160422 85,96
1671  53 20160319 73,78
1672  0 20160411 123,127
1673  7 20160510 237,248
1674  53 20160526 185,188
1675  53 20160412 232,238
1676  53 20160729 74,79
1677  53 20160801 193,199
1678  53 20160912 148,155
1679  53 20160621 247,251
1680  21 20160318 131,133
1681  38 20160319 121,123
1682  53 20160908 207,214
1683  53 20160527 107,118
1684  53 20160519 72,75
1685  18 20160404 217,228
1686  52,53 20160701 88,99
1687  53 20160830 133,140
1688  53 20160412 136,138
1689  0 20160516 77,82
1690  53 20160707 76,83
1691  53 20160908 160,164
1692  19 20160609 230,240
1693  53 20160829 151,153
1694  53 20160516 107,117
1695  53 20160718 194,196
1696  24 20160729 85,95
1697  53 20160601 138,148
1698  52,53 20160313 153,161
1699  53 20160622 74,80
1700  53 20160307 131,133
1701  53 20160525 72,79
1702  53 20160907 129,133
1703  53 20160331 164,175
1704  53 20160329 177,179
1705  53 20160919 183,185
1706  53 20160809 111,116
1707  29 20160722 97,99
1708  0 20160324 186,193
1709  53 20160913 174,180
1710  2 20160602 224,226
1711  53 20160412 111,119
1712  53 20160822 77,81
1713  53 20160507 74,76
1714  53 20160830 113,124
1715  0 20160411 187,192
1716  53 20160721 211,221
1717  53 20160712 129,131
1718  27 20160816 167,176
1719  53 20160805 74,77
1720  53 20160405 158,163
1721  53 20160510 194,204
1722  0 20160511 165,172
1723  53 20160331 112,120
1724  53 20160711 203,206
1725  0 20160318 100,108
1726  53 20160801 186,188
1727  53 20160407 72,77
1728  53 20160609 168,172
1729  1 20160809 242,251
1730  2,3 20160921 217,228
1731  52 20160817 240,251
1732  0 20160509 248,251
1733  52 20160831 201,209
1734  53 20160522 232,234
1735  53 20160907 219,221
1736  53 20160308 165,175
1737  53 20160531 220,224
1738  0 20160707 160,167
1739  0 20160308 125,132
1740  53 20160510 74,82
1741  53 20160924 96,101
1742  53 20160804 106,111
1743  53 20160919 245,249
1744  53 20160303 202,210
1745  53 20160808 241,248
1746  53 20160322 162,173
1747  41 20160601 131,134
1748  53 20160306 249,251
1749  53 20160331 241,246
1750  53 20160419 74,76
1751  53 20160420 189,191
1752  53 20160621 104,114
1753  53 20160302 74,80
1754  53 20160331 201,204
1755  53 20160706 138,148
1756  53 20160630 104,113
1757  32 20160602 163,174
1758  16 20160823 143,154
1759  53 20160825 196,204
1760  53 20160920 106,114
1761  11 20160914 192,203
1762  53 20160428 104,114
1763  0 20160405 248,251
1764  15 20160826 86,97
1765  53 20160906 118,122
1766  53 20160609 140,145
1767  53 20160428 96,98
1768  53 20160722 225,231
1769  53 20160302 118,127
1770  53 20160906 157,161
1771  53 20160907 184,190
1772  53 20160307 187,191
1773  53 20160921 235,241
1774  53 20160411 76,81
1775  4 20160601 181,192
1776  40 20160920 116,123
1777  24 20160629 130,137
1778  53 20160629 183,187
1779  53 20160301 217,225
1780  53 20160623 166,175
1781  53 20160414 142,145
1782  8 20160908 128,139
1783  53 20160913 141,144
1784  53 20160603 219,225
1785  53 20160418 145,156
1786  11 20160809 186,197
1787  53 20160602 243,250
1788  0 20160322 186,189
1789  53 20160617 76,78
1790  11 20160613 191,202
1791  53 20160420 73,82
1792  53 20160330 181,190
1793  25 20160503 73,75
1794  53 20160726 160,170
1795  26 20160614 165,167
1796  52 20160324 202,211
1797  31 20160809 123,134
1798  53 20160907 144,154
1799  53 20160307 180,182
1800  53 20160727 137,146
1801  53 20160526 150,154
1802  0 20160329 182,192
1803  3 20160328 154,165
1804  36 20160309 246,248
1805  33 20160719 120,130
1806  53 20160516 218,225
1807  0 20160318 174,185
1808  53 20160825 211,215
1809  53 20160923 165,176
1810  35 20160602 152,154
1811  53 20160908 145,147
1812  0 20160317 75,79
1813  53 20160510 137,148
1814  53 20160921 209,214
1815  53 20160825 132,143
1816  18 20160406 110,119
1817  0 20160412 220,222
1818  53 20160614 168,171
1819  0 20160301 72,77
1820  53 20160531 80,82
1821  25 20160504 194,197
1822  53 20160427 88,92
1823  53 20160809 167,172
1824  53 20160907 164,175
1825  0 20160425 161,167
1826  53 20160510 184,186
1827  53 20160905 212,222
1828  53 20160302 154,162
1829  0 20160303 244,251
1830  53 20160610 76,81
1831  53 20160413 198,209
1832  53 20160503 207,209
1833  30 20160611 74,76
1834  53 20160916 74,79
1835  53 20160706 207,212
1836  53 20160616 165,173
1837  53 20160302 140,148
1838  53 20160427 78,86
1839  53 20160422 73,77
1840  53 20160426 223,229
1841  0 20160301 104,109
1842  53 20160819 84,90
1843  2 20160511 73,83
1844  53 20160920 173,183
1845  24 20160901 139,150
1846  53 20160511 203,212
1847  53 20160929 245,247
1848  23 20160408 149,156
1849  53 20160317 109,118
1850  53 20160819 72,78
1851  16 20160421 182,193
1852  53 20160927 124,127
1853  53 20160922 76,79
1854  53 20160525 247,251
1855  35 20160505 116,118
1856  24 20160927 134,144
1857  4 20160301 201,208
1858  53 20160912 177,182
1859  53 20160712 106,114
1860  26 20160308 241,251
1861  53 20160712 167,178
1862  0 20160427 101,108
1863  0 20160425 150,155
1864  49 20160602 72,74
1865  35 20160907 73,75
1866  49 20160607 73,79
1867  53 20160608 72,74
1868  53 20160804 72,74
1869  53 20160307 72,74
1870  53 20160803 72,74
1871  53 20160613 72,74
1872  53 20160824 72,74
1873  53 20160829 72,74
