48  40,41 20160916 118,134
150  33,34 20160530 148,165
161  25,26 20160826 205,213
165  1,2,3 20160913 87,100
198  40,41 20160904 77,81
200  2,3 20160509 92,100
224  52,53 20160316 184,190
271  48,49,50,51 20160409 217,220
376  14,15 20160802 154,167
380  42,43 20160501 129,142
409  45,46,47 20160410 240,251
416  10,11 20160813 216,233
417  39,40 20160715 148,158
459  28,29,30,31 20160715 162,173
462  26,27 20160922 116,133
464  26,27 20160921 134,150
526  9,10 20160418 223,239
529  1,2,3 20160906 85,101
554  8,9,10 20160514 232,249
558  27,28,29,30,31,32,33,34,35,36,37 20160403 233,250
559  1,2 20160920 86,101
577  9,10 20160723 195,209
607  8,9,10 20160620 188,205
615  10,11 20160719 202,219
633  9,10 20160306 165,182
655  10,11,12 20160505 173,190
673  24,25 20160424 78,83
678  9,10 20160611 171,188
702  9,10 20160509 211,228
734  8,9,10,11,12 20160317 223,240
763  10,11 20160501 229,246
768  9,10 20160806 137,154
771  9,10 20160416 185,202
774  10,11 20160513 237,250
780  9,10 20160309 196,213
790  15,16 20160428 178,194
808  9,10 20160810 198,215
810  9,10 20160511 116,133
818  9,10 20160807 97,114
821  9,10,11 20160821 108,125
841  9,10 20160703 107,124
842  45,46 20160507 91,108
870  15,16 20160409 237,251
871  10,11 20160614 188,205
889  41,42,43 20160429 240,251
897  5,6,7 20160823 198,215
902  33,34 20160419 111,121
908  11,12 20160930 223,240
911  11,12 20160605 108,125
936  8,9,10 20160914 197,214
983  15,16,17,18,19 20160604 159,176
984  46,47,48,49,50,51 20160925 206,223
1016  11,12 20160909 117,134
1025  31,32 20160421 232,249
1030  15,16 20160305 239,249
1045  11,12 20160709 83,99
1047  9,10 20160613 218,235
1065  15,16,17,18 20160316 148,165
1080  8,9 20160710 216,233
1081  1,2,3 20160921 216,233
1092  15,16 20160704 175,191
1093  8,9 20160302 115,132
1109  8,9,10 20160520 146,163
1119  18,19,20 20160419 234,251
1137  10,11 20160328 145,162
1148  42,43 20160906 129,145
1149  15,16 20160726 146,163
1153  32,33,34,35,36,37 20160924 83,100
1156  11,12 20160914 151,168
1167  18,19,20 20160628 233,250
1175  42,43 20160413 214,231
1190  9,10 20160829 137,154
1210  8,9 20160930 180,195
1212  9,10 20160913 157,174
1215  11,12 20160726 175,192
1225  42,43 20160809 179,196
1332  4,5,6,7,8,9 20160510 143,160
1342  46,47 20160920 110,124
