815.0 [53] [200, 201, 202] 20160526
104.16666666666674 [37] [90, 91, 92, 93, 94, 95] 20160526
93.66666666666669 [3] [285, 286, 287] 20160526
65.0 [53] [41, 42, 43] 20160526
44.833333333333336 [53] [119, 120, 121] 20160526
42.666666666666664 [53] [272, 273, 274, 275, 276, 277, 278, 279, 280] 20160526
39.333333333333336 [53] [18, 19, 20] 20160526
37.83333333333334 [24] [58, 59, 60] 20160526
33.83333333333337 [43] [227, 228, 229, 230, 231, 232, 233, 234, 235, 236, 237, 238] 20160526
25.102290732122434 [52, 53] [2, 3, 4, 5] 20160526
20.583333333333258 [32] [171, 172, 173, 174, 175, 176, 177, 178, 179, 180, 181, 182] 20160526
13.258252147247765 [16, 17, 18, 19] [136, 137, 138, 139, 140, 141, 142, 143, 144, 145, 146, 147] 20160526
12.416666666666664 [53] [185, 186, 187, 188] 20160526
11.583333333333329 [0] [255, 256, 257, 258] 20160526
7.799999999999997 [53] [150, 151, 152, 153, 154] 20160526
