462.58333333333337 [1] [95, 96, 97, 98, 99, 100, 101, 102, 103, 104, 105, 106] 20160825
186.66666666666663 [9] [18, 19, 20] 20160825
161.66666666666669 [53] [262, 263, 264] 20160825
149.8888888888888 [15] [176, 177, 178, 179, 180, 181, 182, 183, 184] 20160825
143.5 [53] [68, 69, 70] 20160825
108.16666666666666 [53] [116, 117, 118, 119, 120, 121, 122, 123, 124, 125] 20160825
31.45454545454544 [20] [239, 240, 241, 242, 243, 244, 245, 246, 247, 248, 249] 20160825
29.303030303030305 [53] [49, 50, 51, 52, 53, 54, 55, 56, 57, 58, 59] 20160825
19.0 [1] [225, 226, 227, 228, 229, 230, 231, 232, 233, 234, 235, 236] 20160825
17.0 [53] [35, 36, 37] 20160825
9.555555555555557 [53] [196, 197, 198, 199, 200, 201, 202, 203, 204] 20160825
7.5333333333333385 [53] [211, 212, 213, 214, 215] 20160825
7.333333333333329 [53] [132, 133, 134, 135, 136, 137, 138, 139, 140, 141, 142, 143] 20160825
