5495.333333333334 [9] [51, 52, 53, 54, 55, 56] 20160313
641.0952380952381 [25] [68, 69, 70, 71, 72, 73, 74] 20160313
536.1666666666667 [53] [116, 117, 118] 20160313
266.66666666666663 [53] [271, 272, 273] 20160313
173.0 [53] [4, 5, 6, 7] 20160313
161.27927167563172 [8, 9] [22, 23, 24, 25, 26, 27, 28, 29, 30, 31, 32, 33] 20160313
84.16666666666669 [16] [95, 96, 97, 98] 20160313
45.333333333333336 [53] [256, 257, 258] 20160313
38.83333333333333 [53] [220, 221, 222] 20160313
29.83333333333333 [53] [138, 139, 140, 141] 20160313
25.500000000000007 [53] [243, 244, 245] 20160313
21.133333333333333 [53] [232, 233, 234, 235, 236] 20160313
15.833333333333336 [53] [193, 194, 195, 196, 197, 198] 20160313
12.803030303030297 [53] [171, 172, 173, 174, 175, 176, 177, 178, 179, 180, 181] 20160313
11.745829309709874 [52, 53] [153, 154, 155, 156, 157, 158, 159, 160, 161] 20160313
