20479.5 [43] [278, 279, 280] 20160916
1181.045101276831 [40, 41] [119, 120, 121, 122, 123, 124, 125, 126, 127, 128, 129, 130] 20160916
231.50000000000003 [53] [247, 248, 249] 20160916
205.16666666666666 [6] [243, 244, 245] 20160916
127.04166666666666 [17] [21, 22, 23, 24, 25, 26, 27, 28] 20160916
92.16666666666666 [53] [89, 90, 91] 20160916
78.16666666666667 [53] [2, 3, 4] 20160916
66.41666666666669 [1] [188, 189, 190, 191] 20160916
66.33333333333337 [16] [40, 41, 42] 20160916
46.833333333333314 [17] [228, 229, 230] 20160916
40.66666666666667 [53] [152, 153, 154] 20160916
29.499999999999993 [53] [10, 11, 12] 20160916
26.5 [16] [48, 49, 50, 51, 52, 53, 54, 55, 56, 57, 58, 59] 20160916
5.333333333333336 [53] [74, 75, 76, 77, 78, 79] 20160916
