207.02380952380958 [18] [163, 164, 165, 166, 167, 168, 169] 20160607
197.16666666666669 [52] [271, 272, 273] 20160607
195.8 [53] [25, 26, 27, 28, 29] 20160607
119.41666666666663 [1] [89, 90, 91, 92, 93, 94, 95, 96, 97, 98, 99, 100] 20160607
57.666666666666664 [53] [259, 260, 261] 20160607
55.666666666666664 [53] [242, 243, 244] 20160607
50.20833333333334 [24] [41, 42, 43, 44, 45, 46, 47, 48] 20160607
41.761904761904816 [9] [220, 221, 222, 223, 224, 225, 226] 20160607
34.5 [38] [202, 203, 204] 20160607
28.5 [0] [52, 53, 54, 55, 56, 57] 20160607
22.583333333333336 [53] [121, 122, 123, 124, 125, 126, 127, 128, 129, 130, 131, 132] 20160607
22.5 [0] [8, 9, 10, 11] 20160607
22.37878787878786 [26] [105, 106, 107, 108, 109, 110, 111, 112, 113, 114, 115] 20160607
11.055555555555557 [0] [69, 70, 71, 72, 73, 74, 75, 76, 77] 20160607
5.666666666666671 [53] [0, 1, 2] 20160607
