5224.5 [42] [45, 46, 47] 20160307
3070.166666666667 [45] [18, 19, 20] 20160307
832.6666666666666 [53] [69, 70, 71] 20160307
245.66666666666669 [53] [260, 261, 262] 20160307
116.0 [53] [203, 204, 205] 20160307
72.03333333333333 [53] [274, 275, 276, 277, 278, 279, 280, 281, 282, 283] 20160307
38.916666666666664 [53] [225, 226, 227, 228] 20160307
32.83333333333337 [1] [85, 86, 87, 88, 89, 90, 91, 92, 93, 94, 95, 96] 20160307
30.333333333333336 [53] [105, 106, 107] 20160307
19.0 [53] [146, 147, 148] 20160307
18.77777777777783 [42] [239, 240, 241, 242, 243, 244, 245, 246, 247] 20160307
11.666666666666664 [53] [131, 132, 133] 20160307
9.100000000000001 [53] [187, 188, 189, 190, 191] 20160307
7.833333333333336 [53] [180, 181, 182] 20160307
