838.3333333333334 [53] [226, 227, 228] 20160505
267.0 [17] [267, 268, 269] 20160505
147.08333333333331 [47] [102, 103, 104, 105, 106, 107, 108, 109, 110, 111, 112, 113] 20160505
108.0 [53] [67, 68, 69] 20160505
96.5 [17] [58, 59, 60] 20160505
67.83333333333331 [47] [158, 159, 160, 161] 20160505
46.0 [53] [4, 5, 6] 20160505
38.7623080959535 [12, 13, 14, 15] [126, 127, 128, 129, 130, 131, 132, 133, 134, 135, 136] 20160505
34.5 [53] [171, 172, 173, 174, 175, 176, 177, 178, 179] 20160505
28.75 [3] [34, 35, 36, 37] 20160505
28.333333333333336 [53] [284, 285, 286, 287] 20160505
17.083333333333343 [24] [241, 242, 243, 244, 245, 246, 247, 248] 20160505
3.666666666666666 [35] [116, 117, 118] 20160505
