1691.8333333333335 [53] [8, 9, 10] 20160708
1683.8333333333333 [37] [106, 107, 108, 109, 110, 111, 112, 113, 114, 115, 116, 117] 20160708
1515.6666666666665 [7] [196, 197, 198, 199, 200, 201] 20160708
1098.5000000000005 [37] [131, 132, 133, 134, 135, 136] 20160708
825.1666666666667 [53] [221, 222, 223] 20160708
774.2499999999999 [8] [175, 176, 177, 178, 179, 180, 181, 182, 183, 184, 185, 186] 20160708
525.5 [17] [49, 50, 51] 20160708
122.16666666666666 [52] [23, 24, 25] 20160708
102.5 [33] [31, 32, 33] 20160708
71.66666666666666 [36] [67, 68, 69] 20160708
67.33333333333334 [24] [283, 284, 285] 20160708
66.79166666666666 [3, 4, 5, 6, 7, 8, 9, 10] [259, 260, 261, 262, 263, 264, 265, 266, 267, 268, 269, 270] 20160708
