2423.6666666666665 [52] [161, 162, 163] 20160730
937.1666666666666 [26] [40, 41, 42] 20160730
680.5 [2] [214, 215, 216] 20160730
644.8333333333334 [34] [90, 91, 92] 20160730
485.33333333333337 [42] [143, 144, 145] 20160730
170.0 [42] [57, 58, 59] 20160730
143.16666666666666 [27] [270, 271, 272] 20160730
142.33333333333331 [53] [193, 194, 195] 20160730
115.66666666666666 [53] [275, 276, 277, 278] 20160730
114.33333333333337 [1] [267, 268, 269] 20160730
99.33333333333334 [53] [116, 117, 118, 119, 120, 121, 122, 123, 124, 125, 126, 127] 20160730
85.06666666666666 [31] [283, 284, 285, 286, 287] 20160730
83.66666666666666 [53] [258, 259, 260] 20160730
60.83333333333333 [53] [248, 249, 250] 20160730
53.25 [53] [8, 9, 10, 11] 20160730
52.76666666666666 [53] [22, 23, 24, 25, 26] 20160730
