10 0.0 0.0 0.001
15 0.06666666666666667 0.009523809523809525 0.016666666666666666
20 0.1111111111111111 0.01904761904761905 0.032520325203252036
25 0.10526315789473684 0.01904761904761905 0.03225806451612903
30 0.08695652173913043 0.01904761904761905 0.03125000000000001
35 0.10714285714285714 0.02857142857142857 0.04511278195488722
40 0.09090909090909091 0.02857142857142857 0.043478260869565216
45 0.13157894736842105 0.047619047619047616 0.06993006993006994
50 0.14285714285714285 0.05714285714285714 0.08163265306122448
55 0.14893617021276595 0.06666666666666667 0.09210526315789473
60 0.18 0.08571428571428572 0.11612903225806454
65 0.16981132075471697 0.08571428571428572 0.11392405063291139
70 0.18181818181818182 0.09523809523809523 0.125
75 0.1896551724137931 0.10476190476190476 0.13496932515337423
80 0.1774193548387097 0.10476190476190476 0.1317365269461078
85 0.16417910447761194 0.10476190476190476 0.12790697674418605
90 0.1527777777777778 0.10476190476190476 0.12429378531073447
95 0.18181818181818182 0.13333333333333333 0.15384615384615383
100 0.18292682926829268 0.14285714285714285 0.160427807486631
105 0.23333333333333334 0.2 0.2153846153846154
110 0.23157894736842105 0.20952380952380953 0.22
115 0.23232323232323232 0.21904761904761905 0.22549019607843138
120 0.23809523809523808 0.23809523809523808 0.23809523809523808
125 0.24545454545454545 0.2571428571428571 0.2511627906976744
130 0.2543859649122807 0.2761904761904762 0.2648401826484018
135 0.25833333333333336 0.29523809523809524 0.27555555555555555
140 0.26229508196721313 0.3047619047619048 0.28193832599118945
145 0.25396825396825395 0.3047619047619048 0.27705627705627706
150 0.25190839694656486 0.3142857142857143 0.2796610169491525
155 0.25 0.3238095238095238 0.28215767634854777
160 0.2624113475177305 0.3523809523809524 0.30081300813008127
165 0.25517241379310346 0.3523809523809524 0.296
170 0.26 0.37142857142857144 0.30588235294117644
175 0.2532467532467532 0.37142857142857144 0.3011583011583011
180 0.2484076433121019 0.37142857142857144 0.2977099236641222
185 0.25308641975308643 0.3904761904761905 0.3071161048689139
190 0.25301204819277107 0.4 0.30996309963099633
195 0.2485207100591716 0.4 0.3065693430656934
200 0.2471264367816092 0.4095238095238095 0.30824372759856633
205 0.24022346368715083 0.4095238095238095 0.3028169014084507
210 0.23369565217391305 0.4095238095238095 0.2975778546712803
215 0.23529411764705882 0.41904761904761906 0.3013698630136986
220 0.23958333333333334 0.4380952380952381 0.30976430976430974
225 0.23979591836734693 0.44761904761904764 0.31229235880398665
230 0.245 0.4666666666666667 0.32131147540983607
235 0.24390243902439024 0.47619047619047616 0.3225806451612903
240 0.24761904761904763 0.49523809523809526 0.3301587301587302
245 0.24651162790697675 0.5047619047619047 0.33125
250 0.2409090909090909 0.5047619047619047 0.3261538461538461
255 0.23555555555555555 0.5047619047619047 0.3212121212121212
260 0.23043478260869565 0.5047619047619047 0.3164179104477612
265 0.2317596566523605 0.5142857142857142 0.3195266272189349
270 0.22784810126582278 0.5142857142857142 0.3157894736842105
275 0.2231404958677686 0.5142857142857142 0.31123919308357345
280 0.21862348178137653 0.5142857142857142 0.30681818181818177
285 0.21428571428571427 0.5142857142857142 0.3025210084033613
290 0.21011673151750973 0.5142857142857142 0.29834254143646405
295 0.20610687022900764 0.5142857142857142 0.29427792915531337
300 0.20973782771535582 0.5333333333333333 0.30107526881720437
305 0.20588235294117646 0.5333333333333333 0.29708222811671087
310 0.20216606498194944 0.5333333333333333 0.2931937172774869
315 0.20640569395017794 0.5523809523809524 0.3005181347150259
320 0.20701754385964913 0.5619047619047619 0.3025641025641026
325 0.20344827586206896 0.5619047619047619 0.29873417721518986
330 0.2 0.5619047619047619 0.29500000000000004
335 0.19666666666666666 0.5619047619047619 0.291358024691358
340 0.19344262295081968 0.5619047619047619 0.28780487804878047
345 0.19155844155844157 0.5619047619047619 0.2857142857142857
350 0.19682539682539682 0.5904761904761905 0.29523809523809524
355 0.19375 0.5904761904761905 0.291764705882353
