10 0.1 0.009523809523809525 0.01739130434782609
15 0.15384615384615385 0.01904761904761905 0.03389830508474577
20 0.17647058823529413 0.02857142857142857 0.04918032786885246
25 0.18181818181818182 0.0380952380952381 0.06299212598425197
30 0.14814814814814814 0.0380952380952381 0.060606060606060615
35 0.1935483870967742 0.05714285714285714 0.08823529411764705
40 0.19444444444444445 0.06666666666666667 0.09929078014184396
45 0.21951219512195122 0.08571428571428572 0.12328767123287672
50 0.24444444444444444 0.10476190476190476 0.14666666666666667
55 0.3 0.14285714285714285 0.19354838709677416
60 0.2830188679245283 0.14285714285714285 0.18987341772151897
65 0.27586206896551724 0.1523809523809524 0.19631901840490798
70 0.28125 0.17142857142857143 0.21301775147928995
75 0.2857142857142857 0.19047619047619047 0.22857142857142854
80 0.30666666666666664 0.21904761904761905 0.25555555555555554
85 0.31645569620253167 0.23809523809523808 0.27173913043478265
90 0.2976190476190476 0.23809523809523808 0.26455026455026454
95 0.31868131868131866 0.2761904761904762 0.29591836734693877
100 0.32989690721649484 0.3047619047619048 0.31683168316831684
105 0.3431372549019608 0.3333333333333333 0.3381642512077294
110 0.3364485981308411 0.34285714285714286 0.339622641509434
115 0.34234234234234234 0.3619047619047619 0.3518518518518518
120 0.35344827586206895 0.3904761904761905 0.3710407239819005
125 0.3416666666666667 0.3904761904761905 0.36444444444444446
130 0.336 0.4 0.3652173913043479
135 0.3230769230769231 0.4 0.35744680851063826
140 0.34782608695652173 0.45714285714285713 0.3950617283950617
145 0.34265734265734266 0.4666666666666667 0.3951612903225806
150 0.35135135135135137 0.49523809523809526 0.4110671936758894
155 0.33986928104575165 0.49523809523809526 0.40310077519379844
160 0.33544303797468356 0.5047619047619047 0.40304182509505704
165 0.34355828220858897 0.5333333333333333 0.417910447761194
170 0.34523809523809523 0.5523809523809524 0.4249084249084249
175 0.3505747126436782 0.580952380952381 0.4372759856630825
180 0.35195530726256985 0.6 0.44366197183098594
185 0.3423913043478261 0.6 0.4359861591695502
190 0.3386243386243386 0.6095238095238096 0.43537414965986393
195 0.32989690721649484 0.6095238095238096 0.4280936454849498
200 0.32323232323232326 0.6095238095238096 0.4224422442244225
205 0.31527093596059114 0.6095238095238096 0.41558441558441556
210 0.3125 0.6190476190476191 0.41533546325878595
215 0.30985915492957744 0.6285714285714286 0.4150943396226415
220 0.30275229357798167 0.6285714285714286 0.40866873065015485
225 0.30493273542600896 0.6476190476190476 0.4146341463414634
230 0.3026315789473684 0.6571428571428571 0.4144144144144144
235 0.296137339055794 0.6571428571428571 0.4082840236686391
240 0.28991596638655465 0.6571428571428571 0.402332361516035
245 0.2839506172839506 0.6571428571428571 0.396551724137931
250 0.2782258064516129 0.6571428571428571 0.3909348441926345
255 0.2727272727272727 0.6571428571428571 0.3854748603351955
260 0.26744186046511625 0.6571428571428571 0.38016528925619836
265 0.2661596958174905 0.6666666666666666 0.3804347826086957
