#################################################################
#APDM Input Graph, this input graph includes 3 sections:
#section1 : general information
#section2 : nodes
#section3 : edges
#section4 : trueSubGraph (Optional)
#
#if nodes haven't information set weight to null
#################################################################
SECTION1 (General Information)
numNodes = 54
numEdges = 53
usedAlgorithm = NULL
dataSource = TransWeatherRealData
END
#################################################################
SECTION2 (Nodes Information)
NodeID travelTime  mean  std 
0 52.0 52.0 52.0 52.0 52.0 52.0 52.0 52.0 52.0 52.0 52.0 52.0 52.0 52.0 52.0 52.0 52.0 52.0 52.0 52.0 52.0 52.0 52.0 52.0 52.0 52.0 52.0 52.0 52.0 52.0 52.0 52.0 52.0 52.0 52.0 52.0 52.0 52.0 52.0 52.0 52.0 52.0 52.0 52.0 52.0 52.0 52.0 52.0 52.0 52.0 52.0 52.0 52.0 52.0 52.0 52.0 52.0 52.0 52.0 52.0 52.0 52.0 52.0 52.0 52.0 52.0 52.0 52.0 52.0 52.0 52.0 52.0 49.0 48.0 51.0 51.0 52.0 52.0 46.0 51.0 55.0 51.0 51.0 53.0 53.0 51.0 52.0 53.0 51.0 45.0 51.0 52.0 53.0 53.0 51.0 52.0 52.0 46.0 48.0 59.0 51.0 53.0 49.0 52.0 50.0 46.0 54.0 51.0 51.0 52.0 51.0 48.0 54.0 49.0 52.0 52.0 50.0 52.0 48.0 48.0 46.0 52.0 52.0 52.0 52.0 49.0 49.0 49.0 49.0 51.0 50.0 52.0 51.0 52.0 50.0 49.0 53.0 50.0 54.0 54.0 52.0 48.0 55.0 46.0 47.0 49.0 57.0 46.0 45.0 58.0 51.0 51.0 62.0 54.0 50.0 51.0 65.0 65.0 49.0 49.0 56.0 48.0 51.0 49.0 52.0 49.0 49.0 51.0 49.0 53.0 51.0 52.0 51.0 49.0 52.0 53.0 50.0 53.0 53.0 49.0 57.0 45.0 49.0 49.0 54.0 54.0 49.0 49.0 49.0 54.0 48.0 52.0 52.0 54.0 55.0 48.0 52.0 50.0 52.0 54.0 53.0 57.0 60.0 50.0 46.0 53.0 53.0 52.0 52.0 52.0 52.0 53.0 55.0 48.0 46.0 43.0 52.0 52.0 49.0 53.0 53.0 52.0 51.0 57.0 53.0 53.0 53.0 49.0 54.0 54.0 52.0 46.0 52.0 52.0 54.0 48.0 52.0 50.0 52.0 49.0 49.0 59.0 57.0 58.0 50.0 50.0 50.0 54.0 47.0 51.0 51.0 51.0 51.0 51.0 51.0 51.0 51.0 51.0 51.0 51.0 51.0 51.0 51.0 51.0 51.0 51.0 51.0 51.0 51.0 51.0 51.0 51.0 51.0 51.0 51.0 51.0 51.0 51.0 51.0 51.0 51.0 51.0 51.0 51.0 51.0 51.0 51.0 51.498257839721255 2.629678068599849
1 246.0 246.0 246.0 246.0 246.0 246.0 246.0 246.0 246.0 246.0 246.0 246.0 246.0 246.0 246.0 246.0 246.0 246.0 246.0 246.0 246.0 246.0 246.0 246.0 246.0 246.0 246.0 246.0 246.0 246.0 246.0 246.0 246.0 246.0 246.0 246.0 246.0 246.0 246.0 246.0 246.0 246.0 246.0 246.0 246.0 246.0 246.0 246.0 246.0 246.0 246.0 246.0 246.0 246.0 246.0 246.0 246.0 246.0 246.0 246.0 246.0 246.0 246.0 246.0 246.0 246.0 246.0 246.0 246.0 246.0 246.0 246.0 263.0 267.0 253.0 256.0 249.0 243.0 247.0 261.0 278.0 245.0 253.0 263.0 269.0 260.0 270.0 283.0 274.0 328.0 293.0 328.0 287.0 364.0 257.0 269.0 262.0 272.0 277.0 267.0 296.0 265.0 281.0 268.0 244.0 260.0 270.0 257.0 263.0 266.0 247.0 269.0 263.0 264.0 262.0 256.0 264.0 270.0 245.0 256.0 261.0 259.0 266.0 271.0 254.0 252.0 263.0 265.0 265.0 259.0 260.0 257.0 289.0 243.0 245.0 249.0 267.0 261.0 259.0 271.0 255.0 266.0 255.0 257.0 247.0 279.0 290.0 245.0 278.0 255.0 262.0 259.0 278.0 254.0 255.0 243.0 258.0 229.0 246.0 261.0 269.0 243.0 273.0 252.0 263.0 265.0 264.0 256.0 265.0 254.0 259.0 265.0 270.0 269.0 263.0 256.0 277.0 279.0 261.0 264.0 265.0 270.0 263.0 271.0 268.0 247.0 256.0 258.0 256.0 244.0 237.0 258.0 257.0 282.0 277.0 247.0 279.0 249.0 265.0 282.0 244.0 252.0 289.0 269.0 255.0 281.0 234.0 252.0 303.0 244.0 271.0 275.0 264.0 245.0 223.0 225.0 269.0 240.0 254.0 274.0 300.0 275.0 257.0 269.0 280.0 282.0 235.0 263.0 342.0 258.0 258.0 256.0 253.0 260.0 258.0 247.0 289.0 256.0 256.0 243.0 270.0 278.0 261.0 262.0 275.0 273.0 267.0 233.0 262.0 265.0 281.0 281.0 281.0 281.0 281.0 281.0 281.0 281.0 281.0 281.0 281.0 281.0 281.0 281.0 281.0 281.0 281.0 281.0 281.0 281.0 281.0 281.0 281.0 281.0 281.0 281.0 281.0 281.0 281.0 281.0 281.0 281.0 281.0 281.0 281.0 281.0 281.0 261.4808362369338 17.720010082960467
2 50.0 50.0 50.0 50.0 50.0 50.0 50.0 50.0 50.0 50.0 50.0 50.0 50.0 50.0 50.0 50.0 50.0 50.0 50.0 50.0 50.0 50.0 50.0 50.0 50.0 50.0 50.0 50.0 50.0 50.0 50.0 50.0 50.0 50.0 50.0 50.0 50.0 50.0 50.0 50.0 50.0 50.0 50.0 50.0 50.0 50.0 50.0 50.0 50.0 50.0 50.0 50.0 50.0 50.0 50.0 50.0 50.0 50.0 50.0 50.0 50.0 50.0 50.0 50.0 50.0 50.0 50.0 50.0 50.0 50.0 50.0 50.0 49.0 49.0 51.0 49.0 47.0 44.0 50.0 51.0 54.0 49.0 53.0 62.0 50.0 50.0 56.0 53.0 48.0 49.0 54.0 50.0 52.0 51.0 52.0 50.0 50.0 56.0 53.0 56.0 52.0 51.0 54.0 51.0 50.0 51.0 53.0 57.0 51.0 50.0 48.0 52.0 52.0 49.0 52.0 52.0 53.0 57.0 49.0 51.0 53.0 51.0 59.0 59.0 48.0 51.0 54.0 50.0 52.0 52.0 50.0 52.0 61.0 56.0 52.0 50.0 53.0 45.0 52.0 51.0 60.0 53.0 49.0 50.0 48.0 54.0 54.0 50.0 50.0 51.0 53.0 54.0 56.0 53.0 53.0 49.0 49.0 45.0 54.0 56.0 51.0 47.0 51.0 53.0 51.0 51.0 51.0 50.0 70.0 51.0 50.0 52.0 52.0 54.0 51.0 53.0 51.0 53.0 50.0 51.0 51.0 50.0 55.0 51.0 50.0 52.0 54.0 50.0 54.0 50.0 51.0 53.0 51.0 78.0 43.0 49.0 50.0 50.0 52.0 64.0 47.0 56.0 50.0 52.0 52.0 53.0 47.0 53.0 53.0 50.0 56.0 51.0 50.0 47.0 46.0 54.0 50.0 48.0 54.0 51.0 70.0 55.0 67.0 52.0 50.0 52.0 46.0 54.0 52.0 52.0 48.0 54.0 50.0 90.0 48.0 57.0 52.0 50.0 49.0 48.0 57.0 49.0 49.0 51.0 55.0 57.0 54.0 46.0 46.0 51.0 80.0 80.0 80.0 80.0 80.0 80.0 80.0 80.0 80.0 80.0 80.0 80.0 80.0 80.0 80.0 80.0 80.0 80.0 80.0 80.0 80.0 80.0 80.0 80.0 80.0 80.0 80.0 80.0 80.0 80.0 80.0 80.0 80.0 80.0 80.0 80.0 80.0 55.25087108013935 10.414476423163883
3 271.0 271.0 271.0 271.0 271.0 271.0 271.0 271.0 271.0 271.0 271.0 271.0 271.0 271.0 271.0 271.0 271.0 271.0 271.0 271.0 271.0 271.0 271.0 271.0 271.0 271.0 271.0 271.0 271.0 271.0 271.0 271.0 271.0 271.0 271.0 271.0 271.0 271.0 271.0 271.0 271.0 271.0 271.0 271.0 271.0 271.0 271.0 271.0 271.0 271.0 271.0 271.0 271.0 271.0 271.0 271.0 271.0 271.0 271.0 271.0 271.0 271.0 271.0 271.0 271.0 271.0 271.0 271.0 271.0 271.0 271.0 271.0 281.0 275.0 281.0 266.0 272.0 270.0 272.0 280.0 267.0 271.0 268.0 300.0 287.0 273.0 267.0 260.0 269.0 279.0 266.0 271.0 264.0 286.0 270.0 269.0 276.0 283.0 278.0 273.0 277.0 283.0 280.0 254.0 256.0 295.0 278.0 276.0 283.0 266.0 267.0 282.0 280.0 280.0 283.0 285.0 292.0 287.0 272.0 276.0 281.0 280.0 282.0 282.0 282.0 276.0 261.0 312.0 286.0 278.0 274.0 258.0 270.0 278.0 257.0 278.0 293.0 278.0 283.0 258.0 289.0 263.0 271.0 273.0 274.0 309.0 276.0 276.0 283.0 277.0 275.0 300.0 277.0 283.0 282.0 278.0 280.0 284.0 291.0 286.0 253.0 276.0 266.0 281.0 281.0 286.0 263.0 266.0 271.0 275.0 282.0 275.0 291.0 275.0 281.0 285.0 290.0 274.0 275.0 269.0 270.0 278.0 283.0 278.0 270.0 280.0 278.0 287.0 277.0 299.0 272.0 268.0 272.0 270.0 277.0 270.0 270.0 291.0 294.0 257.0 266.0 304.0 281.0 292.0 297.0 252.0 247.0 250.0 274.0 292.0 298.0 278.0 271.0 237.0 242.0 256.0 271.0 277.0 291.0 298.0 293.0 286.0 291.0 277.0 300.0 284.0 254.0 284.0 285.0 283.0 276.0 289.0 256.0 263.0 262.0 288.0 288.0 277.0 279.0 290.0 301.0 266.0 271.0 277.0 290.0 293.0 255.0 254.0 287.0 322.0 316.0 316.0 316.0 316.0 316.0 316.0 316.0 316.0 316.0 316.0 316.0 316.0 316.0 316.0 316.0 316.0 316.0 316.0 316.0 316.0 316.0 316.0 316.0 316.0 316.0 316.0 316.0 316.0 316.0 316.0 316.0 316.0 316.0 316.0 316.0 316.0 316.0 280.67944250871085 17.166859916956167
4 217.0 217.0 217.0 217.0 217.0 217.0 217.0 217.0 217.0 217.0 217.0 217.0 217.0 217.0 217.0 217.0 217.0 217.0 217.0 217.0 217.0 217.0 217.0 217.0 217.0 217.0 217.0 217.0 217.0 217.0 217.0 217.0 217.0 217.0 217.0 217.0 217.0 217.0 217.0 217.0 217.0 217.0 217.0 217.0 217.0 217.0 217.0 217.0 217.0 217.0 217.0 217.0 217.0 217.0 217.0 217.0 217.0 217.0 217.0 217.0 217.0 217.0 217.0 217.0 217.0 217.0 217.0 217.0 217.0 217.0 217.0 217.0 214.0 221.0 206.0 212.0 214.0 212.0 227.0 213.0 232.0 222.0 221.0 228.0 213.0 221.0 209.0 213.0 212.0 208.0 225.0 214.0 224.0 209.0 210.0 185.0 217.0 217.0 226.0 219.0 210.0 221.0 212.0 201.0 225.0 224.0 218.0 229.0 203.0 203.0 225.0 236.0 221.0 223.0 233.0 230.0 230.0 214.0 213.0 222.0 215.0 236.0 216.0 207.0 215.0 215.0 205.0 223.0 223.0 207.0 209.0 215.0 226.0 214.0 212.0 225.0 224.0 209.0 199.0 223.0 215.0 236.0 220.0 225.0 218.0 229.0 222.0 210.0 217.0 211.0 220.0 223.0 215.0 228.0 216.0 207.0 225.0 233.0 222.0 192.0 204.0 216.0 232.0 212.0 225.0 202.0 199.0 215.0 216.0 215.0 216.0 216.0 221.0 211.0 210.0 227.0 219.0 213.0 213.0 213.0 221.0 244.0 216.0 227.0 227.0 220.0 216.0 218.0 214.0 210.0 219.0 226.0 217.0 207.0 204.0 221.0 222.0 244.0 196.0 196.0 226.0 211.0 225.0 224.0 222.0 214.0 196.0 217.0 237.0 232.0 222.0 199.0 222.0 182.0 216.0 213.0 229.0 226.0 218.0 200.0 211.0 230.0 215.0 240.0 223.0 199.0 230.0 224.0 235.0 205.0 222.0 214.0 221.0 200.0 222.0 217.0 218.0 211.0 225.0 266.0 202.0 218.0 208.0 226.0 228.0 206.0 193.0 228.0 219.0 319.0 319.0 319.0 319.0 319.0 319.0 319.0 319.0 319.0 319.0 319.0 319.0 319.0 319.0 319.0 319.0 319.0 319.0 319.0 319.0 319.0 319.0 319.0 319.0 319.0 319.0 319.0 319.0 319.0 319.0 319.0 319.0 319.0 319.0 319.0 319.0 319.0 319.0 230.77351916376313 35.60153797385236
5 278.0 278.0 278.0 278.0 278.0 278.0 278.0 278.0 278.0 278.0 278.0 278.0 278.0 278.0 278.0 278.0 278.0 278.0 278.0 278.0 278.0 278.0 278.0 278.0 278.0 278.0 278.0 278.0 278.0 278.0 278.0 278.0 278.0 278.0 278.0 278.0 278.0 278.0 278.0 278.0 278.0 278.0 278.0 278.0 278.0 278.0 278.0 278.0 278.0 278.0 278.0 278.0 278.0 278.0 278.0 278.0 278.0 278.0 278.0 278.0 278.0 278.0 278.0 278.0 278.0 278.0 278.0 278.0 278.0 278.0 278.0 278.0 278.0 280.0 270.0 266.0 270.0 288.0 284.0 283.0 279.0 288.0 259.0 284.0 292.0 291.0 282.0 277.0 327.0 307.0 314.0 302.0 260.0 279.0 270.0 281.0 278.0 282.0 286.0 288.0 294.0 263.0 263.0 294.0 288.0 280.0 267.0 273.0 266.0 294.0 279.0 282.0 294.0 290.0 291.0 295.0 281.0 275.0 285.0 292.0 295.0 283.0 285.0 281.0 271.0 269.0 284.0 288.0 291.0 294.0 278.0 281.0 264.0 273.0 291.0 283.0 282.0 274.0 310.0 308.0 297.0 280.0 283.0 279.0 287.0 288.0 282.0 279.0 275.0 274.0 276.0 291.0 271.0 277.0 278.0 272.0 275.0 285.0 267.0 260.0 280.0 279.0 284.0 275.0 271.0 252.0 284.0 275.0 286.0 280.0 279.0 280.0 275.0 261.0 285.0 284.0 280.0 275.0 269.0 293.0 284.0 291.0 290.0 285.0 282.0 278.0 292.0 265.0 280.0 273.0 276.0 291.0 277.0 269.0 282.0 285.0 307.0 264.0 253.0 267.0 280.0 283.0 295.0 271.0 276.0 290.0 281.0 289.0 297.0 293.0 264.0 268.0 243.0 270.0 278.0 296.0 308.0 299.0 314.0 301.0 279.0 288.0 281.0 278.0 280.0 299.0 296.0 287.0 252.0 267.0 314.0 282.0 268.0 276.0 284.0 279.0 272.0 288.0 313.0 267.0 266.0 277.0 292.0 298.0 301.0 255.0 337.0 323.0 323.0 323.0 291.0 291.0 291.0 291.0 291.0 291.0 291.0 291.0 291.0 291.0 291.0 291.0 291.0 291.0 291.0 291.0 291.0 291.0 291.0 291.0 291.0 291.0 291.0 291.0 291.0 291.0 291.0 291.0 291.0 291.0 291.0 291.0 291.0 291.0 291.0 291.0 291.0 282.62717770034845 12.052494158195932
6 15.0 15.0 15.0 15.0 15.0 15.0 15.0 15.0 15.0 15.0 15.0 15.0 15.0 15.0 15.0 15.0 15.0 15.0 15.0 15.0 15.0 15.0 15.0 15.0 15.0 15.0 15.0 15.0 15.0 15.0 15.0 15.0 15.0 15.0 15.0 15.0 15.0 15.0 15.0 15.0 15.0 15.0 15.0 15.0 15.0 15.0 15.0 15.0 15.0 15.0 15.0 15.0 15.0 15.0 15.0 15.0 15.0 15.0 15.0 15.0 15.0 15.0 15.0 15.0 15.0 15.0 15.0 15.0 15.0 15.0 15.0 15.0 15.0 14.0 15.0 15.0 15.0 15.0 15.0 15.0 15.0 15.0 15.0 15.0 15.0 18.0 18.0 18.0 37.0 16.0 16.0 16.0 14.0 14.0 16.0 16.0 16.0 16.0 16.0 16.0 16.0 14.0 14.0 16.0 15.0 15.0 15.0 15.0 15.0 15.0 14.0 15.0 16.0 16.0 15.0 15.0 14.0 16.0 16.0 15.0 15.0 16.0 15.0 16.0 16.0 15.0 16.0 16.0 16.0 16.0 16.0 16.0 14.0 16.0 16.0 16.0 17.0 17.0 17.0 14.0 14.0 14.0 14.0 15.0 17.0 15.0 15.0 16.0 15.0 15.0 16.0 16.0 16.0 16.0 16.0 15.0 16.0 16.0 15.0 15.0 15.0 15.0 15.0 17.0 15.0 15.0 15.0 15.0 16.0 15.0 17.0 16.0 14.0 15.0 15.0 15.0 16.0 14.0 16.0 16.0 16.0 16.0 16.0 16.0 16.0 17.0 17.0 16.0 15.0 15.0 15.0 15.0 15.0 15.0 15.0 16.0 16.0 14.0 14.0 15.0 15.0 16.0 15.0 16.0 16.0 16.0 16.0 17.0 16.0 16.0 16.0 16.0 13.0 15.0 15.0 16.0 16.0 16.0 20.0 20.0 16.0 15.0 15.0 15.0 15.0 15.0 15.0 16.0 16.0 14.0 14.0 14.0 15.0 16.0 16.0 16.0 16.0 16.0 16.0 15.0 15.0 15.0 17.0 17.0 17.0 15.0 16.0 16.0 16.0 16.0 16.0 16.0 16.0 16.0 16.0 16.0 16.0 16.0 16.0 16.0 16.0 16.0 16.0 16.0 16.0 16.0 16.0 16.0 16.0 16.0 16.0 16.0 16.0 16.0 16.0 16.0 16.0 16.0 16.0 16.0 16.0 16.0 16.0 16.0 16.0 16.0 16.0 15.536585365853657 1.5183790741419234
7 312.0 312.0 312.0 312.0 312.0 312.0 312.0 312.0 312.0 312.0 312.0 312.0 312.0 312.0 312.0 312.0 312.0 312.0 312.0 312.0 312.0 312.0 312.0 312.0 312.0 312.0 312.0 312.0 312.0 312.0 312.0 312.0 312.0 312.0 312.0 312.0 312.0 312.0 312.0 312.0 312.0 312.0 312.0 312.0 312.0 312.0 312.0 312.0 312.0 312.0 312.0 312.0 312.0 312.0 312.0 312.0 312.0 312.0 312.0 312.0 312.0 312.0 312.0 312.0 312.0 312.0 312.0 312.0 312.0 312.0 312.0 312.0 314.0 303.0 295.0 320.0 344.0 324.0 330.0 320.0 334.0 297.0 343.0 354.0 308.0 345.0 344.0 394.0 321.0 325.0 314.0 303.0 301.0 337.0 358.0 315.0 313.0 335.0 335.0 342.0 312.0 289.0 327.0 319.0 337.0 297.0 316.0 300.0 353.0 329.0 315.0 317.0 324.0 360.0 334.0 312.0 308.0 337.0 329.0 326.0 335.0 315.0 329.0 302.0 304.0 326.0 332.0 319.0 325.0 318.0 316.0 302.0 296.0 322.0 318.0 324.0 321.0 331.0 317.0 331.0 324.0 329.0 310.0 331.0 322.0 311.0 320.0 319.0 329.0 314.0 323.0 304.0 316.0 329.0 328.0 310.0 321.0 303.0 299.0 312.0 323.0 314.0 316.0 309.0 301.0 316.0 323.0 325.0 316.0 318.0 327.0 324.0 297.0 325.0 320.0 321.0 318.0 363.0 332.0 323.0 341.0 326.0 321.0 320.0 320.0 333.0 311.0 315.0 312.0 320.0 330.0 316.0 305.0 304.0 329.0 310.0 345.0 294.0 320.0 306.0 322.0 378.0 327.0 322.0 352.0 315.0 329.0 335.0 332.0 329.0 298.0 275.0 283.0 312.0 333.0 409.0 366.0 363.0 327.0 317.0 315.0 318.0 317.0 320.0 336.0 319.0 322.0 303.0 308.0 295.0 323.0 342.0 311.0 319.0 308.0 315.0 304.0 345.0 302.0 300.0 316.0 334.0 335.0 346.0 290.0 310.0 351.0 351.0 325.0 349.0 370.0 370.0 370.0 370.0 370.0 370.0 370.0 370.0 370.0 370.0 370.0 370.0 370.0 370.0 370.0 370.0 370.0 370.0 370.0 370.0 370.0 370.0 370.0 370.0 370.0 370.0 370.0 370.0 370.0 370.0 370.0 370.0 370.0 370.0 370.0 370.0 370.0 325.9303135888502 22.704286760739834
8 467.0 467.0 467.0 467.0 467.0 467.0 467.0 467.0 467.0 467.0 467.0 467.0 467.0 467.0 467.0 467.0 467.0 467.0 467.0 467.0 467.0 467.0 467.0 467.0 467.0 467.0 467.0 467.0 467.0 467.0 467.0 467.0 467.0 467.0 467.0 467.0 467.0 467.0 467.0 467.0 467.0 467.0 467.0 467.0 467.0 467.0 467.0 467.0 467.0 467.0 467.0 467.0 467.0 467.0 467.0 467.0 467.0 467.0 467.0 467.0 467.0 467.0 467.0 467.0 467.0 467.0 467.0 467.0 467.0 467.0 467.0 467.0 482.0 493.0 475.0 477.0 480.0 495.0 486.0 488.0 480.0 505.0 465.0 496.0 495.0 478.0 484.0 499.0 490.0 488.0 445.0 470.0 475.0 498.0 500.0 499.0 496.0 505.0 479.0 425.0 437.0 484.0 513.0 519.0 491.0 452.0 446.0 490.0 501.0 495.0 504.0 500.0 492.0 487.0 478.0 477.0 483.0 498.0 477.0 500.0 482.0 457.0 458.0 475.0 500.0 497.0 490.0 502.0 512.0 514.0 453.0 451.0 494.0 478.0 474.0 483.0 491.0 470.0 476.0 476.0 472.0 466.0 492.0 479.0 478.0 467.0 473.0 471.0 454.0 476.0 505.0 507.0 492.0 482.0 491.0 479.0 468.0 470.0 472.0 471.0 482.0 506.0 476.0 463.0 459.0 464.0 479.0 474.0 460.0 481.0 475.0 467.0 516.0 491.0 474.0 459.0 451.0 461.0 473.0 452.0 451.0 463.0 474.0 504.0 485.0 478.0 475.0 471.0 482.0 477.0 467.0 466.0 465.0 407.0 412.0 446.0 490.0 464.0 470.0 501.0 502.0 477.0 470.0 475.0 457.0 484.0 454.0 502.0 459.0 487.0 507.0 503.0 493.0 524.0 476.0 499.0 482.0 497.0 500.0 489.0 501.0 445.0 436.0 490.0 495.0 520.0 478.0 465.0 502.0 503.0 565.0 486.0 490.0 465.0 514.0 500.0 494.0 445.0 467.0 500.0 509.0 509.0 524.0 516.0 595.0 595.0 595.0 557.0 514.0 530.0 530.0 530.0 530.0 530.0 530.0 530.0 530.0 530.0 530.0 530.0 530.0 530.0 530.0 530.0 530.0 530.0 530.0 530.0 530.0 530.0 530.0 530.0 530.0 530.0 530.0 530.0 530.0 530.0 530.0 530.0 530.0 530.0 530.0 530.0 530.0 530.0 530.0 485.91289198606273 27.905736827772127
9 644.0 644.0 644.0 644.0 644.0 644.0 644.0 644.0 644.0 644.0 644.0 644.0 644.0 644.0 644.0 644.0 644.0 644.0 644.0 644.0 644.0 644.0 644.0 644.0 644.0 644.0 644.0 644.0 644.0 644.0 644.0 644.0 644.0 644.0 644.0 644.0 644.0 644.0 644.0 644.0 644.0 644.0 644.0 644.0 644.0 644.0 644.0 644.0 644.0 644.0 644.0 644.0 644.0 644.0 644.0 644.0 644.0 644.0 644.0 644.0 644.0 644.0 644.0 644.0 644.0 644.0 644.0 644.0 644.0 644.0 644.0 644.0 622.0 657.0 655.0 675.0 673.0 664.0 670.0 676.0 682.0 688.0 657.0 631.0 648.0 647.0 673.0 661.0 619.0 593.0 643.0 654.0 646.0 646.0 659.0 690.0 692.0 580.0 579.0 584.0 678.0 669.0 663.0 608.0 608.0 620.0 674.0 656.0 639.0 656.0 692.0 670.0 663.0 646.0 642.0 657.0 678.0 679.0 655.0 636.0 652.0 653.0 657.0 675.0 683.0 718.0 679.0 674.0 671.0 621.0 639.0 632.0 617.0 642.0 649.0 648.0 632.0 637.0 630.0 596.0 616.0 654.0 678.0 650.0 653.0 672.0 686.0 668.0 682.0 672.0 667.0 653.0 673.0 680.0 642.0 637.0 630.0 634.0 660.0 632.0 638.0 636.0 619.0 622.0 653.0 647.0 643.0 635.0 651.0 647.0 646.0 654.0 631.0 641.0 648.0 644.0 639.0 642.0 657.0 660.0 649.0 646.0 638.0 644.0 630.0 600.0 573.0 648.0 649.0 658.0 645.0 616.0 580.0 587.0 621.0 623.0 638.0 672.0 676.0 618.0 625.0 646.0 635.0 642.0 671.0 656.0 642.0 700.0 641.0 661.0 650.0 669.0 660.0 659.0 666.0 655.0 658.0 690.0 704.0 648.0 637.0 635.0 661.0 654.0 644.0 661.0 658.0 660.0 658.0 634.0 648.0 645.0 617.0 639.0 622.0 625.0 649.0 681.0 681.0 687.0 670.0 659.0 607.0 681.0 691.0 688.0 697.0 673.0 728.0 733.0 614.0 614.0 614.0 614.0 614.0 614.0 614.0 614.0 614.0 614.0 614.0 614.0 614.0 614.0 614.0 614.0 614.0 614.0 614.0 614.0 614.0 614.0 614.0 614.0 614.0 614.0 614.0 614.0 614.0 614.0 614.0 614.0 614.0 614.0 614.0 614.0 614.0 644.4181184668989 24.345978386179524
10 927.0 927.0 927.0 927.0 927.0 927.0 927.0 927.0 927.0 927.0 927.0 927.0 927.0 927.0 927.0 927.0 927.0 927.0 927.0 927.0 927.0 927.0 927.0 927.0 927.0 927.0 927.0 927.0 927.0 927.0 927.0 927.0 927.0 927.0 927.0 927.0 927.0 927.0 927.0 927.0 927.0 927.0 927.0 927.0 927.0 927.0 927.0 927.0 927.0 927.0 927.0 927.0 927.0 927.0 927.0 927.0 927.0 927.0 927.0 927.0 927.0 927.0 927.0 927.0 927.0 927.0 927.0 927.0 927.0 927.0 927.0 927.0 955.0 947.0 948.0 959.0 1003.0 986.0 947.0 928.0 911.0 921.0 928.0 939.0 954.0 947.0 936.0 882.0 905.0 923.0 933.0 956.0 926.0 961.0 941.0 873.0 886.0 863.0 992.0 961.0 896.0 876.0 844.0 880.0 944.0 945.0 940.0 932.0 946.0 935.0 929.0 919.0 940.0 952.0 946.0 946.0 929.0 919.0 905.0 925.0 934.0 952.0 955.0 959.0 960.0 984.0 933.0 932.0 908.0 905.0 959.0 1015.0 969.0 897.0 891.0 898.0 897.0 900.0 897.0 922.0 952.0 912.0 905.0 907.0 903.0 956.0 927.0 925.0 927.0 948.0 951.0 951.0 908.0 894.0 909.0 889.0 884.0 875.0 922.0 906.0 906.0 896.0 902.0 910.0 899.0 917.0 913.0 925.0 923.0 941.0 931.0 924.0 935.0 932.0 938.0 937.0 912.0 910.0 918.0 910.0 929.0 910.0 884.0 848.0 865.0 941.0 899.0 889.0 879.0 918.0 868.0 832.0 905.0 911.0 918.0 943.0 933.0 898.0 893.0 911.0 925.0 929.0 948.0 945.0 891.0 901.0 906.0 910.0 926.0 938.0 976.0 888.0 925.0 932.0 937.0 948.0 942.0 886.0 882.0 911.0 967.0 913.0 908.0 899.0 921.0 923.0 933.0 951.0 930.0 901.0 905.0 900.0 881.0 884.0 902.0 947.0 982.0 973.0 907.0 874.0 973.0 964.0 977.0 975.0 965.0 974.0 998.0 988.0 999.0 958.0 995.0 995.0 995.0 995.0 995.0 995.0 995.0 995.0 995.0 995.0 995.0 995.0 995.0 995.0 995.0 995.0 995.0 995.0 995.0 995.0 995.0 995.0 995.0 995.0 995.0 995.0 995.0 995.0 995.0 995.0 995.0 995.0 995.0 995.0 995.0 995.0 995.0 934.5191637630662 34.28682210307092
11 521.0 521.0 521.0 521.0 521.0 521.0 521.0 521.0 521.0 521.0 521.0 521.0 521.0 521.0 521.0 521.0 521.0 521.0 521.0 521.0 521.0 521.0 521.0 521.0 521.0 521.0 521.0 521.0 521.0 521.0 521.0 521.0 521.0 521.0 521.0 521.0 521.0 521.0 521.0 521.0 521.0 521.0 521.0 521.0 521.0 521.0 521.0 521.0 521.0 521.0 521.0 521.0 521.0 521.0 521.0 521.0 521.0 521.0 521.0 521.0 521.0 521.0 521.0 521.0 521.0 521.0 521.0 521.0 521.0 521.0 521.0 521.0 511.0 525.0 516.0 512.0 488.0 500.0 526.0 543.0 521.0 509.0 526.0 510.0 529.0 506.0 501.0 477.0 509.0 519.0 463.0 463.0 469.0 532.0 529.0 537.0 504.0 507.0 493.0 480.0 482.0 539.0 524.0 519.0 502.0 503.0 558.0 528.0 506.0 484.0 511.0 514.0 497.0 506.0 498.0 485.0 491.0 517.0 531.0 513.0 516.0 531.0 522.0 506.0 504.0 550.0 491.0 488.0 499.0 518.0 520.0 496.0 482.0 497.0 502.0 500.0 504.0 491.0 496.0 495.0 510.0 465.0 483.0 507.0 536.0 529.0 525.0 536.0 529.0 500.0 491.0 492.0 481.0 481.0 465.0 473.0 504.0 501.0 502.0 489.0 490.0 487.0 501.0 498.0 493.0 489.0 475.0 517.0 508.0 506.0 497.0 545.0 543.0 504.0 498.0 505.0 512.0 492.0 497.0 471.0 469.0 470.0 468.0 509.0 520.0 472.0 460.0 479.0 468.0 485.0 481.0 493.0 500.0 515.0 465.0 450.0 480.0 500.0 499.0 525.0 500.0 508.0 496.0 485.0 491.0 515.0 511.0 516.0 521.0 486.0 527.0 505.0 535.0 498.0 479.0 489.0 536.0 538.0 529.0 525.0 461.0 487.0 520.0 579.0 505.0 508.0 538.0 517.0 501.0 507.0 474.0 472.0 496.0 507.0 542.0 543.0 473.0 470.0 501.0 519.0 597.0 561.0 529.0 524.0 529.0 570.0 533.0 558.0 580.0 586.0 466.0 466.0 466.0 466.0 466.0 466.0 466.0 466.0 466.0 466.0 466.0 466.0 466.0 466.0 466.0 466.0 466.0 466.0 466.0 466.0 466.0 466.0 466.0 466.0 466.0 466.0 466.0 466.0 466.0 466.0 466.0 466.0 466.0 466.0 466.0 466.0 466.0 504.83275261324036 25.794370565806407
12 639.0 639.0 639.0 639.0 639.0 639.0 639.0 639.0 639.0 639.0 639.0 639.0 639.0 639.0 639.0 639.0 639.0 639.0 639.0 639.0 639.0 639.0 639.0 639.0 639.0 639.0 639.0 639.0 639.0 639.0 639.0 639.0 639.0 639.0 639.0 639.0 639.0 639.0 639.0 639.0 639.0 639.0 639.0 639.0 639.0 639.0 639.0 639.0 639.0 639.0 639.0 639.0 639.0 639.0 639.0 639.0 639.0 639.0 639.0 639.0 639.0 639.0 639.0 639.0 639.0 639.0 639.0 639.0 639.0 639.0 639.0 639.0 656.0 657.0 615.0 614.0 633.0 638.0 632.0 639.0 647.0 645.0 632.0 632.0 632.0 632.0 629.0 622.0 584.0 595.0 588.0 618.0 643.0 642.0 630.0 644.0 610.0 599.0 603.0 630.0 630.0 632.0 634.0 657.0 646.0 653.0 627.0 607.0 643.0 648.0 628.0 628.0 621.0 609.0 608.0 640.0 644.0 638.0 662.0 654.0 647.0 650.0 627.0 631.0 639.0 629.0 637.0 653.0 665.0 631.0 607.0 610.0 600.0 603.0 612.0 623.0 624.0 639.0 630.0 596.0 590.0 615.0 614.0 650.0 645.0 629.0 636.0 626.0 624.0 608.0 603.0 599.0 584.0 583.0 608.0 609.0 613.0 611.0 619.0 593.0 591.0 616.0 620.0 617.0 605.0 616.0 621.0 621.0 620.0 633.0 654.0 627.0 608.0 613.0 616.0 611.0 620.0 577.0 577.0 555.0 612.0 630.0 630.0 565.0 559.0 581.0 564.0 557.0 589.0 606.0 632.0 648.0 615.0 611.0 623.0 573.0 585.0 625.0 625.0 630.0 630.0 603.0 622.0 641.0 624.0 806.0 629.0 621.0 627.0 628.0 663.0 578.0 608.0 614.0 659.0 665.0 677.0 646.0 613.0 596.0 631.0 601.0 625.0 625.0 618.0 590.0 621.0 647.0 603.0 610.0 636.0 660.0 664.0 636.0 625.0 595.0 616.0 646.0 659.0 668.0 670.0 657.0 731.0 702.0 632.0 637.0 637.0 660.0 572.0 549.0 587.0 587.0 587.0 587.0 587.0 587.0 587.0 587.0 587.0 587.0 587.0 587.0 587.0 587.0 587.0 587.0 587.0 587.0 587.0 587.0 587.0 587.0 587.0 587.0 587.0 587.0 587.0 587.0 587.0 587.0 587.0 587.0 587.0 587.0 587.0 587.0 587.0 623.1358885017422 27.97811959448791
13 7.0 7.0 7.0 7.0 7.0 7.0 7.0 7.0 7.0 7.0 7.0 7.0 7.0 7.0 7.0 7.0 7.0 7.0 7.0 7.0 7.0 7.0 7.0 7.0 7.0 7.0 7.0 7.0 7.0 7.0 7.0 7.0 7.0 7.0 7.0 7.0 7.0 7.0 7.0 7.0 7.0 7.0 7.0 7.0 7.0 7.0 7.0 7.0 7.0 7.0 7.0 7.0 7.0 7.0 7.0 7.0 7.0 7.0 7.0 7.0 7.0 7.0 7.0 7.0 7.0 7.0 7.0 7.0 7.0 7.0 7.0 7.0 7.0 7.0 7.0 7.0 7.0 8.0 8.0 8.0 8.0 8.0 8.0 8.0 8.0 8.0 8.0 8.0 7.0 7.0 7.0 7.0 8.0 7.0 7.0 8.0 7.0 7.0 7.0 8.0 8.0 8.0 8.0 8.0 8.0 10.0 8.0 8.0 8.0 8.0 8.0 8.0 8.0 8.0 8.0 8.0 8.0 8.0 8.0 8.0 8.0 8.0 8.0 8.0 8.0 8.0 8.0 8.0 8.0 8.0 7.0 8.0 8.0 8.0 8.0 8.0 8.0 7.0 8.0 7.0 7.0 7.0 7.0 8.0 8.0 8.0 8.0 8.0 8.0 7.0 7.0 7.0 7.0 7.0 8.0 8.0 8.0 7.0 7.0 7.0 8.0 8.0 8.0 7.0 8.0 8.0 8.0 8.0 8.0 8.0 8.0 8.0 8.0 8.0 8.0 8.0 7.0 7.0 7.0 7.0 7.0 8.0 8.0 7.0 8.0 7.0 7.0 7.0 8.0 8.0 8.0 8.0 8.0 8.0 8.0 8.0 8.0 8.0 8.0 8.0 8.0 8.0 8.0 8.0 8.0 8.0 8.0 8.0 8.0 8.0 8.0 7.0 7.0 7.0 8.0 8.0 8.0 7.0 8.0 8.0 8.0 8.0 8.0 8.0 8.0 8.0 8.0 8.0 7.0 9.0 9.0 9.0 8.0 8.0 7.0 7.0 7.0 7.0 7.0 7.0 7.0 7.0 7.0 7.0 7.0 7.0 7.0 7.0 7.0 7.0 8.0 8.0 8.0 8.0 8.0 8.0 8.0 8.0 8.0 8.0 8.0 8.0 8.0 8.0 8.0 8.0 8.0 8.0 8.0 8.0 8.0 8.0 8.0 8.0 8.0 8.0 8.0 8.0 8.0 8.0 8.0 8.0 8.0 8.0 8.0 8.0 8.0 7.560975609756096 0.5376812650257403
14 97.0 97.0 97.0 97.0 97.0 97.0 97.0 97.0 97.0 97.0 97.0 97.0 97.0 97.0 97.0 97.0 97.0 97.0 97.0 97.0 97.0 97.0 97.0 97.0 97.0 97.0 97.0 97.0 97.0 97.0 97.0 97.0 97.0 97.0 97.0 97.0 97.0 97.0 97.0 97.0 97.0 97.0 97.0 97.0 97.0 97.0 97.0 97.0 97.0 97.0 97.0 97.0 97.0 97.0 97.0 97.0 97.0 97.0 97.0 97.0 97.0 97.0 97.0 97.0 97.0 97.0 97.0 97.0 97.0 97.0 97.0 97.0 94.0 92.0 99.0 96.0 105.0 94.0 93.0 96.0 95.0 95.0 91.0 93.0 90.0 91.0 98.0 90.0 83.0 92.0 88.0 94.0 95.0 94.0 92.0 101.0 87.0 96.0 93.0 100.0 90.0 96.0 90.0 97.0 95.0 91.0 86.0 94.0 93.0 93.0 89.0 97.0 87.0 92.0 91.0 97.0 94.0 97.0 94.0 95.0 96.0 86.0 89.0 91.0 91.0 95.0 95.0 96.0 91.0 101.0 89.0 90.0 89.0 91.0 89.0 93.0 92.0 92.0 86.0 83.0 95.0 91.0 97.0 90.0 92.0 95.0 89.0 98.0 90.0 87.0 87.0 82.0 82.0 90.0 86.0 91.0 91.0 96.0 89.0 85.0 94.0 94.0 88.0 87.0 91.0 91.0 86.0 89.0 94.0 90.0 90.0 91.0 92.0 95.0 88.0 95.0 84.0 81.0 88.0 82.0 89.0 94.0 91.0 80.0 93.0 76.0 83.0 84.0 89.0 96.0 94.0 94.0 100.0 94.0 82.0 91.0 92.0 100.0 89.0 91.0 86.0 89.0 93.0 85.0 93.0 95.0 86.0 90.0 92.0 95.0 81.0 90.0 93.0 92.0 104.0 96.0 94.0 81.0 91.0 91.0 86.0 90.0 88.0 93.0 90.0 92.0 96.0 92.0 88.0 95.0 95.0 100.0 94.0 88.0 86.0 99.0 99.0 95.0 97.0 97.0 98.0 111.0 99.0 99.0 90.0 95.0 126.0 141.0 80.0 90.0 97.0 97.0 97.0 97.0 97.0 97.0 97.0 97.0 97.0 97.0 97.0 97.0 97.0 97.0 97.0 97.0 97.0 97.0 97.0 97.0 97.0 97.0 97.0 97.0 97.0 97.0 97.0 97.0 97.0 97.0 97.0 97.0 97.0 97.0 97.0 97.0 97.0 94.02090592334494 5.807480877408747
15 593.0 593.0 593.0 593.0 593.0 593.0 593.0 593.0 593.0 593.0 593.0 593.0 593.0 593.0 593.0 593.0 593.0 593.0 593.0 593.0 593.0 593.0 593.0 593.0 593.0 593.0 593.0 593.0 593.0 593.0 593.0 593.0 593.0 593.0 593.0 593.0 593.0 593.0 593.0 593.0 593.0 593.0 593.0 593.0 593.0 593.0 593.0 593.0 593.0 593.0 593.0 593.0 593.0 593.0 593.0 593.0 593.0 593.0 593.0 593.0 593.0 593.0 593.0 593.0 593.0 593.0 593.0 593.0 593.0 593.0 593.0 593.0 564.0 567.0 585.0 595.0 590.0 590.0 594.0 589.0 588.0 568.0 588.0 588.0 583.0 587.0 536.0 521.0 529.0 578.0 596.0 621.0 588.0 598.0 566.0 560.0 558.0 592.0 585.0 586.0 592.0 605.0 616.0 587.0 589.0 577.0 606.0 602.0 581.0 604.0 582.0 575.0 581.0 586.0 570.0 568.0 587.0 617.0 605.0 511.0 516.0 535.0 552.0 560.0 620.0 608.0 593.0 609.0 615.0 585.0 594.0 585.0 575.0 578.0 582.0 581.0 597.0 594.0 599.0 579.0 617.0 602.0 595.0 628.0 578.0 599.0 583.0 560.0 567.0 565.0 559.0 580.0 579.0 568.0 573.0 582.0 593.0 557.0 563.0 559.0 571.0 583.0 567.0 586.0 588.0 587.0 601.0 594.0 590.0 604.0 583.0 596.0 578.0 595.0 576.0 526.0 539.0 520.0 549.0 583.0 594.0 544.0 517.0 531.0 512.0 511.0 579.0 574.0 591.0 600.0 633.0 570.0 559.0 548.0 542.0 578.0 559.0 557.0 556.0 563.0 570.0 577.0 598.0 588.0 571.0 557.0 578.0 593.0 599.0 516.0 512.0 587.0 578.0 567.0 608.0 592.0 524.0 517.0 537.0 544.0 538.0 573.0 580.0 578.0 593.0 585.0 555.0 558.0 594.0 582.0 603.0 581.0 558.0 540.0 599.0 615.0 607.0 613.0 621.0 665.0 651.0 674.0 602.0 626.0 639.0 856.0 567.0 513.0 539.0 586.0 592.0 592.0 592.0 592.0 592.0 592.0 592.0 592.0 592.0 592.0 592.0 592.0 592.0 592.0 592.0 592.0 592.0 592.0 592.0 592.0 592.0 592.0 592.0 592.0 592.0 592.0 592.0 592.0 592.0 592.0 592.0 592.0 592.0 592.0 592.0 592.0 592.0 584.7839721254355 28.677286050391942
16 361.0 361.0 361.0 361.0 361.0 361.0 361.0 361.0 361.0 361.0 361.0 361.0 361.0 361.0 361.0 361.0 361.0 361.0 361.0 361.0 361.0 361.0 361.0 361.0 361.0 361.0 361.0 361.0 361.0 361.0 361.0 361.0 361.0 361.0 361.0 361.0 361.0 361.0 361.0 361.0 361.0 361.0 361.0 361.0 361.0 361.0 361.0 361.0 361.0 361.0 361.0 361.0 361.0 361.0 361.0 361.0 361.0 361.0 361.0 361.0 361.0 361.0 361.0 361.0 361.0 361.0 361.0 361.0 361.0 361.0 361.0 361.0 446.0 402.0 391.0 380.0 390.0 381.0 395.0 363.0 406.0 368.0 383.0 371.0 432.0 353.0 346.0 366.0 391.0 405.0 393.0 370.0 353.0 358.0 365.0 379.0 383.0 372.0 341.0 346.0 392.0 395.0 384.0 378.0 387.0 378.0 371.0 382.0 381.0 379.0 386.0 378.0 403.0 360.0 379.0 395.0 408.0 334.0 379.0 390.0 393.0 352.0 377.0 375.0 404.0 370.0 377.0 402.0 393.0 378.0 370.0 365.0 363.0 376.0 388.0 404.0 376.0 375.0 370.0 393.0 395.0 390.0 378.0 399.0 389.0 365.0 357.0 347.0 318.0 367.0 375.0 335.0 385.0 369.0 389.0 366.0 370.0 360.0 338.0 383.0 356.0 374.0 379.0 420.0 386.0 393.0 378.0 383.0 397.0 379.0 370.0 384.0 355.0 372.0 340.0 328.0 357.0 367.0 383.0 389.0 379.0 333.0 348.0 328.0 391.0 402.0 375.0 492.0 410.0 398.0 356.0 371.0 374.0 394.0 370.0 400.0 359.0 410.0 373.0 380.0 388.0 383.0 388.0 350.0 319.0 376.0 388.0 369.0 329.0 342.0 420.0 367.0 380.0 381.0 432.0 347.0 353.0 367.0 375.0 361.0 348.0 372.0 346.0 399.0 348.0 349.0 379.0 388.0 369.0 385.0 373.0 381.0 399.0 385.0 396.0 388.0 400.0 394.0 513.0 398.0 398.0 497.0 431.0 500.0 379.0 353.0 325.0 391.0 394.0 395.0 387.0 387.0 387.0 387.0 387.0 387.0 387.0 387.0 387.0 387.0 387.0 387.0 387.0 387.0 387.0 387.0 387.0 387.0 387.0 387.0 387.0 387.0 387.0 387.0 387.0 387.0 387.0 387.0 387.0 387.0 387.0 387.0 387.0 387.0 387.0 387.0 387.0 375.8745644599303 24.125508387741473
17 128.0 128.0 128.0 128.0 128.0 128.0 128.0 128.0 128.0 128.0 128.0 128.0 128.0 128.0 128.0 128.0 128.0 128.0 128.0 128.0 128.0 128.0 128.0 128.0 128.0 128.0 128.0 128.0 128.0 128.0 128.0 128.0 128.0 128.0 128.0 128.0 128.0 128.0 128.0 128.0 128.0 128.0 128.0 128.0 128.0 128.0 128.0 128.0 128.0 128.0 128.0 128.0 128.0 128.0 128.0 128.0 128.0 128.0 128.0 128.0 128.0 128.0 128.0 128.0 128.0 128.0 128.0 128.0 128.0 128.0 128.0 128.0 144.0 145.0 146.0 144.0 134.0 141.0 136.0 143.0 148.0 130.0 137.0 130.0 173.0 128.0 137.0 141.0 152.0 148.0 144.0 138.0 142.0 135.0 137.0 136.0 138.0 144.0 124.0 144.0 139.0 145.0 140.0 134.0 142.0 136.0 138.0 141.0 142.0 135.0 138.0 140.0 128.0 133.0 147.0 141.0 122.0 139.0 148.0 146.0 133.0 142.0 137.0 140.0 130.0 130.0 139.0 150.0 141.0 136.0 132.0 138.0 135.0 135.0 146.0 143.0 134.0 137.0 140.0 139.0 146.0 138.0 138.0 140.0 136.0 138.0 137.0 119.0 138.0 136.0 126.0 123.0 136.0 142.0 127.0 127.0 134.0 137.0 130.0 136.0 142.0 132.0 135.0 144.0 143.0 139.0 129.0 149.0 138.0 135.0 146.0 135.0 133.0 126.0 129.0 131.0 142.0 136.0 149.0 144.0 141.0 127.0 118.0 143.0 146.0 132.0 142.0 136.0 145.0 131.0 138.0 131.0 135.0 137.0 135.0 132.0 134.0 157.0 142.0 140.0 144.0 139.0 129.0 140.0 119.0 145.0 146.0 122.0 129.0 163.0 139.0 136.0 132.0 134.0 124.0 122.0 175.0 139.0 119.0 135.0 130.0 134.0 135.0 131.0 129.0 138.0 152.0 148.0 144.0 137.0 137.0 141.0 144.0 144.0 151.0 145.0 145.0 159.0 159.0 146.0 229.0 148.0 140.0 130.0 152.0 115.0 142.0 142.0 145.0 158.0 169.0 169.0 169.0 169.0 169.0 169.0 169.0 169.0 169.0 169.0 169.0 169.0 169.0 169.0 169.0 169.0 169.0 169.0 169.0 169.0 169.0 169.0 169.0 169.0 169.0 169.0 169.0 169.0 169.0 169.0 169.0 169.0 169.0 169.0 169.0 169.0 169.0 140.08013937282232 14.939172330172022
18 510.0 510.0 510.0 510.0 510.0 510.0 510.0 510.0 510.0 510.0 510.0 510.0 510.0 510.0 510.0 510.0 510.0 510.0 510.0 510.0 510.0 510.0 510.0 510.0 510.0 510.0 510.0 510.0 510.0 510.0 510.0 510.0 510.0 510.0 510.0 510.0 510.0 510.0 510.0 510.0 510.0 510.0 510.0 510.0 510.0 510.0 510.0 510.0 510.0 510.0 510.0 510.0 510.0 510.0 510.0 510.0 510.0 510.0 510.0 510.0 510.0 510.0 510.0 510.0 510.0 510.0 510.0 510.0 510.0 510.0 510.0 510.0 504.0 511.0 507.0 489.0 488.0 490.0 496.0 516.0 508.0 474.0 473.0 443.0 458.0 475.0 494.0 516.0 502.0 491.0 495.0 466.0 468.0 467.0 485.0 480.0 432.0 452.0 477.0 511.0 508.0 498.0 493.0 496.0 484.0 497.0 493.0 480.0 480.0 486.0 490.0 474.0 481.0 511.0 503.0 438.0 447.0 493.0 494.0 508.0 445.0 447.0 472.0 482.0 485.0 485.0 490.0 492.0 492.0 469.0 486.0 486.0 480.0 501.0 491.0 484.0 487.0 508.0 493.0 498.0 496.0 523.0 499.0 484.0 467.0 460.0 444.0 457.0 489.0 453.0 437.0 472.0 479.0 466.0 498.0 456.0 473.0 497.0 486.0 483.0 479.0 479.0 489.0 504.0 479.0 483.0 523.0 489.0 493.0 497.0 474.0 480.0 429.0 434.0 463.0 442.0 465.0 488.0 501.0 488.0 463.0 439.0 487.0 511.0 500.0 560.0 498.0 506.0 466.0 467.0 487.0 491.0 498.0 500.0 463.0 481.0 484.0 477.0 480.0 481.0 474.0 470.0 463.0 469.0 502.0 498.0 448.0 445.0 484.0 483.0 485.0 489.0 505.0 433.0 460.0 481.0 510.0 468.0 445.0 479.0 481.0 500.0 449.0 449.0 462.0 509.0 475.0 514.0 483.0 496.0 494.0 504.0 487.0 506.0 518.0 517.0 542.0 492.0 565.0 500.0 497.0 524.0 584.0 531.0 416.0 448.0 509.0 440.0 433.0 433.0 480.0 480.0 480.0 480.0 480.0 480.0 480.0 480.0 480.0 480.0 480.0 480.0 480.0 480.0 480.0 480.0 480.0 480.0 480.0 480.0 480.0 480.0 480.0 480.0 480.0 480.0 480.0 480.0 480.0 480.0 480.0 480.0 480.0 480.0 480.0 480.0 480.0 489.75958188153317 23.14928831465272
19 273.0 273.0 273.0 273.0 273.0 273.0 273.0 273.0 273.0 273.0 273.0 273.0 273.0 273.0 273.0 273.0 273.0 273.0 273.0 273.0 273.0 273.0 273.0 273.0 273.0 273.0 273.0 273.0 273.0 273.0 273.0 273.0 273.0 273.0 273.0 273.0 273.0 273.0 273.0 273.0 273.0 273.0 273.0 273.0 273.0 273.0 273.0 273.0 273.0 273.0 273.0 273.0 273.0 273.0 273.0 273.0 273.0 273.0 273.0 273.0 273.0 273.0 273.0 273.0 273.0 273.0 273.0 273.0 273.0 273.0 273.0 273.0 286.0 277.0 268.0 276.0 274.0 272.0 288.0 278.0 257.0 261.0 247.0 245.0 260.0 275.0 288.0 276.0 276.0 277.0 255.0 255.0 250.0 272.0 266.0 247.0 241.0 273.0 281.0 273.0 275.0 270.0 275.0 272.0 268.0 277.0 264.0 270.0 262.0 271.0 265.0 269.0 265.0 273.0 244.0 261.0 270.0 269.0 260.0 247.0 246.0 267.0 262.0 271.0 267.0 267.0 271.0 264.0 261.0 270.0 252.0 267.0 269.0 272.0 262.0 271.0 277.0 270.0 276.0 274.0 245.0 271.0 270.0 261.0 253.0 242.0 260.0 274.0 275.0 264.0 270.0 258.0 261.0 249.0 262.0 270.0 277.0 266.0 268.0 261.0 282.0 281.0 269.0 268.0 270.0 280.0 272.0 273.0 270.0 269.0 254.0 267.0 234.0 265.0 243.0 268.0 279.0 272.0 268.0 247.0 237.0 275.0 277.0 270.0 250.0 274.0 264.0 253.0 263.0 271.0 253.0 267.0 272.0 262.0 253.0 248.0 275.0 265.0 268.0 264.0 289.0 276.0 268.0 282.0 266.0 251.0 250.0 264.0 254.0 278.0 277.0 266.0 257.0 246.0 266.0 266.0 259.0 266.0 262.0 266.0 263.0 244.0 246.0 262.0 279.0 254.0 275.0 264.0 275.0 274.0 262.0 271.0 280.0 286.0 287.0 281.0 281.0 276.0 271.0 277.0 363.0 308.0 273.0 243.0 276.0 283.0 245.0 244.0 363.0 267.0 270.0 270.0 270.0 270.0 270.0 270.0 270.0 270.0 270.0 270.0 270.0 270.0 270.0 270.0 270.0 270.0 270.0 270.0 270.0 270.0 270.0 270.0 270.0 270.0 270.0 270.0 270.0 270.0 270.0 270.0 270.0 270.0 270.0 270.0 270.0 270.0 270.0 269.10801393728224 12.457711904756161
20 397.0 397.0 397.0 397.0 397.0 397.0 397.0 397.0 397.0 397.0 397.0 397.0 397.0 397.0 397.0 397.0 397.0 397.0 397.0 397.0 397.0 397.0 397.0 397.0 397.0 397.0 397.0 397.0 397.0 397.0 397.0 397.0 397.0 397.0 397.0 397.0 397.0 397.0 397.0 397.0 397.0 397.0 397.0 397.0 397.0 397.0 397.0 397.0 397.0 397.0 397.0 397.0 397.0 397.0 397.0 397.0 397.0 397.0 397.0 397.0 397.0 397.0 397.0 397.0 397.0 397.0 397.0 397.0 397.0 397.0 397.0 397.0 381.0 376.0 384.0 379.0 391.0 406.0 382.0 360.0 365.0 359.0 353.0 362.0 379.0 399.0 382.0 377.0 395.0 354.0 352.0 351.0 372.0 373.0 343.0 339.0 388.0 398.0 380.0 374.0 387.0 383.0 388.0 376.0 389.0 383.0 371.0 350.0 367.0 374.0 374.0 380.0 375.0 344.0 355.0 371.0 384.0 370.0 381.0 346.0 380.0 371.0 378.0 371.0 379.0 378.0 372.0 371.0 372.0 372.0 375.0 372.0 383.0 364.0 385.0 391.0 389.0 381.0 376.0 390.0 381.0 369.0 363.0 345.0 346.0 356.0 384.0 381.0 367.0 370.0 349.0 366.0 351.0 353.0 384.0 391.0 370.0 374.0 362.0 384.0 382.0 373.0 377.0 373.0 398.0 376.0 387.0 374.0 371.0 359.0 372.0 336.0 336.0 330.0 349.0 377.0 392.0 377.0 347.0 352.0 386.0 389.0 384.0 354.0 360.0 373.0 366.0 360.0 374.0 377.0 357.0 369.0 371.0 354.0 347.0 377.0 375.0 373.0 370.0 358.0 327.0 355.0 382.0 365.0 356.0 357.0 371.0 365.0 370.0 355.0 378.0 353.0 356.0 367.0 368.0 363.0 373.0 375.0 377.0 367.0 334.0 342.0 362.0 392.0 353.0 383.0 370.0 389.0 384.0 385.0 381.0 395.0 404.0 401.0 387.0 367.0 372.0 383.0 386.0 451.0 415.0 377.0 345.0 370.0 437.0 334.0 331.0 388.0 396.0 352.0 339.0 339.0 339.0 339.0 339.0 339.0 339.0 339.0 339.0 339.0 339.0 339.0 339.0 339.0 339.0 339.0 339.0 339.0 339.0 339.0 339.0 339.0 339.0 339.0 339.0 339.0 339.0 339.0 339.0 339.0 339.0 339.0 339.0 339.0 339.0 339.0 339.0 373.80836236933794 22.193716423965377
21 6.0 6.0 6.0 6.0 6.0 6.0 6.0 6.0 6.0 6.0 6.0 6.0 6.0 6.0 6.0 6.0 6.0 6.0 6.0 6.0 6.0 6.0 6.0 6.0 6.0 6.0 6.0 6.0 6.0 6.0 6.0 6.0 6.0 6.0 6.0 6.0 6.0 6.0 6.0 6.0 6.0 6.0 6.0 6.0 6.0 6.0 6.0 6.0 6.0 6.0 6.0 6.0 6.0 6.0 6.0 6.0 6.0 6.0 6.0 6.0 6.0 6.0 6.0 6.0 6.0 6.0 6.0 6.0 6.0 6.0 6.0 6.0 6.0 6.0 6.0 5.0 5.0 6.0 6.0 6.0 6.0 6.0 6.0 6.0 6.0 6.0 6.0 6.0 5.0 5.0 5.0 5.0 6.0 6.0 5.0 6.0 6.0 6.0 6.0 6.0 6.0 6.0 6.0 6.0 6.0 6.0 5.0 5.0 5.0 5.0 5.0 6.0 6.0 6.0 6.0 6.0 6.0 6.0 6.0 5.0 5.0 5.0 6.0 6.0 6.0 5.0 5.0 5.0 5.0 5.0 6.0 6.0 6.0 6.0 5.0 5.0 5.0 6.0 6.0 6.0 6.0 6.0 5.0 5.0 6.0 6.0 6.0 6.0 5.0 5.0 6.0 6.0 5.0 5.0 5.0 6.0 6.0 6.0 6.0 6.0 6.0 6.0 6.0 6.0 6.0 6.0 6.0 6.0 6.0 6.0 6.0 6.0 6.0 5.0 5.0 6.0 6.0 6.0 5.0 6.0 6.0 6.0 6.0 6.0 6.0 5.0 5.0 6.0 6.0 6.0 6.0 6.0 6.0 5.0 5.0 5.0 5.0 5.0 5.0 5.0 4.0 4.0 4.0 4.0 4.0 4.0 4.0 6.0 5.0 5.0 5.0 5.0 5.0 6.0 6.0 6.0 6.0 6.0 5.0 5.0 5.0 5.0 5.0 5.0 5.0 5.0 5.0 5.0 5.0 5.0 6.0 6.0 6.0 6.0 6.0 6.0 6.0 6.0 6.0 6.0 6.0 6.0 5.0 6.0 6.0 5.0 6.0 6.0 6.0 5.0 5.0 5.0 5.0 5.0 5.0 5.0 5.0 5.0 5.0 5.0 5.0 5.0 5.0 5.0 5.0 5.0 5.0 5.0 5.0 5.0 5.0 5.0 5.0 5.0 5.0 5.0 5.0 5.0 5.0 5.0 5.0 5.0 5.0 5.0 5.0 5.0 5.0 5.606271777003483 0.5371145090286327
22 192.0 192.0 192.0 192.0 192.0 192.0 192.0 192.0 192.0 192.0 192.0 192.0 192.0 192.0 192.0 192.0 192.0 192.0 192.0 192.0 192.0 192.0 192.0 192.0 192.0 192.0 192.0 192.0 192.0 192.0 192.0 192.0 192.0 192.0 192.0 192.0 192.0 192.0 192.0 192.0 192.0 192.0 192.0 192.0 192.0 192.0 192.0 192.0 192.0 192.0 192.0 192.0 192.0 192.0 192.0 192.0 192.0 192.0 192.0 192.0 192.0 192.0 192.0 192.0 192.0 192.0 192.0 192.0 192.0 192.0 192.0 192.0 189.0 193.0 195.0 208.0 200.0 202.0 186.0 190.0 231.0 178.0 186.0 196.0 208.0 184.0 196.0 218.0 185.0 179.0 177.0 192.0 188.0 194.0 190.0 195.0 200.0 197.0 195.0 196.0 177.0 189.0 187.0 204.0 192.0 189.0 180.0 197.0 195.0 191.0 202.0 188.0 180.0 187.0 192.0 189.0 190.0 177.0 187.0 192.0 190.0 191.0 187.0 193.0 193.0 193.0 193.0 196.0 184.0 194.0 184.0 193.0 188.0 190.0 198.0 198.0 199.0 192.0 196.0 191.0 191.0 183.0 179.0 172.0 191.0 202.0 200.0 188.0 201.0 182.0 193.0 178.0 181.0 192.0 199.0 187.0 195.0 195.0 199.0 194.0 200.0 193.0 190.0 196.0 193.0 197.0 188.0 190.0 183.0 193.0 183.0 186.0 180.0 186.0 195.0 202.0 179.0 180.0 179.0 197.0 198.0 191.0 196.0 205.0 188.0 182.0 183.0 194.0 196.0 205.0 186.0 188.0 194.0 180.0 187.0 198.0 195.0 185.0 185.0 188.0 184.0 194.0 179.0 182.0 189.0 190.0 180.0 204.0 183.0 191.0 184.0 189.0 192.0 188.0 188.0 197.0 187.0 194.0 196.0 187.0 170.0 181.0 209.0 177.0 202.0 188.0 213.0 192.0 192.0 193.0 198.0 198.0 202.0 200.0 192.0 193.0 191.0 194.0 240.0 235.0 195.0 191.0 206.0 216.0 199.0 175.0 175.0 189.0 193.0 176.0 207.0 207.0 207.0 207.0 207.0 207.0 207.0 207.0 207.0 207.0 207.0 207.0 207.0 207.0 207.0 207.0 207.0 207.0 207.0 207.0 207.0 207.0 207.0 207.0 207.0 207.0 207.0 207.0 207.0 207.0 207.0 207.0 207.0 207.0 207.0 207.0 207.0 193.82578397212544 9.341854310208902
23 108.0 108.0 108.0 108.0 108.0 108.0 108.0 108.0 108.0 108.0 108.0 108.0 108.0 108.0 108.0 108.0 108.0 108.0 108.0 108.0 108.0 108.0 108.0 108.0 108.0 108.0 108.0 108.0 108.0 108.0 108.0 108.0 108.0 108.0 108.0 108.0 108.0 108.0 108.0 108.0 108.0 108.0 108.0 108.0 108.0 108.0 108.0 108.0 108.0 108.0 108.0 108.0 108.0 108.0 108.0 108.0 108.0 108.0 108.0 108.0 108.0 108.0 108.0 108.0 108.0 108.0 108.0 108.0 108.0 108.0 108.0 108.0 121.0 122.0 112.0 136.0 115.0 116.0 112.0 112.0 132.0 118.0 115.0 122.0 129.0 117.0 131.0 130.0 106.0 106.0 116.0 116.0 117.0 133.0 127.0 118.0 120.0 120.0 118.0 119.0 113.0 132.0 116.0 122.0 114.0 123.0 111.0 119.0 115.0 144.0 113.0 123.0 129.0 117.0 115.0 116.0 120.0 119.0 111.0 118.0 115.0 117.0 113.0 124.0 116.0 117.0 126.0 117.0 113.0 118.0 124.0 121.0 114.0 114.0 124.0 122.0 115.0 126.0 120.0 120.0 108.0 113.0 127.0 102.0 110.0 117.0 115.0 118.0 119.0 126.0 128.0 110.0 104.0 120.0 116.0 113.0 118.0 125.0 116.0 117.0 122.0 114.0 120.0 124.0 117.0 120.0 108.0 117.0 109.0 119.0 102.0 109.0 123.0 122.0 116.0 121.0 114.0 107.0 129.0 124.0 121.0 114.0 117.0 120.0 129.0 142.0 115.0 131.0 123.0 101.0 113.0 120.0 116.0 129.0 122.0 124.0 119.0 126.0 108.0 110.0 120.0 111.0 112.0 107.0 118.0 114.0 123.0 121.0 113.0 117.0 113.0 107.0 118.0 118.0 113.0 114.0 119.0 119.0 123.0 122.0 111.0 112.0 105.0 118.0 120.0 120.0 107.0 120.0 120.0 118.0 118.0 125.0 126.0 120.0 120.0 120.0 117.0 132.0 139.0 109.0 193.0 107.0 137.0 114.0 120.0 163.0 163.0 121.0 106.0 110.0 124.0 124.0 124.0 124.0 124.0 124.0 124.0 124.0 124.0 124.0 124.0 124.0 124.0 124.0 124.0 124.0 124.0 124.0 124.0 124.0 124.0 124.0 124.0 124.0 124.0 124.0 124.0 124.0 124.0 124.0 124.0 124.0 124.0 124.0 124.0 124.0 124.0 116.99651567944252 9.788854179051771
24 224.0 224.0 224.0 224.0 224.0 224.0 224.0 224.0 224.0 224.0 224.0 224.0 224.0 224.0 224.0 224.0 224.0 224.0 224.0 224.0 224.0 224.0 224.0 224.0 224.0 224.0 224.0 224.0 224.0 224.0 224.0 224.0 224.0 224.0 224.0 224.0 224.0 224.0 224.0 224.0 224.0 224.0 224.0 224.0 224.0 224.0 224.0 224.0 224.0 224.0 224.0 224.0 224.0 224.0 224.0 224.0 224.0 224.0 224.0 224.0 224.0 224.0 224.0 224.0 224.0 224.0 224.0 224.0 224.0 224.0 224.0 224.0 224.0 230.0 221.0 244.0 216.0 213.0 223.0 236.0 227.0 211.0 230.0 417.0 228.0 212.0 212.0 244.0 232.0 208.0 218.0 216.0 215.0 244.0 208.0 229.0 230.0 221.0 225.0 239.0 228.0 241.0 229.0 224.0 219.0 216.0 243.0 227.0 238.0 240.0 217.0 212.0 232.0 218.0 220.0 200.0 214.0 215.0 213.0 225.0 220.0 227.0 221.0 257.0 228.0 214.0 245.0 216.0 216.0 228.0 266.0 198.0 223.0 225.0 236.0 227.0 221.0 233.0 201.0 230.0 211.0 260.0 219.0 206.0 235.0 223.0 232.0 226.0 243.0 228.0 211.0 203.0 230.0 224.0 217.0 224.0 230.0 226.0 219.0 219.0 231.0 226.0 216.0 223.0 230.0 220.0 228.0 206.0 223.0 208.0 209.0 225.0 226.0 207.0 249.0 223.0 211.0 203.0 233.0 238.0 244.0 226.0 225.0 221.0 204.0 232.0 221.0 226.0 221.0 202.0 223.0 229.0 221.0 221.0 228.0 236.0 223.0 216.0 210.0 228.0 213.0 207.0 220.0 208.0 227.0 223.0 229.0 225.0 215.0 222.0 209.0 218.0 230.0 229.0 235.0 221.0 223.0 213.0 222.0 214.0 229.0 229.0 226.0 225.0 229.0 236.0 220.0 222.0 229.0 222.0 222.0 237.0 226.0 220.0 219.0 225.0 231.0 257.0 228.0 278.0 204.0 207.0 235.0 238.0 238.0 223.0 244.0 230.0 199.0 236.0 338.0 338.0 338.0 338.0 338.0 338.0 338.0 338.0 338.0 338.0 338.0 338.0 338.0 338.0 338.0 338.0 338.0 338.0 338.0 338.0 338.0 338.0 338.0 338.0 338.0 338.0 338.0 338.0 338.0 338.0 338.0 338.0 338.0 338.0 338.0 338.0 338.0 239.56445993031355 40.775033388970286
25 50.0 50.0 50.0 50.0 50.0 50.0 50.0 50.0 50.0 50.0 50.0 50.0 50.0 50.0 50.0 50.0 50.0 50.0 50.0 50.0 50.0 50.0 50.0 50.0 50.0 50.0 50.0 50.0 50.0 50.0 50.0 50.0 50.0 50.0 50.0 50.0 50.0 50.0 50.0 50.0 50.0 50.0 50.0 50.0 50.0 50.0 50.0 50.0 50.0 50.0 50.0 50.0 50.0 50.0 50.0 50.0 50.0 50.0 50.0 50.0 50.0 50.0 50.0 50.0 50.0 50.0 50.0 50.0 50.0 50.0 50.0 50.0 47.0 48.0 54.0 51.0 49.0 51.0 53.0 48.0 46.0 49.0 54.0 59.0 59.0 47.0 47.0 50.0 46.0 47.0 51.0 48.0 54.0 63.0 44.0 62.0 49.0 51.0 49.0 48.0 51.0 50.0 49.0 55.0 49.0 44.0 52.0 52.0 52.0 50.0 46.0 47.0 49.0 51.0 48.0 53.0 45.0 44.0 53.0 49.0 51.0 48.0 55.0 60.0 49.0 50.0 58.0 60.0 48.0 50.0 69.0 46.0 50.0 47.0 52.0 47.0 52.0 49.0 51.0 47.0 52.0 51.0 49.0 50.0 52.0 53.0 52.0 49.0 50.0 50.0 48.0 65.0 48.0 54.0 49.0 54.0 51.0 51.0 53.0 51.0 48.0 52.0 47.0 58.0 50.0 48.0 49.0 53.0 52.0 46.0 48.0 50.0 53.0 95.0 59.0 52.0 45.0 50.0 49.0 50.0 53.0 71.0 48.0 48.0 46.0 50.0 48.0 49.0 54.0 79.0 53.0 52.0 53.0 51.0 57.0 49.0 49.0 49.0 51.0 49.0 47.0 53.0 46.0 50.0 58.0 70.0 52.0 63.0 49.0 50.0 52.0 54.0 50.0 55.0 46.0 46.0 46.0 48.0 50.0 49.0 74.0 46.0 49.0 49.0 49.0 51.0 51.0 53.0 52.0 52.0 52.0 54.0 51.0 47.0 47.0 49.0 66.0 65.0 56.0 56.0 45.0 50.0 50.0 50.0 50.0 57.0 58.0 51.0 43.0 56.0 56.0 56.0 56.0 56.0 56.0 56.0 56.0 56.0 56.0 56.0 56.0 56.0 56.0 56.0 56.0 56.0 56.0 56.0 56.0 56.0 56.0 56.0 56.0 56.0 56.0 56.0 56.0 56.0 56.0 56.0 56.0 56.0 56.0 56.0 56.0 56.0 56.0 51.85365853658537 5.317162362509604
26 122.0 122.0 122.0 122.0 122.0 122.0 122.0 122.0 122.0 122.0 122.0 122.0 122.0 122.0 122.0 122.0 122.0 122.0 122.0 122.0 122.0 122.0 122.0 122.0 122.0 122.0 122.0 122.0 122.0 122.0 122.0 122.0 122.0 122.0 122.0 122.0 122.0 122.0 122.0 122.0 122.0 122.0 122.0 122.0 122.0 122.0 122.0 122.0 122.0 122.0 122.0 122.0 122.0 122.0 122.0 122.0 122.0 122.0 122.0 122.0 122.0 122.0 122.0 122.0 122.0 122.0 122.0 122.0 122.0 122.0 122.0 122.0 124.0 112.0 122.0 118.0 113.0 123.0 119.0 112.0 105.0 115.0 119.0 117.0 116.0 112.0 123.0 121.0 112.0 120.0 116.0 108.0 105.0 118.0 113.0 125.0 117.0 129.0 169.0 133.0 119.0 121.0 119.0 121.0 115.0 117.0 122.0 118.0 119.0 113.0 118.0 129.0 112.0 113.0 118.0 110.0 137.0 111.0 125.0 117.0 116.0 117.0 116.0 116.0 120.0 125.0 125.0 112.0 119.0 118.0 118.0 122.0 111.0 122.0 121.0 114.0 135.0 118.0 119.0 117.0 119.0 117.0 115.0 108.0 125.0 118.0 119.0 115.0 118.0 111.0 105.0 121.0 124.0 117.0 118.0 124.0 121.0 124.0 120.0 140.0 122.0 116.0 117.0 119.0 115.0 124.0 117.0 123.0 106.0 106.0 121.0 120.0 114.0 149.0 123.0 117.0 107.0 118.0 117.0 116.0 117.0 123.0 115.0 111.0 113.0 113.0 115.0 104.0 119.0 112.0 116.0 118.0 121.0 115.0 116.0 117.0 112.0 114.0 121.0 120.0 113.0 116.0 111.0 121.0 123.0 123.0 121.0 117.0 116.0 120.0 118.0 118.0 118.0 113.0 109.0 114.0 109.0 120.0 118.0 118.0 118.0 102.0 114.0 116.0 121.0 117.0 118.0 118.0 123.0 116.0 125.0 124.0 114.0 114.0 126.0 115.0 135.0 126.0 120.0 112.0 102.0 119.0 115.0 115.0 115.0 116.0 124.0 108.0 123.0 119.0 131.0 131.0 131.0 131.0 131.0 131.0 131.0 131.0 131.0 131.0 131.0 131.0 131.0 131.0 131.0 131.0 131.0 131.0 131.0 131.0 131.0 131.0 131.0 131.0 131.0 131.0 131.0 131.0 131.0 131.0 131.0 131.0 131.0 131.0 131.0 131.0 131.0 120.7177700348432 7.261388300100283
27 196.0 196.0 196.0 196.0 196.0 196.0 196.0 196.0 196.0 196.0 196.0 196.0 196.0 196.0 196.0 196.0 196.0 196.0 196.0 196.0 196.0 196.0 196.0 196.0 196.0 196.0 196.0 196.0 196.0 196.0 196.0 196.0 196.0 196.0 196.0 196.0 196.0 196.0 196.0 196.0 196.0 196.0 196.0 196.0 196.0 196.0 196.0 196.0 196.0 196.0 196.0 196.0 196.0 196.0 196.0 196.0 196.0 196.0 196.0 196.0 196.0 196.0 196.0 196.0 196.0 196.0 196.0 196.0 196.0 196.0 196.0 196.0 196.0 205.0 212.0 198.0 204.0 200.0 198.0 197.0 187.0 188.0 195.0 200.0 188.0 188.0 206.0 183.0 182.0 198.0 214.0 182.0 198.0 179.0 198.0 196.0 197.0 201.0 201.0 212.0 198.0 202.0 197.0 201.0 185.0 203.0 203.0 184.0 203.0 191.0 215.0 207.0 190.0 205.0 197.0 193.0 180.0 197.0 201.0 196.0 194.0 198.0 191.0 194.0 198.0 198.0 198.0 193.0 201.0 202.0 198.0 181.0 182.0 204.0 189.0 189.0 195.0 202.0 190.0 197.0 191.0 193.0 188.0 205.0 205.0 197.0 198.0 184.0 189.0 180.0 188.0 200.0 198.0 190.0 203.0 206.0 201.0 207.0 196.0 207.0 195.0 188.0 191.0 202.0 197.0 204.0 191.0 201.0 177.0 202.0 202.0 184.0 198.0 220.0 199.0 181.0 202.0 191.0 211.0 191.0 201.0 199.0 188.0 187.0 193.0 195.0 193.0 176.0 191.0 192.0 194.0 196.0 197.0 190.0 199.0 191.0 191.0 169.0 197.0 196.0 187.0 182.0 202.0 201.0 195.0 205.0 201.0 192.0 201.0 208.0 209.0 193.0 179.0 180.0 186.0 198.0 185.0 183.0 197.0 185.0 185.0 185.0 194.0 200.0 205.0 195.0 201.0 211.0 197.0 214.0 211.0 203.0 194.0 201.0 207.0 212.0 188.0 199.0 202.0 177.0 186.0 193.0 193.0 217.0 196.0 206.0 213.0 171.0 204.0 192.0 211.0 211.0 211.0 211.0 211.0 211.0 211.0 211.0 211.0 211.0 211.0 211.0 211.0 211.0 211.0 211.0 211.0 211.0 211.0 211.0 211.0 211.0 211.0 211.0 211.0 211.0 211.0 211.0 211.0 211.0 211.0 211.0 211.0 211.0 211.0 211.0 211.0 197.81533101045295 8.793515678296975
28 624.0 624.0 624.0 624.0 624.0 624.0 624.0 624.0 624.0 624.0 624.0 624.0 624.0 624.0 624.0 624.0 624.0 624.0 624.0 624.0 624.0 624.0 624.0 624.0 624.0 624.0 624.0 624.0 624.0 624.0 624.0 624.0 624.0 624.0 624.0 624.0 624.0 624.0 624.0 624.0 624.0 624.0 624.0 624.0 624.0 624.0 624.0 624.0 624.0 624.0 624.0 624.0 624.0 624.0 624.0 624.0 624.0 624.0 624.0 624.0 624.0 624.0 624.0 624.0 624.0 624.0 624.0 624.0 624.0 624.0 624.0 624.0 644.0 636.0 619.0 635.0 625.0 613.0 601.0 599.0 589.0 602.0 586.0 590.0 593.0 629.0 556.0 558.0 627.0 603.0 604.0 626.0 621.0 600.0 619.0 629.0 641.0 548.0 622.0 624.0 608.0 619.0 611.0 571.0 541.0 570.0 599.0 617.0 594.0 548.0 571.0 580.0 595.0 615.0 590.0 603.0 600.0 591.0 611.0 606.0 619.0 623.0 631.0 609.0 642.0 621.0 604.0 621.0 599.0 586.0 603.0 585.0 632.0 593.0 581.0 579.0 597.0 606.0 580.0 595.0 607.0 620.0 621.0 612.0 606.0 585.0 560.0 576.0 560.0 570.0 619.0 597.0 579.0 615.0 639.0 637.0 603.0 587.0 593.0 608.0 579.0 584.0 618.0 605.0 593.0 599.0 536.0 546.0 555.0 632.0 631.0 717.0 660.0 602.0 584.0 582.0 627.0 602.0 574.0 570.0 564.0 586.0 596.0 597.0 611.0 582.0 592.0 577.0 609.0 642.0 616.0 593.0 591.0 609.0 600.0 593.0 601.0 615.0 629.0 609.0 611.0 635.0 618.0 626.0 654.0 610.0 599.0 587.0 646.0 616.0 608.0 614.0 603.0 608.0 578.0 613.0 623.0 608.0 609.0 646.0 591.0 621.0 622.0 642.0 624.0 621.0 617.0 597.0 618.0 625.0 545.0 603.0 612.0 623.0 583.0 600.0 617.0 668.0 564.0 578.0 633.0 630.0 610.0 688.0 666.0 562.0 560.0 693.0 733.0 618.0 624.0 624.0 624.0 624.0 624.0 624.0 624.0 624.0 624.0 624.0 624.0 624.0 624.0 624.0 624.0 624.0 624.0 624.0 624.0 624.0 624.0 624.0 624.0 624.0 624.0 624.0 624.0 624.0 624.0 624.0 624.0 624.0 624.0 624.0 624.0 624.0 624.0 612.8188153310105 24.567772567762486
29 16.0 16.0 16.0 16.0 16.0 16.0 16.0 16.0 16.0 16.0 16.0 16.0 16.0 16.0 16.0 16.0 16.0 16.0 16.0 16.0 16.0 16.0 16.0 16.0 16.0 16.0 16.0 16.0 16.0 16.0 16.0 16.0 16.0 16.0 16.0 16.0 16.0 16.0 16.0 16.0 16.0 16.0 16.0 16.0 16.0 16.0 16.0 16.0 16.0 16.0 16.0 16.0 16.0 16.0 16.0 16.0 16.0 16.0 16.0 16.0 16.0 16.0 16.0 16.0 16.0 16.0 16.0 16.0 16.0 16.0 16.0 16.0 16.0 16.0 16.0 16.0 14.0 14.0 15.0 15.0 15.0 15.0 15.0 15.0 16.0 15.0 14.0 16.0 16.0 16.0 14.0 17.0 17.0 16.0 16.0 16.0 16.0 16.0 16.0 16.0 16.0 15.0 16.0 14.0 14.0 14.0 14.0 15.0 15.0 13.0 15.0 15.0 14.0 15.0 14.0 15.0 17.0 38.0 38.0 38.0 15.0 15.0 14.0 14.0 15.0 14.0 14.0 15.0 15.0 15.0 17.0 17.0 15.0 15.0 14.0 15.0 15.0 15.0 14.0 14.0 14.0 16.0 16.0 14.0 16.0 14.0 16.0 14.0 14.0 15.0 15.0 15.0 16.0 15.0 16.0 15.0 15.0 15.0 15.0 15.0 13.0 14.0 14.0 14.0 14.0 14.0 13.0 15.0 16.0 15.0 1623.0 1623.0 15.0 14.0 15.0 15.0 15.0 14.0 16.0 14.0 14.0 14.0 14.0 15.0 15.0 15.0 15.0 13.0 16.0 16.0 16.0 14.0 14.0 14.0 15.0 15.0 15.0 15.0 15.0 17.0 17.0 17.0 15.0 15.0 15.0 14.0 16.0 16.0 16.0 16.0 16.0 15.0 15.0 16.0 14.0 14.0 14.0 14.0 15.0 14.0 14.0 17.0 17.0 17.0 17.0 16.0 16.0 15.0 15.0 12.0 12.0 12.0 12.0 12.0 14.0 14.0 14.0 13.0 17.0 17.0 17.0 17.0 17.0 17.0 30.0 12.0 12.0 12.0 12.0 12.0 12.0 12.0 12.0 12.0 12.0 12.0 12.0 12.0 12.0 12.0 12.0 12.0 12.0 12.0 12.0 12.0 12.0 12.0 12.0 12.0 12.0 12.0 12.0 12.0 12.0 12.0 12.0 12.0 12.0 12.0 12.0 12.0 12.0 12.0 12.0 12.0 12.0 26.31358885017419 134.0216266991601
30 191.0 191.0 191.0 191.0 191.0 191.0 191.0 191.0 191.0 191.0 191.0 191.0 191.0 191.0 191.0 191.0 191.0 191.0 191.0 191.0 191.0 191.0 191.0 191.0 191.0 191.0 191.0 191.0 191.0 191.0 191.0 191.0 191.0 191.0 191.0 191.0 191.0 191.0 191.0 191.0 191.0 191.0 191.0 191.0 191.0 191.0 191.0 191.0 191.0 191.0 191.0 191.0 191.0 191.0 191.0 191.0 191.0 191.0 191.0 191.0 191.0 191.0 191.0 191.0 191.0 191.0 191.0 191.0 191.0 191.0 191.0 191.0 183.0 187.0 190.0 181.0 179.0 172.0 176.0 173.0 173.0 168.0 174.0 191.0 176.0 171.0 177.0 178.0 181.0 180.0 182.0 186.0 185.0 178.0 189.0 182.0 177.0 179.0 173.0 184.0 184.0 186.0 178.0 167.0 180.0 170.0 181.0 179.0 171.0 161.0 181.0 184.0 170.0 176.0 180.0 173.0 195.0 184.0 178.0 181.0 176.0 173.0 177.0 181.0 177.0 180.0 190.0 167.0 187.0 182.0 189.0 178.0 175.0 185.0 173.0 177.0 174.0 177.0 172.0 184.0 183.0 185.0 178.0 183.0 171.0 176.0 176.0 164.0 184.0 186.0 180.0 167.0 189.0 188.0 186.0 169.0 168.0 187.0 180.0 175.0 164.0 179.0 184.0 173.0 181.0 157.0 151.0 187.0 183.0 177.0 205.0 187.0 182.0 170.0 176.0 180.0 170.0 174.0 172.0 166.0 176.0 168.0 182.0 174.0 174.0 176.0 178.0 167.0 176.0 181.0 179.0 168.0 171.0 171.0 167.0 190.0 176.0 172.0 179.0 184.0 180.0 182.0 188.0 184.0 172.0 161.0 172.0 189.0 179.0 180.0 168.0 177.0 178.0 171.0 176.0 174.0 172.0 184.0 179.0 176.0 180.0 178.0 179.0 183.0 183.0 178.0 191.0 192.0 184.0 150.0 177.0 183.0 195.0 182.0 169.0 181.0 189.0 159.0 189.0 184.0 174.0 196.0 222.0 195.0 168.0 155.0 194.0 195.0 182.0 183.0 186.0 186.0 186.0 186.0 186.0 186.0 186.0 186.0 186.0 186.0 186.0 186.0 186.0 186.0 186.0 186.0 186.0 186.0 186.0 186.0 186.0 186.0 186.0 186.0 186.0 186.0 186.0 186.0 186.0 186.0 186.0 186.0 186.0 186.0 186.0 186.0 186.0 182.5993031358885 8.957732890283216
31 346.0 346.0 346.0 346.0 346.0 346.0 346.0 346.0 346.0 346.0 346.0 346.0 346.0 346.0 346.0 346.0 346.0 346.0 346.0 346.0 346.0 346.0 346.0 346.0 346.0 346.0 346.0 346.0 346.0 346.0 346.0 346.0 346.0 346.0 346.0 346.0 346.0 346.0 346.0 346.0 346.0 346.0 346.0 346.0 346.0 346.0 346.0 346.0 346.0 346.0 346.0 346.0 346.0 346.0 346.0 346.0 346.0 346.0 346.0 346.0 346.0 346.0 346.0 346.0 346.0 346.0 346.0 346.0 346.0 346.0 346.0 346.0 347.0 350.0 345.0 334.0 351.0 331.0 320.0 350.0 319.0 321.0 327.0 337.0 321.0 322.0 304.0 332.0 337.0 339.0 338.0 344.0 338.0 348.0 336.0 337.0 338.0 340.0 335.0 337.0 329.0 315.0 319.0 314.0 317.0 343.0 344.0 299.0 293.0 325.0 353.0 339.0 348.0 328.0 329.0 341.0 337.0 357.0 338.0 330.0 334.0 328.0 328.0 332.0 327.0 345.0 328.0 329.0 311.0 345.0 339.0 327.0 332.0 320.0 331.0 336.0 324.0 325.0 339.0 342.0 343.0 333.0 331.0 328.0 318.0 313.0 329.0 325.0 344.0 339.0 311.0 348.0 333.0 345.0 329.0 319.0 343.0 323.0 346.0 338.0 305.0 341.0 327.0 330.0 301.0 290.0 349.0 358.0 338.0 348.0 359.0 341.0 318.0 326.0 341.0 330.0 321.0 318.0 307.0 341.0 326.0 340.0 334.0 334.0 335.0 334.0 335.0 320.0 354.0 331.0 329.0 334.0 324.0 324.0 338.0 327.0 331.0 327.0 345.0 334.0 361.0 350.0 348.0 326.0 325.0 308.0 354.0 322.0 349.0 320.0 334.0 333.0 321.0 326.0 323.0 318.0 332.0 331.0 327.0 339.0 325.0 318.0 333.0 342.0 346.0 445.0 353.0 347.0 277.0 293.0 335.0 344.0 324.0 310.0 330.0 345.0 301.0 339.0 336.0 338.0 330.0 348.0 349.0 320.0 298.0 347.0 356.0 336.0 335.0 334.0 352.0 352.0 352.0 352.0 352.0 352.0 352.0 352.0 352.0 352.0 352.0 352.0 352.0 352.0 352.0 352.0 352.0 352.0 352.0 352.0 352.0 352.0 352.0 352.0 352.0 352.0 352.0 352.0 352.0 352.0 352.0 352.0 352.0 352.0 352.0 352.0 352.0 338.3205574912892 15.100653983754064
32 570.0 570.0 570.0 570.0 570.0 570.0 570.0 570.0 570.0 570.0 570.0 570.0 570.0 570.0 570.0 570.0 570.0 570.0 570.0 570.0 570.0 570.0 570.0 570.0 570.0 570.0 570.0 570.0 570.0 570.0 570.0 570.0 570.0 570.0 570.0 570.0 570.0 570.0 570.0 570.0 570.0 570.0 570.0 570.0 570.0 570.0 570.0 570.0 570.0 570.0 570.0 570.0 570.0 570.0 570.0 570.0 570.0 570.0 570.0 570.0 570.0 570.0 570.0 570.0 570.0 570.0 570.0 570.0 570.0 570.0 570.0 570.0 574.0 566.0 554.0 555.0 540.0 539.0 536.0 534.0 535.0 536.0 533.0 534.0 537.0 524.0 540.0 550.0 567.0 559.0 562.0 580.0 576.0 571.0 556.0 553.0 541.0 570.0 506.0 497.0 568.0 561.0 559.0 581.0 582.0 581.0 491.0 492.0 565.0 556.0 546.0 539.0 550.0 561.0 551.0 562.0 551.0 542.0 559.0 545.0 545.0 547.0 538.0 554.0 554.0 542.0 561.0 589.0 544.0 622.0 553.0 556.0 563.0 550.0 544.0 540.0 545.0 561.0 563.0 566.0 549.0 537.0 541.0 530.0 525.0 581.0 578.0 575.0 531.0 534.0 558.0 563.0 565.0 549.0 597.0 538.0 564.0 596.0 564.0 558.0 540.0 552.0 553.0 475.0 501.0 564.0 578.0 569.0 572.0 572.0 532.0 522.0 544.0 565.0 530.0 548.0 513.0 510.0 543.0 540.0 560.0 545.0 536.0 538.0 532.0 512.0 553.0 561.0 553.0 548.0 549.0 532.0 523.0 546.0 522.0 526.0 550.0 558.0 569.0 590.0 574.0 564.0 553.0 492.0 510.0 550.0 545.0 550.0 530.0 524.0 556.0 522.0 533.0 551.0 530.0 535.0 561.0 555.0 555.0 565.0 544.0 555.0 567.0 580.0 593.0 587.0 556.0 455.0 497.0 565.0 568.0 516.0 518.0 554.0 529.0 506.0 555.0 582.0 547.0 566.0 581.0 570.0 502.0 503.0 561.0 566.0 558.0 570.0 497.0 540.0 573.0 573.0 573.0 573.0 573.0 573.0 573.0 573.0 573.0 573.0 573.0 573.0 573.0 573.0 573.0 573.0 573.0 573.0 573.0 573.0 573.0 573.0 573.0 573.0 573.0 573.0 573.0 573.0 573.0 573.0 573.0 573.0 573.0 573.0 573.0 573.0 573.0 556.9581881533101 21.977221063109475
33 200.0 200.0 200.0 200.0 200.0 200.0 200.0 200.0 200.0 200.0 200.0 200.0 200.0 200.0 200.0 200.0 200.0 200.0 200.0 200.0 200.0 200.0 200.0 200.0 200.0 200.0 200.0 200.0 200.0 200.0 200.0 200.0 200.0 200.0 200.0 200.0 200.0 200.0 200.0 200.0 200.0 200.0 200.0 200.0 200.0 200.0 200.0 200.0 200.0 200.0 200.0 200.0 200.0 200.0 200.0 200.0 200.0 200.0 200.0 200.0 200.0 200.0 200.0 200.0 200.0 200.0 200.0 200.0 200.0 200.0 200.0 200.0 191.0 193.0 200.0 180.0 189.0 177.0 185.0 183.0 187.0 186.0 171.0 187.0 177.0 177.0 179.0 194.0 196.0 189.0 199.0 185.0 195.0 192.0 180.0 181.0 195.0 169.0 163.0 186.0 224.0 190.0 190.0 182.0 169.0 167.0 170.0 194.0 190.0 183.0 180.0 191.0 185.0 191.0 198.0 198.0 181.0 195.0 182.0 186.0 192.0 191.0 192.0 194.0 189.0 193.0 196.0 214.0 185.0 224.0 204.0 236.0 234.0 192.0 182.0 183.0 189.0 192.0 209.0 186.0 184.0 183.0 178.0 184.0 198.0 196.0 179.0 190.0 179.0 192.0 195.0 191.0 185.0 203.0 198.0 186.0 200.0 203.0 194.0 189.0 192.0 195.0 166.0 169.0 194.0 190.0 192.0 193.0 200.0 181.0 182.0 191.0 205.0 189.0 198.0 174.0 177.0 187.0 189.0 191.0 191.0 188.0 188.0 188.0 178.0 197.0 191.0 192.0 180.0 177.0 186.0 178.0 192.0 177.0 187.0 193.0 190.0 191.0 198.0 195.0 193.0 190.0 176.0 176.0 193.0 182.0 187.0 184.0 178.0 184.0 183.0 190.0 186.0 184.0 186.0 189.0 190.0 193.0 187.0 189.0 192.0 199.0 190.0 180.0 185.0 211.0 154.0 185.0 192.0 200.0 177.0 179.0 191.0 196.0 181.0 203.0 204.0 191.0 196.0 193.0 189.0 180.0 180.0 195.0 188.0 181.0 196.0 175.0 185.0 203.0 205.0 205.0 205.0 205.0 205.0 205.0 205.0 205.0 205.0 205.0 205.0 205.0 205.0 205.0 205.0 205.0 205.0 205.0 205.0 205.0 205.0 205.0 205.0 205.0 205.0 205.0 205.0 205.0 205.0 205.0 205.0 205.0 205.0 205.0 205.0 205.0 205.0 193.74216027874564 10.697186065618965
34 139.0 139.0 139.0 139.0 139.0 139.0 139.0 139.0 139.0 139.0 139.0 139.0 139.0 139.0 139.0 139.0 139.0 139.0 139.0 139.0 139.0 139.0 139.0 139.0 139.0 139.0 139.0 139.0 139.0 139.0 139.0 139.0 139.0 139.0 139.0 139.0 139.0 139.0 139.0 139.0 139.0 139.0 139.0 139.0 139.0 139.0 139.0 139.0 139.0 139.0 139.0 139.0 139.0 139.0 139.0 139.0 139.0 139.0 139.0 139.0 139.0 139.0 139.0 139.0 139.0 139.0 139.0 139.0 139.0 139.0 139.0 139.0 135.0 144.0 128.0 133.0 124.0 128.0 130.0 140.0 130.0 126.0 126.0 133.0 125.0 130.0 130.0 136.0 138.0 141.0 141.0 134.0 139.0 141.0 131.0 135.0 132.0 135.0 133.0 153.0 139.0 133.0 139.0 121.0 132.0 123.0 140.0 138.0 126.0 132.0 129.0 148.0 136.0 138.0 131.0 137.0 131.0 132.0 125.0 135.0 133.0 136.0 135.0 131.0 139.0 138.0 134.0 171.0 134.0 154.0 138.0 136.0 132.0 135.0 130.0 136.0 137.0 137.0 136.0 135.0 125.0 137.0 134.0 135.0 141.0 138.0 130.0 124.0 131.0 138.0 139.0 135.0 136.0 137.0 134.0 139.0 143.0 119.0 123.0 134.0 137.0 132.0 125.0 138.0 135.0 139.0 139.0 140.0 139.0 129.0 131.0 140.0 164.0 132.0 137.0 124.0 131.0 132.0 138.0 134.0 133.0 134.0 136.0 118.0 131.0 135.0 138.0 130.0 131.0 128.0 136.0 137.0 121.0 133.0 136.0 136.0 133.0 143.0 140.0 138.0 137.0 138.0 127.0 135.0 133.0 134.0 134.0 131.0 131.0 129.0 130.0 134.0 127.0 132.0 141.0 131.0 142.0 136.0 134.0 138.0 135.0 143.0 143.0 114.0 122.0 142.0 122.0 134.0 139.0 129.0 129.0 133.0 138.0 144.0 144.0 143.0 134.0 135.0 143.0 138.0 127.0 124.0 139.0 140.0 132.0 129.0 145.0 122.0 139.0 144.0 123.0 123.0 123.0 123.0 123.0 123.0 123.0 123.0 123.0 123.0 123.0 123.0 123.0 123.0 123.0 123.0 123.0 123.0 123.0 123.0 123.0 123.0 123.0 123.0 123.0 123.0 123.0 123.0 123.0 123.0 123.0 123.0 123.0 123.0 123.0 123.0 123.0 134.16724738675958 7.307906467797889
35 5.0 5.0 5.0 5.0 5.0 5.0 5.0 5.0 5.0 5.0 5.0 5.0 5.0 5.0 5.0 5.0 5.0 5.0 5.0 5.0 5.0 5.0 5.0 5.0 5.0 5.0 5.0 5.0 5.0 5.0 5.0 5.0 5.0 5.0 5.0 5.0 5.0 5.0 5.0 5.0 5.0 5.0 5.0 5.0 5.0 5.0 5.0 5.0 5.0 5.0 5.0 5.0 5.0 5.0 5.0 5.0 5.0 5.0 5.0 5.0 5.0 5.0 5.0 5.0 5.0 5.0 5.0 5.0 5.0 5.0 5.0 5.0 5.0 5.0 5.0 5.0 5.0 5.0 5.0 5.0 5.0 5.0 5.0 5.0 5.0 5.0 5.0 5.0 5.0 5.0 5.0 5.0 5.0 5.0 5.0 5.0 5.0 5.0 5.0 5.0 5.0 5.0 5.0 5.0 5.0 5.0 5.0 5.0 5.0 5.0 5.0 6.0 6.0 6.0 6.0 6.0 6.0 6.0 6.0 5.0 5.0 5.0 5.0 5.0 5.0 5.0 5.0 5.0 5.0 5.0 5.0 5.0 5.0 5.0 5.0 5.0 5.0 6.0 5.0 5.0 5.0 5.0 5.0 5.0 5.0 5.0 5.0 5.0 5.0 5.0 5.0 5.0 5.0 5.0 5.0 6.0 6.0 6.0 6.0 6.0 6.0 6.0 5.0 5.0 5.0 5.0 6.0 5.0 5.0 5.0 5.0 5.0 5.0 5.0 5.0 5.0 5.0 5.0 6.0 6.0 6.0 6.0 6.0 4.0 4.0 4.0 4.0 5.0 5.0 5.0 5.0 5.0 5.0 5.0 5.0 5.0 5.0 5.0 5.0 5.0 5.0 5.0 5.0 5.0 5.0 5.0 5.0 5.0 5.0 5.0 5.0 5.0 5.0 5.0 5.0 5.0 5.0 5.0 5.0 5.0 5.0 5.0 5.0 5.0 5.0 5.0 5.0 5.0 5.0 5.0 5.0 5.0 5.0 5.0 5.0 5.0 5.0 5.0 5.0 5.0 5.0 5.0 5.0 5.0 5.0 5.0 6.0 6.0 6.0 5.0 5.0 5.0 5.0 5.0 5.0 5.0 5.0 5.0 5.0 5.0 5.0 5.0 5.0 5.0 5.0 5.0 5.0 5.0 5.0 5.0 5.0 5.0 5.0 5.0 5.0 5.0 5.0 5.0 5.0 5.0 5.0 5.0 5.0 5.0 5.0 5.0 5.0 5.073170731707317 0.3098805016360632
36 43.0 43.0 43.0 43.0 43.0 43.0 43.0 43.0 43.0 43.0 43.0 43.0 43.0 43.0 43.0 43.0 43.0 43.0 43.0 43.0 43.0 43.0 43.0 43.0 43.0 43.0 43.0 43.0 43.0 43.0 43.0 43.0 43.0 43.0 43.0 43.0 43.0 43.0 43.0 43.0 43.0 43.0 43.0 43.0 43.0 43.0 43.0 43.0 43.0 43.0 43.0 43.0 43.0 43.0 43.0 43.0 43.0 43.0 43.0 43.0 43.0 43.0 43.0 43.0 43.0 43.0 43.0 43.0 43.0 43.0 43.0 43.0 42.0 46.0 39.0 45.0 40.0 42.0 42.0 44.0 43.0 42.0 45.0 40.0 50.0 41.0 44.0 46.0 44.0 46.0 39.0 45.0 47.0 41.0 43.0 48.0 45.0 42.0 44.0 49.0 45.0 43.0 44.0 39.0 39.0 41.0 46.0 49.0 42.0 42.0 44.0 38.0 43.0 46.0 45.0 43.0 40.0 41.0 43.0 45.0 44.0 45.0 47.0 42.0 45.0 48.0 47.0 52.0 43.0 49.0 47.0 41.0 46.0 42.0 41.0 45.0 44.0 46.0 43.0 46.0 41.0 41.0 43.0 45.0 53.0 44.0 47.0 41.0 41.0 49.0 45.0 49.0 45.0 45.0 44.0 50.0 50.0 41.0 44.0 43.0 48.0 49.0 39.0 47.0 45.0 48.0 43.0 48.0 46.0 42.0 44.0 39.0 43.0 47.0 43.0 40.0 44.0 42.0 51.0 44.0 39.0 44.0 49.0 38.0 46.0 46.0 51.0 42.0 41.0 41.0 47.0 47.0 42.0 54.0 46.0 45.0 41.0 47.0 46.0 44.0 43.0 44.0 43.0 52.0 45.0 43.0 39.0 52.0 44.0 41.0 44.0 44.0 43.0 38.0 46.0 39.0 49.0 44.0 43.0 46.0 46.0 46.0 46.0 37.0 40.0 42.0 41.0 46.0 49.0 40.0 43.0 45.0 44.0 49.0 51.0 42.0 42.0 44.0 46.0 45.0 47.0 43.0 46.0 49.0 43.0 47.0 43.0 44.0 56.0 42.0 41.0 41.0 41.0 41.0 41.0 41.0 41.0 41.0 41.0 41.0 41.0 41.0 41.0 41.0 41.0 41.0 41.0 41.0 41.0 41.0 41.0 41.0 41.0 41.0 41.0 41.0 41.0 41.0 41.0 41.0 41.0 41.0 41.0 41.0 41.0 41.0 41.0 43.599303135888505 2.9022054916011086
37 562.0 562.0 562.0 562.0 562.0 562.0 562.0 562.0 562.0 562.0 562.0 562.0 562.0 562.0 562.0 562.0 562.0 562.0 562.0 562.0 562.0 562.0 562.0 562.0 562.0 562.0 562.0 562.0 562.0 562.0 562.0 562.0 562.0 562.0 562.0 562.0 562.0 562.0 562.0 562.0 562.0 562.0 562.0 562.0 562.0 562.0 562.0 562.0 562.0 562.0 562.0 562.0 562.0 562.0 562.0 562.0 562.0 562.0 562.0 562.0 562.0 562.0 562.0 562.0 562.0 562.0 562.0 562.0 562.0 562.0 562.0 562.0 561.0 526.0 523.0 525.0 527.0 530.0 533.0 549.0 520.0 515.0 536.0 507.0 527.0 530.0 567.0 557.0 566.0 561.0 552.0 560.0 548.0 542.0 545.0 539.0 507.0 553.0 534.0 529.0 557.0 532.0 489.0 494.0 506.0 569.0 556.0 543.0 532.0 534.0 545.0 547.0 562.0 562.0 545.0 529.0 517.0 551.0 552.0 540.0 573.0 565.0 542.0 567.0 572.0 582.0 552.0 539.0 548.0 554.0 547.0 559.0 540.0 542.0 557.0 555.0 523.0 508.0 541.0 520.0 506.0 531.0 523.0 565.0 547.0 534.0 509.0 520.0 535.0 565.0 554.0 561.0 549.0 547.0 552.0 525.0 530.0 553.0 545.0 531.0 485.0 490.0 514.0 562.0 559.0 566.0 563.0 534.0 517.0 517.0 580.0 548.0 538.0 517.0 511.0 532.0 538.0 548.0 548.0 550.0 508.0 502.0 510.0 494.0 574.0 543.0 527.0 513.0 525.0 540.0 545.0 525.0 543.0 559.0 554.0 544.0 528.0 542.0 571.0 551.0 514.0 533.0 540.0 528.0 533.0 519.0 535.0 544.0 478.0 475.0 469.0 522.0 534.0 559.0 526.0 560.0 519.0 536.0 547.0 551.0 573.0 507.0 471.0 484.0 565.0 546.0 566.0 565.0 515.0 531.0 539.0 563.0 568.0 564.0 557.0 543.0 555.0 566.0 530.0 511.0 489.0 539.0 535.0 540.0 566.0 514.0 530.0 591.0 590.0 515.0 527.0 527.0 527.0 527.0 527.0 527.0 527.0 527.0 527.0 527.0 527.0 527.0 527.0 527.0 527.0 527.0 527.0 527.0 527.0 527.0 527.0 527.0 527.0 527.0 527.0 527.0 527.0 527.0 527.0 527.0 527.0 527.0 527.0 527.0 527.0 527.0 527.0 542.602787456446 21.829978566890343
38 171.0 171.0 171.0 171.0 171.0 171.0 171.0 171.0 171.0 171.0 171.0 171.0 171.0 171.0 171.0 171.0 171.0 171.0 171.0 171.0 171.0 171.0 171.0 171.0 171.0 171.0 171.0 171.0 171.0 171.0 171.0 171.0 171.0 171.0 171.0 171.0 171.0 171.0 171.0 171.0 171.0 171.0 171.0 171.0 171.0 171.0 171.0 171.0 171.0 171.0 171.0 171.0 171.0 171.0 171.0 171.0 171.0 171.0 171.0 171.0 171.0 171.0 171.0 171.0 171.0 171.0 171.0 171.0 171.0 171.0 171.0 171.0 152.0 160.0 152.0 162.0 158.0 185.0 162.0 149.0 163.0 159.0 170.0 159.0 159.0 171.0 161.0 170.0 156.0 179.0 167.0 141.0 162.0 166.0 159.0 162.0 160.0 174.0 156.0 162.0 175.0 143.0 150.0 154.0 164.0 161.0 154.0 169.0 162.0 159.0 163.0 167.0 171.0 162.0 158.0 156.0 157.0 166.0 175.0 151.0 173.0 158.0 160.0 172.0 159.0 157.0 163.0 172.0 168.0 163.0 169.0 158.0 161.0 173.0 166.0 153.0 156.0 169.0 153.0 145.0 156.0 171.0 175.0 159.0 161.0 153.0 162.0 162.0 163.0 189.0 168.0 165.0 166.0 166.0 158.0 162.0 161.0 166.0 156.0 170.0 151.0 164.0 167.0 165.0 163.0 185.0 159.0 152.0 157.0 168.0 171.0 157.0 153.0 152.0 165.0 163.0 167.0 164.0 161.0 160.0 159.0 146.0 165.0 167.0 165.0 149.0 154.0 161.0 158.0 169.0 149.0 159.0 168.0 166.0 173.0 156.0 164.0 171.0 156.0 163.0 153.0 164.0 153.0 160.0 142.0 142.0 176.0 159.0 173.0 167.0 160.0 170.0 189.0 172.0 186.0 161.0 161.0 168.0 163.0 161.0 170.0 144.0 163.0 160.0 160.0 167.0 162.0 152.0 158.0 175.0 168.0 207.0 175.0 159.0 157.0 170.0 170.0 165.0 150.0 147.0 163.0 161.0 160.0 167.0 165.0 155.0 187.0 160.0 149.0 157.0 165.0 165.0 165.0 165.0 165.0 165.0 165.0 165.0 165.0 165.0 165.0 165.0 165.0 165.0 165.0 165.0 165.0 165.0 165.0 165.0 165.0 165.0 165.0 165.0 165.0 165.0 165.0 165.0 165.0 165.0 165.0 165.0 165.0 165.0 165.0 165.0 165.0 164.98954703832754 8.174018330554096
39 368.0 368.0 368.0 368.0 368.0 368.0 368.0 368.0 368.0 368.0 368.0 368.0 368.0 368.0 368.0 368.0 368.0 368.0 368.0 368.0 368.0 368.0 368.0 368.0 368.0 368.0 368.0 368.0 368.0 368.0 368.0 368.0 368.0 368.0 368.0 368.0 368.0 368.0 368.0 368.0 368.0 368.0 368.0 368.0 368.0 368.0 368.0 368.0 368.0 368.0 368.0 368.0 368.0 368.0 368.0 368.0 368.0 368.0 368.0 368.0 368.0 368.0 368.0 368.0 368.0 368.0 368.0 368.0 368.0 368.0 368.0 368.0 365.0 366.0 382.0 374.0 374.0 383.0 365.0 360.0 384.0 391.0 353.0 374.0 394.0 390.0 400.0 393.0 386.0 394.0 384.0 394.0 389.0 379.0 383.0 382.0 376.0 372.0 379.0 394.0 344.0 353.0 346.0 396.0 375.0 361.0 385.0 375.0 379.0 383.0 399.0 393.0 384.0 404.0 390.0 415.0 388.0 403.0 356.0 370.0 388.0 395.0 401.0 388.0 377.0 374.0 386.0 372.0 373.0 405.0 383.0 373.0 368.0 390.0 361.0 361.0 379.0 373.0 356.0 364.0 405.0 361.0 375.0 382.0 359.0 366.0 379.0 395.0 400.0 391.0 392.0 390.0 398.0 359.0 374.0 375.0 392.0 387.0 373.0 364.0 362.0 389.0 407.0 397.0 388.0 390.0 363.0 370.0 407.0 398.0 380.0 364.0 369.0 392.0 385.0 385.0 386.0 387.0 390.0 392.0 392.0 378.0 398.0 393.0 368.0 331.0 363.0 360.0 380.0 333.0 386.0 394.0 393.0 388.0 369.0 366.0 386.0 385.0 377.0 370.0 389.0 361.0 372.0 325.0 316.0 379.0 373.0 334.0 338.0 384.0 399.0 397.0 394.0 396.0 387.0 384.0 388.0 384.0 377.0 362.0 351.0 361.0 374.0 386.0 399.0 402.0 386.0 377.0 386.0 397.0 413.0 399.0 379.0 384.0 400.0 392.0 390.0 356.0 347.0 386.0 392.0 378.0 396.0 397.0 404.0 362.0 397.0 350.0 365.0 378.0 405.0 405.0 405.0 405.0 405.0 405.0 405.0 405.0 405.0 405.0 405.0 405.0 405.0 405.0 405.0 405.0 405.0 405.0 405.0 405.0 405.0 405.0 405.0 405.0 405.0 405.0 405.0 405.0 405.0 405.0 405.0 405.0 405.0 405.0 405.0 405.0 405.0 379.993031358885 17.312631919945545
40 111.0 111.0 111.0 111.0 111.0 111.0 111.0 111.0 111.0 111.0 111.0 111.0 111.0 111.0 111.0 111.0 111.0 111.0 111.0 111.0 111.0 111.0 111.0 111.0 111.0 111.0 111.0 111.0 111.0 111.0 111.0 111.0 111.0 111.0 111.0 111.0 111.0 111.0 111.0 111.0 111.0 111.0 111.0 111.0 111.0 111.0 111.0 111.0 111.0 111.0 111.0 111.0 111.0 111.0 111.0 111.0 111.0 111.0 111.0 111.0 111.0 111.0 111.0 111.0 111.0 111.0 111.0 111.0 111.0 111.0 111.0 111.0 115.0 116.0 117.0 120.0 115.0 115.0 109.0 114.0 122.0 119.0 114.0 120.0 118.0 121.0 115.0 120.0 122.0 115.0 118.0 110.0 110.0 118.0 119.0 114.0 115.0 119.0 118.0 112.0 117.0 106.0 117.0 117.0 114.0 115.0 119.0 120.0 115.0 120.0 120.0 124.0 119.0 112.0 114.0 117.0 122.0 114.0 117.0 114.0 119.0 111.0 115.0 127.0 114.0 113.0 120.0 114.0 120.0 120.0 116.0 116.0 114.0 115.0 111.0 117.0 119.0 112.0 111.0 132.0 110.0 109.0 117.0 112.0 115.0 117.0 115.0 119.0 121.0 121.0 114.0 123.0 107.0 113.0 117.0 120.0 117.0 113.0 105.0 114.0 113.0 121.0 121.0 118.0 114.0 112.0 114.0 118.0 129.0 115.0 119.0 110.0 117.0 121.0 117.0 118.0 115.0 113.0 120.0 112.0 108.0 121.0 122.0 113.0 115.0 116.0 111.0 116.0 122.0 113.0 117.0 118.0 121.0 116.0 107.0 114.0 118.0 118.0 111.0 120.0 112.0 120.0 116.0 100.0 115.0 119.0 119.0 101.0 116.0 123.0 119.0 109.0 114.0 119.0 123.0 120.0 118.0 122.0 125.0 111.0 119.0 122.0 125.0 123.0 123.0 111.0 114.0 114.0 117.0 126.0 123.0 114.0 115.0 105.0 125.0 121.0 115.0 118.0 120.0 126.0 114.0 125.0 125.0 131.0 111.0 123.0 115.0 109.0 127.0 127.0 129.0 129.0 129.0 129.0 129.0 129.0 129.0 129.0 129.0 129.0 129.0 129.0 129.0 129.0 129.0 129.0 129.0 129.0 129.0 129.0 129.0 129.0 129.0 129.0 129.0 129.0 129.0 129.0 129.0 129.0 129.0 129.0 129.0 129.0 129.0 129.0 129.0 116.90243902439026 6.640959018673619
41 77.0 77.0 77.0 77.0 77.0 77.0 77.0 77.0 77.0 77.0 77.0 77.0 77.0 77.0 77.0 77.0 77.0 77.0 77.0 77.0 77.0 77.0 77.0 77.0 77.0 77.0 77.0 77.0 77.0 77.0 77.0 77.0 77.0 77.0 77.0 77.0 77.0 77.0 77.0 77.0 77.0 77.0 77.0 77.0 77.0 77.0 77.0 77.0 77.0 77.0 77.0 77.0 77.0 77.0 77.0 77.0 77.0 77.0 77.0 77.0 77.0 77.0 77.0 77.0 77.0 77.0 77.0 77.0 77.0 77.0 77.0 77.0 86.0 84.0 81.0 83.0 83.0 76.0 86.0 85.0 86.0 88.0 84.0 88.0 86.0 86.0 82.0 89.0 85.0 82.0 88.0 75.0 87.0 86.0 80.0 88.0 88.0 93.0 78.0 82.0 82.0 73.0 91.0 86.0 89.0 83.0 84.0 98.0 86.0 89.0 83.0 86.0 91.0 82.0 82.0 93.0 85.0 79.0 85.0 84.0 87.0 77.0 85.0 81.0 83.0 85.0 85.0 83.0 101.0 88.0 80.0 92.0 83.0 82.0 78.0 87.0 85.0 76.0 83.0 85.0 75.0 82.0 84.0 80.0 89.0 86.0 91.0 102.0 103.0 83.0 90.0 82.0 77.0 89.0 84.0 85.0 96.0 102.0 75.0 78.0 97.0 89.0 87.0 87.0 97.0 78.0 82.0 102.0 101.0 85.0 78.0 80.0 79.0 84.0 85.0 84.0 81.0 87.0 88.0 81.0 91.0 91.0 90.0 74.0 82.0 80.0 81.0 89.0 77.0 88.0 83.0 92.0 87.0 76.0 82.0 83.0 85.0 85.0 81.0 92.0 86.0 81.0 74.0 71.0 85.0 81.0 86.0 72.0 86.0 92.0 82.0 79.0 94.0 77.0 83.0 97.0 86.0 90.0 93.0 75.0 85.0 84.0 92.0 89.0 81.0 88.0 89.0 83.0 87.0 92.0 81.0 92.0 84.0 87.0 93.0 89.0 89.0 83.0 93.0 88.0 89.0 93.0 90.0 108.0 82.0 84.0 75.0 88.0 99.0 96.0 90.0 90.0 90.0 90.0 90.0 90.0 90.0 90.0 90.0 90.0 90.0 90.0 90.0 90.0 90.0 90.0 90.0 90.0 90.0 90.0 90.0 90.0 90.0 90.0 90.0 90.0 90.0 90.0 90.0 90.0 90.0 90.0 90.0 90.0 90.0 90.0 90.0 84.01742160278745 6.620827724853524
42 634.0 634.0 634.0 634.0 634.0 634.0 634.0 634.0 634.0 634.0 634.0 634.0 634.0 634.0 634.0 634.0 634.0 634.0 634.0 634.0 634.0 634.0 634.0 634.0 634.0 634.0 634.0 634.0 634.0 634.0 634.0 634.0 634.0 634.0 634.0 634.0 634.0 634.0 634.0 634.0 634.0 634.0 634.0 634.0 634.0 634.0 634.0 634.0 634.0 634.0 634.0 634.0 634.0 634.0 634.0 634.0 634.0 634.0 634.0 634.0 634.0 634.0 634.0 634.0 634.0 634.0 634.0 634.0 634.0 634.0 634.0 634.0 632.0 631.0 643.0 626.0 601.0 605.0 644.0 666.0 658.0 652.0 670.0 663.0 715.0 687.0 638.0 621.0 693.0 649.0 629.0 622.0 622.0 679.0 673.0 646.0 679.0 666.0 653.0 573.0 574.0 637.0 667.0 620.0 625.0 627.0 646.0 650.0 678.0 656.0 641.0 638.0 640.0 676.0 658.0 659.0 637.0 656.0 669.0 678.0 668.0 640.0 637.0 628.0 651.0 642.0 630.0 666.0 574.0 595.0 641.0 680.0 610.0 604.0 629.0 616.0 669.0 669.0 638.0 624.0 619.0 639.0 650.0 646.0 660.0 679.0 690.0 688.0 686.0 658.0 617.0 592.0 603.0 651.0 687.0 659.0 569.0 561.0 609.0 660.0 674.0 668.0 649.0 622.0 624.0 629.0 673.0 653.0 638.0 653.0 646.0 644.0 667.0 646.0 647.0 668.0 654.0 638.0 582.0 598.0 647.0 641.0 639.0 639.0 632.0 643.0 663.0 635.0 649.0 651.0 660.0 638.0 589.0 605.0 643.0 647.0 613.0 630.0 633.0 641.0 614.0 562.0 548.0 627.0 634.0 653.0 666.0 663.0 709.0 686.0 669.0 651.0 656.0 668.0 653.0 607.0 645.0 596.0 586.0 625.0 651.0 679.0 691.0 694.0 654.0 667.0 677.0 666.0 677.0 652.0 642.0 666.0 673.0 675.0 652.0 618.0 632.0 649.0 670.0 684.0 730.0 711.0 721.0 724.0 645.0 598.0 606.0 721.0 647.0 658.0 659.0 659.0 659.0 659.0 659.0 659.0 659.0 659.0 659.0 659.0 659.0 659.0 659.0 659.0 659.0 659.0 659.0 659.0 659.0 659.0 659.0 659.0 659.0 659.0 659.0 659.0 659.0 659.0 659.0 659.0 659.0 659.0 659.0 659.0 659.0 659.0 659.0 644.5714285714286 26.264675266090105
43 702.0 702.0 702.0 702.0 702.0 702.0 702.0 702.0 702.0 702.0 702.0 702.0 702.0 702.0 702.0 702.0 702.0 702.0 702.0 702.0 702.0 702.0 702.0 702.0 702.0 702.0 702.0 702.0 702.0 702.0 702.0 702.0 702.0 702.0 702.0 702.0 702.0 702.0 702.0 702.0 702.0 702.0 702.0 702.0 702.0 702.0 702.0 702.0 702.0 702.0 702.0 702.0 702.0 702.0 702.0 702.0 702.0 702.0 702.0 702.0 702.0 702.0 702.0 702.0 702.0 702.0 702.0 702.0 702.0 702.0 702.0 702.0 708.0 723.0 720.0 739.0 739.0 720.0 737.0 734.0 739.0 723.0 755.0 722.0 684.0 669.0 721.0 749.0 805.0 736.0 781.0 800.0 791.0 728.0 677.0 702.0 681.0 636.0 638.0 772.0 716.0 690.0 710.0 724.0 705.0 716.0 708.0 733.0 732.0 797.0 709.0 715.0 730.0 766.0 716.0 735.0 748.0 738.0 718.0 718.0 741.0 779.0 772.0 763.0 772.0 717.0 651.0 657.0 727.0 710.0 683.0 699.0 745.0 782.0 736.0 743.0 737.0 749.0 731.0 717.0 737.0 728.0 738.0 754.0 736.0 731.0 742.0 741.0 719.0 684.0 694.0 723.0 748.0 722.0 638.0 619.0 657.0 723.0 730.0 736.0 725.0 722.0 717.0 715.0 737.0 740.0 726.0 705.0 706.0 686.0 708.0 711.0 709.0 622.0 660.0 711.0 711.0 668.0 718.0 729.0 722.0 707.0 689.0 699.0 611.0 598.0 670.0 705.0 693.0 690.0 673.0 629.0 668.0 722.0 741.0 742.0 699.0 707.0 674.0 616.0 616.0 678.0 700.0 697.0 714.0 729.0 737.0 688.0 703.0 708.0 754.0 739.0 727.0 702.0 696.0 708.0 704.0 740.0 722.0 730.0 739.0 753.0 745.0 690.0 686.0 720.0 708.0 702.0 724.0 725.0 774.0 732.0 721.0 669.0 697.0 700.0 720.0 730.0 733.0 738.0 806.0 759.0 704.0 711.0 725.0 759.0 755.0 764.0 783.0 737.0 711.0 711.0 711.0 711.0 711.0 711.0 711.0 711.0 711.0 711.0 711.0 711.0 711.0 711.0 711.0 711.0 711.0 711.0 711.0 711.0 711.0 711.0 711.0 711.0 711.0 711.0 711.0 711.0 711.0 711.0 711.0 711.0 711.0 711.0 711.0 711.0 711.0 712.5331010452961 29.909504274466002
44 167.0 167.0 167.0 167.0 167.0 167.0 167.0 167.0 167.0 167.0 167.0 167.0 167.0 167.0 167.0 167.0 167.0 167.0 167.0 167.0 167.0 167.0 167.0 167.0 167.0 167.0 167.0 167.0 167.0 167.0 167.0 167.0 167.0 167.0 167.0 167.0 167.0 167.0 167.0 167.0 167.0 167.0 167.0 167.0 167.0 167.0 167.0 167.0 167.0 167.0 167.0 167.0 167.0 167.0 167.0 167.0 167.0 167.0 167.0 167.0 167.0 167.0 167.0 167.0 167.0 167.0 167.0 167.0 167.0 167.0 167.0 167.0 177.0 182.0 173.0 164.0 177.0 180.0 175.0 176.0 177.0 176.0 172.0 176.0 176.0 174.0 174.0 169.0 180.0 177.0 182.0 169.0 167.0 168.0 169.0 168.0 153.0 166.0 167.0 170.0 166.0 170.0 174.0 175.0 168.0 169.0 175.0 177.0 166.0 168.0 179.0 172.0 176.0 170.0 172.0 182.0 175.0 151.0 172.0 173.0 169.0 195.0 196.0 182.0 182.0 154.0 173.0 177.0 170.0 162.0 176.0 170.0 179.0 180.0 180.0 179.0 175.0 170.0 165.0 177.0 177.0 179.0 185.0 173.0 173.0 179.0 171.0 169.0 161.0 162.0 179.0 182.0 170.0 164.0 155.0 178.0 178.0 176.0 181.0 176.0 175.0 175.0 178.0 185.0 181.0 179.0 177.0 164.0 175.0 175.0 177.0 168.0 181.0 150.0 166.0 178.0 182.0 170.0 167.0 169.0 166.0 165.0 169.0 182.0 145.0 168.0 177.0 163.0 164.0 154.0 168.0 155.0 171.0 177.0 177.0 183.0 163.0 166.0 149.0 156.0 169.0 167.0 171.0 185.0 188.0 184.0 166.0 167.0 176.0 182.0 176.0 169.0 163.0 166.0 173.0 173.0 170.0 176.0 177.0 184.0 185.0 186.0 168.0 168.0 183.0 169.0 171.0 171.0 185.0 185.0 174.0 177.0 165.0 156.0 170.0 180.0 181.0 179.0 185.0 185.0 180.0 175.0 164.0 183.0 193.0 214.0 194.0 236.0 214.0 208.0 183.0 183.0 183.0 183.0 183.0 183.0 183.0 183.0 183.0 183.0 183.0 183.0 183.0 183.0 183.0 183.0 183.0 183.0 183.0 183.0 183.0 183.0 183.0 183.0 183.0 183.0 183.0 183.0 183.0 183.0 183.0 183.0 183.0 183.0 183.0 183.0 183.0 173.49825783972128 9.86973709077292
45 637.0 637.0 637.0 637.0 637.0 637.0 637.0 637.0 637.0 637.0 637.0 637.0 637.0 637.0 637.0 637.0 637.0 637.0 637.0 637.0 637.0 637.0 637.0 637.0 637.0 637.0 637.0 637.0 637.0 637.0 637.0 637.0 637.0 637.0 637.0 637.0 637.0 637.0 637.0 637.0 637.0 637.0 637.0 637.0 637.0 637.0 637.0 637.0 637.0 637.0 637.0 637.0 637.0 637.0 637.0 637.0 637.0 637.0 637.0 637.0 637.0 637.0 637.0 637.0 637.0 637.0 637.0 637.0 637.0 637.0 637.0 637.0 656.0 621.0 613.0 636.0 641.0 640.0 645.0 615.0 618.0 624.0 600.0 617.0 613.0 596.0 654.0 643.0 640.0 636.0 632.0 614.0 624.0 604.0 572.0 564.0 569.0 612.0 611.0 614.0 612.0 626.0 626.0 613.0 627.0 645.0 632.0 635.0 612.0 649.0 630.0 614.0 627.0 632.0 631.0 613.0 596.0 591.0 594.0 626.0 628.0 646.0 620.0 611.0 613.0 607.0 631.0 593.0 590.0 597.0 629.0 615.0 611.0 637.0 631.0 630.0 617.0 622.0 636.0 621.0 629.0 624.0 618.0 645.0 633.0 625.0 605.0 552.0 534.0 554.0 573.0 615.0 550.0 559.0 633.0 636.0 642.0 644.0 633.0 628.0 618.0 638.0 641.0 588.0 608.0 620.0 627.0 616.0 632.0 627.0 621.0 618.0 620.0 616.0 632.0 620.0 612.0 540.0 577.0 618.0 623.0 632.0 531.0 538.0 586.0 601.0 588.0 592.0 582.0 577.0 583.0 628.0 625.0 604.0 571.0 599.0 591.0 552.0 571.0 616.0 598.0 580.0 589.0 648.0 647.0 583.0 579.0 627.0 643.0 569.0 584.0 646.0 628.0 635.0 609.0 640.0 649.0 616.0 609.0 646.0 594.0 610.0 598.0 645.0 625.0 633.0 641.0 644.0 626.0 625.0 626.0 579.0 577.0 611.0 615.0 636.0 650.0 660.0 625.0 628.0 596.0 604.0 626.0 628.0 623.0 616.0 636.0 601.0 606.0 610.0 628.0 628.0 628.0 628.0 628.0 628.0 628.0 628.0 628.0 628.0 628.0 628.0 628.0 628.0 628.0 628.0 628.0 628.0 628.0 628.0 628.0 628.0 628.0 628.0 628.0 628.0 628.0 628.0 628.0 628.0 628.0 628.0 628.0 628.0 628.0 628.0 628.0 621.4982578397213 22.75836502854385
46 410.0 410.0 410.0 410.0 410.0 410.0 410.0 410.0 410.0 410.0 410.0 410.0 410.0 410.0 410.0 410.0 410.0 410.0 410.0 410.0 410.0 410.0 410.0 410.0 410.0 410.0 410.0 410.0 410.0 410.0 410.0 410.0 410.0 410.0 410.0 410.0 410.0 410.0 410.0 410.0 410.0 410.0 410.0 410.0 410.0 410.0 410.0 410.0 410.0 410.0 410.0 410.0 410.0 410.0 410.0 410.0 410.0 410.0 410.0 410.0 410.0 410.0 410.0 410.0 410.0 410.0 410.0 410.0 410.0 410.0 410.0 410.0 392.0 407.0 414.0 411.0 413.0 405.0 416.0 417.0 403.0 372.0 399.0 380.0 442.0 414.0 409.0 414.0 406.0 401.0 397.0 392.0 397.0 363.0 377.0 394.0 398.0 409.0 412.0 406.0 403.0 406.0 400.0 400.0 429.0 409.0 417.0 404.0 407.0 450.0 418.0 413.0 417.0 413.0 399.0 405.0 398.0 393.0 403.0 404.0 402.0 389.0 400.0 408.0 406.0 404.0 382.0 382.0 416.0 404.0 408.0 413.0 408.0 408.0 406.0 410.0 403.0 411.0 415.0 414.0 392.0 410.0 411.0 408.0 403.0 379.0 337.0 362.0 366.0 413.0 396.0 354.0 383.0 409.0 405.0 418.0 418.0 409.0 400.0 405.0 415.0 380.0 375.0 395.0 393.0 414.0 407.0 400.0 396.0 402.0 408.0 399.0 401.0 408.0 388.0 405.0 389.0 367.0 401.0 394.0 408.0 342.0 379.0 401.0 414.0 402.0 373.0 361.0 374.0 389.0 414.0 403.0 362.0 361.0 381.0 346.0 349.0 359.0 381.0 404.0 408.0 419.0 415.0 393.0 366.0 381.0 407.0 407.0 365.0 362.0 408.0 375.0 392.0 378.0 421.0 407.0 395.0 403.0 409.0 359.0 363.0 420.0 419.0 405.0 401.0 423.0 473.0 407.0 407.0 382.0 379.0 391.0 396.0 408.0 417.0 426.0 396.0 401.0 414.0 375.0 391.0 410.0 422.0 372.0 373.0 388.0 392.0 399.0 385.0 424.0 400.0 400.0 400.0 400.0 400.0 400.0 400.0 400.0 400.0 400.0 400.0 400.0 400.0 400.0 400.0 400.0 400.0 400.0 400.0 400.0 400.0 400.0 400.0 400.0 400.0 400.0 400.0 400.0 400.0 400.0 400.0 400.0 400.0 400.0 400.0 400.0 400.0 401.4076655052265 16.230992448391774
47 246.0 246.0 246.0 246.0 246.0 246.0 246.0 246.0 246.0 246.0 246.0 246.0 246.0 246.0 246.0 246.0 246.0 246.0 246.0 246.0 246.0 246.0 246.0 246.0 246.0 246.0 246.0 246.0 246.0 246.0 246.0 246.0 246.0 246.0 246.0 246.0 246.0 246.0 246.0 246.0 246.0 246.0 246.0 246.0 246.0 246.0 246.0 246.0 246.0 246.0 246.0 246.0 246.0 246.0 246.0 246.0 246.0 246.0 246.0 246.0 246.0 246.0 246.0 246.0 246.0 246.0 246.0 246.0 246.0 246.0 246.0 246.0 240.0 240.0 236.0 234.0 245.0 229.0 239.0 236.0 221.0 231.0 215.0 228.0 255.0 239.0 243.0 239.0 236.0 235.0 222.0 235.0 219.0 213.0 233.0 219.0 250.0 244.0 236.0 239.0 240.0 241.0 250.0 249.0 241.0 249.0 243.0 251.0 242.0 246.0 221.0 240.0 237.0 217.0 263.0 232.0 230.0 236.0 235.0 242.0 227.0 225.0 256.0 242.0 241.0 220.0 221.0 219.0 240.0 242.0 243.0 251.0 253.0 239.0 236.0 237.0 246.0 244.0 248.0 229.0 248.0 247.0 232.0 255.0 228.0 206.0 200.0 214.0 254.0 235.0 210.0 238.0 245.0 238.0 243.0 246.0 238.0 235.0 239.0 229.0 251.0 226.0 234.0 233.0 246.0 239.0 231.0 230.0 238.0 254.0 243.0 236.0 236.0 229.0 238.0 203.0 226.0 246.0 233.0 220.0 204.0 206.0 246.0 241.0 241.0 240.0 209.0 224.0 237.0 236.0 229.0 225.0 207.0 220.0 224.0 212.0 240.0 217.0 232.0 247.0 243.0 224.0 238.0 220.0 235.0 238.0 231.0 229.0 231.0 236.0 229.0 274.0 236.0 228.0 220.0 235.0 233.0 242.0 231.0 235.0 252.0 251.0 236.0 234.0 239.0 237.0 236.0 241.0 232.0 221.0 251.0 237.0 239.0 242.0 237.0 231.0 241.0 243.0 228.0 262.0 239.0 249.0 226.0 229.0 223.0 227.0 242.0 220.0 221.0 233.0 228.0 228.0 228.0 228.0 228.0 228.0 228.0 228.0 228.0 228.0 228.0 228.0 228.0 228.0 228.0 228.0 228.0 228.0 228.0 228.0 228.0 228.0 228.0 228.0 228.0 228.0 228.0 228.0 228.0 228.0 228.0 228.0 228.0 228.0 228.0 228.0 228.0 236.79094076655053 11.099904939741808
48 171.0 171.0 171.0 171.0 171.0 171.0 171.0 171.0 171.0 171.0 171.0 171.0 171.0 171.0 171.0 171.0 171.0 171.0 171.0 171.0 171.0 171.0 171.0 171.0 171.0 171.0 171.0 171.0 171.0 171.0 171.0 171.0 171.0 171.0 171.0 171.0 171.0 171.0 171.0 171.0 171.0 171.0 171.0 171.0 171.0 171.0 171.0 171.0 171.0 171.0 171.0 171.0 171.0 171.0 171.0 171.0 171.0 171.0 171.0 171.0 171.0 171.0 171.0 171.0 171.0 171.0 171.0 171.0 171.0 171.0 171.0 171.0 176.0 175.0 174.0 178.0 168.0 170.0 171.0 180.0 174.0 159.0 170.0 175.0 172.0 179.0 169.0 169.0 174.0 162.0 162.0 171.0 148.0 171.0 157.0 168.0 176.0 167.0 176.0 172.0 174.0 174.0 177.0 173.0 171.0 172.0 169.0 175.0 172.0 153.0 170.0 173.0 156.0 161.0 174.0 169.0 171.0 195.0 173.0 171.0 167.0 168.0 173.0 176.0 168.0 177.0 176.0 169.0 168.0 170.0 170.0 176.0 177.0 168.0 163.0 174.0 174.0 186.0 174.0 178.0 176.0 166.0 166.0 182.0 188.0 142.0 210.0 161.0 173.0 152.0 149.0 180.0 172.0 174.0 175.0 173.0 173.0 168.0 165.0 176.0 158.0 165.0 165.0 174.0 175.0 167.0 167.0 170.0 194.0 172.0 172.0 175.0 166.0 166.0 163.0 141.0 160.0 156.0 177.0 170.0 158.0 167.0 174.0 170.0 173.0 159.0 167.0 156.0 167.0 169.0 168.0 151.0 161.0 170.0 151.0 181.0 163.0 167.0 178.0 179.0 167.0 178.0 151.0 156.0 170.0 173.0 161.0 162.0 176.0 186.0 167.0 182.0 175.0 167.0 161.0 162.0 175.0 172.0 181.0 175.0 177.0 177.0 181.0 168.0 168.0 169.0 167.0 181.0 163.0 175.0 166.0 170.0 178.0 175.0 180.0 161.0 175.0 152.0 153.0 176.0 178.0 171.0 168.0 177.0 163.0 172.0 184.0 178.0 173.0 173.0 178.0 178.0 178.0 178.0 178.0 178.0 178.0 178.0 178.0 178.0 178.0 178.0 178.0 178.0 178.0 178.0 178.0 178.0 178.0 178.0 178.0 178.0 178.0 178.0 178.0 178.0 178.0 178.0 178.0 178.0 178.0 178.0 178.0 178.0 178.0 178.0 178.0 171.37630662020905 7.593556084178047
49 6.0 6.0 6.0 6.0 6.0 6.0 6.0 6.0 6.0 6.0 6.0 6.0 6.0 6.0 6.0 6.0 6.0 6.0 6.0 6.0 6.0 6.0 6.0 6.0 6.0 6.0 6.0 6.0 6.0 6.0 6.0 6.0 6.0 6.0 6.0 6.0 6.0 6.0 6.0 6.0 6.0 6.0 6.0 6.0 6.0 6.0 6.0 6.0 6.0 6.0 6.0 6.0 6.0 6.0 6.0 6.0 6.0 6.0 6.0 6.0 6.0 6.0 6.0 6.0 6.0 6.0 6.0 6.0 6.0 6.0 6.0 6.0 6.0 6.0 6.0 6.0 6.0 6.0 6.0 6.0 5.0 5.0 5.0 5.0 5.0 5.0 5.0 5.0 5.0 5.0 5.0 5.0 5.0 5.0 5.0 5.0 5.0 5.0 5.0 5.0 5.0 5.0 5.0 5.0 5.0 5.0 5.0 5.0 5.0 5.0 5.0 6.0 6.0 6.0 6.0 5.0 5.0 5.0 5.0 5.0 6.0 6.0 6.0 6.0 6.0 6.0 6.0 5.0 5.0 5.0 5.0 6.0 5.0 6.0 6.0 6.0 6.0 6.0 6.0 5.0 5.0 5.0 5.0 15.0 15.0 4.0 5.0 5.0 5.0 5.0 5.0 5.0 5.0 5.0 5.0 5.0 6.0 6.0 6.0 5.0 5.0 5.0 5.0 5.0 5.0 5.0 5.0 5.0 5.0 5.0 5.0 5.0 5.0 5.0 4.0 4.0 4.0 4.0 4.0 4.0 5.0 6.0 5.0 5.0 5.0 5.0 5.0 5.0 5.0 5.0 5.0 5.0 5.0 5.0 5.0 5.0 4.0 4.0 4.0 6.0 6.0 6.0 5.0 5.0 6.0 5.0 5.0 5.0 5.0 5.0 5.0 5.0 5.0 6.0 5.0 5.0 5.0 5.0 5.0 5.0 5.0 5.0 5.0 5.0 5.0 5.0 5.0 5.0 5.0 5.0 5.0 5.0 5.0 5.0 5.0 5.0 5.0 4.0 4.0 4.0 4.0 6.0 5.0 5.0 5.0 5.0 5.0 5.0 5.0 5.0 5.0 5.0 5.0 5.0 5.0 5.0 5.0 5.0 5.0 5.0 5.0 5.0 5.0 5.0 5.0 5.0 5.0 5.0 5.0 5.0 5.0 5.0 5.0 5.0 5.0 5.0 5.0 5.0 5.0 5.0 5.0 5.0 5.0 5.0 5.0 5.0 5.0 5.397212543554009 0.9836384754936511
50 414.0 414.0 414.0 414.0 414.0 414.0 414.0 414.0 414.0 414.0 414.0 414.0 414.0 414.0 414.0 414.0 414.0 414.0 414.0 414.0 414.0 414.0 414.0 414.0 414.0 414.0 414.0 414.0 414.0 414.0 414.0 414.0 414.0 414.0 414.0 414.0 414.0 414.0 414.0 414.0 414.0 414.0 414.0 414.0 414.0 414.0 414.0 414.0 414.0 414.0 414.0 414.0 414.0 414.0 414.0 414.0 414.0 414.0 414.0 414.0 414.0 414.0 414.0 414.0 414.0 414.0 414.0 414.0 414.0 414.0 414.0 414.0 414.0 411.0 406.0 403.0 407.0 412.0 416.0 382.0 401.0 392.0 407.0 401.0 416.0 405.0 413.0 395.0 384.0 370.0 389.0 368.0 364.0 374.0 393.0 406.0 403.0 418.0 411.0 410.0 408.0 411.0 407.0 406.0 404.0 406.0 407.0 406.0 363.0 369.0 413.0 402.0 380.0 398.0 402.0 399.0 408.0 409.0 405.0 398.0 399.0 394.0 412.0 407.0 401.0 399.0 389.0 401.0 403.0 406.0 414.0 406.0 409.0 402.0 399.0 412.0 421.0 402.0 421.0 411.0 404.0 422.0 416.0 412.0 327.0 338.0 399.0 403.0 376.0 359.0 413.0 413.0 405.0 406.0 408.0 407.0 403.0 395.0 408.0 377.0 375.0 388.0 398.0 411.0 400.0 391.0 398.0 373.0 407.0 401.0 410.0 383.0 388.0 398.0 368.0 391.0 408.0 411.0 376.0 337.0 389.0 394.0 381.0 402.0 397.0 379.0 400.0 365.0 395.0 398.0 373.0 392.0 382.0 360.0 357.0 401.0 382.0 410.0 421.0 409.0 414.0 362.0 362.0 399.0 403.0 426.0 384.0 412.0 409.0 414.0 409.0 414.0 392.0 376.0 395.0 411.0 412.0 393.0 413.0 416.0 418.0 412.0 454.0 392.0 400.0 405.0 435.0 408.0 413.0 424.0 411.0 425.0 419.0 396.0 400.0 406.0 360.0 380.0 428.0 420.0 392.0 403.0 393.0 387.0 412.0 409.0 404.0 407.0 409.0 396.0 401.0 401.0 401.0 401.0 401.0 401.0 401.0 401.0 401.0 401.0 401.0 401.0 401.0 401.0 401.0 401.0 401.0 401.0 401.0 401.0 401.0 401.0 401.0 401.0 401.0 401.0 401.0 401.0 401.0 401.0 401.0 401.0 401.0 401.0 401.0 401.0 401.0 402.95818815331006 15.604318285438985
51 290.0 290.0 290.0 290.0 290.0 290.0 290.0 290.0 290.0 290.0 290.0 290.0 290.0 290.0 290.0 290.0 290.0 290.0 290.0 290.0 290.0 290.0 290.0 290.0 290.0 290.0 290.0 290.0 290.0 290.0 290.0 290.0 290.0 290.0 290.0 290.0 290.0 290.0 290.0 290.0 290.0 290.0 290.0 290.0 290.0 290.0 290.0 290.0 290.0 290.0 290.0 290.0 290.0 290.0 290.0 290.0 290.0 290.0 290.0 290.0 290.0 290.0 290.0 290.0 290.0 290.0 290.0 290.0 290.0 290.0 290.0 290.0 287.0 292.0 275.0 287.0 287.0 293.0 261.0 258.0 276.0 286.0 286.0 296.0 289.0 285.0 277.0 269.0 261.0 261.0 249.0 253.0 257.0 279.0 286.0 285.0 288.0 280.0 289.0 284.0 288.0 293.0 283.0 286.0 280.0 287.0 281.0 255.0 256.0 289.0 264.0 264.0 286.0 284.0 283.0 289.0 286.0 275.0 286.0 280.0 289.0 291.0 280.0 284.0 289.0 285.0 277.0 285.0 280.0 296.0 284.0 295.0 279.0 282.0 290.0 295.0 292.0 291.0 287.0 283.0 279.0 272.0 274.0 253.0 247.0 285.0 285.0 263.0 261.0 288.0 286.0 289.0 288.0 286.0 283.0 281.0 274.0 294.0 263.0 260.0 277.0 288.0 282.0 276.0 275.0 279.0 283.0 274.0 282.0 289.0 269.0 278.0 261.0 265.0 273.0 300.0 281.0 284.0 241.0 276.0 292.0 265.0 286.0 275.0 274.0 285.0 277.0 276.0 272.0 255.0 258.0 270.0 243.0 245.0 269.0 274.0 291.0 289.0 286.0 288.0 261.0 260.0 282.0 284.0 274.0 278.0 287.0 280.0 280.0 292.0 282.0 283.0 268.0 270.0 283.0 280.0 284.0 293.0 291.0 293.0 305.0 272.0 293.0 278.0 286.0 294.0 293.0 296.0 302.0 302.0 296.0 293.0 285.0 277.0 290.0 262.0 273.0 292.0 296.0 263.0 272.0 280.0 273.0 293.0 280.0 281.0 286.0 291.0 279.0 292.0 299.0 299.0 299.0 299.0 299.0 299.0 299.0 299.0 299.0 299.0 299.0 299.0 299.0 299.0 299.0 299.0 299.0 299.0 299.0 299.0 299.0 299.0 299.0 299.0 299.0 299.0 299.0 299.0 299.0 299.0 299.0 299.0 299.0 299.0 299.0 299.0 299.0 284.81533101045295 11.962823026680237
52 150.0 150.0 150.0 150.0 150.0 150.0 150.0 150.0 150.0 150.0 150.0 150.0 150.0 150.0 150.0 150.0 150.0 150.0 150.0 150.0 150.0 150.0 150.0 150.0 150.0 150.0 150.0 150.0 150.0 150.0 150.0 150.0 150.0 150.0 150.0 150.0 150.0 150.0 150.0 150.0 150.0 150.0 150.0 150.0 150.0 150.0 150.0 150.0 150.0 150.0 150.0 150.0 150.0 150.0 150.0 150.0 150.0 150.0 150.0 150.0 150.0 150.0 150.0 150.0 150.0 150.0 150.0 150.0 150.0 150.0 150.0 150.0 163.0 154.0 202.0 171.0 166.0 167.0 148.0 144.0 165.0 161.0 159.0 169.0 166.0 158.0 153.0 158.0 141.0 153.0 155.0 156.0 155.0 173.0 162.0 171.0 160.0 157.0 168.0 158.0 201.0 150.0 173.0 157.0 168.0 166.0 178.0 143.0 179.0 161.0 152.0 165.0 166.0 174.0 163.0 166.0 178.0 174.0 164.0 164.0 163.0 142.0 164.0 144.0 170.0 169.0 178.0 159.0 197.0 152.0 179.0 161.0 153.0 182.0 189.0 161.0 186.0 167.0 162.0 162.0 159.0 164.0 170.0 154.0 171.0 155.0 169.0 141.0 158.0 181.0 164.0 147.0 164.0 168.0 159.0 163.0 168.0 177.0 140.0 146.0 146.0 175.0 165.0 157.0 177.0 179.0 194.0 163.0 183.0 161.0 152.0 173.0 136.0 163.0 134.0 164.0 131.0 152.0 157.0 162.0 152.0 143.0 185.0 158.0 165.0 191.0 158.0 153.0 170.0 147.0 172.0 153.0 135.0 180.0 153.0 165.0 138.0 190.0 207.0 168.0 162.0 156.0 178.0 157.0 156.0 155.0 154.0 200.0 161.0 174.0 162.0 150.0 157.0 147.0 153.0 175.0 157.0 176.0 169.0 166.0 162.0 150.0 175.0 177.0 162.0 174.0 176.0 176.0 176.0 181.0 169.0 202.0 202.0 188.0 150.0 127.0 163.0 152.0 165.0 155.0 147.0 161.0 182.0 175.0 154.0 163.0 146.0 200.0 150.0 176.0 167.0 167.0 167.0 167.0 167.0 167.0 167.0 167.0 167.0 167.0 167.0 167.0 167.0 167.0 167.0 167.0 167.0 167.0 167.0 167.0 167.0 167.0 167.0 167.0 167.0 167.0 167.0 167.0 167.0 167.0 167.0 167.0 167.0 167.0 167.0 167.0 167.0 160.97560975609753 13.224636532910731
53 96.0 96.0 96.0 96.0 96.0 96.0 96.0 96.0 96.0 96.0 96.0 96.0 96.0 96.0 96.0 96.0 96.0 96.0 96.0 96.0 96.0 96.0 96.0 96.0 96.0 96.0 96.0 96.0 96.0 96.0 96.0 96.0 96.0 96.0 96.0 96.0 96.0 96.0 96.0 96.0 96.0 96.0 96.0 96.0 96.0 96.0 96.0 96.0 96.0 96.0 96.0 96.0 96.0 96.0 96.0 96.0 96.0 96.0 96.0 96.0 96.0 96.0 96.0 96.0 96.0 96.0 96.0 96.0 96.0 96.0 96.0 96.0 46.0 51.0 78.0 61.0 38.0 37.0 57.0 39.0 30.0 71.0 41.0 127.0 71.0 44.0 35.0 32.0 40.0 74.0 51.0 65.0 47.0 37.0 48.0 56.0 59.0 66.0 36.0 32.0 32.0 43.0 86.0 66.0 56.0 49.0 46.0 37.0 77.0 73.0 32.0 36.0 37.0 56.0 58.0 34.0 49.0 57.0 38.0 37.0 62.0 43.0 44.0 56.0 58.0 44.0 44.0 36.0 55.0 74.0 44.0 50.0 37.0 43.0 35.0 41.0 48.0 52.0 35.0 79.0 46.0 58.0 40.0 63.0 45.0 47.0 40.0 46.0 33.0 47.0 40.0 58.0 32.0 64.0 37.0 38.0 47.0 42.0 45.0 50.0 73.0 54.0 39.0 99.0 57.0 49.0 39.0 43.0 48.0 60.0 49.0 39.0 30.0 38.0 127.0 54.0 54.0 48.0 49.0 44.0 52.0 195.0 35.0 32.0 113.0 41.0 37.0 61.0 56.0 50.0 38.0 31.0 51.0 61.0 42.0 37.0 50.0 41.0 51.0 56.0 49.0 55.0 39.0 36.0 51.0 45.0 57.0 56.0 65.0 35.0 41.0 38.0 40.0 64.0 70.0 52.0 37.0 45.0 37.0 90.0 51.0 51.0 44.0 34.0 57.0 55.0 58.0 35.0 62.0 48.0 42.0 42.0 133.0 76.0 41.0 162.0 153.0 34.0 28.0 54.0 54.0 61.0 46.0 46.0 33.0 38.0 38.0 32.0 52.0 70.0 48.0 48.0 48.0 48.0 48.0 48.0 48.0 48.0 48.0 48.0 48.0 48.0 48.0 48.0 48.0 48.0 48.0 48.0 48.0 48.0 48.0 48.0 48.0 48.0 48.0 48.0 48.0 48.0 48.0 48.0 48.0 48.0 48.0 48.0 48.0 48.0 48.0 62.74912891986065 26.536156708817703
END
#################################################################
SECTION3 (Edges Information)
EndPoint0 EndPoint1 Weight
0 1 1.000000
1 2 1.000000
2 3 1.000000
3 4 1.000000
4 5 1.000000
5 6 1.000000
6 7 1.000000
7 8 1.000000
8 9 1.000000
9 10 1.000000
10 11 1.000000
11 12 1.000000
12 13 1.000000
13 14 1.000000
14 15 1.000000
15 16 1.000000
16 17 1.000000
17 18 1.000000
18 19 1.000000
19 20 1.000000
20 21 1.000000
21 22 1.000000
22 23 1.000000
23 24 1.000000
24 25 1.000000
25 26 1.000000
26 27 1.000000
27 28 1.000000
28 29 1.000000
29 30 1.000000
30 31 1.000000
31 32 1.000000
32 33 1.000000
33 34 1.000000
34 35 1.000000
35 36 1.000000
36 37 1.000000
37 38 1.000000
38 39 1.000000
39 40 1.000000
40 41 1.000000
41 42 1.000000
42 43 1.000000
43 44 1.000000
44 45 1.000000
45 46 1.000000
46 47 1.000000
47 48 1.000000
48 49 1.000000
49 50 1.000000
50 51 1.000000
51 52 1.000000
52 53 1.000000
END
#################################################################
SECTION4 (TrueSubGraph Information)
EndPoint0 EndPoint1 Weight
END
#################################################################
