#################################################################
#APDM Input Graph, this input graph includes 3 sections:
#section1 : general information
#section2 : nodes
#section3 : edges
#section4 : trueSubGraph (Optional)
#
#if nodes haven't information set weight to null
#################################################################
SECTION1 (General Information)
numNodes = 54
numEdges = 53
usedAlgorithm = NULL
dataSource = TransWeatherRealData
END
#################################################################
SECTION2 (Nodes Information)
NodeID travelTime  mean  std 
0 51.0 51.0 51.0 51.0 51.0 51.0 51.0 51.0 51.0 51.0 51.0 51.0 51.0 51.0 51.0 51.0 51.0 51.0 51.0 51.0 51.0 51.0 51.0 51.0 51.0 51.0 51.0 51.0 51.0 51.0 51.0 51.0 51.0 51.0 51.0 51.0 51.0 51.0 51.0 51.0 51.0 51.0 51.0 51.0 51.0 51.0 51.0 51.0 51.0 51.0 51.0 51.0 51.0 51.0 51.0 51.0 51.0 51.0 51.0 51.0 51.0 51.0 51.0 51.0 51.0 51.0 51.0 51.0 51.0 51.0 51.0 51.0 52.0 51.0 49.0 49.0 49.0 48.0 52.0 44.0 52.0 47.0 47.0 48.0 52.0 46.0 46.0 53.0 47.0 48.0 53.0 54.0 53.0 51.0 50.0 52.0 52.0 51.0 68.0 51.0 54.0 69.0 60.0 49.0 52.0 46.0 49.0 51.0 52.0 50.0 51.0 57.0 53.0 51.0 53.0 55.0 56.0 52.0 55.0 78.0 53.0 54.0 52.0 72.0 49.0 54.0 56.0 55.0 51.0 58.0 55.0 49.0 49.0 52.0 57.0 55.0 51.0 49.0 52.0 52.0 53.0 56.0 52.0 62.0 45.0 53.0 52.0 47.0 51.0 51.0 53.0 51.0 52.0 48.0 51.0 50.0 51.0 54.0 56.0 54.0 52.0 48.0 51.0 52.0 51.0 65.0 52.0 53.0 51.0 50.0 51.0 51.0 53.0 53.0 53.0 49.0 45.0 52.0 54.0 52.0 48.0 52.0 49.0 49.0 50.0 51.0 52.0 45.0 51.0 49.0 47.0 54.0 47.0 50.0 52.0 51.0 46.0 52.0 51.0 53.0 51.0 50.0 47.0 53.0 52.0 55.0 48.0 53.0 52.0 51.0 51.0 51.0 52.0 54.0 54.0 50.0 48.0 55.0 51.0 48.0 56.0 51.0 52.0 53.0 53.0 58.0 52.0 53.0 47.0 54.0 57.0 55.0 53.0 53.0 51.0 61.0 45.0 61.0 61.0 51.0 55.0 58.0 57.0 50.0 56.0 54.0 54.0 54.0 59.0 56.0 53.0 53.0 53.0 53.0 53.0 53.0 53.0 53.0 53.0 53.0 53.0 53.0 53.0 53.0 53.0 53.0 53.0 53.0 53.0 53.0 53.0 53.0 53.0 53.0 53.0 53.0 53.0 53.0 53.0 53.0 53.0 53.0 53.0 53.0 53.0 53.0 53.0 52.09407665505226 3.627044844194201
1 266.0 266.0 266.0 266.0 266.0 266.0 266.0 266.0 266.0 266.0 266.0 266.0 266.0 266.0 266.0 266.0 266.0 266.0 266.0 266.0 266.0 266.0 266.0 266.0 266.0 266.0 266.0 266.0 266.0 266.0 266.0 266.0 266.0 266.0 266.0 266.0 266.0 266.0 266.0 266.0 266.0 266.0 266.0 266.0 266.0 266.0 266.0 266.0 266.0 266.0 266.0 266.0 266.0 266.0 266.0 266.0 266.0 266.0 266.0 266.0 266.0 266.0 266.0 266.0 266.0 266.0 266.0 266.0 266.0 266.0 266.0 266.0 261.0 239.0 259.0 248.0 274.0 264.0 257.0 241.0 270.0 285.0 246.0 252.0 255.0 264.0 315.0 356.0 317.0 348.0 424.0 402.0 477.0 493.0 458.0 524.0 462.0 445.0 459.0 376.0 396.0 311.0 365.0 326.0 268.0 270.0 269.0 267.0 280.0 291.0 263.0 282.0 335.0 327.0 304.0 431.0 402.0 314.0 433.0 390.0 331.0 283.0 284.0 348.0 413.0 325.0 300.0 303.0 298.0 269.0 277.0 257.0 254.0 275.0 271.0 272.0 260.0 266.0 243.0 274.0 279.0 282.0 286.0 246.0 240.0 272.0 281.0 266.0 274.0 269.0 259.0 258.0 275.0 257.0 265.0 262.0 274.0 281.0 314.0 273.0 271.0 249.0 272.0 276.0 254.0 273.0 250.0 272.0 265.0 272.0 267.0 258.0 272.0 267.0 261.0 231.0 248.0 249.0 275.0 242.0 258.0 258.0 248.0 312.0 362.0 262.0 264.0 255.0 266.0 253.0 251.0 227.0 235.0 266.0 257.0 252.0 240.0 262.0 294.0 258.0 254.0 261.0 266.0 250.0 266.0 254.0 254.0 247.0 273.0 261.0 272.0 263.0 261.0 242.0 263.0 252.0 259.0 249.0 259.0 260.0 277.0 286.0 283.0 292.0 278.0 286.0 287.0 290.0 291.0 299.0 298.0 310.0 328.0 294.0 315.0 313.0 266.0 308.0 299.0 315.0 324.0 328.0 313.0 292.0 308.0 296.0 318.0 288.0 312.0 320.0 291.0 291.0 291.0 291.0 291.0 291.0 291.0 291.0 291.0 291.0 291.0 291.0 291.0 291.0 291.0 291.0 291.0 291.0 291.0 291.0 291.0 291.0 291.0 291.0 291.0 291.0 291.0 291.0 291.0 291.0 291.0 291.0 291.0 291.0 291.0 291.0 291.0 285.0662020905923 43.90635864236228
2 57.0 57.0 57.0 57.0 57.0 57.0 57.0 57.0 57.0 57.0 57.0 57.0 57.0 57.0 57.0 57.0 57.0 57.0 57.0 57.0 57.0 57.0 57.0 57.0 57.0 57.0 57.0 57.0 57.0 57.0 57.0 57.0 57.0 57.0 57.0 57.0 57.0 57.0 57.0 57.0 57.0 57.0 57.0 57.0 57.0 57.0 57.0 57.0 57.0 57.0 57.0 57.0 57.0 57.0 57.0 57.0 57.0 57.0 57.0 57.0 57.0 57.0 57.0 57.0 57.0 57.0 57.0 57.0 57.0 57.0 57.0 57.0 53.0 50.0 51.0 48.0 48.0 51.0 54.0 49.0 45.0 48.0 47.0 49.0 51.0 52.0 52.0 55.0 52.0 57.0 125.0 75.0 76.0 114.0 77.0 63.0 63.0 97.0 101.0 77.0 54.0 53.0 54.0 57.0 56.0 52.0 52.0 51.0 53.0 55.0 53.0 53.0 54.0 52.0 52.0 52.0 51.0 51.0 62.0 54.0 62.0 65.0 51.0 47.0 54.0 49.0 53.0 51.0 55.0 57.0 53.0 53.0 55.0 56.0 52.0 52.0 51.0 45.0 46.0 52.0 51.0 62.0 55.0 47.0 52.0 55.0 50.0 53.0 81.0 52.0 50.0 52.0 53.0 52.0 53.0 52.0 55.0 53.0 63.0 58.0 48.0 48.0 53.0 58.0 51.0 51.0 49.0 53.0 53.0 74.0 51.0 53.0 53.0 54.0 49.0 46.0 52.0 53.0 52.0 47.0 57.0 55.0 48.0 82.0 53.0 51.0 55.0 51.0 54.0 51.0 43.0 48.0 48.0 65.0 57.0 50.0 49.0 53.0 52.0 57.0 48.0 51.0 57.0 51.0 50.0 51.0 53.0 46.0 53.0 52.0 76.0 51.0 53.0 47.0 51.0 47.0 55.0 52.0 52.0 57.0 62.0 54.0 55.0 55.0 60.0 55.0 55.0 49.0 53.0 55.0 49.0 56.0 53.0 56.0 59.0 51.0 50.0 50.0 56.0 54.0 55.0 57.0 53.0 55.0 56.0 49.0 53.0 54.0 77.0 58.0 65.0 65.0 65.0 65.0 65.0 65.0 65.0 65.0 65.0 65.0 65.0 65.0 65.0 65.0 65.0 65.0 65.0 65.0 65.0 65.0 65.0 65.0 65.0 65.0 65.0 65.0 65.0 65.0 65.0 65.0 65.0 65.0 65.0 65.0 65.0 65.0 65.0 56.97560975609756 8.949514435453684
3 276.0 276.0 276.0 276.0 276.0 276.0 276.0 276.0 276.0 276.0 276.0 276.0 276.0 276.0 276.0 276.0 276.0 276.0 276.0 276.0 276.0 276.0 276.0 276.0 276.0 276.0 276.0 276.0 276.0 276.0 276.0 276.0 276.0 276.0 276.0 276.0 276.0 276.0 276.0 276.0 276.0 276.0 276.0 276.0 276.0 276.0 276.0 276.0 276.0 276.0 276.0 276.0 276.0 276.0 276.0 276.0 276.0 276.0 276.0 276.0 276.0 276.0 276.0 276.0 276.0 276.0 276.0 276.0 276.0 276.0 276.0 276.0 263.0 267.0 261.0 259.0 271.0 259.0 260.0 252.0 254.0 269.0 261.0 266.0 272.0 275.0 271.0 273.0 277.0 281.0 255.0 336.0 326.0 271.0 285.0 296.0 276.0 276.0 281.0 272.0 274.0 263.0 286.0 281.0 280.0 271.0 265.0 280.0 286.0 273.0 285.0 288.0 273.0 283.0 274.0 290.0 278.0 276.0 285.0 315.0 273.0 285.0 287.0 283.0 265.0 292.0 284.0 296.0 288.0 285.0 281.0 290.0 294.0 283.0 266.0 258.0 276.0 246.0 315.0 303.0 289.0 279.0 258.0 252.0 280.0 279.0 283.0 279.0 294.0 284.0 309.0 263.0 258.0 302.0 286.0 287.0 296.0 283.0 278.0 269.0 256.0 293.0 293.0 287.0 283.0 285.0 281.0 282.0 277.0 285.0 264.0 265.0 280.0 272.0 280.0 257.0 251.0 293.0 260.0 263.0 282.0 245.0 257.0 293.0 284.0 272.0 276.0 286.0 268.0 268.0 233.0 256.0 285.0 281.0 274.0 269.0 289.0 284.0 285.0 264.0 263.0 293.0 265.0 286.0 276.0 279.0 279.0 294.0 286.0 277.0 280.0 297.0 298.0 283.0 277.0 270.0 279.0 264.0 292.0 294.0 281.0 284.0 311.0 290.0 299.0 291.0 278.0 280.0 292.0 269.0 296.0 298.0 299.0 302.0 300.0 265.0 301.0 289.0 284.0 309.0 305.0 288.0 283.0 295.0 259.0 308.0 294.0 290.0 296.0 300.0 314.0 314.0 314.0 314.0 314.0 314.0 314.0 314.0 314.0 314.0 314.0 314.0 314.0 314.0 314.0 314.0 314.0 314.0 314.0 314.0 314.0 314.0 314.0 314.0 314.0 314.0 314.0 314.0 314.0 314.0 314.0 314.0 314.0 314.0 314.0 314.0 314.0 283.4320557491289 17.017106272776783
4 198.0 198.0 198.0 198.0 198.0 198.0 198.0 198.0 198.0 198.0 198.0 198.0 198.0 198.0 198.0 198.0 198.0 198.0 198.0 198.0 198.0 198.0 198.0 198.0 198.0 198.0 198.0 198.0 198.0 198.0 198.0 198.0 198.0 198.0 198.0 198.0 198.0 198.0 198.0 198.0 198.0 198.0 198.0 198.0 198.0 198.0 198.0 198.0 198.0 198.0 198.0 198.0 198.0 198.0 198.0 198.0 198.0 198.0 198.0 198.0 198.0 198.0 198.0 198.0 198.0 198.0 198.0 198.0 198.0 198.0 198.0 198.0 209.0 235.0 202.0 218.0 209.0 203.0 234.0 206.0 226.0 205.0 214.0 219.0 214.0 214.0 215.0 229.0 220.0 220.0 205.0 216.0 214.0 227.0 225.0 216.0 227.0 223.0 225.0 214.0 241.0 227.0 244.0 231.0 235.0 233.0 251.0 225.0 237.0 232.0 243.0 263.0 251.0 230.0 239.0 232.0 235.0 245.0 228.0 254.0 234.0 228.0 246.0 239.0 237.0 234.0 245.0 242.0 239.0 311.0 248.0 239.0 251.0 232.0 215.0 236.0 236.0 228.0 247.0 228.0 229.0 231.0 216.0 240.0 228.0 247.0 237.0 229.0 233.0 218.0 236.0 200.0 217.0 216.0 226.0 233.0 216.0 231.0 229.0 214.0 206.0 230.0 219.0 234.0 222.0 225.0 221.0 221.0 225.0 217.0 211.0 226.0 219.0 211.0 243.0 193.0 233.0 205.0 196.0 220.0 187.0 187.0 210.0 223.0 225.0 224.0 222.0 220.0 196.0 225.0 196.0 216.0 249.0 218.0 201.0 217.0 230.0 224.0 223.0 213.0 226.0 207.0 217.0 210.0 211.0 268.0 245.0 219.0 235.0 221.0 216.0 231.0 226.0 223.0 226.0 231.0 208.0 223.0 228.0 211.0 244.0 258.0 202.0 244.0 232.0 212.0 207.0 224.0 201.0 198.0 211.0 233.0 220.0 209.0 199.0 228.0 254.0 227.0 225.0 259.0 239.0 241.0 216.0 239.0 237.0 227.0 219.0 218.0 259.0 236.0 230.0 230.0 230.0 230.0 230.0 230.0 230.0 230.0 230.0 230.0 230.0 230.0 230.0 230.0 230.0 230.0 230.0 230.0 230.0 230.0 230.0 230.0 230.0 230.0 230.0 230.0 230.0 230.0 230.0 230.0 230.0 230.0 230.0 230.0 230.0 230.0 230.0 219.33797909407664 17.868616863902236
5 272.0 272.0 272.0 272.0 272.0 272.0 272.0 272.0 272.0 272.0 272.0 272.0 272.0 272.0 272.0 272.0 272.0 272.0 272.0 272.0 272.0 272.0 272.0 272.0 272.0 272.0 272.0 272.0 272.0 272.0 272.0 272.0 272.0 272.0 272.0 272.0 272.0 272.0 272.0 272.0 272.0 272.0 272.0 272.0 272.0 272.0 272.0 272.0 272.0 272.0 272.0 272.0 272.0 272.0 272.0 272.0 272.0 272.0 272.0 272.0 272.0 272.0 272.0 272.0 272.0 272.0 272.0 272.0 272.0 272.0 272.0 272.0 266.0 271.0 272.0 264.0 275.0 272.0 278.0 292.0 265.0 274.0 280.0 274.0 284.0 282.0 298.0 289.0 275.0 278.0 291.0 276.0 285.0 285.0 276.0 260.0 296.0 311.0 320.0 314.0 338.0 307.0 326.0 298.0 320.0 318.0 313.0 322.0 306.0 324.0 300.0 309.0 325.0 305.0 308.0 316.0 334.0 334.0 308.0 307.0 336.0 319.0 310.0 311.0 305.0 285.0 316.0 329.0 272.0 342.0 307.0 323.0 310.0 268.0 317.0 306.0 353.0 301.0 302.0 344.0 310.0 304.0 322.0 316.0 318.0 310.0 315.0 313.0 338.0 299.0 322.0 316.0 294.0 323.0 338.0 297.0 332.0 305.0 317.0 302.0 306.0 337.0 321.0 326.0 308.0 305.0 306.0 310.0 283.0 315.0 318.0 314.0 331.0 328.0 290.0 343.0 273.0 305.0 334.0 285.0 341.0 304.0 345.0 314.0 314.0 343.0 285.0 316.0 321.0 266.0 339.0 312.0 299.0 316.0 324.0 335.0 300.0 307.0 303.0 298.0 326.0 309.0 303.0 307.0 312.0 308.0 332.0 326.0 310.0 325.0 296.0 303.0 318.0 328.0 305.0 325.0 300.0 297.0 299.0 291.0 323.0 295.0 281.0 279.0 277.0 265.0 268.0 275.0 257.0 279.0 287.0 284.0 285.0 272.0 258.0 271.0 267.0 282.0 300.0 289.0 276.0 288.0 290.0 286.0 289.0 290.0 281.0 289.0 291.0 276.0 285.0 285.0 285.0 285.0 285.0 285.0 285.0 285.0 285.0 285.0 285.0 285.0 285.0 285.0 285.0 285.0 285.0 285.0 285.0 285.0 285.0 285.0 285.0 285.0 285.0 285.0 285.0 285.0 285.0 285.0 285.0 285.0 285.0 285.0 285.0 285.0 285.0 292.98606271777004 21.69866292897198
6 14.0 14.0 14.0 14.0 14.0 14.0 14.0 14.0 14.0 14.0 14.0 14.0 14.0 14.0 14.0 14.0 14.0 14.0 14.0 14.0 14.0 14.0 14.0 14.0 14.0 14.0 14.0 14.0 14.0 14.0 14.0 14.0 14.0 14.0 14.0 14.0 14.0 14.0 14.0 14.0 14.0 14.0 14.0 14.0 14.0 14.0 14.0 14.0 14.0 14.0 14.0 14.0 14.0 14.0 14.0 14.0 14.0 14.0 14.0 14.0 14.0 14.0 14.0 14.0 14.0 14.0 14.0 14.0 14.0 14.0 14.0 14.0 14.0 14.0 15.0 15.0 15.0 15.0 15.0 15.0 15.0 15.0 15.0 15.0 16.0 15.0 17.0 16.0 16.0 16.0 16.0 15.0 16.0 16.0 15.0 13.0 16.0 16.0 15.0 13.0 13.0 15.0 15.0 14.0 14.0 15.0 17.0 15.0 16.0 16.0 15.0 17.0 16.0 15.0 16.0 16.0 16.0 18.0 18.0 15.0 15.0 18.0 15.0 15.0 16.0 15.0 15.0 16.0 15.0 18.0 17.0 15.0 16.0 15.0 15.0 15.0 15.0 15.0 16.0 15.0 14.0 15.0 15.0 15.0 14.0 14.0 14.0 14.0 14.0 16.0 16.0 17.0 16.0 16.0 16.0 16.0 16.0 15.0 15.0 15.0 15.0 15.0 15.0 15.0 16.0 16.0 15.0 16.0 15.0 16.0 17.0 15.0 15.0 15.0 14.0 17.0 15.0 15.0 15.0 15.0 15.0 16.0 16.0 16.0 16.0 15.0 14.0 15.0 15.0 14.0 16.0 16.0 17.0 15.0 18.0 15.0 16.0 16.0 16.0 16.0 12.0 15.0 14.0 15.0 15.0 15.0 15.0 15.0 16.0 17.0 17.0 16.0 16.0 17.0 14.0 16.0 16.0 14.0 14.0 16.0 16.0 15.0 15.0 16.0 16.0 15.0 15.0 14.0 14.0 14.0 14.0 16.0 14.0 15.0 15.0 15.0 16.0 16.0 17.0 17.0 16.0 17.0 17.0 16.0 16.0 16.0 16.0 16.0 16.0 16.0 17.0 17.0 17.0 17.0 17.0 17.0 17.0 17.0 17.0 17.0 17.0 17.0 17.0 17.0 17.0 17.0 17.0 17.0 17.0 17.0 17.0 17.0 17.0 17.0 17.0 17.0 17.0 17.0 17.0 17.0 17.0 17.0 17.0 17.0 17.0 17.0 17.0 15.26480836236934 1.1942088765241137
7 316.0 316.0 316.0 316.0 316.0 316.0 316.0 316.0 316.0 316.0 316.0 316.0 316.0 316.0 316.0 316.0 316.0 316.0 316.0 316.0 316.0 316.0 316.0 316.0 316.0 316.0 316.0 316.0 316.0 316.0 316.0 316.0 316.0 316.0 316.0 316.0 316.0 316.0 316.0 316.0 316.0 316.0 316.0 316.0 316.0 316.0 316.0 316.0 316.0 316.0 316.0 316.0 316.0 316.0 316.0 316.0 316.0 316.0 316.0 316.0 316.0 316.0 316.0 316.0 316.0 316.0 316.0 316.0 316.0 316.0 316.0 316.0 298.0 303.0 296.0 301.0 311.0 324.0 344.0 303.0 326.0 314.0 315.0 321.0 376.0 338.0 328.0 312.0 328.0 325.0 355.0 355.0 321.0 302.0 320.0 316.0 327.0 319.0 312.0 304.0 292.0 311.0 331.0 301.0 345.0 329.0 329.0 327.0 342.0 307.0 327.0 318.0 322.0 328.0 310.0 320.0 343.0 327.0 319.0 314.0 314.0 315.0 326.0 340.0 308.0 323.0 321.0 335.0 307.0 328.0 317.0 323.0 283.0 306.0 324.0 333.0 317.0 304.0 302.0 318.0 312.0 322.0 335.0 327.0 323.0 342.0 318.0 303.0 322.0 324.0 312.0 346.0 333.0 362.0 326.0 316.0 311.0 320.0 307.0 335.0 308.0 328.0 315.0 323.0 330.0 327.0 311.0 342.0 320.0 326.0 318.0 311.0 319.0 283.0 290.0 298.0 292.0 325.0 314.0 311.0 307.0 328.0 323.0 329.0 318.0 310.0 304.0 324.0 289.0 291.0 332.0 321.0 307.0 314.0 316.0 330.0 314.0 286.0 331.0 325.0 291.0 307.0 305.0 331.0 339.0 326.0 329.0 320.0 313.0 324.0 331.0 331.0 348.0 311.0 312.0 328.0 316.0 311.0 330.0 336.0 327.0 324.0 324.0 313.0 309.0 308.0 312.0 290.0 317.0 322.0 331.0 315.0 302.0 286.0 301.0 316.0 317.0 341.0 322.0 336.0 325.0 326.0 328.0 325.0 329.0 321.0 330.0 328.0 326.0 320.0 286.0 286.0 286.0 286.0 286.0 286.0 286.0 286.0 286.0 286.0 286.0 286.0 286.0 286.0 286.0 286.0 286.0 286.0 286.0 286.0 286.0 286.0 286.0 286.0 286.0 286.0 286.0 286.0 286.0 286.0 286.0 286.0 286.0 286.0 286.0 286.0 286.0 314.32055749128915 15.968775116116317
8 472.0 472.0 472.0 472.0 472.0 472.0 472.0 472.0 472.0 472.0 472.0 472.0 472.0 472.0 472.0 472.0 472.0 472.0 472.0 472.0 472.0 472.0 472.0 472.0 472.0 472.0 472.0 472.0 472.0 472.0 472.0 472.0 472.0 472.0 472.0 472.0 472.0 472.0 472.0 472.0 472.0 472.0 472.0 472.0 472.0 472.0 472.0 472.0 472.0 472.0 472.0 472.0 472.0 472.0 472.0 472.0 472.0 472.0 472.0 472.0 472.0 472.0 472.0 472.0 472.0 472.0 472.0 472.0 472.0 472.0 472.0 472.0 477.0 473.0 446.0 482.0 494.0 510.0 481.0 492.0 501.0 487.0 501.0 531.0 496.0 502.0 511.0 496.0 500.0 500.0 514.0 496.0 487.0 504.0 518.0 517.0 488.0 466.0 446.0 442.0 478.0 472.0 461.0 489.0 483.0 513.0 504.0 479.0 503.0 489.0 499.0 504.0 484.0 482.0 488.0 536.0 461.0 451.0 478.0 486.0 482.0 499.0 498.0 451.0 473.0 492.0 460.0 467.0 511.0 485.0 466.0 415.0 418.0 466.0 497.0 478.0 460.0 422.0 469.0 481.0 513.0 496.0 508.0 509.0 508.0 497.0 484.0 488.0 480.0 521.0 494.0 479.0 507.0 481.0 473.0 465.0 466.0 483.0 493.0 484.0 487.0 484.0 490.0 506.0 549.0 453.0 460.0 506.0 493.0 472.0 471.0 477.0 418.0 428.0 436.0 438.0 478.0 468.0 447.0 483.0 483.0 496.0 483.0 471.0 460.0 464.0 472.0 439.0 440.0 489.0 483.0 490.0 477.0 464.0 493.0 476.0 491.0 483.0 483.0 487.0 479.0 475.0 471.0 489.0 495.0 477.0 477.0 473.0 534.0 482.0 468.0 522.0 476.0 481.0 484.0 492.0 492.0 529.0 509.0 507.0 472.0 480.0 473.0 445.0 472.0 454.0 431.0 485.0 484.0 485.0 482.0 507.0 480.0 481.0 497.0 513.0 510.0 487.0 497.0 479.0 488.0 495.0 502.0 489.0 535.0 527.0 497.0 500.0 505.0 680.0 470.0 470.0 470.0 470.0 470.0 470.0 470.0 470.0 470.0 470.0 470.0 470.0 470.0 470.0 470.0 470.0 470.0 470.0 470.0 470.0 470.0 470.0 470.0 470.0 470.0 470.0 470.0 470.0 470.0 470.0 470.0 470.0 470.0 470.0 470.0 470.0 470.0 479.801393728223 22.56053856069559
9 676.0 676.0 676.0 676.0 676.0 676.0 676.0 676.0 676.0 676.0 676.0 676.0 676.0 676.0 676.0 676.0 676.0 676.0 676.0 676.0 676.0 676.0 676.0 676.0 676.0 676.0 676.0 676.0 676.0 676.0 676.0 676.0 676.0 676.0 676.0 676.0 676.0 676.0 676.0 676.0 676.0 676.0 676.0 676.0 676.0 676.0 676.0 676.0 676.0 676.0 676.0 676.0 676.0 676.0 676.0 676.0 676.0 676.0 676.0 676.0 676.0 676.0 676.0 676.0 676.0 676.0 676.0 676.0 676.0 676.0 676.0 676.0 675.0 620.0 638.0 649.0 660.0 625.0 706.0 692.0 624.0 664.0 660.0 658.0 655.0 664.0 674.0 689.0 678.0 708.0 709.0 657.0 700.0 669.0 655.0 647.0 595.0 604.0 604.0 643.0 629.0 635.0 652.0 633.0 645.0 651.0 648.0 661.0 646.0 651.0 649.0 695.0 672.0 682.0 635.0 607.0 628.0 661.0 673.0 672.0 657.0 646.0 654.0 647.0 643.0 594.0 623.0 636.0 648.0 564.0 550.0 652.0 675.0 643.0 574.0 592.0 618.0 686.0 650.0 660.0 658.0 652.0 698.0 719.0 651.0 646.0 677.0 706.0 664.0 668.0 681.0 629.0 619.0 635.0 651.0 640.0 648.0 663.0 658.0 656.0 649.0 692.0 688.0 609.0 614.0 643.0 653.0 647.0 635.0 663.0 576.0 573.0 604.0 598.0 609.0 652.0 645.0 643.0 644.0 651.0 639.0 655.0 607.0 606.0 635.0 578.0 584.0 589.0 651.0 649.0 646.0 630.0 640.0 661.0 673.0 673.0 665.0 644.0 631.0 612.0 640.0 650.0 655.0 646.0 635.0 633.0 627.0 636.0 637.0 637.0 636.0 633.0 652.0 648.0 642.0 690.0 682.0 669.0 649.0 638.0 649.0 602.0 607.0 598.0 590.0 602.0 631.0 624.0 633.0 649.0 656.0 658.0 657.0 642.0 658.0 638.0 630.0 639.0 642.0 655.0 665.0 656.0 647.0 655.0 636.0 641.0 644.0 652.0 636.0 591.0 597.0 597.0 597.0 597.0 597.0 597.0 597.0 597.0 597.0 597.0 597.0 597.0 597.0 597.0 597.0 597.0 597.0 597.0 597.0 597.0 597.0 597.0 597.0 597.0 597.0 597.0 597.0 597.0 597.0 597.0 597.0 597.0 597.0 597.0 597.0 597.0 597.0 646.0383275261324 32.60156686768314
10 898.0 898.0 898.0 898.0 898.0 898.0 898.0 898.0 898.0 898.0 898.0 898.0 898.0 898.0 898.0 898.0 898.0 898.0 898.0 898.0 898.0 898.0 898.0 898.0 898.0 898.0 898.0 898.0 898.0 898.0 898.0 898.0 898.0 898.0 898.0 898.0 898.0 898.0 898.0 898.0 898.0 898.0 898.0 898.0 898.0 898.0 898.0 898.0 898.0 898.0 898.0 898.0 898.0 898.0 898.0 898.0 898.0 898.0 898.0 898.0 898.0 898.0 898.0 898.0 898.0 898.0 898.0 898.0 898.0 898.0 898.0 898.0 935.0 918.0 939.0 929.0 930.0 942.0 981.0 960.0 946.0 941.0 956.0 942.0 944.0 947.0 960.0 962.0 965.0 984.0 969.0 968.0 940.0 921.0 901.0 862.0 868.0 939.0 911.0 891.0 901.0 916.0 949.0 944.0 945.0 944.0 935.0 931.0 938.0 940.0 958.0 942.0 942.0 930.0 929.0 941.0 941.0 935.0 980.0 970.0 957.0 878.0 868.0 941.0 916.0 914.0 808.0 798.0 833.0 889.0 941.0 891.0 863.0 822.0 820.0 933.0 954.0 945.0 925.0 945.0 970.0 959.0 915.0 928.0 920.0 954.0 964.0 948.0 920.0 929.0 897.0 891.0 889.0 931.0 919.0 927.0 920.0 926.0 934.0 954.0 894.0 895.0 874.0 912.0 902.0 924.0 922.0 853.0 817.0 828.0 855.0 863.0 871.0 922.0 920.0 913.0 934.0 943.0 931.0 912.0 880.0 868.0 861.0 828.0 828.0 839.0 945.0 960.0 935.0 926.0 953.0 946.0 923.0 916.0 940.0 876.0 889.0 907.0 935.0 929.0 922.0 917.0 912.0 904.0 927.0 917.0 915.0 912.0 917.0 901.0 907.0 920.0 923.0 940.0 987.0 933.0 941.0 939.0 877.0 864.0 849.0 845.0 845.0 849.0 920.0 915.0 929.0 925.0 957.0 928.0 933.0 946.0 919.0 950.0 905.0 919.0 936.0 957.0 968.0 934.0 910.0 1006.0 912.0 906.0 910.0 903.0 870.0 853.0 855.0 919.0 865.0 865.0 865.0 865.0 865.0 865.0 865.0 865.0 865.0 865.0 865.0 865.0 865.0 865.0 865.0 865.0 865.0 865.0 865.0 865.0 865.0 865.0 865.0 865.0 865.0 865.0 865.0 865.0 865.0 865.0 865.0 865.0 865.0 865.0 865.0 865.0 865.0 905.4912891986062 35.08519741575904
11 530.0 530.0 530.0 530.0 530.0 530.0 530.0 530.0 530.0 530.0 530.0 530.0 530.0 530.0 530.0 530.0 530.0 530.0 530.0 530.0 530.0 530.0 530.0 530.0 530.0 530.0 530.0 530.0 530.0 530.0 530.0 530.0 530.0 530.0 530.0 530.0 530.0 530.0 530.0 530.0 530.0 530.0 530.0 530.0 530.0 530.0 530.0 530.0 530.0 530.0 530.0 530.0 530.0 530.0 530.0 530.0 530.0 530.0 530.0 530.0 530.0 530.0 530.0 530.0 530.0 530.0 530.0 530.0 530.0 530.0 530.0 530.0 524.0 508.0 484.0 522.0 526.0 545.0 504.0 502.0 534.0 506.0 518.0 531.0 536.0 518.0 540.0 509.0 516.0 533.0 545.0 536.0 509.0 518.0 539.0 504.0 520.0 496.0 509.0 615.0 538.0 515.0 499.0 503.0 535.0 521.0 526.0 506.0 495.0 526.0 499.0 508.0 517.0 521.0 499.0 526.0 493.0 503.0 525.0 482.0 485.0 517.0 485.0 498.0 488.0 439.0 452.0 457.0 440.0 475.0 483.0 495.0 518.0 535.0 548.0 521.0 480.0 520.0 513.0 532.0 507.0 495.0 520.0 527.0 512.0 491.0 481.0 521.0 525.0 481.0 480.0 515.0 517.0 501.0 511.0 519.0 531.0 561.0 475.0 469.0 491.0 525.0 498.0 445.0 441.0 462.0 469.0 523.0 461.0 453.0 441.0 449.0 489.0 519.0 570.0 516.0 507.0 507.0 510.0 505.0 437.0 442.0 532.0 524.0 528.0 525.0 505.0 519.0 522.0 548.0 494.0 465.0 518.0 503.0 494.0 460.0 527.0 520.0 522.0 503.0 495.0 505.0 517.0 507.0 473.0 508.0 522.0 494.0 484.0 518.0 518.0 521.0 526.0 501.0 470.0 505.0 485.0 469.0 494.0 459.0 459.0 515.0 513.0 513.0 538.0 556.0 530.0 544.0 516.0 608.0 487.0 542.0 511.0 507.0 546.0 526.0 518.0 607.0 518.0 506.0 504.0 523.0 510.0 502.0 461.0 457.0 459.0 459.0 552.0 492.0 517.0 517.0 517.0 517.0 517.0 517.0 517.0 517.0 517.0 517.0 517.0 517.0 517.0 517.0 517.0 517.0 517.0 517.0 517.0 517.0 517.0 517.0 517.0 517.0 517.0 517.0 517.0 517.0 517.0 517.0 517.0 517.0 517.0 517.0 517.0 517.0 517.0 513.979094076655 25.62654563405837
12 601.0 601.0 601.0 601.0 601.0 601.0 601.0 601.0 601.0 601.0 601.0 601.0 601.0 601.0 601.0 601.0 601.0 601.0 601.0 601.0 601.0 601.0 601.0 601.0 601.0 601.0 601.0 601.0 601.0 601.0 601.0 601.0 601.0 601.0 601.0 601.0 601.0 601.0 601.0 601.0 601.0 601.0 601.0 601.0 601.0 601.0 601.0 601.0 601.0 601.0 601.0 601.0 601.0 601.0 601.0 601.0 601.0 601.0 601.0 601.0 601.0 601.0 601.0 601.0 601.0 601.0 601.0 601.0 601.0 601.0 601.0 601.0 602.0 622.0 649.0 657.0 627.0 626.0 641.0 626.0 656.0 648.0 652.0 642.0 649.0 613.0 642.0 646.0 688.0 671.0 652.0 650.0 661.0 613.0 634.0 638.0 649.0 677.0 678.0 652.0 658.0 651.0 639.0 631.0 666.0 713.0 665.0 643.0 665.0 654.0 646.0 684.0 624.0 638.0 642.0 657.0 680.0 627.0 613.0 786.0 624.0 656.0 634.0 538.0 622.0 574.0 577.0 664.0 606.0 644.0 642.0 661.0 661.0 687.0 641.0 637.0 660.0 656.0 642.0 646.0 679.0 688.0 666.0 639.0 629.0 649.0 664.0 603.0 603.0 686.0 668.0 644.0 647.0 667.0 664.0 690.0 599.0 589.0 742.0 707.0 639.0 579.0 628.0 738.0 637.0 645.0 579.0 631.0 557.0 615.0 676.0 652.0 663.0 674.0 652.0 665.0 663.0 672.0 569.0 614.0 654.0 654.0 652.0 659.0 653.0 644.0 656.0 650.0 621.0 669.0 685.0 632.0 627.0 650.0 649.0 665.0 650.0 641.0 643.0 673.0 653.0 655.0 649.0 642.0 640.0 641.0 639.0 681.0 650.0 659.0 661.0 642.0 565.0 611.0 618.0 596.0 612.0 568.0 574.0 573.0 572.0 598.0 640.0 625.0 628.0 643.0 639.0 637.0 605.0 614.0 615.0 615.0 642.0 643.0 630.0 642.0 630.0 615.0 624.0 633.0 595.0 611.0 560.0 594.0 578.0 578.0 600.0 613.0 628.0 621.0 636.0 636.0 636.0 636.0 636.0 636.0 636.0 636.0 636.0 636.0 636.0 636.0 636.0 636.0 636.0 636.0 636.0 636.0 636.0 636.0 636.0 636.0 636.0 636.0 636.0 636.0 636.0 636.0 636.0 636.0 636.0 636.0 636.0 636.0 636.0 636.0 636.0 629.3170731707316 31.578304623146757
13 8.0 8.0 8.0 8.0 8.0 8.0 8.0 8.0 8.0 8.0 8.0 8.0 8.0 8.0 8.0 8.0 8.0 8.0 8.0 8.0 8.0 8.0 8.0 8.0 8.0 8.0 8.0 8.0 8.0 8.0 8.0 8.0 8.0 8.0 8.0 8.0 8.0 8.0 8.0 8.0 8.0 8.0 8.0 8.0 8.0 8.0 8.0 8.0 8.0 8.0 8.0 8.0 8.0 8.0 8.0 8.0 8.0 8.0 8.0 8.0 8.0 8.0 8.0 8.0 8.0 8.0 8.0 8.0 8.0 8.0 8.0 8.0 8.0 8.0 8.0 8.0 8.0 8.0 8.0 8.0 8.0 7.0 8.0 8.0 8.0 8.0 7.0 8.0 8.0 8.0 8.0 8.0 8.0 8.0 8.0 8.0 8.0 8.0 8.0 8.0 8.0 8.0 8.0 9.0 7.0 7.0 8.0 8.0 8.0 8.0 8.0 8.0 8.0 8.0 8.0 8.0 8.0 7.0 7.0 7.0 7.0 7.0 7.0 7.0 8.0 7.0 7.0 7.0 7.0 7.0 7.0 7.0 7.0 7.0 7.0 8.0 8.0 8.0 8.0 8.0 8.0 8.0 7.0 8.0 8.0 8.0 8.0 7.0 7.0 7.0 7.0 8.0 8.0 8.0 8.0 8.0 7.0 7.0 7.0 8.0 7.0 7.0 8.0 8.0 8.0 8.0 7.0 7.0 7.0 8.0 7.0 7.0 7.0 7.0 8.0 8.0 8.0 8.0 7.0 7.0 8.0 8.0 8.0 8.0 8.0 8.0 8.0 8.0 6.0 6.0 7.0 8.0 8.0 8.0 8.0 8.0 8.0 8.0 8.0 8.0 8.0 8.0 8.0 8.0 8.0 7.0 8.0 8.0 8.0 8.0 8.0 8.0 7.0 8.0 7.0 9.0 8.0 7.0 7.0 8.0 7.0 7.0 7.0 7.0 8.0 8.0 8.0 8.0 8.0 8.0 8.0 8.0 8.0 8.0 8.0 8.0 8.0 8.0 8.0 8.0 8.0 8.0 8.0 7.0 7.0 7.0 7.0 7.0 7.0 8.0 7.0 7.0 7.0 7.0 7.0 7.0 7.0 7.0 7.0 7.0 7.0 7.0 7.0 7.0 7.0 7.0 7.0 7.0 7.0 7.0 7.0 7.0 7.0 7.0 7.0 7.0 7.0 7.0 7.0 7.0 7.0 7.0 7.0 7.0 7.0 7.0 7.0 7.6689895470383265 0.5001887999092828
14 86.0 86.0 86.0 86.0 86.0 86.0 86.0 86.0 86.0 86.0 86.0 86.0 86.0 86.0 86.0 86.0 86.0 86.0 86.0 86.0 86.0 86.0 86.0 86.0 86.0 86.0 86.0 86.0 86.0 86.0 86.0 86.0 86.0 86.0 86.0 86.0 86.0 86.0 86.0 86.0 86.0 86.0 86.0 86.0 86.0 86.0 86.0 86.0 86.0 86.0 86.0 86.0 86.0 86.0 86.0 86.0 86.0 86.0 86.0 86.0 86.0 86.0 86.0 86.0 86.0 86.0 86.0 86.0 86.0 86.0 86.0 86.0 98.0 94.0 95.0 96.0 102.0 94.0 93.0 98.0 94.0 95.0 99.0 95.0 98.0 93.0 90.0 97.0 101.0 94.0 89.0 87.0 87.0 88.0 90.0 94.0 94.0 111.0 89.0 88.0 92.0 93.0 95.0 98.0 98.0 96.0 93.0 90.0 93.0 94.0 88.0 89.0 91.0 91.0 90.0 93.0 100.0 86.0 86.0 90.0 95.0 91.0 78.0 80.0 94.0 81.0 89.0 86.0 84.0 90.0 92.0 95.0 94.0 87.0 92.0 95.0 105.0 92.0 93.0 93.0 95.0 97.0 106.0 90.0 88.0 93.0 93.0 93.0 95.0 89.0 88.0 92.0 95.0 92.0 100.0 92.0 85.0 95.0 103.0 93.0 84.0 83.0 90.0 86.0 94.0 84.0 88.0 79.0 79.0 90.0 95.0 97.0 94.0 100.0 94.0 92.0 90.0 82.0 85.0 91.0 90.0 92.0 92.0 91.0 92.0 98.0 96.0 93.0 78.0 97.0 91.0 89.0 91.0 97.0 85.0 92.0 92.0 90.0 92.0 93.0 96.0 88.0 89.0 92.0 95.0 83.0 95.0 90.0 104.0 95.0 98.0 79.0 90.0 92.0 85.0 90.0 94.0 82.0 90.0 92.0 85.0 91.0 91.0 104.0 90.0 90.0 94.0 88.0 90.0 81.0 89.0 92.0 97.0 91.0 88.0 88.0 87.0 94.0 90.0 97.0 97.0 84.0 84.0 85.0 85.0 90.0 87.0 88.0 94.0 96.0 91.0 91.0 91.0 91.0 91.0 91.0 91.0 91.0 91.0 91.0 91.0 91.0 91.0 91.0 91.0 91.0 91.0 91.0 91.0 91.0 91.0 91.0 91.0 91.0 91.0 91.0 91.0 91.0 91.0 91.0 91.0 91.0 91.0 91.0 91.0 91.0 91.0 90.11149825783971 4.8862702093277095
15 582.0 582.0 582.0 582.0 582.0 582.0 582.0 582.0 582.0 582.0 582.0 582.0 582.0 582.0 582.0 582.0 582.0 582.0 582.0 582.0 582.0 582.0 582.0 582.0 582.0 582.0 582.0 582.0 582.0 582.0 582.0 582.0 582.0 582.0 582.0 582.0 582.0 582.0 582.0 582.0 582.0 582.0 582.0 582.0 582.0 582.0 582.0 582.0 582.0 582.0 582.0 582.0 582.0 582.0 582.0 582.0 582.0 582.0 582.0 582.0 582.0 582.0 582.0 582.0 582.0 582.0 582.0 582.0 582.0 582.0 582.0 582.0 600.0 606.0 577.0 567.0 572.0 597.0 615.0 609.0 580.0 576.0 599.0 621.0 595.0 575.0 617.0 603.0 571.0 559.0 574.0 516.0 505.0 559.0 618.0 616.0 612.0 596.0 573.0 596.0 604.0 622.0 624.0 593.0 616.0 597.0 584.0 591.0 605.0 573.0 572.0 616.0 626.0 629.0 642.0 563.0 591.0 604.0 598.0 585.0 607.0 500.0 545.0 505.0 550.0 550.0 590.0 594.0 603.0 599.0 610.0 589.0 589.0 627.0 599.0 616.0 610.0 593.0 602.0 600.0 638.0 610.0 590.0 583.0 613.0 596.0 593.0 590.0 592.0 591.0 595.0 589.0 606.0 634.0 547.0 567.0 567.0 603.0 587.0 527.0 586.0 651.0 612.0 570.0 557.0 547.0 530.0 522.0 587.0 600.0 587.0 594.0 584.0 582.0 576.0 566.0 537.0 523.0 592.0 588.0 595.0 586.0 581.0 603.0 609.0 591.0 588.0 529.0 514.0 555.0 563.0 572.0 562.0 529.0 548.0 559.0 559.0 565.0 589.0 580.0 535.0 572.0 590.0 568.0 562.0 582.0 596.0 598.0 600.0 568.0 534.0 560.0 565.0 531.0 543.0 522.0 516.0 523.0 550.0 581.0 580.0 595.0 593.0 577.0 573.0 586.0 565.0 554.0 570.0 589.0 592.0 600.0 545.0 543.0 580.0 582.0 581.0 578.0 618.0 634.0 533.0 541.0 537.0 536.0 556.0 583.0 586.0 584.0 589.0 575.0 578.0 578.0 578.0 578.0 578.0 578.0 578.0 578.0 578.0 578.0 578.0 578.0 578.0 578.0 578.0 578.0 578.0 578.0 578.0 578.0 578.0 578.0 578.0 578.0 578.0 578.0 578.0 578.0 578.0 578.0 578.0 578.0 578.0 578.0 578.0 578.0 578.0 580.2926829268292 23.21135894417809
16 401.0 401.0 401.0 401.0 401.0 401.0 401.0 401.0 401.0 401.0 401.0 401.0 401.0 401.0 401.0 401.0 401.0 401.0 401.0 401.0 401.0 401.0 401.0 401.0 401.0 401.0 401.0 401.0 401.0 401.0 401.0 401.0 401.0 401.0 401.0 401.0 401.0 401.0 401.0 401.0 401.0 401.0 401.0 401.0 401.0 401.0 401.0 401.0 401.0 401.0 401.0 401.0 401.0 401.0 401.0 401.0 401.0 401.0 401.0 401.0 401.0 401.0 401.0 401.0 401.0 401.0 401.0 401.0 401.0 401.0 401.0 401.0 372.0 384.0 380.0 384.0 394.0 388.0 419.0 438.0 367.0 402.0 391.0 398.0 395.0 400.0 417.0 373.0 412.0 433.0 429.0 386.0 409.0 381.0 400.0 372.0 433.0 378.0 378.0 376.0 395.0 365.0 369.0 383.0 422.0 387.0 394.0 379.0 378.0 363.0 380.0 435.0 396.0 382.0 433.0 403.0 386.0 373.0 327.0 328.0 330.0 356.0 330.0 347.0 364.0 368.0 355.0 383.0 427.0 396.0 383.0 383.0 397.0 387.0 424.0 377.0 388.0 384.0 375.0 381.0 401.0 359.0 375.0 379.0 424.0 394.0 373.0 358.0 400.0 383.0 364.0 439.0 355.0 345.0 361.0 376.0 377.0 381.0 335.0 347.0 380.0 378.0 353.0 349.0 368.0 350.0 361.0 413.0 399.0 307.0 317.0 396.0 347.0 329.0 334.0 383.0 406.0 371.0 393.0 389.0 390.0 384.0 428.0 403.0 389.0 383.0 369.0 378.0 345.0 381.0 378.0 374.0 379.0 336.0 377.0 368.0 395.0 374.0 393.0 391.0 373.0 399.0 371.0 371.0 384.0 384.0 395.0 355.0 362.0 358.0 391.0 362.0 348.0 380.0 335.0 335.0 355.0 354.0 381.0 383.0 386.0 377.0 391.0 416.0 383.0 401.0 359.0 371.0 397.0 406.0 372.0 346.0 366.0 378.0 443.0 375.0 385.0 398.0 331.0 348.0 350.0 349.0 368.0 401.0 372.0 399.0 393.0 380.0 361.0 374.0 380.0 380.0 380.0 380.0 380.0 380.0 380.0 380.0 380.0 380.0 380.0 380.0 380.0 380.0 380.0 380.0 380.0 380.0 380.0 380.0 380.0 380.0 380.0 380.0 380.0 380.0 380.0 380.0 380.0 380.0 380.0 380.0 380.0 380.0 380.0 380.0 380.0 384.8432055749129 21.939837019212728
17 144.0 144.0 144.0 144.0 144.0 144.0 144.0 144.0 144.0 144.0 144.0 144.0 144.0 144.0 144.0 144.0 144.0 144.0 144.0 144.0 144.0 144.0 144.0 144.0 144.0 144.0 144.0 144.0 144.0 144.0 144.0 144.0 144.0 144.0 144.0 144.0 144.0 144.0 144.0 144.0 144.0 144.0 144.0 144.0 144.0 144.0 144.0 144.0 144.0 144.0 144.0 144.0 144.0 144.0 144.0 144.0 144.0 144.0 144.0 144.0 144.0 144.0 144.0 144.0 144.0 144.0 144.0 144.0 144.0 144.0 144.0 144.0 141.0 145.0 143.0 144.0 154.0 136.0 139.0 134.0 152.0 142.0 136.0 142.0 147.0 146.0 129.0 131.0 169.0 150.0 140.0 146.0 157.0 145.0 136.0 140.0 136.0 139.0 138.0 149.0 137.0 140.0 143.0 141.0 134.0 142.0 144.0 124.0 123.0 137.0 142.0 142.0 136.0 137.0 148.0 144.0 139.0 129.0 116.0 129.0 136.0 124.0 123.0 132.0 134.0 132.0 140.0 140.0 141.0 136.0 136.0 141.0 142.0 140.0 138.0 140.0 144.0 135.0 136.0 140.0 129.0 140.0 139.0 143.0 143.0 140.0 137.0 139.0 144.0 139.0 156.0 141.0 128.0 130.0 141.0 139.0 140.0 123.0 139.0 140.0 138.0 143.0 128.0 147.0 134.0 147.0 168.0 141.0 135.0 116.0 143.0 139.0 125.0 117.0 144.0 140.0 135.0 140.0 146.0 152.0 140.0 144.0 146.0 140.0 139.0 138.0 132.0 133.0 135.0 137.0 139.0 144.0 142.0 132.0 132.0 135.0 137.0 137.0 137.0 144.0 137.0 139.0 133.0 143.0 139.0 146.0 141.0 128.0 132.0 140.0 139.0 128.0 138.0 126.0 122.0 135.0 143.0 150.0 131.0 140.0 146.0 143.0 142.0 145.0 140.0 139.0 138.0 142.0 143.0 138.0 128.0 138.0 136.0 144.0 137.0 147.0 147.0 144.0 137.0 137.0 129.0 143.0 144.0 140.0 133.0 156.0 136.0 144.0 131.0 136.0 144.0 144.0 144.0 144.0 144.0 144.0 144.0 144.0 144.0 144.0 144.0 144.0 144.0 144.0 144.0 144.0 144.0 144.0 144.0 144.0 144.0 144.0 144.0 144.0 144.0 144.0 144.0 144.0 144.0 144.0 144.0 144.0 144.0 144.0 144.0 144.0 144.0 140.77700348432057 6.5733431327253244
18 492.0 492.0 492.0 492.0 492.0 492.0 492.0 492.0 492.0 492.0 492.0 492.0 492.0 492.0 492.0 492.0 492.0 492.0 492.0 492.0 492.0 492.0 492.0 492.0 492.0 492.0 492.0 492.0 492.0 492.0 492.0 492.0 492.0 492.0 492.0 492.0 492.0 492.0 492.0 492.0 492.0 492.0 492.0 492.0 492.0 492.0 492.0 492.0 492.0 492.0 492.0 492.0 492.0 492.0 492.0 492.0 492.0 492.0 492.0 492.0 492.0 492.0 492.0 492.0 492.0 492.0 492.0 492.0 492.0 492.0 492.0 492.0 500.0 496.0 500.0 504.0 491.0 487.0 504.0 516.0 506.0 498.0 481.0 505.0 494.0 474.0 450.0 463.0 483.0 501.0 498.0 492.0 500.0 478.0 491.0 481.0 484.0 503.0 509.0 516.0 516.0 496.0 490.0 474.0 467.0 485.0 463.0 471.0 485.0 488.0 472.0 471.0 484.0 497.0 504.0 476.0 453.0 422.0 434.0 444.0 440.0 436.0 492.0 480.0 485.0 476.0 488.0 485.0 490.0 484.0 495.0 493.0 491.0 485.0 495.0 493.0 478.0 465.0 484.0 473.0 483.0 506.0 491.0 498.0 487.0 483.0 490.0 500.0 491.0 488.0 469.0 452.0 453.0 501.0 489.0 494.0 437.0 441.0 490.0 483.0 470.0 452.0 463.0 462.0 451.0 492.0 493.0 496.0 501.0 497.0 500.0 499.0 448.0 426.0 454.0 498.0 506.0 518.0 499.0 493.0 499.0 498.0 496.0 495.0 471.0 468.0 486.0 493.0 482.0 486.0 447.0 455.0 483.0 468.0 500.0 489.0 461.0 469.0 500.0 505.0 496.0 481.0 477.0 501.0 504.0 485.0 477.0 464.0 488.0 474.0 454.0 475.0 444.0 432.0 487.0 480.0 493.0 481.0 480.0 496.0 496.0 497.0 510.0 505.0 478.0 476.0 496.0 496.0 492.0 455.0 465.0 489.0 496.0 496.0 497.0 513.0 501.0 456.0 452.0 455.0 459.0 509.0 486.0 481.0 492.0 496.0 488.0 445.0 484.0 491.0 470.0 470.0 470.0 470.0 470.0 470.0 470.0 470.0 470.0 470.0 470.0 470.0 470.0 470.0 470.0 470.0 470.0 470.0 470.0 470.0 470.0 470.0 470.0 470.0 470.0 470.0 470.0 470.0 470.0 470.0 470.0 470.0 470.0 470.0 470.0 470.0 470.0 483.397212543554 16.768134715980462
19 273.0 273.0 273.0 273.0 273.0 273.0 273.0 273.0 273.0 273.0 273.0 273.0 273.0 273.0 273.0 273.0 273.0 273.0 273.0 273.0 273.0 273.0 273.0 273.0 273.0 273.0 273.0 273.0 273.0 273.0 273.0 273.0 273.0 273.0 273.0 273.0 273.0 273.0 273.0 273.0 273.0 273.0 273.0 273.0 273.0 273.0 273.0 273.0 273.0 273.0 273.0 273.0 273.0 273.0 273.0 273.0 273.0 273.0 273.0 273.0 273.0 273.0 273.0 273.0 273.0 273.0 273.0 273.0 273.0 273.0 273.0 273.0 276.0 280.0 269.0 272.0 274.0 291.0 286.0 275.0 267.0 280.0 280.0 274.0 263.0 255.0 255.0 262.0 285.0 282.0 278.0 278.0 262.0 273.0 269.0 263.0 272.0 272.0 264.0 280.0 238.0 266.0 260.0 257.0 272.0 254.0 258.0 273.0 266.0 261.0 266.0 276.0 277.0 276.0 268.0 258.0 239.0 250.0 251.0 241.0 240.0 271.0 274.0 260.0 269.0 268.0 268.0 265.0 273.0 271.0 273.0 270.0 277.0 272.0 269.0 252.0 264.0 270.0 256.0 270.0 274.0 272.0 270.0 269.0 273.0 271.0 275.0 266.0 274.0 261.0 253.0 260.0 274.0 274.0 264.0 251.0 250.0 270.0 263.0 268.0 250.0 277.0 254.0 248.0 273.0 267.0 276.0 260.0 273.0 277.0 273.0 273.0 238.0 254.0 265.0 283.0 281.0 265.0 276.0 270.0 276.0 275.0 265.0 256.0 255.0 270.0 269.0 266.0 276.0 260.0 302.0 263.0 264.0 273.0 263.0 246.0 261.0 274.0 273.0 262.0 263.0 273.0 274.0 279.0 271.0 266.0 257.0 274.0 273.0 246.0 272.0 238.0 255.0 271.0 262.0 267.0 265.0 261.0 242.0 274.0 276.0 274.0 279.0 253.0 260.0 279.0 270.0 269.0 248.0 266.0 262.0 273.0 271.0 276.0 276.0 276.0 250.0 269.0 253.0 287.0 285.0 268.0 273.0 270.0 274.0 267.0 257.0 268.0 272.0 256.0 283.0 283.0 283.0 283.0 283.0 283.0 283.0 283.0 283.0 283.0 283.0 283.0 283.0 283.0 283.0 283.0 283.0 283.0 283.0 283.0 283.0 283.0 283.0 283.0 283.0 283.0 283.0 283.0 283.0 283.0 283.0 283.0 283.0 283.0 283.0 283.0 283.0 270.58188153310107 10.025461603514264
20 388.0 388.0 388.0 388.0 388.0 388.0 388.0 388.0 388.0 388.0 388.0 388.0 388.0 388.0 388.0 388.0 388.0 388.0 388.0 388.0 388.0 388.0 388.0 388.0 388.0 388.0 388.0 388.0 388.0 388.0 388.0 388.0 388.0 388.0 388.0 388.0 388.0 388.0 388.0 388.0 388.0 388.0 388.0 388.0 388.0 388.0 388.0 388.0 388.0 388.0 388.0 388.0 388.0 388.0 388.0 388.0 388.0 388.0 388.0 388.0 388.0 388.0 388.0 388.0 388.0 388.0 388.0 388.0 388.0 388.0 388.0 388.0 386.0 379.0 375.0 383.0 402.0 392.0 384.0 375.0 389.0 388.0 382.0 357.0 356.0 354.0 383.0 401.0 388.0 388.0 378.0 367.0 375.0 371.0 372.0 384.0 385.0 381.0 379.0 332.0 341.0 363.0 385.0 375.0 356.0 367.0 376.0 368.0 370.0 369.0 371.0 378.0 378.0 373.0 355.0 333.0 340.0 347.0 342.0 342.0 371.0 382.0 372.0 368.0 365.0 370.0 376.0 375.0 380.0 375.0 379.0 376.0 381.0 374.0 359.0 366.0 373.0 361.0 362.0 383.0 384.0 380.0 370.0 376.0 376.0 383.0 374.0 377.0 380.0 356.0 364.0 380.0 381.0 377.0 374.0 381.0 379.0 372.0 363.0 349.0 381.0 359.0 346.0 376.0 373.0 385.0 347.0 353.0 373.0 370.0 373.0 341.0 333.0 383.0 395.0 387.0 377.0 385.0 395.0 384.0 384.0 373.0 361.0 354.0 374.0 375.0 368.0 375.0 358.0 364.0 368.0 361.0 376.0 370.0 337.0 346.0 381.0 382.0 371.0 352.0 374.0 385.0 390.0 369.0 378.0 362.0 348.0 372.0 347.0 378.0 346.0 336.0 381.0 362.0 365.0 372.0 371.0 380.0 352.0 382.0 380.0 379.0 365.0 371.0 382.0 370.0 373.0 351.0 360.0 436.0 381.0 377.0 356.0 375.0 388.0 350.0 359.0 351.0 381.0 388.0 370.0 377.0 375.0 375.0 383.0 359.0 378.0 377.0 359.0 404.0 385.0 385.0 385.0 385.0 385.0 385.0 385.0 385.0 385.0 385.0 385.0 385.0 385.0 385.0 385.0 385.0 385.0 385.0 385.0 385.0 385.0 385.0 385.0 385.0 385.0 385.0 385.0 385.0 385.0 385.0 385.0 385.0 385.0 385.0 385.0 385.0 385.0 377.1637630662021 14.059725640655977
21 6.0 6.0 6.0 6.0 6.0 6.0 6.0 6.0 6.0 6.0 6.0 6.0 6.0 6.0 6.0 6.0 6.0 6.0 6.0 6.0 6.0 6.0 6.0 6.0 6.0 6.0 6.0 6.0 6.0 6.0 6.0 6.0 6.0 6.0 6.0 6.0 6.0 6.0 6.0 6.0 6.0 6.0 6.0 6.0 6.0 6.0 6.0 6.0 6.0 6.0 6.0 6.0 6.0 6.0 6.0 6.0 6.0 6.0 6.0 6.0 6.0 6.0 6.0 6.0 6.0 6.0 6.0 6.0 6.0 6.0 6.0 6.0 6.0 6.0 6.0 6.0 6.0 6.0 6.0 6.0 6.0 6.0 6.0 6.0 6.0 5.0 5.0 5.0 6.0 6.0 5.0 5.0 5.0 6.0 6.0 6.0 6.0 5.0 5.0 5.0 5.0 6.0 6.0 6.0 6.0 6.0 6.0 6.0 6.0 6.0 6.0 6.0 6.0 5.0 5.0 5.0 5.0 5.0 5.0 5.0 5.0 5.0 5.0 5.0 5.0 6.0 6.0 6.0 6.0 6.0 6.0 6.0 6.0 6.0 6.0 6.0 6.0 6.0 6.0 6.0 6.0 6.0 5.0 6.0 6.0 6.0 6.0 6.0 6.0 5.0 6.0 6.0 6.0 6.0 6.0 5.0 5.0 6.0 5.0 5.0 5.0 5.0 5.0 5.0 6.0 6.0 6.0 5.0 6.0 6.0 6.0 5.0 6.0 6.0 6.0 6.0 6.0 6.0 6.0 6.0 6.0 5.0 5.0 5.0 5.0 6.0 6.0 5.0 6.0 6.0 6.0 6.0 6.0 6.0 5.0 5.0 5.0 5.0 6.0 5.0 5.0 5.0 6.0 6.0 5.0 5.0 5.0 5.0 5.0 6.0 5.0 5.0 6.0 6.0 6.0 6.0 6.0 6.0 6.0 6.0 6.0 5.0 5.0 5.0 5.0 5.0 5.0 5.0 5.0 6.0 6.0 6.0 5.0 5.0 5.0 5.0 5.0 5.0 5.0 6.0 6.0 6.0 6.0 6.0 6.0 6.0 6.0 6.0 6.0 6.0 6.0 6.0 6.0 6.0 6.0 6.0 6.0 6.0 6.0 6.0 6.0 6.0 6.0 6.0 6.0 6.0 6.0 6.0 6.0 6.0 6.0 6.0 6.0 6.0 6.0 6.0 6.0 6.0 6.0 6.0 6.0 6.0 6.0 6.0 6.0 6.0 6.0 5.7630662020905925 0.4259440430030586
22 201.0 201.0 201.0 201.0 201.0 201.0 201.0 201.0 201.0 201.0 201.0 201.0 201.0 201.0 201.0 201.0 201.0 201.0 201.0 201.0 201.0 201.0 201.0 201.0 201.0 201.0 201.0 201.0 201.0 201.0 201.0 201.0 201.0 201.0 201.0 201.0 201.0 201.0 201.0 201.0 201.0 201.0 201.0 201.0 201.0 201.0 201.0 201.0 201.0 201.0 201.0 201.0 201.0 201.0 201.0 201.0 201.0 201.0 201.0 201.0 201.0 201.0 201.0 201.0 201.0 201.0 201.0 201.0 201.0 201.0 201.0 201.0 201.0 192.0 192.0 201.0 204.0 195.0 187.0 208.0 197.0 199.0 181.0 181.0 191.0 202.0 206.0 199.0 201.0 196.0 186.0 189.0 194.0 187.0 204.0 194.0 209.0 202.0 193.0 167.0 191.0 194.0 195.0 182.0 192.0 195.0 192.0 189.0 191.0 188.0 203.0 192.0 195.0 186.0 173.0 179.0 168.0 183.0 172.0 192.0 193.0 181.0 190.0 190.0 185.0 193.0 190.0 193.0 194.0 194.0 192.0 197.0 177.0 189.0 184.0 198.0 187.0 181.0 193.0 207.0 198.0 188.0 196.0 195.0 202.0 189.0 189.0 198.0 188.0 186.0 194.0 194.0 199.0 196.0 195.0 193.0 193.0 192.0 180.0 196.0 180.0 179.0 198.0 187.0 199.0 173.0 192.0 193.0 189.0 201.0 170.0 188.0 183.0 204.0 193.0 205.0 200.0 191.0 196.0 194.0 189.0 185.0 183.0 198.0 189.0 189.0 194.0 200.0 185.0 186.0 188.0 192.0 192.0 168.0 184.0 193.0 201.0 176.0 191.0 172.0 199.0 199.0 192.0 192.0 184.0 189.0 196.0 173.0 200.0 192.0 171.0 199.0 184.0 188.0 190.0 192.0 187.0 195.0 194.0 195.0 189.0 176.0 189.0 190.0 192.0 190.0 175.0 183.0 190.0 191.0 192.0 183.0 180.0 180.0 190.0 189.0 186.0 196.0 197.0 188.0 196.0 193.0 200.0 188.0 183.0 190.0 190.0 178.0 207.0 190.0 194.0 194.0 194.0 194.0 194.0 194.0 194.0 194.0 194.0 194.0 194.0 194.0 194.0 194.0 194.0 194.0 194.0 194.0 194.0 194.0 194.0 194.0 194.0 194.0 194.0 194.0 194.0 194.0 194.0 194.0 194.0 194.0 194.0 194.0 194.0 194.0 194.0 193.62717770034845 7.875141915457269
23 129.0 129.0 129.0 129.0 129.0 129.0 129.0 129.0 129.0 129.0 129.0 129.0 129.0 129.0 129.0 129.0 129.0 129.0 129.0 129.0 129.0 129.0 129.0 129.0 129.0 129.0 129.0 129.0 129.0 129.0 129.0 129.0 129.0 129.0 129.0 129.0 129.0 129.0 129.0 129.0 129.0 129.0 129.0 129.0 129.0 129.0 129.0 129.0 129.0 129.0 129.0 129.0 129.0 129.0 129.0 129.0 129.0 129.0 129.0 129.0 129.0 129.0 129.0 129.0 129.0 129.0 129.0 129.0 129.0 129.0 129.0 129.0 120.0 122.0 124.0 119.0 124.0 119.0 126.0 124.0 127.0 163.0 113.0 121.0 121.0 119.0 131.0 130.0 120.0 118.0 112.0 113.0 118.0 117.0 114.0 119.0 123.0 120.0 117.0 111.0 122.0 121.0 115.0 114.0 117.0 123.0 116.0 118.0 113.0 125.0 118.0 125.0 115.0 119.0 104.0 119.0 123.0 106.0 114.0 116.0 127.0 116.0 115.0 115.0 115.0 118.0 112.0 121.0 116.0 124.0 113.0 122.0 116.0 113.0 120.0 113.0 114.0 121.0 120.0 120.0 114.0 117.0 122.0 119.0 118.0 118.0 122.0 111.0 111.0 119.0 121.0 117.0 122.0 130.0 117.0 116.0 121.0 113.0 113.0 119.0 108.0 127.0 163.0 125.0 118.0 122.0 114.0 116.0 108.0 122.0 104.0 120.0 117.0 118.0 116.0 119.0 123.0 123.0 118.0 115.0 114.0 114.0 109.0 112.0 118.0 114.0 112.0 123.0 110.0 117.0 124.0 121.0 113.0 105.0 119.0 120.0 121.0 115.0 123.0 115.0 120.0 120.0 112.0 120.0 111.0 111.0 123.0 122.0 120.0 107.0 120.0 117.0 112.0 118.0 109.0 114.0 120.0 118.0 114.0 124.0 120.0 126.0 115.0 115.0 114.0 117.0 111.0 119.0 121.0 117.0 119.0 170.0 170.0 104.0 153.0 521.0 320.0 133.0 118.0 118.0 117.0 120.0 117.0 117.0 117.0 115.0 123.0 113.0 116.0 118.0 118.0 118.0 118.0 118.0 118.0 118.0 118.0 118.0 118.0 118.0 118.0 118.0 118.0 118.0 118.0 118.0 118.0 118.0 118.0 118.0 118.0 118.0 118.0 118.0 118.0 118.0 118.0 118.0 118.0 118.0 118.0 118.0 118.0 118.0 118.0 118.0 118.0 123.46341463414633 27.643039681716658
24 236.0 236.0 236.0 236.0 236.0 236.0 236.0 236.0 236.0 236.0 236.0 236.0 236.0 236.0 236.0 236.0 236.0 236.0 236.0 236.0 236.0 236.0 236.0 236.0 236.0 236.0 236.0 236.0 236.0 236.0 236.0 236.0 236.0 236.0 236.0 236.0 236.0 236.0 236.0 236.0 236.0 236.0 236.0 236.0 236.0 236.0 236.0 236.0 236.0 236.0 236.0 236.0 236.0 236.0 236.0 236.0 236.0 236.0 236.0 236.0 236.0 236.0 236.0 236.0 236.0 236.0 236.0 236.0 236.0 236.0 236.0 236.0 237.0 234.0 234.0 240.0 226.0 232.0 224.0 227.0 226.0 219.0 218.0 210.0 237.0 237.0 253.0 264.0 240.0 222.0 235.0 232.0 243.0 236.0 220.0 365.0 227.0 236.0 207.0 214.0 235.0 242.0 214.0 229.0 222.0 230.0 223.0 227.0 226.0 225.0 322.0 219.0 219.0 194.0 212.0 211.0 207.0 203.0 218.0 229.0 248.0 256.0 216.0 211.0 221.0 230.0 224.0 226.0 218.0 241.0 223.0 226.0 223.0 225.0 227.0 225.0 239.0 246.0 222.0 217.0 234.0 267.0 232.0 244.0 225.0 230.0 227.0 220.0 227.0 232.0 228.0 245.0 228.0 248.0 225.0 235.0 227.0 216.0 227.0 226.0 234.0 227.0 232.0 268.0 244.0 203.0 221.0 231.0 225.0 223.0 217.0 231.0 248.0 227.0 228.0 226.0 227.0 228.0 279.0 220.0 215.0 206.0 228.0 212.0 221.0 224.0 220.0 215.0 222.0 223.0 228.0 220.0 227.0 235.0 221.0 227.0 228.0 228.0 221.0 219.0 230.0 212.0 216.0 226.0 214.0 206.0 288.0 211.0 206.0 231.0 222.0 214.0 224.0 228.0 212.0 233.0 225.0 326.0 219.0 221.0 206.0 220.0 229.0 222.0 221.0 215.0 226.0 215.0 299.0 219.0 327.0 237.0 212.0 218.0 210.0 291.0 237.0 250.0 219.0 272.0 248.0 222.0 219.0 239.0 241.0 228.0 235.0 229.0 226.0 223.0 208.0 208.0 208.0 208.0 208.0 208.0 208.0 208.0 208.0 208.0 208.0 208.0 208.0 208.0 208.0 208.0 208.0 208.0 208.0 208.0 208.0 208.0 208.0 208.0 208.0 208.0 208.0 208.0 208.0 208.0 208.0 208.0 208.0 208.0 208.0 208.0 208.0 228.90243902439028 19.363947855430784
25 50.0 50.0 50.0 50.0 50.0 50.0 50.0 50.0 50.0 50.0 50.0 50.0 50.0 50.0 50.0 50.0 50.0 50.0 50.0 50.0 50.0 50.0 50.0 50.0 50.0 50.0 50.0 50.0 50.0 50.0 50.0 50.0 50.0 50.0 50.0 50.0 50.0 50.0 50.0 50.0 50.0 50.0 50.0 50.0 50.0 50.0 50.0 50.0 50.0 50.0 50.0 50.0 50.0 50.0 50.0 50.0 50.0 50.0 50.0 50.0 50.0 50.0 50.0 50.0 50.0 50.0 50.0 50.0 50.0 50.0 50.0 50.0 50.0 64.0 51.0 54.0 50.0 49.0 59.0 50.0 54.0 48.0 48.0 50.0 52.0 52.0 54.0 52.0 57.0 48.0 56.0 48.0 45.0 49.0 58.0 56.0 48.0 56.0 45.0 52.0 56.0 57.0 48.0 51.0 51.0 46.0 48.0 55.0 46.0 53.0 67.0 53.0 52.0 45.0 48.0 45.0 45.0 48.0 49.0 50.0 48.0 51.0 48.0 52.0 51.0 46.0 50.0 53.0 51.0 62.0 49.0 49.0 54.0 54.0 46.0 51.0 50.0 54.0 53.0 49.0 48.0 52.0 50.0 49.0 50.0 52.0 55.0 52.0 49.0 50.0 49.0 51.0 59.0 49.0 50.0 50.0 48.0 56.0 48.0 46.0 46.0 62.0 54.0 47.0 50.0 43.0 53.0 45.0 55.0 45.0 54.0 52.0 50.0 45.0 52.0 49.0 52.0 55.0 50.0 46.0 51.0 46.0 55.0 48.0 48.0 47.0 52.0 47.0 47.0 53.0 53.0 45.0 49.0 53.0 49.0 52.0 48.0 53.0 50.0 51.0 54.0 48.0 50.0 50.0 49.0 61.0 52.0 44.0 54.0 54.0 51.0 58.0 62.0 49.0 48.0 53.0 49.0 47.0 48.0 50.0 63.0 50.0 52.0 52.0 53.0 48.0 47.0 50.0 49.0 50.0 50.0 47.0 45.0 46.0 46.0 54.0 48.0 55.0 47.0 47.0 50.0 45.0 45.0 53.0 53.0 51.0 46.0 47.0 49.0 49.0 45.0 45.0 45.0 45.0 45.0 45.0 45.0 45.0 45.0 45.0 45.0 45.0 45.0 45.0 45.0 45.0 45.0 45.0 45.0 45.0 45.0 45.0 45.0 45.0 45.0 45.0 45.0 45.0 45.0 45.0 45.0 45.0 45.0 45.0 45.0 45.0 45.0 49.78048780487805 3.7319124307230256
26 125.0 125.0 125.0 125.0 125.0 125.0 125.0 125.0 125.0 125.0 125.0 125.0 125.0 125.0 125.0 125.0 125.0 125.0 125.0 125.0 125.0 125.0 125.0 125.0 125.0 125.0 125.0 125.0 125.0 125.0 125.0 125.0 125.0 125.0 125.0 125.0 125.0 125.0 125.0 125.0 125.0 125.0 125.0 125.0 125.0 125.0 125.0 125.0 125.0 125.0 125.0 125.0 125.0 125.0 125.0 125.0 125.0 125.0 125.0 125.0 125.0 125.0 125.0 125.0 125.0 125.0 125.0 125.0 125.0 125.0 125.0 125.0 122.0 124.0 127.0 124.0 131.0 123.0 122.0 118.0 115.0 112.0 121.0 129.0 125.0 121.0 130.0 130.0 125.0 116.0 122.0 121.0 119.0 109.0 114.0 129.0 127.0 107.0 108.0 114.0 128.0 116.0 116.0 117.0 107.0 118.0 121.0 120.0 114.0 128.0 122.0 116.0 107.0 103.0 115.0 113.0 107.0 117.0 120.0 123.0 110.0 118.0 118.0 116.0 119.0 118.0 114.0 116.0 125.0 122.0 121.0 129.0 117.0 121.0 112.0 113.0 124.0 124.0 117.0 116.0 120.0 121.0 119.0 119.0 119.0 124.0 125.0 119.0 119.0 123.0 120.0 126.0 109.0 116.0 119.0 117.0 114.0 108.0 116.0 131.0 110.0 119.0 118.0 126.0 105.0 105.0 114.0 113.0 119.0 112.0 120.0 119.0 116.0 113.0 123.0 115.0 123.0 124.0 116.0 115.0 117.0 120.0 113.0 118.0 114.0 122.0 121.0 113.0 116.0 119.0 109.0 108.0 124.0 119.0 117.0 115.0 117.0 119.0 117.0 116.0 123.0 112.0 119.0 117.0 119.0 118.0 121.0 106.0 126.0 125.0 129.0 116.0 117.0 109.0 115.0 116.0 117.0 109.0 117.0 123.0 117.0 112.0 114.0 116.0 118.0 123.0 124.0 116.0 115.0 118.0 118.0 117.0 121.0 117.0 118.0 125.0 121.0 117.0 115.0 113.0 115.0 114.0 118.0 117.0 114.0 114.0 119.0 116.0 119.0 119.0 115.0 115.0 115.0 115.0 115.0 115.0 115.0 115.0 115.0 115.0 115.0 115.0 115.0 115.0 115.0 115.0 115.0 115.0 115.0 115.0 115.0 115.0 115.0 115.0 115.0 115.0 115.0 115.0 115.0 115.0 115.0 115.0 115.0 115.0 115.0 115.0 115.0 119.35540069686412 5.529244921489526
27 209.0 209.0 209.0 209.0 209.0 209.0 209.0 209.0 209.0 209.0 209.0 209.0 209.0 209.0 209.0 209.0 209.0 209.0 209.0 209.0 209.0 209.0 209.0 209.0 209.0 209.0 209.0 209.0 209.0 209.0 209.0 209.0 209.0 209.0 209.0 209.0 209.0 209.0 209.0 209.0 209.0 209.0 209.0 209.0 209.0 209.0 209.0 209.0 209.0 209.0 209.0 209.0 209.0 209.0 209.0 209.0 209.0 209.0 209.0 209.0 209.0 209.0 209.0 209.0 209.0 209.0 209.0 209.0 209.0 209.0 209.0 209.0 209.0 216.0 218.0 211.0 212.0 198.0 204.0 206.0 186.0 177.0 213.0 220.0 207.0 208.0 211.0 209.0 205.0 218.0 204.0 185.0 210.0 199.0 228.0 212.0 219.0 182.0 200.0 191.0 210.0 194.0 207.0 196.0 194.0 214.0 214.0 209.0 219.0 219.0 202.0 211.0 179.0 187.0 191.0 185.0 193.0 208.0 200.0 204.0 204.0 196.0 196.0 211.0 196.0 204.0 207.0 216.0 212.0 207.0 202.0 198.0 204.0 203.0 200.0 208.0 205.0 180.0 179.0 209.0 209.0 214.0 211.0 195.0 211.0 216.0 200.0 208.0 200.0 208.0 208.0 198.0 198.0 200.0 207.0 200.0 202.0 213.0 207.0 199.0 205.0 200.0 199.0 216.0 173.0 202.0 186.0 200.0 202.0 189.0 212.0 205.0 193.0 213.0 208.0 206.0 208.0 204.0 198.0 206.0 207.0 209.0 196.0 197.0 190.0 215.0 200.0 187.0 199.0 203.0 183.0 208.0 207.0 202.0 204.0 194.0 201.0 200.0 197.0 211.0 194.0 193.0 203.0 210.0 202.0 208.0 181.0 187.0 251.0 217.0 197.0 229.0 260.0 196.0 201.0 204.0 204.0 187.0 197.0 217.0 195.0 194.0 198.0 196.0 196.0 191.0 198.0 191.0 203.0 197.0 197.0 206.0 185.0 203.0 204.0 211.0 195.0 197.0 201.0 196.0 191.0 198.0 201.0 207.0 198.0 183.0 201.0 198.0 198.0 183.0 201.0 201.0 201.0 201.0 201.0 201.0 201.0 201.0 201.0 201.0 201.0 201.0 201.0 201.0 201.0 201.0 201.0 201.0 201.0 201.0 201.0 201.0 201.0 201.0 201.0 201.0 201.0 201.0 201.0 201.0 201.0 201.0 201.0 201.0 201.0 201.0 201.0 203.85017421602788 9.446307135648894
28 649.0 649.0 649.0 649.0 649.0 649.0 649.0 649.0 649.0 649.0 649.0 649.0 649.0 649.0 649.0 649.0 649.0 649.0 649.0 649.0 649.0 649.0 649.0 649.0 649.0 649.0 649.0 649.0 649.0 649.0 649.0 649.0 649.0 649.0 649.0 649.0 649.0 649.0 649.0 649.0 649.0 649.0 649.0 649.0 649.0 649.0 649.0 649.0 649.0 649.0 649.0 649.0 649.0 649.0 649.0 649.0 649.0 649.0 649.0 649.0 649.0 649.0 649.0 649.0 649.0 649.0 649.0 649.0 649.0 649.0 649.0 649.0 638.0 625.0 616.0 642.0 646.0 640.0 600.0 585.0 576.0 608.0 642.0 616.0 626.0 625.0 610.0 603.0 619.0 629.0 625.0 635.0 620.0 609.0 627.0 587.0 585.0 576.0 560.0 606.0 595.0 615.0 590.0 580.0 605.0 599.0 620.0 628.0 605.0 597.0 560.0 545.0 551.0 602.0 560.0 572.0 603.0 607.0 617.0 605.0 609.0 607.0 616.0 614.0 609.0 575.0 609.0 608.0 609.0 618.0 615.0 619.0 607.0 596.0 593.0 624.0 607.0 567.0 630.0 608.0 617.0 615.0 607.0 616.0 630.0 617.0 610.0 618.0 619.0 638.0 611.0 564.0 626.0 572.0 593.0 596.0 611.0 594.0 581.0 593.0 587.0 625.0 555.0 530.0 557.0 600.0 599.0 601.0 605.0 620.0 614.0 608.0 599.0 607.0 632.0 631.0 626.0 604.0 602.0 617.0 623.0 611.0 612.0 621.0 618.0 590.0 606.0 624.0 565.0 567.0 599.0 626.0 620.0 613.0 599.0 618.0 614.0 614.0 612.0 575.0 593.0 632.0 611.0 612.0 625.0 565.0 567.0 616.0 620.0 629.0 656.0 637.0 628.0 614.0 609.0 606.0 607.0 591.0 562.0 575.0 602.0 619.0 621.0 632.0 591.0 550.0 534.0 565.0 612.0 616.0 538.0 556.0 591.0 633.0 632.0 624.0 611.0 608.0 600.0 604.0 589.0 595.0 618.0 629.0 598.0 608.0 608.0 615.0 602.0 605.0 616.0 616.0 616.0 616.0 616.0 616.0 616.0 616.0 616.0 616.0 616.0 616.0 616.0 616.0 616.0 616.0 616.0 616.0 616.0 616.0 616.0 616.0 616.0 616.0 616.0 616.0 616.0 616.0 616.0 616.0 616.0 616.0 616.0 616.0 616.0 616.0 616.0 617.1672473867596 26.21041618369502
29 16.0 16.0 16.0 16.0 16.0 16.0 16.0 16.0 16.0 16.0 16.0 16.0 16.0 16.0 16.0 16.0 16.0 16.0 16.0 16.0 16.0 16.0 16.0 16.0 16.0 16.0 16.0 16.0 16.0 16.0 16.0 16.0 16.0 16.0 16.0 16.0 16.0 16.0 16.0 16.0 16.0 16.0 16.0 16.0 16.0 16.0 16.0 16.0 16.0 16.0 16.0 16.0 16.0 16.0 16.0 16.0 16.0 16.0 16.0 16.0 16.0 16.0 16.0 16.0 16.0 16.0 16.0 16.0 16.0 16.0 16.0 16.0 16.0 16.0 16.0 16.0 16.0 15.0 15.0 15.0 15.0 15.0 16.0 17.0 15.0 15.0 15.0 16.0 16.0 16.0 16.0 16.0 16.0 16.0 16.0 14.0 15.0 13.0 13.0 15.0 15.0 16.0 15.0 15.0 15.0 15.0 15.0 15.0 14.0 14.0 14.0 15.0 15.0 15.0 14.0 14.0 14.0 14.0 13.0 13.0 16.0 16.0 16.0 16.0 16.0 16.0 15.0 15.0 15.0 16.0 16.0 15.0 14.0 15.0 14.0 14.0 14.0 16.0 14.0 14.0 15.0 15.0 15.0 14.0 14.0 15.0 15.0 15.0 15.0 15.0 15.0 16.0 16.0 13.0 13.0 14.0 14.0 14.0 14.0 15.0 15.0 17.0 13.0 15.0 15.0 16.0 16.0 15.0 15.0 15.0 16.0 16.0 16.0 16.0 15.0 16.0 16.0 15.0 15.0 15.0 16.0 16.0 16.0 14.0 14.0 15.0 15.0 15.0 14.0 16.0 16.0 16.0 17.0 17.0 16.0 16.0 15.0 15.0 14.0 15.0 15.0 15.0 14.0 14.0 15.0 16.0 16.0 16.0 16.0 25.0 25.0 25.0 13.0 13.0 16.0 16.0 19.0 14.0 14.0 14.0 15.0 16.0 13.0 13.0 13.0 14.0 14.0 14.0 14.0 14.0 13.0 13.0 13.0 13.0 13.0 13.0 13.0 13.0 15.0 15.0 15.0 15.0 15.0 13.0 13.0 13.0 13.0 14.0 15.0 15.0 15.0 15.0 15.0 15.0 15.0 15.0 15.0 15.0 15.0 15.0 15.0 15.0 15.0 15.0 15.0 15.0 15.0 15.0 15.0 15.0 15.0 15.0 15.0 15.0 15.0 15.0 15.0 15.0 15.0 15.0 15.0 15.0 15.0 15.0 15.0 15.0 15.0 15.278745644599303 1.401423288046806
30 189.0 189.0 189.0 189.0 189.0 189.0 189.0 189.0 189.0 189.0 189.0 189.0 189.0 189.0 189.0 189.0 189.0 189.0 189.0 189.0 189.0 189.0 189.0 189.0 189.0 189.0 189.0 189.0 189.0 189.0 189.0 189.0 189.0 189.0 189.0 189.0 189.0 189.0 189.0 189.0 189.0 189.0 189.0 189.0 189.0 189.0 189.0 189.0 189.0 189.0 189.0 189.0 189.0 189.0 189.0 189.0 189.0 189.0 189.0 189.0 189.0 189.0 189.0 189.0 189.0 189.0 189.0 189.0 189.0 189.0 189.0 189.0 181.0 187.0 193.0 193.0 188.0 178.0 164.0 171.0 178.0 185.0 186.0 185.0 182.0 176.0 178.0 187.0 178.0 185.0 182.0 171.0 182.0 188.0 184.0 171.0 170.0 182.0 178.0 181.0 182.0 172.0 174.0 169.0 184.0 180.0 184.0 179.0 171.0 161.0 163.0 176.0 177.0 167.0 169.0 181.0 190.0 176.0 180.0 180.0 177.0 189.0 178.0 169.0 184.0 180.0 179.0 172.0 195.0 184.0 188.0 193.0 173.0 175.0 182.0 172.0 185.0 184.0 178.0 186.0 177.0 178.0 178.0 177.0 178.0 174.0 184.0 182.0 179.0 179.0 178.0 190.0 164.0 170.0 175.0 185.0 182.0 167.0 182.0 180.0 186.0 166.0 160.0 178.0 178.0 178.0 174.0 180.0 180.0 181.0 177.0 171.0 184.0 189.0 186.0 180.0 176.0 177.0 180.0 180.0 182.0 178.0 185.0 178.0 168.0 176.0 185.0 167.0 164.0 189.0 181.0 184.0 171.0 181.0 185.0 176.0 184.0 185.0 172.0 179.0 186.0 181.0 180.0 186.0 170.0 178.0 185.0 184.0 179.0 192.0 184.0 186.0 171.0 179.0 183.0 180.0 169.0 166.0 174.0 175.0 188.0 186.0 175.0 217.0 175.0 169.0 180.0 181.0 175.0 177.0 167.0 186.0 185.0 181.0 190.0 182.0 183.0 178.0 155.0 178.0 180.0 189.0 184.0 175.0 179.0 184.0 184.0 177.0 173.0 181.0 192.0 192.0 192.0 192.0 192.0 192.0 192.0 192.0 192.0 192.0 192.0 192.0 192.0 192.0 192.0 192.0 192.0 192.0 192.0 192.0 192.0 192.0 192.0 192.0 192.0 192.0 192.0 192.0 192.0 192.0 192.0 192.0 192.0 192.0 192.0 192.0 192.0 183.29616724738676 7.98333618152932
31 334.0 334.0 334.0 334.0 334.0 334.0 334.0 334.0 334.0 334.0 334.0 334.0 334.0 334.0 334.0 334.0 334.0 334.0 334.0 334.0 334.0 334.0 334.0 334.0 334.0 334.0 334.0 334.0 334.0 334.0 334.0 334.0 334.0 334.0 334.0 334.0 334.0 334.0 334.0 334.0 334.0 334.0 334.0 334.0 334.0 334.0 334.0 334.0 334.0 334.0 334.0 334.0 334.0 334.0 334.0 334.0 334.0 334.0 334.0 334.0 334.0 334.0 334.0 334.0 334.0 334.0 334.0 334.0 334.0 334.0 334.0 334.0 356.0 345.0 352.0 345.0 347.0 316.0 327.0 328.0 354.0 347.0 336.0 335.0 344.0 335.0 351.0 340.0 345.0 347.0 336.0 337.0 334.0 338.0 333.0 336.0 339.0 334.0 337.0 350.0 330.0 324.0 331.0 335.0 334.0 347.0 333.0 318.0 316.0 303.0 326.0 332.0 306.0 301.0 340.0 335.0 324.0 331.0 330.0 333.0 356.0 356.0 307.0 370.0 342.0 334.0 329.0 349.0 343.0 342.0 340.0 328.0 334.0 349.0 302.0 316.0 340.0 336.0 362.0 340.0 329.0 349.0 343.0 341.0 332.0 344.0 337.0 339.0 336.0 342.0 338.0 355.0 314.0 476.0 531.0 344.0 317.0 335.0 337.0 342.0 351.0 301.0 335.0 342.0 335.0 336.0 332.0 357.0 354.0 340.0 332.0 344.0 341.0 346.0 335.0 339.0 348.0 331.0 344.0 349.0 334.0 333.0 338.0 319.0 335.0 345.0 310.0 309.0 340.0 338.0 346.0 332.0 343.0 332.0 336.0 345.0 342.0 324.0 339.0 327.0 340.0 334.0 343.0 323.0 328.0 343.0 346.0 333.0 312.0 321.0 337.0 339.0 340.0 333.0 343.0 320.0 311.0 306.0 333.0 355.0 337.0 327.0 370.0 343.0 299.0 298.0 342.0 338.0 336.0 330.0 344.0 355.0 339.0 352.0 347.0 339.0 332.0 321.0 329.0 334.0 355.0 340.0 331.0 323.0 340.0 344.0 332.0 333.0 331.0 357.0 349.0 349.0 349.0 349.0 349.0 349.0 349.0 349.0 349.0 349.0 349.0 349.0 349.0 349.0 349.0 349.0 349.0 349.0 349.0 349.0 349.0 349.0 349.0 349.0 349.0 349.0 349.0 349.0 349.0 349.0 349.0 349.0 349.0 349.0 349.0 349.0 349.0 338.21254355400697 17.99514647494053
32 562.0 562.0 562.0 562.0 562.0 562.0 562.0 562.0 562.0 562.0 562.0 562.0 562.0 562.0 562.0 562.0 562.0 562.0 562.0 562.0 562.0 562.0 562.0 562.0 562.0 562.0 562.0 562.0 562.0 562.0 562.0 562.0 562.0 562.0 562.0 562.0 562.0 562.0 562.0 562.0 562.0 562.0 562.0 562.0 562.0 562.0 562.0 562.0 562.0 562.0 562.0 562.0 562.0 562.0 562.0 562.0 562.0 562.0 562.0 562.0 562.0 562.0 562.0 562.0 562.0 562.0 562.0 562.0 562.0 562.0 562.0 562.0 585.0 581.0 587.0 544.0 535.0 540.0 584.0 572.0 564.0 559.0 560.0 552.0 567.0 582.0 564.0 575.0 559.0 557.0 559.0 562.0 563.0 525.0 547.0 563.0 552.0 565.0 568.0 550.0 540.0 560.0 555.0 553.0 559.0 569.0 523.0 505.0 511.0 542.0 522.0 518.0 522.0 566.0 550.0 558.0 556.0 561.0 568.0 567.0 545.0 563.0 528.0 559.0 562.0 553.0 569.0 549.0 552.0 550.0 548.0 581.0 524.0 505.0 531.0 572.0 574.0 556.0 547.0 546.0 564.0 570.0 553.0 562.0 570.0 577.0 560.0 549.0 551.0 559.0 552.0 575.0 562.0 588.0 552.0 520.0 549.0 573.0 582.0 518.0 492.0 560.0 571.0 552.0 547.0 570.0 583.0 568.0 556.0 582.0 580.0 585.0 565.0 559.0 566.0 555.0 572.0 558.0 551.0 546.0 549.0 574.0 546.0 549.0 562.0 506.0 521.0 556.0 554.0 561.0 559.0 551.0 559.0 574.0 543.0 541.0 527.0 538.0 536.0 547.0 558.0 527.0 521.0 529.0 574.0 563.0 553.0 545.0 563.0 562.0 566.0 562.0 508.0 509.0 563.0 535.0 540.0 556.0 564.0 549.0 544.0 542.0 497.0 487.0 503.0 537.0 545.0 551.0 548.0 575.0 566.0 575.0 570.0 560.0 559.0 545.0 546.0 539.0 543.0 574.0 558.0 549.0 540.0 567.0 561.0 551.0 556.0 583.0 580.0 586.0 566.0 566.0 566.0 566.0 566.0 566.0 566.0 566.0 566.0 566.0 566.0 566.0 566.0 566.0 566.0 566.0 566.0 566.0 566.0 566.0 566.0 566.0 566.0 566.0 566.0 566.0 566.0 566.0 566.0 566.0 566.0 566.0 566.0 566.0 566.0 566.0 566.0 557.0975609756098 16.44180969110371
33 202.0 202.0 202.0 202.0 202.0 202.0 202.0 202.0 202.0 202.0 202.0 202.0 202.0 202.0 202.0 202.0 202.0 202.0 202.0 202.0 202.0 202.0 202.0 202.0 202.0 202.0 202.0 202.0 202.0 202.0 202.0 202.0 202.0 202.0 202.0 202.0 202.0 202.0 202.0 202.0 202.0 202.0 202.0 202.0 202.0 202.0 202.0 202.0 202.0 202.0 202.0 202.0 202.0 202.0 202.0 202.0 202.0 202.0 202.0 202.0 202.0 202.0 202.0 202.0 202.0 202.0 202.0 202.0 202.0 202.0 202.0 202.0 202.0 191.0 245.0 178.0 182.0 194.0 190.0 186.0 187.0 190.0 180.0 203.0 207.0 190.0 184.0 184.0 190.0 190.0 188.0 182.0 189.0 196.0 189.0 199.0 196.0 193.0 191.0 192.0 196.0 189.0 188.0 194.0 193.0 176.0 169.0 186.0 184.0 190.0 175.0 187.0 189.0 190.0 188.0 193.0 191.0 193.0 195.0 181.0 190.0 190.0 197.0 187.0 185.0 189.0 191.0 183.0 187.0 190.0 195.0 185.0 173.0 196.0 195.0 203.0 196.0 189.0 191.0 198.0 214.0 188.0 193.0 195.0 190.0 190.0 189.0 190.0 191.0 233.0 166.0 196.0 200.0 190.0 199.0 194.0 187.0 192.0 166.0 169.0 192.0 184.0 191.0 187.0 207.0 199.0 206.0 208.0 193.0 188.0 198.0 192.0 193.0 191.0 193.0 188.0 193.0 184.0 196.0 190.0 192.0 189.0 183.0 194.0 173.0 193.0 190.0 194.0 189.0 192.0 187.0 197.0 193.0 184.0 189.0 183.0 190.0 201.0 192.0 202.0 191.0 174.0 195.0 196.0 194.0 187.0 196.0 189.0 176.0 197.0 190.0 179.0 168.0 190.0 181.0 184.0 195.0 196.0 190.0 184.0 192.0 186.0 166.0 191.0 182.0 192.0 173.0 193.0 199.0 188.0 208.0 195.0 191.0 184.0 183.0 193.0 190.0 204.0 194.0 193.0 184.0 192.0 204.0 200.0 184.0 178.0 200.0 208.0 199.0 216.0 204.0 204.0 204.0 204.0 204.0 204.0 204.0 204.0 204.0 204.0 204.0 204.0 204.0 204.0 204.0 204.0 204.0 204.0 204.0 204.0 204.0 204.0 204.0 204.0 204.0 204.0 204.0 204.0 204.0 204.0 204.0 204.0 204.0 204.0 204.0 204.0 204.0 195.34146341463415 9.681020395231466
34 142.0 142.0 142.0 142.0 142.0 142.0 142.0 142.0 142.0 142.0 142.0 142.0 142.0 142.0 142.0 142.0 142.0 142.0 142.0 142.0 142.0 142.0 142.0 142.0 142.0 142.0 142.0 142.0 142.0 142.0 142.0 142.0 142.0 142.0 142.0 142.0 142.0 142.0 142.0 142.0 142.0 142.0 142.0 142.0 142.0 142.0 142.0 142.0 142.0 142.0 142.0 142.0 142.0 142.0 142.0 142.0 142.0 142.0 142.0 142.0 142.0 142.0 142.0 142.0 142.0 142.0 142.0 142.0 142.0 142.0 142.0 142.0 146.0 134.0 131.0 121.0 133.0 133.0 140.0 133.0 133.0 134.0 137.0 139.0 144.0 135.0 128.0 138.0 139.0 140.0 132.0 134.0 128.0 133.0 133.0 137.0 133.0 133.0 131.0 137.0 140.0 134.0 138.0 140.0 129.0 131.0 121.0 135.0 132.0 121.0 132.0 136.0 131.0 133.0 136.0 137.0 143.0 144.0 127.0 132.0 135.0 135.0 138.0 133.0 133.0 132.0 129.0 135.0 133.0 140.0 137.0 123.0 140.0 139.0 135.0 139.0 132.0 132.0 138.0 139.0 137.0 133.0 138.0 135.0 131.0 135.0 133.0 135.0 136.0 127.0 135.0 141.0 142.0 131.0 138.0 129.0 137.0 136.0 122.0 136.0 132.0 126.0 136.0 139.0 139.0 145.0 140.0 135.0 141.0 138.0 136.0 135.0 140.0 138.0 137.0 141.0 135.0 140.0 137.0 139.0 139.0 135.0 136.0 139.0 123.0 132.0 138.0 132.0 136.0 135.0 135.0 141.0 136.0 130.0 129.0 127.0 137.0 137.0 136.0 137.0 122.0 128.0 138.0 139.0 136.0 136.0 138.0 120.0 142.0 136.0 134.0 120.0 132.0 139.0 133.0 139.0 133.0 135.0 136.0 137.0 125.0 118.0 120.0 134.0 139.0 132.0 127.0 143.0 139.0 137.0 143.0 138.0 134.0 131.0 133.0 138.0 136.0 143.0 139.0 134.0 138.0 143.0 142.0 132.0 134.0 140.0 140.0 140.0 143.0 117.0 143.0 143.0 143.0 143.0 143.0 143.0 143.0 143.0 143.0 143.0 143.0 143.0 143.0 143.0 143.0 143.0 143.0 143.0 143.0 143.0 143.0 143.0 143.0 143.0 143.0 143.0 143.0 143.0 143.0 143.0 143.0 143.0 143.0 143.0 143.0 143.0 143.0 137.6445993031359 5.69067115663931
35 5.0 5.0 5.0 5.0 5.0 5.0 5.0 5.0 5.0 5.0 5.0 5.0 5.0 5.0 5.0 5.0 5.0 5.0 5.0 5.0 5.0 5.0 5.0 5.0 5.0 5.0 5.0 5.0 5.0 5.0 5.0 5.0 5.0 5.0 5.0 5.0 5.0 5.0 5.0 5.0 5.0 5.0 5.0 5.0 5.0 5.0 5.0 5.0 5.0 5.0 5.0 5.0 5.0 5.0 5.0 5.0 5.0 5.0 5.0 5.0 5.0 5.0 5.0 5.0 5.0 5.0 5.0 5.0 5.0 5.0 5.0 5.0 5.0 5.0 5.0 5.0 5.0 5.0 5.0 5.0 5.0 5.0 5.0 5.0 5.0 5.0 5.0 5.0 5.0 5.0 5.0 5.0 5.0 5.0 5.0 5.0 5.0 5.0 5.0 6.0 6.0 6.0 5.0 5.0 5.0 5.0 5.0 5.0 5.0 5.0 5.0 5.0 5.0 5.0 5.0 5.0 5.0 5.0 5.0 5.0 6.0 6.0 5.0 5.0 5.0 5.0 5.0 5.0 5.0 5.0 5.0 5.0 5.0 6.0 5.0 5.0 5.0 5.0 5.0 5.0 6.0 5.0 5.0 5.0 5.0 5.0 5.0 5.0 5.0 5.0 5.0 5.0 5.0 5.0 5.0 5.0 5.0 5.0 4.0 4.0 4.0 4.0 6.0 6.0 7.0 7.0 7.0 7.0 7.0 4.0 5.0 5.0 5.0 5.0 5.0 5.0 5.0 6.0 6.0 5.0 6.0 5.0 5.0 5.0 5.0 5.0 5.0 5.0 5.0 5.0 6.0 6.0 5.0 5.0 5.0 5.0 5.0 5.0 6.0 5.0 5.0 5.0 5.0 5.0 5.0 5.0 5.0 4.0 4.0 5.0 6.0 4.0 4.0 4.0 5.0 5.0 5.0 5.0 5.0 5.0 5.0 5.0 5.0 5.0 5.0 5.0 5.0 5.0 5.0 5.0 5.0 5.0 5.0 5.0 5.0 5.0 5.0 5.0 5.0 5.0 5.0 5.0 5.0 5.0 5.0 5.0 5.0 5.0 5.0 5.0 5.0 5.0 5.0 5.0 5.0 5.0 5.0 5.0 5.0 5.0 5.0 5.0 5.0 5.0 5.0 5.0 5.0 5.0 5.0 5.0 5.0 5.0 5.0 5.0 5.0 5.0 5.0 5.0 5.0 5.0 5.0 5.0 5.0 5.0 5.0 5.0 5.0 5.055749128919861 0.3971401874049452
36 58.0 58.0 58.0 58.0 58.0 58.0 58.0 58.0 58.0 58.0 58.0 58.0 58.0 58.0 58.0 58.0 58.0 58.0 58.0 58.0 58.0 58.0 58.0 58.0 58.0 58.0 58.0 58.0 58.0 58.0 58.0 58.0 58.0 58.0 58.0 58.0 58.0 58.0 58.0 58.0 58.0 58.0 58.0 58.0 58.0 58.0 58.0 58.0 58.0 58.0 58.0 58.0 58.0 58.0 58.0 58.0 58.0 58.0 58.0 58.0 58.0 58.0 58.0 58.0 58.0 58.0 58.0 58.0 58.0 58.0 58.0 58.0 45.0 45.0 41.0 41.0 48.0 46.0 44.0 43.0 46.0 85.0 43.0 50.0 43.0 46.0 43.0 44.0 43.0 43.0 43.0 41.0 53.0 53.0 46.0 47.0 44.0 58.0 45.0 41.0 45.0 46.0 46.0 46.0 41.0 51.0 40.0 43.0 47.0 38.0 45.0 43.0 44.0 45.0 45.0 45.0 49.0 46.0 43.0 49.0 48.0 44.0 44.0 54.0 42.0 43.0 45.0 47.0 46.0 52.0 42.0 40.0 53.0 44.0 44.0 51.0 46.0 42.0 57.0 51.0 58.0 44.0 49.0 46.0 44.0 46.0 56.0 50.0 45.0 50.0 49.0 44.0 49.0 43.0 47.0 47.0 47.0 47.0 39.0 45.0 44.0 45.0 46.0 44.0 58.0 48.0 47.0 48.0 48.0 47.0 48.0 51.0 46.0 44.0 44.0 45.0 47.0 55.0 52.0 46.0 46.0 56.0 45.0 40.0 43.0 50.0 47.0 45.0 50.0 47.0 54.0 69.0 44.0 46.0 44.0 44.0 46.0 47.0 48.0 56.0 39.0 46.0 48.0 48.0 43.0 50.0 48.0 42.0 49.0 47.0 52.0 39.0 45.0 44.0 45.0 47.0 51.0 48.0 46.0 46.0 44.0 38.0 49.0 49.0 50.0 49.0 45.0 49.0 42.0 44.0 54.0 51.0 42.0 50.0 46.0 45.0 46.0 49.0 59.0 43.0 45.0 45.0 45.0 43.0 41.0 47.0 56.0 48.0 48.0 39.0 44.0 44.0 44.0 44.0 44.0 44.0 44.0 44.0 44.0 44.0 44.0 44.0 44.0 44.0 44.0 44.0 44.0 44.0 44.0 44.0 44.0 44.0 44.0 44.0 44.0 44.0 44.0 44.0 44.0 44.0 44.0 44.0 44.0 44.0 44.0 44.0 44.0 49.250871080139355 6.625849274560621
37 559.0 559.0 559.0 559.0 559.0 559.0 559.0 559.0 559.0 559.0 559.0 559.0 559.0 559.0 559.0 559.0 559.0 559.0 559.0 559.0 559.0 559.0 559.0 559.0 559.0 559.0 559.0 559.0 559.0 559.0 559.0 559.0 559.0 559.0 559.0 559.0 559.0 559.0 559.0 559.0 559.0 559.0 559.0 559.0 559.0 559.0 559.0 559.0 559.0 559.0 559.0 559.0 559.0 559.0 559.0 559.0 559.0 559.0 559.0 559.0 559.0 559.0 559.0 559.0 559.0 559.0 559.0 559.0 559.0 559.0 559.0 559.0 553.0 525.0 543.0 580.0 599.0 545.0 533.0 546.0 550.0 553.0 528.0 545.0 524.0 536.0 568.0 568.0 565.0 556.0 539.0 535.0 530.0 551.0 561.0 548.0 536.0 532.0 568.0 549.0 548.0 562.0 575.0 525.0 504.0 547.0 542.0 564.0 491.0 500.0 538.0 541.0 543.0 554.0 566.0 569.0 571.0 564.0 569.0 546.0 554.0 622.0 553.0 551.0 540.0 555.0 543.0 544.0 563.0 517.0 503.0 533.0 573.0 563.0 566.0 557.0 554.0 541.0 560.0 548.0 547.0 554.0 540.0 549.0 548.0 543.0 557.0 534.0 535.0 555.0 563.0 562.0 547.0 553.0 524.0 550.0 550.0 498.0 508.0 540.0 543.0 549.0 541.0 555.0 563.0 562.0 592.0 564.0 550.0 551.0 549.0 558.0 545.0 538.0 557.0 549.0 535.0 549.0 507.0 533.0 542.0 557.0 504.0 498.0 550.0 549.0 537.0 546.0 552.0 549.0 553.0 547.0 536.0 524.0 524.0 547.0 552.0 554.0 528.0 497.0 504.0 564.0 556.0 566.0 585.0 547.0 526.0 516.0 546.0 504.0 497.0 502.0 545.0 544.0 557.0 552.0 542.0 549.0 539.0 528.0 565.0 532.0 568.0 547.0 540.0 553.0 572.0 559.0 560.0 577.0 548.0 557.0 535.0 558.0 551.0 549.0 569.0 559.0 540.0 546.0 563.0 552.0 537.0 543.0 562.0 577.0 573.0 560.0 490.0 480.0 565.0 565.0 565.0 565.0 565.0 565.0 565.0 565.0 565.0 565.0 565.0 565.0 565.0 565.0 565.0 565.0 565.0 565.0 565.0 565.0 565.0 565.0 565.0 565.0 565.0 565.0 565.0 565.0 565.0 565.0 565.0 565.0 565.0 565.0 565.0 565.0 565.0 551.7839721254355 17.966227667894138
38 166.0 166.0 166.0 166.0 166.0 166.0 166.0 166.0 166.0 166.0 166.0 166.0 166.0 166.0 166.0 166.0 166.0 166.0 166.0 166.0 166.0 166.0 166.0 166.0 166.0 166.0 166.0 166.0 166.0 166.0 166.0 166.0 166.0 166.0 166.0 166.0 166.0 166.0 166.0 166.0 166.0 166.0 166.0 166.0 166.0 166.0 166.0 166.0 166.0 166.0 166.0 166.0 166.0 166.0 166.0 166.0 166.0 166.0 166.0 166.0 166.0 166.0 166.0 166.0 166.0 166.0 166.0 166.0 166.0 166.0 166.0 166.0 158.0 150.0 177.0 168.0 186.0 155.0 170.0 171.0 171.0 152.0 166.0 167.0 160.0 181.0 191.0 178.0 164.0 173.0 168.0 152.0 161.0 168.0 170.0 170.0 158.0 166.0 166.0 165.0 170.0 165.0 164.0 166.0 174.0 164.0 161.0 160.0 159.0 173.0 169.0 164.0 181.0 172.0 178.0 171.0 176.0 165.0 172.0 166.0 169.0 194.0 168.0 158.0 156.0 163.0 164.0 177.0 160.0 151.0 171.0 172.0 163.0 160.0 162.0 157.0 179.0 190.0 162.0 167.0 163.0 165.0 163.0 164.0 165.0 164.0 145.0 160.0 168.0 180.0 175.0 164.0 165.0 152.0 167.0 163.0 146.0 161.0 155.0 162.0 167.0 160.0 170.0 165.0 167.0 159.0 188.0 162.0 160.0 164.0 159.0 164.0 167.0 177.0 164.0 161.0 166.0 160.0 169.0 162.0 160.0 158.0 153.0 165.0 181.0 165.0 161.0 166.0 156.0 165.0 159.0 162.0 158.0 162.0 169.0 177.0 167.0 164.0 151.0 165.0 163.0 162.0 170.0 181.0 174.0 146.0 165.0 161.0 162.0 145.0 159.0 156.0 159.0 164.0 164.0 155.0 156.0 165.0 169.0 168.0 162.0 147.0 161.0 168.0 169.0 172.0 160.0 172.0 170.0 165.0 164.0 158.0 163.0 163.0 165.0 166.0 179.0 160.0 165.0 167.0 163.0 162.0 157.0 171.0 173.0 184.0 169.0 171.0 157.0 171.0 168.0 168.0 168.0 168.0 168.0 168.0 168.0 168.0 168.0 168.0 168.0 168.0 168.0 168.0 168.0 168.0 168.0 168.0 168.0 168.0 168.0 168.0 168.0 168.0 168.0 168.0 168.0 168.0 168.0 168.0 168.0 168.0 168.0 168.0 168.0 168.0 168.0 165.86411149825784 6.652645603516401
39 370.0 370.0 370.0 370.0 370.0 370.0 370.0 370.0 370.0 370.0 370.0 370.0 370.0 370.0 370.0 370.0 370.0 370.0 370.0 370.0 370.0 370.0 370.0 370.0 370.0 370.0 370.0 370.0 370.0 370.0 370.0 370.0 370.0 370.0 370.0 370.0 370.0 370.0 370.0 370.0 370.0 370.0 370.0 370.0 370.0 370.0 370.0 370.0 370.0 370.0 370.0 370.0 370.0 370.0 370.0 370.0 370.0 370.0 370.0 370.0 370.0 370.0 370.0 370.0 370.0 370.0 370.0 370.0 370.0 370.0 370.0 370.0 359.0 393.0 399.0 396.0 367.0 392.0 394.0 391.0 368.0 377.0 366.0 362.0 449.0 439.0 386.0 397.0 379.0 405.0 416.0 406.0 387.0 410.0 391.0 371.0 400.0 391.0 388.0 409.0 398.0 389.0 375.0 378.0 355.0 382.0 394.0 386.0 402.0 349.0 384.0 398.0 401.0 408.0 409.0 382.0 379.0 397.0 414.0 391.0 387.0 403.0 384.0 380.0 384.0 402.0 406.0 380.0 353.0 395.0 402.0 399.0 358.0 401.0 387.0 397.0 400.0 395.0 396.0 387.0 384.0 387.0 389.0 383.0 385.0 372.0 382.0 406.0 396.0 388.0 391.0 392.0 367.0 388.0 397.0 345.0 358.0 364.0 388.0 391.0 392.0 396.0 403.0 400.0 390.0 403.0 395.0 413.0 384.0 385.0 389.0 389.0 396.0 392.0 387.0 393.0 355.0 365.0 377.0 391.0 374.0 370.0 385.0 384.0 388.0 388.0 380.0 356.0 399.0 380.0 372.0 377.0 387.0 393.0 379.0 397.0 384.0 360.0 369.0 391.0 390.0 387.0 411.0 405.0 362.0 356.0 383.0 380.0 346.0 358.0 367.0 383.0 398.0 378.0 381.0 365.0 394.0 387.0 395.0 389.0 376.0 384.0 384.0 405.0 405.0 392.0 392.0 392.0 403.0 385.0 378.0 391.0 372.0 389.0 402.0 384.0 389.0 391.0 398.0 399.0 382.0 379.0 400.0 406.0 380.0 394.0 383.0 402.0 411.0 403.0 406.0 406.0 406.0 406.0 406.0 406.0 406.0 406.0 406.0 406.0 406.0 406.0 406.0 406.0 406.0 406.0 406.0 406.0 406.0 406.0 406.0 406.0 406.0 406.0 406.0 406.0 406.0 406.0 406.0 406.0 406.0 406.0 406.0 406.0 406.0 406.0 406.0 385.5191637630662 16.378781749750353
40 115.0 115.0 115.0 115.0 115.0 115.0 115.0 115.0 115.0 115.0 115.0 115.0 115.0 115.0 115.0 115.0 115.0 115.0 115.0 115.0 115.0 115.0 115.0 115.0 115.0 115.0 115.0 115.0 115.0 115.0 115.0 115.0 115.0 115.0 115.0 115.0 115.0 115.0 115.0 115.0 115.0 115.0 115.0 115.0 115.0 115.0 115.0 115.0 115.0 115.0 115.0 115.0 115.0 115.0 115.0 115.0 115.0 115.0 115.0 115.0 115.0 115.0 115.0 115.0 115.0 115.0 115.0 115.0 115.0 115.0 115.0 115.0 123.0 125.0 122.0 113.0 120.0 114.0 119.0 114.0 116.0 121.0 109.0 123.0 122.0 135.0 123.0 120.0 120.0 117.0 124.0 120.0 118.0 123.0 95.0 117.0 121.0 118.0 119.0 123.0 119.0 116.0 116.0 108.0 119.0 122.0 117.0 120.0 118.0 116.0 120.0 121.0 122.0 120.0 115.0 114.0 122.0 122.0 116.0 115.0 122.0 119.0 117.0 121.0 118.0 118.0 116.0 106.0 115.0 122.0 121.0 109.0 123.0 118.0 124.0 120.0 119.0 117.0 113.0 116.0 119.0 121.0 115.0 120.0 106.0 115.0 123.0 127.0 119.0 118.0 120.0 113.0 117.0 120.0 109.0 116.0 112.0 119.0 118.0 120.0 122.0 118.0 123.0 123.0 122.0 121.0 123.0 121.0 116.0 121.0 119.0 121.0 124.0 117.0 118.0 120.0 122.0 123.0 114.0 126.0 111.0 119.0 122.0 117.0 120.0 112.0 113.0 120.0 124.0 112.0 118.0 114.0 120.0 116.0 120.0 117.0 109.0 107.0 119.0 118.0 122.0 120.0 122.0 115.0 110.0 114.0 117.0 108.0 117.0 119.0 114.0 129.0 116.0 123.0 113.0 125.0 116.0 121.0 120.0 118.0 117.0 118.0 122.0 124.0 116.0 116.0 120.0 121.0 109.0 117.0 125.0 124.0 118.0 118.0 123.0 116.0 116.0 123.0 123.0 119.0 116.0 119.0 119.0 131.0 121.0 124.0 125.0 128.0 117.0 122.0 123.0 123.0 123.0 123.0 123.0 123.0 123.0 123.0 123.0 123.0 123.0 123.0 123.0 123.0 123.0 123.0 123.0 123.0 123.0 123.0 123.0 123.0 123.0 123.0 123.0 123.0 123.0 123.0 123.0 123.0 123.0 123.0 123.0 123.0 123.0 123.0 123.0 118.22996515679442 4.507500470137772
41 78.0 78.0 78.0 78.0 78.0 78.0 78.0 78.0 78.0 78.0 78.0 78.0 78.0 78.0 78.0 78.0 78.0 78.0 78.0 78.0 78.0 78.0 78.0 78.0 78.0 78.0 78.0 78.0 78.0 78.0 78.0 78.0 78.0 78.0 78.0 78.0 78.0 78.0 78.0 78.0 78.0 78.0 78.0 78.0 78.0 78.0 78.0 78.0 78.0 78.0 78.0 78.0 78.0 78.0 78.0 78.0 78.0 78.0 78.0 78.0 78.0 78.0 78.0 78.0 78.0 78.0 78.0 78.0 78.0 78.0 78.0 78.0 91.0 86.0 87.0 78.0 86.0 80.0 81.0 79.0 81.0 103.0 80.0 81.0 91.0 89.0 83.0 89.0 87.0 83.0 89.0 86.0 84.0 71.0 82.0 76.0 91.0 93.0 88.0 90.0 83.0 88.0 87.0 76.0 81.0 81.0 88.0 96.0 82.0 87.0 86.0 82.0 91.0 101.0 79.0 79.0 87.0 85.0 103.0 83.0 86.0 85.0 86.0 83.0 85.0 82.0 82.0 82.0 87.0 91.0 93.0 79.0 89.0 87.0 87.0 89.0 87.0 76.0 82.0 80.0 89.0 87.0 85.0 88.0 83.0 87.0 89.0 83.0 87.0 90.0 99.0 84.0 89.0 89.0 75.0 82.0 82.0 96.0 86.0 87.0 88.0 87.0 89.0 89.0 91.0 94.0 107.0 92.0 87.0 87.0 88.0 82.0 83.0 85.0 86.0 88.0 83.0 87.0 82.0 85.0 76.0 91.0 99.0 93.0 85.0 80.0 83.0 85.0 84.0 83.0 86.0 84.0 91.0 89.0 87.0 90.0 77.0 79.0 86.0 90.0 98.0 84.0 88.0 78.0 80.0 80.0 82.0 79.0 81.0 84.0 83.0 85.0 89.0 87.0 82.0 86.0 84.0 92.0 83.0 81.0 87.0 84.0 92.0 95.0 81.0 87.0 86.0 84.0 81.0 93.0 99.0 95.0 91.0 91.0 86.0 84.0 99.0 86.0 79.0 81.0 89.0 92.0 89.0 111.0 91.0 97.0 91.0 101.0 84.0 85.0 96.0 96.0 96.0 96.0 96.0 96.0 96.0 96.0 96.0 96.0 96.0 96.0 96.0 96.0 96.0 96.0 96.0 96.0 96.0 96.0 96.0 96.0 96.0 96.0 96.0 96.0 96.0 96.0 96.0 96.0 96.0 96.0 96.0 96.0 96.0 96.0 96.0 85.60278745644601 7.1835860325352145
42 671.0 671.0 671.0 671.0 671.0 671.0 671.0 671.0 671.0 671.0 671.0 671.0 671.0 671.0 671.0 671.0 671.0 671.0 671.0 671.0 671.0 671.0 671.0 671.0 671.0 671.0 671.0 671.0 671.0 671.0 671.0 671.0 671.0 671.0 671.0 671.0 671.0 671.0 671.0 671.0 671.0 671.0 671.0 671.0 671.0 671.0 671.0 671.0 671.0 671.0 671.0 671.0 671.0 671.0 671.0 671.0 671.0 671.0 671.0 671.0 671.0 671.0 671.0 671.0 671.0 671.0 671.0 671.0 671.0 671.0 671.0 671.0 691.0 633.0 637.0 647.0 619.0 657.0 720.0 670.0 637.0 625.0 639.0 625.0 698.0 647.0 645.0 685.0 689.0 668.0 644.0 638.0 642.0 634.0 654.0 656.0 641.0 644.0 656.0 629.0 654.0 615.0 593.0 601.0 634.0 648.0 666.0 639.0 661.0 654.0 681.0 647.0 664.0 634.0 644.0 666.0 675.0 656.0 668.0 663.0 640.0 638.0 616.0 634.0 659.0 632.0 634.0 691.0 659.0 643.0 667.0 681.0 654.0 671.0 712.0 659.0 688.0 616.0 644.0 662.0 659.0 649.0 650.0 647.0 669.0 679.0 674.0 656.0 650.0 638.0 612.0 618.0 599.0 586.0 598.0 680.0 659.0 677.0 693.0 655.0 660.0 645.0 672.0 660.0 667.0 703.0 645.0 646.0 644.0 650.0 658.0 651.0 636.0 647.0 661.0 648.0 636.0 671.0 617.0 588.0 682.0 667.0 655.0 664.0 632.0 617.0 647.0 643.0 633.0 651.0 674.0 689.0 678.0 668.0 613.0 607.0 618.0 663.0 655.0 663.0 675.0 638.0 612.0 611.0 638.0 640.0 653.0 657.0 652.0 670.0 655.0 646.0 648.0 641.0 649.0 644.0 650.0 654.0 669.0 654.0 704.0 678.0 672.0 663.0 652.0 655.0 642.0 627.0 659.0 657.0 655.0 653.0 647.0 643.0 649.0 657.0 656.0 671.0 646.0 652.0 674.0 700.0 705.0 659.0 660.0 696.0 688.0 671.0 683.0 682.0 657.0 657.0 657.0 657.0 657.0 657.0 657.0 657.0 657.0 657.0 657.0 657.0 657.0 657.0 657.0 657.0 657.0 657.0 657.0 657.0 657.0 657.0 657.0 657.0 657.0 657.0 657.0 657.0 657.0 657.0 657.0 657.0 657.0 657.0 657.0 657.0 657.0 657.9721254355401 20.18635011044379
43 703.0 703.0 703.0 703.0 703.0 703.0 703.0 703.0 703.0 703.0 703.0 703.0 703.0 703.0 703.0 703.0 703.0 703.0 703.0 703.0 703.0 703.0 703.0 703.0 703.0 703.0 703.0 703.0 703.0 703.0 703.0 703.0 703.0 703.0 703.0 703.0 703.0 703.0 703.0 703.0 703.0 703.0 703.0 703.0 703.0 703.0 703.0 703.0 703.0 703.0 703.0 703.0 703.0 703.0 703.0 703.0 703.0 703.0 703.0 703.0 703.0 703.0 703.0 703.0 703.0 703.0 703.0 703.0 703.0 703.0 703.0 703.0 692.0 724.0 735.0 737.0 801.0 649.0 669.0 712.0 754.0 720.0 757.0 757.0 765.0 727.0 735.0 743.0 738.0 718.0 733.0 660.0 679.0 791.0 777.0 740.0 711.0 709.0 725.0 741.0 687.0 696.0 793.0 843.0 729.0 757.0 802.0 805.0 665.0 716.0 778.0 824.0 779.0 814.0 888.0 869.0 801.0 670.0 704.0 755.0 758.0 830.0 726.0 670.0 827.0 820.0 776.0 922.0 780.0 776.0 850.0 913.0 800.0 824.0 833.0 776.0 773.0 734.0 743.0 783.0 813.0 804.0 843.0 882.0 809.0 794.0 790.0 665.0 641.0 813.0 779.0 848.0 829.0 806.0 765.0 754.0 763.0 775.0 763.0 802.0 831.0 830.0 879.0 989.0 815.0 775.0 761.0 769.0 774.0 763.0 809.0 759.0 770.0 795.0 791.0 778.0 853.0 822.0 812.0 817.0 785.0 772.0 745.0 758.0 774.0 823.0 740.0 769.0 765.0 775.0 759.0 775.0 761.0 677.0 764.0 751.0 752.0 739.0 746.0 752.0 735.0 743.0 738.0 766.0 675.0 756.0 730.0 797.0 857.0 666.0 678.0 725.0 761.0 742.0 748.0 758.0 772.0 768.0 763.0 778.0 773.0 773.0 775.0 761.0 759.0 737.0 729.0 810.0 784.0 791.0 781.0 756.0 739.0 792.0 887.0 706.0 757.0 782.0 780.0 784.0 738.0 771.0 802.0 746.0 820.0 811.0 759.0 774.0 772.0 778.0 751.0 751.0 751.0 751.0 751.0 751.0 751.0 751.0 751.0 751.0 751.0 751.0 751.0 751.0 751.0 751.0 751.0 751.0 751.0 751.0 751.0 751.0 751.0 751.0 751.0 751.0 751.0 751.0 751.0 751.0 751.0 751.0 751.0 751.0 751.0 751.0 751.0 750.4738675958188 50.08473777575684
44 170.0 170.0 170.0 170.0 170.0 170.0 170.0 170.0 170.0 170.0 170.0 170.0 170.0 170.0 170.0 170.0 170.0 170.0 170.0 170.0 170.0 170.0 170.0 170.0 170.0 170.0 170.0 170.0 170.0 170.0 170.0 170.0 170.0 170.0 170.0 170.0 170.0 170.0 170.0 170.0 170.0 170.0 170.0 170.0 170.0 170.0 170.0 170.0 170.0 170.0 170.0 170.0 170.0 170.0 170.0 170.0 170.0 170.0 170.0 170.0 170.0 170.0 170.0 170.0 170.0 170.0 170.0 170.0 170.0 170.0 170.0 170.0 181.0 181.0 184.0 185.0 151.0 161.0 178.0 169.0 181.0 170.0 175.0 175.0 176.0 187.0 180.0 171.0 172.0 179.0 188.0 158.0 180.0 170.0 161.0 176.0 171.0 172.0 169.0 168.0 165.0 178.0 170.0 187.0 170.0 179.0 172.0 149.0 175.0 180.0 167.0 181.0 187.0 190.0 178.0 177.0 162.0 170.0 169.0 173.0 175.0 169.0 165.0 183.0 175.0 172.0 177.0 168.0 173.0 171.0 189.0 181.0 178.0 172.0 172.0 176.0 175.0 174.0 171.0 170.0 180.0 185.0 181.0 180.0 174.0 185.0 181.0 157.0 176.0 177.0 170.0 172.0 184.0 173.0 186.0 181.0 178.0 181.0 175.0 186.0 170.0 179.0 176.0 175.0 177.0 178.0 179.0 181.0 171.0 175.0 173.0 179.0 175.0 183.0 180.0 181.0 177.0 174.0 176.0 176.0 173.0 168.0 179.0 178.0 162.0 177.0 185.0 177.0 180.0 185.0 174.0 159.0 166.0 178.0 175.0 186.0 183.0 176.0 181.0 174.0 174.0 184.0 164.0 151.0 184.0 176.0 167.0 162.0 164.0 166.0 188.0 186.0 176.0 172.0 182.0 181.0 189.0 184.0 183.0 186.0 188.0 187.0 169.0 185.0 158.0 181.0 180.0 180.0 184.0 173.0 183.0 183.0 183.0 193.0 164.0 189.0 191.0 179.0 183.0 173.0 176.0 182.0 177.0 181.0 185.0 205.0 178.0 165.0 172.0 182.0 181.0 181.0 181.0 181.0 181.0 181.0 181.0 181.0 181.0 181.0 181.0 181.0 181.0 181.0 181.0 181.0 181.0 181.0 181.0 181.0 181.0 181.0 181.0 181.0 181.0 181.0 181.0 181.0 181.0 181.0 181.0 181.0 181.0 181.0 181.0 181.0 181.0 175.30313588850174 7.3600288788057355
45 641.0 641.0 641.0 641.0 641.0 641.0 641.0 641.0 641.0 641.0 641.0 641.0 641.0 641.0 641.0 641.0 641.0 641.0 641.0 641.0 641.0 641.0 641.0 641.0 641.0 641.0 641.0 641.0 641.0 641.0 641.0 641.0 641.0 641.0 641.0 641.0 641.0 641.0 641.0 641.0 641.0 641.0 641.0 641.0 641.0 641.0 641.0 641.0 641.0 641.0 641.0 641.0 641.0 641.0 641.0 641.0 641.0 641.0 641.0 641.0 641.0 641.0 641.0 641.0 641.0 641.0 641.0 641.0 641.0 641.0 641.0 641.0 641.0 651.0 626.0 575.0 572.0 619.0 619.0 715.0 720.0 653.0 609.0 616.0 621.0 641.0 630.0 625.0 630.0 567.0 571.0 619.0 596.0 598.0 631.0 621.0 623.0 623.0 618.0 594.0 593.0 632.0 631.0 629.0 623.0 585.0 554.0 586.0 634.0 622.0 632.0 643.0 650.0 634.0 568.0 578.0 587.0 585.0 581.0 620.0 569.0 578.0 616.0 666.0 635.0 612.0 616.0 614.0 633.0 642.0 641.0 634.0 635.0 624.0 624.0 602.0 543.0 576.0 617.0 646.0 682.0 642.0 636.0 625.0 632.0 569.0 577.0 627.0 611.0 622.0 637.0 639.0 639.0 639.0 630.0 643.0 631.0 633.0 642.0 632.0 630.0 638.0 588.0 600.0 651.0 657.0 629.0 633.0 635.0 565.0 570.0 621.0 643.0 653.0 631.0 617.0 627.0 619.0 609.0 599.0 635.0 615.0 617.0 632.0 629.0 634.0 635.0 625.0 621.0 584.0 561.0 563.0 654.0 605.0 633.0 648.0 626.0 621.0 619.0 631.0 623.0 601.0 596.0 586.0 641.0 644.0 571.0 571.0 603.0 631.0 642.0 630.0 644.0 631.0 640.0 605.0 609.0 628.0 640.0 644.0 627.0 618.0 614.0 633.0 647.0 660.0 631.0 617.0 621.0 638.0 654.0 642.0 604.0 577.0 639.0 635.0 650.0 632.0 624.0 634.0 634.0 653.0 647.0 630.0 627.0 612.0 615.0 634.0 636.0 640.0 591.0 591.0 591.0 591.0 591.0 591.0 591.0 591.0 591.0 591.0 591.0 591.0 591.0 591.0 591.0 591.0 591.0 591.0 591.0 591.0 591.0 591.0 591.0 591.0 591.0 591.0 591.0 591.0 591.0 591.0 591.0 591.0 591.0 591.0 591.0 591.0 591.0 622.4006968641115 25.755773326626045
46 424.0 424.0 424.0 424.0 424.0 424.0 424.0 424.0 424.0 424.0 424.0 424.0 424.0 424.0 424.0 424.0 424.0 424.0 424.0 424.0 424.0 424.0 424.0 424.0 424.0 424.0 424.0 424.0 424.0 424.0 424.0 424.0 424.0 424.0 424.0 424.0 424.0 424.0 424.0 424.0 424.0 424.0 424.0 424.0 424.0 424.0 424.0 424.0 424.0 424.0 424.0 424.0 424.0 424.0 424.0 424.0 424.0 424.0 424.0 424.0 424.0 424.0 424.0 424.0 424.0 424.0 424.0 424.0 424.0 424.0 424.0 424.0 408.0 405.0 412.0 405.0 409.0 411.0 464.0 469.0 390.0 412.0 411.0 406.0 412.0 421.0 432.0 395.0 370.0 383.0 395.0 401.0 395.0 411.0 397.0 397.0 402.0 387.0 376.0 411.0 412.0 402.0 397.0 398.0 364.0 350.0 416.0 408.0 399.0 421.0 430.0 407.0 403.0 370.0 366.0 393.0 399.0 415.0 399.0 372.0 380.0 432.0 410.0 396.0 376.0 389.0 405.0 427.0 418.0 429.0 410.0 405.0 404.0 411.0 371.0 333.0 396.0 417.0 436.0 407.0 411.0 410.0 406.0 414.0 367.0 371.0 406.0 398.0 404.0 411.0 411.0 395.0 414.0 409.0 412.0 405.0 415.0 412.0 414.0 416.0 406.0 373.0 415.0 435.0 416.0 412.0 403.0 411.0 392.0 390.0 402.0 413.0 430.0 399.0 390.0 394.0 403.0 403.0 412.0 407.0 407.0 401.0 404.0 405.0 404.0 404.0 398.0 392.0 376.0 361.0 409.0 411.0 417.0 422.0 411.0 396.0 400.0 400.0 406.0 386.0 367.0 390.0 411.0 410.0 401.0 369.0 383.0 455.0 422.0 409.0 409.0 415.0 408.0 394.0 404.0 390.0 411.0 416.0 402.0 402.0 399.0 416.0 415.0 425.0 414.0 395.0 400.0 404.0 411.0 416.0 425.0 416.0 417.0 431.0 411.0 419.0 411.0 394.0 368.0 435.0 421.0 404.0 399.0 408.0 379.0 401.0 413.0 431.0 435.0 376.0 379.0 379.0 379.0 379.0 379.0 379.0 379.0 379.0 379.0 379.0 379.0 379.0 379.0 379.0 379.0 379.0 379.0 379.0 379.0 379.0 379.0 379.0 379.0 379.0 379.0 379.0 379.0 379.0 379.0 379.0 379.0 379.0 379.0 379.0 379.0 379.0 379.0 405.8710801393728 19.73745772992075
47 238.0 238.0 238.0 238.0 238.0 238.0 238.0 238.0 238.0 238.0 238.0 238.0 238.0 238.0 238.0 238.0 238.0 238.0 238.0 238.0 238.0 238.0 238.0 238.0 238.0 238.0 238.0 238.0 238.0 238.0 238.0 238.0 238.0 238.0 238.0 238.0 238.0 238.0 238.0 238.0 238.0 238.0 238.0 238.0 238.0 238.0 238.0 238.0 238.0 238.0 238.0 238.0 238.0 238.0 238.0 238.0 238.0 238.0 238.0 238.0 238.0 238.0 238.0 238.0 238.0 238.0 238.0 238.0 238.0 238.0 238.0 238.0 237.0 237.0 258.0 232.0 239.0 272.0 274.0 228.0 234.0 230.0 229.0 240.0 238.0 242.0 244.0 212.0 240.0 232.0 233.0 233.0 254.0 249.0 234.0 236.0 230.0 221.0 238.0 234.0 244.0 238.0 242.0 237.0 212.0 251.0 234.0 234.0 241.0 253.0 244.0 238.0 221.0 213.0 236.0 235.0 239.0 233.0 214.0 242.0 244.0 231.0 234.0 214.0 232.0 256.0 237.0 274.0 239.0 240.0 244.0 238.0 241.0 238.0 189.0 236.0 244.0 237.0 253.0 239.0 243.0 237.0 245.0 212.0 231.0 238.0 238.0 237.0 240.0 251.0 257.0 237.0 243.0 240.0 238.0 243.0 241.0 230.0 267.0 241.0 219.0 247.0 251.0 245.0 226.0 232.0 237.0 228.0 226.0 233.0 241.0 245.0 235.0 233.0 243.0 234.0 246.0 242.0 233.0 241.0 229.0 237.0 243.0 240.0 233.0 221.0 237.0 221.0 212.0 237.0 233.0 241.0 257.0 238.0 235.0 229.0 234.0 243.0 225.0 229.0 245.0 237.0 235.0 217.0 219.0 223.0 230.0 246.0 238.0 246.0 247.0 237.0 226.0 230.0 260.0 236.0 236.0 233.0 242.0 230.0 245.0 249.0 255.0 245.0 228.0 243.0 239.0 240.0 238.0 245.0 241.0 246.0 247.0 250.0 245.0 232.0 243.0 214.0 244.0 245.0 238.0 212.0 262.0 229.0 236.0 244.0 253.0 247.0 222.0 219.0 230.0 230.0 230.0 230.0 230.0 230.0 230.0 230.0 230.0 230.0 230.0 230.0 230.0 230.0 230.0 230.0 230.0 230.0 230.0 230.0 230.0 230.0 230.0 230.0 230.0 230.0 230.0 230.0 230.0 230.0 230.0 230.0 230.0 230.0 230.0 230.0 230.0 236.6411149825784 9.613152929293157
48 188.0 188.0 188.0 188.0 188.0 188.0 188.0 188.0 188.0 188.0 188.0 188.0 188.0 188.0 188.0 188.0 188.0 188.0 188.0 188.0 188.0 188.0 188.0 188.0 188.0 188.0 188.0 188.0 188.0 188.0 188.0 188.0 188.0 188.0 188.0 188.0 188.0 188.0 188.0 188.0 188.0 188.0 188.0 188.0 188.0 188.0 188.0 188.0 188.0 188.0 188.0 188.0 188.0 188.0 188.0 188.0 188.0 188.0 188.0 188.0 188.0 188.0 188.0 188.0 188.0 188.0 188.0 188.0 188.0 188.0 188.0 188.0 175.0 169.0 172.0 169.0 186.0 192.0 163.0 162.0 176.0 162.0 179.0 176.0 167.0 169.0 153.0 154.0 170.0 178.0 164.0 169.0 167.0 171.0 173.0 174.0 159.0 164.0 173.0 171.0 166.0 172.0 167.0 140.0 178.0 176.0 166.0 173.0 181.0 180.0 166.0 179.0 155.0 170.0 166.0 177.0 166.0 163.0 157.0 174.0 173.0 169.0 169.0 159.0 182.0 170.0 169.0 169.0 190.0 178.0 169.0 175.0 171.0 146.0 140.0 176.0 168.0 171.0 173.0 174.0 179.0 174.0 156.0 155.0 181.0 172.0 172.0 171.0 174.0 177.0 166.0 176.0 174.0 174.0 174.0 175.0 164.0 175.0 171.0 161.0 169.0 175.0 174.0 167.0 168.0 166.0 165.0 165.0 173.0 178.0 170.0 157.0 172.0 169.0 176.0 171.0 179.0 169.0 168.0 167.0 175.0 173.0 173.0 154.0 158.0 166.0 162.0 160.0 173.0 162.0 173.0 176.0 174.0 169.0 168.0 173.0 177.0 161.0 177.0 165.0 175.0 173.0 166.0 156.0 155.0 165.0 176.0 175.0 174.0 174.0 172.0 173.0 167.0 157.0 177.0 171.0 172.0 176.0 169.0 158.0 181.0 181.0 185.0 176.0 177.0 173.0 173.0 176.0 178.0 179.0 177.0 175.0 175.0 180.0 172.0 168.0 158.0 162.0 169.0 170.0 160.0 160.0 159.0 170.0 169.0 182.0 180.0 169.0 159.0 166.0 166.0 166.0 166.0 166.0 166.0 166.0 166.0 166.0 166.0 166.0 166.0 166.0 166.0 166.0 166.0 166.0 166.0 166.0 166.0 166.0 166.0 166.0 166.0 166.0 166.0 166.0 166.0 166.0 166.0 166.0 166.0 166.0 166.0 166.0 166.0 166.0 166.0 173.95818815331006 10.402309160305355
49 5.0 5.0 5.0 5.0 5.0 5.0 5.0 5.0 5.0 5.0 5.0 5.0 5.0 5.0 5.0 5.0 5.0 5.0 5.0 5.0 5.0 5.0 5.0 5.0 5.0 5.0 5.0 5.0 5.0 5.0 5.0 5.0 5.0 5.0 5.0 5.0 5.0 5.0 5.0 5.0 5.0 5.0 5.0 5.0 5.0 5.0 5.0 5.0 5.0 5.0 5.0 5.0 5.0 5.0 5.0 5.0 5.0 5.0 5.0 5.0 5.0 5.0 5.0 5.0 5.0 5.0 5.0 5.0 5.0 5.0 5.0 5.0 5.0 5.0 5.0 5.0 6.0 5.0 5.0 5.0 5.0 5.0 6.0 6.0 6.0 6.0 5.0 5.0 5.0 5.0 5.0 5.0 6.0 6.0 6.0 5.0 5.0 5.0 5.0 5.0 5.0 5.0 5.0 4.0 5.0 6.0 6.0 6.0 6.0 17.0 17.0 6.0 5.0 5.0 5.0 5.0 6.0 5.0 5.0 5.0 5.0 5.0 5.0 6.0 6.0 6.0 5.0 5.0 6.0 5.0 5.0 5.0 5.0 5.0 5.0 6.0 6.0 6.0 5.0 5.0 5.0 5.0 5.0 5.0 5.0 5.0 5.0 5.0 5.0 5.0 5.0 5.0 5.0 5.0 6.0 6.0 5.0 6.0 5.0 5.0 5.0 5.0 6.0 6.0 6.0 6.0 6.0 5.0 6.0 6.0 6.0 5.0 5.0 5.0 5.0 5.0 6.0 6.0 6.0 5.0 5.0 5.0 5.0 5.0 5.0 5.0 5.0 5.0 5.0 5.0 5.0 4.0 6.0 5.0 5.0 5.0 5.0 5.0 5.0 5.0 6.0 6.0 5.0 5.0 5.0 5.0 5.0 6.0 6.0 6.0 6.0 5.0 5.0 5.0 5.0 5.0 5.0 5.0 6.0 6.0 6.0 6.0 6.0 5.0 5.0 6.0 6.0 6.0 6.0 5.0 5.0 6.0 6.0 6.0 6.0 6.0 6.0 6.0 6.0 6.0 6.0 6.0 6.0 6.0 6.0 6.0 6.0 5.0 5.0 5.0 5.0 5.0 5.0 5.0 5.0 5.0 5.0 5.0 5.0 5.0 5.0 5.0 5.0 5.0 5.0 5.0 5.0 5.0 5.0 5.0 5.0 5.0 5.0 5.0 5.0 5.0 5.0 5.0 5.0 5.0 5.0 5.0 5.0 5.0 5.0 5.0 5.0 5.3101045296167255 1.0731964817012964
50 410.0 410.0 410.0 410.0 410.0 410.0 410.0 410.0 410.0 410.0 410.0 410.0 410.0 410.0 410.0 410.0 410.0 410.0 410.0 410.0 410.0 410.0 410.0 410.0 410.0 410.0 410.0 410.0 410.0 410.0 410.0 410.0 410.0 410.0 410.0 410.0 410.0 410.0 410.0 410.0 410.0 410.0 410.0 410.0 410.0 410.0 410.0 410.0 410.0 410.0 410.0 410.0 410.0 410.0 410.0 410.0 410.0 410.0 410.0 410.0 410.0 410.0 410.0 410.0 410.0 410.0 410.0 410.0 410.0 410.0 410.0 410.0 407.0 399.0 402.0 440.0 437.0 383.0 392.0 404.0 378.0 421.0 421.0 398.0 405.0 363.0 362.0 390.0 377.0 393.0 395.0 399.0 402.0 418.0 415.0 377.0 381.0 409.0 402.0 402.0 403.0 402.0 386.0 363.0 411.0 398.0 430.0 448.0 419.0 408.0 390.0 367.0 371.0 383.0 407.0 415.0 375.0 365.0 404.0 419.0 400.0 405.0 407.0 407.0 402.0 405.0 406.0 415.0 416.0 399.0 419.0 416.0 351.0 341.0 418.0 411.0 401.0 404.0 413.0 411.0 406.0 369.0 367.0 418.0 391.0 411.0 406.0 396.0 401.0 389.0 406.0 418.0 411.0 412.0 406.0 399.0 403.0 413.0 381.0 383.0 425.0 406.0 398.0 382.0 399.0 399.0 390.0 407.0 409.0 408.0 383.0 393.0 405.0 416.0 412.0 415.0 396.0 401.0 393.0 395.0 411.0 391.0 375.0 367.0 376.0 391.0 365.0 365.0 391.0 387.0 421.0 410.0 406.0 396.0 403.0 409.0 406.0 375.0 377.0 420.0 401.0 363.0 369.0 368.0 383.0 413.0 413.0 408.0 418.0 406.0 410.0 403.0 398.0 402.0 405.0 407.0 410.0 399.0 406.0 426.0 416.0 425.0 399.0 408.0 414.0 411.0 413.0 423.0 430.0 415.0 414.0 408.0 410.0 404.0 388.0 396.0 410.0 392.0 406.0 405.0 418.0 405.0 399.0 395.0 429.0 428.0 382.0 369.0 395.0 405.0 398.0 398.0 398.0 398.0 398.0 398.0 398.0 398.0 398.0 398.0 398.0 398.0 398.0 398.0 398.0 398.0 398.0 398.0 398.0 398.0 398.0 398.0 398.0 398.0 398.0 398.0 398.0 398.0 398.0 398.0 398.0 398.0 398.0 398.0 398.0 398.0 398.0 402.4703832752613 14.518314724512596
51 282.0 282.0 282.0 282.0 282.0 282.0 282.0 282.0 282.0 282.0 282.0 282.0 282.0 282.0 282.0 282.0 282.0 282.0 282.0 282.0 282.0 282.0 282.0 282.0 282.0 282.0 282.0 282.0 282.0 282.0 282.0 282.0 282.0 282.0 282.0 282.0 282.0 282.0 282.0 282.0 282.0 282.0 282.0 282.0 282.0 282.0 282.0 282.0 282.0 282.0 282.0 282.0 282.0 282.0 282.0 282.0 282.0 282.0 282.0 282.0 282.0 282.0 282.0 282.0 282.0 282.0 282.0 282.0 282.0 282.0 282.0 282.0 280.0 294.0 300.0 297.0 274.0 281.0 283.0 283.0 282.0 285.0 282.0 284.0 255.0 254.0 271.0 255.0 275.0 283.0 279.0 286.0 291.0 289.0 261.0 265.0 294.0 279.0 285.0 283.0 280.0 264.0 263.0 283.0 277.0 313.0 302.0 289.0 282.0 287.0 254.0 258.0 274.0 288.0 285.0 264.0 253.0 283.0 293.0 282.0 280.0 272.0 286.0 280.0 282.0 287.0 298.0 296.0 286.0 296.0 294.0 251.0 238.0 288.0 267.0 282.0 284.0 290.0 289.0 287.0 250.0 277.0 288.0 280.0 289.0 283.0 277.0 286.0 282.0 289.0 289.0 294.0 287.0 288.0 285.0 286.0 293.0 272.0 273.0 286.0 284.0 279.0 276.0 279.0 279.0 283.0 290.0 285.0 284.0 274.0 283.0 283.0 297.0 294.0 291.0 280.0 280.0 271.0 287.0 290.0 275.0 284.0 250.0 265.0 272.0 262.0 271.0 280.0 276.0 294.0 286.0 286.0 280.0 284.0 285.0 274.0 267.0 266.0 282.0 283.0 264.0 257.0 267.0 275.0 302.0 286.0 289.0 289.0 278.0 287.0 288.0 276.0 285.0 290.0 290.0 285.0 278.0 291.0 299.0 290.0 297.0 281.0 290.0 288.0 292.0 285.0 300.0 305.0 294.0 287.0 292.0 308.0 282.0 287.0 286.0 286.0 279.0 289.0 280.0 299.0 280.0 284.0 294.0 299.0 293.0 275.0 267.0 274.0 286.0 281.0 284.0 284.0 284.0 284.0 284.0 284.0 284.0 284.0 284.0 284.0 284.0 284.0 284.0 284.0 284.0 284.0 284.0 284.0 284.0 284.0 284.0 284.0 284.0 284.0 284.0 284.0 284.0 284.0 284.0 284.0 284.0 284.0 284.0 284.0 284.0 284.0 284.0 282.22996515679444 9.351119431071691
52 156.0 156.0 156.0 156.0 156.0 156.0 156.0 156.0 156.0 156.0 156.0 156.0 156.0 156.0 156.0 156.0 156.0 156.0 156.0 156.0 156.0 156.0 156.0 156.0 156.0 156.0 156.0 156.0 156.0 156.0 156.0 156.0 156.0 156.0 156.0 156.0 156.0 156.0 156.0 156.0 156.0 156.0 156.0 156.0 156.0 156.0 156.0 156.0 156.0 156.0 156.0 156.0 156.0 156.0 156.0 156.0 156.0 156.0 156.0 156.0 156.0 156.0 156.0 156.0 156.0 156.0 156.0 156.0 156.0 156.0 156.0 156.0 166.0 193.0 158.0 158.0 180.0 189.0 152.0 163.0 172.0 183.0 161.0 157.0 143.0 157.0 149.0 199.0 153.0 156.0 185.0 163.0 154.0 172.0 145.0 176.0 148.0 159.0 168.0 162.0 182.0 140.0 177.0 154.0 178.0 159.0 182.0 168.0 171.0 163.0 142.0 158.0 166.0 172.0 153.0 146.0 160.0 171.0 156.0 166.0 153.0 164.0 176.0 168.0 165.0 171.0 180.0 151.0 164.0 184.0 165.0 138.0 176.0 152.0 170.0 180.0 157.0 167.0 159.0 180.0 138.0 164.0 163.0 158.0 168.0 154.0 155.0 165.0 170.0 179.0 166.0 181.0 161.0 155.0 176.0 169.0 166.0 151.0 163.0 163.0 166.0 174.0 151.0 169.0 163.0 174.0 165.0 158.0 164.0 168.0 190.0 160.0 179.0 168.0 156.0 163.0 166.0 159.0 159.0 175.0 171.0 168.0 155.0 161.0 161.0 135.0 163.0 151.0 168.0 164.0 175.0 162.0 155.0 167.0 167.0 163.0 151.0 153.0 161.0 169.0 145.0 155.0 158.0 158.0 182.0 177.0 168.0 170.0 160.0 164.0 153.0 153.0 165.0 153.0 157.0 179.0 186.0 163.0 186.0 168.0 166.0 179.0 165.0 169.0 165.0 173.0 172.0 188.0 166.0 154.0 155.0 193.0 154.0 189.0 179.0 153.0 184.0 165.0 166.0 165.0 177.0 162.0 172.0 177.0 166.0 139.0 149.0 139.0 158.0 167.0 184.0 184.0 184.0 184.0 184.0 184.0 184.0 184.0 184.0 184.0 184.0 184.0 184.0 184.0 184.0 184.0 184.0 184.0 184.0 184.0 184.0 184.0 184.0 184.0 184.0 184.0 184.0 184.0 184.0 184.0 184.0 184.0 184.0 184.0 184.0 184.0 184.0 165.02787456445992 12.422877751172393
53 40.0 40.0 40.0 40.0 40.0 40.0 40.0 40.0 40.0 40.0 40.0 40.0 40.0 40.0 40.0 40.0 40.0 40.0 40.0 40.0 40.0 40.0 40.0 40.0 40.0 40.0 40.0 40.0 40.0 40.0 40.0 40.0 40.0 40.0 40.0 40.0 40.0 40.0 40.0 40.0 40.0 40.0 40.0 40.0 40.0 40.0 40.0 40.0 40.0 40.0 40.0 40.0 40.0 40.0 40.0 40.0 40.0 40.0 40.0 40.0 40.0 40.0 40.0 40.0 40.0 40.0 40.0 40.0 40.0 40.0 40.0 40.0 51.0 47.0 289.0 36.0 36.0 37.0 33.0 43.0 46.0 28.0 42.0 58.0 48.0 47.0 53.0 32.0 53.0 68.0 52.0 51.0 54.0 46.0 39.0 58.0 56.0 61.0 47.0 43.0 45.0 58.0 101.0 50.0 63.0 96.0 46.0 41.0 57.0 43.0 41.0 50.0 55.0 51.0 44.0 39.0 61.0 162.0 48.0 45.0 51.0 45.0 99.0 44.0 47.0 79.0 44.0 63.0 45.0 68.0 48.0 37.0 49.0 47.0 43.0 50.0 54.0 38.0 49.0 55.0 53.0 67.0 117.0 107.0 128.0 109.0 274.0 143.0 92.0 77.0 65.0 64.0 63.0 130.0 79.0 70.0 41.0 53.0 48.0 59.0 46.0 52.0 41.0 63.0 50.0 58.0 71.0 47.0 44.0 58.0 48.0 57.0 48.0 34.0 44.0 65.0 27.0 45.0 41.0 55.0 39.0 55.0 47.0 110.0 45.0 50.0 46.0 55.0 53.0 45.0 61.0 48.0 87.0 40.0 59.0 31.0 89.0 89.0 35.0 45.0 49.0 45.0 47.0 51.0 61.0 92.0 26.0 57.0 41.0 100.0 40.0 46.0 59.0 40.0 48.0 76.0 37.0 66.0 43.0 63.0 42.0 60.0 62.0 59.0 57.0 61.0 40.0 43.0 36.0 41.0 54.0 45.0 43.0 63.0 45.0 63.0 36.0 67.0 67.0 36.0 60.0 53.0 43.0 41.0 48.0 37.0 63.0 35.0 48.0 48.0 46.0 46.0 46.0 46.0 46.0 46.0 46.0 46.0 46.0 46.0 46.0 46.0 46.0 46.0 46.0 46.0 46.0 46.0 46.0 46.0 46.0 46.0 46.0 46.0 46.0 46.0 46.0 46.0 46.0 46.0 46.0 46.0 46.0 46.0 46.0 46.0 46.0 52.027874564459935 26.271429947391805
END
#################################################################
SECTION3 (Edges Information)
EndPoint0 EndPoint1 Weight
0 1 1.000000
1 2 1.000000
2 3 1.000000
3 4 1.000000
4 5 1.000000
5 6 1.000000
6 7 1.000000
7 8 1.000000
8 9 1.000000
9 10 1.000000
10 11 1.000000
11 12 1.000000
12 13 1.000000
13 14 1.000000
14 15 1.000000
15 16 1.000000
16 17 1.000000
17 18 1.000000
18 19 1.000000
19 20 1.000000
20 21 1.000000
21 22 1.000000
22 23 1.000000
23 24 1.000000
24 25 1.000000
25 26 1.000000
26 27 1.000000
27 28 1.000000
28 29 1.000000
29 30 1.000000
30 31 1.000000
31 32 1.000000
32 33 1.000000
33 34 1.000000
34 35 1.000000
35 36 1.000000
36 37 1.000000
37 38 1.000000
38 39 1.000000
39 40 1.000000
40 41 1.000000
41 42 1.000000
42 43 1.000000
43 44 1.000000
44 45 1.000000
45 46 1.000000
46 47 1.000000
47 48 1.000000
48 49 1.000000
49 50 1.000000
50 51 1.000000
51 52 1.000000
52 53 1.000000
END
#################################################################
SECTION4 (TrueSubGraph Information)
EndPoint0 EndPoint1 Weight
END
#################################################################
