#################################################################
#APDM Input Graph, this input graph includes 3 sections:
#section1 : general information
#section2 : nodes
#section3 : edges
#section4 : trueSubGraph (Optional)
#
#if nodes haven't information set weight to null
#################################################################
SECTION1 (General Information)
numNodes = 54
numEdges = 53
usedAlgorithm = NULL
dataSource = TransWeatherRealData
END
#################################################################
SECTION2 (Nodes Information)
NodeID travelTime  mean  std 
0 52.0 52.0 52.0 59.0 59.0 59.0 55.0 55.0 55.0 55.0 55.0 55.0 55.0 53.0 53.0 53.0 59.0 54.0 54.0 50.0 53.0 54.0 57.0 52.0 52.0 49.0 64.0 58.0 58.0 58.0 58.0 58.0 54.0 55.0 55.0 55.0 55.0 60.0 60.0 60.0 60.0 60.0 55.0 55.0 55.0 52.0 52.0 52.0 52.0 53.0 53.0 53.0 53.0 53.0 53.0 53.0 53.0 54.0 52.0 52.0 52.0 52.0 51.0 51.0 54.0 55.0 54.0 52.0 54.0 54.0 51.0 46.0 57.0 57.0 47.0 53.0 53.0 47.0 47.0 54.0 54.0 52.0 52.0 52.0 44.0 43.0 54.0 50.0 50.0 50.0 47.0 53.0 53.0 53.0 52.0 50.0 50.0 54.0 50.0 49.0 58.0 49.0 45.0 53.0 52.0 52.0 52.0 51.0 44.0 48.0 52.0 52.0 52.0 48.0 53.0 44.0 50.0 47.0 52.0 53.0 44.0 55.0 48.0 52.0 52.0 49.0 55.0 54.0 47.0 57.0 47.0 49.0 49.0 52.0 50.0 50.0 55.0 55.0 49.0 64.0 44.0 49.0 52.0 52.0 52.0 50.0 50.0 50.0 54.0 51.0 57.0 50.0 47.0 55.0 52.0 54.0 50.0 54.0 49.0 52.0 47.0 53.0 53.0 53.0 54.0 46.0 51.0 52.0 54.0 51.0 51.0 45.0 45.0 45.0 49.0 49.0 54.0 54.0 52.0 52.0 51.0 58.0 54.0 48.0 52.0 51.0 50.0 50.0 50.0 50.0 53.0 76.0 62.0 62.0 51.0 51.0 46.0 48.0 48.0 50.0 49.0 54.0 55.0 55.0 50.0 48.0 54.0 54.0 43.0 52.0 54.0 54.0 53.0 53.0 47.0 51.0 53.0 51.0 57.0 51.0 51.0 54.0 50.0 58.0 58.0 58.0 47.0 47.0 50.0 50.0 54.0 54.0 45.0 42.0 42.0 54.0 52.0 53.0 52.0 50.0 50.0 50.0 54.0 51.0 53.0 53.0 53.0 54.0 54.0 54.0 57.0 54.0 54.0 50.0 50.0 50.0 50.0 57.0 54.0 54.0 54.0 51.0 51.0 52.0 52.0 52.0 44.0 49.0 49.0 49.0 49.0 49.0 49.0 49.0 49.0 53.0 53.0 54.0 54.0 54.0 54.0 58.0 50.0 50.0 50.0 50.0 52.0 52.184668989547035 3.932655352851905
1 296.0 273.0 271.0 291.0 311.0 311.0 279.0 290.0 283.0 310.0 294.0 385.0 313.0 301.0 238.0 276.0 296.0 282.0 282.0 269.0 261.0 274.0 290.0 322.0 322.0 277.0 276.0 268.0 268.0 365.0 261.0 275.0 280.0 284.0 281.0 286.0 314.0 312.0 403.0 302.0 271.0 281.0 291.0 291.0 255.0 262.0 260.0 260.0 277.0 272.0 304.0 265.0 283.0 276.0 273.0 244.0 259.0 227.0 254.0 268.0 262.0 300.0 259.0 264.0 306.0 281.0 282.0 284.0 255.0 257.0 258.0 260.0 256.0 240.0 242.0 260.0 231.0 271.0 263.0 271.0 268.0 251.0 251.0 234.0 228.0 273.0 271.0 243.0 251.0 274.0 245.0 273.0 235.0 261.0 253.0 263.0 276.0 265.0 248.0 275.0 259.0 249.0 258.0 265.0 270.0 254.0 265.0 244.0 237.0 236.0 249.0 258.0 268.0 262.0 254.0 231.0 254.0 248.0 256.0 279.0 275.0 254.0 244.0 269.0 278.0 261.0 279.0 264.0 302.0 254.0 243.0 262.0 245.0 255.0 267.0 270.0 244.0 306.0 276.0 260.0 263.0 245.0 272.0 259.0 260.0 267.0 257.0 256.0 242.0 244.0 277.0 236.0 238.0 267.0 266.0 243.0 258.0 282.0 266.0 243.0 255.0 265.0 249.0 304.0 264.0 237.0 307.0 267.0 259.0 275.0 256.0 321.0 271.0 252.0 285.0 265.0 272.0 279.0 275.0 243.0 267.0 294.0 263.0 261.0 251.0 245.0 251.0 309.0 281.0 263.0 289.0 313.0 307.0 251.0 271.0 265.0 242.0 244.0 232.0 252.0 296.0 273.0 266.0 242.0 278.0 280.0 305.0 253.0 229.0 259.0 256.0 302.0 265.0 291.0 242.0 252.0 256.0 272.0 302.0 262.0 269.0 268.0 268.0 253.0 305.0 240.0 243.0 237.0 247.0 274.0 265.0 261.0 252.0 282.0 254.0 264.0 257.0 248.0 251.0 333.0 250.0 277.0 277.0 274.0 274.0 268.0 242.0 289.0 231.0 257.0 264.0 279.0 243.0 264.0 257.0 275.0 319.0 266.0 276.0 294.0 245.0 252.0 288.0 303.0 303.0 265.0 256.0 222.0 246.0 360.0 253.0 253.0 266.0 266.0 266.0 262.0 279.0 275.0 265.0 284.0 248.0 262.0 261.0 333.0 273.0 270.0 263.0 269.0905923344948 24.49073212742779
2 55.0 55.0 61.0 58.0 58.0 56.0 56.0 58.0 66.0 66.0 66.0 66.0 62.0 55.0 68.0 65.0 61.0 65.0 55.0 50.0 55.0 58.0 58.0 58.0 58.0 57.0 57.0 57.0 57.0 69.0 69.0 71.0 58.0 62.0 62.0 65.0 62.0 62.0 58.0 63.0 59.0 55.0 55.0 58.0 57.0 52.0 54.0 54.0 53.0 54.0 55.0 70.0 111.0 111.0 137.0 137.0 53.0 45.0 45.0 49.0 52.0 52.0 53.0 52.0 66.0 55.0 50.0 54.0 48.0 50.0 49.0 60.0 49.0 47.0 53.0 53.0 62.0 62.0 51.0 54.0 51.0 51.0 51.0 45.0 51.0 56.0 51.0 51.0 48.0 46.0 48.0 54.0 47.0 51.0 52.0 52.0 51.0 52.0 55.0 56.0 57.0 55.0 49.0 54.0 52.0 50.0 53.0 45.0 48.0 48.0 53.0 54.0 52.0 53.0 47.0 50.0 57.0 47.0 53.0 59.0 59.0 49.0 47.0 52.0 53.0 54.0 51.0 53.0 86.0 48.0 45.0 54.0 46.0 54.0 53.0 59.0 48.0 52.0 52.0 51.0 52.0 50.0 58.0 51.0 52.0 53.0 51.0 48.0 52.0 52.0 52.0 46.0 46.0 54.0 61.0 50.0 54.0 51.0 54.0 46.0 74.0 52.0 49.0 55.0 49.0 45.0 51.0 47.0 48.0 48.0 55.0 50.0 52.0 56.0 51.0 55.0 55.0 51.0 54.0 49.0 67.0 47.0 48.0 51.0 58.0 49.0 50.0 54.0 47.0 52.0 52.0 51.0 51.0 51.0 53.0 51.0 48.0 57.0 48.0 51.0 55.0 53.0 53.0 45.0 45.0 55.0 50.0 75.0 52.0 51.0 59.0 59.0 56.0 50.0 52.0 49.0 49.0 66.0 52.0 52.0 55.0 50.0 53.0 54.0 53.0 50.0 51.0 46.0 45.0 54.0 54.0 49.0 53.0 50.0 49.0 55.0 53.0 53.0 56.0 65.0 65.0 56.0 53.0 53.0 53.0 52.0 52.0 71.0 53.0 52.0 56.0 59.0 52.0 52.0 54.0 54.0 56.0 53.0 57.0 57.0 48.0 89.0 53.0 53.0 53.0 51.0 51.0 46.0 46.0 46.0 46.0 53.0 53.0 53.0 54.0 51.0 54.0 54.0 58.0 62.0 48.0 48.0 55.0 55.0 54.0 53.0 49.0 54.919860627177705 10.38879789286657
3 316.0 285.0 334.0 235.0 280.0 307.0 291.0 291.0 334.0 334.0 334.0 308.0 298.0 278.0 330.0 303.0 360.0 360.0 289.0 376.0 340.0 296.0 275.0 316.0 287.0 311.0 311.0 311.0 361.0 286.0 278.0 296.0 300.0 289.0 320.0 329.0 327.0 327.0 299.0 286.0 288.0 283.0 283.0 283.0 276.0 305.0 305.0 315.0 293.0 299.0 299.0 275.0 274.0 286.0 286.0 323.0 260.0 248.0 275.0 258.0 263.0 300.0 295.0 292.0 290.0 283.0 276.0 268.0 265.0 273.0 280.0 264.0 267.0 260.0 296.0 251.0 258.0 292.0 302.0 289.0 279.0 300.0 248.0 245.0 293.0 301.0 265.0 258.0 273.0 261.0 278.0 270.0 266.0 282.0 271.0 277.0 282.0 280.0 277.0 272.0 268.0 269.0 274.0 285.0 273.0 296.0 249.0 251.0 249.0 291.0 286.0 277.0 285.0 277.0 248.0 264.0 257.0 272.0 297.0 291.0 253.0 255.0 291.0 293.0 292.0 287.0 278.0 255.0 255.0 255.0 271.0 256.0 254.0 239.0 303.0 253.0 252.0 274.0 295.0 273.0 254.0 299.0 282.0 275.0 278.0 277.0 263.0 249.0 253.0 286.0 259.0 237.0 283.0 282.0 240.0 272.0 273.0 300.0 230.0 234.0 277.0 267.0 263.0 260.0 261.0 273.0 276.0 261.0 278.0 273.0 269.0 308.0 279.0 285.0 266.0 288.0 301.0 292.0 264.0 284.0 291.0 261.0 267.0 247.0 259.0 269.0 268.0 252.0 260.0 285.0 323.0 294.0 285.0 285.0 283.0 260.0 262.0 251.0 251.0 294.0 293.0 275.0 251.0 264.0 305.0 231.0 236.0 236.0 262.0 283.0 285.0 289.0 285.0 270.0 284.0 267.0 293.0 307.0 285.0 294.0 284.0 284.0 259.0 307.0 307.0 306.0 258.0 259.0 268.0 268.0 280.0 245.0 245.0 291.0 301.0 270.0 271.0 286.0 286.0 289.0 292.0 289.0 276.0 276.0 289.0 261.0 303.0 375.0 266.0 279.0 320.0 260.0 255.0 297.0 289.0 313.0 294.0 367.0 237.0 280.0 270.0 287.0 290.0 290.0 286.0 273.0 273.0 239.0 239.0 273.0 265.0 350.0 350.0 350.0 301.0 267.0 294.0 331.0 342.0 275.0 272.0 289.0 377.0 316.0 289.0 278.0 285.0 282.62369337979095 26.383889903710372
4 229.0 225.0 263.0 183.0 222.0 226.0 214.0 214.0 214.0 234.0 237.0 231.0 213.0 234.0 250.0 240.0 239.0 207.0 207.0 207.0 324.0 215.0 215.0 213.0 234.0 215.0 215.0 215.0 228.0 196.0 226.0 245.0 245.0 233.0 242.0 239.0 209.0 222.0 230.0 225.0 213.0 213.0 213.0 224.0 344.0 240.0 254.0 228.0 218.0 215.0 215.0 207.0 247.0 247.0 217.0 188.0 196.0 204.0 250.0 200.0 212.0 228.0 216.0 243.0 243.0 210.0 194.0 219.0 203.0 219.0 204.0 207.0 269.0 235.0 186.0 186.0 244.0 219.0 218.0 210.0 210.0 218.0 185.0 226.0 235.0 206.0 189.0 213.0 212.0 212.0 271.0 225.0 214.0 221.0 214.0 224.0 206.0 219.0 236.0 209.0 212.0 217.0 230.0 224.0 244.0 213.0 200.0 196.0 273.0 224.0 221.0 219.0 221.0 190.0 234.0 206.0 213.0 225.0 222.0 200.0 197.0 206.0 218.0 234.0 226.0 211.0 216.0 225.0 208.0 208.0 218.0 192.0 190.0 205.0 235.0 227.0 213.0 232.0 212.0 217.0 220.0 227.0 228.0 222.0 226.0 213.0 224.0 195.0 229.0 220.0 268.0 217.0 209.0 229.0 209.0 198.0 220.0 246.0 185.0 221.0 207.0 215.0 224.0 214.0 231.0 222.0 228.0 201.0 197.0 195.0 230.0 225.0 221.0 234.0 210.0 196.0 230.0 223.0 231.0 227.0 234.0 231.0 202.0 203.0 202.0 199.0 221.0 221.0 221.0 255.0 222.0 235.0 222.0 227.0 203.0 199.0 229.0 243.0 198.0 219.0 213.0 215.0 223.0 227.0 199.0 183.0 195.0 178.0 226.0 233.0 220.0 223.0 205.0 224.0 214.0 205.0 251.0 223.0 232.0 226.0 215.0 228.0 226.0 226.0 226.0 220.0 233.0 192.0 192.0 212.0 220.0 192.0 231.0 254.0 344.0 202.0 209.0 226.0 205.0 200.0 242.0 213.0 213.0 247.0 201.0 216.0 281.0 202.0 210.0 234.0 241.0 194.0 205.0 221.0 239.0 224.0 219.0 215.0 160.0 214.0 231.0 214.0 214.0 260.0 219.0 236.0 239.0 239.0 239.0 241.0 241.0 241.0 242.0 227.0 234.0 237.0 237.0 319.0 302.0 302.0 217.0 218.0 218.0 243.0 212.0 215.0 274.0 222.35191637630663 22.972882801615437
5 295.0 301.0 256.0 289.0 281.0 283.0 283.0 283.0 296.0 301.0 298.0 281.0 294.0 301.0 307.0 292.0 274.0 279.0 279.0 279.0 282.0 276.0 271.0 293.0 303.0 284.0 284.0 284.0 255.0 293.0 291.0 291.0 288.0 304.0 307.0 289.0 299.0 301.0 278.0 287.0 287.0 287.0 299.0 298.0 298.0 271.0 281.0 286.0 287.0 287.0 275.0 285.0 284.0 287.0 282.0 243.0 243.0 286.0 308.0 287.0 284.0 293.0 299.0 298.0 283.0 275.0 282.0 260.0 265.0 274.0 272.0 266.0 296.0 261.0 261.0 294.0 294.0 291.0 281.0 281.0 257.0 236.0 264.0 294.0 283.0 258.0 271.0 264.0 272.0 281.0 273.0 269.0 275.0 287.0 281.0 272.0 294.0 293.0 266.0 270.0 286.0 298.0 283.0 296.0 278.0 251.0 255.0 289.0 291.0 278.0 286.0 289.0 249.0 244.0 275.0 269.0 288.0 290.0 265.0 253.0 261.0 288.0 287.0 291.0 280.0 273.0 299.0 271.0 285.0 286.0 243.0 247.0 289.0 297.0 297.0 283.0 284.0 281.0 284.0 287.0 290.0 300.0 288.0 293.0 283.0 283.0 254.0 267.0 267.0 287.0 256.0 270.0 276.0 295.0 258.0 250.0 300.0 239.0 273.0 268.0 284.0 282.0 277.0 298.0 300.0 296.0 268.0 266.0 245.0 288.0 288.0 291.0 287.0 289.0 251.0 304.0 305.0 300.0 283.0 304.0 283.0 283.0 279.0 264.0 271.0 275.0 275.0 287.0 293.0 292.0 258.0 269.0 268.0 266.0 257.0 278.0 264.0 294.0 285.0 283.0 252.0 296.0 296.0 268.0 264.0 323.0 260.0 292.0 285.0 296.0 293.0 263.0 272.0 281.0 268.0 268.0 290.0 297.0 297.0 287.0 281.0 281.0 281.0 281.0 295.0 303.0 248.0 314.0 284.0 301.0 291.0 274.0 319.0 298.0 270.0 279.0 279.0 271.0 271.0 288.0 287.0 257.0 282.0 297.0 313.0 368.0 263.0 272.0 286.0 269.0 267.0 292.0 292.0 311.0 298.0 299.0 299.0 240.0 273.0 281.0 284.0 253.0 302.0 267.0 272.0 293.0 293.0 335.0 314.0 314.0 314.0 323.0 300.0 297.0 293.0 295.0 328.0 342.0 342.0 287.0 295.0 295.0 286.0 289.0 273.0 271.0 296.0 283.10801393728224 17.941791232070155
6 15.0 15.0 15.0 16.0 16.0 16.0 16.0 16.0 16.0 16.0 16.0 16.0 17.0 17.0 17.0 17.0 17.0 17.0 17.0 17.0 17.0 17.0 17.0 16.0 16.0 16.0 16.0 16.0 16.0 16.0 16.0 16.0 16.0 17.0 17.0 14.0 14.0 14.0 14.0 14.0 14.0 14.0 14.0 14.0 14.0 14.0 14.0 14.0 14.0 14.0 14.0 14.0 14.0 14.0 14.0 14.0 14.0 14.0 14.0 16.0 16.0 16.0 16.0 16.0 16.0 16.0 16.0 14.0 15.0 15.0 15.0 15.0 15.0 15.0 15.0 15.0 15.0 16.0 16.0 16.0 16.0 12.0 12.0 12.0 12.0 12.0 12.0 14.0 14.0 14.0 14.0 14.0 14.0 16.0 16.0 16.0 17.0 17.0 17.0 15.0 17.0 16.0 16.0 16.0 14.0 14.0 14.0 14.0 14.0 14.0 16.0 16.0 14.0 16.0 15.0 15.0 15.0 16.0 15.0 15.0 15.0 15.0 16.0 16.0 16.0 16.0 15.0 14.0 14.0 16.0 14.0 14.0 17.0 16.0 16.0 16.0 16.0 17.0 17.0 16.0 16.0 16.0 16.0 16.0 14.0 15.0 15.0 17.0 15.0 15.0 16.0 15.0 17.0 15.0 14.0 16.0 16.0 13.0 13.0 16.0 16.0 16.0 16.0 16.0 16.0 16.0 15.0 16.0 13.0 13.0 13.0 16.0 15.0 16.0 15.0 15.0 16.0 17.0 16.0 16.0 15.0 15.0 17.0 14.0 17.0 17.0 17.0 15.0 17.0 17.0 17.0 15.0 16.0 15.0 15.0 16.0 16.0 16.0 17.0 17.0 14.0 14.0 18.0 14.0 14.0 14.0 14.0 14.0 14.0 14.0 14.0 14.0 16.0 15.0 15.0 15.0 16.0 15.0 15.0 16.0 16.0 16.0 16.0 16.0 17.0 17.0 17.0 17.0 17.0 17.0 17.0 16.0 16.0 15.0 15.0 15.0 15.0 15.0 15.0 16.0 16.0 16.0 16.0 16.0 16.0 16.0 15.0 15.0 16.0 16.0 15.0 15.0 15.0 15.0 15.0 15.0 13.0 13.0 13.0 16.0 16.0 16.0 16.0 15.0 15.0 15.0 15.0 15.0 15.0 15.0 15.0 15.0 15.0 15.0 15.0 15.0 15.0 15.0 15.0 16.0 16.0 16.0 15.0 15.0 16.0 16.0 16.0 15.32752613240418 1.151485121247585
7 347.0 294.0 336.0 339.0 317.0 317.0 336.0 335.0 341.0 335.0 318.0 330.0 339.0 339.0 339.0 315.0 308.0 308.0 308.0 317.0 308.0 308.0 324.0 336.0 336.0 336.0 292.0 306.0 334.0 325.0 325.0 328.0 340.0 365.0 318.0 338.0 327.0 316.0 321.0 321.0 321.0 338.0 333.0 333.0 327.0 316.0 356.0 290.0 290.0 308.0 352.0 320.0 497.0 332.0 285.0 273.0 291.0 340.0 327.0 311.0 355.0 335.0 330.0 318.0 288.0 309.0 297.0 300.0 308.0 321.0 349.0 382.0 297.0 285.0 493.0 331.0 339.0 315.0 347.0 325.0 261.0 255.0 368.0 318.0 295.0 320.0 301.0 312.0 336.0 317.0 315.0 308.0 343.0 329.0 315.0 335.0 377.0 305.0 308.0 323.0 337.0 320.0 315.0 340.0 291.0 304.0 283.0 331.0 313.0 330.0 330.0 278.0 284.0 319.0 329.0 335.0 326.0 313.0 282.0 296.0 317.0 307.0 330.0 320.0 326.0 329.0 287.0 327.0 322.0 293.0 297.0 313.0 325.0 331.0 316.0 325.0 313.0 314.0 346.0 331.0 336.0 348.0 328.0 329.0 333.0 310.0 347.0 304.0 321.0 306.0 311.0 306.0 328.0 306.0 297.0 342.0 277.0 273.0 301.0 320.0 308.0 314.0 333.0 334.0 334.0 304.0 295.0 280.0 319.0 333.0 327.0 321.0 338.0 295.0 302.0 348.0 339.0 351.0 338.0 331.0 390.0 322.0 329.0 297.0 328.0 326.0 325.0 375.0 342.0 329.0 309.0 303.0 304.0 295.0 322.0 269.0 384.0 321.0 314.0 317.0 320.0 334.0 328.0 264.0 342.0 401.0 332.0 337.0 335.0 330.0 296.0 286.0 311.0 297.0 301.0 332.0 333.0 331.0 323.0 320.0 320.0 320.0 320.0 343.0 344.0 306.0 568.0 387.0 308.0 308.0 315.0 335.0 346.0 311.0 298.0 298.0 306.0 356.0 328.0 321.0 401.0 314.0 344.0 334.0 323.0 299.0 310.0 319.0 300.0 299.0 303.0 303.0 351.0 327.0 338.0 338.0 264.0 321.0 329.0 320.0 320.0 390.0 338.0 328.0 297.0 294.0 352.0 357.0 357.0 358.0 348.0 335.0 335.0 333.0 325.0 595.0 374.0 370.0 325.0 325.0 317.0 340.0 312.0 319.0 323.0 340.0 340.0 325.41811846689893 34.555206958083566
8 457.0 497.0 498.0 485.0 485.0 504.0 588.0 524.0 513.0 498.0 500.0 520.0 474.0 493.0 470.0 452.0 452.0 452.0 478.0 478.0 539.0 506.0 480.0 539.0 521.0 444.0 510.0 507.0 516.0 446.0 503.0 536.0 491.0 523.0 526.0 469.0 508.0 521.0 521.0 552.0 513.0 502.0 463.0 500.0 497.0 418.0 417.0 415.0 415.0 583.0 557.0 588.0 532.0 502.0 465.0 508.0 528.0 607.0 452.0 475.0 490.0 538.0 514.0 422.0 455.0 460.0 437.0 491.0 728.0 581.0 614.0 444.0 551.0 514.0 510.0 485.0 513.0 503.0 512.0 402.0 415.0 533.0 473.0 477.0 470.0 459.0 476.0 463.0 484.0 471.0 478.0 483.0 496.0 473.0 492.0 504.0 499.0 486.0 491.0 511.0 525.0 462.0 453.0 424.0 439.0 486.0 469.0 476.0 474.0 491.0 419.0 424.0 484.0 548.0 550.0 507.0 437.0 422.0 450.0 514.0 508.0 505.0 496.0 477.0 463.0 433.0 459.0 474.0 432.0 423.0 451.0 503.0 492.0 507.0 483.0 462.0 490.0 506.0 500.0 480.0 415.0 425.0 483.0 447.0 430.0 440.0 455.0 411.0 399.0 462.0 449.0 485.0 475.0 437.0 503.0 401.0 431.0 471.0 472.0 461.0 494.0 494.0 498.0 489.0 439.0 458.0 422.0 487.0 521.0 519.0 509.0 434.0 431.0 455.0 554.0 498.0 491.0 511.0 504.0 487.0 485.0 491.0 497.0 492.0 492.0 490.0 509.0 510.0 465.0 475.0 449.0 454.0 455.0 459.0 432.0 430.0 484.0 479.0 466.0 502.0 513.0 400.0 396.0 436.0 513.0 484.0 503.0 521.0 456.0 442.0 494.0 465.0 441.0 520.0 488.0 502.0 496.0 484.0 478.0 478.0 478.0 478.0 536.0 522.0 454.0 518.0 572.0 533.0 466.0 430.0 549.0 481.0 453.0 448.0 448.0 646.0 638.0 702.0 659.0 438.0 553.0 510.0 502.0 447.0 472.0 487.0 433.0 455.0 448.0 454.0 606.0 554.0 506.0 497.0 421.0 449.0 463.0 499.0 490.0 441.0 498.0 532.0 711.0 575.0 565.0 561.0 537.0 672.0 558.0 485.0 475.0 514.0 529.0 537.0 585.0 553.0 508.0 564.0 499.0 512.0 519.0 499.0 504.0 570.0 490.0 490.0 552.0 491.67944250871085 50.74564670814608
9 669.0 683.0 691.0 615.0 644.0 675.0 690.0 638.0 664.0 704.0 657.0 660.0 655.0 638.0 638.0 641.0 641.0 653.0 635.0 626.0 643.0 702.0 660.0 659.0 651.0 666.0 703.0 627.0 620.0 681.0 761.0 745.0 681.0 689.0 581.0 581.0 581.0 581.0 641.0 641.0 720.0 666.0 654.0 585.0 576.0 583.0 620.0 655.0 703.0 834.0 834.0 834.0 653.0 653.0 653.0 653.0 621.0 611.0 583.0 523.0 567.0 568.0 606.0 603.0 617.0 661.0 666.0 641.0 641.0 611.0 614.0 649.0 627.0 648.0 661.0 679.0 664.0 563.0 552.0 563.0 695.0 634.0 665.0 634.0 625.0 611.0 650.0 641.0 612.0 680.0 678.0 658.0 631.0 642.0 671.0 637.0 656.0 652.0 701.0 642.0 626.0 600.0 567.0 739.0 652.0 672.0 644.0 653.0 583.0 568.0 584.0 651.0 637.0 670.0 610.0 582.0 599.0 635.0 635.0 680.0 671.0 669.0 662.0 601.0 609.0 659.0 586.0 575.0 585.0 719.0 667.0 657.0 653.0 653.0 651.0 658.0 648.0 654.0 564.0 566.0 585.0 619.0 589.0 614.0 608.0 594.0 572.0 589.0 584.0 592.0 590.0 694.0 683.0 562.0 591.0 652.0 680.0 681.0 634.0 665.0 676.0 671.0 666.0 587.0 528.0 593.0 677.0 658.0 647.0 585.0 582.0 607.0 723.0 874.0 674.0 675.0 676.0 629.0 631.0 660.0 680.0 570.0 564.0 677.0 664.0 712.0 677.0 622.0 616.0 610.0 614.0 662.0 675.0 631.0 630.0 626.0 636.0 606.0 612.0 617.0 542.0 541.0 675.0 656.0 659.0 664.0 623.0 626.0 650.0 638.0 615.0 648.0 667.0 579.0 569.0 628.0 673.0 683.0 683.0 683.0 683.0 590.0 625.0 646.0 738.0 805.0 723.0 612.0 646.0 597.0 613.0 622.0 594.0 919.0 904.0 858.0 810.0 677.0 683.0 676.0 690.0 654.0 621.0 626.0 614.0 608.0 606.0 611.0 682.0 728.0 715.0 703.0 690.0 627.0 662.0 664.0 655.0 596.0 562.0 632.0 593.0 725.0 657.0 699.0 706.0 689.0 849.0 684.0 678.0 667.0 694.0 728.0 769.0 768.0 788.0 766.0 679.0 668.0 664.0 661.0 667.0 684.0 710.0 707.0 702.0 673.0 667.0 651.0243902439024 59.497629654504074
10 957.0 853.0 918.0 871.0 935.0 930.0 853.0 875.0 853.0 937.0 906.0 935.0 935.0 1010.0 914.0 932.0 950.0 923.0 982.0 1004.0 958.0 957.0 946.0 1016.0 921.0 876.0 913.0 1048.0 1037.0 994.0 931.0 1731.0 1731.0 950.0 950.0 950.0 950.0 986.0 917.0 914.0 928.0 826.0 870.0 832.0 943.0 932.0 940.0 914.0 861.0 843.0 929.0 932.0 932.0 866.0 856.0 856.0 859.0 763.0 821.0 866.0 888.0 872.0 860.0 939.0 1031.0 950.0 972.0 901.0 912.0 913.0 918.0 960.0 955.0 983.0 807.0 804.0 789.0 805.0 949.0 948.0 919.0 909.0 869.0 890.0 874.0 890.0 920.0 938.0 953.0 936.0 917.0 934.0 915.0 908.0 897.0 973.0 922.0 920.0 866.0 827.0 822.0 925.0 941.0 915.0 922.0 863.0 845.0 848.0 889.0 932.0 948.0 916.0 860.0 870.0 851.0 890.0 921.0 925.0 942.0 965.0 883.0 867.0 885.0 846.0 834.0 837.0 838.0 917.0 968.0 951.0 933.0 960.0 924.0 935.0 939.0 844.0 805.0 815.0 850.0 840.0 867.0 839.0 884.0 839.0 832.0 838.0 840.0 843.0 855.0 886.0 975.0 803.0 804.0 864.0 939.0 923.0 959.0 943.0 952.0 941.0 891.0 802.0 805.0 796.0 897.0 930.0 925.0 839.0 849.0 826.0 949.0 944.0 940.0 918.0 953.0 939.0 956.0 957.0 867.0 822.0 806.0 833.0 953.0 1324.0 878.0 892.0 859.0 842.0 860.0 946.0 934.0 920.0 899.0 946.0 899.0 871.0 881.0 784.0 775.0 775.0 950.0 948.0 937.0 871.0 913.0 928.0 900.0 879.0 849.0 892.0 856.0 816.0 794.0 804.0 938.0 932.0 932.0 932.0 920.0 874.0 886.0 1054.0 1210.0 1122.0 1049.0 1066.0 869.0 868.0 993.0 1144.0 1263.0 1200.0 1314.0 1126.0 972.0 965.0 956.0 998.0 1033.0 1002.0 878.0 819.0 852.0 860.0 866.0 873.0 1030.0 1186.0 1015.0 1007.0 933.0 903.0 913.0 938.0 943.0 837.0 904.0 861.0 941.0 940.0 1020.0 975.0 976.0 1003.0 976.0 971.0 969.0 1000.0 1039.0 1038.0 1052.0 961.0 998.0 1021.0 971.0 964.0 951.0 981.0 1034.0 976.0 977.0 965.0 963.0 986.0 979.0 991.0 993.0 927.5400696864111 105.21259345901872
11 460.0 519.0 524.0 550.0 463.0 455.0 458.0 652.0 652.0 462.0 517.0 623.0 623.0 623.0 498.0 508.0 530.0 530.0 523.0 525.0 506.0 574.0 507.0 533.0 552.0 535.0 517.0 512.0 512.0 452.0 452.0 452.0 452.0 452.0 452.0 528.0 552.0 490.0 493.0 440.0 438.0 438.0 519.0 547.0 547.0 547.0 547.0 490.0 467.0 467.0 467.0 460.0 459.0 456.0 456.0 456.0 528.0 449.0 482.0 475.0 512.0 505.0 499.0 469.0 475.0 468.0 507.0 545.0 505.0 516.0 516.0 507.0 503.0 448.0 439.0 519.0 498.0 522.0 529.0 508.0 474.0 482.0 481.0 491.0 493.0 512.0 503.0 502.0 502.0 493.0 510.0 526.0 486.0 543.0 532.0 485.0 497.0 450.0 458.0 521.0 523.0 493.0 510.0 510.0 457.0 460.0 510.0 490.0 494.0 503.0 477.0 462.0 471.0 529.0 513.0 522.0 509.0 517.0 482.0 473.0 488.0 489.0 447.0 486.0 451.0 518.0 524.0 507.0 511.0 493.0 497.0 553.0 525.0 510.0 433.0 442.0 519.0 467.0 451.0 462.0 451.0 443.0 427.0 443.0 459.0 509.0 533.0 503.0 495.0 504.0 535.0 527.0 497.0 507.0 519.0 532.0 513.0 507.0 500.0 472.0 427.0 430.0 493.0 495.0 489.0 515.0 533.0 499.0 535.0 538.0 543.0 575.0 504.0 513.0 514.0 532.0 524.0 450.0 432.0 507.0 414.0 419.0 515.0 477.0 466.0 457.0 457.0 533.0 470.0 482.0 488.0 486.0 520.0 505.0 517.0 495.0 439.0 437.0 502.0 549.0 552.0 504.0 431.0 443.0 487.0 491.0 483.0 485.0 522.0 474.0 417.0 507.0 473.0 473.0 473.0 473.0 475.0 562.0 661.0 623.0 656.0 711.0 620.0 465.0 468.0 483.0 610.0 612.0 659.0 556.0 525.0 516.0 517.0 535.0 499.0 499.0 517.0 448.0 455.0 505.0 446.0 433.0 506.0 506.0 548.0 530.0 550.0 556.0 537.0 479.0 481.0 490.0 475.0 491.0 491.0 498.0 498.0 460.0 507.0 537.0 498.0 498.0 532.0 565.0 510.0 567.0 555.0 540.0 540.0 515.0 534.0 528.0 520.0 555.0 545.0 501.0 551.0 512.0 533.0 503.0 519.0 575.0 539.0 578.0 520.0 520.0 527.0 504.45296167247386 45.401592459309
12 605.0 649.0 580.0 574.0 575.0 636.0 658.0 577.0 592.0 576.0 576.0 576.0 645.0 649.0 664.0 743.0 661.0 662.0 650.0 616.0 636.0 632.0 650.0 652.0 639.0 641.0 641.0 641.0 641.0 641.0 641.0 641.0 641.0 608.0 634.0 634.0 618.0 552.0 550.0 557.0 624.0 627.0 627.0 627.0 627.0 626.0 587.0 576.0 576.0 595.0 593.0 585.0 585.0 585.0 599.0 579.0 614.0 614.0 606.0 607.0 627.0 589.0 584.0 584.0 611.0 639.0 632.0 644.0 652.0 645.0 644.0 545.0 532.0 526.0 643.0 637.0 635.0 589.0 581.0 617.0 616.0 577.0 622.0 644.0 588.0 613.0 617.0 627.0 606.0 625.0 606.0 685.0 670.0 620.0 620.0 547.0 561.0 596.0 624.0 617.0 620.0 630.0 587.0 578.0 605.0 637.0 614.0 618.0 627.0 621.0 633.0 654.0 626.0 606.0 630.0 640.0 622.0 599.0 603.0 612.0 569.0 567.0 566.0 642.0 651.0 636.0 610.0 599.0 620.0 611.0 624.0 633.0 544.0 548.0 577.0 607.0 608.0 582.0 568.0 568.0 533.0 563.0 575.0 591.0 645.0 635.0 612.0 657.0 684.0 660.0 618.0 539.0 619.0 573.0 646.0 654.0 605.0 581.0 535.0 511.0 554.0 595.0 608.0 643.0 650.0 640.0 655.0 666.0 648.0 610.0 632.0 646.0 644.0 642.0 649.0 647.0 610.0 652.0 601.0 577.0 525.0 655.0 665.0 615.0 581.0 594.0 587.0 600.0 611.0 619.0 629.0 637.0 627.0 611.0 554.0 624.0 645.0 643.0 630.0 634.0 608.0 632.0 573.0 603.0 585.0 582.0 623.0 649.0 615.0 552.0 645.0 645.0 645.0 645.0 668.0 641.0 661.0 656.0 668.0 776.0 780.0 616.0 615.0 605.0 758.0 629.0 772.0 635.0 614.0 631.0 641.0 669.0 648.0 622.0 624.0 574.0 567.0 567.0 557.0 568.0 561.0 641.0 666.0 659.0 651.0 660.0 635.0 624.0 613.0 624.0 624.0 646.0 633.0 653.0 631.0 601.0 586.0 587.0 648.0 648.0 656.0 654.0 656.0 697.0 677.0 662.0 671.0 640.0 643.0 645.0 630.0 636.0 601.0 631.0 640.0 638.0 638.0 641.0 663.0 668.0 668.0 676.0 674.0 674.0 668.0 653.0 647.0 621.0278745644599 39.48389850649152
13 7.0 7.0 7.0 7.0 7.0 7.0 7.0 7.0 7.0 7.0 7.0 7.0 7.0 7.0 7.0 7.0 7.0 7.0 7.0 7.0 7.0 7.0 7.0 7.0 7.0 7.0 7.0 7.0 7.0 7.0 7.0 7.0 7.0 7.0 7.0 7.0 8.0 7.0 7.0 8.0 8.0 8.0 8.0 8.0 8.0 8.0 8.0 8.0 8.0 7.0 7.0 7.0 7.0 7.0 7.0 7.0 8.0 8.0 8.0 8.0 8.0 8.0 8.0 8.0 8.0 8.0 8.0 8.0 8.0 8.0 8.0 7.0 7.0 7.0 7.0 8.0 7.0 7.0 7.0 7.0 7.0 7.0 7.0 7.0 7.0 7.0 7.0 7.0 7.0 7.0 7.0 8.0 8.0 7.0 7.0 7.0 7.0 7.0 8.0 8.0 8.0 8.0 7.0 8.0 8.0 8.0 8.0 8.0 8.0 8.0 8.0 8.0 8.0 8.0 8.0 8.0 7.0 7.0 8.0 7.0 7.0 7.0 7.0 8.0 8.0 7.0 8.0 7.0 7.0 7.0 7.0 7.0 7.0 7.0 8.0 7.0 8.0 8.0 7.0 7.0 7.0 7.0 7.0 9.0 9.0 8.0 8.0 8.0 8.0 8.0 8.0 7.0 7.0 7.0 7.0 7.0 7.0 7.0 7.0 7.0 7.0 8.0 8.0 8.0 8.0 8.0 9.0 9.0 9.0 9.0 9.0 8.0 8.0 8.0 8.0 8.0 8.0 8.0 7.0 7.0 7.0 9.0 9.0 8.0 8.0 8.0 8.0 8.0 8.0 8.0 8.0 8.0 8.0 8.0 7.0 7.0 7.0 8.0 8.0 8.0 8.0 8.0 7.0 7.0 8.0 8.0 8.0 8.0 8.0 8.0 8.0 8.0 8.0 8.0 8.0 8.0 8.0 7.0 9.0 9.0 9.0 7.0 8.0 8.0 10.0 10.0 10.0 10.0 10.0 8.0 9.0 9.0 8.0 8.0 8.0 7.0 7.0 7.0 7.0 7.0 7.0 7.0 7.0 7.0 7.0 7.0 7.0 7.0 7.0 7.0 7.0 7.0 7.0 7.0 7.0 8.0 8.0 8.0 8.0 8.0 8.0 8.0 8.0 8.0 8.0 8.0 8.0 8.0 8.0 8.0 8.0 8.0 8.0 8.0 8.0 8.0 8.0 8.0 8.0 8.0 8.0 8.0 8.0 8.0 8.0 8.0 8.0 7.630662020905923 0.6607110341786436
14 97.0 97.0 84.0 90.0 92.0 92.0 92.0 85.0 85.0 85.0 85.0 92.0 102.0 102.0 102.0 97.0 97.0 91.0 85.0 85.0 94.0 94.0 100.0 94.0 94.0 94.0 83.0 83.0 83.0 94.0 94.0 94.0 100.0 100.0 92.0 80.0 92.0 80.0 80.0 93.0 93.0 93.0 93.0 93.0 84.0 92.0 92.0 92.0 92.0 89.0 89.0 89.0 89.0 92.0 82.0 82.0 91.0 91.0 91.0 90.0 90.0 90.0 85.0 85.0 100.0 104.0 98.0 96.0 92.0 94.0 92.0 83.0 89.0 89.0 97.0 95.0 84.0 84.0 93.0 93.0 87.0 97.0 92.0 92.0 92.0 92.0 94.0 154.0 91.0 91.0 99.0 99.0 94.0 92.0 79.0 77.0 92.0 92.0 90.0 98.0 97.0 89.0 84.0 93.0 86.0 86.0 96.0 98.0 96.0 97.0 99.0 95.0 89.0 92.0 94.0 105.0 85.0 84.0 90.0 84.0 80.0 92.0 92.0 96.0 94.0 88.0 91.0 87.0 88.0 88.0 92.0 89.0 81.0 98.0 96.0 83.0 94.0 79.0 80.0 83.0 77.0 84.0 84.0 97.0 91.0 86.0 97.0 100.0 91.0 89.0 94.0 79.0 97.0 97.0 92.0 92.0 92.0 139.0 77.0 77.0 87.0 87.0 97.0 96.0 96.0 99.0 100.0 85.0 95.0 95.0 96.0 94.0 94.0 94.0 95.0 95.0 95.0 102.0 83.0 98.0 110.0 109.0 92.0 94.0 94.0 94.0 85.0 85.0 91.0 94.0 93.0 93.0 93.0 81.0 76.0 76.0 94.0 97.0 97.0 88.0 96.0 81.0 88.0 90.0 87.0 95.0 89.0 92.0 95.0 86.0 86.0 86.0 86.0 86.0 92.0 101.0 93.0 83.0 104.0 92.0 83.0 90.0 94.0 102.0 114.0 114.0 98.0 85.0 93.0 123.0 106.0 95.0 89.0 97.0 96.0 85.0 85.0 88.0 80.0 94.0 94.0 98.0 98.0 94.0 99.0 94.0 92.0 88.0 91.0 95.0 95.0 93.0 93.0 92.0 97.0 93.0 92.0 92.0 92.0 92.0 95.0 96.0 106.0 92.0 92.0 92.0 96.0 97.0 94.0 92.0 92.0 92.0 91.0 94.0 94.0 101.0 97.0 97.0 97.0 97.0 98.0 98.0 98.0 97.0 97.0 97.0 97.0 92.40766550522648 7.987162588141073
15 585.0 534.0 537.0 582.0 582.0 536.0 543.0 543.0 543.0 647.0 588.0 582.0 585.0 634.0 604.0 613.0 624.0 588.0 582.0 589.0 594.0 625.0 617.0 617.0 516.0 513.0 513.0 596.0 596.0 596.0 596.0 596.0 596.0 590.0 571.0 521.0 515.0 510.0 583.0 570.0 570.0 570.0 570.0 535.0 536.0 536.0 536.0 558.0 558.0 563.0 563.0 563.0 580.0 530.0 561.0 588.0 559.0 604.0 575.0 550.0 543.0 543.0 543.0 543.0 634.0 607.0 610.0 612.0 595.0 616.0 629.0 589.0 614.0 599.0 572.0 537.0 536.0 520.0 520.0 533.0 483.0 601.0 585.0 589.0 591.0 577.0 590.0 527.0 583.0 647.0 555.0 553.0 603.0 504.0 482.0 489.0 557.0 566.0 572.0 598.0 512.0 534.0 586.0 574.0 557.0 594.0 604.0 595.0 561.0 612.0 577.0 550.0 599.0 637.0 598.0 545.0 543.0 539.0 519.0 514.0 513.0 608.0 602.0 574.0 553.0 554.0 553.0 512.0 532.0 530.0 520.0 526.0 604.0 536.0 530.0 508.0 507.0 510.0 500.0 531.0 538.0 538.0 587.0 587.0 611.0 628.0 607.0 580.0 565.0 493.0 511.0 524.0 583.0 542.0 548.0 543.0 501.0 480.0 573.0 585.0 598.0 601.0 553.0 541.0 620.0 605.0 594.0 596.0 606.0 576.0 601.0 613.0 612.0 563.0 579.0 671.0 563.0 611.0 614.0 682.0 622.0 696.0 738.0 615.0 594.0 502.0 499.0 548.0 579.0 580.0 563.0 572.0 494.0 517.0 588.0 583.0 582.0 579.0 550.0 584.0 547.0 555.0 573.0 534.0 581.0 596.0 559.0 559.0 559.0 667.0 675.0 713.0 622.0 623.0 616.0 539.0 561.0 586.0 524.0 574.0 624.0 653.0 701.0 688.0 651.0 673.0 648.0 628.0 615.0 601.0 600.0 581.0 583.0 581.0 586.0 556.0 585.0 508.0 594.0 611.0 619.0 601.0 600.0 609.0 573.0 583.0 590.0 580.0 594.0 605.0 597.0 610.0 583.0 604.0 565.0 565.0 565.0 565.0 565.0 621.0 674.0 646.0 638.0 596.0 593.0 591.0 607.0 547.0 581.0 605.0 583.0 582.0 591.0 626.0 617.0 617.0 616.0 616.0 618.0 621.0 621.0 618.0 594.0 595.0 591.0 541.0 558.0 578.2996515679442 42.69563078337241
16 384.0 384.0 379.0 379.0 352.0 352.0 352.0 365.0 372.0 379.0 379.0 379.0 398.0 392.0 414.0 433.0 360.0 360.0 375.0 391.0 417.0 509.0 509.0 335.0 332.0 332.0 387.0 387.0 387.0 387.0 387.0 383.0 387.0 329.0 329.0 331.0 387.0 365.0 365.0 365.0 381.0 448.0 348.0 346.0 346.0 346.0 362.0 365.0 365.0 365.0 346.0 383.0 383.0 384.0 382.0 349.0 364.0 377.0 377.0 352.0 352.0 352.0 352.0 401.0 399.0 390.0 397.0 410.0 407.0 369.0 391.0 366.0 361.0 404.0 438.0 399.0 403.0 362.0 329.0 535.0 339.0 351.0 379.0 382.0 450.0 353.0 363.0 363.0 822.0 318.0 349.0 387.0 340.0 358.0 313.0 371.0 351.0 374.0 483.0 339.0 368.0 394.0 380.0 376.0 394.0 335.0 331.0 398.0 401.0 367.0 351.0 401.0 433.0 391.0 387.0 365.0 347.0 340.0 331.0 368.0 396.0 375.0 326.0 351.0 366.0 342.0 338.0 366.0 366.0 367.0 340.0 343.0 338.0 330.0 387.0 336.0 370.0 318.0 336.0 353.0 389.0 388.0 398.0 383.0 398.0 388.0 378.0 362.0 324.0 326.0 417.0 395.0 395.0 403.0 369.0 331.0 327.0 1360.0 482.0 392.0 388.0 337.0 453.0 709.0 396.0 369.0 331.0 385.0 381.0 343.0 382.0 369.0 572.0 505.0 434.0 354.0 354.0 404.0 377.0 408.0 396.0 380.0 356.0 403.0 322.0 319.0 384.0 374.0 366.0 362.0 381.0 336.0 328.0 375.0 377.0 398.0 391.0 387.0 387.0 395.0 370.0 379.0 379.0 367.0 349.0 398.0 398.0 525.0 501.0 556.0 585.0 560.0 410.0 394.0 377.0 409.0 379.0 344.0 364.0 412.0 460.0 494.0 565.0 520.0 707.0 466.0 399.0 403.0 389.0 383.0 380.0 440.0 350.0 512.0 388.0 410.0 383.0 383.0 403.0 391.0 407.0 399.0 362.0 361.0 374.0 408.0 382.0 382.0 388.0 413.0 381.0 379.0 377.0 362.0 372.0 372.0 594.0 654.0 426.0 419.0 574.0 375.0 375.0 403.0 442.0 409.0 352.0 357.0 647.0 384.0 384.0 398.0 398.0 398.0 403.0 403.0 398.0 400.0 388.0 398.0 345.0 367.0 382.0 382.0 351.0 357.0 386.0 394.7212543554008 85.75240216310426
17 156.0 140.0 140.0 140.0 127.0 127.0 127.0 133.0 133.0 133.0 133.0 133.0 147.0 152.0 152.0 130.0 130.0 124.0 142.0 152.0 169.0 169.0 169.0 169.0 169.0 169.0 169.0 169.0 169.0 169.0 169.0 140.0 121.0 121.0 127.0 150.0 131.0 131.0 131.0 142.0 144.0 144.0 144.0 144.0 144.0 144.0 136.0 136.0 136.0 126.0 140.0 140.0 140.0 140.0 131.0 135.0 124.0 124.0 124.0 130.0 130.0 130.0 130.0 146.0 144.0 152.0 139.0 130.0 130.0 133.0 142.0 129.0 129.0 142.0 142.0 142.0 142.0 169.0 169.0 140.0 122.0 141.0 145.0 135.0 139.0 139.0 139.0 139.0 136.0 125.0 144.0 144.0 122.0 119.0 130.0 137.0 147.0 147.0 113.0 130.0 144.0 144.0 139.0 143.0 142.0 122.0 147.0 147.0 149.0 132.0 124.0 160.0 160.0 160.0 139.0 139.0 126.0 120.0 131.0 147.0 139.0 132.0 125.0 138.0 125.0 125.0 127.0 135.0 134.0 125.0 125.0 147.0 121.0 121.0 126.0 135.0 114.0 121.0 128.0 146.0 140.0 141.0 363.0 145.0 141.0 140.0 143.0 135.0 123.0 123.0 171.0 171.0 153.0 153.0 121.0 114.0 145.0 139.0 148.0 148.0 123.0 123.0 123.0 137.0 133.0 133.0 148.0 141.0 117.0 147.0 124.0 124.0 194.0 199.0 123.0 121.0 148.0 145.0 140.0 149.0 142.0 132.0 144.0 143.0 122.0 139.0 139.0 140.0 138.0 137.0 126.0 121.0 140.0 140.0 140.0 140.0 145.0 140.0 143.0 148.0 140.0 142.0 139.0 123.0 142.0 142.0 174.0 175.0 175.0 197.0 201.0 146.0 151.0 146.0 143.0 144.0 144.0 134.0 142.0 140.0 144.0 195.0 178.0 142.0 142.0 148.0 148.0 148.0 144.0 140.0 140.0 131.0 128.0 147.0 143.0 146.0 133.0 147.0 147.0 148.0 144.0 157.0 139.0 140.0 140.0 213.0 213.0 146.0 144.0 140.0 140.0 184.0 142.0 142.0 142.0 205.0 204.0 181.0 156.0 142.0 131.0 158.0 227.0 161.0 144.0 130.0 131.0 147.0 142.0 142.0 142.0 142.0 147.0 147.0 147.0 147.0 147.0 143.0 147.0 126.0 133.0 142.0 142.0 142.0 141.0 142.0 142.0 143.44947735191639 21.727574036281798
18 482.0 482.0 465.0 456.0 456.0 469.0 481.0 539.0 539.0 539.0 498.0 514.0 537.0 531.0 485.0 470.0 477.0 514.0 548.0 549.0 524.0 518.0 519.0 763.0 501.0 501.0 501.0 501.0 501.0 498.0 499.0 426.0 456.0 480.0 516.0 485.0 469.0 469.0 496.0 491.0 491.0 501.0 501.0 501.0 472.0 472.0 472.0 472.0 422.0 468.0 496.0 502.0 495.0 503.0 488.0 478.0 520.0 498.0 485.0 508.0 517.0 522.0 513.0 504.0 502.0 498.0 524.0 496.0 489.0 469.0 464.0 444.0 444.0 510.0 496.0 460.0 475.0 493.0 493.0 437.0 457.0 450.0 433.0 422.0 437.0 426.0 516.0 450.0 452.0 476.0 439.0 456.0 391.0 386.0 479.0 487.0 460.0 427.0 443.0 502.0 495.0 490.0 503.0 509.0 427.0 428.0 505.0 495.0 465.0 445.0 496.0 452.0 483.0 495.0 447.0 440.0 428.0 438.0 517.0 486.0 442.0 434.0 477.0 457.0 461.0 465.0 476.0 468.0 488.0 494.0 461.0 450.0 437.0 456.0 461.0 409.0 427.0 448.0 465.0 494.0 502.0 487.0 485.0 490.0 484.0 487.0 424.0 407.0 499.0 512.0 560.0 516.0 479.0 421.0 430.0 459.0 486.0 515.0 519.0 450.0 459.0 504.0 498.0 485.0 501.0 510.0 477.0 475.0 529.0 561.0 541.0 663.0 482.0 449.0 443.0 502.0 487.0 512.0 467.0 461.0 560.0 496.0 422.0 416.0 447.0 495.0 427.0 450.0 512.0 461.0 418.0 484.0 500.0 511.0 473.0 481.0 500.0 507.0 520.0 472.0 488.0 437.0 440.0 471.0 564.0 581.0 794.0 639.0 728.0 697.0 512.0 489.0 558.0 622.0 559.0 461.0 528.0 499.0 517.0 621.0 683.0 573.0 720.0 539.0 526.0 510.0 504.0 514.0 494.0 494.0 483.0 445.0 467.0 448.0 438.0 521.0 511.0 472.0 499.0 504.0 479.0 477.0 475.0 500.0 497.0 500.0 494.0 505.0 484.0 489.0 507.0 521.0 496.0 665.0 669.0 677.0 533.0 532.0 507.0 458.0 508.0 531.0 532.0 528.0 456.0 466.0 494.0 480.0 491.0 503.0 503.0 517.0 514.0 509.0 574.0 520.0 500.0 506.0 452.0 459.0 488.0 484.0 458.0 469.0 503.0 509.0 519.0 494.4285714285714 54.84001798347237
19 253.0 253.0 253.0 253.0 253.0 274.0 277.0 277.0 277.0 273.0 284.0 256.0 256.0 269.0 264.0 255.0 290.0 305.0 277.0 280.0 286.0 289.0 289.0 287.0 287.0 287.0 287.0 287.0 275.0 272.0 236.0 253.0 264.0 276.0 256.0 256.0 256.0 276.0 276.0 276.0 276.0 276.0 276.0 269.0 260.0 260.0 274.0 247.0 261.0 261.0 273.0 273.0 283.0 270.0 263.0 287.0 260.0 271.0 289.0 287.0 288.0 283.0 277.0 281.0 283.0 279.0 242.0 290.0 263.0 256.0 256.0 277.0 281.0 288.0 268.0 272.0 283.0 253.0 244.0 258.0 236.0 257.0 242.0 232.0 248.0 280.0 260.0 242.0 261.0 244.0 252.0 249.0 216.0 255.0 280.0 286.0 238.0 252.0 279.0 267.0 273.0 278.0 275.0 235.0 235.0 289.0 274.0 239.0 255.0 297.0 268.0 264.0 283.0 261.0 244.0 239.0 276.0 278.0 269.0 245.0 241.0 262.0 246.0 260.0 271.0 265.0 259.0 250.0 244.0 283.0 244.0 280.0 253.0 255.0 231.0 244.0 246.0 264.0 275.0 277.0 274.0 263.0 275.0 266.0 277.0 245.0 222.0 279.0 278.0 278.0 287.0 256.0 236.0 233.0 279.0 265.0 285.0 270.0 246.0 272.0 279.0 279.0 272.0 272.0 230.0 269.0 259.0 288.0 280.0 273.0 253.0 253.0 266.0 259.0 244.0 246.0 276.0 270.0 242.0 246.0 297.0 232.0 229.0 266.0 279.0 241.0 242.0 272.0 241.0 250.0 265.0 290.0 254.0 252.0 265.0 272.0 279.0 283.0 266.0 248.0 240.0 259.0 277.0 270.0 273.0 273.0 320.0 308.0 275.0 271.0 275.0 305.0 332.0 264.0 255.0 255.0 275.0 341.0 374.0 328.0 244.0 280.0 269.0 280.0 279.0 272.0 277.0 264.0 232.0 253.0 246.0 250.0 274.0 282.0 286.0 288.0 276.0 279.0 276.0 277.0 260.0 261.0 274.0 274.0 273.0 278.0 287.0 268.0 259.0 283.0 277.0 277.0 306.0 354.0 318.0 282.0 297.0 279.0 254.0 274.0 311.0 300.0 276.0 252.0 258.0 255.0 263.0 270.0 270.0 270.0 286.0 280.0 284.0 286.0 289.0 272.0 272.0 249.0 266.0 268.0 268.0 277.0 272.0 276.0 279.0 277.0 347.0 269.05226480836234 20.608082468646284
20 373.0 353.0 353.0 377.0 387.0 386.0 381.0 381.0 406.0 402.0 392.0 392.0 374.0 361.0 364.0 422.0 436.0 387.0 388.0 403.0 402.0 402.0 400.0 400.0 400.0 400.0 400.0 386.0 381.0 330.0 353.0 379.0 379.0 357.0 357.0 357.0 384.0 384.0 384.0 384.0 384.0 384.0 372.0 373.0 373.0 386.0 356.0 356.0 381.0 384.0 384.0 389.0 381.0 368.0 405.0 372.0 375.0 401.0 402.0 392.0 395.0 393.0 389.0 390.0 417.0 378.0 382.0 364.0 351.0 347.0 394.0 401.0 403.0 338.0 395.0 417.0 417.0 338.0 357.0 386.0 327.0 338.0 323.0 349.0 384.0 353.0 340.0 363.0 341.0 343.0 351.0 310.0 316.0 393.0 372.0 334.0 336.0 391.0 375.0 381.0 389.0 390.0 339.0 333.0 358.0 379.0 334.0 370.0 412.0 371.0 395.0 388.0 354.0 343.0 334.0 356.0 389.0 373.0 347.0 336.0 358.0 341.0 350.0 378.0 374.0 362.0 342.0 342.0 386.0 327.0 349.0 354.0 354.0 312.0 326.0 353.0 361.0 386.0 339.0 376.0 365.0 376.0 381.0 389.0 344.0 314.0 391.0 390.0 392.0 400.0 352.0 342.0 331.0 357.0 383.0 394.0 393.0 349.0 371.0 401.0 393.0 378.0 402.0 337.0 350.0 381.0 387.0 399.0 392.0 405.0 405.0 387.0 395.0 347.0 351.0 397.0 356.0 364.0 360.0 387.0 323.0 320.0 381.0 385.0 351.0 336.0 380.0 323.0 322.0 373.0 347.0 349.0 354.0 364.0 386.0 399.0 399.0 372.0 336.0 326.0 328.0 381.0 397.0 394.0 394.0 353.0 469.0 391.0 376.0 389.0 426.0 418.0 355.0 356.0 384.0 528.0 583.0 603.0 399.0 343.0 353.0 376.0 384.0 383.0 383.0 394.0 353.0 324.0 349.0 343.0 347.0 386.0 391.0 382.0 397.0 393.0 386.0 387.0 370.0 364.0 365.0 377.0 386.0 386.0 393.0 380.0 365.0 371.0 395.0 391.0 430.0 430.0 422.0 416.0 413.0 408.0 359.0 348.0 377.0 416.0 420.0 390.0 348.0 356.0 384.0 369.0 381.0 381.0 402.0 401.0 397.0 392.0 401.0 399.0 390.0 381.0 357.0 365.0 379.0 370.0 352.0 387.0 387.0 387.0 388.0 388.0 388.0 376.2404181184669 32.673015060004474
21 6.0 6.0 6.0 6.0 6.0 6.0 6.0 6.0 6.0 6.0 6.0 6.0 6.0 6.0 6.0 6.0 6.0 6.0 6.0 6.0 6.0 6.0 6.0 6.0 6.0 6.0 6.0 6.0 6.0 6.0 6.0 6.0 6.0 6.0 6.0 6.0 6.0 6.0 6.0 6.0 6.0 6.0 6.0 6.0 6.0 6.0 6.0 6.0 6.0 6.0 6.0 6.0 6.0 6.0 6.0 6.0 6.0 6.0 6.0 6.0 6.0 6.0 6.0 6.0 6.0 6.0 6.0 5.0 5.0 5.0 5.0 5.0 5.0 6.0 6.0 6.0 6.0 6.0 6.0 6.0 6.0 6.0 6.0 6.0 6.0 6.0 6.0 5.0 5.0 5.0 5.0 5.0 5.0 5.0 5.0 4.0 4.0 4.0 4.0 6.0 6.0 6.0 5.0 5.0 5.0 5.0 5.0 5.0 6.0 6.0 6.0 6.0 5.0 5.0 5.0 5.0 5.0 5.0 5.0 5.0 5.0 5.0 5.0 5.0 5.0 5.0 5.0 5.0 5.0 5.0 6.0 5.0 5.0 5.0 5.0 5.0 5.0 5.0 5.0 6.0 6.0 5.0 5.0 5.0 5.0 5.0 6.0 6.0 6.0 6.0 6.0 5.0 5.0 5.0 5.0 5.0 5.0 5.0 5.0 5.0 5.0 5.0 5.0 5.0 6.0 6.0 6.0 6.0 6.0 6.0 6.0 6.0 6.0 5.0 5.0 5.0 5.0 5.0 5.0 5.0 5.0 5.0 5.0 5.0 5.0 5.0 6.0 5.0 6.0 6.0 5.0 5.0 5.0 5.0 5.0 5.0 6.0 6.0 6.0 5.0 5.0 5.0 5.0 5.0 5.0 5.0 5.0 6.0 5.0 6.0 6.0 6.0 5.0 5.0 5.0 8.0 8.0 8.0 5.0 5.0 5.0 5.0 6.0 6.0 6.0 6.0 6.0 6.0 5.0 5.0 5.0 5.0 5.0 5.0 5.0 6.0 6.0 6.0 6.0 5.0 5.0 5.0 5.0 5.0 5.0 6.0 6.0 6.0 6.0 6.0 6.0 6.0 6.0 6.0 6.0 6.0 6.0 6.0 6.0 6.0 6.0 6.0 5.0 5.0 5.0 5.0 5.0 5.0 5.0 5.0 6.0 6.0 6.0 6.0 6.0 6.0 5.0 5.0 5.0 5.0 5.0 6.0 6.0 6.0 6.0 6.0 6.0 5.554006968641115 0.5821136192235443
22 179.0 179.0 179.0 189.0 192.0 192.0 192.0 218.0 216.0 193.0 193.0 191.0 192.0 180.0 203.0 214.0 218.0 218.0 208.0 204.0 204.0 202.0 202.0 202.0 202.0 202.0 196.0 196.0 167.0 167.0 167.0 213.0 190.0 190.0 190.0 196.0 196.0 196.0 196.0 196.0 196.0 193.0 185.0 185.0 195.0 183.0 188.0 188.0 190.0 190.0 200.0 194.0 181.0 204.0 190.0 194.0 204.0 202.0 203.0 198.0 196.0 199.0 195.0 195.0 184.0 199.0 181.0 177.0 177.0 196.0 213.0 224.0 177.0 201.0 201.0 179.0 179.0 182.0 201.0 176.0 170.0 170.0 163.0 195.0 194.0 171.0 187.0 176.0 175.0 171.0 163.0 178.0 219.0 219.0 214.0 175.0 199.0 231.0 200.0 190.0 181.0 181.0 168.0 168.0 195.0 180.0 220.0 226.0 208.0 196.0 214.0 189.0 172.0 169.0 206.0 200.0 196.0 193.0 179.0 171.0 173.0 184.0 195.0 188.0 180.0 190.0 169.0 191.0 171.0 177.0 186.0 177.0 177.0 166.0 180.0 180.0 194.0 194.0 182.0 183.0 194.0 192.0 193.0 192.0 171.0 200.0 195.0 199.0 201.0 197.0 177.0 172.0 181.0 203.0 207.0 188.0 176.0 193.0 204.0 198.0 192.0 192.0 204.0 182.0 190.0 203.0 187.0 178.0 204.0 205.0 204.0 201.0 181.0 177.0 201.0 191.0 173.0 181.0 199.0 172.0 163.0 192.0 194.0 191.0 168.0 192.0 167.0 165.0 185.0 206.0 173.0 178.0 187.0 194.0 201.0 201.0 192.0 177.0 192.0 169.0 169.0 197.0 194.0 276.0 276.0 189.0 195.0 194.0 194.0 217.0 196.0 188.0 184.0 184.0 224.0 265.0 176.0 176.0 179.0 179.0 192.0 203.0 200.0 192.0 198.0 207.0 167.0 176.0 195.0 171.0 200.0 214.0 204.0 203.0 216.0 198.0 197.0 196.0 190.0 185.0 220.0 192.0 199.0 197.0 215.0 194.0 192.0 230.0 211.0 211.0 220.0 220.0 219.0 205.0 220.0 225.0 167.0 198.0 241.0 218.0 198.0 179.0 181.0 244.0 193.0 192.0 192.0 192.0 203.0 198.0 198.0 203.0 202.0 194.0 194.0 183.0 185.0 192.0 192.0 185.0 185.0 196.0 203.0 194.0 198.0 198.0 235.0 193.44947735191639 16.872311225481827
23 112.0 112.0 112.0 120.0 118.0 118.0 118.0 194.0 125.0 125.0 125.0 120.0 119.0 117.0 143.0 143.0 143.0 143.0 143.0 143.0 126.0 126.0 126.0 126.0 126.0 126.0 120.0 120.0 120.0 109.0 126.0 126.0 126.0 126.0 126.0 126.0 126.0 126.0 126.0 126.0 126.0 115.0 115.0 115.0 119.0 118.0 118.0 120.0 119.0 119.0 122.0 109.0 124.0 124.0 112.0 112.0 124.0 125.0 123.0 123.0 123.0 111.0 125.0 125.0 116.0 132.0 110.0 118.0 120.0 120.0 120.0 129.0 129.0 105.0 105.0 105.0 105.0 125.0 127.0 106.0 106.0 100.0 100.0 122.0 109.0 105.0 115.0 179.0 119.0 107.0 96.0 108.0 108.0 105.0 101.0 120.0 107.0 117.0 118.0 102.0 119.0 103.0 105.0 129.0 112.0 135.0 135.0 124.0 119.0 119.0 115.0 110.0 106.0 103.0 122.0 112.0 117.0 115.0 114.0 100.0 113.0 113.0 109.0 108.0 108.0 121.0 104.0 121.0 102.0 124.0 119.0 119.0 105.0 104.0 107.0 119.0 123.0 121.0 110.0 111.0 113.0 117.0 119.0 102.0 99.0 120.0 120.0 119.0 119.0 100.0 107.0 105.0 115.0 118.0 116.0 116.0 110.0 121.0 135.0 112.0 112.0 112.0 96.0 123.0 122.0 142.0 112.0 118.0 120.0 120.0 118.0 116.0 109.0 118.0 116.0 107.0 104.0 129.0 104.0 101.0 100.0 133.0 119.0 105.0 101.0 122.0 102.0 127.0 113.0 98.0 110.0 109.0 119.0 140.0 126.0 122.0 109.0 116.0 112.0 108.0 108.0 118.0 189.0 177.0 177.0 124.0 122.0 116.0 123.0 121.0 125.0 125.0 155.0 128.0 134.0 116.0 116.0 116.0 116.0 116.0 125.0 125.0 149.0 118.0 127.0 127.0 127.0 111.0 135.0 120.0 128.0 190.0 124.0 121.0 121.0 115.0 120.0 115.0 117.0 119.0 113.0 118.0 119.0 119.0 118.0 119.0 125.0 146.0 113.0 151.0 135.0 135.0 139.0 160.0 157.0 120.0 125.0 115.0 132.0 122.0 121.0 108.0 119.0 119.0 119.0 128.0 128.0 123.0 123.0 123.0 123.0 124.0 118.0 120.0 124.0 123.0 125.0 125.0 125.0 108.0 132.0 120.0 120.0 120.0 120.0 120.0 120.0 120.28919860627178 14.072861910873547
24 273.0 270.0 224.0 223.0 223.0 215.0 252.0 229.0 237.0 237.0 236.0 236.0 228.0 402.0 230.0 230.0 230.0 230.0 221.0 221.0 237.0 237.0 237.0 237.0 237.0 225.0 223.0 210.0 210.0 210.0 210.0 210.0 189.0 191.0 191.0 191.0 191.0 191.0 191.0 191.0 227.0 213.0 213.0 224.0 267.0 222.0 222.0 233.0 233.0 230.0 229.0 226.0 239.0 208.0 225.0 236.0 236.0 235.0 232.0 229.0 231.0 236.0 329.0 329.0 231.0 211.0 206.0 206.0 206.0 219.0 209.0 202.0 195.0 195.0 195.0 225.0 200.0 232.0 214.0 196.0 196.0 212.0 256.0 220.0 197.0 208.0 208.0 228.0 215.0 167.0 183.0 208.0 208.0 214.0 216.0 252.0 241.0 229.0 223.0 224.0 236.0 199.0 220.0 226.0 211.0 253.0 235.0 247.0 241.0 218.0 203.0 201.0 197.0 220.0 234.0 217.0 221.0 229.0 200.0 211.0 235.0 223.0 213.0 206.0 223.0 221.0 222.0 191.0 195.0 232.0 199.0 199.0 199.0 209.0 229.0 228.0 218.0 223.0 209.0 219.0 219.0 225.0 227.0 193.0 237.0 229.0 214.0 456.0 249.0 223.0 201.0 231.0 217.0 222.0 224.0 210.0 322.0 322.0 208.0 226.0 217.0 260.0 211.0 231.0 203.0 225.0 233.0 237.0 237.0 211.0 216.0 206.0 207.0 215.0 230.0 199.0 232.0 220.0 200.0 192.0 222.0 225.0 224.0 197.0 244.0 223.0 220.0 233.0 223.0 200.0 204.0 224.0 225.0 221.0 237.0 204.0 206.0 223.0 242.0 197.0 225.0 227.0 227.0 251.0 251.0 233.0 242.0 222.0 244.0 278.0 208.0 217.0 238.0 283.0 227.0 215.0 215.0 215.0 220.0 295.0 235.0 188.0 200.0 203.0 237.0 237.0 237.0 213.0 227.0 232.0 474.0 236.0 235.0 226.0 227.0 224.0 233.0 237.0 239.0 199.0 230.0 230.0 228.0 233.0 226.0 261.0 279.0 264.0 204.0 394.0 394.0 250.0 250.0 261.0 232.0 228.0 227.0 242.0 238.0 236.0 206.0 206.0 206.0 225.0 233.0 244.0 233.0 254.0 233.0 235.0 236.0 242.0 225.0 262.0 236.0 271.0 235.0 236.0 209.0 317.0 237.0 235.0 230.0 230.0 250.0 250.0 250.0 229.11149825783974 34.8175279412996
25 74.0 74.0 74.0 56.0 71.0 71.0 50.0 51.0 51.0 62.0 58.0 74.0 74.0 74.0 74.0 74.0 74.0 74.0 74.0 74.0 74.0 74.0 74.0 74.0 74.0 50.0 50.0 50.0 46.0 48.0 48.0 48.0 41.0 41.0 41.0 52.0 69.0 69.0 69.0 69.0 51.0 51.0 52.0 53.0 53.0 53.0 48.0 48.0 48.0 50.0 50.0 51.0 51.0 49.0 49.0 49.0 49.0 52.0 52.0 51.0 48.0 53.0 47.0 49.0 49.0 45.0 45.0 66.0 62.0 62.0 62.0 62.0 62.0 62.0 62.0 43.0 64.0 64.0 46.0 76.0 44.0 48.0 52.0 47.0 43.0 43.0 43.0 50.0 52.0 39.0 52.0 68.0 68.0 47.0 48.0 72.0 48.0 43.0 43.0 49.0 47.0 45.0 45.0 46.0 56.0 56.0 60.0 60.0 54.0 52.0 46.0 44.0 44.0 52.0 50.0 49.0 50.0 60.0 44.0 43.0 55.0 49.0 47.0 42.0 50.0 50.0 59.0 42.0 52.0 48.0 44.0 44.0 44.0 44.0 53.0 51.0 55.0 50.0 52.0 52.0 52.0 53.0 45.0 45.0 53.0 45.0 45.0 49.0 50.0 50.0 44.0 44.0 49.0 48.0 48.0 46.0 46.0 46.0 51.0 56.0 50.0 50.0 56.0 52.0 42.0 42.0 53.0 53.0 53.0 53.0 46.0 45.0 45.0 47.0 47.0 44.0 52.0 49.0 43.0 42.0 42.0 45.0 46.0 44.0 49.0 49.0 53.0 51.0 47.0 45.0 45.0 51.0 44.0 55.0 52.0 54.0 49.0 49.0 47.0 53.0 53.0 58.0 59.0 46.0 46.0 52.0 53.0 51.0 51.0 51.0 51.0 51.0 57.0 59.0 48.0 48.0 48.0 48.0 49.0 52.0 48.0 48.0 44.0 49.0 51.0 51.0 51.0 47.0 50.0 50.0 50.0 41.0 63.0 50.0 50.0 50.0 50.0 49.0 49.0 47.0 54.0 52.0 52.0 49.0 52.0 52.0 56.0 56.0 46.0 59.0 57.0 55.0 55.0 59.0 51.0 48.0 48.0 57.0 49.0 50.0 46.0 54.0 54.0 51.0 50.0 50.0 52.0 59.0 51.0 100.0 52.0 52.0 52.0 52.0 56.0 52.0 52.0 52.0 48.0 63.0 52.0 52.0 50.0 50.0 50.0 50.0 50.0 52.50871080139374 8.581922825399127
26 117.0 117.0 123.0 125.0 110.0 122.0 118.0 121.0 121.0 115.0 130.0 130.0 130.0 130.0 130.0 130.0 130.0 130.0 130.0 117.0 117.0 117.0 117.0 117.0 119.0 121.0 121.0 121.0 121.0 121.0 121.0 109.0 102.0 102.0 102.0 123.0 131.0 131.0 114.0 123.0 124.0 124.0 117.0 117.0 117.0 117.0 121.0 121.0 121.0 124.0 124.0 127.0 127.0 117.0 117.0 126.0 124.0 124.0 121.0 131.0 120.0 120.0 106.0 127.0 119.0 109.0 109.0 111.0 111.0 111.0 109.0 110.0 110.0 110.0 107.0 104.0 121.0 110.0 124.0 102.0 99.0 119.0 124.0 110.0 105.0 105.0 105.0 119.0 123.0 94.0 110.0 108.0 101.0 120.0 120.0 136.0 119.0 117.0 121.0 110.0 105.0 102.0 102.0 110.0 127.0 123.0 122.0 127.0 119.0 118.0 105.0 104.0 106.0 126.0 127.0 118.0 112.0 119.0 103.0 103.0 122.0 117.0 115.0 110.0 115.0 109.0 118.0 100.0 123.0 109.0 111.0 104.0 112.0 112.0 118.0 115.0 112.0 119.0 112.0 142.0 119.0 118.0 109.0 109.0 120.0 101.0 119.0 117.0 117.0 107.0 108.0 124.0 114.0 117.0 109.0 107.0 107.0 135.0 119.0 110.0 105.0 113.0 114.0 124.0 116.0 119.0 128.0 128.0 128.0 112.0 110.0 104.0 118.0 114.0 109.0 108.0 130.0 109.0 102.0 102.0 121.0 119.0 107.0 107.0 117.0 119.0 114.0 121.0 134.0 105.0 110.0 121.0 119.0 141.0 113.0 106.0 115.0 121.0 121.0 119.0 127.0 124.0 109.0 108.0 108.0 147.0 116.0 124.0 124.0 124.0 99.0 124.0 118.0 123.0 116.0 116.0 116.0 116.0 118.0 122.0 104.0 119.0 103.0 120.0 110.0 110.0 110.0 115.0 117.0 112.0 106.0 122.0 114.0 119.0 117.0 118.0 117.0 120.0 120.0 118.0 135.0 117.0 118.0 120.0 124.0 134.0 141.0 112.0 112.0 137.0 135.0 135.0 135.0 143.0 122.0 107.0 103.0 117.0 120.0 119.0 111.0 111.0 117.0 119.0 122.0 122.0 127.0 127.0 123.0 137.0 124.0 118.0 120.0 124.0 124.0 123.0 123.0 123.0 108.0 107.0 124.0 118.0 118.0 122.0 121.0 121.0 121.0 117.404181184669 8.942926059881733
27 202.0 202.0 198.0 200.0 196.0 198.0 205.0 205.0 177.0 221.0 202.0 174.0 174.0 174.0 202.0 202.0 202.0 274.0 274.0 274.0 274.0 274.0 274.0 274.0 199.0 194.0 173.0 208.0 209.0 179.0 179.0 170.0 170.0 170.0 264.0 217.0 208.0 239.0 239.0 215.0 215.0 229.0 194.0 194.0 180.0 184.0 198.0 198.0 219.0 194.0 212.0 210.0 177.0 202.0 210.0 210.0 205.0 208.0 212.0 199.0 202.0 175.0 180.0 210.0 186.0 182.0 207.0 199.0 199.0 186.0 182.0 190.0 184.0 184.0 179.0 176.0 199.0 191.0 188.0 188.0 190.0 210.0 188.0 175.0 175.0 175.0 199.0 199.0 156.0 153.0 186.0 179.0 190.0 199.0 199.0 193.0 203.0 178.0 183.0 178.0 177.0 177.0 188.0 204.0 226.0 204.0 208.0 202.0 201.0 186.0 177.0 173.0 191.0 202.0 194.0 195.0 189.0 205.0 172.0 249.0 203.0 191.0 182.0 200.0 180.0 191.0 184.0 184.0 194.0 183.0 208.0 179.0 227.0 198.0 198.0 179.0 179.0 193.0 185.0 187.0 197.0 198.0 186.0 202.0 170.0 162.0 192.0 194.0 210.0 181.0 180.0 197.0 199.0 184.0 180.0 204.0 175.0 198.0 193.0 170.0 180.0 170.0 189.0 193.0 179.0 196.0 196.0 196.0 191.0 188.0 180.0 179.0 196.0 194.0 212.0 208.0 176.0 181.0 173.0 213.0 199.0 186.0 175.0 199.0 199.0 190.0 206.0 205.0 205.0 180.0 193.0 226.0 242.0 218.0 184.0 180.0 198.0 201.0 194.0 205.0 221.0 193.0 182.0 182.0 201.0 209.0 197.0 188.0 188.0 217.0 179.0 209.0 220.0 202.0 194.0 194.0 194.0 196.0 207.0 203.0 168.0 175.0 180.0 173.0 162.0 162.0 178.0 199.0 197.0 187.0 209.0 200.0 196.0 199.0 201.0 201.0 203.0 203.0 184.0 214.0 200.0 196.0 201.0 201.0 210.0 218.0 218.0 173.0 217.0 208.0 213.0 213.0 230.0 195.0 182.0 170.0 212.0 210.0 203.0 182.0 191.0 191.0 200.0 202.0 203.0 206.0 225.0 206.0 209.0 209.0 209.0 198.0 201.0 206.0 209.0 209.0 209.0 219.0 191.0 204.0 204.0 198.0 198.0 203.0 203.0 203.0 203.0 197.38675958188153 19.737797831551518
28 610.0 626.0 625.0 762.0 625.0 616.0 631.0 650.0 712.0 591.0 632.0 614.0 616.0 613.0 613.0 632.0 636.0 628.0 632.0 632.0 632.0 632.0 677.0 629.0 591.0 642.0 632.0 638.0 638.0 546.0 564.0 551.0 551.0 591.0 579.0 633.0 624.0 597.0 597.0 597.0 614.0 591.0 624.0 624.0 614.0 635.0 599.0 588.0 596.0 649.0 665.0 620.0 624.0 623.0 637.0 638.0 650.0 634.0 637.0 647.0 565.0 572.0 628.0 580.0 578.0 585.0 598.0 632.0 635.0 574.0 572.0 577.0 601.0 569.0 605.0 615.0 596.0 581.0 557.0 658.0 626.0 572.0 542.0 547.0 654.0 624.0 544.0 478.0 474.0 580.0 606.0 551.0 551.0 571.0 644.0 623.0 569.0 563.0 560.0 550.0 607.0 602.0 628.0 655.0 649.0 654.0 631.0 655.0 571.0 553.0 551.0 553.0 611.0 618.0 578.0 579.0 591.0 548.0 541.0 591.0 600.0 606.0 629.0 613.0 569.0 543.0 560.0 564.0 595.0 534.0 524.0 611.0 618.0 598.0 552.0 597.0 600.0 588.0 645.0 554.0 544.0 591.0 619.0 608.0 614.0 617.0 600.0 581.0 570.0 584.0 609.0 628.0 590.0 587.0 555.0 565.0 553.0 529.0 546.0 543.0 582.0 583.0 559.0 562.0 578.0 639.0 572.0 582.0 551.0 549.0 559.0 610.0 562.0 559.0 601.0 539.0 531.0 539.0 642.0 610.0 533.0 537.0 562.0 601.0 593.0 570.0 573.0 584.0 539.0 581.0 586.0 612.0 638.0 549.0 577.0 621.0 759.0 668.0 724.0 687.0 589.0 566.0 583.0 647.0 649.0 596.0 545.0 558.0 633.0 694.0 741.0 693.0 705.0 617.0 579.0 572.0 595.0 540.0 516.0 549.0 565.0 559.0 546.0 527.0 548.0 543.0 548.0 592.0 587.0 625.0 558.0 624.0 540.0 539.0 636.0 628.0 643.0 625.0 646.0 661.0 648.0 635.0 642.0 670.0 682.0 590.0 544.0 571.0 636.0 668.0 701.0 626.0 637.0 549.0 536.0 549.0 634.0 611.0 592.0 599.0 627.0 743.0 615.0 630.0 658.0 664.0 666.0 661.0 656.0 593.0 586.0 604.0 521.0 655.0 653.0 694.0 542.0 543.0 556.0 651.0 649.0 792.0 641.0 633.0 620.0 642.0 655.0 602.5505226480836 47.31360252603489
29 16.0 16.0 16.0 16.0 16.0 16.0 19.0 19.0 19.0 19.0 19.0 19.0 19.0 19.0 19.0 19.0 19.0 19.0 19.0 19.0 19.0 19.0 19.0 19.0 19.0 19.0 19.0 19.0 19.0 19.0 19.0 19.0 19.0 14.0 14.0 14.0 14.0 14.0 14.0 14.0 14.0 14.0 14.0 15.0 15.0 15.0 15.0 14.0 14.0 14.0 14.0 16.0 16.0 16.0 16.0 16.0 16.0 16.0 16.0 16.0 14.0 14.0 14.0 14.0 14.0 14.0 16.0 16.0 16.0 16.0 16.0 16.0 14.0 14.0 14.0 14.0 14.0 14.0 16.0 16.0 14.0 13.0 13.0 13.0 13.0 12.0 13.0 12.0 12.0 12.0 17.0 14.0 17.0 17.0 17.0 17.0 14.0 14.0 14.0 14.0 15.0 15.0 15.0 15.0 15.0 15.0 15.0 15.0 14.0 14.0 14.0 14.0 14.0 14.0 15.0 15.0 14.0 14.0 14.0 15.0 15.0 14.0 14.0 14.0 15.0 15.0 14.0 14.0 14.0 13.0 13.0 13.0 13.0 14.0 16.0 14.0 14.0 14.0 17.0 17.0 14.0 16.0 15.0 14.0 14.0 14.0 14.0 14.0 14.0 14.0 15.0 15.0 14.0 14.0 14.0 14.0 14.0 13.0 13.0 17.0 17.0 14.0 14.0 14.0 14.0 15.0 15.0 14.0 14.0 14.0 14.0 14.0 14.0 14.0 14.0 13.0 13.0 13.0 13.0 14.0 14.0 14.0 14.0 14.0 14.0 14.0 14.0 14.0 14.0 15.0 13.0 17.0 17.0 17.0 17.0 17.0 14.0 13.0 14.0 14.0 14.0 14.0 14.0 21.0 14.0 13.0 13.0 13.0 13.0 13.0 13.0 13.0 13.0 13.0 13.0 13.0 13.0 13.0 13.0 14.0 14.0 12.0 12.0 12.0 14.0 14.0 14.0 14.0 14.0 14.0 14.0 14.0 14.0 14.0 14.0 14.0 14.0 14.0 14.0 14.0 16.0 16.0 16.0 16.0 16.0 12.0 14.0 14.0 14.0 14.0 14.0 14.0 14.0 14.0 14.0 16.0 16.0 15.0 15.0 15.0 15.0 15.0 15.0 15.0 15.0 15.0 15.0 15.0 15.0 15.0 15.0 15.0 15.0 15.0 15.0 15.0 14.0 14.0 14.0 14.0 14.0 14.0 14.0 14.0 14.0 14.0 14.0 14.85017421602787 1.750681676713112
30 188.0 185.0 191.0 184.0 184.0 193.0 193.0 193.0 193.0 193.0 193.0 181.0 181.0 181.0 181.0 188.0 184.0 184.0 184.0 184.0 184.0 185.0 185.0 182.0 193.0 181.0 181.0 181.0 181.0 168.0 168.0 168.0 172.0 175.0 191.0 172.0 172.0 172.0 172.0 184.0 172.0 172.0 172.0 187.0 187.0 184.0 173.0 184.0 194.0 194.0 184.0 186.0 186.0 189.0 188.0 189.0 186.0 186.0 190.0 167.0 182.0 184.0 168.0 170.0 173.0 193.0 183.0 183.0 162.0 169.0 175.0 176.0 173.0 186.0 169.0 179.0 168.0 169.0 190.0 178.0 169.0 160.0 195.0 192.0 192.0 165.0 150.0 146.0 184.0 184.0 164.0 162.0 190.0 190.0 179.0 178.0 163.0 180.0 160.0 178.0 180.0 210.0 194.0 193.0 193.0 187.0 196.0 170.0 168.0 163.0 162.0 190.0 180.0 172.0 174.0 184.0 171.0 160.0 188.0 174.0 179.0 170.0 157.0 170.0 167.0 166.0 165.0 165.0 151.0 148.0 185.0 185.0 187.0 161.0 182.0 175.0 186.0 189.0 149.0 157.0 176.0 183.0 179.0 156.0 184.0 172.0 166.0 162.0 167.0 171.0 173.0 169.0 166.0 166.0 162.0 174.0 173.0 150.0 179.0 189.0 159.0 167.0 169.0 201.0 201.0 169.0 176.0 164.0 163.0 181.0 182.0 181.0 196.0 182.0 163.0 155.0 191.0 186.0 184.0 163.0 167.0 176.0 185.0 191.0 167.0 167.0 193.0 186.0 172.0 177.0 175.0 181.0 157.0 184.0 184.0 164.0 168.0 155.0 168.0 169.0 169.0 185.0 233.0 205.0 175.0 157.0 157.0 186.0 189.0 188.0 180.0 175.0 194.0 194.0 158.0 188.0 151.0 150.0 192.0 163.0 147.0 162.0 157.0 164.0 165.0 188.0 177.0 191.0 185.0 183.0 181.0 161.0 187.0 187.0 189.0 199.0 192.0 192.0 198.0 184.0 188.0 191.0 191.0 193.0 193.0 161.0 172.0 196.0 196.0 204.0 172.0 174.0 167.0 161.0 192.0 189.0 180.0 177.0 186.0 180.0 193.0 187.0 195.0 207.0 196.0 197.0 195.0 195.0 175.0 194.0 195.0 193.0 193.0 193.0 210.0 159.0 163.0 163.0 193.0 193.0 191.0 195.0 185.0 185.0 194.0 193.0 197.0 179.0766550522648 13.329906644452757
31 351.0 354.0 343.0 290.0 359.0 355.0 350.0 350.0 350.0 334.0 336.0 336.0 336.0 336.0 351.0 350.0 350.0 350.0 350.0 350.0 343.0 347.0 319.0 356.0 360.0 360.0 360.0 360.0 311.0 319.0 319.0 320.0 321.0 348.0 334.0 331.0 331.0 331.0 337.0 327.0 327.0 332.0 353.0 358.0 347.0 320.0 339.0 362.0 349.0 339.0 344.0 344.0 355.0 349.0 354.0 346.0 350.0 354.0 313.0 313.0 371.0 318.0 316.0 318.0 348.0 352.0 316.0 366.0 319.0 320.0 313.0 332.0 350.0 332.0 341.0 304.0 329.0 346.0 342.0 319.0 299.0 361.0 350.0 348.0 296.0 285.0 283.0 283.0 332.0 309.0 301.0 355.0 352.0 347.0 325.0 312.0 323.0 356.0 380.0 341.0 304.0 358.0 365.0 360.0 346.0 349.0 309.0 306.0 300.0 329.0 328.0 344.0 306.0 316.0 336.0 317.0 296.0 335.0 330.0 343.0 342.0 328.0 322.0 318.0 314.0 312.0 314.0 312.0 288.0 353.0 348.0 340.0 307.0 321.0 310.0 331.0 368.0 281.0 294.0 324.0 325.0 329.0 316.0 361.0 338.0 326.0 296.0 289.0 334.0 300.0 296.0 312.0 312.0 302.0 311.0 324.0 294.0 292.0 308.0 319.0 300.0 313.0 367.0 379.0 344.0 323.0 334.0 309.0 296.0 330.0 335.0 364.0 348.0 310.0 305.0 305.0 343.0 340.0 304.0 301.0 337.0 337.0 347.0 312.0 308.0 350.0 317.0 310.0 342.0 344.0 346.0 318.0 324.0 341.0 318.0 307.0 300.0 321.0 330.0 313.0 429.0 337.0 342.0 329.0 329.0 286.0 403.0 394.0 357.0 335.0 340.0 351.0 346.0 297.0 300.0 289.0 281.0 328.0 305.0 294.0 303.0 317.0 304.0 305.0 343.0 312.0 349.0 346.0 336.0 344.0 300.0 302.0 339.0 351.0 364.0 350.0 470.0 353.0 345.0 351.0 353.0 349.0 351.0 328.0 318.0 309.0 350.0 400.0 390.0 366.0 343.0 316.0 304.0 360.0 348.0 342.0 330.0 348.0 337.0 352.0 357.0 356.0 363.0 382.0 356.0 417.0 361.0 338.0 342.0 359.0 356.0 358.0 358.0 391.0 322.0 317.0 339.0 358.0 355.0 356.0 348.0 348.0 348.0 356.0 355.0 347.0 350.0 334.3414634146342 25.596009890732066
32 553.0 563.0 586.0 586.0 583.0 562.0 541.0 573.0 573.0 573.0 573.0 536.0 574.0 577.0 573.0 573.0 573.0 573.0 564.0 562.0 608.0 584.0 644.0 561.0 544.0 544.0 493.0 514.0 517.0 616.0 535.0 552.0 568.0 551.0 551.0 551.0 570.0 539.0 533.0 533.0 574.0 572.0 590.0 536.0 540.0 534.0 590.0 566.0 566.0 566.0 583.0 576.0 576.0 596.0 586.0 585.0 552.0 510.0 527.0 566.0 519.0 528.0 536.0 583.0 573.0 573.0 573.0 502.0 529.0 539.0 563.0 574.0 562.0 548.0 523.0 571.0 574.0 530.0 512.0 514.0 598.0 587.0 518.0 492.0 484.0 471.0 601.0 573.0 499.0 495.0 585.0 578.0 502.0 507.0 518.0 522.0 554.0 615.0 525.0 516.0 538.0 586.0 592.0 578.0 501.0 512.0 504.0 545.0 558.0 557.0 551.0 477.0 480.0 528.0 496.0 512.0 561.0 536.0 553.0 623.0 526.0 507.0 508.0 510.0 502.0 486.0 482.0 489.0 576.0 563.0 503.0 530.0 549.0 554.0 563.0 571.0 508.0 532.0 530.0 524.0 504.0 517.0 600.0 506.0 501.0 500.0 497.0 551.0 583.0 567.0 485.0 502.0 521.0 499.0 485.0 488.0 485.0 571.0 523.0 542.0 503.0 464.0 522.0 549.0 551.0 493.0 505.0 510.0 540.0 583.0 586.0 550.0 489.0 485.0 528.0 536.0 553.0 484.0 487.0 548.0 583.0 533.0 508.0 531.0 521.0 495.0 503.0 532.0 554.0 532.0 529.0 549.0 568.0 497.0 506.0 492.0 511.0 698.0 650.0 707.0 599.0 569.0 533.0 565.0 575.0 686.0 602.0 566.0 566.0 569.0 572.0 499.0 498.0 496.0 458.0 478.0 532.0 500.0 482.0 485.0 494.0 482.0 506.0 566.0 565.0 571.0 549.0 555.0 519.0 494.0 498.0 574.0 586.0 584.0 568.0 566.0 593.0 580.0 579.0 575.0 582.0 591.0 542.0 513.0 525.0 647.0 614.0 649.0 568.0 594.0 515.0 552.0 590.0 577.0 556.0 545.0 567.0 581.0 606.0 608.0 556.0 610.0 606.0 595.0 534.0 565.0 558.0 573.0 589.0 505.0 666.0 668.0 603.0 518.0 519.0 580.0 583.0 585.0 583.0 567.0 567.0 607.0 589.0 543.0 529.0 558.0 585.0 548.8710801393728 41.85874640057703
33 203.0 217.0 212.0 195.0 197.0 197.0 197.0 197.0 197.0 197.0 192.0 196.0 221.0 327.0 327.0 175.0 175.0 192.0 192.0 192.0 192.0 201.0 183.0 186.0 186.0 169.0 169.0 173.0 201.0 203.0 197.0 181.0 181.0 203.0 203.0 193.0 183.0 188.0 188.0 195.0 178.0 178.0 181.0 180.0 175.0 183.0 194.0 194.0 192.0 202.0 198.0 201.0 197.0 190.0 187.0 197.0 171.0 171.0 171.0 171.0 179.0 201.0 201.0 201.0 201.0 201.0 175.0 175.0 173.0 199.0 193.0 195.0 183.0 183.0 191.0 202.0 180.0 170.0 179.0 200.0 203.0 203.0 185.0 166.0 199.0 199.0 186.0 167.0 170.0 196.0 198.0 213.0 177.0 177.0 189.0 200.0 189.0 176.0 174.0 198.0 301.0 196.0 194.0 199.0 173.0 169.0 185.0 197.0 188.0 190.0 171.0 167.0 180.0 180.0 177.0 198.0 192.0 195.0 204.0 177.0 171.0 174.0 179.0 174.0 167.0 176.0 171.0 196.0 182.0 170.0 181.0 187.0 183.0 196.0 180.0 177.0 194.0 197.0 174.0 166.0 193.0 200.0 184.0 173.0 180.0 160.0 189.0 193.0 193.0 192.0 170.0 174.0 172.0 186.0 174.0 162.0 200.0 195.0 193.0 180.0 180.0 214.0 194.0 210.0 182.0 167.0 178.0 188.0 203.0 195.0 187.0 173.0 166.0 193.0 193.0 192.0 172.0 170.0 194.0 201.0 188.0 166.0 205.0 197.0 167.0 181.0 182.0 186.0 197.0 183.0 192.0 192.0 169.0 172.0 174.0 174.0 287.0 277.0 223.0 185.0 182.0 186.0 307.0 197.0 203.0 196.0 187.0 195.0 196.0 191.0 196.0 171.0 200.0 155.0 160.0 185.0 172.0 158.0 207.0 207.0 160.0 173.0 201.0 187.0 192.0 187.0 186.0 210.0 171.0 185.0 175.0 205.0 205.0 195.0 193.0 194.0 199.0 192.0 195.0 200.0 200.0 180.0 176.0 179.0 197.0 226.0 226.0 189.0 219.0 232.0 202.0 201.0 201.0 190.0 196.0 196.0 203.0 199.0 201.0 201.0 221.0 199.0 202.0 202.0 200.0 209.0 197.0 199.0 201.0 232.0 238.0 207.0 170.0 175.0 197.0 199.0 201.0 181.0 181.0 181.0 200.0 201.0 197.0 185.0 208.0 200.0 176.0 191.6376306620209 21.757268184267367
34 137.0 158.0 138.0 138.0 138.0 138.0 134.0 135.0 135.0 135.0 135.0 143.0 157.0 157.0 128.0 125.0 125.0 138.0 140.0 145.0 145.0 134.0 134.0 140.0 140.0 122.0 127.0 137.0 141.0 143.0 136.0 135.0 144.0 144.0 144.0 139.0 128.0 128.0 142.0 139.0 139.0 139.0 129.0 124.0 124.0 134.0 138.0 138.0 145.0 143.0 138.0 145.0 145.0 131.0 143.0 125.0 122.0 122.0 122.0 128.0 129.0 144.0 142.0 142.0 143.0 146.0 145.0 125.0 137.0 140.0 133.0 134.0 133.0 142.0 138.0 138.0 130.0 123.0 141.0 141.0 141.0 129.0 120.0 122.0 123.0 137.0 134.0 122.0 143.0 139.0 153.0 136.0 128.0 133.0 138.0 141.0 121.0 120.0 136.0 142.0 142.0 140.0 139.0 129.0 124.0 131.0 136.0 131.0 132.0 135.0 119.0 124.0 128.0 124.0 138.0 141.0 138.0 146.0 136.0 132.0 117.0 125.0 124.0 119.0 118.0 119.0 140.0 139.0 129.0 124.0 133.0 145.0 139.0 138.0 130.0 132.0 141.0 123.0 125.0 129.0 152.0 136.0 122.0 151.0 148.0 127.0 139.0 136.0 136.0 116.0 123.0 129.0 134.0 124.0 120.0 112.0 143.0 132.0 137.0 137.0 150.0 117.0 142.0 146.0 124.0 120.0 124.0 140.0 138.0 131.0 129.0 119.0 135.0 140.0 138.0 135.0 126.0 134.0 138.0 143.0 122.0 137.0 145.0 112.0 121.0 131.0 129.0 134.0 134.0 134.0 137.0 134.0 123.0 115.0 125.0 226.0 216.0 148.0 125.0 132.0 129.0 129.0 145.0 152.0 145.0 137.0 142.0 141.0 137.0 139.0 124.0 124.0 139.0 112.0 144.0 122.0 107.0 121.0 121.0 121.0 112.0 141.0 127.0 126.0 122.0 138.0 133.0 121.0 120.0 123.0 130.0 234.0 134.0 137.0 138.0 144.0 139.0 139.0 141.0 145.0 137.0 126.0 126.0 118.0 152.0 152.0 147.0 137.0 163.0 163.0 148.0 143.0 141.0 129.0 137.0 138.0 167.0 138.0 145.0 157.0 143.0 143.0 143.0 131.0 140.0 141.0 141.0 144.0 144.0 151.0 144.0 141.0 119.0 144.0 141.0 144.0 130.0 119.0 119.0 148.0 144.0 145.0 129.0 130.0 146.0 136.0 122.0 135.5993031358885 13.590530416256758
35 5.0 5.0 5.0 5.0 5.0 5.0 5.0 5.0 5.0 5.0 5.0 5.0 5.0 5.0 5.0 5.0 5.0 5.0 5.0 5.0 5.0 5.0 5.0 5.0 4.0 4.0 4.0 4.0 4.0 4.0 4.0 4.0 4.0 4.0 4.0 5.0 5.0 5.0 5.0 5.0 5.0 5.0 5.0 5.0 5.0 5.0 5.0 5.0 5.0 5.0 5.0 5.0 5.0 5.0 5.0 5.0 5.0 5.0 5.0 5.0 5.0 5.0 5.0 5.0 5.0 5.0 5.0 5.0 5.0 5.0 5.0 5.0 5.0 5.0 5.0 5.0 5.0 5.0 6.0 6.0 6.0 6.0 4.0 4.0 4.0 4.0 4.0 5.0 5.0 5.0 5.0 5.0 5.0 5.0 5.0 5.0 5.0 5.0 5.0 5.0 5.0 5.0 6.0 5.0 5.0 5.0 5.0 5.0 5.0 5.0 5.0 5.0 5.0 5.0 5.0 5.0 5.0 5.0 5.0 5.0 5.0 5.0 5.0 4.0 4.0 4.0 6.0 6.0 6.0 4.0 4.0 4.0 4.0 4.0 4.0 5.0 5.0 5.0 5.0 5.0 5.0 5.0 4.0 4.0 4.0 5.0 5.0 5.0 5.0 4.0 5.0 5.0 5.0 5.0 5.0 5.0 5.0 5.0 5.0 5.0 5.0 5.0 5.0 6.0 5.0 5.0 5.0 6.0 6.0 6.0 6.0 4.0 4.0 4.0 4.0 5.0 5.0 5.0 5.0 5.0 5.0 5.0 6.0 4.0 5.0 5.0 5.0 5.0 5.0 5.0 5.0 5.0 5.0 4.0 5.0 9.0 9.0 6.0 5.0 5.0 5.0 5.0 5.0 7.0 7.0 7.0 7.0 7.0 6.0 5.0 5.0 5.0 5.0 4.0 6.0 5.0 4.0 4.0 4.0 4.0 4.0 4.0 5.0 5.0 5.0 5.0 5.0 5.0 4.0 5.0 5.0 5.0 5.0 5.0 5.0 5.0 5.0 5.0 5.0 5.0 5.0 5.0 5.0 5.0 5.0 5.0 5.0 6.0 6.0 6.0 6.0 6.0 6.0 5.0 5.0 5.0 5.0 5.0 5.0 5.0 5.0 5.0 5.0 5.0 5.0 5.0 5.0 5.0 5.0 5.0 5.0 5.0 4.0 4.0 5.0 5.0 5.0 5.0 5.0 5.0 5.0 5.0 5.0 5.0 5.0 5.0 5.0 4.986062717770034 0.6475997935115679
36 56.0 47.0 48.0 48.0 48.0 48.0 48.0 48.0 48.0 50.0 50.0 51.0 51.0 51.0 42.0 42.0 48.0 40.0 40.0 45.0 47.0 45.0 45.0 45.0 38.0 39.0 39.0 65.0 44.0 45.0 42.0 42.0 42.0 42.0 42.0 43.0 43.0 43.0 44.0 44.0 44.0 44.0 41.0 41.0 41.0 52.0 52.0 52.0 47.0 45.0 46.0 46.0 46.0 46.0 45.0 39.0 39.0 39.0 39.0 42.0 42.0 42.0 42.0 42.0 42.0 42.0 42.0 42.0 46.0 49.0 48.0 48.0 45.0 62.0 62.0 42.0 42.0 41.0 41.0 47.0 47.0 44.0 39.0 40.0 40.0 40.0 44.0 39.0 45.0 49.0 50.0 45.0 43.0 47.0 45.0 45.0 39.0 40.0 46.0 46.0 46.0 51.0 51.0 41.0 39.0 44.0 44.0 45.0 45.0 45.0 41.0 41.0 41.0 40.0 45.0 40.0 47.0 49.0 56.0 46.0 38.0 40.0 42.0 37.0 43.0 47.0 46.0 43.0 40.0 39.0 39.0 39.0 44.0 52.0 43.0 46.0 46.0 39.0 39.0 39.0 45.0 41.0 39.0 39.0 42.0 43.0 44.0 44.0 44.0 38.0 40.0 40.0 45.0 39.0 41.0 47.0 47.0 44.0 41.0 41.0 53.0 38.0 46.0 48.0 40.0 45.0 39.0 45.0 44.0 44.0 45.0 40.0 51.0 51.0 45.0 41.0 45.0 46.0 49.0 44.0 44.0 44.0 46.0 39.0 41.0 43.0 42.0 40.0 44.0 48.0 48.0 43.0 41.0 37.0 45.0 56.0 49.0 49.0 47.0 45.0 45.0 55.0 67.0 65.0 50.0 44.0 46.0 44.0 44.0 46.0 40.0 49.0 46.0 38.0 51.0 39.0 36.0 36.0 36.0 39.0 39.0 51.0 41.0 46.0 46.0 49.0 46.0 40.0 39.0 39.0 48.0 47.0 47.0 49.0 49.0 46.0 49.0 49.0 49.0 49.0 47.0 41.0 49.0 44.0 54.0 54.0 54.0 50.0 50.0 50.0 51.0 49.0 44.0 42.0 42.0 52.0 45.0 53.0 46.0 54.0 47.0 49.0 49.0 49.0 44.0 47.0 47.0 47.0 47.0 55.0 49.0 38.0 38.0 49.0 49.0 49.0 40.0 40.0 40.0 46.0 46.0 47.0 42.0 53.0 46.0 46.0 41.0 44.99303135888502 4.96772311492555
37 591.0 531.0 551.0 569.0 556.0 541.0 548.0 548.0 548.0 589.0 611.0 643.0 521.0 510.0 512.0 563.0 557.0 588.0 572.0 577.0 533.0 529.0 546.0 539.0 486.0 537.0 604.0 549.0 580.0 549.0 582.0 585.0 580.0 559.0 526.0 524.0 569.0 576.0 561.0 561.0 528.0 526.0 522.0 532.0 567.0 563.0 570.0 582.0 570.0 571.0 577.0 549.0 550.0 580.0 477.0 478.0 546.0 473.0 522.0 522.0 566.0 559.0 576.0 583.0 596.0 596.0 537.0 566.0 573.0 550.0 550.0 575.0 559.0 589.0 521.0 516.0 513.0 546.0 584.0 498.0 515.0 493.0 496.0 562.0 548.0 489.0 489.0 558.0 584.0 505.0 494.0 520.0 514.0 569.0 533.0 489.0 494.0 530.0 575.0 569.0 523.0 513.0 482.0 490.0 504.0 558.0 547.0 539.0 517.0 485.0 515.0 513.0 509.0 542.0 557.0 544.0 557.0 525.0 508.0 503.0 501.0 522.0 480.0 487.0 494.0 560.0 526.0 506.0 510.0 516.0 560.0 561.0 556.0 552.0 586.0 561.0 500.0 488.0 489.0 495.0 507.0 500.0 490.0 498.0 529.0 556.0 489.0 474.0 491.0 503.0 501.0 488.0 465.0 482.0 559.0 563.0 553.0 537.0 556.0 512.0 572.0 511.0 505.0 504.0 491.0 518.0 583.0 550.0 527.0 490.0 490.0 470.0 514.0 559.0 516.0 501.0 526.0 525.0 574.0 563.0 558.0 512.0 489.0 479.0 541.0 528.0 600.0 859.0 762.0 499.0 1555.0 518.0 578.0 642.0 620.0 624.0 605.0 605.0 513.0 509.0 534.0 603.0 747.0 564.0 563.0 559.0 549.0 536.0 543.0 539.0 512.0 479.0 470.0 484.0 499.0 480.0 488.0 556.0 476.0 479.0 556.0 483.0 506.0 541.0 535.0 561.0 510.0 511.0 502.0 510.0 594.0 572.0 566.0 567.0 574.0 564.0 570.0 572.0 596.0 521.0 549.0 550.0 565.0 566.0 567.0 626.0 609.0 486.0 610.0 587.0 613.0 556.0 531.0 640.0 599.0 586.0 562.0 648.0 584.0 577.0 584.0 575.0 566.0 572.0 563.0 580.0 579.0 631.0 633.0 566.0 503.0 486.0 575.0 572.0 577.0 502.0 492.0 586.0 575.0 587.0 569.0 533.0 548.0 574.0 496.0 498.0 485.0 547.7108013937283 75.82204498231091
38 157.0 157.0 168.0 168.0 163.0 163.0 163.0 162.0 166.0 194.0 194.0 194.0 149.0 166.0 168.0 168.0 173.0 161.0 174.0 157.0 147.0 147.0 168.0 146.0 168.0 165.0 169.0 166.0 166.0 175.0 174.0 174.0 166.0 156.0 162.0 168.0 169.0 169.0 169.0 168.0 156.0 150.0 150.0 150.0 169.0 165.0 175.0 165.0 171.0 170.0 163.0 161.0 173.0 146.0 145.0 145.0 145.0 157.0 165.0 175.0 175.0 175.0 174.0 174.0 174.0 150.0 170.0 174.0 157.0 153.0 153.0 172.0 158.0 153.0 154.0 168.0 207.0 160.0 147.0 153.0 143.0 156.0 174.0 161.0 145.0 145.0 172.0 176.0 173.0 145.0 157.0 162.0 283.0 163.0 147.0 154.0 171.0 171.0 172.0 154.0 173.0 144.0 145.0 165.0 171.0 160.0 164.0 157.0 147.0 152.0 276.0 143.0 153.0 161.0 164.0 168.0 179.0 181.0 143.0 160.0 155.0 129.0 135.0 138.0 165.0 165.0 173.0 146.0 172.0 169.0 168.0 164.0 172.0 161.0 157.0 147.0 172.0 158.0 142.0 147.0 141.0 147.0 145.0 155.0 165.0 148.0 151.0 138.0 149.0 162.0 146.0 150.0 137.0 148.0 168.0 154.0 190.0 190.0 166.0 146.0 154.0 152.0 147.0 160.0 152.0 175.0 156.0 155.0 158.0 138.0 164.0 164.0 166.0 149.0 167.0 153.0 150.0 165.0 155.0 166.0 149.0 143.0 146.0 160.0 202.0 162.0 145.0 144.0 173.0 150.0 147.0 152.0 161.0 194.0 158.0 183.0 166.0 153.0 156.0 236.0 182.0 236.0 170.0 165.0 165.0 168.0 154.0 158.0 148.0 173.0 153.0 138.0 144.0 152.0 148.0 144.0 165.0 149.0 148.0 173.0 151.0 149.0 148.0 164.0 150.0 167.0 175.0 148.0 185.0 175.0 166.0 167.0 172.0 173.0 160.0 168.0 173.0 173.0 156.0 166.0 175.0 177.0 175.0 175.0 199.0 201.0 146.0 147.0 173.0 169.0 165.0 160.0 160.0 188.0 160.0 171.0 171.0 171.0 171.0 174.0 174.0 167.0 169.0 166.0 170.0 174.0 169.0 169.0 162.0 171.0 171.0 171.0 168.0 181.0 170.0 217.0 217.0 174.0 173.0 169.0 169.0 176.0 170.0 155.0 145.0 145.0 154.0 163.77700348432057 17.7610133490548
39 374.0 381.0 381.0 385.0 387.0 405.0 413.0 416.0 436.0 436.0 400.0 363.0 362.0 395.0 400.0 414.0 402.0 413.0 367.0 373.0 400.0 400.0 346.0 379.0 402.0 402.0 398.0 398.0 401.0 414.0 414.0 396.0 374.0 374.0 385.0 404.0 364.0 364.0 370.0 372.0 371.0 385.0 395.0 403.0 401.0 490.0 400.0 396.0 406.0 390.0 396.0 404.0 353.0 347.0 347.0 347.0 391.0 401.0 393.0 374.0 406.0 413.0 413.0 413.0 380.0 407.0 411.0 356.0 382.0 374.0 384.0 366.0 365.0 365.0 407.0 408.0 408.0 348.0 352.0 342.0 346.0 401.0 388.0 346.0 344.0 400.0 408.0 372.0 344.0 345.0 382.0 441.0 388.0 350.0 345.0 376.0 368.0 431.0 372.0 375.0 355.0 349.0 370.0 391.0 383.0 388.0 378.0 340.0 353.0 372.0 366.0 363.0 400.0 387.0 358.0 403.0 407.0 359.0 368.0 360.0 344.0 321.0 344.0 380.0 354.0 387.0 363.0 373.0 398.0 393.0 390.0 400.0 394.0 370.0 399.0 332.0 362.0 337.0 360.0 350.0 342.0 341.0 375.0 391.0 345.0 354.0 346.0 349.0 346.0 345.0 365.0 382.0 394.0 363.0 343.0 352.0 372.0 398.0 413.0 354.0 363.0 358.0 358.0 360.0 407.0 379.0 362.0 370.0 350.0 323.0 399.0 394.0 403.0 397.0 365.0 361.0 393.0 344.0 383.0 342.0 352.0 339.0 380.0 373.0 365.0 348.0 344.0 389.0 367.0 357.0 374.0 361.0 398.0 375.0 402.0 370.0 384.0 349.0 393.0 470.0 425.0 409.0 390.0 386.0 405.0 368.0 378.0 367.0 381.0 375.0 334.0 352.0 351.0 333.0 339.0 392.0 338.0 337.0 363.0 343.0 350.0 379.0 386.0 349.0 343.0 392.0 352.0 354.0 404.0 399.0 393.0 408.0 410.0 395.0 369.0 407.0 407.0 377.0 384.0 381.0 435.0 427.0 417.0 419.0 429.0 347.0 352.0 400.0 404.0 386.0 375.0 326.0 353.0 439.0 406.0 394.0 404.0 413.0 414.0 414.0 397.0 399.0 401.0 398.0 412.0 349.0 355.0 404.0 407.0 407.0 406.0 400.0 408.0 400.0 400.0 414.0 410.0 413.0 407.0 398.0 418.0 409.0 359.0 338.0 371.0 371.0 367.0 380.5609756097561 26.85708634898331
40 125.0 125.0 119.0 119.0 119.0 119.0 115.0 134.0 134.0 134.0 134.0 111.0 111.0 115.0 115.0 122.0 127.0 106.0 115.0 115.0 115.0 107.0 112.0 124.0 120.0 122.0 122.0 122.0 127.0 127.0 119.0 121.0 113.0 113.0 122.0 118.0 119.0 142.0 115.0 107.0 107.0 107.0 123.0 122.0 123.0 122.0 122.0 122.0 125.0 112.0 128.0 125.0 108.0 108.0 108.0 115.0 118.0 110.0 112.0 112.0 118.0 118.0 118.0 118.0 124.0 123.0 113.0 121.0 118.0 118.0 115.0 115.0 119.0 122.0 121.0 121.0 121.0 109.0 112.0 106.0 115.0 109.0 119.0 106.0 124.0 127.0 130.0 109.0 114.0 115.0 122.0 118.0 116.0 115.0 111.0 115.0 121.0 112.0 113.0 115.0 116.0 108.0 124.0 117.0 116.0 122.0 103.0 109.0 115.0 113.0 115.0 128.0 119.0 108.0 129.0 124.0 107.0 116.0 112.0 108.0 100.0 107.0 122.0 110.0 107.0 112.0 118.0 122.0 118.0 126.0 123.0 122.0 114.0 114.0 116.0 106.0 103.0 104.0 106.0 107.0 112.0 106.0 122.0 120.0 109.0 109.0 106.0 113.0 103.0 97.0 102.0 101.0 111.0 120.0 109.0 117.0 117.0 125.0 120.0 108.0 106.0 103.0 113.0 121.0 117.0 116.0 110.0 109.0 104.0 118.0 115.0 120.0 116.0 121.0 109.0 119.0 121.0 115.0 111.0 104.0 104.0 116.0 112.0 110.0 112.0 111.0 121.0 114.0 104.0 104.0 114.0 123.0 117.0 106.0 106.0 126.0 127.0 162.0 113.0 114.0 115.0 122.0 121.0 124.0 111.0 119.0 108.0 115.0 123.0 102.0 106.0 125.0 125.0 97.0 114.0 115.0 105.0 114.0 120.0 104.0 104.0 120.0 106.0 104.0 115.0 120.0 107.0 124.0 123.0 122.0 122.0 125.0 112.0 123.0 128.0 107.0 123.0 120.0 114.0 128.0 146.0 112.0 128.0 121.0 112.0 102.0 133.0 122.0 125.0 116.0 116.0 102.0 102.0 125.0 127.0 127.0 123.0 125.0 125.0 125.0 123.0 120.0 128.0 120.0 130.0 105.0 120.0 121.0 109.0 127.0 115.0 124.0 116.0 115.0 115.0 118.0 118.0 114.0 109.0 127.0 124.0 118.0 108.0 108.0 117.0 113.0 117.0 116.404181184669 8.318635869918106
41 86.0 86.0 82.0 82.0 86.0 86.0 93.0 99.0 99.0 99.0 96.0 78.0 96.0 96.0 88.0 83.0 83.0 87.0 93.0 93.0 84.0 74.0 89.0 86.0 97.0 84.0 99.0 89.0 89.0 89.0 89.0 78.0 78.0 88.0 91.0 91.0 96.0 96.0 81.0 86.0 86.0 86.0 89.0 107.0 87.0 103.0 87.0 88.0 80.0 87.0 87.0 76.0 75.0 75.0 75.0 79.0 89.0 89.0 89.0 89.0 88.0 88.0 88.0 82.0 87.0 89.0 87.0 83.0 82.0 95.0 74.0 85.0 83.0 98.0 98.0 98.0 85.0 78.0 73.0 77.0 76.0 87.0 87.0 74.0 90.0 90.0 94.0 76.0 76.0 80.0 84.0 91.0 79.0 79.0 92.0 82.0 109.0 81.0 97.0 82.0 78.0 75.0 86.0 84.0 88.0 81.0 83.0 77.0 74.0 79.0 87.0 85.0 84.0 79.0 95.0 84.0 72.0 83.0 76.0 76.0 69.0 76.0 91.0 77.0 78.0 79.0 90.0 82.0 82.0 86.0 85.0 87.0 88.0 80.0 83.0 73.0 76.0 73.0 77.0 88.0 93.0 75.0 91.0 79.0 72.0 74.0 80.0 78.0 78.0 71.0 104.0 72.0 78.0 81.0 76.0 85.0 85.0 87.0 77.0 77.0 74.0 85.0 77.0 90.0 85.0 82.0 84.0 70.0 82.0 78.0 80.0 91.0 76.0 101.0 79.0 87.0 85.0 78.0 77.0 80.0 72.0 79.0 74.0 76.0 88.0 75.0 84.0 78.0 74.0 72.0 80.0 85.0 86.0 94.0 116.0 92.0 107.0 105.0 77.0 110.0 90.0 97.0 84.0 101.0 80.0 78.0 77.0 87.0 76.0 77.0 80.0 86.0 87.0 67.0 78.0 101.0 82.0 80.0 81.0 71.0 71.0 94.0 72.0 74.0 83.0 76.0 91.0 96.0 90.0 84.0 88.0 89.0 89.0 88.0 97.0 71.0 82.0 82.0 75.0 97.0 85.0 82.0 96.0 83.0 77.0 81.0 94.0 102.0 86.0 79.0 79.0 75.0 130.0 88.0 88.0 96.0 94.0 94.0 94.0 87.0 86.0 86.0 92.0 77.0 95.0 74.0 85.0 93.0 99.0 86.0 86.0 88.0 88.0 82.0 96.0 80.0 101.0 91.0 91.0 92.0 88.0 96.0 80.0 80.0 91.0 91.0 86.0 85.13937282229965 8.760692784638163
42 634.0 634.0 744.0 685.0 704.0 691.0 711.0 671.0 614.0 614.0 657.0 670.0 695.0 692.0 671.0 672.0 606.0 630.0 678.0 606.0 688.0 708.0 670.0 660.0 662.0 663.0 681.0 690.0 707.0 666.0 643.0 635.0 669.0 682.0 606.0 665.0 815.0 602.0 607.0 667.0 660.0 676.0 740.0 691.0 673.0 715.0 659.0 655.0 653.0 630.0 587.0 586.0 3083.0 626.0 643.0 692.0 649.0 725.0 683.0 691.0 691.0 762.0 693.0 682.0 688.0 658.0 630.0 686.0 674.0 561.0 561.0 705.0 692.0 714.0 624.0 610.0 593.0 584.0 576.0 650.0 650.0 656.0 677.0 680.0 674.0 607.0 591.0 584.0 672.0 606.0 619.0 614.0 616.0 672.0 718.0 661.0 629.0 602.0 577.0 585.0 683.0 626.0 625.0 629.0 647.0 611.0 603.0 618.0 633.0 588.0 636.0 638.0 694.0 633.0 591.0 580.0 589.0 599.0 577.0 549.0 580.0 609.0 598.0 605.0 616.0 616.0 666.0 616.0 679.0 666.0 668.0 665.0 613.0 613.0 607.0 657.0 698.0 650.0 670.0 567.0 579.0 628.0 578.0 583.0 589.0 586.0 600.0 651.0 653.0 713.0 727.0 599.0 587.0 572.0 634.0 639.0 638.0 607.0 611.0 594.0 600.0 594.0 681.0 626.0 590.0 717.0 777.0 631.0 657.0 700.0 649.0 671.0 630.0 606.0 689.0 611.0 623.0 605.0 599.0 680.0 665.0 671.0 593.0 630.0 659.0 599.0 596.0 584.0 587.0 647.0 637.0 671.0 624.0 693.0 678.0 668.0 604.0 630.0 641.0 683.0 681.0 681.0 650.0 705.0 636.0 619.0 631.0 644.0 706.0 714.0 676.0 557.0 559.0 598.0 690.0 725.0 692.0 588.0 589.0 660.0 678.0 585.0 591.0 654.0 594.0 601.0 687.0 650.0 687.0 681.0 676.0 671.0 640.0 590.0 576.0 590.0 674.0 637.0 695.0 722.0 727.0 699.0 652.0 620.0 660.0 716.0 658.0 645.0 632.0 598.0 581.0 644.0 701.0 651.0 682.0 655.0 702.0 666.0 673.0 675.0 646.0 649.0 684.0 572.0 568.0 592.0 693.0 670.0 664.0 681.0 666.0 662.0 696.0 685.0 696.0 672.0 671.0 701.0 707.0 661.0 619.0 606.0 635.0 620.0 657.0 656.0 663.0 655.0069686411149 150.5579597761856
43 760.0 750.0 739.0 742.0 760.0 753.0 681.0 702.0 703.0 733.0 733.0 672.0 672.0 692.0 739.0 786.0 734.0 706.0 673.0 689.0 713.0 786.0 731.0 738.0 727.0 727.0 700.0 704.0 707.0 704.0 726.0 758.0 748.0 787.0 837.0 692.0 692.0 736.0 708.0 719.0 757.0 778.0 749.0 761.0 726.0 707.0 711.0 795.0 717.0 647.0 690.0 732.0 735.0 737.0 745.0 726.0 833.0 893.0 764.0 668.0 666.0 666.0 718.0 709.0 739.0 758.0 869.0 776.0 758.0 745.0 741.0 741.0 747.0 667.0 655.0 638.0 644.0 709.0 719.0 690.0 636.0 677.0 766.0 745.0 721.0 762.0 718.0 678.0 657.0 686.0 658.0 705.0 685.0 714.0 733.0 654.0 644.0 643.0 704.0 666.0 715.0 715.0 711.0 696.0 762.0 678.0 747.0 683.0 682.0 648.0 686.0 727.0 689.0 655.0 663.0 660.0 641.0 600.0 627.0 639.0 676.0 666.0 674.0 703.0 748.0 785.0 714.0 741.0 752.0 639.0 751.0 1089.0 753.0 704.0 693.0 733.0 637.0 615.0 631.0 670.0 789.0 677.0 653.0 713.0 675.0 678.0 766.0 721.0 661.0 671.0 616.0 666.0 707.0 720.0 705.0 735.0 693.0 664.0 670.0 765.0 708.0 662.0 729.0 725.0 736.0 752.0 745.0 748.0 757.0 738.0 686.0 672.0 668.0 677.0 691.0 721.0 702.0 666.0 691.0 701.0 729.0 741.0 745.0 677.0 643.0 645.0 678.0 701.0 690.0 661.0 720.0 654.0 733.0 666.0 669.0 670.0 709.0 736.0 695.0 689.0 712.0 651.0 688.0 706.0 706.0 734.0 756.0 778.0 727.0 671.0 620.0 660.0 743.0 751.0 718.0 696.0 685.0 707.0 706.0 659.0 660.0 687.0 667.0 684.0 753.0 759.0 760.0 758.0 755.0 734.0 743.0 649.0 655.0 642.0 671.0 664.0 776.0 725.0 695.0 721.0 768.0 742.0 743.0 740.0 686.0 695.0 697.0 742.0 681.0 735.0 740.0 733.0 766.0 779.0 768.0 758.0 767.0 747.0 699.0 716.0 750.0 648.0 666.0 649.0 778.0 746.0 732.0 629.0 686.0 701.0 706.0 764.0 817.0 741.0 679.0 660.0 667.0 722.0 717.0 726.0 679.0 714.0 708.0 1443.0 690.0 778.0 767.0 714.2961672473867 65.86423379157273
44 172.0 181.0 181.0 185.0 185.0 162.0 168.0 175.0 175.0 175.0 175.0 175.0 165.0 170.0 160.0 182.0 155.0 155.0 173.0 173.0 177.0 177.0 176.0 176.0 176.0 168.0 173.0 175.0 170.0 170.0 188.0 183.0 190.0 190.0 169.0 160.0 179.0 178.0 177.0 187.0 186.0 174.0 184.0 168.0 176.0 181.0 172.0 171.0 171.0 171.0 171.0 178.0 178.0 172.0 172.0 191.0 191.0 191.0 171.0 163.0 187.0 173.0 171.0 184.0 187.0 160.0 160.0 186.0 182.0 179.0 178.0 178.0 162.0 154.0 154.0 154.0 175.0 175.0 170.0 176.0 180.0 182.0 187.0 163.0 174.0 175.0 175.0 165.0 166.0 166.0 156.0 166.0 180.0 161.0 173.0 151.0 177.0 181.0 172.0 172.0 177.0 174.0 170.0 168.0 180.0 182.0 166.0 167.0 168.0 173.0 182.0 164.0 165.0 159.0 160.0 152.0 162.0 157.0 162.0 180.0 172.0 154.0 181.0 182.0 185.0 176.0 158.0 155.0 154.0 140.0 140.0 180.0 174.0 160.0 181.0 153.0 152.0 166.0 181.0 181.0 157.0 152.0 152.0 156.0 176.0 178.0 181.0 179.0 162.0 166.0 167.0 174.0 174.0 176.0 175.0 170.0 169.0 170.0 182.0 172.0 152.0 168.0 178.0 173.0 185.0 185.0 184.0 186.0 200.0 164.0 175.0 164.0 167.0 171.0 178.0 188.0 156.0 155.0 174.0 182.0 162.0 177.0 156.0 156.0 171.0 165.0 162.0 178.0 162.0 158.0 165.0 162.0 162.0 170.0 163.0 178.0 185.0 170.0 158.0 177.0 158.0 165.0 186.0 179.0 169.0 178.0 178.0 181.0 153.0 147.0 181.0 178.0 176.0 183.0 165.0 165.0 175.0 187.0 155.0 155.0 178.0 171.0 180.0 185.0 177.0 190.0 171.0 163.0 179.0 179.0 179.0 155.0 154.0 159.0 171.0 189.0 168.0 171.0 182.0 173.0 180.0 182.0 178.0 176.0 158.0 182.0 180.0 163.0 181.0 181.0 174.0 183.0 185.0 189.0 181.0 187.0 163.0 163.0 165.0 189.0 150.0 153.0 180.0 179.0 181.0 181.0 154.0 153.0 176.0 176.0 176.0 184.0 177.0 179.0 160.0 160.0 176.0 176.0 176.0 169.0 177.0 177.0 177.0 165.0 202.0 193.0 151.0 172.01742160278746 10.819710208363174
45 645.0 664.0 671.0 653.0 592.0 613.0 653.0 686.0 576.0 662.0 665.0 653.0 643.0 639.0 644.0 610.0 604.0 614.0 634.0 633.0 632.0 623.0 631.0 643.0 605.0 604.0 611.0 625.0 630.0 662.0 647.0 660.0 595.0 629.0 584.0 600.0 633.0 641.0 655.0 645.0 632.0 639.0 619.0 621.0 605.0 628.0 617.0 600.0 605.0 662.0 637.0 646.0 648.0 670.0 684.0 543.0 555.0 599.0 630.0 655.0 635.0 664.0 700.0 662.0 605.0 628.0 677.0 649.0 656.0 654.0 619.0 598.0 562.0 554.0 570.0 620.0 620.0 593.0 628.0 639.0 647.0 645.0 614.0 625.0 636.0 621.0 585.0 585.0 621.0 601.0 604.0 623.0 599.0 541.0 551.0 578.0 624.0 620.0 636.0 626.0 610.0 602.0 592.0 631.0 533.0 552.0 585.0 633.0 606.0 614.0 578.0 581.0 579.0 577.0 553.0 575.0 577.0 577.0 585.0 590.0 585.0 650.0 659.0 631.0 633.0 633.0 588.0 511.0 603.0 583.0 587.0 635.0 600.0 627.0 530.0 536.0 585.0 570.0 544.0 595.0 577.0 573.0 581.0 652.0 625.0 606.0 587.0 573.0 556.0 596.0 619.0 598.0 587.0 651.0 669.0 636.0 611.0 642.0 593.0 591.0 590.0 641.0 611.0 609.0 658.0 656.0 647.0 626.0 605.0 609.0 595.0 589.0 616.0 632.0 605.0 590.0 557.0 640.0 620.0 659.0 577.0 566.0 568.0 671.0 584.0 585.0 582.0 623.0 605.0 593.0 586.0 608.0 577.0 624.0 637.0 645.0 585.0 600.0 586.0 572.0 611.0 596.0 613.0 605.0 653.0 626.0 624.0 541.0 558.0 646.0 598.0 641.0 616.0 593.0 600.0 622.0 581.0 582.0 562.0 570.0 572.0 631.0 652.0 650.0 663.0 642.0 629.0 643.0 640.0 570.0 565.0 575.0 586.0 604.0 641.0 607.0 606.0 644.0 573.0 616.0 641.0 639.0 640.0 579.0 620.0 574.0 571.0 572.0 639.0 583.0 575.0 664.0 617.0 596.0 652.0 626.0 586.0 589.0 662.0 580.0 557.0 653.0 595.0 548.0 563.0 569.0 555.0 603.0 635.0 645.0 653.0 646.0 587.0 587.0 587.0 593.0 575.0 611.0 622.0 642.0 571.0 545.0 651.0 670.0 620.0 573.0 590.0 611.0940766550523 34.07039503642656
46 431.0 430.0 404.0 384.0 408.0 425.0 425.0 430.0 426.0 423.0 413.0 370.0 418.0 346.0 357.0 390.0 415.0 423.0 394.0 401.0 408.0 483.0 393.0 396.0 405.0 401.0 405.0 415.0 414.0 430.0 403.0 418.0 381.0 379.0 396.0 406.0 429.0 416.0 411.0 433.0 401.0 403.0 416.0 400.0 398.0 398.0 395.0 406.0 415.0 418.0 415.0 441.0 432.0 432.0 362.0 352.0 412.0 427.0 433.0 419.0 427.0 416.0 411.0 388.0 409.0 418.0 424.0 412.0 426.0 394.0 368.0 365.0 361.0 398.0 397.0 385.0 381.0 447.0 431.0 415.0 388.0 433.0 428.0 428.0 377.0 373.0 371.0 447.0 392.0 385.0 375.0 389.0 371.0 363.0 409.0 407.0 399.0 409.0 412.0 391.0 390.0 410.0 428.0 413.0 352.0 415.0 417.0 396.0 369.0 376.0 375.0 372.0 358.0 363.0 364.0 364.0 389.0 387.0 368.0 406.0 416.0 426.0 385.0 386.0 409.0 391.0 354.0 388.0 366.0 416.0 391.0 402.0 399.0 348.0 356.0 371.0 339.0 351.0 367.0 367.0 384.0 421.0 418.0 378.0 388.0 367.0 393.0 359.0 405.0 417.0 412.0 407.0 482.0 540.0 385.0 434.0 402.0 365.0 373.0 425.0 405.0 428.0 422.0 424.0 416.0 397.0 385.0 407.0 404.0 405.0 414.0 427.0 424.0 363.0 361.0 391.0 413.0 390.0 413.0 369.0 376.0 378.0 395.0 388.0 397.0 700.0 400.0 376.0 364.0 353.0 373.0 361.0 420.0 422.0 391.0 377.0 389.0 379.0 371.0 376.0 362.0 412.0 408.0 413.0 419.0 423.0 370.0 383.0 400.0 391.0 410.0 376.0 421.0 404.0 382.0 366.0 385.0 413.0 363.0 389.0 422.0 465.0 441.0 419.0 397.0 361.0 422.0 418.0 355.0 366.0 381.0 397.0 442.0 428.0 380.0 408.0 374.0 395.0 422.0 407.0 408.0 416.0 412.0 399.0 359.0 360.0 360.0 411.0 422.0 426.0 398.0 424.0 428.0 383.0 493.0 385.0 411.0 426.0 404.0 418.0 425.0 373.0 368.0 376.0 377.0 391.0 391.0 437.0 427.0 410.0 421.0 386.0 381.0 382.0 417.0 379.0 387.0 385.0 427.0 353.0 355.0 441.0 424.0 381.0 364.0 395.0 416.0 400.2473867595819 32.1604062887518
47 251.0 234.0 227.0 240.0 238.0 238.0 257.0 252.0 244.0 247.0 247.0 267.0 242.0 205.0 236.0 246.0 248.0 237.0 226.0 226.0 242.0 232.0 270.0 223.0 236.0 250.0 247.0 248.0 251.0 232.0 225.0 214.0 223.0 237.0 231.0 245.0 264.0 241.0 241.0 236.0 234.0 230.0 293.0 235.0 235.0 231.0 237.0 242.0 263.0 247.0 251.0 252.0 209.0 334.0 350.0 236.0 236.0 263.0 255.0 257.0 228.0 240.0 261.0 244.0 251.0 246.0 240.0 240.0 237.0 215.0 211.0 207.0 233.0 239.0 240.0 253.0 248.0 271.0 237.0 251.0 237.0 234.0 234.0 238.0 220.0 215.0 260.0 291.0 276.0 231.0 210.0 237.0 230.0 241.0 317.0 235.0 235.0 235.0 246.0 256.0 265.0 247.0 307.0 292.0 236.0 243.0 233.0 239.0 218.0 222.0 216.0 236.0 209.0 222.0 231.0 226.0 229.0 215.0 253.0 247.0 245.0 229.0 232.0 243.0 234.0 212.0 239.0 216.0 240.0 240.0 258.0 239.0 206.0 221.0 210.0 221.0 199.0 225.0 221.0 226.0 261.0 248.0 231.0 225.0 227.0 231.0 207.0 220.0 231.0 263.0 270.0 221.0 216.0 226.0 247.0 234.0 235.0 221.0 238.0 220.0 227.0 242.0 236.0 244.0 248.0 229.0 267.0 232.0 228.0 209.0 232.0 249.0 219.0 211.0 240.0 244.0 227.0 252.0 373.0 220.0 221.0 217.0 219.0 244.0 224.0 233.0 231.0 227.0 210.0 244.0 235.0 243.0 245.0 237.0 228.0 243.0 233.0 217.0 219.0 211.0 243.0 241.0 201.0 242.0 238.0 263.0 248.0 235.0 221.0 235.0 222.0 226.0 222.0 238.0 220.0 216.0 248.0 218.0 236.0 239.0 242.0 216.0 244.0 238.0 210.0 195.0 240.0 204.0 213.0 225.0 240.0 255.0 252.0 225.0 226.0 245.0 209.0 246.0 241.0 244.0 236.0 247.0 237.0 215.0 208.0 244.0 239.0 252.0 298.0 209.0 222.0 248.0 222.0 245.0 245.0 213.0 213.0 235.0 246.0 286.0 217.0 216.0 211.0 203.0 229.0 229.0 250.0 255.0 246.0 250.0 231.0 240.0 237.0 230.0 232.0 228.0 230.0 249.0 202.0 211.0 236.0 247.0 212.0 211.0 225.0 247.0 247.0 237.01393728222996 21.560448787678858
48 161.0 159.0 171.0 181.0 159.0 159.0 185.0 181.0 176.0 176.0 172.0 174.0 151.0 157.0 170.0 188.0 188.0 188.0 165.0 173.0 170.0 168.0 163.0 165.0 180.0 176.0 177.0 188.0 168.0 173.0 156.0 165.0 172.0 174.0 180.0 181.0 165.0 165.0 175.0 168.0 177.0 177.0 173.0 173.0 162.0 167.0 292.0 179.0 181.0 181.0 188.0 151.0 151.0 151.0 151.0 151.0 171.0 175.0 184.0 190.0 173.0 167.0 180.0 182.0 180.0 176.0 188.0 170.0 159.0 154.0 155.0 167.0 165.0 170.0 178.0 178.0 174.0 174.0 186.0 181.0 181.0 181.0 166.0 179.0 157.0 188.0 188.0 164.0 173.0 153.0 151.0 171.0 153.0 182.0 167.0 170.0 175.0 166.0 171.0 188.0 176.0 237.0 210.0 167.0 180.0 172.0 159.0 186.0 188.0 156.0 175.0 153.0 150.0 161.0 170.0 160.0 152.0 152.0 178.0 179.0 178.0 160.0 162.0 175.0 154.0 174.0 158.0 171.0 176.0 171.0 176.0 144.0 145.0 177.0 147.0 155.0 161.0 174.0 159.0 178.0 176.0 164.0 159.0 158.0 159.0 151.0 135.0 167.0 162.0 168.0 158.0 152.0 154.0 179.0 176.0 165.0 182.0 182.0 175.0 162.0 173.0 193.0 173.0 161.0 169.0 171.0 168.0 169.0 158.0 160.0 169.0 165.0 155.0 169.0 174.0 184.0 157.0 163.0 156.0 168.0 157.0 161.0 158.0 179.0 161.0 176.0 189.0 153.0 147.0 175.0 183.0 179.0 165.0 156.0 180.0 177.0 159.0 170.0 154.0 182.0 168.0 141.0 146.0 175.0 173.0 173.0 183.0 160.0 171.0 160.0 160.0 155.0 164.0 156.0 152.0 175.0 149.0 163.0 176.0 176.0 156.0 156.0 167.0 171.0 136.0 184.0 163.0 157.0 153.0 183.0 187.0 183.0 178.0 158.0 164.0 153.0 151.0 170.0 177.0 175.0 177.0 172.0 173.0 152.0 175.0 175.0 181.0 179.0 186.0 176.0 156.0 156.0 168.0 181.0 155.0 152.0 173.0 178.0 178.0 186.0 165.0 174.0 155.0 161.0 161.0 161.0 186.0 185.0 176.0 159.0 163.0 173.0 165.0 168.0 165.0 160.0 180.0 179.0 150.0 163.0 171.0 173.0 146.0 152.0 161.0 161.0 177.0 169.13588850174216 14.343403292158758
49 6.0 6.0 6.0 6.0 6.0 6.0 6.0 6.0 6.0 6.0 6.0 6.0 6.0 6.0 6.0 6.0 6.0 6.0 6.0 6.0 6.0 6.0 6.0 6.0 6.0 6.0 6.0 6.0 6.0 6.0 6.0 5.0 5.0 5.0 6.0 6.0 6.0 6.0 6.0 6.0 6.0 6.0 6.0 6.0 6.0 6.0 6.0 6.0 6.0 6.0 6.0 5.0 5.0 5.0 5.0 5.0 5.0 5.0 5.0 5.0 5.0 5.0 5.0 5.0 5.0 5.0 5.0 5.0 5.0 5.0 5.0 5.0 5.0 5.0 5.0 5.0 5.0 5.0 5.0 5.0 5.0 5.0 5.0 5.0 5.0 5.0 5.0 5.0 5.0 5.0 5.0 5.0 4.0 4.0 5.0 5.0 5.0 5.0 5.0 5.0 5.0 8.0 8.0 5.0 5.0 5.0 5.0 5.0 5.0 5.0 5.0 5.0 6.0 6.0 5.0 5.0 5.0 5.0 5.0 5.0 5.0 5.0 5.0 5.0 5.0 6.0 5.0 5.0 5.0 5.0 5.0 4.0 4.0 4.0 5.0 5.0 5.0 5.0 5.0 5.0 5.0 5.0 5.0 5.0 5.0 5.0 5.0 5.0 5.0 5.0 5.0 5.0 5.0 5.0 5.0 5.0 5.0 5.0 5.0 5.0 5.0 5.0 6.0 5.0 5.0 5.0 6.0 5.0 5.0 5.0 5.0 4.0 6.0 6.0 6.0 6.0 5.0 5.0 5.0 5.0 5.0 5.0 5.0 6.0 6.0 6.0 6.0 5.0 5.0 5.0 6.0 6.0 5.0 5.0 5.0 5.0 6.0 6.0 5.0 5.0 5.0 5.0 5.0 5.0 5.0 5.0 5.0 5.0 5.0 5.0 5.0 5.0 5.0 5.0 5.0 5.0 5.0 5.0 5.0 5.0 5.0 5.0 5.0 5.0 4.0 4.0 5.0 5.0 5.0 6.0 6.0 6.0 6.0 5.0 5.0 5.0 5.0 5.0 5.0 5.0 5.0 5.0 5.0 5.0 5.0 5.0 5.0 5.0 5.0 5.0 5.0 5.0 5.0 6.0 6.0 6.0 6.0 6.0 6.0 6.0 5.0 5.0 5.0 5.0 5.0 5.0 5.0 5.0 5.0 5.0 5.0 5.0 5.0 5.0 5.0 5.0 5.0 5.0 5.0 5.0 5.0 5.0 5.0 5.0 5.0 5.0 5.0 5.257839721254355 0.5384510958411275
50 384.0 402.0 417.0 378.0 430.0 432.0 427.0 415.0 415.0 413.0 419.0 359.0 388.0 412.0 447.0 447.0 382.0 442.0 407.0 404.0 405.0 389.0 393.0 391.0 476.0 439.0 429.0 400.0 407.0 379.0 415.0 404.0 408.0 430.0 462.0 405.0 415.0 415.0 419.0 405.0 399.0 411.0 411.0 411.0 392.0 430.0 422.0 429.0 435.0 427.0 361.0 358.0 358.0 358.0 432.0 409.0 410.0 424.0 429.0 416.0 405.0 416.0 431.0 425.0 417.0 403.0 409.0 381.0 366.0 366.0 402.0 399.0 406.0 408.0 410.0 410.0 412.0 430.0 435.0 409.0 400.0 409.0 393.0 376.0 376.0 442.0 422.0 402.0 361.0 359.0 394.0 339.0 375.0 398.0 410.0 407.0 391.0 412.0 423.0 493.0 563.0 554.0 387.0 424.0 413.0 406.0 433.0 444.0 370.0 378.0 360.0 348.0 377.0 378.0 382.0 358.0 361.0 426.0 419.0 411.0 381.0 377.0 397.0 376.0 407.0 381.0 367.0 426.0 390.0 411.0 365.0 371.0 378.0 365.0 369.0 369.0 378.0 394.0 396.0 411.0 386.0 379.0 380.0 374.0 362.0 354.0 398.0 390.0 386.0 371.0 369.0 378.0 407.0 418.0 397.0 417.0 408.0 399.0 372.0 397.0 423.0 409.0 375.0 385.0 390.0 403.0 387.0 385.0 377.0 403.0 394.0 363.0 410.0 404.0 410.0 442.0 387.0 368.0 370.0 372.0 385.0 389.0 423.0 399.0 387.0 420.0 372.0 351.0 411.0 413.0 416.0 364.0 367.0 433.0 412.0 370.0 388.0 372.0 381.0 400.0 352.0 330.0 378.0 414.0 386.0 424.0 382.0 368.0 364.0 372.0 375.0 383.0 375.0 356.0 431.0 376.0 368.0 417.0 408.0 364.0 376.0 402.0 406.0 333.0 342.0 371.0 359.0 392.0 424.0 444.0 427.0 398.0 381.0 387.0 350.0 359.0 407.0 411.0 419.0 412.0 401.0 379.0 361.0 363.0 419.0 418.0 384.0 382.0 389.0 423.0 382.0 413.0 401.0 409.0 373.0 419.0 427.0 431.0 430.0 382.0 373.0 370.0 375.0 375.0 422.0 423.0 397.0 415.0 373.0 376.0 388.0 397.0 389.0 392.0 407.0 407.0 386.0 373.0 390.0 434.0 406.0 350.0 353.0 382.0 428.0 416.0 427.0 397.6864111498258 28.864512111808555
51 288.0 289.0 263.0 327.0 320.0 320.0 287.0 453.0 286.0 344.0 250.0 279.0 286.0 291.0 345.0 345.0 275.0 303.0 282.0 289.0 274.0 275.0 272.0 427.0 299.0 292.0 285.0 320.0 263.0 290.0 287.0 421.0 296.0 294.0 274.0 307.0 275.0 319.0 283.0 301.0 286.0 315.0 273.0 270.0 301.0 295.0 298.0 285.0 300.0 253.0 253.0 286.0 301.0 301.0 285.0 287.0 306.0 352.0 285.0 282.0 293.0 349.0 293.0 309.0 281.0 284.0 265.0 273.0 274.0 281.0 280.0 303.0 301.0 281.0 285.0 287.0 313.0 290.0 311.0 311.0 288.0 296.0 255.0 262.0 312.0 279.0 288.0 260.0 250.0 284.0 232.0 272.0 279.0 279.0 285.0 264.0 265.0 308.0 279.0 294.0 277.0 275.0 294.0 285.0 281.0 300.0 307.0 258.0 265.0 247.0 250.0 264.0 275.0 270.0 251.0 249.0 300.0 296.0 287.0 277.0 267.0 276.0 259.0 286.0 262.0 260.0 300.0 260.0 288.0 252.0 243.0 266.0 260.0 264.0 260.0 269.0 286.0 284.0 304.0 283.0 261.0 277.0 273.0 266.0 259.0 277.0 284.0 275.0 263.0 268.0 262.0 287.0 294.0 277.0 294.0 289.0 283.0 270.0 292.0 290.0 283.0 259.0 261.0 267.0 288.0 271.0 266.0 268.0 280.0 275.0 261.0 287.0 287.0 290.0 434.0 304.0 261.0 263.0 261.0 262.0 281.0 294.0 277.0 273.0 283.0 268.0 267.0 325.0 291.0 280.0 258.0 260.0 290.0 300.0 269.0 267.0 256.0 290.0 287.0 292.0 252.0 286.0 283.0 277.0 297.0 268.0 268.0 255.0 258.0 278.0 270.0 279.0 274.0 293.0 255.0 274.0 295.0 272.0 255.0 263.0 294.0 288.0 272.0 235.0 268.0 246.0 287.0 311.0 303.0 308.0 292.0 271.0 297.0 241.0 244.0 276.0 293.0 292.0 289.0 298.0 292.0 261.0 259.0 301.0 304.0 272.0 294.0 271.0 267.0 277.0 293.0 296.0 269.0 263.0 299.0 303.0 252.0 279.0 249.0 249.0 262.0 253.0 261.0 298.0 301.0 279.0 295.0 278.0 272.0 289.0 273.0 279.0 278.0 278.0 273.0 298.0 254.0 280.0 285.0 287.0 257.0 251.0 265.0 265.0 282.0 370.0 306.0 283.18815331010455 27.017466489825843
52 158.0 136.0 136.0 201.0 189.0 163.0 169.0 155.0 189.0 189.0 141.0 166.0 168.0 184.0 158.0 186.0 147.0 207.0 159.0 151.0 139.0 158.0 193.0 218.0 168.0 143.0 167.0 139.0 151.0 150.0 199.0 180.0 158.0 163.0 172.0 155.0 202.0 167.0 262.0 163.0 145.0 145.0 146.0 186.0 167.0 181.0 132.0 193.0 193.0 147.0 147.0 155.0 155.0 154.0 166.0 165.0 155.0 136.0 244.0 164.0 187.0 160.0 176.0 186.0 214.0 174.0 131.0 131.0 183.0 163.0 132.0 163.0 185.0 179.0 153.0 190.0 162.0 162.0 136.0 281.0 167.0 154.0 135.0 164.0 164.0 180.0 155.0 139.0 163.0 137.0 129.0 174.0 146.0 146.0 150.0 152.0 160.0 176.0 146.0 160.0 170.0 159.0 167.0 197.0 178.0 171.0 172.0 138.0 170.0 145.0 154.0 131.0 151.0 187.0 144.0 170.0 169.0 170.0 156.0 146.0 152.0 152.0 162.0 199.0 140.0 165.0 185.0 161.0 165.0 136.0 151.0 152.0 136.0 166.0 148.0 161.0 156.0 200.0 157.0 149.0 183.0 149.0 157.0 143.0 186.0 149.0 153.0 134.0 142.0 157.0 163.0 183.0 161.0 167.0 158.0 183.0 164.0 154.0 176.0 189.0 226.0 144.0 147.0 178.0 156.0 143.0 147.0 193.0 159.0 144.0 161.0 153.0 152.0 175.0 209.0 177.0 137.0 160.0 154.0 166.0 156.0 163.0 138.0 163.0 171.0 144.0 186.0 178.0 158.0 175.0 148.0 175.0 174.0 162.0 150.0 148.0 141.0 144.0 153.0 142.0 146.0 167.0 172.0 167.0 146.0 146.0 141.0 136.0 182.0 148.0 211.0 147.0 179.0 179.0 146.0 160.0 163.0 155.0 138.0 205.0 156.0 151.0 142.0 164.0 157.0 158.0 170.0 188.0 174.0 179.0 151.0 140.0 174.0 135.0 155.0 207.0 165.0 163.0 143.0 179.0 154.0 135.0 286.0 182.0 155.0 195.0 157.0 151.0 271.0 271.0 166.0 172.0 140.0 208.0 156.0 164.0 156.0 171.0 140.0 213.0 144.0 166.0 266.0 153.0 163.0 224.0 203.0 151.0 140.0 143.0 152.0 151.0 166.0 147.0 196.0 196.0 171.0 153.0 201.0 141.0 155.0 165.0 165.0 165.0 180.0 542.0 158.0 166.70383275261324 33.65496595616154
53 63.0 96.0 565.0 73.0 62.0 35.0 73.0 47.0 41.0 41.0 41.0 35.0 49.0 60.0 37.0 106.0 65.0 40.0 44.0 40.0 70.0 70.0 54.0 58.0 32.0 81.0 162.0 87.0 50.0 124.0 124.0 49.0 49.0 49.0 49.0 650.0 51.0 51.0 51.0 51.0 433.0 433.0 433.0 433.0 41.0 68.0 46.0 46.0 46.0 45.0 45.0 45.0 45.0 45.0 111.0 66.0 62.0 24.0 42.0 42.0 31.0 34.0 46.0 46.0 62.0 217.0 60.0 520.0 29.0 65.0 74.0 34.0 34.0 55.0 39.0 65.0 65.0 433.0 33.0 33.0 27.0 42.0 67.0 137.0 137.0 35.0 28.0 37.0 31.0 35.0 35.0 28.0 75.0 29.0 89.0 84.0 84.0 34.0 53.0 41.0 39.0 36.0 36.0 36.0 36.0 38.0 38.0 65.0 49.0 40.0 48.0 153.0 39.0 48.0 60.0 28.0 70.0 46.0 65.0 46.0 53.0 44.0 47.0 66.0 70.0 133.0 133.0 42.0 42.0 127.0 84.0 125.0 325.0 47.0 165.0 235.0 283.0 206.0 177.0 328.0 180.0 124.0 50.0 241.0 116.0 77.0 54.0 34.0 200.0 80.0 39.0 51.0 65.0 38.0 93.0 87.0 44.0 44.0 44.0 73.0 81.0 41.0 51.0 116.0 60.0 58.0 38.0 45.0 38.0 33.0 46.0 82.0 94.0 38.0 49.0 49.0 52.0 39.0 39.0 35.0 137.0 650.0 34.0 68.0 77.0 45.0 79.0 52.0 144.0 48.0 36.0 46.0 31.0 38.0 74.0 92.0 125.0 206.0 29.0 47.0 97.0 35.0 65.0 32.0 39.0 39.0 39.0 39.0 32.0 37.0 38.0 51.0 48.0 118.0 37.0 37.0 36.0 49.0 47.0 47.0 35.0 42.0 292.0 38.0 60.0 57.0 46.0 84.0 38.0 59.0 39.0 186.0 186.0 46.0 113.0 51.0 44.0 36.0 87.0 35.0 42.0 42.0 40.0 91.0 33.0 57.0 43.0 96.0 1625.0 40.0 72.0 72.0 38.0 51.0 53.0 63.0 171.0 41.0 137.0 49.0 41.0 43.0 43.0 43.0 59.0 58.0 49.0 69.0 49.0 84.0 46.0 41.0 53.0 53.0 53.0 53.0 45.0 67.0 39.0 53.0 25.0 71.0 71.0 62.0 93.0 88.0 88.0 86.35540069686412 129.22623070897023
END
#################################################################
SECTION3 (Edges Information)
EndPoint0 EndPoint1 Weight
0 1 1.000000
1 2 1.000000
2 3 1.000000
3 4 1.000000
4 5 1.000000
5 6 1.000000
6 7 1.000000
7 8 1.000000
8 9 1.000000
9 10 1.000000
10 11 1.000000
11 12 1.000000
12 13 1.000000
13 14 1.000000
14 15 1.000000
15 16 1.000000
16 17 1.000000
17 18 1.000000
18 19 1.000000
19 20 1.000000
20 21 1.000000
21 22 1.000000
22 23 1.000000
23 24 1.000000
24 25 1.000000
25 26 1.000000
26 27 1.000000
27 28 1.000000
28 29 1.000000
29 30 1.000000
30 31 1.000000
31 32 1.000000
32 33 1.000000
33 34 1.000000
34 35 1.000000
35 36 1.000000
36 37 1.000000
37 38 1.000000
38 39 1.000000
39 40 1.000000
40 41 1.000000
41 42 1.000000
42 43 1.000000
43 44 1.000000
44 45 1.000000
45 46 1.000000
46 47 1.000000
47 48 1.000000
48 49 1.000000
49 50 1.000000
50 51 1.000000
51 52 1.000000
52 53 1.000000
END
#################################################################
SECTION4 (TrueSubGraph Information)
EndPoint0 EndPoint1 Weight
END
#################################################################
