#################################################################
#APDM Input Graph, this input graph includes 3 sections:
#section1 : general information
#section2 : nodes
#section3 : edges
#section4 : trueSubGraph (Optional)
#
#if nodes haven't information set weight to null
#################################################################
SECTION1 (General Information)
numNodes = 54
numEdges = 53
usedAlgorithm = NULL
dataSource = TransWeatherRealData
END
#################################################################
SECTION2 (Nodes Information)
NodeID travelTime  mean  std 
0 92.0 92.0 92.0 85.0 170.0 92.0 92.0 85.0 85.0 167.0 167.0 133.0 133.0 82.0 126.0 94.0 101.0 101.0 101.0 101.0 94.0 106.0 107.0 101.0 108.0 117.0 219.0 147.0 118.0 167.0 158.0 130.0 130.0 114.0 114.0 113.0 138.0 82.0 94.0 104.0 104.0 150.0 97.0 85.0 95.0 108.0 82.0 106.0 83.0 117.0 134.0 97.0 81.0 77.0 145.0 145.0 108.0 87.0 86.0 79.0 152.0 84.0 85.0 74.0 116.0 85.0 82.0 86.0 85.0 85.0 80.0 99.0 93.0 217.0 120.0 121.0 94.0 94.0 91.0 89.0 87.0 87.0 96.0 87.0 91.0 89.0 96.0 87.0 122.0 87.0 87.0 107.0 110.0 113.0 124.0 101.0 125.0 101.0 113.0 86.0 95.0 94.0 77.0 100.0 116.0 118.0 81.0 97.0 104.0 90.0 103.0 91.0 74.0 80.0 110.0 108.0 93.0 94.0 81.0 102.0 82.0 94.0 129.0 100.0 83.0 93.0 109.0 89.0 82.0 107.0 85.0 84.0 107.0 97.0 88.0 98.0 83.0 116.0 86.0 90.0 82.0 103.0 90.0 118.0 95.0 86.0 94.0 110.0 116.0 88.0 112.0 87.0 81.0 103.0 93.0 94.0 106.0 90.0 108.0 147.0 122.0 119.0 79.0 103.0 89.0 117.0 113.0 81.0 85.0 97.0 93.0 93.0 88.0 94.0 92.0 87.0 152.0 88.0 79.0 98.0 93.0 87.0 92.0 79.0 82.0 78.0 78.0 111.0 86.0 106.0 86.0 84.0 119.0 149.0 108.0 121.0 97.0 82.0 114.0 111.0 87.0 94.0 89.0 78.0 93.0 96.0 113.0 75.0 93.0 98.0 86.0 82.0 79.0 103.0 110.0 94.0 75.0 82.0 107.0 112.0 94.0 87.0 128.0 88.0 142.0 84.0 87.0 87.0 73.0 93.0 128.0 95.0 82.0 92.0 92.0 86.0 80.0 85.0 99.0 107.0 104.0 73.0 114.0 121.0 121.0 75.0 75.0 96.0 116.0 97.0 86.0 86.0 150.0 95.0 94.0 94.0 85.0 94.0 142.0 142.0 89.0 87.0 163.0 129.0 160.0 81.0 79.0 111.0 74.0 89.0 138.0 90.0 87.0 87.0 87.0 124.0 94.0 110.0 104.0 140.0 140.0 69.0 69.0 80.0 85.0 88.0 88.0 101.21254355400697 22.619073797389834
1 300.0 346.0 274.0 277.0 294.0 279.0 263.0 272.0 272.0 265.0 317.0 262.0 290.0 260.0 265.0 253.0 277.0 277.0 284.0 452.0 262.0 241.0 273.0 274.0 296.0 251.0 253.0 284.0 248.0 251.0 277.0 277.0 277.0 266.0 278.0 257.0 279.0 269.0 289.0 275.0 259.0 288.0 260.0 277.0 279.0 229.0 232.0 267.0 290.0 301.0 279.0 242.0 228.0 285.0 258.0 248.0 294.0 269.0 258.0 265.0 263.0 260.0 265.0 238.0 256.0 246.0 280.0 256.0 255.0 255.0 251.0 251.0 265.0 257.0 253.0 320.0 277.0 263.0 262.0 293.0 271.0 258.0 254.0 250.0 256.0 263.0 289.0 332.0 302.0 336.0 384.0 468.0 505.0 518.0 409.0 429.0 500.0 501.0 406.0 411.0 405.0 453.0 318.0 315.0 285.0 265.0 261.0 269.0 263.0 253.0 285.0 243.0 237.0 284.0 309.0 277.0 288.0 270.0 270.0 316.0 290.0 252.0 311.0 244.0 275.0 269.0 246.0 255.0 253.0 331.0 261.0 263.0 264.0 264.0 259.0 257.0 255.0 270.0 254.0 267.0 251.0 269.0 268.0 263.0 265.0 268.0 268.0 263.0 262.0 250.0 246.0 255.0 275.0 263.0 263.0 265.0 264.0 259.0 275.0 267.0 266.0 262.0 249.0 252.0 261.0 264.0 233.0 239.0 267.0 287.0 259.0 271.0 264.0 273.0 256.0 242.0 247.0 264.0 244.0 260.0 262.0 256.0 261.0 250.0 221.0 250.0 253.0 249.0 250.0 268.0 273.0 269.0 256.0 259.0 361.0 330.0 250.0 252.0 232.0 231.0 226.0 246.0 253.0 259.0 325.0 232.0 225.0 262.0 280.0 263.0 258.0 248.0 245.0 258.0 253.0 239.0 231.0 268.0 239.0 253.0 265.0 247.0 265.0 293.0 259.0 240.0 282.0 251.0 245.0 271.0 259.0 277.0 241.0 285.0 261.0 239.0 259.0 290.0 250.0 330.0 223.0 257.0 253.0 254.0 266.0 235.0 268.0 262.0 277.0 342.0 283.0 284.0 274.0 297.0 270.0 256.0 260.0 281.0 286.0 241.0 241.0 258.0 274.0 258.0 250.0 260.0 253.0 278.0 234.0 294.0 275.0 275.0 314.0 255.0 271.0 272.0 277.0 296.0 265.0 269.0 269.0 216.0 385.0 250.0 265.0 269.0 253.0 275.0766550522648 45.32579475189688
2 52.0 57.0 50.0 50.0 79.0 51.0 52.0 52.0 80.0 53.0 52.0 66.0 66.0 66.0 50.0 56.0 50.0 56.0 50.0 51.0 58.0 46.0 54.0 53.0 53.0 49.0 59.0 59.0 50.0 50.0 53.0 53.0 53.0 52.0 52.0 76.0 52.0 55.0 52.0 52.0 52.0 56.0 53.0 53.0 52.0 45.0 51.0 51.0 58.0 54.0 55.0 45.0 50.0 52.0 49.0 49.0 55.0 50.0 51.0 51.0 51.0 48.0 49.0 52.0 51.0 49.0 53.0 49.0 49.0 49.0 52.0 53.0 50.0 52.0 53.0 57.0 47.0 51.0 50.0 82.0 49.0 56.0 50.0 48.0 51.0 51.0 50.0 52.0 53.0 53.0 56.0 58.0 113.0 125.0 117.0 72.0 87.0 110.0 67.0 56.0 54.0 53.0 55.0 69.0 60.0 52.0 59.0 54.0 52.0 56.0 54.0 51.0 50.0 68.0 73.0 56.0 53.0 50.0 54.0 66.0 50.0 48.0 51.0 48.0 52.0 53.0 45.0 50.0 50.0 52.0 54.0 51.0 52.0 51.0 48.0 50.0 52.0 56.0 49.0 48.0 49.0 53.0 59.0 51.0 55.0 54.0 53.0 56.0 50.0 47.0 48.0 53.0 52.0 54.0 52.0 52.0 52.0 59.0 55.0 55.0 52.0 51.0 61.0 49.0 59.0 53.0 46.0 51.0 54.0 54.0 52.0 53.0 51.0 54.0 52.0 49.0 48.0 52.0 48.0 52.0 50.0 49.0 52.0 49.0 46.0 57.0 50.0 53.0 53.0 53.0 57.0 53.0 48.0 55.0 72.0 53.0 49.0 58.0 47.0 49.0 48.0 50.0 51.0 65.0 47.0 45.0 49.0 53.0 51.0 72.0 51.0 50.0 52.0 56.0 52.0 50.0 57.0 52.0 49.0 52.0 45.0 47.0 49.0 54.0 54.0 47.0 47.0 45.0 57.0 50.0 53.0 52.0 47.0 47.0 50.0 52.0 53.0 64.0 101.0 88.0 48.0 51.0 52.0 61.0 49.0 50.0 52.0 52.0 52.0 74.0 55.0 55.0 61.0 53.0 109.0 109.0 50.0 51.0 51.0 51.0 51.0 52.0 52.0 49.0 48.0 56.0 52.0 44.0 53.0 54.0 54.0 54.0 51.0 73.0 54.0 55.0 55.0 52.0 54.0 54.0 50.0 47.0 47.0 47.0 54.0 54.0 46.0 54.7979094076655 11.204438235520001
3 296.0 285.0 323.0 277.0 303.0 285.0 284.0 313.0 290.0 274.0 353.0 346.0 290.0 285.0 271.0 310.0 307.0 297.0 297.0 295.0 453.0 305.0 297.0 286.0 275.0 272.0 313.0 274.0 276.0 308.0 270.0 270.0 297.0 278.0 278.0 290.0 291.0 285.0 291.0 280.0 292.0 283.0 291.0 278.0 251.0 248.0 248.0 273.0 311.0 296.0 276.0 258.0 284.0 270.0 275.0 265.0 281.0 266.0 277.0 281.0 282.0 278.0 274.0 288.0 254.0 283.0 274.0 276.0 278.0 269.0 286.0 277.0 282.0 265.0 271.0 271.0 259.0 269.0 367.0 307.0 285.0 264.0 249.0 247.0 266.0 264.0 259.0 281.0 266.0 271.0 260.0 257.0 276.0 299.0 277.0 270.0 257.0 269.0 269.0 257.0 292.0 272.0 284.0 295.0 277.0 271.0 288.0 267.0 270.0 279.0 241.0 240.0 285.0 277.0 285.0 286.0 276.0 283.0 342.0 346.0 251.0 272.0 274.0 325.0 274.0 253.0 278.0 277.0 258.0 286.0 283.0 284.0 276.0 273.0 270.0 266.0 274.0 269.0 258.0 261.0 269.0 287.0 286.0 288.0 290.0 285.0 292.0 271.0 255.0 253.0 276.0 283.0 269.0 288.0 277.0 287.0 288.0 290.0 258.0 283.0 280.0 290.0 283.0 261.0 243.0 257.0 254.0 267.0 292.0 290.0 286.0 280.0 267.0 294.0 256.0 266.0 257.0 264.0 276.0 281.0 274.0 287.0 269.0 257.0 265.0 270.0 254.0 267.0 285.0 275.0 285.0 262.0 270.0 295.0 291.0 270.0 270.0 254.0 269.0 243.0 260.0 287.0 308.0 353.0 234.0 246.0 263.0 338.0 359.0 281.0 336.0 276.0 265.0 285.0 263.0 264.0 278.0 265.0 285.0 261.0 246.0 266.0 270.0 282.0 256.0 255.0 238.0 237.0 300.0 274.0 276.0 247.0 257.0 280.0 282.0 293.0 291.0 265.0 289.0 246.0 249.0 283.0 275.0 293.0 255.0 277.0 279.0 298.0 286.0 295.0 296.0 308.0 301.0 278.0 265.0 302.0 286.0 276.0 263.0 263.0 287.0 284.0 281.0 266.0 281.0 290.0 281.0 242.0 294.0 291.0 294.0 283.0 283.0 287.0 295.0 297.0 315.0 288.0 297.0 297.0 233.0 289.0 261.0 278.0 296.0 278.0 241.0 279.3379790940767 23.06044171574855
4 266.0 283.0 200.0 246.0 226.0 221.0 250.0 231.0 231.0 213.0 205.0 208.0 219.0 208.0 208.0 208.0 255.0 205.0 217.0 202.0 250.0 243.0 227.0 216.0 212.0 226.0 210.0 205.0 205.0 225.0 225.0 247.0 234.0 235.0 209.0 232.0 225.0 213.0 215.0 217.0 218.0 224.0 217.0 227.0 188.0 254.0 209.0 235.0 243.0 221.0 193.0 215.0 215.0 209.0 200.0 205.0 207.0 212.0 212.0 213.0 220.0 194.0 194.0 196.0 196.0 230.0 220.0 243.0 204.0 221.0 219.0 215.0 229.0 228.0 221.0 201.0 210.0 201.0 200.0 229.0 226.0 208.0 188.0 205.0 202.0 191.0 216.0 226.0 214.0 216.0 202.0 222.0 216.0 200.0 208.0 201.0 207.0 217.0 201.0 215.0 211.0 224.0 219.0 228.0 210.0 229.0 220.0 213.0 217.0 221.0 235.0 226.0 239.0 213.0 216.0 210.0 219.0 220.0 213.0 204.0 198.0 213.0 220.0 213.0 221.0 228.0 238.0 242.0 226.0 216.0 222.0 223.0 208.0 223.0 201.0 218.0 225.0 234.0 215.0 204.0 217.0 237.0 223.0 237.0 220.0 236.0 229.0 201.0 225.0 205.0 221.0 207.0 211.0 232.0 240.0 219.0 246.0 219.0 190.0 214.0 209.0 209.0 223.0 210.0 184.0 192.0 234.0 229.0 231.0 239.0 218.0 208.0 216.0 203.0 235.0 195.0 202.0 202.0 229.0 215.0 224.0 215.0 208.0 190.0 225.0 201.0 187.0 222.0 212.0 227.0 224.0 204.0 205.0 226.0 231.0 207.0 182.0 198.0 179.0 211.0 217.0 205.0 203.0 182.0 193.0 198.0 213.0 281.0 217.0 214.0 206.0 216.0 225.0 201.0 196.0 218.0 221.0 231.0 203.0 189.0 218.0 212.0 213.0 198.0 192.0 214.0 180.0 238.0 222.0 216.0 217.0 212.0 230.0 222.0 247.0 221.0 223.0 217.0 215.0 240.0 212.0 210.0 250.0 196.0 222.0 222.0 227.0 226.0 224.0 232.0 244.0 230.0 216.0 196.0 240.0 215.0 223.0 200.0 200.0 224.0 222.0 220.0 206.0 206.0 215.0 215.0 188.0 214.0 224.0 235.0 287.0 287.0 216.0 231.0 220.0 278.0 218.0 225.0 196.0 178.0 174.0 205.0 209.0 239.0 246.0 175.0 239.0 217.2822299651568 17.593719017195365
5 294.0 289.0 476.0 284.0 288.0 303.0 304.0 298.0 281.0 263.0 277.0 287.0 266.0 266.0 394.0 304.0 261.0 283.0 274.0 287.0 316.0 300.0 289.0 262.0 285.0 297.0 273.0 265.0 281.0 292.0 300.0 288.0 289.0 281.0 297.0 297.0 284.0 278.0 283.0 281.0 290.0 279.0 293.0 249.0 249.0 284.0 303.0 302.0 282.0 254.0 258.0 284.0 275.0 275.0 267.0 274.0 269.0 250.0 274.0 275.0 256.0 257.0 251.0 254.0 293.0 283.0 294.0 280.0 285.0 283.0 275.0 293.0 290.0 271.0 261.0 274.0 287.0 259.0 278.0 296.0 292.0 243.0 265.0 259.0 253.0 261.0 277.0 298.0 290.0 284.0 294.0 288.0 267.0 271.0 272.0 264.0 273.0 269.0 279.0 285.0 279.0 289.0 290.0 276.0 265.0 264.0 276.0 266.0 288.0 237.0 288.0 289.0 278.0 284.0 294.0 284.0 285.0 262.0 274.0 262.0 281.0 280.0 281.0 281.0 283.0 289.0 353.0 323.0 281.0 288.0 290.0 276.0 275.0 260.0 263.0 283.0 291.0 287.0 279.0 272.0 289.0 284.0 296.0 293.0 279.0 281.0 276.0 255.0 260.0 277.0 283.0 276.0 289.0 286.0 322.0 293.0 293.0 251.0 262.0 269.0 275.0 286.0 282.0 242.0 254.0 254.0 291.0 289.0 293.0 292.0 269.0 273.0 272.0 280.0 258.0 265.0 266.0 287.0 276.0 296.0 271.0 275.0 238.0 283.0 261.0 245.0 287.0 281.0 281.0 290.0 280.0 267.0 374.0 327.0 265.0 234.0 260.0 276.0 277.0 283.0 269.0 245.0 237.0 243.0 263.0 272.0 292.0 302.0 270.0 272.0 273.0 281.0 286.0 254.0 286.0 287.0 287.0 268.0 245.0 250.0 278.0 276.0 246.0 253.0 270.0 245.0 252.0 292.0 282.0 286.0 279.0 282.0 282.0 286.0 289.0 294.0 290.0 277.0 277.0 277.0 277.0 282.0 262.0 261.0 284.0 286.0 291.0 292.0 281.0 300.0 278.0 295.0 282.0 282.0 298.0 278.0 278.0 292.0 298.0 289.0 292.0 281.0 262.0 278.0 284.0 259.0 267.0 291.0 301.0 303.0 280.0 289.0 289.0 290.0 275.0 280.0 296.0 296.0 225.0 232.0 277.0 271.0 291.0 292.0 251.0 252.0 315.0 279.5191637630662 22.231116336432507
6 16.0 16.0 16.0 16.0 16.0 17.0 16.0 16.0 16.0 16.0 16.0 16.0 16.0 16.0 16.0 16.0 15.0 15.0 15.0 18.0 18.0 18.0 18.0 15.0 17.0 17.0 17.0 17.0 17.0 17.0 17.0 17.0 17.0 17.0 16.0 16.0 16.0 16.0 16.0 16.0 16.0 16.0 16.0 14.0 14.0 14.0 14.0 14.0 14.0 14.0 14.0 14.0 14.0 14.0 17.0 14.0 14.0 14.0 16.0 16.0 16.0 16.0 14.0 14.0 14.0 14.0 14.0 14.0 14.0 15.0 15.0 15.0 16.0 16.0 14.0 16.0 14.0 17.0 17.0 16.0 18.0 14.0 14.0 17.0 22.0 22.0 15.0 15.0 16.0 16.0 16.0 15.0 15.0 15.0 15.0 16.0 15.0 14.0 14.0 14.0 16.0 16.0 17.0 15.0 15.0 15.0 15.0 15.0 15.0 13.0 13.0 13.0 13.0 13.0 13.0 13.0 18.0 18.0 16.0 16.0 17.0 16.0 16.0 16.0 16.0 17.0 15.0 15.0 16.0 16.0 16.0 16.0 16.0 15.0 16.0 15.0 14.0 16.0 15.0 15.0 17.0 17.0 17.0 17.0 15.0 15.0 15.0 17.0 15.0 18.0 18.0 18.0 15.0 15.0 15.0 15.0 14.0 14.0 14.0 14.0 16.0 16.0 16.0 13.0 14.0 16.0 15.0 16.0 17.0 17.0 15.0 15.0 15.0 15.0 15.0 15.0 18.0 18.0 15.0 15.0 15.0 15.0 14.0 16.0 15.0 14.0 14.0 14.0 14.0 17.0 16.0 15.0 21.0 15.0 14.0 14.0 14.0 14.0 15.0 16.0 15.0 15.0 16.0 15.0 15.0 14.0 14.0 16.0 16.0 15.0 14.0 15.0 15.0 14.0 14.0 14.0 16.0 16.0 14.0 15.0 15.0 15.0 14.0 14.0 14.0 14.0 16.0 16.0 16.0 16.0 16.0 16.0 16.0 16.0 15.0 15.0 15.0 15.0 15.0 15.0 15.0 15.0 15.0 15.0 16.0 17.0 16.0 16.0 18.0 18.0 14.0 16.0 16.0 16.0 16.0 16.0 16.0 16.0 16.0 16.0 16.0 16.0 14.0 14.0 14.0 14.0 14.0 16.0 16.0 17.0 17.0 17.0 17.0 16.0 16.0 16.0 16.0 16.0 13.0 13.0 13.0 15.0 15.0 15.0 13.0 17.0 16.0 15.473867595818815 1.3555815810814464
7 336.0 336.0 317.0 322.0 343.0 339.0 331.0 323.0 302.0 314.0 317.0 301.0 295.0 463.0 312.0 295.0 327.0 306.0 323.0 335.0 335.0 327.0 307.0 330.0 329.0 303.0 297.0 324.0 330.0 336.0 318.0 326.0 317.0 343.0 335.0 318.0 321.0 319.0 320.0 322.0 315.0 336.0 281.0 280.0 314.0 338.0 346.0 341.0 302.0 293.0 327.0 311.0 322.0 309.0 328.0 298.0 334.0 306.0 314.0 277.0 290.0 284.0 290.0 334.0 331.0 342.0 317.0 338.0 324.0 312.0 318.0 346.0 317.0 300.0 306.0 305.0 296.0 318.0 331.0 354.0 298.0 280.0 318.0 347.0 293.0 298.0 300.0 312.0 321.0 305.0 312.0 303.0 313.0 313.0 309.0 303.0 309.0 322.0 330.0 311.0 322.0 335.0 310.0 303.0 302.0 322.0 338.0 328.0 270.0 278.0 330.0 315.0 316.0 331.0 318.0 321.0 300.0 317.0 303.0 307.0 322.0 313.0 328.0 322.0 329.0 378.0 390.0 333.0 344.0 325.0 313.0 305.0 329.0 298.0 325.0 338.0 320.0 320.0 329.0 330.0 326.0 341.0 330.0 319.0 309.0 317.0 288.0 301.0 315.0 317.0 333.0 336.0 334.0 345.0 336.0 305.0 303.0 298.0 298.0 308.0 329.0 319.0 281.0 297.0 291.0 339.0 360.0 329.0 329.0 302.0 306.0 315.0 312.0 293.0 298.0 300.0 327.0 314.0 324.0 306.0 314.0 267.0 294.0 294.0 285.0 323.0 314.0 338.0 340.0 310.0 305.0 351.0 320.0 298.0 282.0 294.0 309.0 311.0 334.0 313.0 284.0 281.0 285.0 288.0 318.0 362.0 324.0 303.0 315.0 309.0 312.0 312.0 290.0 313.0 318.0 340.0 301.0 289.0 286.0 299.0 319.0 281.0 285.0 249.0 281.0 261.0 325.0 321.0 325.0 310.0 341.0 321.0 416.0 322.0 342.0 318.0 315.0 340.0 317.0 330.0 336.0 296.0 324.0 346.0 333.0 370.0 341.0 314.0 326.0 319.0 334.0 320.0 347.0 326.0 322.0 322.0 332.0 327.0 327.0 325.0 318.0 295.0 332.0 339.0 305.0 306.0 332.0 366.0 333.0 327.0 324.0 331.0 322.0 330.0 320.0 332.0 332.0 332.0 262.0 306.0 350.0 325.0 356.0 263.0 291.0 336.0 323.0 317.8466898954704 22.533522374748458
8 484.0 531.0 526.0 561.0 523.0 480.0 451.0 462.0 491.0 466.0 443.0 446.0 425.0 438.0 462.0 488.0 517.0 505.0 524.0 490.0 489.0 484.0 511.0 510.0 441.0 444.0 622.0 506.0 524.0 494.0 525.0 481.0 498.0 523.0 481.0 487.0 491.0 508.0 501.0 477.0 425.0 419.0 420.0 529.0 539.0 510.0 484.0 527.0 527.0 527.0 450.0 507.0 466.0 473.0 520.0 467.0 462.0 461.0 451.0 488.0 435.0 438.0 501.0 531.0 459.0 447.0 549.0 503.0 444.0 529.0 546.0 477.0 501.0 475.0 451.0 469.0 483.0 577.0 505.0 435.0 427.0 402.0 463.0 475.0 453.0 471.0 462.0 559.0 493.0 476.0 449.0 475.0 473.0 462.0 504.0 487.0 502.0 508.0 493.0 488.0 496.0 446.0 445.0 473.0 482.0 490.0 462.0 389.0 435.0 525.0 430.0 416.0 500.0 487.0 464.0 473.0 495.0 494.0 488.0 494.0 473.0 479.0 480.0 588.0 634.0 550.0 480.0 479.0 476.0 452.0 447.0 468.0 495.0 495.0 484.0 477.0 494.0 486.0 473.0 498.0 518.0 490.0 469.0 426.0 439.0 443.0 444.0 478.0 475.0 475.0 535.0 497.0 493.0 531.0 435.0 426.0 455.0 469.0 467.0 469.0 475.0 426.0 545.0 472.0 432.0 444.0 471.0 465.0 463.0 471.0 471.0 486.0 444.0 465.0 501.0 490.0 470.0 480.0 466.0 466.0 420.0 444.0 442.0 423.0 484.0 503.0 484.0 530.0 485.0 453.0 540.0 446.0 452.0 415.0 406.0 482.0 506.0 515.0 447.0 430.0 412.0 412.0 447.0 581.0 580.0 450.0 457.0 488.0 484.0 475.0 438.0 428.0 464.0 478.0 473.0 443.0 473.0 479.0 477.0 481.0 408.0 434.0 375.0 402.0 437.0 512.0 492.0 488.0 461.0 484.0 510.0 525.0 500.0 509.0 475.0 484.0 463.0 480.0 485.0 488.0 506.0 501.0 488.0 505.0 484.0 516.0 502.0 494.0 489.0 485.0 503.0 520.0 495.0 462.0 490.0 559.0 493.0 488.0 496.0 464.0 479.0 496.0 492.0 450.0 464.0 542.0 544.0 583.0 478.0 482.0 523.0 505.0 497.0 506.0 551.0 551.0 430.0 416.0 452.0 477.0 476.0 471.0 399.0 425.0 489.0 489.0 489.0 480.8466898954704 38.11985397370936
9 685.0 720.0 693.0 645.0 649.0 634.0 641.0 648.0 617.0 609.0 581.0 587.0 610.0 650.0 635.0 601.0 674.0 660.0 660.0 611.0 625.0 686.0 612.0 638.0 682.0 696.0 706.0 679.0 660.0 677.0 697.0 655.0 752.0 662.0 660.0 694.0 665.0 679.0 588.0 574.0 574.0 741.0 752.0 729.0 662.0 634.0 607.0 698.0 666.0 664.0 604.0 589.0 618.0 608.0 627.0 644.0 690.0 699.0 577.0 584.0 621.0 668.0 656.0 635.0 643.0 643.0 612.0 604.0 677.0 640.0 618.0 696.0 631.0 607.0 593.0 616.0 649.0 555.0 585.0 542.0 566.0 635.0 629.0 637.0 668.0 671.0 659.0 633.0 611.0 618.0 645.0 618.0 628.0 634.0 666.0 664.0 654.0 647.0 683.0 653.0 611.0 619.0 662.0 682.0 638.0 618.0 536.0 669.0 585.0 570.0 571.0 659.0 638.0 655.0 670.0 659.0 657.0 652.0 655.0 659.0 647.0 666.0 699.0 784.0 653.0 675.0 637.0 594.0 620.0 683.0 665.0 670.0 649.0 655.0 661.0 672.0 679.0 664.0 677.0 688.0 663.0 591.0 583.0 609.0 606.0 612.0 637.0 656.0 647.0 691.0 700.0 690.0 601.0 589.0 602.0 636.0 625.0 627.0 662.0 581.0 545.0 652.0 602.0 608.0 663.0 648.0 626.0 634.0 651.0 643.0 605.0 604.0 645.0 645.0 632.0 650.0 648.0 624.0 586.0 609.0 644.0 585.0 593.0 639.0 661.0 588.0 635.0 708.0 793.0 659.0 598.0 588.0 550.0 587.0 643.0 673.0 631.0 673.0 561.0 576.0 585.0 624.0 662.0 680.0 603.0 619.0 717.0 842.0 616.0 604.0 593.0 657.0 649.0 630.0 626.0 641.0 647.0 657.0 555.0 568.0 558.0 515.0 529.0 672.0 669.0 670.0 682.0 642.0 667.0 710.0 681.0 915.0 811.0 648.0 650.0 658.0 658.0 649.0 819.0 640.0 661.0 683.0 675.0 657.0 669.0 658.0 639.0 732.0 651.0 646.0 673.0 687.0 666.0 653.0 669.0 661.0 661.0 648.0 630.0 650.0 697.0 775.0 657.0 664.0 684.0 659.0 653.0 666.0 652.0 648.0 641.0 672.0 678.0 684.0 648.0 554.0 556.0 641.0 655.0 660.0 600.0 562.0 600.0 623.0 621.0 634.0 657.0 644.6620209059233 48.866959966026506
10 912.0 906.0 906.0 918.0 913.0 913.0 881.0 873.0 828.0 855.0 916.0 932.0 917.0 902.0 950.0 939.0 914.0 906.0 926.0 926.0 971.0 991.0 1006.0 976.0 985.0 961.0 961.0 968.0 956.0 942.0 947.0 950.0 963.0 954.0 967.0 974.0 818.0 824.0 827.0 1061.0 1015.0 956.0 916.0 976.0 998.0 960.0 955.0 901.0 847.0 845.0 905.0 926.0 902.0 900.0 947.0 832.0 838.0 859.0 877.0 936.0 917.0 924.0 915.0 915.0 938.0 968.0 940.0 923.0 890.0 936.0 860.0 868.0 859.0 889.0 937.0 838.0 785.0 784.0 791.0 891.0 912.0 909.0 944.0 920.0 923.0 892.0 883.0 894.0 918.0 920.0 900.0 929.0 935.0 925.0 974.0 943.0 965.0 909.0 901.0 931.0 954.0 951.0 896.0 862.0 899.0 909.0 822.0 809.0 814.0 931.0 929.0 959.0 956.0 939.0 925.0 930.0 935.0 913.0 943.0 1245.0 1120.0 1050.0 941.0 903.0 856.0 868.0 875.0 1057.0 966.0 911.0 918.0 933.0 919.0 897.0 952.0 945.0 959.0 948.0 850.0 893.0 876.0 842.0 837.0 865.0 898.0 917.0 962.0 963.0 964.0 959.0 855.0 857.0 855.0 905.0 914.0 930.0 897.0 798.0 806.0 854.0 931.0 936.0 920.0 932.0 936.0 948.0 936.0 902.0 861.0 852.0 895.0 890.0 917.0 915.0 925.0 888.0 834.0 814.0 834.0 856.0 895.0 904.0 923.0 900.0 870.0 872.0 993.0 1019.0 877.0 848.0 801.0 861.0 938.0 911.0 875.0 841.0 797.0 826.0 806.0 1028.0 1005.0 899.0 882.0 897.0 905.0 906.0 859.0 855.0 858.0 918.0 901.0 904.0 919.0 901.0 917.0 925.0 857.0 811.0 800.0 743.0 747.0 954.0 949.0 901.0 914.0 935.0 960.0 967.0 944.0 913.0 927.0 937.0 943.0 944.0 941.0 939.0 922.0 948.0 949.0 899.0 887.0 918.0 954.0 938.0 931.0 924.0 931.0 933.0 930.0 930.0 869.0 971.0 941.0 954.0 943.0 905.0 939.0 899.0 929.0 971.0 969.0 956.0 968.0 926.0 932.0 963.0 936.0 917.0 984.0 944.0 971.0 963.0 860.0 799.0 829.0 954.0 932.0 956.0 865.0 796.0 803.0 913.0 901.0 916.0 932.0 919.0 950.0 912.5783972125436 56.66346444594168
11 486.0 488.0 488.0 501.0 496.0 496.0 444.0 474.0 517.0 521.0 521.0 517.0 553.0 498.0 509.0 512.0 512.0 470.0 470.0 524.0 539.0 535.0 556.0 539.0 507.0 541.0 518.0 491.0 525.0 522.0 510.0 538.0 513.0 536.0 442.0 438.0 443.0 566.0 505.0 537.0 528.0 556.0 556.0 564.0 526.0 502.0 451.0 478.0 529.0 519.0 532.0 488.0 488.0 477.0 465.0 456.0 550.0 493.0 485.0 509.0 542.0 601.0 558.0 558.0 540.0 540.0 509.0 519.0 476.0 495.0 466.0 450.0 481.0 448.0 439.0 429.0 424.0 472.0 509.0 491.0 484.0 489.0 475.0 472.0 481.0 495.0 525.0 510.0 497.0 514.0 505.0 520.0 514.0 506.0 538.0 493.0 494.0 485.0 501.0 529.0 517.0 521.0 517.0 433.0 430.0 543.0 495.0 526.0 523.0 517.0 528.0 494.0 524.0 511.0 501.0 495.0 520.0 534.0 526.0 504.0 529.0 526.0 459.0 456.0 500.0 514.0 575.0 530.0 505.0 508.0 507.0 489.0 512.0 496.0 518.0 517.0 491.0 441.0 443.0 466.0 454.0 482.0 490.0 506.0 469.0 463.0 503.0 561.0 491.0 473.0 481.0 481.0 482.0 503.0 496.0 430.0 424.0 460.0 488.0 511.0 504.0 503.0 523.0 507.0 531.0 517.0 513.0 529.0 482.0 496.0 511.0 504.0 513.0 485.0 450.0 449.0 495.0 476.0 476.0 514.0 501.0 485.0 480.0 456.0 479.0 491.0 480.0 504.0 525.0 438.0 475.0 538.0 475.0 440.0 510.0 463.0 453.0 539.0 519.0 466.0 478.0 483.0 509.0 525.0 473.0 459.0 516.0 487.0 477.0 469.0 488.0 494.0 515.0 511.0 520.0 386.0 399.0 530.0 512.0 518.0 506.0 494.0 516.0 532.0 532.0 528.0 476.0 475.0 490.0 513.0 517.0 508.0 560.0 508.0 508.0 517.0 541.0 506.0 475.0 537.0 542.0 517.0 530.0 550.0 498.0 552.0 482.0 469.0 484.0 552.0 514.0 521.0 523.0 551.0 504.0 523.0 515.0 517.0 527.0 487.0 499.0 546.0 506.0 541.0 548.0 505.0 551.0 572.0 404.0 442.0 546.0 535.0 509.0 502.0 514.0 501.0 557.0 501.0 507.0 499.0 511.0 532.0 551.0 466.0 522.0 518.0 505.0 502.2439024390244 32.871062306613595
12 621.0 609.0 611.0 617.0 559.0 565.0 609.0 636.0 636.0 641.0 644.0 626.0 624.0 610.0 576.0 576.0 661.0 664.0 653.0 635.0 666.0 668.0 644.0 642.0 633.0 637.0 637.0 645.0 649.0 634.0 615.0 593.0 585.0 552.0 553.0 719.0 635.0 611.0 635.0 703.0 693.0 664.0 623.0 622.0 573.0 573.0 631.0 641.0 663.0 608.0 591.0 648.0 622.0 627.0 649.0 630.0 633.0 632.0 654.0 643.0 637.0 655.0 644.0 625.0 632.0 640.0 593.0 575.0 570.0 534.0 614.0 554.0 587.0 583.0 569.0 600.0 615.0 626.0 622.0 619.0 608.0 600.0 591.0 610.0 641.0 639.0 628.0 637.0 630.0 613.0 637.0 644.0 602.0 640.0 594.0 595.0 603.0 628.0 650.0 664.0 648.0 544.0 543.0 551.0 638.0 642.0 632.0 641.0 636.0 618.0 625.0 626.0 625.0 623.0 636.0 626.0 627.0 635.0 643.0 593.0 583.0 582.0 589.0 639.0 662.0 634.0 580.0 622.0 620.0 610.0 623.0 634.0 641.0 637.0 623.0 562.0 551.0 594.0 560.0 546.0 601.0 648.0 590.0 587.0 588.0 655.0 611.0 589.0 590.0 597.0 602.0 624.0 624.0 625.0 548.0 545.0 572.0 653.0 618.0 604.0 632.0 643.0 623.0 636.0 639.0 621.0 603.0 618.0 617.0 634.0 630.0 638.0 583.0 553.0 559.0 580.0 568.0 626.0 633.0 621.0 611.0 570.0 577.0 590.0 589.0 618.0 627.0 558.0 530.0 523.0 631.0 575.0 590.0 553.0 570.0 584.0 615.0 626.0 574.0 582.0 609.0 644.0 594.0 581.0 584.0 611.0 600.0 594.0 606.0 567.0 589.0 621.0 638.0 487.0 573.0 541.0 631.0 634.0 626.0 609.0 631.0 655.0 671.0 663.0 613.0 606.0 622.0 624.0 638.0 635.0 635.0 627.0 649.0 640.0 634.0 648.0 624.0 613.0 664.0 648.0 645.0 644.0 624.0 632.0 636.0 581.0 622.0 657.0 655.0 633.0 634.0 624.0 625.0 647.0 655.0 647.0 663.0 649.0 586.0 615.0 640.0 637.0 620.0 638.0 660.0 655.0 515.0 530.0 576.0 629.0 634.0 627.0 634.0 722.0 669.0 619.0 592.0 611.0 619.0 626.0 645.0 592.0 619.0 597.0 651.0 655.0 648.0 616.2891986062717 34.3139045251501
13 7.0 7.0 7.0 7.0 7.0 7.0 7.0 7.0 7.0 7.0 7.0 7.0 7.0 7.0 7.0 7.0 7.0 7.0 7.0 7.0 7.0 7.0 7.0 7.0 7.0 7.0 7.0 7.0 7.0 7.0 7.0 7.0 7.0 7.0 7.0 7.0 7.0 7.0 7.0 7.0 7.0 7.0 7.0 7.0 7.0 7.0 7.0 7.0 7.0 7.0 7.0 7.0 7.0 8.0 8.0 8.0 8.0 8.0 7.0 7.0 7.0 8.0 8.0 8.0 8.0 8.0 7.0 7.0 7.0 7.0 7.0 6.0 7.0 7.0 7.0 8.0 8.0 8.0 8.0 8.0 7.0 8.0 8.0 8.0 8.0 8.0 10.0 10.0 10.0 8.0 8.0 13.0 8.0 8.0 7.0 8.0 8.0 8.0 8.0 8.0 8.0 7.0 7.0 7.0 7.0 7.0 7.0 7.0 7.0 8.0 8.0 8.0 8.0 8.0 8.0 8.0 8.0 9.0 9.0 7.0 8.0 8.0 10.0 8.0 8.0 8.0 8.0 8.0 8.0 8.0 8.0 8.0 8.0 8.0 8.0 7.0 7.0 7.0 6.0 6.0 8.0 8.0 7.0 7.0 7.0 7.0 7.0 8.0 8.0 7.0 7.0 8.0 7.0 7.0 7.0 8.0 8.0 8.0 7.0 8.0 8.0 8.0 7.0 8.0 8.0 8.0 8.0 8.0 8.0 8.0 7.0 7.0 7.0 7.0 8.0 7.0 7.0 7.0 7.0 8.0 7.0 6.0 7.0 7.0 7.0 7.0 7.0 7.0 7.0 8.0 8.0 8.0 8.0 6.0 8.0 7.0 7.0 7.0 7.0 8.0 8.0 8.0 7.0 7.0 7.0 7.0 7.0 8.0 7.0 7.0 7.0 7.0 8.0 5.0 5.0 5.0 5.0 5.0 5.0 5.0 5.0 5.0 5.0 5.0 5.0 7.0 8.0 8.0 8.0 8.0 8.0 8.0 8.0 8.0 8.0 8.0 8.0 8.0 7.0 7.0 9.0 7.0 7.0 7.0 7.0 7.0 7.0 7.0 7.0 8.0 8.0 8.0 8.0 8.0 8.0 8.0 8.0 7.0 7.0 7.0 8.0 8.0 8.0 8.0 8.0 8.0 8.0 8.0 8.0 8.0 8.0 8.0 8.0 8.0 8.0 8.0 8.0 8.0 8.0 8.0 8.0 8.0 8.0 8.0 8.0 8.0 8.0 7.432055749128919 0.8618265833787165
14 85.0 85.0 85.0 85.0 81.0 90.0 90.0 90.0 94.0 91.0 91.0 92.0 87.0 87.0 87.0 87.0 99.0 99.0 89.0 101.0 101.0 95.0 93.0 92.0 97.0 93.0 98.0 93.0 96.0 90.0 85.0 97.0 80.0 104.0 104.0 104.0 91.0 91.0 91.0 104.0 100.0 94.0 94.0 84.0 85.0 98.0 91.0 93.0 89.0 89.0 89.0 93.0 100.0 97.0 97.0 97.0 94.0 91.0 86.0 94.0 105.0 102.0 93.0 90.0 98.0 85.0 84.0 80.0 80.0 80.0 100.0 75.0 80.0 85.0 85.0 87.0 102.0 85.0 95.0 89.0 89.0 92.0 91.0 93.0 95.0 91.0 99.0 91.0 95.0 126.0 131.0 94.0 87.0 89.0 96.0 96.0 95.0 95.0 97.0 96.0 86.0 79.0 100.0 88.0 98.0 92.0 95.0 91.0 96.0 97.0 94.0 93.0 91.0 95.0 93.0 90.0 92.0 100.0 93.0 87.0 86.0 94.0 97.0 93.0 98.0 93.0 87.0 89.0 92.0 96.0 97.0 94.0 95.0 90.0 83.0 80.0 95.0 85.0 76.0 93.0 93.0 93.0 86.0 91.0 97.0 92.0 85.0 88.0 85.0 90.0 91.0 93.0 94.0 84.0 83.0 99.0 96.0 89.0 84.0 94.0 98.0 89.0 100.0 90.0 90.0 90.0 88.0 89.0 91.0 92.0 92.0 93.0 83.0 96.0 81.0 86.0 92.0 93.0 88.0 92.0 89.0 85.0 90.0 87.0 89.0 93.0 95.0 81.0 81.0 96.0 81.0 95.0 90.0 81.0 94.0 94.0 86.0 85.0 85.0 88.0 99.0 93.0 90.0 92.0 88.0 95.0 91.0 92.0 88.0 81.0 88.0 97.0 97.0 75.0 97.0 97.0 107.0 93.0 90.0 88.0 103.0 92.0 97.0 79.0 92.0 88.0 88.0 95.0 92.0 92.0 93.0 97.0 95.0 95.0 95.0 102.0 95.0 98.0 84.0 94.0 86.0 93.0 99.0 99.0 99.0 99.0 98.0 98.0 92.0 92.0 88.0 94.0 89.0 98.0 97.0 95.0 95.0 85.0 94.0 96.0 96.0 90.0 94.0 96.0 96.0 96.0 77.0 87.0 87.0 93.0 95.0 95.0 108.0 94.0 94.0 94.0 88.0 85.0 94.0 90.0 90.0 90.0 97.0 91.0 95.0 101.0 101.0 92.05226480836237 6.565489353209998
15 556.0 556.0 569.0 547.0 561.0 561.0 594.0 594.0 594.0 588.0 584.0 565.0 534.0 548.0 621.0 617.0 618.0 610.0 610.0 616.0 600.0 588.0 584.0 595.0 598.0 594.0 597.0 602.0 553.0 579.0 547.0 523.0 516.0 654.0 579.0 586.0 578.0 624.0 665.0 580.0 581.0 585.0 536.0 551.0 611.0 604.0 566.0 553.0 618.0 602.0 594.0 587.0 588.0 588.0 595.0 593.0 583.0 586.0 620.0 650.0 581.0 577.0 576.0 534.0 537.0 530.0 520.0 537.0 628.0 566.0 551.0 534.0 539.0 589.0 582.0 603.0 573.0 562.0 549.0 552.0 560.0 573.0 591.0 585.0 573.0 581.0 587.0 580.0 618.0 558.0 593.0 579.0 605.0 564.0 555.0 597.0 615.0 605.0 596.0 507.0 507.0 515.0 586.0 592.0 584.0 596.0 541.0 518.0 582.0 599.0 602.0 598.0 572.0 576.0 580.0 581.0 595.0 565.0 545.0 545.0 559.0 599.0 598.0 602.0 580.0 582.0 573.0 608.0 576.0 597.0 580.0 562.0 578.0 518.0 512.0 576.0 562.0 506.0 508.0 607.0 549.0 543.0 548.0 599.0 570.0 544.0 542.0 543.0 573.0 580.0 579.0 577.0 587.0 508.0 527.0 584.0 571.0 569.0 588.0 616.0 563.0 593.0 575.0 595.0 549.0 569.0 579.0 587.0 598.0 589.0 551.0 498.0 523.0 552.0 549.0 585.0 584.0 569.0 566.0 567.0 570.0 567.0 569.0 571.0 587.0 564.0 516.0 528.0 600.0 581.0 576.0 515.0 551.0 546.0 575.0 588.0 528.0 542.0 576.0 596.0 588.0 584.0 575.0 557.0 547.0 564.0 555.0 566.0 572.0 543.0 598.0 522.0 440.0 459.0 581.0 554.0 560.0 573.0 580.0 592.0 596.0 606.0 563.0 573.0 578.0 593.0 591.0 596.0 591.0 592.0 607.0 599.0 589.0 617.0 611.0 607.0 600.0 585.0 591.0 586.0 568.0 585.0 634.0 634.0 574.0 602.0 597.0 589.0 580.0 594.0 586.0 599.0 568.0 590.0 605.0 606.0 519.0 558.0 607.0 607.0 584.0 595.0 615.0 612.0 504.0 494.0 537.0 590.0 592.0 588.0 611.0 646.0 608.0 553.0 522.0 541.0 589.0 593.0 583.0 566.0 608.0 614.0 604.0 621.0 615.0 618.0 564.0 575.6585365853658 31.293028367742817
16 352.0 352.0 365.0 354.0 354.0 384.0 391.0 382.0 381.0 346.0 346.0 346.0 362.0 402.0 397.0 412.0 465.0 464.0 403.0 418.0 381.0 361.0 445.0 388.0 387.0 391.0 376.0 349.0 391.0 398.0 400.0 669.0 669.0 377.0 372.0 388.0 389.0 387.0 381.0 393.0 407.0 347.0 364.0 696.0 394.0 374.0 365.0 365.0 470.0 384.0 379.0 392.0 493.0 391.0 380.0 416.0 410.0 391.0 382.0 365.0 377.0 389.0 367.0 385.0 361.0 357.0 393.0 404.0 415.0 412.0 365.0 409.0 466.0 402.0 374.0 375.0 370.0 444.0 365.0 372.0 377.0 408.0 366.0 383.0 378.0 382.0 378.0 401.0 401.0 404.0 384.0 408.0 360.0 374.0 383.0 398.0 335.0 361.0 330.0 330.0 356.0 401.0 345.0 358.0 389.0 365.0 375.0 382.0 392.0 390.0 390.0 376.0 368.0 384.0 382.0 375.0 364.0 365.0 354.0 371.0 383.0 395.0 380.0 398.0 384.0 357.0 363.0 395.0 407.0 388.0 373.0 370.0 327.0 334.0 364.0 369.0 378.0 403.0 390.0 354.0 353.0 398.0 394.0 355.0 350.0 370.0 372.0 382.0 379.0 387.0 363.0 417.0 400.0 367.0 373.0 357.0 408.0 380.0 368.0 379.0 397.0 352.0 514.0 368.0 370.0 476.0 365.0 374.0 381.0 359.0 344.0 378.0 354.0 462.0 390.0 374.0 369.0 343.0 356.0 362.0 369.0 410.0 371.0 352.0 384.0 369.0 387.0 403.0 398.0 363.0 379.0 386.0 435.0 378.0 374.0 368.0 368.0 344.0 389.0 380.0 374.0 383.0 356.0 354.0 370.0 379.0 333.0 374.0 430.0 398.0 368.0 288.0 388.0 369.0 368.0 389.0 375.0 426.0 399.0 395.0 351.0 376.0 383.0 360.0 391.0 390.0 414.0 393.0 395.0 362.0 387.0 649.0 398.0 385.0 394.0 367.0 379.0 396.0 412.0 378.0 351.0 365.0 366.0 398.0 391.0 384.0 385.0 1127.0 390.0 368.0 394.0 395.0 388.0 537.0 369.0 348.0 391.0 391.0 373.0 385.0 392.0 384.0 376.0 339.0 359.0 398.0 388.0 386.0 385.0 428.0 400.0 377.0 362.0 327.0 369.0 387.0 379.0 939.0 387.0 398.0 404.0 395.0 391.0 375.0 376.0 373.0 386.0 390.7630662020906 69.85959666724101
17 130.0 136.0 140.0 140.0 142.0 148.0 148.0 141.0 140.0 122.0 122.0 140.0 147.0 147.0 147.0 148.0 141.0 146.0 146.0 152.0 134.0 134.0 140.0 152.0 146.0 137.0 127.0 147.0 147.0 147.0 147.0 147.0 138.0 137.0 137.0 140.0 140.0 161.0 142.0 143.0 128.0 130.0 144.0 135.0 135.0 135.0 135.0 136.0 146.0 146.0 146.0 146.0 146.0 142.0 151.0 156.0 140.0 197.0 138.0 140.0 138.0 138.0 141.0 143.0 125.0 147.0 150.0 150.0 141.0 131.0 118.0 127.0 138.0 151.0 133.0 136.0 141.0 128.0 134.0 144.0 146.0 133.0 144.0 132.0 134.0 143.0 147.0 153.0 140.0 139.0 153.0 134.0 128.0 149.0 142.0 144.0 122.0 126.0 121.0 126.0 145.0 134.0 128.0 140.0 135.0 142.0 139.0 142.0 141.0 140.0 138.0 134.0 143.0 135.0 128.0 138.0 135.0 141.0 141.0 142.0 145.0 139.0 143.0 135.0 119.0 139.0 138.0 147.0 144.0 138.0 135.0 120.0 122.0 134.0 133.0 139.0 145.0 142.0 146.0 130.0 165.0 137.0 141.0 128.0 142.0 138.0 146.0 145.0 145.0 133.0 149.0 154.0 143.0 140.0 131.0 139.0 135.0 136.0 139.0 145.0 124.0 132.0 136.0 138.0 133.0 140.0 137.0 142.0 130.0 123.0 142.0 132.0 141.0 148.0 137.0 135.0 134.0 129.0 136.0 135.0 120.0 154.0 128.0 135.0 140.0 141.0 141.0 139.0 150.0 140.0 144.0 142.0 129.0 136.0 140.0 137.0 140.0 146.0 148.0 132.0 165.0 144.0 134.0 142.0 136.0 134.0 121.0 150.0 147.0 132.0 108.0 133.0 133.0 135.0 145.0 138.0 153.0 138.0 146.0 146.0 139.0 144.0 138.0 138.0 150.0 146.0 146.0 140.0 136.0 136.0 136.0 149.0 144.0 149.0 131.0 141.0 145.0 137.0 143.0 144.0 134.0 137.0 137.0 147.0 140.0 158.0 140.0 143.0 141.0 141.0 144.0 148.0 148.0 151.0 121.0 140.0 146.0 146.0 183.0 153.0 145.0 138.0 146.0 122.0 122.0 144.0 145.0 132.0 160.0 147.0 181.0 133.0 130.0 136.0 141.0 138.0 138.0 138.0 146.0 146.0 145.0 141.0 134.0 134.0 142.0 142.0 119.0 139.90940766550523 9.571892966524352
18 481.0 461.0 461.0 498.0 514.0 497.0 493.0 482.0 432.0 431.0 516.0 507.0 511.0 513.0 508.0 502.0 521.0 513.0 501.0 470.0 490.0 503.0 499.0 491.0 482.0 459.0 485.0 491.0 491.0 491.0 491.0 487.0 487.0 524.0 522.0 491.0 518.0 519.0 501.0 449.0 458.0 493.0 484.0 481.0 481.0 573.0 505.0 506.0 513.0 501.0 482.0 482.0 480.0 497.0 530.0 498.0 491.0 483.0 482.0 478.0 490.0 470.0 438.0 455.0 512.0 521.0 538.0 490.0 475.0 445.0 473.0 512.0 487.0 467.0 464.0 501.0 491.0 478.0 491.0 493.0 488.0 498.0 488.0 479.0 490.0 501.0 509.0 537.0 512.0 515.0 471.0 461.0 506.0 507.0 437.0 427.0 430.0 431.0 438.0 491.0 461.0 456.0 489.0 497.0 487.0 496.0 505.0 501.0 487.0 472.0 484.0 490.0 488.0 451.0 458.0 482.0 498.0 498.0 492.0 503.0 494.0 489.0 479.0 488.0 493.0 495.0 502.0 505.0 487.0 478.0 426.0 423.0 517.0 481.0 476.0 480.0 509.0 466.0 461.0 509.0 514.0 491.0 464.0 481.0 485.0 487.0 483.0 487.0 493.0 489.0 493.0 494.0 484.0 495.0 482.0 480.0 485.0 494.0 496.0 485.0 475.0 474.0 486.0 501.0 502.0 493.0 497.0 476.0 455.0 472.0 470.0 479.0 506.0 491.0 466.0 463.0 458.0 489.0 482.0 460.0 496.0 474.0 467.0 487.0 494.0 508.0 462.0 444.0 480.0 498.0 514.0 490.0 510.0 493.0 476.0 456.0 460.0 502.0 494.0 480.0 469.0 466.0 476.0 464.0 478.0 484.0 510.0 503.0 485.0 398.0 378.0 508.0 501.0 487.0 481.0 488.0 509.0 510.0 505.0 489.0 498.0 470.0 489.0 493.0 504.0 464.0 511.0 477.0 468.0 495.0 484.0 482.0 488.0 485.0 490.0 490.0 506.0 481.0 494.0 448.0 478.0 487.0 506.0 504.0 493.0 484.0 512.0 499.0 644.0 669.0 493.0 513.0 479.0 459.0 499.0 528.0 550.0 509.0 517.0 502.0 529.0 482.0 432.0 449.0 507.0 543.0 479.0 490.0 507.0 490.0 469.0 432.0 479.0 501.0 493.0 479.0 506.0 510.0 522.0 664.0 501.0 490.0 480.0 481.0 500.0 478.0 494.0 488.8536585365854 29.13555572144936
19 275.0 275.0 277.0 278.0 274.0 273.0 263.0 239.0 239.0 277.0 287.0 285.0 284.0 283.0 294.0 290.0 280.0 273.0 259.0 271.0 277.0 276.0 266.0 273.0 251.0 267.0 267.0 267.0 267.0 267.0 267.0 273.0 292.0 302.0 281.0 269.0 279.0 273.0 252.0 262.0 273.0 272.0 265.0 269.0 279.0 279.0 279.0 278.0 279.0 279.0 255.0 265.0 282.0 286.0 270.0 274.0 269.0 271.0 273.0 273.0 267.0 248.0 249.0 285.0 291.0 273.0 273.0 262.0 231.0 267.0 285.0 271.0 259.0 276.0 271.0 269.0 268.0 273.0 274.0 266.0 273.0 268.0 268.0 270.0 280.0 278.0 296.0 261.0 286.0 263.0 256.0 264.0 281.0 242.0 232.0 254.0 243.0 253.0 267.0 282.0 253.0 269.0 262.0 267.0 279.0 280.0 280.0 272.0 263.0 268.0 273.0 269.0 250.0 259.0 268.0 277.0 264.0 274.0 285.0 270.0 271.0 261.0 265.0 258.0 256.0 270.0 278.0 262.0 270.0 235.0 243.0 261.0 268.0 268.0 289.0 273.0 259.0 257.0 285.0 272.0 284.0 255.0 276.0 264.0 273.0 272.0 279.0 279.0 285.0 276.0 274.0 266.0 258.0 272.0 246.0 270.0 278.0 269.0 258.0 259.0 257.0 265.0 272.0 279.0 271.0 269.0 254.0 237.0 250.0 260.0 269.0 281.0 269.0 272.0 254.0 262.0 262.0 266.0 251.0 276.0 251.0 276.0 261.0 270.0 275.0 263.0 246.0 275.0 274.0 254.0 327.0 267.0 265.0 261.0 249.0 250.0 282.0 258.0 262.0 259.0 258.0 267.0 257.0 269.0 272.0 286.0 275.0 260.0 235.0 224.0 280.0 279.0 253.0 266.0 274.0 242.0 266.0 278.0 271.0 277.0 257.0 274.0 268.0 284.0 278.0 277.0 261.0 261.0 282.0 276.0 259.0 256.0 261.0 269.0 266.0 259.0 268.0 280.0 261.0 261.0 273.0 277.0 275.0 274.0 273.0 288.0 265.0 276.0 281.0 268.0 227.0 260.0 260.0 286.0 286.0 269.0 285.0 279.0 278.0 298.0 286.0 226.0 286.0 279.0 279.0 283.0 284.0 276.0 268.0 253.0 253.0 270.0 279.0 269.0 269.0 278.0 286.0 284.0 286.0 271.0 261.0 265.0 265.0 279.0 231.0 255.0 298.0 268.8850174216028 13.423599609855371
20 391.0 386.0 387.0 379.0 382.0 372.0 333.0 334.0 399.0 393.0 391.0 389.0 396.0 405.0 403.0 392.0 381.0 360.0 377.0 384.0 382.0 375.0 373.0 369.0 366.0 369.0 369.0 369.0 369.0 376.0 397.0 410.0 380.0 373.0 384.0 388.0 381.0 350.0 357.0 384.0 371.0 372.0 378.0 388.0 390.0 385.0 386.0 391.0 391.0 378.0 370.0 392.0 396.0 376.0 375.0 371.0 382.0 381.0 378.0 360.0 340.0 355.0 399.0 397.0 382.0 380.0 360.0 320.0 375.0 391.0 371.0 362.0 361.0 368.0 378.0 373.0 383.0 371.0 375.0 384.0 367.0 396.0 377.0 386.0 394.0 405.0 379.0 386.0 361.0 367.0 374.0 390.0 328.0 325.0 334.0 351.0 362.0 368.0 362.0 363.0 374.0 364.0 371.0 384.0 390.0 406.0 378.0 371.0 379.0 379.0 373.0 348.0 359.0 364.0 380.0 381.0 372.0 387.0 379.0 378.0 361.0 361.0 359.0 352.0 382.0 391.0 366.0 373.0 329.0 328.0 364.0 372.0 373.0 387.0 386.0 359.0 358.0 401.0 386.0 388.0 351.0 380.0 367.0 371.0 383.0 387.0 371.0 382.0 341.0 369.0 368.0 369.0 376.0 348.0 376.0 380.0 378.0 362.0 342.0 347.0 364.0 397.0 384.0 390.0 376.0 354.0 351.0 355.0 372.0 372.0 380.0 384.0 377.0 345.0 359.0 374.0 364.0 370.0 381.0 358.0 369.0 375.0 377.0 390.0 354.0 352.0 381.0 382.0 387.0 382.0 365.0 367.0 359.0 342.0 341.0 383.0 369.0 354.0 359.0 366.0 382.0 367.0 374.0 380.0 388.0 384.0 368.0 324.0 328.0 394.0 396.0 355.0 374.0 384.0 340.0 320.0 379.0 374.0 385.0 367.0 383.0 379.0 387.0 375.0 387.0 363.0 359.0 384.0 376.0 362.0 363.0 374.0 367.0 366.0 369.0 371.0 365.0 373.0 364.0 382.0 387.0 384.0 378.0 390.0 395.0 378.0 386.0 391.0 374.0 351.0 358.0 356.0 399.0 402.0 373.0 400.0 397.0 396.0 400.0 395.0 321.0 346.0 388.0 382.0 387.0 393.0 384.0 373.0 371.0 352.0 383.0 385.0 376.0 376.0 394.0 391.0 394.0 397.0 380.0 369.0 371.0 375.0 391.0 324.0 382.0 401.0 396.0 373.70034843205576 17.211582330272144
21 5.0 5.0 5.0 5.0 5.0 5.0 5.0 5.0 5.0 5.0 5.0 5.0 5.0 5.0 5.0 5.0 6.0 6.0 6.0 6.0 6.0 6.0 6.0 6.0 6.0 6.0 6.0 6.0 6.0 6.0 6.0 6.0 6.0 6.0 6.0 6.0 6.0 6.0 6.0 6.0 6.0 6.0 6.0 6.0 6.0 6.0 6.0 6.0 6.0 6.0 6.0 6.0 6.0 6.0 6.0 6.0 6.0 6.0 6.0 5.0 5.0 5.0 5.0 5.0 6.0 6.0 5.0 5.0 5.0 5.0 5.0 5.0 5.0 5.0 5.0 5.0 5.0 6.0 6.0 6.0 5.0 5.0 6.0 6.0 6.0 6.0 6.0 6.0 5.0 5.0 5.0 5.0 5.0 5.0 5.0 5.0 6.0 6.0 5.0 6.0 6.0 6.0 5.0 5.0 5.0 5.0 5.0 5.0 5.0 5.0 6.0 5.0 5.0 5.0 5.0 6.0 6.0 6.0 6.0 6.0 6.0 6.0 5.0 5.0 6.0 6.0 6.0 6.0 5.0 6.0 6.0 6.0 5.0 5.0 5.0 5.0 5.0 5.0 5.0 5.0 5.0 5.0 5.0 5.0 5.0 5.0 5.0 6.0 5.0 5.0 5.0 6.0 6.0 6.0 6.0 6.0 6.0 6.0 5.0 5.0 5.0 6.0 6.0 6.0 6.0 5.0 5.0 5.0 6.0 6.0 6.0 6.0 6.0 5.0 5.0 5.0 5.0 5.0 5.0 5.0 5.0 5.0 5.0 6.0 5.0 5.0 6.0 6.0 5.0 5.0 5.0 6.0 6.0 5.0 5.0 5.0 5.0 5.0 6.0 6.0 6.0 6.0 5.0 6.0 6.0 6.0 5.0 4.0 4.0 6.0 6.0 6.0 6.0 6.0 5.0 5.0 5.0 6.0 6.0 6.0 6.0 6.0 6.0 6.0 6.0 5.0 5.0 5.0 5.0 5.0 5.0 5.0 5.0 5.0 5.0 5.0 6.0 6.0 6.0 6.0 6.0 6.0 5.0 5.0 5.0 5.0 5.0 5.0 5.0 5.0 5.0 5.0 5.0 5.0 5.0 5.0 5.0 5.0 5.0 5.0 5.0 6.0 6.0 6.0 6.0 6.0 6.0 6.0 6.0 6.0 6.0 6.0 6.0 6.0 6.0 6.0 6.0 6.0 6.0 6.0 6.0 6.0 6.0 6.0 6.0 6.0 6.0 5.508710801393728 0.514571663125083
22 194.0 197.0 194.0 192.0 196.0 169.0 169.0 184.0 203.0 197.0 197.0 200.0 201.0 201.0 201.0 193.0 169.0 194.0 194.0 198.0 183.0 189.0 182.0 193.0 196.0 196.0 196.0 196.0 191.0 203.0 206.0 206.0 196.0 197.0 196.0 194.0 178.0 181.0 197.0 191.0 188.0 190.0 198.0 216.0 196.0 196.0 196.0 185.0 197.0 206.0 204.0 204.0 187.0 192.0 190.0 189.0 192.0 194.0 189.0 180.0 174.0 200.0 206.0 195.0 194.0 192.0 172.0 201.0 203.0 196.0 185.0 188.0 193.0 192.0 190.0 198.0 196.0 203.0 199.0 195.0 184.0 193.0 198.0 194.0 209.0 185.0 193.0 186.0 181.0 187.0 199.0 169.0 165.0 173.0 182.0 189.0 189.0 201.0 178.0 194.0 188.0 191.0 197.0 199.0 209.0 195.0 187.0 191.0 196.0 190.0 186.0 190.0 185.0 194.0 196.0 186.0 199.0 201.0 203.0 191.0 202.0 185.0 178.0 189.0 199.0 185.0 192.0 189.0 167.0 196.0 191.0 192.0 199.0 200.0 185.0 182.0 204.0 202.0 199.0 181.0 190.0 187.0 190.0 190.0 200.0 187.0 203.0 177.0 179.0 187.0 183.0 201.0 178.0 197.0 193.0 192.0 195.0 183.0 171.0 196.0 207.0 190.0 196.0 203.0 183.0 182.0 171.0 191.0 187.0 210.0 191.0 193.0 178.0 186.0 195.0 193.0 179.0 193.0 179.0 192.0 190.0 198.0 196.0 191.0 170.0 198.0 194.0 194.0 177.0 190.0 188.0 190.0 191.0 171.0 200.0 192.0 188.0 178.0 183.0 194.0 186.0 192.0 213.0 200.0 191.0 193.0 188.0 159.0 200.0 195.0 174.0 193.0 191.0 186.0 171.0 198.0 193.0 192.0 176.0 192.0 189.0 186.0 196.0 182.0 199.0 183.0 220.0 193.0 181.0 184.0 192.0 188.0 188.0 187.0 190.0 196.0 185.0 185.0 203.0 202.0 193.0 195.0 202.0 202.0 186.0 196.0 198.0 189.0 187.0 186.0 188.0 194.0 196.0 207.0 204.0 196.0 201.0 212.0 194.0 169.0 170.0 197.0 207.0 204.0 196.0 195.0 198.0 184.0 184.0 190.0 206.0 197.0 197.0 199.0 195.0 202.0 202.0 189.0 184.0 189.0 187.0 199.0 199.0 205.0 203.0 203.0 194.0 191.79094076655053 9.398604353688823
23 120.0 120.0 119.0 118.0 118.0 103.0 103.0 124.0 124.0 121.0 123.0 124.0 130.0 119.0 119.0 117.0 120.0 119.0 119.0 116.0 116.0 116.0 116.0 110.0 120.0 120.0 120.0 120.0 122.0 125.0 124.0 124.0 125.0 132.0 120.0 120.0 107.0 107.0 121.0 116.0 118.0 119.0 135.0 118.0 120.0 120.0 120.0 120.0 120.0 127.0 126.0 115.0 118.0 118.0 116.0 117.0 117.0 120.0 110.0 110.0 122.0 119.0 119.0 118.0 118.0 114.0 109.0 127.0 124.0 113.0 112.0 112.0 119.0 116.0 131.0 121.0 121.0 109.0 131.0 117.0 122.0 121.0 121.0 131.0 131.0 106.0 126.0 109.0 118.0 114.0 125.0 104.0 102.0 118.0 112.0 116.0 119.0 111.0 109.0 117.0 120.0 117.0 121.0 115.0 119.0 116.0 113.0 120.0 120.0 119.0 106.0 119.0 116.0 123.0 117.0 133.0 143.0 118.0 114.0 118.0 116.0 110.0 111.0 122.0 120.0 116.0 108.0 116.0 123.0 120.0 133.0 115.0 116.0 121.0 112.0 160.0 160.0 119.0 120.0 109.0 117.0 115.0 117.0 124.0 128.0 120.0 119.0 116.0 119.0 114.0 118.0 115.0 115.0 129.0 117.0 118.0 120.0 117.0 121.0 113.0 109.0 113.0 117.0 120.0 110.0 110.0 114.0 120.0 120.0 120.0 118.0 123.0 107.0 118.0 116.0 102.0 121.0 116.0 109.0 119.0 122.0 127.0 124.0 103.0 103.0 123.0 119.0 132.0 110.0 118.0 117.0 117.0 107.0 121.0 120.0 116.0 115.0 113.0 111.0 112.0 118.0 115.0 125.0 119.0 119.0 108.0 95.0 92.0 122.0 111.0 115.0 116.0 120.0 122.0 122.0 119.0 116.0 116.0 117.0 119.0 122.0 118.0 123.0 109.0 115.0 115.0 115.0 121.0 114.0 111.0 121.0 108.0 113.0 115.0 107.0 109.0 113.0 112.0 124.0 122.0 120.0 118.0 124.0 110.0 124.0 121.0 112.0 113.0 108.0 115.0 100.0 136.0 136.0 117.0 122.0 121.0 117.0 115.0 118.0 97.0 123.0 120.0 119.0 136.0 110.0 119.0 112.0 102.0 118.0 121.0 120.0 116.0 116.0 125.0 122.0 121.0 123.0 116.0 116.0 115.0 118.0 118.0 100.0 126.0 117.0 107.0 120.0 117.7560975609756 7.71542067461346
24 271.0 257.0 224.0 228.0 196.0 196.0 254.0 229.0 238.0 234.0 234.0 234.0 231.0 234.0 226.0 227.0 226.0 235.0 216.0 266.0 225.0 225.0 208.0 232.0 268.0 227.0 227.0 222.0 282.0 248.0 248.0 227.0 246.0 232.0 259.0 209.0 209.0 230.0 226.0 220.0 232.0 228.0 304.0 227.0 229.0 229.0 229.0 236.0 229.0 250.0 230.0 211.0 223.0 218.0 220.0 227.0 224.0 232.0 207.0 229.0 222.0 208.0 215.0 227.0 230.0 224.0 247.0 240.0 232.0 215.0 229.0 222.0 223.0 213.0 212.0 228.0 210.0 223.0 230.0 216.0 216.0 230.0 219.0 231.0 226.0 231.0 259.0 208.0 234.0 224.0 198.0 193.0 210.0 228.0 228.0 227.0 221.0 208.0 224.0 239.0 215.0 247.0 224.0 226.0 228.0 235.0 275.0 235.0 234.0 211.0 211.0 229.0 223.0 232.0 214.0 286.0 236.0 222.0 224.0 235.0 212.0 210.0 216.0 227.0 240.0 263.0 236.0 241.0 220.0 228.0 225.0 223.0 223.0 266.0 213.0 213.0 234.0 222.0 204.0 239.0 213.0 222.0 226.0 236.0 229.0 392.0 218.0 226.0 223.0 220.0 227.0 219.0 231.0 235.0 225.0 217.0 227.0 224.0 219.0 263.0 215.0 219.0 237.0 238.0 216.0 199.0 226.0 301.0 269.0 221.0 216.0 211.0 222.0 224.0 220.0 215.0 244.0 226.0 237.0 221.0 228.0 208.0 209.0 200.0 221.0 225.0 249.0 269.0 261.0 220.0 222.0 219.0 203.0 285.0 220.0 210.0 215.0 216.0 223.0 204.0 220.0 223.0 232.0 227.0 228.0 211.0 179.0 235.0 222.0 216.0 220.0 230.0 233.0 325.0 225.0 225.0 220.0 228.0 221.0 236.0 227.0 236.0 220.0 213.0 234.0 250.0 227.0 231.0 234.0 239.0 214.0 231.0 231.0 326.0 224.0 230.0 224.0 223.0 202.0 287.0 222.0 231.0 227.0 268.0 230.0 223.0 242.0 237.0 235.0 225.0 347.0 228.0 240.0 237.0 229.0 229.0 247.0 225.0 185.0 188.0 228.0 235.0 242.0 237.0 225.0 231.0 198.0 209.0 214.0 322.0 231.0 231.0 237.0 229.0 234.0 235.0 327.0 218.0 245.0 218.0 228.0 228.0 229.0 230.0 230.0 223.0 227.0 230.41114982578398 23.5181438899825
25 49.0 49.0 49.0 49.0 43.0 43.0 50.0 50.0 49.0 50.0 50.0 53.0 50.0 49.0 57.0 49.0 50.0 49.0 47.0 48.0 48.0 48.0 44.0 49.0 49.0 69.0 69.0 49.0 53.0 53.0 53.0 49.0 50.0 50.0 48.0 44.0 49.0 50.0 50.0 48.0 50.0 50.0 48.0 50.0 50.0 50.0 50.0 50.0 51.0 50.0 50.0 50.0 50.0 62.0 53.0 53.0 51.0 53.0 47.0 47.0 49.0 49.0 48.0 48.0 50.0 50.0 54.0 49.0 47.0 46.0 45.0 51.0 55.0 48.0 48.0 46.0 46.0 50.0 51.0 50.0 50.0 51.0 49.0 49.0 48.0 48.0 49.0 51.0 51.0 48.0 49.0 46.0 52.0 47.0 52.0 46.0 48.0 46.0 50.0 55.0 50.0 61.0 51.0 50.0 50.0 50.0 52.0 54.0 54.0 51.0 50.0 50.0 52.0 51.0 52.0 49.0 53.0 55.0 51.0 49.0 46.0 51.0 55.0 49.0 51.0 52.0 51.0 51.0 54.0 52.0 48.0 48.0 49.0 47.0 48.0 53.0 49.0 52.0 48.0 48.0 49.0 49.0 58.0 58.0 48.0 57.0 50.0 67.0 49.0 49.0 51.0 51.0 51.0 49.0 54.0 53.0 49.0 50.0 50.0 45.0 45.0 49.0 51.0 51.0 47.0 50.0 50.0 52.0 44.0 46.0 50.0 48.0 54.0 51.0 49.0 48.0 50.0 56.0 51.0 46.0 52.0 48.0 46.0 48.0 55.0 53.0 48.0 52.0 52.0 50.0 53.0 45.0 50.0 50.0 52.0 53.0 52.0 46.0 46.0 47.0 52.0 52.0 51.0 54.0 48.0 48.0 39.0 50.0 52.0 52.0 48.0 51.0 52.0 47.0 49.0 50.0 50.0 48.0 48.0 50.0 66.0 50.0 49.0 49.0 51.0 53.0 51.0 52.0 58.0 48.0 45.0 50.0 46.0 46.0 52.0 52.0 48.0 51.0 51.0 50.0 56.0 63.0 50.0 52.0 52.0 52.0 52.0 87.0 55.0 55.0 55.0 100.0 50.0 52.0 52.0 52.0 52.0 52.0 40.0 54.0 56.0 50.0 50.0 45.0 52.0 48.0 42.0 42.0 69.0 52.0 52.0 52.0 51.0 53.0 51.0 51.0 51.0 51.0 49.0 51.0 51.0 61.0 53.0 53.0 53.0 48.0 48.0 50.77351916376307 5.33174906214597
26 118.0 119.0 119.0 109.0 103.0 103.0 131.0 119.0 121.0 123.0 119.0 122.0 122.0 120.0 109.0 119.0 119.0 119.0 116.0 114.0 114.0 110.0 116.0 117.0 120.0 120.0 114.0 114.0 133.0 133.0 133.0 119.0 119.0 121.0 121.0 108.0 121.0 123.0 114.0 114.0 120.0 120.0 115.0 119.0 124.0 124.0 124.0 127.0 128.0 123.0 123.0 123.0 114.0 121.0 124.0 121.0 119.0 104.0 112.0 119.0 113.0 122.0 118.0 123.0 128.0 143.0 123.0 111.0 109.0 107.0 121.0 123.0 117.0 113.0 115.0 110.0 117.0 113.0 115.0 113.0 114.0 121.0 114.0 127.0 116.0 147.0 120.0 121.0 121.0 117.0 111.0 104.0 116.0 118.0 127.0 116.0 109.0 110.0 117.0 118.0 120.0 118.0 115.0 118.0 120.0 119.0 123.0 109.0 114.0 109.0 112.0 118.0 121.0 111.0 117.0 119.0 114.0 119.0 119.0 121.0 109.0 123.0 119.0 113.0 123.0 121.0 123.0 119.0 117.0 126.0 119.0 111.0 124.0 116.0 114.0 117.0 121.0 108.0 108.0 119.0 119.0 116.0 130.0 125.0 114.0 118.0 119.0 115.0 111.0 120.0 117.0 119.0 118.0 117.0 125.0 120.0 109.0 108.0 104.0 119.0 114.0 119.0 116.0 121.0 104.0 115.0 124.0 111.0 119.0 118.0 118.0 117.0 121.0 120.0 123.0 115.0 117.0 120.0 114.0 121.0 122.0 108.0 109.0 116.0 116.0 115.0 116.0 112.0 115.0 125.0 122.0 109.0 112.0 108.0 118.0 108.0 116.0 112.0 112.0 118.0 118.0 121.0 121.0 117.0 118.0 92.0 95.0 118.0 123.0 117.0 119.0 124.0 117.0 112.0 118.0 118.0 116.0 115.0 113.0 120.0 119.0 124.0 106.0 116.0 125.0 111.0 118.0 124.0 119.0 110.0 107.0 116.0 112.0 112.0 129.0 118.0 120.0 115.0 111.0 117.0 119.0 122.0 123.0 125.0 124.0 122.0 127.0 117.0 130.0 114.0 124.0 125.0 125.0 118.0 111.0 131.0 118.0 118.0 97.0 121.0 123.0 130.0 130.0 114.0 114.0 102.0 100.0 115.0 120.0 119.0 135.0 124.0 113.0 115.0 123.0 123.0 119.0 119.0 115.0 118.0 118.0 117.0 127.0 120.0 120.0 123.0 123.0 117.7212543554007 6.696126724189571
27 197.0 197.0 197.0 173.0 174.0 204.0 204.0 204.0 202.0 220.0 217.0 200.0 203.0 200.0 184.0 202.0 202.0 198.0 196.0 194.0 194.0 188.0 198.0 198.0 198.0 198.0 194.0 221.0 221.0 221.0 194.0 198.0 203.0 191.0 181.0 193.0 200.0 202.0 190.0 204.0 202.0 193.0 202.0 202.0 202.0 202.0 218.0 208.0 208.0 206.0 206.0 199.0 190.0 212.0 212.0 254.0 200.0 192.0 198.0 197.0 191.0 205.0 200.0 199.0 199.0 218.0 203.0 188.0 188.0 179.0 205.0 204.0 200.0 190.0 192.0 187.0 197.0 188.0 187.0 195.0 204.0 205.0 186.0 193.0 209.0 213.0 208.0 203.0 197.0 166.0 171.0 172.0 198.0 219.0 186.0 194.0 187.0 187.0 196.0 193.0 200.0 216.0 201.0 198.0 197.0 208.0 202.0 198.0 180.0 183.0 198.0 197.0 201.0 192.0 222.0 199.0 204.0 198.0 198.0 183.0 194.0 206.0 197.0 197.0 199.0 205.0 207.0 199.0 205.0 202.0 191.0 198.0 193.0 202.0 196.0 196.0 212.0 180.0 192.0 196.0 195.0 204.0 210.0 248.0 244.0 185.0 195.0 192.0 196.0 198.0 206.0 207.0 203.0 197.0 201.0 192.0 182.0 176.0 198.0 187.0 201.0 198.0 199.0 180.0 171.0 199.0 197.0 180.0 184.0 199.0 186.0 200.0 216.0 203.0 183.0 185.0 196.0 218.0 188.0 202.0 189.0 183.0 204.0 198.0 196.0 192.0 224.0 195.0 201.0 201.0 184.0 184.0 182.0 193.0 196.0 193.0 183.0 191.0 196.0 193.0 202.0 206.0 194.0 195.0 202.0 162.0 201.0 194.0 198.0 194.0 203.0 206.0 194.0 194.0 200.0 193.0 190.0 200.0 197.0 182.0 209.0 217.0 191.0 212.0 185.0 202.0 204.0 202.0 198.0 183.0 196.0 195.0 198.0 208.0 192.0 203.0 198.0 182.0 203.0 191.0 201.0 199.0 204.0 205.0 209.0 210.0 201.0 196.0 194.0 214.0 206.0 209.0 212.0 176.0 206.0 206.0 198.0 167.0 175.0 198.0 206.0 227.0 227.0 204.0 223.0 164.0 192.0 201.0 227.0 200.0 200.0 201.0 191.0 199.0 207.0 190.0 185.0 193.0 195.0 206.0 211.0 188.0 201.0 202.0 234.0 234.0 234.0 198.55400696864112 12.489003959565759
28 634.0 545.0 544.0 545.0 642.0 640.0 663.0 677.0 664.0 647.0 634.0 622.0 606.0 611.0 623.0 623.0 613.0 611.0 608.0 575.0 596.0 616.0 626.0 627.0 763.0 653.0 735.0 708.0 620.0 613.0 635.0 619.0 591.0 567.0 584.0 634.0 620.0 598.0 627.0 625.0 614.0 631.0 632.0 632.0 620.0 619.0 613.0 629.0 634.0 604.0 623.0 614.0 625.0 604.0 574.0 586.0 589.0 623.0 641.0 611.0 626.0 623.0 642.0 683.0 686.0 618.0 600.0 597.0 565.0 650.0 626.0 589.0 583.0 592.0 593.0 607.0 584.0 572.0 597.0 619.0 562.0 587.0 614.0 602.0 619.0 608.0 606.0 589.0 536.0 528.0 542.0 594.0 612.0 615.0 595.0 572.0 574.0 622.0 608.0 627.0 628.0 637.0 602.0 622.0 621.0 620.0 575.0 576.0 583.0 599.0 639.0 622.0 609.0 598.0 620.0 628.0 624.0 601.0 576.0 588.0 620.0 611.0 617.0 655.0 610.0 626.0 617.0 618.0 606.0 611.0 598.0 600.0 585.0 628.0 632.0 578.0 559.0 569.0 618.0 628.0 638.0 634.0 622.0 592.0 584.0 600.0 607.0 622.0 616.0 623.0 629.0 636.0 632.0 612.0 568.0 568.0 588.0 585.0 607.0 623.0 617.0 589.0 553.0 575.0 623.0 592.0 587.0 600.0 599.0 585.0 596.0 623.0 615.0 599.0 541.0 539.0 627.0 592.0 636.0 658.0 642.0 615.0 599.0 591.0 601.0 652.0 688.0 633.0 609.0 576.0 583.0 587.0 616.0 630.0 592.0 570.0 603.0 602.0 602.0 616.0 633.0 612.0 618.0 541.0 516.0 545.0 626.0 635.0 642.0 642.0 577.0 566.0 603.0 616.0 611.0 603.0 614.0 586.0 619.0 630.0 628.0 601.0 631.0 618.0 621.0 613.0 622.0 619.0 599.0 604.0 610.0 615.0 643.0 639.0 617.0 571.0 584.0 613.0 604.0 627.0 618.0 631.0 650.0 641.0 636.0 620.0 619.0 607.0 629.0 636.0 625.0 596.0 580.0 560.0 622.0 630.0 541.0 576.0 647.0 609.0 596.0 627.0 653.0 533.0 532.0 552.0 641.0 622.0 611.0 658.0 624.0 607.0 618.0 641.0 620.0 599.0 604.0 614.0 647.0 633.0 653.0 637.0 620.0 626.0 636.0 633.0 634.0 610.8606271777004 31.132045925723496
29 14.0 14.0 14.0 14.0 14.0 14.0 14.0 14.0 14.0 14.0 16.0 16.0 16.0 16.0 16.0 16.0 16.0 16.0 16.0 16.0 16.0 16.0 16.0 16.0 16.0 16.0 16.0 16.0 16.0 16.0 16.0 16.0 14.0 16.0 16.0 16.0 16.0 16.0 16.0 16.0 16.0 16.0 16.0 16.0 16.0 16.0 16.0 14.0 14.0 14.0 14.0 14.0 14.0 14.0 14.0 15.0 16.0 16.0 16.0 16.0 16.0 16.0 18.0 17.0 17.0 15.0 15.0 15.0 15.0 15.0 15.0 15.0 15.0 15.0 15.0 15.0 15.0 15.0 15.0 14.0 14.0 14.0 16.0 16.0 16.0 15.0 15.0 13.0 13.0 14.0 13.0 14.0 15.0 15.0 14.0 17.0 17.0 17.0 17.0 16.0 16.0 15.0 15.0 15.0 15.0 15.0 14.0 15.0 15.0 15.0 15.0 15.0 15.0 15.0 17.0 17.0 14.0 15.0 14.0 17.0 17.0 15.0 15.0 15.0 15.0 16.0 16.0 16.0 15.0 15.0 15.0 15.0 16.0 16.0 16.0 13.0 13.0 14.0 18.0 18.0 18.0 18.0 14.0 14.0 14.0 14.0 14.0 15.0 15.0 15.0 15.0 15.0 15.0 14.0 14.0 15.0 15.0 14.0 14.0 15.0 16.0 14.0 12.0 12.0 15.0 15.0 15.0 15.0 15.0 15.0 15.0 15.0 15.0 15.0 14.0 16.0 16.0 16.0 16.0 16.0 16.0 14.0 14.0 16.0 14.0 14.0 16.0 16.0 14.0 18.0 18.0 18.0 18.0 18.0 14.0 14.0 14.0 16.0 15.0 15.0 15.0 15.0 15.0 13.0 13.0 13.0 13.0 17.0 17.0 17.0 15.0 16.0 16.0 16.0 16.0 16.0 16.0 18.0 14.0 14.0 14.0 14.0 15.0 15.0 15.0 15.0 16.0 14.0 15.0 15.0 15.0 15.0 15.0 15.0 15.0 13.0 13.0 14.0 14.0 14.0 17.0 17.0 17.0 17.0 16.0 16.0 13.0 13.0 16.0 16.0 16.0 16.0 15.0 15.0 14.0 13.0 16.0 16.0 15.0 14.0 14.0 14.0 14.0 13.0 13.0 13.0 13.0 13.0 13.0 13.0 13.0 13.0 13.0 15.0 15.0 15.0 15.0 15.0 15.0 15.0 15.0 15.0 15.0 15.0 15.0 15.0 15.0 15.10801393728223 1.208437076407887
30 160.0 161.0 189.0 190.0 190.0 189.0 189.0 198.0 183.0 188.0 187.0 170.0 180.0 182.0 186.0 177.0 171.0 171.0 170.0 180.0 184.0 185.0 185.0 197.0 210.0 210.0 210.0 184.0 184.0 184.0 177.0 177.0 167.0 188.0 191.0 178.0 187.0 188.0 181.0 186.0 188.0 188.0 188.0 188.0 210.0 190.0 167.0 176.0 185.0 189.0 180.0 180.0 180.0 166.0 174.0 175.0 195.0 178.0 186.0 186.0 184.0 183.0 195.0 199.0 193.0 177.0 163.0 163.0 192.0 184.0 175.0 171.0 171.0 174.0 169.0 174.0 173.0 178.0 175.0 172.0 170.0 182.0 191.0 185.0 183.0 178.0 185.0 150.0 157.0 170.0 187.0 173.0 185.0 183.0 166.0 179.0 186.0 188.0 186.0 187.0 181.0 182.0 185.0 187.0 186.0 187.0 171.0 180.0 187.0 191.0 175.0 162.0 178.0 188.0 190.0 183.0 188.0 172.0 175.0 182.0 186.0 186.0 184.0 184.0 213.0 182.0 185.0 173.0 172.0 189.0 165.0 185.0 186.0 189.0 178.0 161.0 183.0 176.0 194.0 180.0 177.0 167.0 203.0 176.0 179.0 183.0 187.0 180.0 187.0 185.0 189.0 192.0 185.0 171.0 172.0 209.0 178.0 176.0 188.0 179.0 192.0 159.0 167.0 192.0 172.0 167.0 182.0 176.0 171.0 183.0 176.0 181.0 178.0 160.0 162.0 176.0 180.0 190.0 191.0 185.0 185.0 177.0 189.0 189.0 175.0 180.0 185.0 189.0 170.0 187.0 183.0 186.0 179.0 178.0 163.0 177.0 177.0 177.0 182.0 183.0 180.0 187.0 152.0 156.0 179.0 190.0 184.0 183.0 188.0 167.0 164.0 179.0 180.0 171.0 179.0 181.0 171.0 186.0 188.0 172.0 188.0 183.0 180.0 189.0 180.0 181.0 181.0 176.0 187.0 171.0 185.0 189.0 181.0 182.0 160.0 177.0 182.0 180.0 185.0 183.0 190.0 190.0 185.0 188.0 181.0 185.0 193.0 194.0 183.0 187.0 186.0 188.0 193.0 186.0 167.0 161.0 187.0 201.0 177.0 165.0 180.0 189.0 182.0 152.0 185.0 181.0 180.0 180.0 195.0 180.0 178.0 193.0 182.0 176.0 177.0 181.0 182.0 203.0 176.0 192.0 185.0 184.0 187.0 183.0 193.0 185.0 183.0 181.3658536585366 9.932391272201455
31 300.0 305.0 345.0 353.0 346.0 359.0 364.0 373.0 347.0 342.0 327.0 365.0 338.0 340.0 337.0 330.0 330.0 327.0 335.0 340.0 341.0 341.0 366.0 357.0 357.0 357.0 346.0 338.0 343.0 340.0 328.0 310.0 333.0 347.0 336.0 330.0 346.0 337.0 331.0 345.0 347.0 347.0 345.0 344.0 347.0 325.0 319.0 341.0 330.0 331.0 340.0 334.0 308.0 325.0 337.0 367.0 357.0 341.0 344.0 346.0 355.0 368.0 344.0 391.0 329.0 323.0 322.0 358.0 340.0 326.0 317.0 333.0 325.0 395.0 336.0 348.0 328.0 330.0 316.0 337.0 342.0 344.0 342.0 349.0 331.0 331.0 287.0 290.0 306.0 338.0 345.0 338.0 344.0 310.0 319.0 353.0 344.0 344.0 348.0 342.0 321.0 355.0 354.0 356.0 367.0 330.0 341.0 347.0 347.0 334.0 370.0 327.0 345.0 354.0 349.0 331.0 319.0 317.0 336.0 353.0 345.0 335.0 338.0 351.0 349.0 329.0 330.0 332.0 326.0 312.0 317.0 309.0 363.0 335.0 323.0 368.0 364.0 361.0 347.0 334.0 323.0 342.0 346.0 362.0 349.0 389.0 353.0 393.0 352.0 358.0 351.0 346.0 335.0 332.0 382.0 335.0 347.0 352.0 353.0 346.0 322.0 314.0 351.0 343.0 325.0 348.0 332.0 350.0 382.0 355.0 358.0 360.0 341.0 312.0 408.0 347.0 354.0 355.0 358.0 353.0 342.0 334.0 367.0 329.0 354.0 351.0 353.0 349.0 349.0 353.0 353.0 331.0 334.0 329.0 335.0 331.0 324.0 355.0 351.0 336.0 341.0 325.0 287.0 336.0 346.0 340.0 343.0 326.0 341.0 343.0 336.0 331.0 326.0 342.0 326.0 372.0 363.0 337.0 322.0 326.0 347.0 338.0 341.0 343.0 334.0 336.0 327.0 344.0 331.0 353.0 347.0 349.0 328.0 316.0 343.0 338.0 356.0 338.0 337.0 350.0 345.0 359.0 346.0 353.0 353.0 332.0 358.0 343.0 372.0 362.0 344.0 363.0 356.0 338.0 311.0 316.0 360.0 346.0 310.0 340.0 350.0 336.0 302.0 331.0 344.0 333.0 335.0 361.0 347.0 342.0 348.0 349.0 326.0 356.0 333.0 336.0 382.0 359.0 345.0 343.0 347.0 331.0 355.0 361.0 350.0 350.0 320.0 341.65156794425087 17.06806169576491
32 511.0 586.0 597.0 605.0 625.0 589.0 580.0 586.0 571.0 555.0 599.0 562.0 565.0 541.0 538.0 568.0 548.0 552.0 565.0 573.0 636.0 583.0 587.0 587.0 551.0 569.0 579.0 579.0 555.0 546.0 533.0 586.0 562.0 619.0 629.0 606.0 549.0 568.0 574.0 551.0 590.0 583.0 578.0 557.0 511.0 548.0 563.0 550.0 557.0 600.0 541.0 557.0 538.0 538.0 555.0 554.0 559.0 578.0 584.0 600.0 601.0 589.0 559.0 543.0 514.0 555.0 565.0 567.0 528.0 535.0 546.0 553.0 517.0 502.0 555.0 534.0 529.0 553.0 563.0 546.0 557.0 595.0 575.0 553.0 558.0 479.0 485.0 509.0 552.0 561.0 569.0 534.0 514.0 531.0 566.0 567.0 570.0 562.0 515.0 574.0 523.0 512.0 563.0 559.0 558.0 566.0 572.0 563.0 535.0 542.0 536.0 565.0 569.0 565.0 540.0 531.0 531.0 566.0 566.0 566.0 560.0 571.0 566.0 576.0 548.0 543.0 539.0 524.0 505.0 527.0 522.0 567.0 525.0 519.0 573.0 571.0 556.0 538.0 522.0 542.0 546.0 561.0 571.0 571.0 574.0 574.0 611.0 576.0 598.0 573.0 560.0 580.0 545.0 557.0 535.0 538.0 569.0 562.0 504.0 497.0 504.0 584.0 538.0 564.0 566.0 540.0 547.0 567.0 505.0 517.0 566.0 577.0 568.0 563.0 566.0 572.0 575.0 578.0 542.0 541.0 545.0 604.0 619.0 563.0 583.0 571.0 559.0 568.0 567.0 559.0 557.0 554.0 531.0 553.0 522.0 538.0 633.0 560.0 565.0 557.0 430.0 430.0 560.0 580.0 559.0 557.0 564.0 579.0 558.0 553.0 558.0 541.0 541.0 569.0 594.0 566.0 542.0 572.0 562.0 566.0 560.0 563.0 562.0 551.0 550.0 549.0 557.0 568.0 576.0 577.0 557.0 548.0 533.0 525.0 564.0 565.0 553.0 576.0 572.0 556.0 558.0 575.0 568.0 567.0 560.0 590.0 574.0 572.0 576.0 576.0 580.0 567.0 573.0 514.0 554.0 601.0 518.0 519.0 567.0 557.0 576.0 559.0 567.0 565.0 562.0 582.0 609.0 573.0 567.0 569.0 566.0 542.0 546.0 550.0 577.0 611.0 598.0 567.0 563.0 560.0 612.0 561.0 583.0 578.0 569.0 555.0 571.0 559.0418118466899 26.95590145550988
33 196.0 205.0 210.0 215.0 180.0 196.0 196.0 195.0 194.0 194.0 228.0 188.0 188.0 188.0 193.0 185.0 192.0 193.0 285.0 325.0 214.0 214.0 214.0 214.0 190.0 200.0 191.0 193.0 182.0 174.0 197.0 190.0 197.0 196.0 193.0 196.0 196.0 196.0 196.0 196.0 200.0 195.0 199.0 172.0 199.0 195.0 179.0 191.0 191.0 189.0 185.0 186.0 189.0 192.0 180.0 180.0 196.0 204.0 211.0 206.0 188.0 187.0 190.0 185.0 212.0 190.0 199.0 181.0 190.0 192.0 196.0 190.0 183.0 195.0 170.0 175.0 191.0 192.0 184.0 192.0 191.0 190.0 183.0 197.0 182.0 165.0 183.0 189.0 184.0 191.0 226.0 176.0 179.0 197.0 194.0 194.0 197.0 174.0 195.0 178.0 174.0 187.0 199.0 191.0 195.0 208.0 194.0 187.0 191.0 185.0 192.0 201.0 206.0 220.0 208.0 170.0 195.0 193.0 193.0 198.0 208.0 194.0 193.0 191.0 184.0 185.0 189.0 171.0 197.0 191.0 214.0 187.0 179.0 192.0 185.0 191.0 180.0 180.0 199.0 184.0 231.0 219.0 193.0 193.0 197.0 196.0 209.0 197.0 201.0 228.0 195.0 185.0 194.0 183.0 192.0 223.0 184.0 193.0 171.0 192.0 192.0 187.0 194.0 194.0 185.0 191.0 197.0 179.0 181.0 193.0 197.0 196.0 190.0 195.0 200.0 192.0 192.0 194.0 186.0 180.0 186.0 197.0 191.0 205.0 203.0 193.0 197.0 197.0 195.0 171.0 191.0 190.0 187.0 180.0 190.0 262.0 270.0 192.0 192.0 195.0 160.0 196.0 192.0 192.0 197.0 198.0 196.0 193.0 181.0 183.0 180.0 203.0 193.0 201.0 191.0 205.0 182.0 201.0 194.0 196.0 197.0 193.0 186.0 186.0 208.0 195.0 191.0 193.0 231.0 182.0 200.0 189.0 190.0 193.0 197.0 194.0 187.0 197.0 201.0 211.0 205.0 192.0 214.0 197.0 199.0 196.0 189.0 201.0 194.0 199.0 204.0 201.0 173.0 202.0 203.0 177.0 184.0 195.0 193.0 190.0 200.0 193.0 189.0 215.0 215.0 356.0 218.0 201.0 194.0 188.0 183.0 184.0 192.0 182.0 196.0 196.0 193.0 192.0 197.0 197.0 197.0 228.0 197.0 277.0 193.0 191.0 191.0 195.62717770034843 18.85972398684351
34 143.0 157.0 155.0 128.0 145.0 141.0 138.0 137.0 140.0 135.0 138.0 134.0 134.0 131.0 134.0 136.0 140.0 137.0 173.0 146.0 135.0 135.0 135.0 136.0 148.0 139.0 138.0 138.0 124.0 141.0 138.0 136.0 141.0 141.0 138.0 137.0 139.0 139.0 139.0 139.0 143.0 134.0 118.0 128.0 138.0 138.0 133.0 144.0 137.0 133.0 135.0 128.0 139.0 127.0 127.0 140.0 143.0 141.0 143.0 139.0 139.0 133.0 130.0 139.0 143.0 139.0 147.0 127.0 138.0 131.0 139.0 130.0 137.0 129.0 121.0 137.0 137.0 135.0 127.0 139.0 131.0 124.0 140.0 140.0 119.0 125.0 133.0 135.0 126.0 137.0 124.0 127.0 136.0 138.0 139.0 139.0 130.0 125.0 140.0 125.0 138.0 140.0 131.0 136.0 141.0 161.0 135.0 133.0 131.0 139.0 145.0 146.0 132.0 140.0 141.0 143.0 136.0 141.0 136.0 138.0 139.0 138.0 138.0 133.0 131.0 132.0 123.0 148.0 153.0 139.0 155.0 135.0 136.0 141.0 138.0 132.0 125.0 133.0 133.0 159.0 142.0 139.0 141.0 119.0 139.0 138.0 140.0 145.0 138.0 143.0 134.0 137.0 131.0 129.0 141.0 137.0 127.0 115.0 119.0 133.0 132.0 129.0 140.0 138.0 129.0 139.0 134.0 125.0 133.0 142.0 137.0 138.0 139.0 141.0 139.0 132.0 135.0 130.0 134.0 132.0 132.0 141.0 140.0 137.0 142.0 137.0 144.0 138.0 134.0 125.0 131.0 127.0 135.0 127.0 141.0 227.0 132.0 137.0 134.0 113.0 114.0 140.0 135.0 134.0 152.0 131.0 138.0 137.0 140.0 126.0 131.0 141.0 142.0 138.0 136.0 136.0 145.0 139.0 139.0 142.0 144.0 134.0 133.0 132.0 138.0 133.0 144.0 139.0 143.0 136.0 142.0 135.0 135.0 138.0 141.0 130.0 142.0 141.0 141.0 143.0 140.0 145.0 144.0 139.0 138.0 141.0 132.0 138.0 145.0 141.0 141.0 144.0 128.0 145.0 146.0 123.0 130.0 136.0 136.0 137.0 138.0 137.0 131.0 131.0 140.0 144.0 144.0 143.0 133.0 132.0 131.0 137.0 139.0 130.0 146.0 134.0 133.0 141.0 137.0 137.0 144.0 142.0 142.0 132.0 137.0 144.0 141.0 136.9616724738676 8.945557634315207
35 5.0 5.0 5.0 5.0 5.0 5.0 5.0 5.0 5.0 5.0 5.0 5.0 5.0 5.0 5.0 5.0 5.0 5.0 5.0 6.0 6.0 6.0 6.0 6.0 6.0 6.0 6.0 6.0 6.0 6.0 6.0 6.0 6.0 5.0 5.0 5.0 5.0 5.0 5.0 5.0 5.0 5.0 5.0 5.0 5.0 5.0 5.0 5.0 5.0 5.0 5.0 5.0 5.0 5.0 5.0 5.0 5.0 5.0 6.0 6.0 6.0 5.0 5.0 5.0 5.0 5.0 5.0 5.0 5.0 5.0 5.0 5.0 5.0 5.0 5.0 5.0 5.0 5.0 5.0 5.0 5.0 5.0 5.0 5.0 5.0 5.0 5.0 5.0 5.0 5.0 5.0 5.0 5.0 5.0 5.0 5.0 5.0 5.0 5.0 5.0 5.0 5.0 5.0 5.0 5.0 5.0 5.0 5.0 5.0 5.0 5.0 5.0 5.0 5.0 5.0 7.0 5.0 5.0 5.0 5.0 6.0 6.0 6.0 6.0 5.0 5.0 5.0 5.0 5.0 5.0 5.0 5.0 5.0 5.0 5.0 5.0 5.0 5.0 5.0 5.0 5.0 5.0 6.0 4.0 4.0 5.0 5.0 5.0 5.0 5.0 5.0 5.0 5.0 5.0 5.0 5.0 5.0 4.0 4.0 4.0 4.0 4.0 4.0 5.0 5.0 5.0 5.0 5.0 5.0 5.0 5.0 5.0 5.0 5.0 5.0 5.0 5.0 5.0 5.0 5.0 5.0 5.0 5.0 5.0 5.0 6.0 6.0 6.0 6.0 6.0 5.0 5.0 5.0 5.0 6.0 10.0 10.0 10.0 10.0 4.0 4.0 5.0 5.0 5.0 5.0 5.0 5.0 5.0 5.0 5.0 5.0 5.0 6.0 6.0 6.0 5.0 5.0 5.0 5.0 5.0 5.0 5.0 5.0 5.0 5.0 5.0 6.0 6.0 6.0 6.0 6.0 6.0 5.0 5.0 5.0 5.0 5.0 6.0 6.0 6.0 6.0 6.0 6.0 6.0 5.0 5.0 5.0 5.0 6.0 6.0 6.0 6.0 5.0 5.0 5.0 5.0 5.0 5.0 5.0 5.0 5.0 5.0 5.0 5.0 5.0 5.0 5.0 5.0 5.0 5.0 5.0 5.0 5.0 5.0 5.0 5.0 5.0 5.0 5.0 5.0 5.0 5.0 5.0 5.0 5.0 5.0 5.0 5.209059233449477 0.7228934817728133
36 47.0 47.0 49.0 49.0 46.0 46.0 46.0 44.0 44.0 44.0 44.0 46.0 46.0 46.0 44.0 44.0 59.0 64.0 64.0 45.0 45.0 45.0 45.0 48.0 48.0 46.0 46.0 46.0 42.0 49.0 66.0 47.0 45.0 45.0 45.0 46.0 46.0 46.0 46.0 45.0 46.0 50.0 55.0 44.0 48.0 48.0 51.0 48.0 44.0 57.0 48.0 48.0 48.0 48.0 48.0 49.0 49.0 50.0 48.0 48.0 42.0 43.0 46.0 49.0 46.0 53.0 44.0 46.0 47.0 40.0 45.0 45.0 53.0 40.0 42.0 55.0 47.0 43.0 60.0 43.0 41.0 42.0 45.0 40.0 38.0 42.0 47.0 46.0 44.0 42.0 41.0 42.0 45.0 45.0 44.0 49.0 43.0 50.0 44.0 43.0 46.0 46.0 43.0 47.0 54.0 46.0 45.0 45.0 48.0 46.0 52.0 48.0 40.0 48.0 47.0 61.0 44.0 48.0 45.0 51.0 49.0 47.0 60.0 44.0 42.0 50.0 40.0 53.0 51.0 52.0 49.0 40.0 45.0 55.0 43.0 42.0 45.0 45.0 44.0 48.0 48.0 49.0 58.0 40.0 47.0 46.0 46.0 48.0 46.0 46.0 52.0 47.0 41.0 48.0 46.0 48.0 40.0 36.0 39.0 47.0 39.0 39.0 47.0 43.0 43.0 45.0 41.0 40.0 45.0 53.0 43.0 47.0 52.0 46.0 44.0 41.0 44.0 43.0 43.0 43.0 46.0 43.0 45.0 50.0 45.0 47.0 49.0 49.0 44.0 55.0 55.0 50.0 49.0 44.0 55.0 65.0 49.0 46.0 47.0 34.0 49.0 48.0 45.0 46.0 51.0 44.0 46.0 42.0 42.0 42.0 46.0 45.0 47.0 46.0 59.0 59.0 53.0 50.0 46.0 51.0 51.0 45.0 43.0 44.0 52.0 51.0 53.0 54.0 50.0 43.0 48.0 47.0 48.0 50.0 47.0 45.0 47.0 50.0 46.0 46.0 47.0 57.0 46.0 46.0 46.0 45.0 43.0 43.0 59.0 55.0 53.0 47.0 44.0 51.0 53.0 39.0 39.0 49.0 49.0 45.0 47.0 45.0 49.0 49.0 49.0 49.0 47.0 44.0 49.0 49.0 44.0 48.0 41.0 41.0 51.0 41.0 41.0 47.0 47.0 47.0 47.0 45.0 45.0 46.0 47.0 47.0 44.0 46.88850174216028 4.744681253248421
37 602.0 608.0 573.0 571.0 564.0 574.0 559.0 557.0 557.0 555.0 545.0 562.0 549.0 544.0 546.0 560.0 660.0 655.0 568.0 581.0 503.0 556.0 554.0 571.0 563.0 534.0 569.0 535.0 534.0 558.0 555.0 578.0 566.0 572.0 568.0 564.0 564.0 567.0 590.0 619.0 572.0 550.0 564.0 560.0 539.0 539.0 563.0 558.0 543.0 525.0 530.0 537.0 516.0 713.0 577.0 566.0 568.0 563.0 580.0 540.0 543.0 563.0 583.0 565.0 535.0 587.0 531.0 556.0 589.0 573.0 557.0 543.0 529.0 515.0 503.0 502.0 526.0 538.0 551.0 531.0 541.0 558.0 510.0 509.0 516.0 555.0 545.0 546.0 537.0 508.0 513.0 556.0 559.0 561.0 569.0 538.0 551.0 554.0 535.0 522.0 552.0 552.0 549.0 573.0 559.0 556.0 548.0 535.0 547.0 574.0 563.0 554.0 584.0 593.0 567.0 570.0 578.0 574.0 583.0 573.0 559.0 551.0 555.0 544.0 540.0 517.0 534.0 566.0 567.0 539.0 525.0 542.0 547.0 548.0 533.0 525.0 517.0 560.0 564.0 551.0 554.0 593.0 515.0 533.0 569.0 590.0 568.0 539.0 534.0 547.0 562.0 531.0 533.0 571.0 527.0 516.0 525.0 474.0 524.0 517.0 551.0 588.0 556.0 532.0 552.0 530.0 507.0 542.0 563.0 544.0 564.0 544.0 487.0 492.0 548.0 549.0 537.0 556.0 536.0 537.0 566.0 553.0 543.0 542.0 531.0 554.0 538.0 550.0 489.0 609.0 523.0 519.0 524.0 565.0 564.0 558.0 552.0 586.0 468.0 469.0 567.0 549.0 533.0 513.0 558.0 549.0 547.0 595.0 544.0 560.0 567.0 577.0 542.0 539.0 552.0 560.0 561.0 568.0 563.0 560.0 546.0 531.0 537.0 562.0 565.0 560.0 550.0 527.0 525.0 547.0 549.0 560.0 564.0 594.0 550.0 552.0 556.0 574.0 547.0 578.0 560.0 558.0 564.0 572.0 562.0 544.0 578.0 573.0 571.0 576.0 559.0 520.0 587.0 538.0 499.0 516.0 592.0 554.0 561.0 564.0 546.0 533.0 537.0 573.0 592.0 577.0 567.0 551.0 533.0 544.0 557.0 534.0 537.0 578.0 544.0 552.0 570.0 573.0 573.0 576.0 562.0 545.0 557.0 558.0 557.0 576.0 557.0 552.6445993031359 26.456571429031392
38 178.0 164.0 168.0 171.0 171.0 167.0 167.0 165.0 164.0 165.0 165.0 168.0 160.0 165.0 165.0 179.0 186.0 160.0 160.0 170.0 170.0 165.0 173.0 164.0 165.0 175.0 164.0 170.0 170.0 164.0 169.0 173.0 170.0 190.0 190.0 190.0 166.0 175.0 1429.0 160.0 162.0 168.0 166.0 166.0 160.0 168.0 165.0 166.0 154.0 162.0 165.0 153.0 174.0 167.0 162.0 237.0 162.0 165.0 161.0 162.0 171.0 174.0 165.0 176.0 147.0 169.0 168.0 161.0 186.0 153.0 167.0 150.0 175.0 166.0 146.0 154.0 173.0 178.0 154.0 161.0 164.0 171.0 144.0 163.0 162.0 171.0 169.0 172.0 150.0 155.0 179.0 166.0 157.0 189.0 157.0 174.0 171.0 160.0 200.0 177.0 166.0 169.0 166.0 162.0 161.0 167.0 160.0 157.0 170.0 162.0 164.0 173.0 174.0 178.0 166.0 154.0 161.0 166.0 182.0 164.0 163.0 179.0 161.0 163.0 151.0 174.0 171.0 149.0 164.0 171.0 166.0 160.0 163.0 155.0 158.0 160.0 160.0 165.0 168.0 163.0 166.0 169.0 169.0 171.0 167.0 206.0 177.0 163.0 159.0 151.0 156.0 163.0 173.0 168.0 169.0 168.0 161.0 176.0 207.0 168.0 172.0 182.0 164.0 166.0 154.0 155.0 170.0 170.0 139.0 168.0 158.0 149.0 144.0 158.0 166.0 161.0 163.0 169.0 154.0 168.0 164.0 167.0 165.0 160.0 162.0 162.0 158.0 142.0 148.0 160.0 169.0 160.0 168.0 167.0 169.0 161.0 167.0 169.0 169.0 207.0 160.0 165.0 174.0 146.0 181.0 226.0 212.0 155.0 161.0 170.0 153.0 172.0 158.0 167.0 172.0 169.0 171.0 169.0 165.0 161.0 160.0 159.0 170.0 169.0 161.0 169.0 160.0 151.0 165.0 161.0 164.0 170.0 172.0 170.0 169.0 159.0 166.0 175.0 169.0 158.0 168.0 170.0 172.0 161.0 173.0 203.0 169.0 168.0 194.0 218.0 172.0 175.0 180.0 148.0 159.0 189.0 166.0 168.0 169.0 161.0 154.0 154.0 174.0 174.0 175.0 169.0 161.0 157.0 160.0 166.0 159.0 160.0 171.0 160.0 172.0 165.0 170.0 170.0 177.0 161.0 161.0 169.0 165.0 165.0 172.0 164.0 165.0 171.4773519163763 75.42864925628383
39 394.0 406.0 399.0 390.0 397.0 396.0 395.0 392.0 393.0 393.0 401.0 384.0 388.0 604.0 677.0 442.0 406.0 364.0 404.0 416.0 389.0 403.0 394.0 383.0 414.0 370.0 387.0 396.0 388.0 402.0 403.0 406.0 402.0 402.0 400.0 412.0 407.0 404.0 400.0 390.0 390.0 398.0 404.0 399.0 412.0 392.0 395.0 368.0 368.0 383.0 367.0 436.0 405.0 393.0 392.0 386.0 385.0 383.0 382.0 406.0 394.0 395.0 415.0 410.0 378.0 403.0 375.0 385.0 387.0 398.0 355.0 379.0 377.0 353.0 376.0 390.0 383.0 371.0 375.0 395.0 395.0 340.0 357.0 389.0 384.0 374.0 389.0 371.0 372.0 398.0 394.0 396.0 373.0 386.0 363.0 365.0 371.0 400.0 387.0 386.0 382.0 385.0 381.0 380.0 396.0 385.0 378.0 403.0 381.0 388.0 406.0 400.0 396.0 386.0 397.0 392.0 393.0 388.0 386.0 386.0 383.0 396.0 375.0 357.0 384.0 401.0 381.0 377.0 396.0 390.0 389.0 405.0 373.0 371.0 374.0 386.0 394.0 395.0 391.0 397.0 400.0 395.0 404.0 398.0 400.0 378.0 384.0 387.0 347.0 371.0 367.0 400.0 398.0 403.0 421.0 442.0 417.0 396.0 389.0 401.0 403.0 372.0 391.0 359.0 358.0 385.0 392.0 372.0 383.0 349.0 348.0 347.0 381.0 398.0 370.0 387.0 312.0 302.0 389.0 394.0 393.0 378.0 374.0 384.0 392.0 380.0 358.0 327.0 373.0 386.0 376.0 392.0 395.0 401.0 392.0 397.0 409.0 403.0 390.0 380.0 386.0 376.0 348.0 399.0 437.0 514.0 366.0 386.0 402.0 360.0 378.0 395.0 396.0 370.0 354.0 400.0 397.0 400.0 388.0 375.0 375.0 399.0 412.0 404.0 406.0 375.0 356.0 336.0 388.0 394.0 407.0 408.0 373.0 387.0 388.0 395.0 406.0 420.0 392.0 398.0 405.0 403.0 390.0 383.0 385.0 401.0 400.0 384.0 371.0 413.0 412.0 404.0 344.0 350.0 394.0 401.0 393.0 399.0 387.0 367.0 337.0 406.0 411.0 412.0 400.0 381.0 378.0 386.0 400.0 375.0 376.0 418.0 373.0 394.0 403.0 398.0 400.0 409.0 389.0 443.0 397.0 390.0 392.0 405.0 407.0 386.0 402.0 390.57491289198606 29.23034510111278
40 137.0 132.0 125.0 131.0 131.0 127.0 128.0 128.0 129.0 125.0 128.0 124.0 131.0 167.0 126.0 128.0 119.0 145.0 142.0 125.0 135.0 129.0 125.0 135.0 117.0 123.0 123.0 124.0 131.0 134.0 126.0 123.0 123.0 123.0 136.0 129.0 129.0 129.0 132.0 127.0 128.0 136.0 135.0 131.0 132.0 126.0 120.0 119.0 119.0 120.0 136.0 132.0 131.0 133.0 127.0 132.0 126.0 124.0 140.0 125.0 125.0 133.0 136.0 120.0 131.0 121.0 121.0 126.0 130.0 123.0 120.0 132.0 117.0 120.0 126.0 128.0 119.0 124.0 131.0 129.0 112.0 113.0 123.0 125.0 127.0 124.0 126.0 122.0 129.0 130.0 126.0 129.0 120.0 119.0 127.0 117.0 128.0 130.0 131.0 125.0 128.0 128.0 123.0 128.0 127.0 121.0 115.0 125.0 122.0 127.0 134.0 129.0 126.0 120.0 128.0 130.0 127.0 124.0 124.0 119.0 127.0 129.0 122.0 121.0 127.0 130.0 131.0 125.0 128.0 122.0 129.0 126.0 123.0 119.0 122.0 131.0 127.0 116.0 126.0 131.0 128.0 130.0 129.0 129.0 128.0 126.0 124.0 113.0 124.0 121.0 108.0 118.0 138.0 147.0 122.0 124.0 124.0 120.0 128.0 134.0 125.0 122.0 124.0 113.0 123.0 129.0 123.0 123.0 116.0 118.0 114.0 119.0 127.0 121.0 114.0 124.0 99.0 127.0 125.0 129.0 117.0 175.0 133.0 127.0 125.0 127.0 117.0 114.0 121.0 123.0 123.0 129.0 126.0 121.0 130.0 132.0 128.0 123.0 119.0 126.0 125.0 113.0 126.0 129.0 162.0 116.0 129.0 131.0 117.0 130.0 125.0 127.0 126.0 113.0 130.0 132.0 128.0 129.0 123.0 120.0 125.0 128.0 133.0 131.0 125.0 123.0 111.0 117.0 121.0 127.0 114.0 118.0 122.0 123.0 128.0 128.0 131.0 143.0 126.0 129.0 131.0 128.0 125.0 122.0 132.0 131.0 129.0 108.0 132.0 130.0 132.0 115.0 118.0 129.0 114.0 118.0 129.0 129.0 125.0 128.0 134.0 134.0 133.0 128.0 131.0 125.0 121.0 127.0 131.0 122.0 129.0 118.0 127.0 127.0 127.0 132.0 131.0 129.0 129.0 124.0 123.0 135.0 131.0 134.0 127.0 126.0 134.0 126.26829268292683 7.557319765625329
41 118.0 86.0 85.0 80.0 80.0 79.0 85.0 83.0 83.0 101.0 78.0 78.0 94.0 94.0 93.0 110.0 110.0 110.0 110.0 96.0 96.0 76.0 99.0 83.0 78.0 89.0 89.0 83.0 82.0 97.0 86.0 91.0 91.0 91.0 115.0 81.0 81.0 81.0 78.0 84.0 86.0 120.0 120.0 77.0 79.0 87.0 74.0 78.0 78.0 110.0 97.0 90.0 87.0 88.0 103.0 103.0 77.0 77.0 93.0 84.0 84.0 99.0 97.0 87.0 92.0 90.0 81.0 110.0 84.0 78.0 86.0 89.0 78.0 80.0 81.0 88.0 75.0 86.0 80.0 80.0 69.0 80.0 83.0 80.0 75.0 83.0 93.0 84.0 87.0 80.0 71.0 92.0 78.0 76.0 82.0 72.0 83.0 74.0 84.0 83.0 84.0 78.0 83.0 83.0 88.0 70.0 80.0 75.0 85.0 82.0 86.0 85.0 80.0 83.0 105.0 81.0 87.0 87.0 84.0 86.0 85.0 82.0 74.0 83.0 82.0 78.0 73.0 81.0 82.0 85.0 84.0 82.0 89.0 83.0 95.0 82.0 89.0 73.0 109.0 83.0 79.0 81.0 83.0 87.0 80.0 80.0 86.0 66.0 77.0 78.0 66.0 81.0 86.0 89.0 85.0 95.0 93.0 84.0 81.0 91.0 86.0 89.0 87.0 70.0 74.0 80.0 68.0 87.0 78.0 74.0 72.0 74.0 78.0 84.0 78.0 72.0 60.0 90.0 84.0 86.0 81.0 92.0 77.0 110.0 80.0 70.0 69.0 90.0 92.0 85.0 80.0 83.0 92.0 74.0 77.0 93.0 80.0 81.0 78.0 85.0 80.0 69.0 83.0 81.0 99.0 77.0 83.0 91.0 72.0 76.0 89.0 77.0 78.0 70.0 98.0 85.0 83.0 78.0 75.0 89.0 79.0 90.0 89.0 84.0 84.0 73.0 78.0 77.0 83.0 90.0 86.0 79.0 81.0 77.0 87.0 87.0 99.0 76.0 82.0 84.0 84.0 89.0 81.0 81.0 95.0 91.0 88.0 77.0 92.0 89.0 104.0 82.0 89.0 92.0 77.0 77.0 81.0 80.0 77.0 77.0 170.0 90.0 83.0 80.0 77.0 79.0 79.0 83.0 76.0 80.0 79.0 85.0 83.0 101.0 101.0 101.0 82.0 78.0 78.0 81.0 79.0 99.0 86.0 76.0 90.0 77.0 78.0 84.78048780487805 10.664163032689801
42 667.0 667.0 663.0 657.0 650.0 657.0 658.0 671.0 652.0 646.0 648.0 649.0 716.0 720.0 690.0 679.0 683.0 685.0 664.0 672.0 670.0 660.0 697.0 620.0 616.0 639.0 653.0 682.0 662.0 680.0 661.0 755.0 686.0 680.0 676.0 699.0 658.0 662.0 657.0 708.0 682.0 667.0 657.0 658.0 642.0 610.0 609.0 790.0 641.0 679.0 702.0 689.0 680.0 652.0 666.0 640.0 643.0 678.0 665.0 689.0 577.0 647.0 799.0 672.0 666.0 703.0 708.0 660.0 679.0 669.0 711.0 694.0 641.0 673.0 630.0 655.0 665.0 649.0 635.0 572.0 593.0 614.0 643.0 638.0 643.0 649.0 643.0 656.0 658.0 658.0 662.0 631.0 610.0 605.0 598.0 624.0 632.0 638.0 658.0 677.0 647.0 635.0 646.0 678.0 670.0 675.0 662.0 665.0 690.0 723.0 664.0 650.0 682.0 667.0 679.0 645.0 659.0 674.0 661.0 672.0 628.0 617.0 635.0 669.0 665.0 617.0 631.0 652.0 655.0 663.0 652.0 627.0 658.0 629.0 660.0 601.0 601.0 659.0 711.0 667.0 654.0 698.0 652.0 650.0 640.0 636.0 647.0 603.0 614.0 676.0 700.0 733.0 681.0 658.0 651.0 682.0 653.0 664.0 656.0 648.0 663.0 600.0 571.0 692.0 710.0 626.0 643.0 646.0 575.0 584.0 621.0 641.0 697.0 666.0 649.0 684.0 662.0 665.0 702.0 628.0 625.0 660.0 656.0 653.0 591.0 567.0 624.0 650.0 624.0 645.0 662.0 672.0 671.0 682.0 676.0 652.0 656.0 632.0 635.0 604.0 578.0 613.0 656.0 625.0 658.0 649.0 625.0 658.0 630.0 658.0 660.0 668.0 660.0 657.0 675.0 654.0 647.0 636.0 644.0 717.0 679.0 579.0 676.0 617.0 595.0 586.0 672.0 664.0 703.0 664.0 632.0 653.0 674.0 663.0 665.0 646.0 679.0 688.0 669.0 679.0 671.0 617.0 667.0 682.0 708.0 668.0 690.0 693.0 722.0 690.0 656.0 642.0 667.0 638.0 668.0 652.0 656.0 657.0 682.0 741.0 687.0 680.0 656.0 693.0 651.0 660.0 672.0 629.0 620.0 676.0 644.0 687.0 696.0 662.0 672.0 654.0 634.0 659.0 649.0 647.0 678.0 666.0 671.0 667.0 666.0 687.0 670.0 657.9756097560976 32.234652621199686
43 734.0 729.0 717.0 726.0 733.0 761.0 733.0 742.0 723.0 768.0 805.0 781.0 755.0 740.0 720.0 744.0 728.0 720.0 704.0 711.0 724.0 724.0 791.0 731.0 738.0 744.0 746.0 739.0 665.0 678.0 698.0 662.0 898.0 898.0 699.0 718.0 748.0 715.0 699.0 777.0 754.0 757.0 726.0 713.0 691.0 677.0 737.0 752.0 757.0 758.0 731.0 738.0 699.0 705.0 720.0 748.0 726.0 716.0 658.0 779.0 682.0 726.0 725.0 713.0 738.0 720.0 729.0 751.0 680.0 702.0 721.0 766.0 706.0 719.0 729.0 728.0 700.0 643.0 654.0 665.0 688.0 706.0 755.0 750.0 725.0 723.0 732.0 734.0 807.0 721.0 670.0 669.0 669.0 701.0 705.0 735.0 729.0 707.0 718.0 713.0 697.0 712.0 699.0 700.0 719.0 720.0 737.0 749.0 721.0 739.0 729.0 679.0 712.0 732.0 709.0 690.0 713.0 696.0 699.0 739.0 696.0 727.0 717.0 728.0 861.0 792.0 724.0 735.0 718.0 708.0 713.0 727.0 734.0 779.0 746.0 727.0 745.0 732.0 768.0 739.0 739.0 709.0 702.0 684.0 648.0 670.0 777.0 757.0 753.0 745.0 716.0 723.0 716.0 723.0 737.0 740.0 735.0 709.0 697.0 645.0 635.0 659.0 711.0 682.0 630.0 631.0 635.0 639.0 647.0 708.0 672.0 667.0 734.0 742.0 733.0 745.0 741.0 766.0 749.0 670.0 680.0 723.0 739.0 697.0 692.0 676.0 655.0 690.0 729.0 743.0 752.0 802.0 684.0 641.0 692.0 733.0 747.0 754.0 715.0 731.0 727.0 732.0 745.0 701.0 690.0 768.0 689.0 720.0 715.0 740.0 733.0 737.0 732.0 726.0 727.0 715.0 712.0 730.0 708.0 567.0 583.0 685.0 727.0 681.0 734.0 736.0 750.0 732.0 725.0 730.0 732.0 734.0 737.0 728.0 716.0 714.0 730.0 767.0 698.0 688.0 697.0 739.0 738.0 772.0 776.0 765.0 751.0 731.0 723.0 716.0 722.0 752.0 734.0 741.0 739.0 729.0 778.0 755.0 747.0 734.0 728.0 737.0 718.0 719.0 779.0 763.0 753.0 720.0 704.0 751.0 781.0 739.0 741.0 718.0 723.0 736.0 743.0 735.0 743.0 802.0 734.0 738.0 739.0 821.0 741.0 742.0 733.0 723.7839721254355 38.387088368328
44 180.0 181.0 180.0 189.0 197.0 182.0 178.0 178.0 207.0 199.0 192.0 192.0 185.0 181.0 179.0 182.0 174.0 173.0 173.0 177.0 185.0 185.0 179.0 181.0 183.0 185.0 184.0 182.0 156.0 187.0 173.0 173.0 173.0 173.0 175.0 185.0 172.0 172.0 172.0 187.0 178.0 178.0 173.0 182.0 166.0 187.0 185.0 196.0 188.0 168.0 178.0 180.0 175.0 184.0 184.0 184.0 173.0 175.0 150.0 182.0 182.0 173.0 177.0 179.0 179.0 184.0 181.0 165.0 178.0 183.0 173.0 178.0 185.0 180.0 180.0 186.0 155.0 167.0 175.0 172.0 162.0 178.0 189.0 174.0 180.0 183.0 184.0 187.0 177.0 185.0 163.0 161.0 182.0 183.0 182.0 172.0 182.0 163.0 169.0 174.0 177.0 172.0 175.0 178.0 179.0 175.0 173.0 179.0 177.0 161.0 168.0 184.0 174.0 185.0 172.0 185.0 170.0 168.0 182.0 184.0 177.0 175.0 177.0 184.0 179.0 176.0 184.0 166.0 173.0 175.0 180.0 180.0 174.0 180.0 184.0 175.0 184.0 175.0 184.0 187.0 171.0 172.0 179.0 152.0 170.0 178.0 181.0 188.0 178.0 173.0 181.0 175.0 177.0 183.0 184.0 182.0 174.0 173.0 159.0 175.0 178.0 177.0 177.0 164.0 162.0 150.0 150.0 185.0 183.0 164.0 170.0 186.0 179.0 181.0 181.0 180.0 181.0 180.0 164.0 179.0 175.0 178.0 181.0 174.0 178.0 162.0 182.0 185.0 180.0 192.0 183.0 179.0 148.0 181.0 175.0 184.0 171.0 179.0 174.0 179.0 186.0 176.0 176.0 161.0 187.0 186.0 173.0 183.0 182.0 176.0 176.0 184.0 179.0 175.0 175.0 179.0 171.0 176.0 173.0 145.0 170.0 183.0 176.0 182.0 182.0 179.0 175.0 178.0 182.0 181.0 182.0 181.0 183.0 170.0 180.0 177.0 176.0 181.0 179.0 180.0 178.0 187.0 190.0 189.0 189.0 184.0 182.0 181.0 178.0 182.0 180.0 181.0 175.0 180.0 177.0 189.0 186.0 186.0 181.0 183.0 176.0 177.0 178.0 181.0 190.0 178.0 173.0 166.0 180.0 180.0 184.0 182.0 173.0 180.0 186.0 180.0 331.0 182.0 163.0 185.0 184.0 177.0 177.0 183.0 182.0 178.0 175.0 178.42160278745644 12.147114835247566
45 629.0 631.0 671.0 654.0 635.0 637.0 623.0 608.0 675.0 657.0 638.0 634.0 628.0 632.0 636.0 624.0 614.0 624.0 640.0 623.0 617.0 636.0 640.0 638.0 645.0 651.0 567.0 565.0 577.0 618.0 620.0 620.0 621.0 633.0 641.0 627.0 679.0 631.0 630.0 635.0 637.0 610.0 716.0 653.0 640.0 641.0 634.0 618.0 617.0 626.0 651.0 667.0 645.0 651.0 625.0 613.0 554.0 571.0 707.0 635.0 620.0 603.0 623.0 644.0 639.0 642.0 596.0 622.0 630.0 634.0 632.0 635.0 635.0 638.0 557.0 551.0 576.0 602.0 631.0 639.0 629.0 652.0 638.0 633.0 626.0 564.0 583.0 613.0 595.0 574.0 584.0 632.0 640.0 629.0 644.0 643.0 623.0 625.0 575.0 586.0 605.0 607.0 628.0 618.0 579.0 583.0 603.0 627.0 621.0 617.0 617.0 630.0 610.0 616.0 617.0 598.0 588.0 796.0 625.0 626.0 623.0 629.0 638.0 653.0 635.0 625.0 586.0 577.0 604.0 598.0 607.0 636.0 629.0 601.0 622.0 637.0 640.0 636.0 623.0 637.0 612.0 590.0 586.0 631.0 660.0 627.0 724.0 657.0 624.0 636.0 641.0 633.0 627.0 636.0 625.0 620.0 582.0 568.0 578.0 636.0 642.0 576.0 563.0 564.0 534.0 537.0 645.0 620.0 598.0 592.0 632.0 645.0 639.0 635.0 637.0 612.0 581.0 582.0 601.0 624.0 586.0 612.0 606.0 565.0 564.0 607.0 621.0 637.0 623.0 603.0 564.0 532.0 545.0 615.0 611.0 619.0 625.0 607.0 560.0 620.0 628.0 596.0 581.0 663.0 634.0 615.0 625.0 636.0 634.0 628.0 635.0 610.0 622.0 619.0 624.0 626.0 631.0 534.0 544.0 601.0 622.0 634.0 639.0 635.0 630.0 617.0 636.0 632.0 636.0 637.0 637.0 636.0 627.0 602.0 620.0 622.0 622.0 635.0 606.0 640.0 654.0 665.0 660.0 654.0 645.0 658.0 649.0 636.0 656.0 636.0 631.0 630.0 634.0 653.0 657.0 676.0 639.0 636.0 624.0 622.0 618.0 623.0 601.0 594.0 655.0 608.0 595.0 644.0 663.0 669.0 628.0 625.0 637.0 644.0 604.0 614.0 616.0 645.0 637.0 645.0 648.0 651.0 640.0 629.0 627.0 583.0 583.0 622.177700348432 30.562668466349955
46 408.0 423.0 407.0 413.0 408.0 397.0 442.0 426.0 428.0 419.0 403.0 448.0 408.0 401.0 406.0 398.0 401.0 406.0 423.0 421.0 410.0 421.0 416.0 426.0 421.0 362.0 358.0 400.0 356.0 348.0 398.0 410.0 422.0 420.0 371.0 407.0 415.0 408.0 424.0 398.0 398.0 426.0 407.0 408.0 410.0 413.0 392.0 393.0 405.0 412.0 419.0 432.0 421.0 408.0 396.0 337.0 338.0 426.0 403.0 404.0 405.0 408.0 412.0 405.0 412.0 406.0 416.0 400.0 404.0 408.0 409.0 409.0 415.0 354.0 359.0 393.0 405.0 444.0 421.0 425.0 411.0 410.0 413.0 382.0 355.0 398.0 412.0 389.0 387.0 407.0 418.0 403.0 462.0 415.0 409.0 397.0 416.0 356.0 397.0 397.0 404.0 392.0 383.0 387.0 386.0 400.0 401.0 403.0 430.0 402.0 409.0 383.0 395.0 393.0 380.0 395.0 408.0 415.0 400.0 389.0 418.0 413.0 415.0 426.0 416.0 405.0 402.0 416.0 395.0 401.0 410.0 399.0 403.0 413.0 416.0 402.0 418.0 416.0 411.0 414.0 364.0 387.0 412.0 407.0 474.0 427.0 411.0 414.0 437.0 406.0 401.0 413.0 411.0 406.0 392.0 364.0 365.0 383.0 410.0 410.0 359.0 354.0 357.0 351.0 401.0 410.0 395.0 382.0 416.0 418.0 397.0 411.0 408.0 413.0 374.0 378.0 382.0 394.0 388.0 385.0 393.0 336.0 353.0 370.0 404.0 410.0 391.0 391.0 379.0 341.0 347.0 393.0 400.0 420.0 401.0 403.0 369.0 366.0 427.0 410.0 387.0 404.0 418.0 403.0 407.0 415.0 408.0 392.0 410.0 408.0 402.0 449.0 404.0 407.0 398.0 415.0 339.0 365.0 390.0 399.0 420.0 408.0 401.0 404.0 399.0 415.0 417.0 407.0 415.0 432.0 408.0 399.0 408.0 408.0 405.0 413.0 411.0 403.0 432.0 427.0 430.0 415.0 406.0 399.0 407.0 417.0 422.0 413.0 410.0 419.0 404.0 417.0 415.0 425.0 412.0 411.0 417.0 399.0 406.0 403.0 408.0 377.0 377.0 405.0 401.0 404.0 445.0 447.0 408.0 413.0 406.0 405.0 398.0 388.0 407.0 407.0 407.0 415.0 431.0 434.0 428.0 417.0 400.0 407.0 377.0 375.0 382.0 403.0383275261324 20.862401218595096
47 249.0 236.0 264.0 252.0 232.0 245.0 245.0 245.0 263.0 232.0 236.0 292.0 238.0 246.0 226.0 240.0 237.0 238.0 232.0 246.0 249.0 244.0 211.0 251.0 249.0 316.0 233.0 209.0 204.0 239.0 233.0 261.0 251.0 220.0 280.0 239.0 237.0 229.0 249.0 237.0 237.0 242.0 269.0 247.0 241.0 231.0 227.0 264.0 246.0 244.0 264.0 248.0 225.0 234.0 234.0 243.0 243.0 236.0 235.0 241.0 251.0 244.0 233.0 239.0 247.0 242.0 235.0 248.0 243.0 240.0 239.0 232.0 206.0 213.0 230.0 251.0 232.0 248.0 252.0 239.0 245.0 236.0 231.0 264.0 236.0 229.0 245.0 244.0 246.0 243.0 234.0 245.0 235.0 239.0 235.0 243.0 214.0 226.0 239.0 234.0 230.0 251.0 238.0 237.0 240.0 239.0 227.0 237.0 247.0 241.0 224.0 233.0 240.0 224.0 235.0 246.0 242.0 242.0 232.0 233.0 244.0 236.0 240.0 237.0 220.0 226.0 236.0 235.0 241.0 239.0 227.0 230.0 273.0 257.0 244.0 236.0 234.0 242.0 241.0 203.0 242.0 238.0 231.0 275.0 327.0 237.0 240.0 245.0 243.0 239.0 243.0 239.0 237.0 230.0 211.0 218.0 233.0 230.0 241.0 218.0 197.0 237.0 212.0 213.0 240.0 232.0 241.0 249.0 242.0 238.0 242.0 240.0 243.0 227.0 212.0 220.0 234.0 228.0 222.0 221.0 206.0 202.0 220.0 247.0 249.0 258.0 231.0 223.0 238.0 242.0 256.0 221.0 240.0 226.0 253.0 240.0 214.0 238.0 245.0 195.0 255.0 250.0 239.0 251.0 243.0 231.0 253.0 241.0 225.0 231.0 235.0 239.0 237.0 236.0 251.0 209.0 202.0 237.0 221.0 249.0 235.0 238.0 249.0 235.0 243.0 247.0 248.0 240.0 244.0 240.0 235.0 238.0 240.0 234.0 243.0 244.0 233.0 253.0 249.0 244.0 244.0 236.0 228.0 234.0 255.0 245.0 243.0 244.0 239.0 240.0 250.0 242.0 249.0 241.0 243.0 285.0 230.0 243.0 222.0 238.0 228.0 236.0 238.0 225.0 237.0 269.0 251.0 235.0 240.0 237.0 247.0 241.0 227.0 238.0 232.0 245.0 245.0 251.0 243.0 264.0 237.0 254.0 233.0 220.0 218.0 222.0 238.0 238.7177700348432 15.04772586642669
48 175.0 172.0 183.0 164.0 182.0 180.0 180.0 174.0 170.0 168.0 175.0 172.0 178.0 171.0 189.0 167.0 167.0 171.0 172.0 183.0 183.0 155.0 155.0 180.0 180.0 180.0 168.0 149.0 175.0 169.0 174.0 187.0 161.0 167.0 173.0 177.0 177.0 168.0 171.0 171.0 171.0 171.0 181.0 176.0 180.0 166.0 166.0 175.0 179.0 176.0 179.0 178.0 169.0 169.0 154.0 166.0 164.0 175.0 164.0 175.0 186.0 190.0 173.0 176.0 170.0 171.0 176.0 171.0 175.0 173.0 175.0 208.0 149.0 163.0 156.0 185.0 183.0 182.0 173.0 173.0 196.0 173.0 179.0 170.0 167.0 167.0 176.0 173.0 190.0 169.0 171.0 157.0 159.0 168.0 170.0 168.0 160.0 167.0 170.0 167.0 165.0 176.0 170.0 173.0 170.0 165.0 166.0 165.0 177.0 164.0 167.0 170.0 168.0 170.0 169.0 171.0 182.0 187.0 166.0 171.0 176.0 176.0 167.0 160.0 156.0 171.0 171.0 173.0 171.0 165.0 160.0 159.0 171.0 172.0 158.0 167.0 167.0 174.0 175.0 146.0 172.0 170.0 183.0 189.0 172.0 175.0 173.0 173.0 171.0 172.0 178.0 175.0 167.0 168.0 154.0 171.0 173.0 179.0 178.0 157.0 177.0 149.0 150.0 178.0 207.0 169.0 175.0 177.0 174.0 171.0 173.0 177.0 182.0 154.0 156.0 165.0 171.0 164.0 151.0 178.0 148.0 152.0 165.0 176.0 174.0 177.0 160.0 155.0 179.0 167.0 141.0 155.0 164.0 164.0 175.0 170.0 173.0 170.0 139.0 140.0 180.0 175.0 181.0 177.0 162.0 163.0 172.0 179.0 169.0 176.0 165.0 176.0 168.0 173.0 185.0 149.0 174.0 162.0 167.0 173.0 170.0 176.0 168.0 177.0 178.0 170.0 175.0 176.0 175.0 166.0 174.0 177.0 165.0 171.0 177.0 172.0 180.0 181.0 178.0 178.0 172.0 169.0 174.0 179.0 171.0 173.0 179.0 179.0 179.0 176.0 176.0 190.0 171.0 175.0 179.0 170.0 169.0 176.0 171.0 166.0 163.0 175.0 162.0 168.0 185.0 223.0 167.0 167.0 171.0 182.0 176.0 163.0 180.0 164.0 173.0 177.0 180.0 175.0 183.0 173.0 172.0 167.0 163.0 158.0 158.0 177.0 177.0 171.40766550522648 9.799261984464424
49 5.0 5.0 5.0 5.0 5.0 5.0 5.0 5.0 5.0 5.0 5.0 5.0 5.0 6.0 6.0 6.0 6.0 6.0 6.0 6.0 6.0 5.0 5.0 5.0 5.0 5.0 5.0 5.0 5.0 5.0 5.0 5.0 5.0 5.0 5.0 5.0 5.0 5.0 5.0 5.0 5.0 5.0 5.0 5.0 5.0 5.0 5.0 5.0 5.0 5.0 5.0 5.0 5.0 5.0 4.0 4.0 4.0 4.0 4.0 4.0 4.0 4.0 4.0 4.0 4.0 4.0 4.0 6.0 6.0 6.0 5.0 5.0 5.0 5.0 5.0 5.0 5.0 5.0 5.0 5.0 5.0 5.0 5.0 6.0 6.0 6.0 6.0 6.0 6.0 5.0 5.0 4.0 4.0 4.0 4.0 4.0 5.0 5.0 5.0 6.0 5.0 5.0 6.0 5.0 5.0 5.0 6.0 6.0 6.0 5.0 5.0 5.0 5.0 5.0 5.0 5.0 14.0 14.0 5.0 5.0 5.0 5.0 5.0 5.0 5.0 5.0 5.0 6.0 6.0 6.0 5.0 5.0 5.0 5.0 5.0 5.0 5.0 6.0 6.0 6.0 6.0 6.0 6.0 5.0 5.0 5.0 5.0 5.0 5.0 5.0 5.0 5.0 5.0 5.0 5.0 5.0 5.0 5.0 5.0 5.0 5.0 5.0 5.0 5.0 5.0 5.0 6.0 6.0 6.0 6.0 6.0 6.0 6.0 5.0 5.0 5.0 5.0 5.0 5.0 5.0 5.0 5.0 6.0 6.0 6.0 5.0 5.0 5.0 5.0 5.0 5.0 5.0 5.0 5.0 5.0 5.0 5.0 6.0 4.0 4.0 4.0 6.0 6.0 5.0 5.0 5.0 5.0 5.0 5.0 5.0 6.0 6.0 6.0 6.0 6.0 5.0 5.0 5.0 5.0 5.0 5.0 5.0 5.0 5.0 5.0 5.0 5.0 5.0 6.0 6.0 6.0 6.0 6.0 5.0 5.0 5.0 5.0 5.0 6.0 6.0 6.0 6.0 6.0 6.0 6.0 6.0 6.0 6.0 6.0 6.0 6.0 6.0 6.0 6.0 6.0 6.0 6.0 5.0 5.0 5.0 5.0 5.0 5.0 5.0 5.0 6.0 6.0 6.0 6.0 6.0 6.0 6.0 6.0 6.0 6.0 6.0 6.0 6.0 6.0 6.0 6.0 5.0 5.0 5.0 5.0 5.0 5.0 5.29965156794425 0.9278706451411589
50 404.0 417.0 382.0 397.0 431.0 432.0 414.0 410.0 403.0 411.0 409.0 410.0 418.0 409.0 405.0 407.0 402.0 407.0 424.0 410.0 376.0 360.0 428.0 428.0 396.0 389.0 368.0 378.0 403.0 407.0 428.0 387.0 385.0 416.0 413.0 407.0 403.0 410.0 409.0 407.0 414.0 411.0 422.0 431.0 409.0 409.0 436.0 423.0 414.0 425.0 414.0 399.0 403.0 425.0 370.0 402.0 410.0 407.0 409.0 415.0 411.0 416.0 405.0 407.0 408.0 405.0 423.0 425.0 420.0 403.0 367.0 353.0 372.0 379.0 433.0 431.0 427.0 419.0 400.0 401.0 406.0 411.0 405.0 394.0 388.0 399.0 412.0 417.0 404.0 407.0 412.0 386.0 400.0 394.0 382.0 383.0 394.0 408.0 400.0 395.0 412.0 382.0 402.0 402.0 387.0 386.0 399.0 407.0 395.0 392.0 396.0 421.0 421.0 398.0 422.0 416.0 394.0 388.0 406.0 421.0 413.0 376.0 365.0 376.0 412.0 406.0 406.0 413.0 400.0 375.0 378.0 395.0 404.0 392.0 399.0 401.0 407.0 402.0 343.0 403.0 414.0 424.0 560.0 422.0 413.0 413.0 405.0 410.0 418.0 417.0 411.0 402.0 386.0 365.0 381.0 398.0 412.0 415.0 350.0 395.0 354.0 357.0 399.0 374.0 371.0 419.0 428.0 411.0 413.0 419.0 418.0 411.0 376.0 365.0 389.0 395.0 387.0 400.0 399.0 351.0 377.0 404.0 413.0 406.0 419.0 377.0 380.0 419.0 408.0 392.0 367.0 385.0 388.0 385.0 367.0 386.0 402.0 373.0 345.0 421.0 417.0 420.0 417.0 398.0 386.0 404.0 410.0 408.0 417.0 396.0 412.0 408.0 407.0 387.0 342.0 396.0 384.0 382.0 401.0 399.0 389.0 406.0 405.0 413.0 413.0 408.0 416.0 411.0 402.0 404.0 416.0 399.0 411.0 411.0 409.0 423.0 428.0 426.0 423.0 407.0 404.0 403.0 413.0 421.0 412.0 419.0 419.0 415.0 420.0 414.0 419.0 404.0 416.0 430.0 400.0 412.0 455.0 485.0 381.0 381.0 415.0 404.0 453.0 396.0 410.0 392.0 397.0 401.0 425.0 414.0 387.0 392.0 401.0 404.0 422.0 421.0 431.0 429.0 414.0 404.0 395.0 381.0 376.0 376.0 396.0 376.0 407.0 403.40418118466897 21.06791506992638
51 295.0 265.0 278.0 301.0 301.0 290.0 284.0 286.0 292.0 282.0 287.0 294.0 296.0 284.0 287.0 285.0 287.0 295.0 273.0 267.0 259.0 297.0 298.0 281.0 283.0 255.0 291.0 282.0 287.0 301.0 270.0 282.0 287.0 287.0 398.0 278.0 284.0 284.0 283.0 295.0 290.0 300.0 313.0 277.0 277.0 309.0 301.0 290.0 294.0 295.0 279.0 275.0 242.0 249.0 280.0 285.0 282.0 287.0 284.0 281.0 289.0 279.0 288.0 285.0 290.0 292.0 294.0 306.0 278.0 271.0 251.0 275.0 279.0 323.0 300.0 299.0 286.0 273.0 286.0 289.0 293.0 283.0 274.0 275.0 278.0 294.0 293.0 302.0 288.0 286.0 289.0 283.0 284.0 276.0 268.0 276.0 287.0 293.0 279.0 284.0 273.0 280.0 288.0 281.0 274.0 280.0 293.0 278.0 282.0 279.0 296.0 287.0 278.0 285.0 282.0 272.0 271.0 271.0 292.0 287.0 291.0 255.0 260.0 291.0 284.0 289.0 285.0 282.0 263.0 263.0 281.0 276.0 281.0 281.0 282.0 310.0 292.0 251.0 291.0 292.0 297.0 321.0 322.0 292.0 281.0 285.0 285.0 289.0 288.0 295.0 283.0 280.0 257.0 279.0 274.0 294.0 288.0 259.0 267.0 252.0 249.0 279.0 260.0 270.0 293.0 292.0 286.0 291.0 288.0 288.0 283.0 265.0 260.0 279.0 287.0 263.0 279.0 287.0 251.0 259.0 294.0 285.0 281.0 289.0 262.0 273.0 296.0 277.0 298.0 259.0 278.0 276.0 284.0 267.0 275.0 280.0 246.0 269.0 301.0 285.0 294.0 294.0 272.0 274.0 282.0 287.0 287.0 291.0 272.0 296.0 284.0 297.0 289.0 248.0 289.0 268.0 270.0 281.0 281.0 276.0 282.0 284.0 295.0 282.0 294.0 290.0 290.0 280.0 279.0 297.0 282.0 275.0 282.0 283.0 303.0 300.0 296.0 296.0 279.0 283.0 281.0 296.0 294.0 289.0 274.0 286.0 288.0 291.0 292.0 296.0 286.0 287.0 300.0 276.0 292.0 284.0 271.0 269.0 265.0 296.0 279.0 280.0 282.0 286.0 279.0 276.0 287.0 307.0 292.0 273.0 288.0 287.0 283.0 295.0 290.0 293.0 307.0 291.0 277.0 273.0 272.0 262.0 263.0 286.0 262.0 278.0 278.0 283.42508710801394 14.471836571462758
52 165.0 137.0 193.0 193.0 181.0 202.0 171.0 215.0 176.0 174.0 170.0 199.0 158.0 158.0 160.0 160.0 180.0 180.0 167.0 137.0 249.0 153.0 153.0 169.0 147.0 144.0 168.0 159.0 200.0 156.0 156.0 183.0 172.0 148.0 184.0 184.0 143.0 150.0 150.0 168.0 257.0 182.0 182.0 182.0 186.0 164.0 162.0 217.0 170.0 176.0 142.0 245.0 136.0 136.0 164.0 195.0 186.0 186.0 175.0 170.0 187.0 166.0 184.0 194.0 186.0 171.0 159.0 156.0 165.0 167.0 154.0 148.0 170.0 163.0 178.0 169.0 180.0 161.0 190.0 172.0 159.0 158.0 143.0 172.0 182.0 151.0 162.0 168.0 164.0 197.0 162.0 154.0 162.0 190.0 174.0 169.0 165.0 160.0 156.0 174.0 161.0 167.0 145.0 156.0 157.0 157.0 161.0 160.0 161.0 180.0 164.0 168.0 158.0 148.0 154.0 152.0 187.0 156.0 168.0 181.0 147.0 145.0 163.0 163.0 190.0 166.0 153.0 148.0 142.0 168.0 168.0 169.0 160.0 166.0 178.0 179.0 144.0 149.0 156.0 156.0 181.0 207.0 161.0 180.0 183.0 161.0 178.0 164.0 172.0 163.0 162.0 152.0 143.0 149.0 170.0 167.0 173.0 146.0 169.0 142.0 168.0 141.0 160.0 157.0 160.0 161.0 164.0 168.0 172.0 187.0 156.0 144.0 147.0 159.0 152.0 139.0 182.0 156.0 134.0 160.0 170.0 157.0 170.0 167.0 137.0 188.0 159.0 183.0 158.0 155.0 166.0 189.0 184.0 142.0 174.0 157.0 141.0 174.0 194.0 159.0 165.0 161.0 160.0 170.0 186.0 156.0 170.0 156.0 176.0 164.0 180.0 166.0 152.0 161.0 166.0 143.0 176.0 156.0 165.0 153.0 168.0 174.0 157.0 169.0 150.0 180.0 181.0 146.0 211.0 161.0 199.0 174.0 162.0 156.0 175.0 163.0 185.0 159.0 155.0 168.0 160.0 171.0 171.0 165.0 144.0 157.0 233.0 174.0 180.0 180.0 156.0 186.0 187.0 162.0 177.0 144.0 171.0 149.0 202.0 183.0 154.0 176.0 139.0 156.0 191.0 188.0 179.0 171.0 150.0 160.0 178.0 174.0 161.0 210.0 213.0 158.0 198.0 156.0 161.0 159.0 156.0 146.0 168.0 168.0 168.0 146.0 180.0 167.67595818815332 18.30041309017293
53 47.0 47.0 87.0 87.0 52.0 52.0 44.0 44.0 48.0 41.0 41.0 46.0 30.0 30.0 30.0 79.0 72.0 72.0 54.0 53.0 35.0 35.0 35.0 87.0 32.0 32.0 98.0 124.0 124.0 26.0 46.0 40.0 40.0 40.0 31.0 113.0 113.0 113.0 35.0 35.0 68.0 68.0 68.0 68.0 90.0 32.0 32.0 35.0 35.0 104.0 104.0 128.0 128.0 128.0 42.0 80.0 53.0 39.0 39.0 45.0 82.0 49.0 32.0 67.0 66.0 31.0 55.0 42.0 49.0 48.0 55.0 48.0 40.0 57.0 49.0 27.0 35.0 68.0 80.0 116.0 76.0 65.0 62.0 46.0 48.0 44.0 53.0 68.0 112.0 51.0 60.0 92.0 40.0 58.0 51.0 60.0 53.0 35.0 85.0 57.0 58.0 61.0 42.0 67.0 85.0 53.0 52.0 48.0 61.0 46.0 55.0 34.0 81.0 40.0 70.0 42.0 58.0 70.0 59.0 48.0 47.0 47.0 43.0 53.0 47.0 60.0 44.0 47.0 34.0 33.0 33.0 87.0 50.0 57.0 80.0 70.0 43.0 50.0 49.0 33.0 54.0 48.0 53.0 41.0 49.0 61.0 48.0 52.0 47.0 108.0 52.0 52.0 59.0 49.0 68.0 60.0 36.0 60.0 30.0 50.0 35.0 47.0 44.0 72.0 41.0 54.0 81.0 40.0 102.0 102.0 55.0 35.0 63.0 40.0 52.0 38.0 44.0 44.0 44.0 44.0 44.0 44.0 46.0 43.0 60.0 64.0 55.0 55.0 67.0 47.0 55.0 37.0 118.0 59.0 43.0 44.0 41.0 51.0 42.0 49.0 153.0 62.0 106.0 44.0 54.0 42.0 137.0 47.0 36.0 54.0 53.0 41.0 40.0 65.0 72.0 59.0 67.0 61.0 58.0 90.0 41.0 45.0 40.0 60.0 45.0 44.0 46.0 204.0 46.0 27.0 38.0 47.0 87.0 44.0 52.0 153.0 51.0 52.0 49.0 99.0 53.0 43.0 84.0 38.0 55.0 93.0 25.0 46.0 39.0 35.0 45.0 236.0 181.0 59.0 51.0 40.0 59.0 54.0 43.0 74.0 141.0 33.0 42.0 53.0 37.0 55.0 62.0 35.0 41.0 41.0 41.0 168.0 31.0 55.0 61.0 137.0 41.0 68.0 59.0 74.0 74.0 75.0 85.0 43.0 43.0 79.0 325.0 60.29965156794426 33.02871340166129
END
#################################################################
SECTION3 (Edges Information)
EndPoint0 EndPoint1 Weight
0 1 1.000000
1 2 1.000000
2 3 1.000000
3 4 1.000000
4 5 1.000000
5 6 1.000000
6 7 1.000000
7 8 1.000000
8 9 1.000000
9 10 1.000000
10 11 1.000000
11 12 1.000000
12 13 1.000000
13 14 1.000000
14 15 1.000000
15 16 1.000000
16 17 1.000000
17 18 1.000000
18 19 1.000000
19 20 1.000000
20 21 1.000000
21 22 1.000000
22 23 1.000000
23 24 1.000000
24 25 1.000000
25 26 1.000000
26 27 1.000000
27 28 1.000000
28 29 1.000000
29 30 1.000000
30 31 1.000000
31 32 1.000000
32 33 1.000000
33 34 1.000000
34 35 1.000000
35 36 1.000000
36 37 1.000000
37 38 1.000000
38 39 1.000000
39 40 1.000000
40 41 1.000000
41 42 1.000000
42 43 1.000000
43 44 1.000000
44 45 1.000000
45 46 1.000000
46 47 1.000000
47 48 1.000000
48 49 1.000000
49 50 1.000000
50 51 1.000000
51 52 1.000000
52 53 1.000000
END
#################################################################
SECTION4 (TrueSubGraph Information)
EndPoint0 EndPoint1 Weight
END
#################################################################
