#################################################################
#APDM Input Graph, this input graph includes 3 sections:
#section1 : general information
#section2 : nodes
#section3 : edges
#section4 : trueSubGraph (Optional)
#
#if nodes haven't information set weight to null
#################################################################
SECTION1 (General Information)
numNodes = 54
numEdges = 53
usedAlgorithm = NULL
dataSource = TransWeatherRealData
END
#################################################################
SECTION2 (Nodes Information)
NodeID travelTime  mean  std 
0 108.0 83.0 115.0 115.0 80.0 80.0 108.0 91.0 83.0 173.0 132.0 132.0 83.0 83.0 84.0 136.0 184.0 184.0 113.0 113.0 124.0 124.0 156.0 119.0 96.0 170.0 170.0 98.0 101.0 103.0 103.0 104.0 104.0 115.0 92.0 107.0 89.0 96.0 147.0 123.0 120.0 142.0 142.0 95.0 116.0 104.0 90.0 89.0 82.0 97.0 96.0 128.0 132.0 160.0 79.0 86.0 84.0 105.0 105.0 121.0 121.0 87.0 84.0 154.0 94.0 88.0 99.0 145.0 159.0 82.0 100.0 89.0 92.0 106.0 101.0 98.0 82.0 142.0 96.0 105.0 86.0 103.0 90.0 101.0 99.0 96.0 96.0 98.0 138.0 113.0 78.0 93.0 95.0 116.0 115.0 83.0 129.0 108.0 93.0 106.0 107.0 110.0 119.0 100.0 104.0 91.0 101.0 81.0 157.0 92.0 85.0 80.0 119.0 88.0 89.0 108.0 86.0 126.0 92.0 100.0 100.0 119.0 96.0 88.0 122.0 98.0 150.0 97.0 120.0 102.0 89.0 102.0 93.0 126.0 116.0 102.0 105.0 106.0 129.0 109.0 114.0 91.0 91.0 83.0 84.0 91.0 87.0 76.0 119.0 94.0 92.0 95.0 93.0 106.0 92.0 99.0 114.0 80.0 85.0 83.0 104.0 86.0 80.0 75.0 145.0 92.0 105.0 106.0 155.0 106.0 135.0 154.0 105.0 87.0 96.0 89.0 94.0 85.0 105.0 93.0 92.0 92.0 96.0 83.0 113.0 83.0 210.0 96.0 89.0 99.0 99.0 122.0 122.0 93.0 108.0 95.0 109.0 77.0 86.0 91.0 90.0 85.0 116.0 105.0 83.0 82.0 96.0 115.0 91.0 126.0 95.0 83.0 103.0 114.0 76.0 167.0 93.0 94.0 117.0 100.0 86.0 86.0 81.0 94.0 96.0 100.0 104.0 89.0 106.0 85.0 80.0 103.0 77.0 105.0 95.0 100.0 107.0 93.0 93.0 96.0 109.0 108.0 101.0 95.0 86.0 150.0 90.0 85.0 116.0 86.0 96.0 84.0 105.0 113.0 116.0 84.0 91.0 93.0 92.0 90.0 90.0 155.0 86.0 98.0 117.0 117.0 87.0 85.0 112.0 127.0 98.0 99.0 99.0 101.0 101.0 101.0 101.0 126.0 89.0 95.0 165.0 90.0 84.0 87.0 85.0 85.0 85.0 103.97560975609754 21.844398016752713
1 261.0 245.0 260.0 264.0 257.0 264.0 273.0 280.0 235.0 248.0 267.0 295.0 286.0 256.0 274.0 274.0 274.0 273.0 273.0 273.0 273.0 274.0 265.0 270.0 297.0 259.0 265.0 275.0 310.0 254.0 237.0 258.0 276.0 275.0 267.0 271.0 268.0 283.0 310.0 294.0 304.0 246.0 246.0 243.0 263.0 273.0 272.0 259.0 266.0 262.0 291.0 263.0 274.0 260.0 241.0 260.0 273.0 273.0 246.0 261.0 268.0 270.0 253.0 260.0 267.0 278.0 260.0 266.0 252.0 257.0 261.0 274.0 273.0 259.0 273.0 261.0 256.0 255.0 244.0 248.0 252.0 257.0 261.0 261.0 281.0 285.0 287.0 268.0 355.0 355.0 265.0 294.0 337.0 364.0 404.0 381.0 254.0 278.0 273.0 267.0 275.0 261.0 256.0 257.0 248.0 268.0 268.0 251.0 258.0 267.0 258.0 246.0 259.0 268.0 267.0 266.0 264.0 271.0 252.0 294.0 249.0 254.0 263.0 251.0 291.0 275.0 296.0 270.0 263.0 266.0 312.0 268.0 267.0 264.0 262.0 269.0 262.0 254.0 285.0 262.0 270.0 270.0 267.0 350.0 267.0 238.0 231.0 236.0 240.0 277.0 251.0 264.0 264.0 263.0 244.0 263.0 282.0 251.0 264.0 258.0 252.0 331.0 274.0 270.0 259.0 258.0 252.0 253.0 260.0 261.0 270.0 267.0 263.0 249.0 258.0 274.0 260.0 367.0 345.0 259.0 259.0 261.0 249.0 268.0 273.0 254.0 300.0 267.0 249.0 275.0 260.0 279.0 263.0 271.0 268.0 258.0 251.0 246.0 288.0 252.0 260.0 266.0 352.0 241.0 252.0 259.0 261.0 244.0 263.0 274.0 259.0 256.0 260.0 254.0 236.0 264.0 263.0 256.0 351.0 268.0 268.0 265.0 255.0 272.0 266.0 262.0 250.0 272.0 267.0 255.0 236.0 270.0 286.0 280.0 274.0 262.0 269.0 264.0 290.0 268.0 294.0 239.0 250.0 261.0 262.0 276.0 263.0 276.0 288.0 285.0 295.0 256.0 279.0 268.0 275.0 257.0 248.0 281.0 276.0 265.0 289.0 280.0 272.0 249.0 265.0 273.0 254.0 265.0 270.0 265.0 276.0 272.0 238.0 280.0 254.0 275.0 263.0 265.0 250.0 278.0 268.0 273.0 277.0 302.0 256.0 265.0 251.0 269.1707317073171 23.31335897732006
2 67.0 50.0 52.0 44.0 48.0 52.0 53.0 53.0 53.0 49.0 198.0 56.0 52.0 52.0 52.0 52.0 52.0 54.0 53.0 51.0 54.0 54.0 51.0 51.0 51.0 51.0 60.0 63.0 54.0 51.0 52.0 54.0 54.0 56.0 51.0 56.0 53.0 55.0 55.0 55.0 53.0 53.0 48.0 50.0 53.0 56.0 51.0 51.0 55.0 54.0 54.0 54.0 51.0 49.0 51.0 54.0 53.0 46.0 47.0 50.0 53.0 52.0 57.0 57.0 56.0 52.0 66.0 54.0 60.0 51.0 54.0 49.0 49.0 52.0 48.0 49.0 53.0 49.0 47.0 49.0 49.0 50.0 52.0 53.0 51.0 51.0 52.0 48.0 60.0 52.0 56.0 53.0 53.0 52.0 53.0 57.0 47.0 54.0 53.0 52.0 50.0 59.0 51.0 49.0 53.0 55.0 55.0 55.0 53.0 57.0 50.0 49.0 60.0 55.0 52.0 52.0 52.0 53.0 55.0 52.0 51.0 51.0 52.0 48.0 50.0 49.0 52.0 53.0 52.0 49.0 85.0 51.0 51.0 54.0 49.0 51.0 53.0 55.0 57.0 63.0 55.0 55.0 49.0 96.0 50.0 46.0 49.0 49.0 52.0 53.0 53.0 53.0 52.0 51.0 49.0 50.0 51.0 49.0 53.0 50.0 51.0 67.0 52.0 51.0 52.0 54.0 48.0 47.0 52.0 52.0 52.0 58.0 51.0 50.0 51.0 50.0 52.0 52.0 52.0 51.0 53.0 52.0 53.0 52.0 53.0 48.0 51.0 53.0 50.0 57.0 50.0 49.0 47.0 52.0 55.0 52.0 48.0 51.0 51.0 55.0 50.0 81.0 47.0 50.0 54.0 52.0 48.0 50.0 51.0 51.0 53.0 49.0 52.0 45.0 51.0 58.0 53.0 60.0 51.0 53.0 54.0 56.0 48.0 54.0 50.0 48.0 48.0 53.0 51.0 50.0 48.0 51.0 55.0 55.0 53.0 54.0 54.0 54.0 51.0 51.0 54.0 45.0 52.0 50.0 50.0 57.0 51.0 57.0 77.0 53.0 51.0 50.0 56.0 54.0 50.0 51.0 49.0 49.0 55.0 51.0 56.0 51.0 52.0 47.0 47.0 47.0 51.0 51.0 53.0 53.0 51.0 51.0 47.0 48.0 51.0 46.0 54.0 54.0 55.0 48.0 54.0 54.0 55.0 55.0 52.0 51.0 55.0 53.11846689895471 9.991949928599963
3 272.0 340.0 287.0 257.0 287.0 296.0 303.0 294.0 273.0 273.0 303.0 282.0 290.0 287.0 287.0 287.0 303.0 298.0 289.0 302.0 282.0 299.0 323.0 278.0 283.0 278.0 298.0 300.0 278.0 280.0 283.0 298.0 304.0 288.0 311.0 294.0 292.0 298.0 291.0 291.0 294.0 263.0 283.0 290.0 299.0 285.0 280.0 280.0 293.0 276.0 276.0 294.0 286.0 297.0 288.0 270.0 300.0 274.0 274.0 273.0 287.0 296.0 297.0 286.0 299.0 292.0 283.0 285.0 280.0 301.0 274.0 286.0 290.0 273.0 261.0 267.0 268.0 261.0 259.0 262.0 291.0 271.0 280.0 273.0 271.0 285.0 268.0 271.0 253.0 252.0 274.0 277.0 265.0 281.0 301.0 259.0 257.0 279.0 270.0 275.0 274.0 281.0 277.0 262.0 265.0 278.0 252.0 282.0 277.0 291.0 269.0 280.0 290.0 275.0 289.0 265.0 268.0 263.0 285.0 353.0 270.0 273.0 259.0 278.0 260.0 291.0 294.0 287.0 293.0 289.0 277.0 284.0 282.0 294.0 279.0 288.0 291.0 290.0 273.0 291.0 275.0 283.0 281.0 255.0 257.0 257.0 282.0 299.0 289.0 298.0 285.0 290.0 286.0 260.0 278.0 281.0 271.0 260.0 275.0 247.0 413.0 264.0 271.0 282.0 279.0 305.0 289.0 264.0 268.0 281.0 284.0 280.0 254.0 273.0 278.0 270.0 285.0 260.0 262.0 299.0 280.0 277.0 288.0 287.0 271.0 279.0 279.0 296.0 291.0 271.0 270.0 292.0 293.0 271.0 288.0 273.0 254.0 273.0 282.0 282.0 267.0 303.0 255.0 298.0 276.0 288.0 262.0 280.0 288.0 281.0 273.0 272.0 273.0 252.0 275.0 274.0 287.0 370.0 277.0 289.0 278.0 262.0 264.0 282.0 266.0 266.0 288.0 271.0 278.0 259.0 276.0 280.0 299.0 298.0 290.0 291.0 331.0 288.0 289.0 291.0 278.0 247.0 285.0 273.0 294.0 274.0 289.0 307.0 294.0 304.0 280.0 277.0 299.0 289.0 282.0 257.0 259.0 299.0 274.0 279.0 310.0 287.0 284.0 263.0 263.0 262.0 284.0 291.0 293.0 286.0 263.0 261.0 265.0 290.0 297.0 290.0 291.0 297.0 282.0 293.0 293.0 286.0 283.0 284.0 334.0 334.0 297.0 282.47386759581883 17.882244388220137
4 211.0 219.0 199.0 211.0 209.0 233.0 233.0 233.0 233.0 207.0 220.0 235.0 221.0 221.0 237.0 290.0 232.0 205.0 266.0 245.0 232.0 219.0 227.0 215.0 231.0 235.0 220.0 229.0 203.0 228.0 226.0 233.0 252.0 219.0 223.0 219.0 209.0 237.0 231.0 215.0 200.0 246.0 227.0 210.0 230.0 221.0 227.0 234.0 203.0 221.0 221.0 215.0 212.0 242.0 261.0 229.0 206.0 211.0 222.0 230.0 233.0 230.0 213.0 226.0 222.0 218.0 233.0 226.0 227.0 216.0 222.0 239.0 207.0 208.0 203.0 204.0 208.0 200.0 219.0 241.0 186.0 217.0 221.0 207.0 229.0 223.0 194.0 200.0 196.0 226.0 221.0 218.0 202.0 216.0 203.0 197.0 223.0 212.0 212.0 211.0 231.0 217.0 202.0 226.0 228.0 196.0 225.0 213.0 230.0 227.0 219.0 242.0 217.0 213.0 217.0 200.0 208.0 234.0 224.0 230.0 214.0 201.0 201.0 213.0 224.0 227.0 224.0 235.0 231.0 219.0 229.0 231.0 213.0 218.0 219.0 224.0 230.0 243.0 237.0 234.0 217.0 295.0 201.0 209.0 197.0 219.0 222.0 225.0 236.0 227.0 233.0 217.0 210.0 208.0 216.0 231.0 222.0 222.0 209.0 231.0 287.0 222.0 242.0 204.0 238.0 221.0 202.0 211.0 227.0 228.0 216.0 200.0 198.0 227.0 216.0 224.0 226.0 233.0 213.0 237.0 213.0 231.0 219.0 221.0 223.0 216.0 226.0 212.0 202.0 217.0 219.0 241.0 255.0 225.0 222.0 198.0 225.0 215.0 250.0 209.0 212.0 215.0 210.0 215.0 218.0 228.0 226.0 218.0 229.0 223.0 221.0 216.0 208.0 231.0 209.0 216.0 285.0 227.0 223.0 232.0 219.0 197.0 231.0 225.0 212.0 235.0 206.0 224.0 278.0 211.0 226.0 207.0 209.0 214.0 232.0 232.0 200.0 237.0 226.0 231.0 234.0 219.0 209.0 205.0 223.0 219.0 228.0 220.0 225.0 290.0 212.0 240.0 240.0 233.0 226.0 196.0 230.0 223.0 232.0 254.0 243.0 206.0 207.0 205.0 199.0 199.0 227.0 220.0 222.0 207.0 207.0 215.0 224.0 250.0 202.0 230.0 230.0 214.0 222.0 225.0 236.0 309.0 246.0 235.0 238.0 238.0 238.0 222.75261324041813 16.85244846812691
5 289.0 272.0 256.0 270.0 307.0 307.0 307.0 284.0 285.0 300.0 286.0 290.0 290.0 299.0 296.0 305.0 305.0 295.0 296.0 285.0 282.0 284.0 291.0 281.0 293.0 302.0 269.0 271.0 287.0 298.0 297.0 310.0 304.0 296.0 291.0 281.0 293.0 294.0 294.0 271.0 264.0 277.0 268.0 294.0 285.0 291.0 300.0 280.0 272.0 272.0 278.0 286.0 302.0 256.0 293.0 272.0 264.0 279.0 281.0 294.0 293.0 291.0 287.0 282.0 283.0 292.0 287.0 295.0 286.0 288.0 296.0 275.0 264.0 275.0 266.0 277.0 261.0 280.0 287.0 271.0 249.0 290.0 271.0 287.0 290.0 283.0 282.0 251.0 301.0 283.0 289.0 267.0 270.0 275.0 259.0 281.0 274.0 300.0 282.0 291.0 277.0 281.0 256.0 297.0 267.0 258.0 277.0 283.0 297.0 280.0 289.0 280.0 277.0 287.0 267.0 277.0 293.0 279.0 282.0 283.0 269.0 259.0 278.0 276.0 282.0 290.0 295.0 293.0 292.0 288.0 290.0 290.0 285.0 281.0 293.0 289.0 291.0 296.0 300.0 273.0 272.0 283.0 285.0 271.0 276.0 307.0 290.0 304.0 295.0 296.0 293.0 281.0 275.0 267.0 279.0 265.0 281.0 280.0 282.0 340.0 290.0 294.0 271.0 284.0 284.0 275.0 287.0 285.0 295.0 287.0 292.0 254.0 283.0 288.0 289.0 287.0 306.0 273.0 290.0 276.0 274.0 289.0 288.0 290.0 289.0 283.0 276.0 272.0 287.0 276.0 295.0 299.0 294.0 286.0 260.0 270.0 282.0 285.0 259.0 266.0 273.0 245.0 282.0 282.0 276.0 285.0 281.0 279.0 291.0 267.0 282.0 276.0 291.0 269.0 286.0 385.0 295.0 290.0 290.0 279.0 262.0 261.0 285.0 238.0 301.0 289.0 280.0 307.0 290.0 290.0 268.0 267.0 268.0 294.0 276.0 302.0 284.0 293.0 298.0 294.0 282.0 287.0 286.0 294.0 268.0 289.0 283.0 289.0 284.0 287.0 281.0 298.0 284.0 285.0 267.0 301.0 262.0 294.0 308.0 294.0 268.0 272.0 264.0 262.0 263.0 281.0 288.0 290.0 285.0 294.0 289.0 289.0 279.0 280.0 281.0 298.0 301.0 308.0 298.0 296.0 283.0 291.0 303.0 289.0 296.0 296.0 296.0 284.23344947735194 14.257295873059137
6 15.0 14.0 14.0 18.0 18.0 18.0 18.0 18.0 18.0 18.0 15.0 15.0 15.0 15.0 16.0 16.0 16.0 16.0 16.0 16.0 16.0 16.0 16.0 16.0 16.0 16.0 16.0 16.0 16.0 16.0 16.0 16.0 16.0 17.0 17.0 17.0 17.0 17.0 17.0 17.0 17.0 17.0 17.0 17.0 17.0 17.0 16.0 16.0 16.0 16.0 16.0 17.0 17.0 17.0 17.0 17.0 17.0 15.0 16.0 17.0 17.0 15.0 16.0 16.0 16.0 17.0 15.0 15.0 15.0 16.0 14.0 14.0 14.0 14.0 14.0 15.0 14.0 14.0 14.0 14.0 14.0 14.0 16.0 16.0 16.0 16.0 16.0 14.0 14.0 16.0 15.0 14.0 14.0 14.0 14.0 14.0 14.0 14.0 14.0 16.0 16.0 16.0 16.0 17.0 14.0 17.0 15.0 15.0 15.0 16.0 17.0 14.0 16.0 16.0 15.0 15.0 16.0 16.0 16.0 17.0 15.0 15.0 16.0 16.0 16.0 15.0 18.0 15.0 15.0 15.0 15.0 14.0 14.0 17.0 17.0 17.0 17.0 16.0 16.0 15.0 14.0 15.0 17.0 16.0 16.0 16.0 16.0 16.0 16.0 16.0 16.0 16.0 14.0 14.0 17.0 17.0 17.0 17.0 14.0 14.0 15.0 15.0 16.0 16.0 16.0 16.0 17.0 17.0 17.0 15.0 14.0 15.0 16.0 16.0 15.0 16.0 16.0 15.0 15.0 14.0 14.0 16.0 15.0 17.0 15.0 16.0 15.0 15.0 15.0 16.0 18.0 18.0 16.0 16.0 14.0 17.0 17.0 16.0 14.0 16.0 16.0 16.0 16.0 16.0 16.0 16.0 16.0 16.0 14.0 14.0 14.0 16.0 17.0 15.0 15.0 31.0 31.0 31.0 31.0 15.0 15.0 15.0 15.0 15.0 16.0 16.0 16.0 16.0 17.0 13.0 13.0 13.0 13.0 13.0 13.0 13.0 16.0 16.0 16.0 16.0 16.0 16.0 15.0 15.0 15.0 15.0 15.0 15.0 15.0 17.0 17.0 17.0 17.0 17.0 17.0 17.0 16.0 16.0 16.0 16.0 14.0 14.0 15.0 14.0 16.0 16.0 16.0 17.0 17.0 17.0 17.0 17.0 17.0 14.0 14.0 14.0 16.0 16.0 16.0 16.0 16.0 16.0 17.0 17.0 17.0 17.0 17.0 15.912891986062718 2.1310412272099297
7 292.0 295.0 314.0 342.0 342.0 342.0 342.0 378.0 335.0 327.0 334.0 334.0 339.0 337.0 343.0 343.0 346.0 336.0 313.0 323.0 322.0 317.0 335.0 333.0 333.0 306.0 304.0 321.0 348.0 338.0 353.0 316.0 325.0 328.0 321.0 331.0 335.0 330.0 330.0 318.0 312.0 307.0 424.0 320.0 330.0 344.0 307.0 293.0 354.0 314.0 318.0 340.0 301.0 344.0 320.0 326.0 320.0 326.0 342.0 341.0 322.0 331.0 340.0 340.0 378.0 338.0 348.0 331.0 318.0 330.0 309.0 323.0 311.0 381.0 317.0 304.0 307.0 323.0 313.0 368.0 324.0 306.0 289.0 354.0 358.0 383.0 297.0 305.0 319.0 368.0 322.0 302.0 330.0 294.0 312.0 318.0 345.0 319.0 330.0 340.0 307.0 319.0 331.0 295.0 294.0 316.0 322.0 337.0 323.0 326.0 306.0 318.0 327.0 312.0 324.0 323.0 323.0 325.0 348.0 327.0 304.0 317.0 317.0 325.0 366.0 342.0 326.0 344.0 338.0 331.0 331.0 319.0 323.0 340.0 330.0 332.0 331.0 319.0 317.0 306.0 365.0 317.0 330.0 359.0 352.0 350.0 355.0 317.0 328.0 333.0 331.0 327.0 311.0 319.0 291.0 319.0 381.0 361.0 428.0 383.0 315.0 330.0 321.0 315.0 308.0 330.0 326.0 331.0 321.0 322.0 286.0 321.0 319.0 326.0 322.0 336.0 314.0 333.0 307.0 302.0 325.0 341.0 346.0 331.0 320.0 322.0 311.0 319.0 327.0 338.0 341.0 341.0 311.0 316.0 306.0 324.0 335.0 301.0 306.0 309.0 303.0 321.0 323.0 310.0 332.0 322.0 315.0 349.0 305.0 319.0 314.0 352.0 309.0 324.0 418.0 425.0 329.0 324.0 316.0 330.0 320.0 326.0 310.0 308.0 334.0 311.0 345.0 346.0 329.0 292.0 300.0 305.0 328.0 332.0 357.0 330.0 332.0 354.0 336.0 327.0 327.0 320.0 350.0 327.0 318.0 313.0 327.0 330.0 355.0 326.0 340.0 346.0 324.0 300.0 364.0 327.0 413.0 357.0 338.0 297.0 302.0 330.0 295.0 293.0 326.0 332.0 336.0 324.0 324.0 327.0 332.0 313.0 311.0 320.0 330.0 370.0 328.0 341.0 336.0 356.0 318.0 345.0 345.0 366.0 366.0 366.0 331.0 329.01742160278746 21.984650787576758
8 487.0 529.0 521.0 521.0 521.0 491.0 474.0 476.0 534.0 508.0 504.0 505.0 548.0 522.0 547.0 535.0 488.0 522.0 517.0 522.0 478.0 531.0 545.0 510.0 492.0 501.0 520.0 512.0 522.0 549.0 514.0 491.0 497.0 491.0 513.0 493.0 472.0 497.0 519.0 486.0 489.0 509.0 494.0 537.0 534.0 494.0 514.0 514.0 478.0 543.0 507.0 510.0 560.0 473.0 486.0 478.0 526.0 500.0 501.0 494.0 529.0 505.0 508.0 584.0 517.0 503.0 505.0 535.0 517.0 455.0 477.0 547.0 515.0 505.0 515.0 534.0 511.0 475.0 523.0 531.0 495.0 500.0 512.0 542.0 471.0 531.0 502.0 501.0 498.0 487.0 561.0 509.0 444.0 438.0 544.0 534.0 540.0 502.0 482.0 415.0 456.0 510.0 432.0 451.0 478.0 483.0 514.0 497.0 483.0 495.0 484.0 486.0 492.0 507.0 496.0 494.0 512.0 514.0 480.0 485.0 486.0 534.0 480.0 492.0 521.0 484.0 494.0 490.0 533.0 478.0 490.0 486.0 489.0 508.0 505.0 478.0 475.0 489.0 455.0 561.0 504.0 493.0 513.0 494.0 497.0 491.0 514.0 508.0 510.0 547.0 535.0 524.0 508.0 442.0 483.0 518.0 631.0 469.0 574.0 501.0 498.0 510.0 491.0 485.0 510.0 503.0 503.0 516.0 462.0 441.0 491.0 495.0 508.0 504.0 491.0 488.0 499.0 481.0 507.0 498.0 490.0 492.0 491.0 500.0 488.0 503.0 491.0 495.0 520.0 495.0 469.0 438.0 468.0 553.0 517.0 538.0 465.0 496.0 469.0 473.0 497.0 489.0 471.0 483.0 461.0 466.0 478.0 474.0 480.0 487.0 510.0 480.0 584.0 591.0 638.0 488.0 490.0 492.0 502.0 481.0 480.0 505.0 529.0 486.0 484.0 502.0 505.0 475.0 467.0 439.0 496.0 505.0 524.0 508.0 490.0 517.0 505.0 474.0 474.0 518.0 516.0 561.0 482.0 495.0 480.0 501.0 517.0 489.0 482.0 469.0 514.0 515.0 486.0 539.0 497.0 600.0 538.0 469.0 425.0 475.0 488.0 443.0 470.0 526.0 510.0 516.0 515.0 488.0 478.0 505.0 469.0 475.0 478.0 513.0 503.0 515.0 530.0 534.0 516.0 560.0 528.0 502.0 496.0 496.0 497.0 515.0 497.0 501.9094076655052 29.453866059851787
9 712.0 673.0 666.0 669.0 681.0 665.0 668.0 727.0 749.0 715.0 681.0 679.0 724.0 707.0 676.0 657.0 674.0 662.0 766.0 666.0 695.0 635.0 635.0 664.0 690.0 715.0 679.0 657.0 630.0 635.0 684.0 667.0 672.0 650.0 672.0 683.0 688.0 596.0 676.0 705.0 676.0 813.0 688.0 770.0 642.0 8494.0 677.0 679.0 747.0 584.0 586.0 691.0 661.0 644.0 675.0 683.0 684.0 658.0 695.0 647.0 630.0 651.0 642.0 664.0 677.0 702.0 679.0 618.0 656.0 634.0 618.0 644.0 663.0 687.0 658.0 650.0 655.0 660.0 652.0 683.0 690.0 672.0 676.0 666.0 648.0 736.0 672.0 665.0 656.0 708.0 608.0 601.0 690.0 687.0 670.0 652.0 664.0 580.0 586.0 638.0 628.0 574.0 650.0 649.0 657.0 641.0 644.0 652.0 663.0 688.0 656.0 654.0 649.0 658.0 661.0 655.0 653.0 652.0 661.0 672.0 661.0 687.0 706.0 757.0 687.0 701.0 691.0 692.0 654.0 690.0 688.0 685.0 731.0 654.0 678.0 654.0 685.0 639.0 618.0 662.0 671.0 668.0 739.0 714.0 706.0 701.0 695.0 680.0 684.0 681.0 669.0 632.0 637.0 657.0 677.0 671.0 824.0 654.0 647.0 666.0 635.0 635.0 644.0 617.0 637.0 732.0 609.0 583.0 654.0 626.0 624.0 647.0 647.0 658.0 668.0 713.0 647.0 665.0 667.0 652.0 675.0 669.0 670.0 641.0 626.0 677.0 656.0 674.0 637.0 610.0 628.0 706.0 653.0 659.0 608.0 609.0 636.0 700.0 654.0 642.0 680.0 652.0 641.0 633.0 657.0 645.0 643.0 662.0 681.0 653.0 879.0 689.0 838.0 662.0 658.0 620.0 625.0 670.0 647.0 707.0 718.0 667.0 652.0 678.0 681.0 665.0 640.0 642.0 653.0 660.0 653.0 661.0 666.0 669.0 667.0 642.0 650.0 661.0 665.0 661.0 729.0 653.0 652.0 668.0 666.0 664.0 612.0 655.0 685.0 686.0 660.0 686.0 666.0 662.0 671.0 629.0 591.0 593.0 661.0 603.0 601.0 618.0 658.0 647.0 655.0 634.0 661.0 655.0 646.0 646.0 632.0 650.0 653.0 658.0 688.0 690.0 688.0 677.0 677.0 696.0 686.0 701.0 689.0 688.0 623.0 626.0 641.0 692.6689895470384 463.6374712361911
10 1001.0 980.0 953.0 1013.0 1002.0 1058.0 1053.0 989.0 993.0 993.0 977.0 961.0 945.0 939.0 928.0 949.0 992.0 956.0 944.0 906.0 934.0 956.0 974.0 997.0 997.0 988.0 895.0 914.0 959.0 967.0 931.0 937.0 939.0 1003.0 977.0 1016.0 994.0 971.0 959.0 956.0 971.0 948.0 907.0 949.0 973.0 970.0 919.0 858.0 881.0 950.0 951.0 960.0 970.0 966.0 958.0 912.0 876.0 918.0 918.0 923.0 936.0 961.0 992.0 988.0 1047.0 1030.0 941.0 909.0 944.0 967.0 967.0 965.0 937.0 939.0 947.0 954.0 955.0 963.0 983.0 967.0 973.0 954.0 945.0 937.0 980.0 931.0 959.0 893.0 873.0 881.0 1019.0 961.0 944.0 960.0 993.0 966.0 945.0 954.0 956.0 935.0 953.0 924.0 944.0 937.0 928.0 935.0 927.0 932.0 937.0 937.0 949.0 943.0 953.0 946.0 953.0 951.0 948.0 980.0 964.0 993.0 935.0 966.0 992.0 973.0 1028.0 970.0 956.0 947.0 962.0 928.0 945.0 955.0 951.0 960.0 1072.0 868.0 970.0 960.0 942.0 940.0 949.0 947.0 942.0 945.0 911.0 926.0 972.0 959.0 986.0 925.0 943.0 954.0 1188.0 971.0 1082.0 952.0 922.0 911.0 934.0 938.0 911.0 910.0 919.0 951.0 881.0 869.0 862.0 895.0 887.0 924.0 928.0 973.0 947.0 959.0 937.0 937.0 956.0 951.0 938.0 945.0 917.0 913.0 915.0 923.0 909.0 988.0 877.0 883.0 888.0 943.0 938.0 980.0 888.0 889.0 924.0 913.0 925.0 901.0 941.0 913.0 921.0 927.0 923.0 920.0 934.0 927.0 941.0 1048.0 1074.0 1095.0 947.0 933.0 900.0 897.0 947.0 934.0 925.0 936.0 829.0 935.0 971.0 968.0 950.0 904.0 876.0 932.0 928.0 1020.0 940.0 955.0 955.0 941.0 950.0 935.0 907.0 884.0 892.0 966.0 944.0 949.0 942.0 986.0 938.0 911.0 884.0 931.0 943.0 962.0 990.0 958.0 959.0 968.0 958.0 854.0 813.0 849.0 838.0 864.0 861.0 897.0 931.0 924.0 940.0 956.0 981.0 941.0 953.0 897.0 903.0 923.0 966.0 975.0 994.0 1000.0 971.0 969.0 964.0 979.0 983.0 984.0 989.0 907.0 911.0 916.0 930.0 1031.0 960.0 946.787456445993 43.122205386017356
11 546.0 594.0 596.0 533.0 547.0 580.0 543.0 505.0 524.0 536.0 523.0 567.0 512.0 542.0 575.0 574.0 574.0 462.0 510.0 565.0 536.0 550.0 667.0 501.0 504.0 498.0 521.0 529.0 509.0 523.0 517.0 641.0 573.0 586.0 532.0 530.0 529.0 462.0 507.0 526.0 493.0 519.0 580.0 581.0 482.0 512.0 512.0 507.0 537.0 537.0 524.0 511.0 484.0 473.0 477.0 503.0 510.0 512.0 529.0 532.0 568.0 561.0 562.0 655.0 500.0 488.0 528.0 605.0 688.0 499.0 493.0 529.0 545.0 577.0 588.0 548.0 552.0 533.0 531.0 521.0 543.0 528.0 545.0 531.0 559.0 508.0 462.0 524.0 511.0 521.0 494.0 555.0 528.0 495.0 495.0 526.0 525.0 502.0 491.0 528.0 508.0 520.0 534.0 511.0 496.0 516.0 511.0 523.0 533.0 558.0 520.0 492.0 511.0 538.0 566.0 529.0 526.0 509.0 516.0 530.0 518.0 533.0 560.0 507.0 519.0 514.0 515.0 568.0 530.0 539.0 540.0 550.0 530.0 642.0 495.0 518.0 533.0 555.0 516.0 518.0 528.0 493.0 502.0 518.0 571.0 570.0 498.0 506.0 537.0 535.0 708.0 665.0 638.0 559.0 565.0 515.0 525.0 538.0 475.0 486.0 485.0 505.0 521.0 525.0 487.0 470.0 497.0 509.0 544.0 520.0 546.0 518.0 530.0 514.0 526.0 541.0 519.0 494.0 504.0 540.0 540.0 502.0 521.0 507.0 475.0 471.0 516.0 523.0 499.0 486.0 498.0 491.0 536.0 484.0 532.0 509.0 506.0 489.0 507.0 508.0 516.0 522.0 544.0 510.0 527.0 590.0 557.0 519.0 525.0 513.0 538.0 504.0 474.0 552.0 494.0 559.0 609.0 512.0 534.0 539.0 496.0 474.0 459.0 499.0 503.0 552.0 576.0 538.0 523.0 564.0 493.0 492.0 488.0 486.0 499.0 526.0 533.0 500.0 513.0 552.0 515.0 506.0 509.0 540.0 540.0 543.0 533.0 575.0 522.0 627.0 539.0 496.0 463.0 606.0 449.0 447.0 467.0 501.0 511.0 498.0 654.0 496.0 541.0 516.0 576.0 452.0 485.0 538.0 533.0 547.0 535.0 533.0 533.0 556.0 533.0 602.0 518.0 524.0 523.0 546.0 540.0 480.0 558.0 655.0 556.0 638.0 537.0 529.184668989547 39.83748509486704
12 693.0 670.0 669.0 662.0 644.0 654.0 663.0 657.0 636.0 619.0 633.0 673.0 668.0 627.0 586.0 584.0 632.0 631.0 646.0 677.0 690.0 743.0 620.0 625.0 631.0 664.0 646.0 640.0 641.0 650.0 680.0 676.0 667.0 654.0 647.0 630.0 641.0 641.0 626.0 664.0 675.0 682.0 551.0 559.0 629.0 627.0 642.0 653.0 660.0 664.0 692.0 603.0 608.0 570.0 621.0 635.0 630.0 657.0 657.0 676.0 690.0 677.0 627.0 621.0 645.0 671.0 728.0 639.0 645.0 641.0 662.0 647.0 661.0 643.0 652.0 663.0 665.0 643.0 651.0 646.0 633.0 658.0 653.0 655.0 633.0 671.0 663.0 645.0 639.0 666.0 659.0 602.0 609.0 621.0 629.0 648.0 634.0 663.0 631.0 637.0 652.0 622.0 614.0 613.0 644.0 635.0 633.0 648.0 629.0 613.0 623.0 644.0 649.0 644.0 649.0 651.0 648.0 654.0 633.0 644.0 652.0 648.0 641.0 650.0 652.0 650.0 641.0 616.0 631.0 638.0 745.0 620.0 746.0 618.0 634.0 642.0 633.0 646.0 652.0 632.0 634.0 660.0 660.0 650.0 617.0 613.0 634.0 662.0 657.0 637.0 677.0 698.0 648.0 617.0 625.0 643.0 607.0 599.0 574.0 567.0 637.0 632.0 613.0 596.0 612.0 628.0 633.0 637.0 634.0 603.0 616.0 634.0 639.0 647.0 629.0 606.0 614.0 627.0 630.0 615.0 614.0 628.0 606.0 573.0 582.0 617.0 615.0 613.0 626.0 625.0 623.0 631.0 627.0 637.0 622.0 625.0 633.0 624.0 627.0 629.0 645.0 632.0 630.0 645.0 877.0 771.0 657.0 628.0 634.0 627.0 638.0 631.0 618.0 653.0 636.0 642.0 653.0 641.0 625.0 566.0 593.0 621.0 640.0 673.0 681.0 653.0 643.0 672.0 644.0 606.0 589.0 589.0 632.0 651.0 653.0 632.0 652.0 649.0 638.0 634.0 633.0 650.0 646.0 614.0 711.0 687.0 650.0 664.0 694.0 652.0 644.0 631.0 574.0 566.0 568.0 633.0 631.0 625.0 648.0 635.0 652.0 647.0 718.0 614.0 603.0 633.0 654.0 682.0 663.0 662.0 660.0 663.0 651.0 694.0 673.0 664.0 653.0 628.0 622.0 622.0 648.0 549.0 622.0 641.0 641.0 675.0 647.0 640.9581881533101 32.962762326635136
13 10.0 10.0 8.0 8.0 8.0 8.0 8.0 8.0 8.0 8.0 8.0 8.0 8.0 8.0 8.0 8.0 8.0 8.0 8.0 8.0 8.0 8.0 8.0 8.0 8.0 8.0 8.0 8.0 8.0 8.0 8.0 8.0 8.0 8.0 8.0 8.0 8.0 8.0 8.0 8.0 8.0 8.0 8.0 8.0 8.0 8.0 8.0 8.0 8.0 8.0 8.0 8.0 8.0 8.0 8.0 8.0 8.0 8.0 8.0 8.0 8.0 8.0 8.0 8.0 8.0 8.0 8.0 8.0 8.0 8.0 8.0 8.0 8.0 8.0 8.0 8.0 8.0 8.0 8.0 8.0 8.0 8.0 8.0 7.0 9.0 9.0 9.0 9.0 9.0 9.0 9.0 8.0 8.0 8.0 8.0 8.0 8.0 9.0 8.0 9.0 9.0 9.0 9.0 8.0 8.0 8.0 8.0 8.0 8.0 8.0 8.0 8.0 8.0 8.0 8.0 8.0 8.0 8.0 8.0 8.0 8.0 8.0 8.0 8.0 9.0 8.0 7.0 7.0 7.0 8.0 7.0 7.0 7.0 7.0 7.0 7.0 7.0 7.0 8.0 8.0 8.0 8.0 7.0 7.0 8.0 8.0 8.0 8.0 8.0 8.0 8.0 8.0 8.0 8.0 8.0 8.0 8.0 7.0 7.0 7.0 7.0 7.0 7.0 7.0 7.0 7.0 8.0 8.0 8.0 8.0 8.0 8.0 8.0 8.0 8.0 8.0 8.0 8.0 8.0 8.0 8.0 8.0 7.0 7.0 7.0 7.0 7.0 8.0 8.0 9.0 9.0 8.0 8.0 8.0 8.0 8.0 8.0 8.0 8.0 8.0 8.0 9.0 9.0 14.0 14.0 8.0 8.0 8.0 8.0 8.0 8.0 8.0 8.0 8.0 8.0 8.0 8.0 8.0 8.0 8.0 8.0 8.0 9.0 9.0 9.0 9.0 9.0 8.0 8.0 7.0 7.0 7.0 7.0 7.0 7.0 8.0 8.0 8.0 8.0 8.0 8.0 8.0 8.0 7.0 7.0 7.0 7.0 7.0 7.0 9.0 8.0 8.0 7.0 8.0 8.0 8.0 8.0 8.0 8.0 8.0 8.0 8.0 7.0 7.0 7.0 7.0 7.0 7.0 7.0 7.0 7.0 7.0 7.0 7.0 8.0 8.0 8.0 8.0 8.0 8.0 7.0 7.0 7.0 7.0 7.0 7.0 7.0 7.926829268292684 0.7513703439886927
14 110.0 96.0 96.0 92.0 92.0 96.0 97.0 92.0 101.0 101.0 97.0 94.0 89.0 89.0 89.0 94.0 92.0 96.0 100.0 100.0 100.0 100.0 92.0 92.0 97.0 97.0 98.0 98.0 98.0 94.0 104.0 104.0 97.0 107.0 107.0 92.0 92.0 92.0 97.0 97.0 97.0 81.0 81.0 81.0 90.0 99.0 99.0 97.0 115.0 115.0 86.0 86.0 86.0 94.0 99.0 88.0 98.0 97.0 97.0 102.0 102.0 102.0 89.0 99.0 98.0 98.0 94.0 94.0 96.0 105.0 95.0 95.0 94.0 97.0 98.0 95.0 94.0 101.0 96.0 95.0 95.0 95.0 95.0 97.0 98.0 96.0 95.0 83.0 100.0 94.0 90.0 95.0 93.0 91.0 82.0 92.0 96.0 93.0 88.0 99.0 98.0 99.0 97.0 96.0 102.0 97.0 98.0 92.0 88.0 92.0 108.0 96.0 93.0 96.0 87.0 101.0 102.0 86.0 95.0 94.0 93.0 96.0 94.0 94.0 94.0 93.0 89.0 95.0 95.0 95.0 124.0 92.0 93.0 92.0 98.0 92.0 94.0 98.0 89.0 92.0 102.0 95.0 91.0 90.0 91.0 95.0 100.0 96.0 92.0 109.0 96.0 91.0 89.0 90.0 93.0 89.0 90.0 87.0 97.0 97.0 98.0 91.0 87.0 92.0 93.0 97.0 94.0 92.0 92.0 90.0 96.0 97.0 91.0 97.0 89.0 88.0 93.0 88.0 88.0 93.0 93.0 93.0 84.0 92.0 95.0 87.0 91.0 97.0 91.0 87.0 106.0 91.0 96.0 89.0 94.0 98.0 90.0 93.0 99.0 98.0 84.0 93.0 100.0 155.0 98.0 95.0 89.0 94.0 88.0 93.0 91.0 91.0 91.0 77.0 101.0 98.0 93.0 81.0 82.0 92.0 89.0 81.0 105.0 94.0 94.0 94.0 92.0 97.0 97.0 86.0 89.0 102.0 95.0 95.0 91.0 91.0 93.0 93.0 94.0 100.0 93.0 93.0 93.0 106.0 106.0 88.0 102.0 102.0 97.0 103.0 92.0 106.0 86.0 92.0 92.0 95.0 123.0 123.0 93.0 92.0 93.0 85.0 85.0 84.0 101.0 94.0 94.0 97.0 97.0 94.0 94.0 97.0 98.0 98.0 98.0 98.0 93.0 89.0 97.0 97.0 97.0 98.0 92.0 92.0 94.0 96.0 91.0 94.93728222996516 7.181189267884995
15 607.0 607.0 607.0 623.0 621.0 599.0 589.0 596.0 621.0 628.0 591.0 581.0 529.0 534.0 566.0 597.0 620.0 611.0 611.0 558.0 581.0 584.0 609.0 612.0 615.0 617.0 598.0 604.0 632.0 615.0 612.0 641.0 677.0 677.0 677.0 585.0 616.0 608.0 615.0 556.0 538.0 529.0 594.0 589.0 605.0 619.0 630.0 622.0 622.0 622.0 538.0 557.0 585.0 574.0 580.0 620.0 633.0 606.0 636.0 634.0 572.0 608.0 598.0 616.0 596.0 596.0 626.0 605.0 592.0 615.0 594.0 602.0 621.0 626.0 638.0 603.0 595.0 608.0 611.0 598.0 606.0 625.0 618.0 621.0 600.0 607.0 608.0 639.0 587.0 564.0 571.0 578.0 601.0 522.0 579.0 590.0 584.0 573.0 591.0 572.0 570.0 585.0 586.0 587.0 600.0 612.0 582.0 575.0 587.0 615.0 600.0 583.0 597.0 586.0 591.0 598.0 594.0 592.0 627.0 600.0 593.0 590.0 589.0 593.0 589.0 570.0 578.0 606.0 592.0 671.0 772.0 594.0 592.0 578.0 585.0 600.0 599.0 577.0 579.0 600.0 607.0 578.0 588.0 618.0 611.0 626.0 624.0 591.0 621.0 607.0 595.0 590.0 582.0 623.0 565.0 554.0 511.0 511.0 597.0 589.0 562.0 545.0 562.0 591.0 596.0 590.0 590.0 591.0 584.0 611.0 611.0 598.0 571.0 553.0 576.0 583.0 579.0 574.0 583.0 588.0 579.0 537.0 551.0 606.0 582.0 577.0 591.0 585.0 579.0 578.0 561.0 604.0 576.0 586.0 586.0 577.0 568.0 573.0 589.0 580.0 580.0 723.0 642.0 537.0 596.0 583.0 589.0 547.0 568.0 580.0 593.0 588.0 623.0 547.0 580.0 560.0 543.0 529.0 582.0 581.0 615.0 639.0 629.0 592.0 598.0 607.0 607.0 589.0 546.0 550.0 599.0 593.0 589.0 553.0 582.0 595.0 595.0 595.0 593.0 591.0 573.0 627.0 640.0 631.0 571.0 603.0 608.0 608.0 548.0 577.0 547.0 534.0 543.0 567.0 570.0 600.0 591.0 621.0 593.0 605.0 591.0 554.0 574.0 609.0 600.0 611.0 624.0 632.0 599.0 602.0 607.0 619.0 596.0 618.0 605.0 573.0 566.0 594.0 598.0 495.0 572.0 590.0 594.0 610.0 606.0 607.0 606.0 593.5818815331011 29.911865046722337
16 391.0 572.0 394.0 401.0 385.0 387.0 387.0 393.0 394.0 379.0 375.0 375.0 352.0 368.0 392.0 389.0 389.0 389.0 505.0 376.0 396.0 399.0 398.0 398.0 577.0 346.0 417.0 410.0 420.0 428.0 421.0 421.0 389.0 400.0 403.0 379.0 680.0 388.0 337.0 396.0 438.0 398.0 427.0 394.0 475.0 464.0 391.0 405.0 496.0 364.0 379.0 381.0 369.0 408.0 432.0 372.0 410.0 420.0 393.0 400.0 416.0 400.0 400.0 387.0 408.0 392.0 395.0 391.0 399.0 389.0 390.0 401.0 398.0 381.0 447.0 419.0 402.0 474.0 393.0 378.0 400.0 396.0 413.0 377.0 364.0 488.0 382.0 393.0 402.0 392.0 354.0 386.0 389.0 389.0 378.0 387.0 401.0 369.0 373.0 353.0 363.0 433.0 383.0 416.0 393.0 390.0 395.0 400.0 384.0 391.0 390.0 430.0 366.0 381.0 394.0 360.0 448.0 392.0 414.0 392.0 371.0 401.0 402.0 384.0 366.0 377.0 394.0 427.0 413.0 379.0 391.0 373.0 378.0 392.0 392.0 386.0 369.0 393.0 390.0 365.0 393.0 403.0 411.0 411.0 403.0 382.0 425.0 383.0 355.0 358.0 397.0 400.0 385.0 396.0 371.0 333.0 391.0 424.0 372.0 371.0 381.0 379.0 387.0 382.0 463.0 383.0 398.0 383.0 391.0 433.0 374.0 359.0 374.0 392.0 388.0 376.0 378.0 404.0 386.0 369.0 346.0 402.0 365.0 375.0 381.0 389.0 380.0 394.0 516.0 386.0 377.0 371.0 381.0 376.0 369.0 393.0 527.0 559.0 378.0 382.0 466.0 330.0 344.0 388.0 377.0 372.0 361.0 365.0 364.0 470.0 385.0 355.0 435.0 364.0 366.0 345.0 357.0 407.0 389.0 393.0 400.0 398.0 367.0 381.0 398.0 403.0 354.0 351.0 390.0 391.0 382.0 381.0 396.0 371.0 390.0 380.0 400.0 413.0 383.0 430.0 407.0 393.0 381.0 368.0 544.0 389.0 344.0 374.0 400.0 420.0 428.0 400.0 351.0 378.0 379.0 381.0 398.0 388.0 413.0 340.0 371.0 378.0 391.0 403.0 403.0 379.0 389.0 396.0 388.0 454.0 383.0 399.0 385.0 362.0 367.0 379.0 390.0 390.0 382.0 357.0 330.0 395.0 400.0 397.0 385.0 402.0 412.0 395.2682926829268 38.23850169802473
17 148.0 148.0 148.0 143.0 140.0 140.0 152.0 150.0 140.0 140.0 140.0 140.0 142.0 146.0 152.0 152.0 152.0 152.0 136.0 150.0 150.0 150.0 150.0 147.0 130.0 174.0 157.0 142.0 147.0 148.0 148.0 148.0 148.0 165.0 140.0 140.0 146.0 143.0 145.0 191.0 158.0 155.0 144.0 144.0 147.0 147.0 207.0 207.0 131.0 142.0 140.0 134.0 141.0 168.0 130.0 152.0 142.0 142.0 142.0 159.0 143.0 143.0 143.0 148.0 150.0 142.0 147.0 147.0 144.0 146.0 146.0 151.0 141.0 154.0 158.0 152.0 138.0 149.0 138.0 145.0 148.0 146.0 142.0 134.0 134.0 134.0 145.0 129.0 152.0 151.0 141.0 147.0 145.0 147.0 137.0 144.0 134.0 134.0 137.0 134.0 141.0 138.0 146.0 144.0 131.0 139.0 145.0 144.0 139.0 147.0 143.0 133.0 145.0 139.0 132.0 200.0 158.0 138.0 144.0 144.0 145.0 138.0 138.0 139.0 143.0 145.0 142.0 124.0 146.0 143.0 137.0 140.0 138.0 137.0 142.0 134.0 144.0 155.0 151.0 138.0 140.0 148.0 146.0 140.0 151.0 143.0 144.0 130.0 129.0 145.0 140.0 148.0 143.0 140.0 129.0 144.0 146.0 141.0 139.0 138.0 143.0 141.0 143.0 143.0 137.0 144.0 139.0 144.0 147.0 140.0 124.0 136.0 145.0 134.0 138.0 136.0 155.0 141.0 138.0 127.0 143.0 137.0 139.0 138.0 143.0 140.0 144.0 144.0 139.0 199.0 131.0 146.0 133.0 140.0 145.0 140.0 247.0 138.0 139.0 143.0 126.0 124.0 140.0 140.0 167.0 143.0 126.0 130.0 154.0 139.0 137.0 137.0 135.0 128.0 135.0 127.0 143.0 139.0 151.0 144.0 147.0 141.0 140.0 144.0 144.0 148.0 130.0 147.0 145.0 146.0 133.0 140.0 136.0 144.0 140.0 144.0 147.0 147.0 147.0 154.0 155.0 149.0 147.0 144.0 144.0 132.0 136.0 148.0 149.0 141.0 141.0 137.0 133.0 133.0 141.0 143.0 156.0 152.0 126.0 139.0 139.0 150.0 144.0 149.0 149.0 154.0 145.0 142.0 144.0 130.0 147.0 147.0 138.0 133.0 132.0 147.0 147.0 145.0 145.0 134.0 134.0 142.0 144.0 147.0 142.0 143.0 160.0 144.02787456445992 12.289596629949584
18 516.0 509.0 502.0 497.0 497.0 513.0 506.0 490.0 491.0 491.0 516.0 486.0 505.0 508.0 503.0 520.0 539.0 485.0 512.0 515.0 516.0 730.0 652.0 569.0 527.0 517.0 524.0 527.0 518.0 518.0 501.0 526.0 503.0 492.0 509.0 506.0 506.0 493.0 498.0 518.0 517.0 511.0 505.0 507.0 530.0 515.0 517.0 473.0 464.0 512.0 490.0 518.0 521.0 485.0 526.0 521.0 499.0 500.0 503.0 483.0 485.0 522.0 539.0 511.0 518.0 510.0 501.0 517.0 500.0 515.0 525.0 480.0 500.0 530.0 511.0 512.0 516.0 503.0 523.0 509.0 497.0 499.0 475.0 471.0 498.0 509.0 475.0 454.0 466.0 525.0 497.0 502.0 502.0 485.0 483.0 481.0 481.0 478.0 479.0 516.0 492.0 494.0 499.0 472.0 479.0 501.0 494.0 479.0 491.0 509.0 490.0 505.0 517.0 520.0 534.0 505.0 489.0 511.0 511.0 497.0 497.0 477.0 475.0 498.0 488.0 486.0 500.0 491.0 491.0 487.0 490.0 495.0 492.0 492.0 481.0 489.0 502.0 489.0 480.0 503.0 511.0 502.0 518.0 502.0 508.0 502.0 476.0 458.0 473.0 488.0 505.0 502.0 494.0 439.0 472.0 494.0 487.0 487.0 480.0 489.0 500.0 486.0 503.0 485.0 493.0 491.0 495.0 499.0 496.0 485.0 487.0 500.0 488.0 492.0 487.0 494.0 478.0 461.0 456.0 451.0 484.0 482.0 508.0 512.0 508.0 480.0 504.0 492.0 485.0 487.0 490.0 479.0 482.0 482.0 626.0 676.0 602.0 487.0 472.0 439.0 432.0 508.0 502.0 522.0 456.0 447.0 485.0 453.0 487.0 489.0 483.0 479.0 486.0 466.0 458.0 482.0 474.0 505.0 519.0 503.0 482.0 482.0 502.0 514.0 464.0 455.0 490.0 510.0 501.0 485.0 486.0 488.0 501.0 494.0 503.0 516.0 516.0 568.0 535.0 508.0 491.0 489.0 505.0 496.0 474.0 468.0 513.0 435.0 446.0 473.0 479.0 474.0 527.0 509.0 496.0 504.0 514.0 475.0 487.0 480.0 496.0 481.0 519.0 505.0 505.0 517.0 511.0 487.0 474.0 498.0 534.0 500.0 474.0 472.0 506.0 502.0 496.0 487.0 450.0 513.0 510.0 513.0 494.0 498.0 503.0 507.0 509.0 498.8257839721254 29.570071407963322
19 289.0 279.0 279.0 279.0 287.0 275.0 268.0 268.0 268.0 253.0 265.0 284.0 275.0 286.0 288.0 260.0 270.0 287.0 284.0 260.0 260.0 278.0 269.0 293.0 289.0 294.0 289.0 286.0 286.0 274.0 285.0 294.0 304.0 335.0 282.0 278.0 272.0 270.0 285.0 286.0 277.0 284.0 259.0 277.0 281.0 274.0 266.0 276.0 281.0 276.0 289.0 279.0 270.0 296.0 270.0 277.0 276.0 278.0 271.0 275.0 284.0 278.0 283.0 286.0 281.0 279.0 272.0 276.0 288.0 279.0 292.0 284.0 292.0 289.0 280.0 294.0 270.0 294.0 277.0 275.0 274.0 262.0 258.0 277.0 283.0 249.0 252.0 257.0 287.0 284.0 281.0 279.0 273.0 279.0 263.0 266.0 268.0 265.0 276.0 273.0 276.0 281.0 264.0 277.0 285.0 284.0 274.0 278.0 280.0 269.0 278.0 285.0 260.0 281.0 276.0 281.0 308.0 284.0 279.0 290.0 275.0 260.0 273.0 272.0 293.0 258.0 275.0 269.0 265.0 270.0 274.0 271.0 285.0 266.0 278.0 274.0 256.0 275.0 284.0 281.0 280.0 284.0 276.0 279.0 272.0 260.0 256.0 265.0 274.0 279.0 271.0 270.0 247.0 277.0 272.0 276.0 267.0 259.0 276.0 275.0 262.0 269.0 270.0 278.0 269.0 274.0 272.0 271.0 270.0 274.0 276.0 267.0 259.0 255.0 272.0 268.0 245.0 246.0 269.0 268.0 274.0 285.0 281.0 279.0 279.0 266.0 270.0 268.0 261.0 272.0 265.0 266.0 271.0 317.0 339.0 270.0 270.0 256.0 276.0 244.0 282.0 280.0 269.0 251.0 248.0 268.0 265.0 273.0 273.0 265.0 265.0 252.0 252.0 263.0 264.0 273.0 261.0 282.0 278.0 268.0 256.0 280.0 285.0 254.0 254.0 285.0 287.0 280.0 272.0 272.0 267.0 273.0 275.0 278.0 280.0 286.0 316.0 284.0 271.0 267.0 269.0 280.0 273.0 262.0 243.0 286.0 238.0 252.0 270.0 258.0 270.0 295.0 271.0 274.0 278.0 271.0 271.0 269.0 263.0 274.0 286.0 287.0 275.0 278.0 277.0 283.0 273.0 271.0 284.0 232.0 274.0 261.0 247.0 280.0 280.0 266.0 273.0 267.0 283.0 282.0 274.0 265.0 278.0 273.0 281.0 275.0 278.0 274.25087108013935 12.804328551632327
20 391.0 387.0 403.0 397.0 385.0 379.0 369.0 369.0 393.0 376.0 394.0 386.0 400.0 401.0 369.0 386.0 398.0 373.0 363.0 363.0 363.0 393.0 404.0 396.0 388.0 404.0 407.0 407.0 419.0 477.0 427.0 403.0 451.0 590.0 386.0 371.0 396.0 401.0 396.0 387.0 397.0 374.0 405.0 396.0 378.0 373.0 380.0 397.0 388.0 399.0 382.0 386.0 409.0 387.0 394.0 385.0 383.0 369.0 387.0 385.0 399.0 398.0 397.0 393.0 389.0 385.0 386.0 401.0 384.0 397.0 389.0 410.0 396.0 392.0 396.0 393.0 404.0 382.0 385.0 378.0 364.0 360.0 376.0 395.0 357.0 362.0 364.0 383.0 391.0 387.0 387.0 377.0 376.0 366.0 373.0 395.0 368.0 382.0 378.0 387.0 378.0 374.0 388.0 383.0 381.0 377.0 386.0 390.0 376.0 382.0 393.0 380.0 382.0 378.0 381.0 386.0 392.0 378.0 381.0 377.0 380.0 377.0 382.0 410.0 351.0 380.0 384.0 374.0 382.0 381.0 372.0 376.0 375.0 381.0 376.0 369.0 373.0 393.0 390.0 400.0 389.0 386.0 382.0 389.0 361.0 377.0 373.0 375.0 383.0 376.0 377.0 340.0 363.0 379.0 378.0 372.0 373.0 379.0 379.0 375.0 376.0 373.0 384.0 375.0 381.0 372.0 365.0 371.0 381.0 380.0 375.0 364.0 367.0 378.0 366.0 346.0 343.0 353.0 371.0 385.0 398.0 384.0 377.0 379.0 377.0 365.0 376.0 366.0 370.0 377.0 372.0 380.0 502.0 502.0 376.0 373.0 366.0 380.0 378.0 390.0 379.0 370.0 352.0 343.0 376.0 372.0 379.0 377.0 365.0 373.0 363.0 357.0 344.0 356.0 376.0 359.0 384.0 389.0 364.0 363.0 384.0 399.0 358.0 351.0 393.0 392.0 388.0 381.0 376.0 359.0 380.0 387.0 388.0 378.0 412.0 433.0 392.0 381.0 376.0 370.0 359.0 384.0 363.0 356.0 398.0 365.0 342.0 374.0 367.0 376.0 420.0 380.0 387.0 387.0 394.0 378.0 366.0 369.0 387.0 402.0 392.0 381.0 383.0 383.0 391.0 381.0 384.0 395.0 387.0 335.0 364.0 366.0 381.0 387.0 357.0 376.0 376.0 404.0 392.0 384.0 389.0 386.0 389.0 391.0 384.0 393.0 402.0 383.06271777003485 22.555515899287357
21 6.0 6.0 6.0 6.0 6.0 6.0 6.0 6.0 5.0 6.0 6.0 6.0 6.0 6.0 6.0 6.0 6.0 5.0 5.0 5.0 5.0 5.0 5.0 5.0 5.0 5.0 5.0 5.0 5.0 5.0 5.0 6.0 6.0 6.0 6.0 6.0 6.0 6.0 6.0 6.0 6.0 6.0 6.0 6.0 6.0 6.0 6.0 6.0 6.0 6.0 6.0 6.0 6.0 6.0 6.0 6.0 6.0 6.0 6.0 6.0 6.0 6.0 6.0 6.0 6.0 6.0 6.0 6.0 6.0 6.0 6.0 6.0 6.0 6.0 6.0 6.0 6.0 6.0 6.0 6.0 5.0 5.0 5.0 5.0 6.0 6.0 6.0 6.0 6.0 6.0 7.0 7.0 5.0 5.0 5.0 6.0 6.0 6.0 6.0 6.0 6.0 6.0 6.0 5.0 5.0 6.0 6.0 6.0 6.0 6.0 6.0 6.0 5.0 5.0 5.0 5.0 5.0 5.0 5.0 6.0 5.0 5.0 5.0 5.0 5.0 5.0 5.0 5.0 5.0 5.0 5.0 6.0 5.0 5.0 5.0 5.0 5.0 5.0 5.0 6.0 6.0 6.0 6.0 6.0 5.0 6.0 6.0 6.0 6.0 6.0 6.0 5.0 5.0 5.0 5.0 6.0 6.0 6.0 6.0 6.0 6.0 6.0 6.0 6.0 6.0 6.0 5.0 5.0 5.0 5.0 5.0 5.0 5.0 6.0 5.0 5.0 5.0 5.0 6.0 6.0 6.0 6.0 5.0 5.0 5.0 5.0 5.0 6.0 6.0 6.0 6.0 6.0 6.0 6.0 6.0 6.0 6.0 6.0 6.0 5.0 5.0 5.0 5.0 6.0 6.0 6.0 6.0 6.0 6.0 6.0 6.0 6.0 6.0 5.0 5.0 5.0 5.0 5.0 5.0 5.0 6.0 6.0 5.0 5.0 5.0 5.0 5.0 6.0 6.0 6.0 6.0 6.0 6.0 6.0 6.0 6.0 6.0 6.0 5.0 5.0 5.0 6.0 5.0 6.0 6.0 6.0 6.0 6.0 5.0 5.0 5.0 5.0 6.0 6.0 6.0 6.0 6.0 6.0 6.0 6.0 6.0 6.0 6.0 6.0 6.0 5.0 5.0 5.0 5.0 5.0 5.0 5.0 5.0 5.0 5.0 5.0 5.0 5.0 6.0 5.0 5.0 6.0 6.0 6.0 6.0 6.0 6.0 5.627177700348432 0.49862753570288015
22 196.0 196.0 203.0 192.0 188.0 188.0 188.0 188.0 194.0 198.0 197.0 204.0 198.0 198.0 206.0 202.0 200.0 187.0 187.0 196.0 199.0 206.0 204.0 202.0 204.0 204.0 204.0 212.0 258.0 184.0 191.0 201.0 201.0 194.0 194.0 189.0 205.0 197.0 195.0 198.0 187.0 199.0 214.0 192.0 191.0 185.0 200.0 193.0 205.0 202.0 196.0 213.0 192.0 195.0 200.0 193.0 200.0 203.0 196.0 192.0 199.0 216.0 196.0 195.0 194.0 208.0 202.0 202.0 196.0 202.0 216.0 207.0 202.0 200.0 218.0 209.0 201.0 190.0 192.0 190.0 188.0 210.0 201.0 190.0 188.0 188.0 194.0 203.0 199.0 195.0 196.0 187.0 194.0 197.0 207.0 208.0 192.0 197.0 202.0 193.0 196.0 198.0 194.0 192.0 200.0 193.0 200.0 196.0 213.0 197.0 208.0 196.0 191.0 193.0 199.0 203.0 188.0 199.0 193.0 192.0 193.0 192.0 189.0 210.0 196.0 192.0 192.0 189.0 194.0 190.0 194.0 207.0 198.0 195.0 185.0 192.0 197.0 198.0 198.0 201.0 195.0 202.0 206.0 180.0 180.0 192.0 197.0 197.0 189.0 204.0 176.0 182.0 207.0 193.0 184.0 186.0 197.0 191.0 188.0 187.0 190.0 194.0 195.0 191.0 197.0 189.0 191.0 196.0 194.0 190.0 189.0 192.0 194.0 193.0 176.0 181.0 183.0 188.0 204.0 203.0 201.0 206.0 196.0 192.0 197.0 194.0 187.0 185.0 194.0 172.0 185.0 195.0 246.0 195.0 186.0 186.0 187.0 193.0 201.0 193.0 191.0 193.0 176.0 188.0 185.0 188.0 192.0 190.0 183.0 191.0 181.0 183.0 178.0 196.0 179.0 204.0 198.0 197.0 181.0 196.0 203.0 182.0 180.0 214.0 199.0 194.0 188.0 196.0 182.0 182.0 195.0 195.0 189.0 202.0 224.0 203.0 204.0 230.0 195.0 195.0 207.0 191.0 182.0 204.0 190.0 194.0 188.0 196.0 192.0 228.0 188.0 194.0 195.0 195.0 195.0 182.0 188.0 193.0 204.0 203.0 197.0 197.0 193.0 197.0 192.0 215.0 198.0 160.0 192.0 194.0 176.0 198.0 198.0 187.0 184.0 192.0 203.0 196.0 197.0 187.0 195.0 191.0 206.0 197.0 202.0 213.0 198.0 195.62020905923345 10.003426473708029
23 120.0 126.0 126.0 119.0 117.0 112.0 136.0 116.0 119.0 118.0 118.0 118.0 118.0 115.0 121.0 124.0 124.0 124.0 124.0 149.0 129.0 129.0 117.0 124.0 124.0 124.0 203.0 154.0 154.0 114.0 114.0 114.0 114.0 121.0 118.0 120.0 117.0 120.0 408.0 122.0 245.0 245.0 128.0 120.0 116.0 122.0 122.0 120.0 120.0 120.0 126.0 126.0 126.0 129.0 126.0 125.0 125.0 125.0 125.0 130.0 125.0 128.0 122.0 119.0 124.0 128.0 128.0 129.0 123.0 139.0 173.0 115.0 120.0 121.0 119.0 123.0 115.0 121.0 113.0 117.0 119.0 118.0 128.0 120.0 113.0 122.0 112.0 131.0 127.0 123.0 118.0 117.0 117.0 121.0 116.0 127.0 117.0 122.0 121.0 119.0 122.0 122.0 118.0 120.0 121.0 117.0 115.0 122.0 119.0 125.0 112.0 130.0 118.0 118.0 123.0 120.0 119.0 114.0 119.0 126.0 121.0 116.0 172.0 119.0 119.0 119.0 115.0 117.0 122.0 122.0 118.0 122.0 118.0 113.0 117.0 110.0 123.0 128.0 120.0 120.0 121.0 121.0 116.0 115.0 116.0 118.0 127.0 121.0 120.0 122.0 103.0 118.0 117.0 116.0 121.0 120.0 118.0 127.0 115.0 120.0 119.0 119.0 123.0 122.0 129.0 118.0 126.0 118.0 121.0 115.0 110.0 120.0 116.0 110.0 112.0 106.0 106.0 117.0 135.0 116.0 123.0 119.0 120.0 104.0 111.0 116.0 116.0 118.0 113.0 121.0 118.0 159.0 116.0 118.0 112.0 124.0 127.0 119.0 124.0 116.0 126.0 119.0 106.0 116.0 117.0 112.0 112.0 115.0 116.0 117.0 109.0 116.0 113.0 118.0 104.0 124.0 120.0 109.0 114.0 121.0 125.0 110.0 120.0 122.0 120.0 112.0 118.0 118.0 120.0 119.0 121.0 117.0 117.0 136.0 149.0 120.0 122.0 118.0 111.0 111.0 111.0 117.0 124.0 124.0 186.0 186.0 122.0 119.0 149.0 112.0 117.0 118.0 122.0 120.0 123.0 118.0 120.0 120.0 125.0 125.0 124.0 122.0 122.0 121.0 108.0 108.0 108.0 113.0 143.0 275.0 121.0 121.0 132.0 118.0 118.0 118.0 122.0 122.0 121.0 120.0 120.0 117.0 124.0 116.0 128.0 120.0 120.0 123.8327526132404 24.40250847800293
24 298.0 330.0 225.0 223.0 358.0 230.0 263.0 242.0 244.0 250.0 235.0 244.0 217.0 234.0 236.0 241.0 289.0 289.0 230.0 612.0 245.0 465.0 224.0 256.0 256.0 256.0 260.0 277.0 215.0 222.0 232.0 269.0 235.0 219.0 233.0 226.0 240.0 299.0 254.0 262.0 246.0 228.0 228.0 223.0 221.0 233.0 226.0 236.0 236.0 230.0 235.0 275.0 232.0 275.0 279.0 219.0 293.0 293.0 246.0 232.0 704.0 276.0 219.0 307.0 236.0 220.0 230.0 238.0 235.0 242.0 263.0 233.0 231.0 231.0 240.0 228.0 225.0 229.0 226.0 212.0 221.0 253.0 288.0 223.0 222.0 236.0 198.0 346.0 253.0 221.0 225.0 214.0 249.0 216.0 239.0 215.0 200.0 238.0 219.0 212.0 203.0 218.0 236.0 239.0 227.0 222.0 223.0 225.0 228.0 209.0 234.0 229.0 237.0 229.0 208.0 231.0 224.0 217.0 237.0 247.0 235.0 232.0 286.0 234.0 228.0 219.0 226.0 238.0 227.0 238.0 226.0 229.0 238.0 213.0 218.0 223.0 239.0 225.0 243.0 229.0 224.0 237.0 246.0 215.0 228.0 226.0 218.0 233.0 254.0 217.0 213.0 236.0 246.0 224.0 227.0 238.0 229.0 236.0 221.0 231.0 279.0 251.0 248.0 223.0 230.0 216.0 235.0 231.0 213.0 220.0 223.0 231.0 230.0 218.0 216.0 201.0 246.0 233.0 220.0 218.0 235.0 254.0 223.0 200.0 223.0 216.0 224.0 218.0 235.0 228.0 319.0 245.0 222.0 221.0 230.0 233.0 250.0 240.0 288.0 225.0 233.0 217.0 217.0 236.0 208.0 201.0 218.0 228.0 216.0 226.0 214.0 209.0 221.0 221.0 248.0 229.0 234.0 218.0 227.0 226.0 220.0 211.0 231.0 228.0 228.0 224.0 226.0 204.0 220.0 230.0 230.0 229.0 303.0 258.0 221.0 231.0 237.0 304.0 304.0 237.0 208.0 234.0 219.0 225.0 238.0 234.0 214.0 230.0 254.0 217.0 224.0 256.0 223.0 228.0 228.0 218.0 227.0 269.0 237.0 256.0 228.0 238.0 230.0 230.0 353.0 254.0 229.0 209.0 444.0 230.0 240.0 227.0 236.0 232.0 230.0 251.0 235.0 246.0 246.0 227.0 223.0 220.0 240.0 265.0 265.0 235.0 222.0 240.62717770034843 46.43557489073809
25 52.0 52.0 52.0 47.0 57.0 51.0 51.0 50.0 50.0 66.0 66.0 52.0 52.0 52.0 52.0 74.0 74.0 74.0 74.0 53.0 111.0 48.0 48.0 48.0 48.0 48.0 60.0 60.0 48.0 48.0 55.0 55.0 50.0 46.0 48.0 63.0 63.0 63.0 65.0 52.0 52.0 52.0 65.0 49.0 49.0 49.0 50.0 50.0 52.0 51.0 92.0 51.0 50.0 49.0 49.0 52.0 47.0 47.0 57.0 50.0 50.0 50.0 57.0 48.0 50.0 65.0 64.0 51.0 52.0 53.0 77.0 61.0 61.0 76.0 50.0 57.0 48.0 50.0 54.0 47.0 49.0 49.0 54.0 47.0 54.0 50.0 43.0 46.0 59.0 49.0 52.0 48.0 45.0 58.0 47.0 42.0 47.0 50.0 58.0 42.0 42.0 50.0 51.0 63.0 53.0 87.0 46.0 52.0 59.0 53.0 62.0 62.0 66.0 66.0 72.0 66.0 68.0 53.0 61.0 89.0 98.0 54.0 55.0 60.0 59.0 55.0 55.0 55.0 57.0 57.0 58.0 64.0 60.0 61.0 56.0 59.0 68.0 55.0 60.0 59.0 59.0 73.0 67.0 59.0 61.0 61.0 53.0 60.0 59.0 58.0 58.0 56.0 59.0 59.0 62.0 60.0 63.0 57.0 61.0 62.0 62.0 185.0 59.0 59.0 58.0 106.0 66.0 61.0 55.0 61.0 56.0 65.0 57.0 56.0 54.0 56.0 55.0 62.0 65.0 61.0 61.0 51.0 49.0 57.0 54.0 50.0 56.0 53.0 51.0 50.0 49.0 50.0 51.0 48.0 59.0 50.0 53.0 47.0 48.0 49.0 47.0 47.0 52.0 49.0 46.0 65.0 49.0 53.0 45.0 46.0 50.0 48.0 49.0 50.0 59.0 51.0 53.0 48.0 50.0 50.0 49.0 51.0 49.0 72.0 58.0 55.0 49.0 49.0 49.0 54.0 51.0 52.0 69.0 52.0 51.0 47.0 46.0 64.0 64.0 64.0 53.0 56.0 45.0 55.0 52.0 51.0 53.0 53.0 52.0 48.0 51.0 54.0 49.0 52.0 49.0 46.0 58.0 55.0 60.0 62.0 49.0 61.0 48.0 47.0 5105.0 5105.0 52.0 47.0 58.0 50.0 50.0 50.0 50.0 50.0 50.0 60.0 52.0 52.0 50.0 55.0 55.0 47.0 57.0 57.0 71.0 50.0 52.0 91.16724738675963 420.9154607250269
26 131.0 143.0 122.0 118.0 118.0 131.0 115.0 122.0 132.0 124.0 124.0 124.0 124.0 124.0 124.0 124.0 124.0 124.0 124.0 125.0 125.0 115.0 115.0 115.0 115.0 134.0 120.0 120.0 116.0 116.0 128.0 128.0 123.0 117.0 121.0 121.0 118.0 127.0 124.0 144.0 144.0 128.0 113.0 121.0 122.0 116.0 125.0 125.0 123.0 160.0 141.0 134.0 120.0 117.0 121.0 120.0 114.0 114.0 124.0 106.0 118.0 127.0 114.0 117.0 145.0 124.0 130.0 122.0 114.0 122.0 119.0 118.0 127.0 121.0 123.0 114.0 121.0 113.0 116.0 113.0 120.0 116.0 119.0 110.0 123.0 112.0 122.0 124.0 115.0 114.0 114.0 119.0 117.0 118.0 119.0 100.0 125.0 111.0 123.0 107.0 114.0 119.0 120.0 136.0 122.0 124.0 120.0 125.0 125.0 118.0 125.0 131.0 132.0 124.0 119.0 123.0 124.0 119.0 147.0 110.0 106.0 122.0 131.0 128.0 115.0 119.0 120.0 126.0 123.0 125.0 120.0 116.0 114.0 121.0 108.0 135.0 131.0 123.0 120.0 124.0 124.0 122.0 116.0 121.0 123.0 120.0 119.0 127.0 123.0 129.0 124.0 111.0 123.0 135.0 124.0 116.0 124.0 126.0 115.0 123.0 114.0 125.0 124.0 124.0 122.0 118.0 121.0 111.0 111.0 119.0 118.0 119.0 120.0 115.0 109.0 126.0 126.0 119.0 125.0 125.0 119.0 118.0 104.0 112.0 112.0 110.0 123.0 121.0 117.0 117.0 132.0 120.0 119.0 114.0 118.0 118.0 112.0 102.0 105.0 112.0 113.0 118.0 120.0 108.0 126.0 119.0 117.0 115.0 128.0 117.0 118.0 108.0 115.0 117.0 124.0 122.0 109.0 118.0 110.0 114.0 118.0 117.0 116.0 119.0 121.0 111.0 109.0 115.0 113.0 123.0 118.0 123.0 108.0 121.0 120.0 115.0 116.0 125.0 110.0 110.0 118.0 118.0 115.0 114.0 123.0 121.0 103.0 103.0 123.0 119.0 123.0 127.0 117.0 124.0 116.0 126.0 124.0 123.0 119.0 124.0 118.0 122.0 115.0 108.0 109.0 114.0 118.0 118.0 118.0 119.0 119.0 131.0 131.0 131.0 131.0 120.0 123.0 143.0 118.0 118.0 115.0 124.0 123.0 123.0 166.0 119.0 116.0 120.45993031358884 8.091109080278981
27 240.0 224.0 197.0 198.0 227.0 210.0 194.0 229.0 220.0 210.0 210.0 210.0 210.0 208.0 206.0 201.0 201.0 201.0 207.0 207.0 191.0 193.0 193.0 193.0 193.0 218.0 218.0 200.0 201.0 198.0 219.0 204.0 188.0 191.0 204.0 202.0 202.0 231.0 199.0 208.0 208.0 208.0 209.0 206.0 206.0 208.0 202.0 202.0 222.0 361.0 361.0 198.0 199.0 203.0 198.0 197.0 197.0 226.0 211.0 207.0 208.0 214.0 193.0 212.0 222.0 209.0 208.0 197.0 230.0 200.0 200.0 208.0 208.0 207.0 210.0 199.0 186.0 198.0 178.0 199.0 198.0 204.0 184.0 194.0 208.0 178.0 221.0 201.0 201.0 185.0 195.0 191.0 196.0 190.0 183.0 180.0 191.0 185.0 188.0 198.0 191.0 193.0 202.0 194.0 183.0 204.0 195.0 193.0 188.0 193.0 206.0 207.0 207.0 198.0 195.0 200.0 186.0 181.0 258.0 205.0 193.0 201.0 201.0 200.0 193.0 200.0 196.0 212.0 198.0 200.0 191.0 205.0 202.0 178.0 224.0 224.0 194.0 200.0 202.0 199.0 195.0 199.0 190.0 207.0 197.0 183.0 193.0 221.0 177.0 196.0 196.0 195.0 200.0 204.0 184.0 192.0 205.0 183.0 192.0 220.0 216.0 228.0 208.0 202.0 204.0 186.0 196.0 190.0 189.0 199.0 194.0 195.0 200.0 183.0 193.0 193.0 206.0 203.0 204.0 203.0 196.0 186.0 175.0 183.0 186.0 197.0 201.0 200.0 194.0 240.0 201.0 191.0 195.0 199.0 195.0 185.0 212.0 180.0 187.0 191.0 176.0 184.0 192.0 195.0 206.0 196.0 195.0 188.0 195.0 195.0 191.0 184.0 198.0 195.0 201.0 201.0 180.0 195.0 200.0 194.0 201.0 212.0 206.0 196.0 181.0 193.0 185.0 195.0 203.0 197.0 201.0 191.0 208.0 198.0 199.0 190.0 196.0 196.0 196.0 198.0 201.0 195.0 196.0 208.0 200.0 186.0 167.0 207.0 199.0 210.0 215.0 201.0 205.0 200.0 199.0 204.0 209.0 205.0 206.0 200.0 201.0 203.0 180.0 184.0 184.0 221.0 190.0 190.0 201.0 246.0 202.0 664.0 664.0 198.0 201.0 209.0 204.0 198.0 200.0 198.0 197.0 206.0 207.0 308.0 267.0 192.0 198.0 204.801393728223 43.12454233840499
28 614.0 642.0 646.0 582.0 567.0 574.0 686.0 832.0 999.0 991.0 746.0 635.0 620.0 619.0 602.0 632.0 676.0 656.0 644.0 609.0 622.0 622.0 622.0 648.0 663.0 615.0 626.0 632.0 637.0 633.0 622.0 626.0 610.0 616.0 629.0 631.0 643.0 650.0 708.0 664.0 614.0 627.0 646.0 678.0 635.0 675.0 667.0 660.0 633.0 633.0 627.0 648.0 593.0 641.0 678.0 625.0 638.0 613.0 599.0 636.0 624.0 626.0 666.0 675.0 626.0 603.0 598.0 606.0 630.0 626.0 628.0 626.0 634.0 632.0 621.0 604.0 578.0 579.0 626.0 631.0 625.0 593.0 609.0 627.0 661.0 632.0 634.0 575.0 575.0 599.0 600.0 600.0 610.0 566.0 566.0 616.0 579.0 614.0 597.0 607.0 603.0 613.0 598.0 579.0 600.0 591.0 591.0 610.0 618.0 646.0 640.0 655.0 637.0 642.0 649.0 601.0 679.0 656.0 707.0 883.0 582.0 565.0 588.0 629.0 620.0 598.0 597.0 610.0 625.0 619.0 639.0 597.0 578.0 595.0 632.0 642.0 629.0 641.0 613.0 616.0 609.0 593.0 619.0 615.0 597.0 622.0 578.0 557.0 569.0 595.0 587.0 643.0 582.0 576.0 572.0 608.0 603.0 557.0 560.0 588.0 615.0 586.0 569.0 592.0 582.0 562.0 585.0 605.0 529.0 552.0 618.0 590.0 573.0 572.0 571.0 613.0 613.0 646.0 618.0 623.0 612.0 623.0 595.0 601.0 610.0 559.0 602.0 691.0 807.0 823.0 643.0 606.0 593.0 565.0 568.0 578.0 563.0 556.0 602.0 587.0 591.0 621.0 605.0 624.0 614.0 598.0 591.0 593.0 570.0 610.0 622.0 599.0 556.0 575.0 555.0 576.0 617.0 631.0 613.0 606.0 608.0 623.0 609.0 588.0 592.0 595.0 624.0 611.0 621.0 638.0 589.0 613.0 623.0 607.0 599.0 622.0 663.0 596.0 587.0 615.0 625.0 607.0 623.0 634.0 587.0 592.0 610.0 621.0 623.0 618.0 634.0 643.0 617.0 617.0 634.0 651.0 647.0 636.0 640.0 660.0 628.0 583.0 593.0 608.0 601.0 603.0 633.0 618.0 589.0 615.0 638.0 592.0 651.0 633.0 644.0 618.0 617.0 632.0 623.0 633.0 651.0 653.0 623.0 755.0 627.0 619.0 629.0 621.0452961672474 51.08933664382113
29 16.0 16.0 16.0 14.0 13.0 13.0 13.0 13.0 13.0 13.0 13.0 13.0 13.0 13.0 13.0 13.0 17.0 17.0 17.0 17.0 17.0 17.0 17.0 17.0 17.0 17.0 17.0 16.0 16.0 16.0 16.0 17.0 17.0 17.0 17.0 17.0 17.0 17.0 17.0 17.0 17.0 17.0 17.0 17.0 17.0 17.0 17.0 17.0 17.0 17.0 17.0 17.0 13.0 13.0 19.0 19.0 14.0 14.0 16.0 16.0 16.0 16.0 16.0 16.0 15.0 15.0 15.0 15.0 15.0 15.0 15.0 15.0 15.0 15.0 14.0 14.0 14.0 14.0 17.0 16.0 14.0 14.0 14.0 17.0 17.0 17.0 17.0 14.0 14.0 14.0 14.0 14.0 14.0 14.0 15.0 15.0 14.0 14.0 14.0 16.0 16.0 16.0 14.0 16.0 16.0 18.0 16.0 15.0 17.0 17.0 17.0 17.0 17.0 16.0 16.0 15.0 15.0 13.0 13.0 13.0 14.0 18.0 18.0 15.0 16.0 14.0 14.0 15.0 15.0 15.0 15.0 14.0 14.0 14.0 14.0 14.0 15.0 15.0 14.0 14.0 14.0 15.0 15.0 15.0 15.0 15.0 14.0 13.0 15.0 15.0 15.0 15.0 14.0 14.0 16.0 16.0 17.0 14.0 16.0 16.0 15.0 13.0 13.0 13.0 16.0 14.0 16.0 16.0 13.0 13.0 13.0 15.0 15.0 13.0 13.0 13.0 17.0 16.0 16.0 16.0 14.0 15.0 16.0 16.0 15.0 15.0 17.0 33.0 16.0 15.0 15.0 14.0 14.0 13.0 13.0 14.0 14.0 15.0 15.0 15.0 15.0 15.0 15.0 15.0 14.0 14.0 14.0 14.0 14.0 16.0 16.0 13.0 13.0 16.0 16.0 14.0 14.0 14.0 16.0 16.0 16.0 16.0 16.0 16.0 13.0 13.0 13.0 13.0 16.0 16.0 15.0 15.0 15.0 15.0 14.0 14.0 14.0 15.0 15.0 16.0 16.0 16.0 16.0 16.0 15.0 15.0 15.0 15.0 15.0 15.0 17.0 17.0 14.0 14.0 14.0 14.0 16.0 16.0 16.0 16.0 16.0 16.0 16.0 15.0 15.0 15.0 15.0 15.0 15.0 15.0 15.0 15.0 16.0 16.0 16.0 16.0 16.0 16.0 16.0 16.0 16.0 21.0 21.0 21.0 21.0 21.0 21.0 15.372822299651569 1.8821093786141703
30 182.0 192.0 189.0 177.0 180.0 221.0 308.0 297.0 297.0 297.0 198.0 183.0 170.0 170.0 187.0 200.0 193.0 193.0 186.0 186.0 186.0 186.0 193.0 170.0 170.0 184.0 185.0 175.0 178.0 190.0 178.0 187.0 187.0 187.0 189.0 190.0 190.0 191.0 191.0 181.0 212.0 195.0 187.0 193.0 193.0 196.0 196.0 196.0 196.0 194.0 187.0 178.0 189.0 182.0 189.0 193.0 176.0 185.0 194.0 182.0 194.0 193.0 198.0 179.0 173.0 175.0 174.0 187.0 182.0 183.0 194.0 189.0 188.0 184.0 171.0 173.0 174.0 184.0 191.0 185.0 172.0 201.0 188.0 194.0 183.0 180.0 172.0 178.0 179.0 179.0 178.0 191.0 171.0 179.0 171.0 189.0 180.0 175.0 175.0 187.0 179.0 184.0 175.0 181.0 173.0 266.0 180.0 190.0 191.0 188.0 185.0 208.0 202.0 182.0 178.0 167.0 192.0 159.0 185.0 216.0 168.0 188.0 185.0 181.0 178.0 173.0 189.0 176.0 189.0 208.0 185.0 167.0 186.0 174.0 180.0 183.0 180.0 177.0 204.0 179.0 173.0 176.0 172.0 180.0 191.0 185.0 157.0 169.0 182.0 177.0 194.0 181.0 170.0 181.0 182.0 178.0 159.0 164.0 185.0 183.0 181.0 161.0 185.0 168.0 171.0 172.0 183.0 157.0 169.0 186.0 181.0 166.0 171.0 165.0 184.0 193.0 188.0 182.0 182.0 176.0 171.0 179.0 183.0 185.0 180.0 189.0 268.0 201.0 181.0 179.0 172.0 167.0 167.0 168.0 172.0 166.0 169.0 176.0 170.0 182.0 189.0 177.0 186.0 185.0 179.0 176.0 177.0 169.0 182.0 185.0 181.0 160.0 183.0 173.0 172.0 175.0 187.0 184.0 178.0 181.0 180.0 178.0 169.0 172.0 180.0 186.0 195.0 185.0 179.0 189.0 181.0 193.0 173.0 186.0 158.0 185.0 180.0 176.0 181.0 185.0 178.0 194.0 182.0 159.0 194.0 182.0 187.0 180.0 187.0 191.0 184.0 175.0 194.0 187.0 192.0 191.0 189.0 191.0 187.0 167.0 171.0 180.0 187.0 177.0 177.0 188.0 187.0 163.0 954.0 954.0 176.0 193.0 189.0 177.0 177.0 186.0 182.0 176.0 201.0 188.0 175.0 188.0 193.0 183.0 183.0 184.0 184.0 189.7909407665505 66.6870746968957
31 393.0 352.0 357.0 373.0 488.0 737.0 442.0 442.0 478.0 355.0 350.0 356.0 318.0 318.0 371.0 356.0 340.0 333.0 632.0 632.0 472.0 398.0 317.0 340.0 354.0 354.0 332.0 413.0 350.0 330.0 330.0 347.0 349.0 353.0 358.0 360.0 356.0 361.0 334.0 373.0 353.0 338.0 350.0 360.0 360.0 361.0 361.0 354.0 353.0 341.0 354.0 344.0 340.0 352.0 351.0 326.0 332.0 364.0 334.0 392.0 406.0 386.0 331.0 353.0 342.0 366.0 354.0 341.0 406.0 362.0 394.0 366.0 348.0 312.0 387.0 345.0 353.0 350.0 351.0 327.0 354.0 360.0 353.0 341.0 332.0 320.0 335.0 330.0 336.0 350.0 361.0 350.0 337.0 333.0 346.0 340.0 361.0 349.0 351.0 340.0 340.0 334.0 340.0 334.0 361.0 339.0 360.0 350.0 346.0 355.0 355.0 345.0 331.0 318.0 319.0 309.0 373.0 357.0 354.0 309.0 334.0 348.0 344.0 362.0 363.0 353.0 348.0 343.0 335.0 335.0 303.0 327.0 338.0 335.0 344.0 336.0 334.0 368.0 336.0 355.0 332.0 324.0 336.0 338.0 352.0 298.0 323.0 318.0 324.0 344.0 338.0 314.0 338.0 349.0 327.0 329.0 315.0 342.0 343.0 335.0 306.0 339.0 311.0 314.0 331.0 340.0 309.0 302.0 349.0 338.0 313.0 302.0 301.0 341.0 350.0 356.0 348.0 342.0 330.0 318.0 331.0 338.0 339.0 333.0 337.0 426.0 415.0 343.0 340.0 328.0 318.0 312.0 311.0 327.0 313.0 338.0 334.0 319.0 352.0 345.0 329.0 293.0 331.0 328.0 330.0 335.0 332.0 362.0 346.0 333.0 343.0 350.0 339.0 342.0 336.0 342.0 343.0 334.0 332.0 337.0 332.0 328.0 325.0 330.0 342.0 329.0 340.0 343.0 340.0 339.0 337.0 327.0 340.0 332.0 355.0 323.0 325.0 340.0 345.0 333.0 347.0 343.0 310.0 345.0 340.0 342.0 335.0 337.0 343.0 355.0 370.0 372.0 353.0 356.0 355.0 354.0 347.0 361.0 340.0 345.0 355.0 355.0 332.0 327.0 347.0 333.0 306.0 361.0 361.0 336.0 351.0 354.0 345.0 331.0 343.0 342.0 328.0 345.0 358.0 329.0 348.0 389.0 348.0 347.0 344.0 385.0 362.0 348.58885017421596 41.63475402088476
32 600.0 596.0 583.0 598.0 560.0 541.0 541.0 598.0 601.0 583.0 529.0 575.0 603.0 590.0 608.0 711.0 640.0 1016.0 786.0 654.0 584.0 522.0 582.0 573.0 562.0 552.0 573.0 596.0 563.0 555.0 575.0 576.0 586.0 591.0 586.0 586.0 606.0 612.0 604.0 564.0 599.0 584.0 592.0 811.0 573.0 568.0 560.0 679.0 587.0 556.0 553.0 555.0 571.0 561.0 534.0 576.0 566.0 574.0 598.0 612.0 574.0 542.0 539.0 605.0 564.0 570.0 562.0 573.0 601.0 615.0 577.0 593.0 537.0 556.0 562.0 586.0 554.0 603.0 610.0 605.0 592.0 575.0 566.0 562.0 541.0 547.0 545.0 550.0 569.0 576.0 568.0 546.0 555.0 562.0 565.0 565.0 551.0 574.0 577.0 586.0 540.0 563.0 608.0 595.0 599.0 587.0 573.0 601.0 586.0 569.0 555.0 532.0 526.0 540.0 660.0 641.0 646.0 544.0 517.0 570.0 566.0 572.0 586.0 577.0 567.0 559.0 564.0 553.0 549.0 509.0 527.0 555.0 554.0 550.0 566.0 553.0 561.0 540.0 533.0 541.0 563.0 563.0 571.0 522.0 515.0 520.0 524.0 530.0 579.0 515.0 511.0 547.0 543.0 550.0 539.0 556.0 571.0 553.0 528.0 523.0 540.0 538.0 523.0 540.0 517.0 500.0 510.0 545.0 536.0 515.0 506.0 567.0 556.0 543.0 521.0 551.0 557.0 530.0 531.0 548.0 559.0 552.0 557.0 561.0 717.0 671.0 556.0 557.0 539.0 523.0 505.0 525.0 518.0 525.0 562.0 547.0 533.0 562.0 558.0 551.0 547.0 549.0 541.0 545.0 552.0 517.0 535.0 565.0 563.0 570.0 579.0 523.0 529.0 562.0 570.0 566.0 559.0 550.0 572.0 558.0 528.0 545.0 566.0 565.0 557.0 543.0 531.0 560.0 559.0 543.0 542.0 527.0 555.0 556.0 518.0 533.0 587.0 578.0 571.0 570.0 564.0 525.0 543.0 560.0 566.0 594.0 605.0 590.0 622.0 611.0 635.0 589.0 586.0 582.0 580.0 583.0 584.0 526.0 572.0 581.0 552.0 547.0 560.0 566.0 535.0 519.0 562.0 560.0 564.0 579.0 583.0 556.0 561.0 564.0 569.0 575.0 572.0 577.0 710.0 646.0 637.0 577.0 579.0 611.0 556.0 556.0 537.0 568.5470383275261 46.65462729666624
33 197.0 223.0 433.0 190.0 226.0 188.0 204.0 207.0 197.0 181.0 181.0 209.0 206.0 203.0 218.0 218.0 218.0 237.0 212.0 180.0 185.0 185.0 196.0 189.0 188.0 232.0 196.0 189.0 189.0 195.0 200.0 199.0 200.0 201.0 201.0 192.0 192.0 191.0 207.0 193.0 193.0 193.0 193.0 193.0 230.0 250.0 463.0 341.0 184.0 186.0 197.0 199.0 182.0 182.0 199.0 190.0 198.0 229.0 198.0 205.0 178.0 188.0 251.0 198.0 192.0 197.0 198.0 204.0 200.0 190.0 170.0 247.0 200.0 198.0 199.0 196.0 193.0 200.0 208.0 206.0 207.0 184.0 184.0 186.0 192.0 187.0 202.0 199.0 216.0 184.0 192.0 191.0 189.0 199.0 196.0 195.0 249.0 200.0 194.0 191.0 186.0 194.0 183.0 198.0 201.0 190.0 204.0 198.0 194.0 186.0 180.0 180.0 180.0 183.0 175.0 198.0 179.0 176.0 193.0 191.0 192.0 199.0 198.0 196.0 192.0 193.0 188.0 196.0 174.0 191.0 188.0 182.0 191.0 190.0 186.0 195.0 182.0 181.0 182.0 188.0 201.0 191.0 186.0 175.0 200.0 182.0 188.0 206.0 192.0 193.0 193.0 188.0 187.0 193.0 199.0 196.0 190.0 191.0 177.0 195.0 181.0 183.0 190.0 194.0 171.0 206.0 186.0 188.0 166.0 176.0 199.0 188.0 187.0 176.0 189.0 206.0 186.0 183.0 187.0 195.0 185.0 196.0 194.0 211.0 199.0 193.0 189.0 183.0 176.0 172.0 179.0 182.0 183.0 191.0 180.0 194.0 192.0 191.0 176.0 192.0 188.0 189.0 183.0 191.0 202.0 194.0 196.0 193.0 180.0 194.0 182.0 192.0 195.0 196.0 201.0 191.0 181.0 202.0 184.0 186.0 190.0 192.0 222.0 223.0 216.0 193.0 190.0 191.0 196.0 190.0 183.0 177.0 196.0 175.0 178.0 198.0 192.0 181.0 197.0 185.0 175.0 188.0 195.0 193.0 180.0 185.0 199.0 212.0 205.0 202.0 204.0 199.0 200.0 198.0 197.0 172.0 193.0 197.0 200.0 188.0 189.0 200.0 196.0 176.0 197.0 199.0 195.0 192.0 198.0 199.0 191.0 207.0 202.0 191.0 196.0 207.0 251.0 195.0 238.0 193.0 189.0 199.0 197.0 197.0 197.0 191.0 193.0 196.57142857142858 26.400511604645327
34 144.0 255.0 255.0 138.0 140.0 139.0 146.0 152.0 133.0 133.0 133.0 150.0 139.0 143.0 130.0 130.0 130.0 151.0 148.0 127.0 127.0 142.0 140.0 133.0 140.0 140.0 143.0 144.0 162.0 145.0 141.0 143.0 142.0 143.0 143.0 140.0 140.0 145.0 137.0 137.0 137.0 137.0 137.0 279.0 157.0 157.0 157.0 143.0 130.0 140.0 140.0 136.0 132.0 141.0 143.0 135.0 154.0 157.0 137.0 137.0 134.0 131.0 138.0 139.0 133.0 137.0 145.0 142.0 141.0 124.0 122.0 125.0 143.0 134.0 137.0 130.0 136.0 146.0 146.0 151.0 133.0 132.0 135.0 135.0 137.0 168.0 146.0 172.0 139.0 134.0 129.0 141.0 137.0 137.0 135.0 133.0 134.0 141.0 140.0 136.0 125.0 131.0 133.0 144.0 138.0 151.0 138.0 141.0 136.0 133.0 131.0 126.0 174.0 188.0 141.0 138.0 129.0 141.0 139.0 136.0 140.0 143.0 142.0 138.0 138.0 140.0 140.0 123.0 130.0 137.0 135.0 136.0 135.0 135.0 137.0 137.0 130.0 129.0 133.0 139.0 142.0 140.0 123.0 140.0 134.0 127.0 144.0 143.0 138.0 126.0 137.0 134.0 135.0 139.0 136.0 139.0 133.0 126.0 139.0 129.0 131.0 138.0 136.0 132.0 128.0 134.0 135.0 123.0 128.0 143.0 138.0 133.0 125.0 130.0 141.0 130.0 133.0 135.0 136.0 137.0 140.0 136.0 139.0 138.0 137.0 137.0 142.0 129.0 129.0 131.0 138.0 126.0 137.0 138.0 129.0 135.0 138.0 129.0 133.0 138.0 132.0 137.0 138.0 133.0 142.0 137.0 142.0 138.0 127.0 133.0 133.0 140.0 141.0 139.0 140.0 130.0 137.0 144.0 129.0 133.0 137.0 161.0 146.0 135.0 137.0 138.0 136.0 137.0 137.0 134.0 129.0 135.0 162.0 125.0 139.0 137.0 133.0 138.0 134.0 133.0 124.0 135.0 138.0 139.0 144.0 136.0 150.0 153.0 139.0 141.0 147.0 144.0 138.0 141.0 116.0 121.0 125.0 141.0 139.0 133.0 145.0 140.0 140.0 132.0 132.0 132.0 140.0 142.0 141.0 135.0 135.0 139.0 138.0 140.0 145.0 125.0 137.0 173.0 157.0 132.0 138.0 140.0 140.0 140.0 140.0 132.0 140.0 139.22648083623693 15.397334110554473
35 6.0 6.0 5.0 5.0 5.0 5.0 5.0 5.0 5.0 5.0 5.0 5.0 5.0 5.0 5.0 5.0 5.0 5.0 5.0 5.0 5.0 5.0 5.0 5.0 5.0 5.0 6.0 6.0 6.0 6.0 5.0 5.0 5.0 5.0 5.0 5.0 5.0 5.0 5.0 5.0 5.0 5.0 5.0 5.0 5.0 5.0 5.0 5.0 5.0 5.0 5.0 5.0 5.0 5.0 5.0 5.0 5.0 5.0 5.0 5.0 5.0 5.0 5.0 5.0 5.0 5.0 5.0 5.0 5.0 5.0 5.0 5.0 5.0 5.0 5.0 6.0 6.0 6.0 5.0 5.0 5.0 5.0 5.0 5.0 5.0 10.0 10.0 10.0 10.0 10.0 5.0 5.0 5.0 6.0 6.0 6.0 6.0 6.0 6.0 6.0 6.0 5.0 5.0 6.0 6.0 6.0 6.0 6.0 6.0 6.0 6.0 5.0 10.0 11.0 11.0 11.0 5.0 5.0 5.0 5.0 5.0 5.0 6.0 6.0 5.0 5.0 5.0 5.0 5.0 5.0 5.0 5.0 5.0 5.0 5.0 5.0 5.0 5.0 5.0 5.0 5.0 5.0 4.0 4.0 5.0 5.0 6.0 5.0 5.0 5.0 5.0 5.0 5.0 5.0 5.0 5.0 5.0 4.0 5.0 5.0 5.0 5.0 5.0 5.0 5.0 5.0 6.0 5.0 5.0 5.0 5.0 5.0 4.0 5.0 5.0 5.0 5.0 5.0 5.0 5.0 5.0 5.0 5.0 5.0 5.0 5.0 5.0 5.0 5.0 5.0 5.0 5.0 5.0 5.0 5.0 5.0 5.0 6.0 6.0 5.0 5.0 5.0 5.0 5.0 5.0 5.0 5.0 5.0 5.0 4.0 5.0 5.0 5.0 5.0 5.0 5.0 5.0 5.0 5.0 5.0 4.0 5.0 5.0 5.0 5.0 5.0 5.0 5.0 5.0 5.0 5.0 5.0 5.0 5.0 5.0 5.0 5.0 5.0 5.0 5.0 5.0 5.0 5.0 5.0 5.0 5.0 5.0 5.0 5.0 5.0 5.0 6.0 5.0 5.0 5.0 5.0 5.0 5.0 5.0 5.0 5.0 5.0 5.0 5.0 5.0 5.0 5.0 5.0 5.0 5.0 5.0 5.0 5.0 5.0 5.0 5.0 5.0 5.0 5.0 5.0 5.0 5.0 5.0 5.0 5.0 5.0 5.0 5.257839721254355 0.9839975919351616
36 46.0 46.0 46.0 46.0 45.0 48.0 50.0 50.0 63.0 63.0 63.0 49.0 47.0 45.0 45.0 45.0 45.0 55.0 55.0 55.0 55.0 49.0 48.0 48.0 48.0 48.0 47.0 47.0 49.0 45.0 47.0 46.0 45.0 45.0 45.0 50.0 50.0 47.0 51.0 51.0 51.0 51.0 90.0 65.0 41.0 41.0 41.0 48.0 48.0 48.0 48.0 43.0 41.0 49.0 49.0 52.0 64.0 45.0 51.0 78.0 47.0 47.0 48.0 47.0 48.0 48.0 48.0 48.0 44.0 40.0 40.0 46.0 46.0 46.0 45.0 45.0 49.0 49.0 59.0 46.0 48.0 48.0 43.0 44.0 49.0 58.0 50.0 55.0 46.0 46.0 46.0 46.0 48.0 53.0 46.0 38.0 42.0 47.0 47.0 51.0 41.0 42.0 42.0 53.0 45.0 49.0 48.0 45.0 45.0 45.0 41.0 44.0 54.0 57.0 52.0 53.0 41.0 50.0 47.0 47.0 50.0 53.0 44.0 48.0 61.0 48.0 48.0 38.0 50.0 50.0 47.0 46.0 47.0 43.0 47.0 44.0 40.0 40.0 42.0 48.0 46.0 48.0 39.0 49.0 41.0 45.0 58.0 50.0 47.0 42.0 49.0 55.0 42.0 50.0 45.0 53.0 45.0 39.0 47.0 45.0 42.0 42.0 49.0 43.0 62.0 44.0 45.0 40.0 50.0 49.0 46.0 51.0 40.0 45.0 50.0 45.0 43.0 43.0 45.0 44.0 47.0 45.0 57.0 48.0 43.0 45.0 42.0 42.0 43.0 40.0 52.0 45.0 46.0 44.0 47.0 44.0 48.0 43.0 45.0 46.0 50.0 42.0 45.0 49.0 49.0 51.0 48.0 42.0 45.0 41.0 47.0 45.0 48.0 48.0 46.0 43.0 51.0 48.0 42.0 43.0 59.0 45.0 45.0 47.0 50.0 43.0 45.0 47.0 45.0 46.0 50.0 45.0 46.0 41.0 46.0 44.0 44.0 47.0 44.0 44.0 45.0 46.0 48.0 43.0 46.0 46.0 50.0 44.0 45.0 45.0 49.0 47.0 48.0 50.0 50.0 41.0 41.0 52.0 52.0 45.0 49.0 49.0 49.0 49.0 47.0 47.0 45.0 50.0 50.0 47.0 47.0 45.0 74.0 43.0 50.0 49.0 49.0 40.0 62.0 48.0 45.0 45.0 45.0 45.0 45.0 46.0 46.0 47.47038327526133 5.744409948531026
37 556.0 562.0 555.0 572.0 621.0 585.0 587.0 574.0 574.0 597.0 586.0 580.0 542.0 546.0 546.0 720.0 648.0 558.0 519.0 595.0 566.0 567.0 556.0 591.0 605.0 564.0 571.0 561.0 569.0 578.0 579.0 571.0 577.0 636.0 564.0 602.0 578.0 562.0 558.0 967.0 1193.0 1185.0 674.0 587.0 553.0 570.0 553.0 561.0 567.0 572.0 548.0 541.0 576.0 574.0 580.0 596.0 604.0 574.0 546.0 550.0 576.0 567.0 558.0 548.0 563.0 570.0 581.0 565.0 555.0 594.0 564.0 562.0 587.0 553.0 580.0 574.0 585.0 589.0 564.0 551.0 549.0 557.0 565.0 581.0 621.0 590.0 595.0 557.0 545.0 542.0 517.0 546.0 559.0 547.0 555.0 593.0 570.0 564.0 528.0 533.0 555.0 583.0 601.0 580.0 570.0 575.0 562.0 552.0 535.0 525.0 521.0 702.0 772.0 527.0 538.0 515.0 537.0 568.0 552.0 581.0 585.0 568.0 555.0 556.0 560.0 556.0 495.0 507.0 552.0 557.0 557.0 545.0 547.0 559.0 555.0 544.0 536.0 536.0 563.0 544.0 527.0 537.0 535.0 535.0 546.0 587.0 579.0 559.0 536.0 547.0 542.0 568.0 535.0 524.0 554.0 542.0 503.0 523.0 549.0 529.0 528.0 552.0 546.0 550.0 535.0 545.0 535.0 540.0 594.0 557.0 540.0 526.0 534.0 560.0 541.0 527.0 539.0 552.0 550.0 552.0 565.0 583.0 688.0 565.0 564.0 530.0 520.0 522.0 513.0 544.0 535.0 540.0 539.0 526.0 556.0 554.0 533.0 540.0 556.0 552.0 547.0 543.0 557.0 553.0 550.0 559.0 520.0 526.0 492.0 527.0 562.0 558.0 560.0 549.0 537.0 567.0 564.0 540.0 549.0 566.0 550.0 539.0 531.0 562.0 590.0 570.0 569.0 547.0 556.0 533.0 568.0 544.0 522.0 551.0 553.0 540.0 556.0 553.0 555.0 551.0 553.0 539.0 566.0 562.0 591.0 598.0 586.0 570.0 570.0 579.0 580.0 570.0 574.0 547.0 513.0 562.0 567.0 547.0 545.0 573.0 563.0 558.0 521.0 570.0 569.0 571.0 577.0 563.0 546.0 552.0 559.0 558.0 568.0 578.0 551.0 620.0 609.0 790.0 558.0 557.0 559.0 547.0 547.0 557.0 563.0 557.0 581.0 567.1393728222996 66.33229616326115
38 166.0 162.0 170.0 164.0 175.0 175.0 175.0 168.0 179.0 171.0 162.0 163.0 175.0 317.0 196.0 249.0 153.0 152.0 350.0 175.0 180.0 165.0 171.0 179.0 179.0 168.0 166.0 171.0 171.0 171.0 171.0 165.0 165.0 165.0 172.0 167.0 166.0 350.0 355.0 373.0 373.0 165.0 159.0 159.0 173.0 161.0 161.0 183.0 171.0 157.0 159.0 180.0 163.0 179.0 186.0 172.0 167.0 167.0 160.0 152.0 169.0 165.0 158.0 180.0 167.0 172.0 158.0 158.0 178.0 166.0 170.0 174.0 163.0 165.0 184.0 176.0 199.0 162.0 160.0 165.0 162.0 168.0 176.0 162.0 178.0 172.0 162.0 181.0 179.0 168.0 171.0 172.0 167.0 153.0 177.0 183.0 166.0 156.0 167.0 161.0 171.0 191.0 206.0 176.0 173.0 166.0 155.0 153.0 166.0 164.0 169.0 205.0 166.0 172.0 145.0 167.0 169.0 175.0 174.0 184.0 171.0 169.0 171.0 169.0 170.0 146.0 167.0 167.0 167.0 169.0 161.0 167.0 163.0 158.0 178.0 158.0 166.0 173.0 162.0 168.0 149.0 161.0 161.0 167.0 169.0 164.0 170.0 173.0 159.0 156.0 171.0 167.0 141.0 159.0 178.0 153.0 167.0 159.0 167.0 159.0 161.0 157.0 171.0 168.0 163.0 165.0 164.0 168.0 176.0 155.0 148.0 164.0 161.0 161.0 166.0 162.0 163.0 163.0 167.0 171.0 236.0 164.0 166.0 169.0 156.0 160.0 151.0 147.0 164.0 161.0 162.0 156.0 164.0 158.0 163.0 145.0 163.0 164.0 166.0 159.0 166.0 156.0 164.0 159.0 165.0 156.0 146.0 155.0 160.0 178.0 167.0 166.0 163.0 154.0 193.0 161.0 163.0 164.0 162.0 151.0 162.0 164.0 170.0 179.0 175.0 160.0 161.0 165.0 150.0 172.0 173.0 153.0 165.0 157.0 174.0 186.0 159.0 185.0 163.0 170.0 169.0 226.0 165.0 179.0 175.0 172.0 162.0 169.0 172.0 172.0 177.0 174.0 147.0 153.0 169.0 169.0 162.0 163.0 166.0 168.0 171.0 156.0 173.0 168.0 164.0 171.0 166.0 161.0 168.0 167.0 160.0 173.0 169.0 166.0 165.0 170.0 162.0 166.0 164.0 159.0 159.0 159.0 211.0 166.0 164.0 164.0 166.0 171.28222996515677 29.270031654438405
39 395.0 404.0 398.0 407.0 408.0 400.0 400.0 428.0 423.0 396.0 388.0 445.0 406.0 414.0 409.0 376.0 502.0 556.0 422.0 409.0 474.0 405.0 404.0 510.0 486.0 401.0 412.0 409.0 410.0 402.0 392.0 400.0 420.0 422.0 409.0 393.0 392.0 392.0 887.0 416.0 395.0 385.0 385.0 410.0 395.0 393.0 401.0 406.0 451.0 427.0 422.0 395.0 394.0 439.0 404.0 428.0 460.0 407.0 435.0 423.0 416.0 381.0 419.0 405.0 400.0 384.0 475.0 477.0 413.0 409.0 406.0 382.0 387.0 405.0 413.0 412.0 395.0 389.0 389.0 395.0 366.0 379.0 357.0 358.0 407.0 386.0 413.0 417.0 394.0 370.0 388.0 404.0 397.0 389.0 390.0 375.0 392.0 388.0 374.0 409.0 407.0 390.0 398.0 401.0 398.0 386.0 356.0 369.0 388.0 395.0 406.0 461.0 401.0 368.0 384.0 395.0 390.0 409.0 399.0 403.0 395.0 390.0 399.0 397.0 395.0 358.0 400.0 394.0 399.0 383.0 384.0 400.0 384.0 367.0 372.0 376.0 403.0 393.0 396.0 355.0 360.0 378.0 378.0 387.0 389.0 397.0 397.0 389.0 362.0 379.0 389.0 348.0 361.0 381.0 353.0 369.0 411.0 407.0 390.0 384.0 377.0 388.0 406.0 386.0 388.0 401.0 398.0 387.0 372.0 362.0 364.0 392.0 387.0 381.0 375.0 387.0 387.0 392.0 395.0 493.0 459.0 393.0 387.0 398.0 391.0 369.0 343.0 398.0 386.0 392.0 389.0 382.0 376.0 380.0 364.0 380.0 388.0 389.0 399.0 374.0 384.0 390.0 378.0 352.0 387.0 344.0 374.0 374.0 377.0 388.0 396.0 386.0 369.0 410.0 391.0 384.0 392.0 381.0 375.0 380.0 385.0 401.0 402.0 385.0 392.0 386.0 396.0 351.0 356.0 384.0 368.0 385.0 387.0 384.0 391.0 381.0 389.0 397.0 388.0 400.0 373.0 393.0 429.0 421.0 406.0 402.0 407.0 408.0 407.0 407.0 410.0 362.0 361.0 393.0 405.0 385.0 387.0 399.0 400.0 355.0 352.0 413.0 410.0 388.0 406.0 394.0 380.0 384.0 396.0 391.0 408.0 407.0 391.0 390.0 380.0 354.0 394.0 394.0 379.0 381.0 381.0 391.0 391.0 393.0 396.0 406.0 405.0 397.1254355400697 38.703168602352065
40 139.0 136.0 148.0 131.0 131.0 128.0 140.0 136.0 135.0 125.0 187.0 133.0 135.0 134.0 247.0 137.0 185.0 128.0 127.0 124.0 136.0 128.0 131.0 131.0 128.0 134.0 130.0 135.0 131.0 136.0 136.0 136.0 159.0 142.0 124.0 124.0 124.0 124.0 125.0 132.0 123.0 123.0 123.0 173.0 148.0 129.0 136.0 169.0 145.0 133.0 133.0 128.0 129.0 161.0 153.0 153.0 127.0 145.0 145.0 133.0 121.0 136.0 130.0 134.0 130.0 234.0 166.0 130.0 132.0 134.0 135.0 127.0 145.0 141.0 139.0 143.0 135.0 125.0 127.0 124.0 126.0 134.0 116.0 139.0 126.0 155.0 134.0 129.0 127.0 129.0 139.0 131.0 125.0 125.0 122.0 129.0 136.0 125.0 133.0 135.0 135.0 126.0 135.0 133.0 123.0 116.0 118.0 125.0 129.0 138.0 113.0 138.0 119.0 123.0 131.0 125.0 131.0 134.0 126.0 135.0 129.0 131.0 127.0 130.0 119.0 127.0 125.0 129.0 125.0 125.0 130.0 133.0 124.0 121.0 127.0 130.0 129.0 127.0 119.0 117.0 117.0 125.0 123.0 128.0 128.0 125.0 127.0 121.0 125.0 129.0 112.0 127.0 156.0 165.0 117.0 133.0 127.0 119.0 123.0 121.0 125.0 129.0 124.0 134.0 128.0 131.0 127.0 125.0 122.0 115.0 120.0 123.0 125.0 132.0 123.0 127.0 126.0 129.0 156.0 124.0 128.0 124.0 135.0 131.0 121.0 112.0 133.0 125.0 127.0 122.0 127.0 126.0 122.0 122.0 114.0 127.0 125.0 129.0 125.0 124.0 166.0 125.0 115.0 123.0 114.0 125.0 118.0 121.0 123.0 132.0 129.0 119.0 131.0 115.0 127.0 129.0 125.0 122.0 119.0 126.0 130.0 122.0 127.0 123.0 127.0 128.0 128.0 116.0 132.0 117.0 127.0 126.0 127.0 127.0 125.0 122.0 135.0 128.0 130.0 119.0 131.0 134.0 132.0 133.0 128.0 120.0 133.0 127.0 135.0 131.0 116.0 116.0 134.0 130.0 131.0 121.0 130.0 129.0 129.0 118.0 135.0 135.0 125.0 133.0 131.0 125.0 129.0 129.0 124.0 129.0 130.0 125.0 130.0 117.0 123.0 126.0 128.0 122.0 122.0 119.0 129.0 128.0 137.0 137.0 135.0 132.0 136.0 130.5296167247387 13.916772877901824
41 83.0 83.0 91.0 153.0 153.0 153.0 87.0 103.0 111.0 92.0 95.0 95.0 83.0 82.0 98.0 120.0 120.0 86.0 86.0 168.0 83.0 80.0 80.0 79.0 79.0 84.0 87.0 83.0 82.0 82.0 81.0 81.0 98.0 91.0 78.0 78.0 78.0 78.0 78.0 91.0 72.0 72.0 85.0 134.0 91.0 86.0 114.0 100.0 88.0 94.0 88.0 81.0 81.0 95.0 95.0 92.0 81.0 145.0 105.0 85.0 78.0 95.0 86.0 102.0 96.0 123.0 123.0 85.0 86.0 90.0 86.0 88.0 99.0 89.0 105.0 85.0 89.0 82.0 89.0 76.0 131.0 91.0 72.0 91.0 94.0 96.0 90.0 84.0 82.0 91.0 89.0 87.0 73.0 87.0 85.0 81.0 87.0 83.0 88.0 106.0 84.0 87.0 88.0 84.0 78.0 71.0 79.0 90.0 92.0 74.0 91.0 86.0 73.0 87.0 91.0 87.0 91.0 85.0 85.0 90.0 83.0 82.0 88.0 74.0 82.0 86.0 88.0 87.0 80.0 80.0 86.0 80.0 80.0 75.0 89.0 82.0 77.0 90.0 79.0 88.0 81.0 84.0 82.0 88.0 82.0 90.0 90.0 92.0 79.0 87.0 75.0 102.0 100.0 77.0 80.0 80.0 100.0 78.0 79.0 76.0 90.0 81.0 86.0 80.0 87.0 84.0 80.0 87.0 75.0 83.0 85.0 79.0 86.0 79.0 87.0 87.0 94.0 95.0 104.0 81.0 87.0 81.0 88.0 92.0 83.0 70.0 96.0 102.0 85.0 91.0 78.0 84.0 79.0 73.0 85.0 88.0 90.0 83.0 84.0 100.0 92.0 77.0 76.0 91.0 72.0 87.0 77.0 77.0 83.0 82.0 80.0 70.0 91.0 95.0 84.0 84.0 79.0 78.0 81.0 81.0 83.0 76.0 83.0 91.0 97.0 81.0 76.0 84.0 93.0 81.0 81.0 80.0 73.0 89.0 85.0 80.0 89.0 85.0 85.0 85.0 84.0 90.0 90.0 88.0 86.0 87.0 98.0 85.0 94.0 90.0 90.0 90.0 97.0 79.0 86.0 81.0 83.0 82.0 96.0 97.0 86.0 86.0 96.0 84.0 80.0 85.0 80.0 85.0 80.0 115.0 88.0 86.0 86.0 86.0 78.0 85.0 81.0 77.0 79.0 79.0 81.0 85.0 85.0 85.0 82.0 87.0 83.0 87.71428571428571 12.903700806570745
42 715.0 718.0 689.0 656.0 680.0 670.0 821.0 735.0 779.0 634.0 763.0 680.0 672.0 986.0 1023.0 705.0 663.0 684.0 706.0 657.0 668.0 663.0 660.0 673.0 677.0 680.0 730.0 750.0 749.0 790.0 730.0 744.0 725.0 685.0 808.0 1063.0 679.0 663.0 646.0 645.0 659.0 658.0 688.0 778.0 754.0 654.0 652.0 669.0 674.0 781.0 714.0 752.0 683.0 693.0 746.0 682.0 686.0 680.0 690.0 660.0 685.0 722.0 717.0 607.0 674.0 700.0 720.0 712.0 690.0 664.0 663.0 697.0 745.0 673.0 689.0 667.0 676.0 683.0 663.0 687.0 657.0 692.0 692.0 696.0 739.0 674.0 662.0 673.0 664.0 669.0 641.0 630.0 665.0 682.0 670.0 654.0 661.0 671.0 680.0 682.0 667.0 702.0 668.0 603.0 622.0 634.0 669.0 681.0 661.0 692.0 687.0 673.0 682.0 662.0 669.0 679.0 676.0 707.0 636.0 678.0 672.0 700.0 665.0 648.0 675.0 689.0 681.0 640.0 656.0 663.0 638.0 627.0 614.0 642.0 670.0 655.0 647.0 613.0 653.0 676.0 672.0 645.0 630.0 669.0 639.0 638.0 632.0 660.0 645.0 636.0 638.0 667.0 655.0 682.0 656.0 650.0 626.0 640.0 605.0 630.0 652.0 669.0 696.0 677.0 664.0 679.0 641.0 604.0 597.0 614.0 651.0 655.0 658.0 647.0 659.0 678.0 816.0 720.0 736.0 663.0 651.0 676.0 671.0 606.0 572.0 627.0 671.0 667.0 636.0 629.0 636.0 651.0 636.0 628.0 658.0 664.0 668.0 645.0 676.0 638.0 651.0 687.0 626.0 592.0 613.0 591.0 684.0 665.0 665.0 700.0 642.0 615.0 760.0 656.0 650.0 634.0 620.0 628.0 664.0 662.0 653.0 677.0 640.0 665.0 644.0 606.0 623.0 631.0 623.0 675.0 640.0 645.0 639.0 645.0 662.0 655.0 684.0 647.0 646.0 699.0 698.0 686.0 675.0 722.0 699.0 700.0 697.0 686.0 698.0 567.0 755.0 678.0 659.0 645.0 655.0 668.0 664.0 751.0 761.0 690.0 804.0 711.0 682.0 658.0 640.0 656.0 659.0 657.0 658.0 677.0 636.0 658.0 634.0 651.0 659.0 658.0 770.0 680.0 678.0 658.0 657.0 643.0 688.0 687.0 682.0 671.0 679.0 675.3414634146341 53.538252992745896
43 921.0 777.0 748.0 722.0 757.0 819.0 784.0 717.0 719.0 751.0 747.0 794.0 759.0 733.0 725.0 734.0 726.0 748.0 745.0 830.0 901.0 774.0 752.0 739.0 757.0 767.0 865.0 770.0 763.0 763.0 888.0 808.0 774.0 808.0 732.0 735.0 794.0 725.0 731.0 735.0 785.0 762.0 813.0 773.0 742.0 740.0 743.0 737.0 729.0 739.0 739.0 760.0 711.0 779.0 792.0 772.0 726.0 720.0 737.0 744.0 760.0 980.0 866.0 790.0 772.0 773.0 686.0 702.0 742.0 788.0 774.0 751.0 766.0 736.0 759.0 776.0 735.0 719.0 789.0 724.0 741.0 809.0 744.0 751.0 748.0 746.0 742.0 744.0 726.0 712.0 704.0 720.0 698.0 718.0 746.0 747.0 743.0 774.0 780.0 763.0 746.0 672.0 682.0 733.0 756.0 747.0 689.0 677.0 727.0 742.0 727.0 721.0 743.0 749.0 720.0 716.0 736.0 740.0 735.0 745.0 684.0 695.0 711.0 728.0 774.0 734.0 713.0 735.0 724.0 699.0 711.0 706.0 734.0 697.0 676.0 689.0 701.0 727.0 748.0 756.0 774.0 749.0 716.0 710.0 728.0 744.0 732.0 730.0 729.0 727.0 729.0 721.0 736.0 712.0 768.0 680.0 700.0 691.0 740.0 737.0 689.0 686.0 740.0 749.0 713.0 683.0 669.0 717.0 724.0 718.0 735.0 739.0 743.0 823.0 941.0 768.0 696.0 735.0 740.0 777.0 758.0 686.0 681.0 678.0 694.0 735.0 726.0 730.0 720.0 725.0 679.0 736.0 769.0 733.0 732.0 736.0 762.0 803.0 697.0 729.0 766.0 736.0 730.0 718.0 763.0 903.0 823.0 667.0 704.0 744.0 741.0 714.0 726.0 725.0 691.0 721.0 735.0 728.0 693.0 697.0 706.0 715.0 688.0 671.0 690.0 697.0 695.0 709.0 720.0 742.0 714.0 708.0 733.0 738.0 735.0 718.0 728.0 752.0 758.0 745.0 741.0 734.0 776.0 730.0 748.0 736.0 740.0 655.0 677.0 719.0 698.0 739.0 725.0 735.0 759.0 802.0 785.0 836.0 717.0 723.0 725.0 724.0 723.0 731.0 745.0 784.0 751.0 742.0 765.0 682.0 707.0 733.0 670.0 721.0 719.0 722.0 736.0 715.0 700.0 689.0 689.0 708.0 715.0 751.0 750.0 746.0 772.0 739.6968641114984 43.01563495139504
44 187.0 190.0 177.0 185.0 164.0 173.0 183.0 183.0 184.0 184.0 216.0 216.0 182.0 179.0 182.0 174.0 178.0 182.0 228.0 183.0 186.0 184.0 187.0 185.0 187.0 182.0 211.0 178.0 178.0 209.0 228.0 189.0 163.0 188.0 183.0 175.0 175.0 184.0 206.0 209.0 185.0 187.0 182.0 177.0 181.0 180.0 181.0 178.0 175.0 175.0 197.0 182.0 203.0 197.0 190.0 175.0 177.0 188.0 227.0 216.0 460.0 217.0 181.0 182.0 178.0 165.0 179.0 204.0 194.0 201.0 184.0 201.0 184.0 189.0 181.0 181.0 180.0 175.0 182.0 181.0 192.0 184.0 179.0 183.0 184.0 185.0 183.0 170.0 175.0 175.0 174.0 168.0 184.0 188.0 179.0 187.0 195.0 193.0 177.0 170.0 162.0 170.0 187.0 183.0 180.0 173.0 166.0 176.0 182.0 174.0 178.0 187.0 181.0 180.0 168.0 177.0 186.0 175.0 178.0 185.0 182.0 182.0 176.0 175.0 176.0 174.0 200.0 177.0 167.0 186.0 176.0 185.0 183.0 165.0 165.0 169.0 175.0 186.0 187.0 188.0 168.0 162.0 182.0 181.0 182.0 174.0 180.0 182.0 178.0 176.0 177.0 173.0 169.0 169.0 174.0 161.0 176.0 181.0 184.0 169.0 177.0 183.0 173.0 182.0 164.0 167.0 179.0 173.0 178.0 178.0 182.0 184.0 184.0 258.0 174.0 167.0 180.0 178.0 184.0 179.0 155.0 165.0 165.0 169.0 172.0 180.0 181.0 183.0 174.0 166.0 174.0 184.0 180.0 177.0 183.0 191.0 228.0 169.0 182.0 184.0 182.0 182.0 176.0 184.0 190.0 179.0 168.0 177.0 187.0 184.0 174.0 180.0 174.0 176.0 184.0 184.0 168.0 173.0 174.0 178.0 168.0 185.0 162.0 191.0 166.0 170.0 181.0 176.0 179.0 181.0 176.0 187.0 177.0 181.0 176.0 181.0 188.0 180.0 182.0 176.0 179.0 187.0 178.0 181.0 184.0 184.0 165.0 160.0 178.0 173.0 181.0 183.0 185.0 184.0 198.0 198.0 186.0 180.0 187.0 184.0 179.0 181.0 179.0 178.0 178.0 188.0 180.0 186.0 215.0 189.0 186.0 177.0 154.0 154.0 154.0 181.0 166.0 173.0 173.0 173.0 173.0 173.0 173.0 182.0 188.0 187.0 182.0 182.13937282229963 20.56410963790261
45 665.0 649.0 625.0 588.0 613.0 609.0 827.0 731.0 750.0 734.0 667.0 644.0 659.0 618.0 623.0 649.0 682.0 630.0 640.0 649.0 638.0 648.0 660.0 716.0 726.0 780.0 728.0 799.0 741.0 747.0 650.0 642.0 660.0 625.0 619.0 620.0 689.0 653.0 664.0 670.0 680.0 634.0 645.0 677.0 694.0 697.0 699.0 637.0 679.0 675.0 653.0 664.0 680.0 647.0 634.0 700.0 743.0 856.0 776.0 803.0 655.0 645.0 643.0 623.0 625.0 658.0 691.0 709.0 656.0 645.0 652.0 639.0 616.0 616.0 644.0 636.0 656.0 653.0 662.0 659.0 646.0 675.0 632.0 624.0 646.0 648.0 642.0 643.0 623.0 620.0 619.0 644.0 597.0 624.0 638.0 650.0 653.0 660.0 598.0 609.0 613.0 648.0 655.0 645.0 629.0 599.0 632.0 637.0 650.0 629.0 642.0 632.0 628.0 629.0 633.0 621.0 623.0 627.0 635.0 644.0 637.0 620.0 630.0 620.0 616.0 586.0 603.0 597.0 595.0 642.0 636.0 596.0 602.0 627.0 687.0 658.0 647.0 653.0 651.0 661.0 641.0 610.0 646.0 652.0 608.0 629.0 632.0 870.0 625.0 630.0 617.0 620.0 625.0 595.0 566.0 597.0 630.0 616.0 606.0 616.0 595.0 624.0 600.0 613.0 607.0 625.0 630.0 625.0 629.0 636.0 671.0 733.0 746.0 624.0 599.0 638.0 633.0 642.0 620.0 581.0 571.0 652.0 635.0 645.0 631.0 620.0 618.0 608.0 622.0 626.0 629.0 624.0 631.0 630.0 639.0 564.0 630.0 638.0 658.0 611.0 623.0 599.0 638.0 630.0 604.0 585.0 634.0 615.0 620.0 627.0 632.0 623.0 633.0 649.0 646.0 615.0 602.0 602.0 601.0 627.0 580.0 591.0 599.0 610.0 613.0 630.0 618.0 631.0 632.0 640.0 633.0 621.0 630.0 657.0 659.0 662.0 643.0 637.0 609.0 644.0 638.0 634.0 635.0 646.0 601.0 608.0 635.0 586.0 621.0 625.0 644.0 644.0 686.0 620.0 621.0 664.0 624.0 623.0 635.0 629.0 636.0 640.0 645.0 658.0 643.0 645.0 679.0 837.0 821.0 645.0 559.0 562.0 680.0 672.0 656.0 666.0 647.0 659.0 645.0 663.0 650.0 669.0 666.0 660.0 653.0 688.0 756.0 644.7247386759582 45.28554526153206
46 480.0 538.0 484.0 438.0 428.0 426.0 367.0 385.0 487.0 393.0 403.0 411.0 415.0 397.0 554.0 445.0 454.0 457.0 468.0 413.0 433.0 467.0 463.0 513.0 412.0 418.0 439.0 448.0 434.0 406.0 409.0 411.0 411.0 399.0 483.0 428.0 405.0 432.0 433.0 411.0 398.0 439.0 431.0 434.0 425.0 411.0 436.0 450.0 435.0 455.0 473.0 474.0 424.0 402.0 406.0 390.0 423.0 421.0 435.0 434.0 419.0 436.0 432.0 446.0 461.0 452.0 447.0 418.0 461.0 474.0 436.0 399.0 409.0 406.0 426.0 413.0 471.0 452.0 467.0 440.0 425.0 405.0 446.0 434.0 427.0 430.0 411.0 412.0 420.0 455.0 388.0 403.0 418.0 435.0 448.0 508.0 422.0 410.0 397.0 421.0 423.0 424.0 402.0 406.0 418.0 421.0 422.0 412.0 414.0 438.0 411.0 413.0 419.0 418.0 404.0 430.0 415.0 409.0 411.0 405.0 404.0 412.0 404.0 418.0 416.0 372.0 398.0 433.0 423.0 424.0 403.0 383.0 459.0 398.0 412.0 425.0 418.0 415.0 409.0 405.0 414.0 440.0 405.0 404.0 413.0 404.0 404.0 420.0 397.0 404.0 395.0 422.0 385.0 398.0 413.0 421.0 409.0 417.0 409.0 395.0 420.0 382.0 387.0 398.0 424.0 422.0 411.0 418.0 421.0 467.0 510.0 389.0 394.0 399.0 398.0 414.0 416.0 378.0 358.0 385.0 384.0 454.0 446.0 406.0 413.0 401.0 390.0 406.0 406.0 421.0 394.0 420.0 443.0 431.0 417.0 408.0 407.0 414.0 399.0 402.0 366.0 436.0 398.0 393.0 401.0 406.0 402.0 409.0 416.0 406.0 390.0 413.0 415.0 402.0 399.0 391.0 393.0 385.0 410.0 400.0 397.0 396.0 393.0 412.0 400.0 408.0 406.0 407.0 419.0 400.0 406.0 456.0 429.0 426.0 417.0 407.0 405.0 414.0 419.0 408.0 404.0 416.0 422.0 403.0 390.0 422.0 402.0 407.0 409.0 415.0 439.0 438.0 418.0 427.0 418.0 415.0 415.0 407.0 407.0 413.0 407.0 466.0 441.0 385.0 413.0 514.0 454.0 428.0 395.0 356.0 406.0 443.0 409.0 411.0 424.0 427.0 421.0 439.0 450.0 443.0 431.0 424.0 436.0 422.0 432.0 434.0 444.0 420.3484320557492 26.73746728139867
47 320.0 240.0 256.0 747.0 249.0 215.0 224.0 249.0 246.0 246.0 275.0 262.0 275.0 232.0 331.0 251.0 252.0 243.0 238.0 261.0 291.0 278.0 278.0 240.0 268.0 240.0 269.0 246.0 244.0 237.0 236.0 255.0 251.0 302.0 252.0 223.0 242.0 245.0 253.0 271.0 237.0 434.0 257.0 257.0 257.0 254.0 258.0 240.0 261.0 292.0 290.0 241.0 333.0 230.0 234.0 248.0 252.0 281.0 250.0 248.0 267.0 303.0 243.0 275.0 260.0 281.0 259.0 279.0 242.0 246.0 243.0 233.0 244.0 251.0 272.0 256.0 264.0 267.0 240.0 252.0 262.0 279.0 250.0 247.0 265.0 256.0 240.0 234.0 266.0 215.0 236.0 241.0 247.0 226.0 245.0 242.0 232.0 222.0 243.0 270.0 260.0 237.0 239.0 246.0 243.0 255.0 249.0 238.0 249.0 239.0 273.0 240.0 253.0 233.0 231.0 237.0 243.0 240.0 238.0 234.0 249.0 237.0 263.0 242.0 224.0 234.0 252.0 246.0 239.0 223.0 245.0 246.0 249.0 239.0 250.0 243.0 241.0 232.0 241.0 250.0 261.0 240.0 236.0 238.0 236.0 238.0 240.0 244.0 236.0 232.0 233.0 240.0 246.0 240.0 289.0 252.0 239.0 246.0 250.0 248.0 233.0 232.0 215.0 214.0 231.0 243.0 239.0 249.0 252.0 299.0 240.0 230.0 236.0 235.0 243.0 237.0 232.0 212.0 250.0 236.0 237.0 238.0 243.0 236.0 262.0 238.0 241.0 246.0 252.0 251.0 244.0 247.0 259.0 232.0 251.0 235.0 240.0 222.0 223.0 216.0 232.0 229.0 229.0 230.0 234.0 226.0 238.0 241.0 226.0 239.0 247.0 241.0 238.0 209.0 245.0 233.0 229.0 240.0 219.0 249.0 232.0 232.0 243.0 230.0 239.0 238.0 236.0 248.0 234.0 261.0 256.0 242.0 262.0 245.0 242.0 238.0 240.0 243.0 237.0 236.0 237.0 232.0 234.0 234.0 244.0 238.0 233.0 241.0 246.0 264.0 253.0 257.0 282.0 243.0 241.0 236.0 235.0 238.0 242.0 238.0 256.0 305.0 280.0 251.0 240.0 411.0 242.0 241.0 217.0 248.0 262.0 255.0 246.0 279.0 288.0 246.0 242.0 392.0 265.0 254.0 248.0 287.0 268.0 243.0 244.0 244.0 255.0 250.6759581881533 38.4625357683618
48 357.0 165.0 175.0 182.0 181.0 149.0 181.0 177.0 174.0 208.0 189.0 197.0 371.0 175.0 174.0 181.0 183.0 176.0 181.0 183.0 182.0 179.0 176.0 171.0 181.0 182.0 175.0 175.0 172.0 172.0 176.0 210.0 185.0 205.0 164.0 163.0 179.0 182.0 206.0 164.0 173.0 191.0 193.0 210.0 174.0 189.0 167.0 181.0 174.0 174.0 175.0 175.0 175.0 173.0 169.0 178.0 263.0 175.0 185.0 185.0 177.0 195.0 176.0 196.0 198.0 185.0 179.0 176.0 175.0 176.0 185.0 181.0 193.0 194.0 182.0 180.0 183.0 170.0 167.0 200.0 165.0 180.0 175.0 165.0 182.0 176.0 173.0 186.0 159.0 163.0 169.0 174.0 171.0 181.0 186.0 170.0 162.0 169.0 189.0 186.0 165.0 166.0 172.0 177.0 176.0 178.0 177.0 171.0 172.0 150.0 169.0 187.0 176.0 166.0 173.0 172.0 168.0 164.0 163.0 167.0 176.0 166.0 183.0 162.0 163.0 189.0 177.0 171.0 153.0 166.0 162.0 154.0 191.0 181.0 177.0 175.0 166.0 167.0 174.0 176.0 182.0 172.0 176.0 171.0 168.0 172.0 160.0 174.0 177.0 171.0 161.0 151.0 171.0 167.0 161.0 179.0 169.0 173.0 178.0 164.0 166.0 170.0 178.0 175.0 148.0 172.0 171.0 172.0 200.0 174.0 172.0 160.0 174.0 171.0 175.0 172.0 151.0 163.0 169.0 171.0 168.0 175.0 170.0 172.0 168.0 176.0 170.0 177.0 171.0 178.0 173.0 160.0 157.0 176.0 166.0 176.0 168.0 154.0 157.0 162.0 166.0 164.0 176.0 173.0 165.0 175.0 169.0 168.0 175.0 171.0 184.0 172.0 171.0 170.0 169.0 159.0 168.0 164.0 165.0 172.0 163.0 182.0 166.0 170.0 176.0 169.0 183.0 169.0 190.0 193.0 174.0 175.0 182.0 178.0 167.0 175.0 167.0 172.0 173.0 173.0 194.0 178.0 164.0 171.0 180.0 188.0 171.0 175.0 190.0 186.0 179.0 184.0 178.0 178.0 180.0 173.0 171.0 172.0 174.0 178.0 210.0 269.0 188.0 173.0 167.0 181.0 173.0 156.0 159.0 194.0 194.0 180.0 175.0 202.0 169.0 169.0 169.0 179.0 174.0 184.0 192.0 189.0 175.0 182.0 171.0 198.0 189.0 177.06271777003485 20.402494626723826
49 5.0 5.0 5.0 5.0 5.0 5.0 5.0 5.0 6.0 6.0 6.0 10.0 10.0 6.0 6.0 6.0 6.0 6.0 6.0 6.0 6.0 6.0 6.0 6.0 6.0 6.0 6.0 6.0 6.0 5.0 5.0 5.0 5.0 6.0 5.0 5.0 5.0 5.0 5.0 5.0 5.0 5.0 5.0 5.0 5.0 5.0 5.0 5.0 5.0 5.0 6.0 6.0 6.0 6.0 6.0 13.0 5.0 5.0 5.0 5.0 5.0 5.0 6.0 6.0 6.0 6.0 6.0 6.0 6.0 6.0 6.0 6.0 6.0 6.0 6.0 6.0 6.0 6.0 6.0 6.0 6.0 6.0 6.0 6.0 5.0 5.0 5.0 5.0 5.0 5.0 5.0 5.0 5.0 5.0 6.0 6.0 5.0 5.0 6.0 6.0 6.0 6.0 6.0 6.0 6.0 6.0 5.0 5.0 5.0 5.0 5.0 5.0 5.0 5.0 5.0 5.0 5.0 5.0 5.0 5.0 6.0 6.0 6.0 5.0 5.0 5.0 5.0 6.0 5.0 5.0 5.0 5.0 5.0 6.0 6.0 5.0 5.0 5.0 6.0 6.0 6.0 6.0 6.0 5.0 5.0 5.0 6.0 6.0 6.0 5.0 5.0 5.0 5.0 5.0 5.0 5.0 5.0 5.0 5.0 5.0 5.0 5.0 5.0 5.0 5.0 5.0 5.0 5.0 6.0 5.0 5.0 5.0 5.0 5.0 5.0 5.0 5.0 5.0 5.0 6.0 6.0 5.0 5.0 5.0 5.0 5.0 5.0 5.0 5.0 5.0 5.0 5.0 5.0 5.0 5.0 6.0 6.0 5.0 5.0 11.0 11.0 11.0 11.0 11.0 11.0 11.0 5.0 5.0 5.0 6.0 6.0 6.0 6.0 6.0 6.0 5.0 5.0 5.0 6.0 6.0 5.0 5.0 5.0 5.0 5.0 5.0 5.0 5.0 5.0 5.0 5.0 5.0 5.0 6.0 6.0 6.0 6.0 6.0 6.0 5.0 5.0 5.0 5.0 5.0 5.0 5.0 5.0 5.0 7.0 7.0 5.0 5.0 5.0 5.0 5.0 5.0 5.0 5.0 5.0 5.0 5.0 5.0 5.0 5.0 5.0 5.0 5.0 5.0 6.0 6.0 6.0 6.0 6.0 6.0 6.0 6.0 6.0 6.0 6.0 6.0 6.0 6.0 6.0 6.0 6.0 6.0 6.0 5.602787456445993 1.1507336820980065
50 384.0 407.0 424.0 430.0 365.0 390.0 423.0 452.0 467.0 429.0 453.0 453.0 411.0 412.0 419.0 419.0 416.0 421.0 428.0 422.0 422.0 416.0 419.0 401.0 427.0 444.0 418.0 411.0 406.0 414.0 422.0 413.0 431.0 388.0 385.0 419.0 456.0 647.0 424.0 399.0 456.0 449.0 456.0 421.0 441.0 420.0 429.0 417.0 403.0 412.0 407.0 428.0 392.0 382.0 430.0 432.0 417.0 429.0 441.0 453.0 429.0 429.0 444.0 464.0 413.0 416.0 415.0 419.0 420.0 422.0 420.0 451.0 442.0 438.0 434.0 423.0 405.0 410.0 472.0 460.0 446.0 407.0 397.0 425.0 421.0 404.0 423.0 387.0 394.0 411.0 405.0 403.0 403.0 422.0 401.0 377.0 396.0 434.0 420.0 404.0 404.0 408.0 413.0 411.0 420.0 417.0 413.0 411.0 409.0 400.0 419.0 403.0 403.0 408.0 405.0 402.0 390.0 392.0 403.0 411.0 402.0 434.0 381.0 379.0 398.0 422.0 413.0 374.0 378.0 420.0 474.0 412.0 428.0 429.0 408.0 390.0 385.0 405.0 411.0 407.0 407.0 412.0 399.0 397.0 406.0 371.0 409.0 417.0 414.0 369.0 392.0 402.0 414.0 382.0 387.0 406.0 382.0 413.0 389.0 373.0 405.0 409.0 412.0 411.0 411.0 407.0 554.0 500.0 489.0 393.0 395.0 406.0 407.0 411.0 402.0 357.0 371.0 408.0 405.0 400.0 409.0 404.0 405.0 405.0 415.0 406.0 415.0 388.0 406.0 415.0 381.0 419.0 395.0 412.0 409.0 405.0 389.0 369.0 417.0 505.0 388.0 410.0 398.0 402.0 404.0 404.0 398.0 403.0 407.0 421.0 408.0 397.0 415.0 415.0 387.0 397.0 386.0 383.0 408.0 390.0 407.0 396.0 387.0 382.0 408.0 420.0 404.0 437.0 454.0 411.0 416.0 420.0 414.0 404.0 412.0 402.0 404.0 409.0 398.0 454.0 413.0 367.0 366.0 396.0 395.0 407.0 430.0 417.0 417.0 404.0 403.0 409.0 423.0 419.0 406.0 406.0 411.0 384.0 416.0 506.0 544.0 434.0 417.0 418.0 424.0 421.0 382.0 384.0 452.0 452.0 423.0 439.0 429.0 400.0 433.0 451.0 431.0 426.0 431.0 444.0 417.0 416.0 413.0 424.0 460.0 420.0 411.0 415.0313588850174 28.63458699933526
51 355.0 296.0 357.0 257.0 307.0 295.0 289.0 279.0 297.0 288.0 275.0 286.0 288.0 301.0 293.0 295.0 315.0 289.0 293.0 329.0 297.0 303.0 300.0 317.0 300.0 290.0 288.0 287.0 302.0 301.0 303.0 302.0 269.0 270.0 293.0 282.0 294.0 284.0 287.0 287.0 302.0 282.0 301.0 306.0 291.0 312.0 301.0 297.0 290.0 281.0 295.0 285.0 266.0 296.0 290.0 295.0 310.0 305.0 294.0 281.0 305.0 304.0 318.0 285.0 297.0 295.0 300.0 305.0 305.0 295.0 294.0 303.0 310.0 302.0 302.0 291.0 291.0 325.0 323.0 308.0 299.0 290.0 301.0 288.0 292.0 300.0 276.0 276.0 291.0 294.0 284.0 287.0 307.0 284.0 265.0 280.0 303.0 293.0 280.0 290.0 285.0 288.0 292.0 293.0 288.0 282.0 290.0 282.0 288.0 292.0 287.0 279.0 285.0 292.0 292.0 270.0 273.0 285.0 292.0 277.0 294.0 270.0 263.0 291.0 293.0 293.0 277.0 270.0 304.0 338.0 313.0 301.0 298.0 287.0 273.0 276.0 285.0 289.0 286.0 285.0 288.0 273.0 280.0 293.0 284.0 289.0 295.0 285.0 278.0 274.0 275.0 284.0 268.0 274.0 292.0 280.0 287.0 279.0 259.0 285.0 283.0 287.0 286.0 285.0 286.0 317.0 321.0 282.0 275.0 278.0 289.0 294.0 289.0 288.0 254.0 263.0 285.0 282.0 282.0 286.0 292.0 287.0 281.0 293.0 280.0 288.0 307.0 337.0 286.0 359.0 334.0 280.0 302.0 298.0 285.0 286.0 262.0 252.0 288.0 278.0 288.0 282.0 279.0 283.0 286.0 285.0 281.0 284.0 294.0 288.0 296.0 282.0 276.0 268.0 288.0 273.0 265.0 283.0 267.0 298.0 276.0 275.0 263.0 289.0 293.0 283.0 313.0 299.0 290.0 287.0 296.0 292.0 284.0 286.0 275.0 291.0 288.0 281.0 304.0 285.0 254.0 263.0 295.0 283.0 284.0 287.0 306.0 287.0 265.0 295.0 313.0 300.0 292.0 280.0 285.0 289.0 271.0 296.0 418.0 270.0 299.0 290.0 314.0 293.0 287.0 278.0 263.0 291.0 291.0 296.0 297.0 274.0 287.0 315.0 315.0 297.0 306.0 310.0 295.0 294.0 284.0 310.0 297.0 299.0 295.0 339.0 257.0 290.8257839721254 17.366402053241973
52 166.0 154.0 178.0 148.0 167.0 165.0 148.0 166.0 151.0 155.0 161.0 162.0 165.0 156.0 174.0 167.0 232.0 153.0 155.0 158.0 190.0 182.0 177.0 179.0 163.0 185.0 155.0 172.0 173.0 164.0 187.0 160.0 148.0 278.0 161.0 242.0 183.0 151.0 161.0 174.0 159.0 167.0 186.0 169.0 193.0 210.0 177.0 195.0 145.0 145.0 167.0 157.0 178.0 150.0 174.0 169.0 169.0 171.0 169.0 158.0 180.0 173.0 174.0 178.0 156.0 337.0 176.0 194.0 169.0 185.0 168.0 164.0 177.0 162.0 179.0 162.0 159.0 226.0 189.0 172.0 166.0 194.0 167.0 174.0 180.0 170.0 152.0 178.0 178.0 154.0 187.0 166.0 188.0 180.0 154.0 199.0 169.0 172.0 169.0 168.0 178.0 154.0 168.0 164.0 172.0 170.0 158.0 177.0 173.0 156.0 157.0 155.0 162.0 207.0 171.0 159.0 163.0 185.0 157.0 197.0 169.0 145.0 185.0 169.0 178.0 178.0 155.0 159.0 164.0 156.0 171.0 177.0 167.0 165.0 162.0 166.0 157.0 185.0 168.0 170.0 160.0 152.0 162.0 168.0 180.0 171.0 169.0 160.0 169.0 163.0 167.0 163.0 148.0 166.0 153.0 156.0 198.0 142.0 161.0 160.0 159.0 181.0 167.0 170.0 158.0 176.0 171.0 164.0 178.0 169.0 161.0 173.0 146.0 144.0 149.0 155.0 175.0 167.0 177.0 181.0 166.0 174.0 178.0 159.0 177.0 179.0 164.0 173.0 190.0 148.0 161.0 325.0 179.0 180.0 174.0 169.0 143.0 154.0 169.0 150.0 158.0 155.0 185.0 167.0 168.0 162.0 165.0 167.0 264.0 167.0 183.0 157.0 157.0 174.0 159.0 146.0 164.0 159.0 161.0 182.0 155.0 159.0 175.0 160.0 177.0 175.0 173.0 167.0 162.0 155.0 169.0 177.0 169.0 177.0 172.0 158.0 166.0 175.0 171.0 170.0 129.0 163.0 183.0 168.0 174.0 184.0 180.0 137.0 186.0 180.0 163.0 165.0 166.0 171.0 158.0 179.0 183.0 172.0 215.0 180.0 154.0 149.0 149.0 191.0 154.0 142.0 189.0 189.0 212.0 182.0 136.0 174.0 176.0 152.0 151.0 184.0 161.0 161.0 165.0 154.0 216.0 167.0 174.0 169.0 169.0 169.0 191.0 170.82578397212544 21.807428739924273
53 38.0 38.0 61.0 61.0 53.0 35.0 52.0 47.0 47.0 47.0 59.0 52.0 52.0 52.0 153.0 64.0 53.0 53.0 53.0 130.0 68.0 68.0 48.0 45.0 60.0 60.0 66.0 76.0 74.0 41.0 34.0 47.0 48.0 46.0 89.0 41.0 87.0 87.0 31.0 39.0 39.0 66.0 153.0 31.0 60.0 60.0 60.0 93.0 67.0 46.0 46.0 68.0 37.0 37.0 80.0 51.0 51.0 47.0 50.0 51.0 94.0 289.0 61.0 64.0 64.0 28.0 54.0 50.0 41.0 41.0 52.0 72.0 56.0 52.0 43.0 50.0 236.0 54.0 58.0 238.0 89.0 56.0 45.0 153.0 54.0 137.0 49.0 81.0 79.0 35.0 39.0 45.0 33.0 51.0 64.0 61.0 74.0 48.0 57.0 35.0 39.0 47.0 43.0 53.0 48.0 68.0 68.0 37.0 60.0 47.0 74.0 42.0 117.0 92.0 60.0 70.0 57.0 61.0 53.0 40.0 57.0 58.0 47.0 64.0 59.0 62.0 40.0 40.0 44.0 41.0 30.0 37.0 51.0 64.0 52.0 75.0 75.0 52.0 63.0 64.0 64.0 53.0 52.0 35.0 57.0 47.0 45.0 92.0 80.0 100.0 60.0 50.0 34.0 48.0 64.0 51.0 56.0 52.0 47.0 33.0 77.0 49.0 50.0 49.0 35.0 94.0 59.0 49.0 34.0 50.0 33.0 40.0 40.0 39.0 51.0 118.0 52.0 44.0 68.0 45.0 35.0 50.0 36.0 39.0 51.0 44.0 44.0 48.0 40.0 44.0 42.0 56.0 62.0 46.0 54.0 48.0 51.0 37.0 44.0 44.0 48.0 49.0 61.0 47.0 47.0 57.0 56.0 40.0 54.0 56.0 59.0 50.0 40.0 32.0 46.0 41.0 60.0 58.0 195.0 64.0 47.0 79.0 53.0 53.0 40.0 76.0 31.0 45.0 45.0 57.0 58.0 32.0 48.0 93.0 31.0 54.0 35.0 42.0 47.0 72.0 2599.0 33.0 65.0 130.0 44.0 34.0 67.0 52.0 60.0 137.0 108.0 108.0 51.0 46.0 33.0 208.0 39.0 60.0 53.0 53.0 38.0 38.0 38.0 42.0 46.0 48.0 48.0 48.0 48.0 38.0 60.0 34.0 50.0 41.0 32.0 137.0 38.0 46.0 71.0 71.0 46.0 79.0 40.0 162.0 162.0 162.0 162.0 69.32055749128921 153.63648528548464
END
#################################################################
SECTION3 (Edges Information)
EndPoint0 EndPoint1 Weight
0 1 1.000000
1 2 1.000000
2 3 1.000000
3 4 1.000000
4 5 1.000000
5 6 1.000000
6 7 1.000000
7 8 1.000000
8 9 1.000000
9 10 1.000000
10 11 1.000000
11 12 1.000000
12 13 1.000000
13 14 1.000000
14 15 1.000000
15 16 1.000000
16 17 1.000000
17 18 1.000000
18 19 1.000000
19 20 1.000000
20 21 1.000000
21 22 1.000000
22 23 1.000000
23 24 1.000000
24 25 1.000000
25 26 1.000000
26 27 1.000000
27 28 1.000000
28 29 1.000000
29 30 1.000000
30 31 1.000000
31 32 1.000000
32 33 1.000000
33 34 1.000000
34 35 1.000000
35 36 1.000000
36 37 1.000000
37 38 1.000000
38 39 1.000000
39 40 1.000000
40 41 1.000000
41 42 1.000000
42 43 1.000000
43 44 1.000000
44 45 1.000000
45 46 1.000000
46 47 1.000000
47 48 1.000000
48 49 1.000000
49 50 1.000000
50 51 1.000000
51 52 1.000000
52 53 1.000000
END
#################################################################
SECTION4 (TrueSubGraph Information)
EndPoint0 EndPoint1 Weight
END
#################################################################
