#################################################################
#APDM Input Graph, this input graph includes 3 sections:
#section1 : general information
#section2 : nodes
#section3 : edges
#section4 : trueSubGraph (Optional)
#
#if nodes haven't information set weight to null
#################################################################
SECTION1 (General Information)
numNodes = 54
numEdges = 53
usedAlgorithm = NULL
dataSource = TransWeatherRealData
END
#################################################################
SECTION2 (Nodes Information)
NodeID travelTime  mean  std 
0 85.0 94.0 90.0 87.0 173.0 124.0 124.0 85.0 85.0 87.0 87.0 89.0 89.0 102.0 87.0 83.0 103.0 96.0 115.0 115.0 144.0 122.0 122.0 168.0 159.0 94.0 103.0 98.0 95.0 115.0 89.0 84.0 82.0 94.0 119.0 109.0 85.0 114.0 139.0 139.0 90.0 132.0 132.0 132.0 103.0 133.0 133.0 142.0 96.0 96.0 96.0 92.0 98.0 84.0 105.0 180.0 101.0 101.0 77.0 95.0 102.0 119.0 119.0 101.0 91.0 88.0 89.0 82.0 96.0 155.0 149.0 141.0 98.0 85.0 155.0 102.0 129.0 90.0 125.0 96.0 87.0 103.0 95.0 101.0 106.0 96.0 93.0 99.0 88.0 84.0 86.0 130.0 113.0 87.0 91.0 124.0 88.0 87.0 86.0 119.0 85.0 95.0 112.0 95.0 82.0 98.0 113.0 103.0 112.0 118.0 89.0 88.0 88.0 89.0 92.0 91.0 87.0 88.0 95.0 112.0 89.0 105.0 102.0 98.0 104.0 90.0 93.0 87.0 113.0 119.0 133.0 119.0 123.0 123.0 92.0 101.0 118.0 105.0 106.0 92.0 109.0 81.0 88.0 84.0 104.0 91.0 107.0 104.0 102.0 87.0 86.0 98.0 115.0 130.0 131.0 125.0 85.0 123.0 71.0 86.0 103.0 88.0 116.0 79.0 136.0 84.0 124.0 100.0 94.0 117.0 89.0 92.0 98.0 77.0 87.0 109.0 115.0 83.0 87.0 89.0 111.0 88.0 95.0 83.0 86.0 99.0 124.0 118.0 98.0 98.0 103.0 102.0 100.0 97.0 99.0 139.0 85.0 88.0 89.0 95.0 115.0 104.0 89.0 74.0 80.0 84.0 89.0 132.0 82.0 97.0 108.0 100.0 101.0 123.0 98.0 107.0 98.0 95.0 95.0 86.0 86.0 94.0 67.0 98.0 108.0 107.0 90.0 82.0 96.0 96.0 87.0 83.0 101.0 136.0 97.0 116.0 95.0 100.0 84.0 95.0 77.0 94.0 89.0 95.0 116.0 116.0 101.0 105.0 79.0 131.0 107.0 85.0 90.0 90.0 90.0 138.0 83.0 96.0 114.0 138.0 92.0 123.0 123.0 89.0 98.0 85.0 83.0 83.0 89.0 91.0 90.0 150.0 77.0 87.0 91.0 91.0 85.0 85.0 85.0 89.0 90.0 90.0 90.0 87.0 87.0 87.0 87.0 101.37630662020906 18.657884109890457
1 279.0 297.0 279.0 239.0 317.0 273.0 270.0 259.0 279.0 261.0 265.0 294.0 264.0 264.0 253.0 301.0 269.0 291.0 258.0 282.0 288.0 257.0 277.0 286.0 286.0 271.0 258.0 262.0 267.0 280.0 288.0 247.0 279.0 284.0 393.0 297.0 275.0 296.0 296.0 285.0 311.0 269.0 265.0 280.0 241.0 250.0 270.0 265.0 263.0 255.0 283.0 274.0 260.0 274.0 255.0 292.0 265.0 247.0 248.0 279.0 263.0 266.0 259.0 262.0 258.0 272.0 292.0 280.0 250.0 247.0 264.0 258.0 253.0 270.0 272.0 260.0 255.0 266.0 283.0 242.0 261.0 249.0 245.0 243.0 247.0 244.0 249.0 263.0 273.0 295.0 279.0 339.0 378.0 560.0 495.0 543.0 508.0 499.0 452.0 583.0 531.0 510.0 395.0 346.0 437.0 311.0 277.0 268.0 264.0 264.0 266.0 338.0 348.0 284.0 314.0 295.0 292.0 267.0 282.0 257.0 317.0 298.0 273.0 289.0 291.0 284.0 283.0 298.0 373.0 729.0 787.0 748.0 599.0 921.0 511.0 1042.0 852.0 454.0 378.0 336.0 280.0 277.0 258.0 268.0 273.0 325.0 278.0 284.0 286.0 239.0 254.0 291.0 277.0 258.0 261.0 252.0 272.0 248.0 239.0 274.0 267.0 265.0 266.0 236.0 255.0 258.0 273.0 279.0 252.0 275.0 266.0 265.0 243.0 284.0 257.0 267.0 249.0 270.0 264.0 260.0 273.0 256.0 244.0 265.0 275.0 260.0 268.0 299.0 267.0 267.0 255.0 262.0 260.0 262.0 251.0 266.0 271.0 256.0 258.0 270.0 264.0 261.0 254.0 242.0 235.0 257.0 257.0 244.0 252.0 274.0 298.0 276.0 266.0 248.0 263.0 278.0 268.0 274.0 242.0 245.0 259.0 234.0 218.0 245.0 274.0 279.0 284.0 287.0 287.0 271.0 274.0 264.0 273.0 256.0 256.0 258.0 269.0 275.0 263.0 264.0 258.0 269.0 256.0 253.0 295.0 270.0 257.0 263.0 280.0 289.0 287.0 391.0 260.0 269.0 265.0 244.0 258.0 267.0 299.0 337.0 254.0 266.0 271.0 269.0 274.0 274.0 254.0 267.0 267.0 265.0 274.0 253.0 267.0 264.0 283.0 268.0 270.0 266.0 268.0 266.0 278.0 267.0 261.0 240.0 265.0 266.0 278.0 295.3937282229966 100.03122779389369
2 53.0 76.0 51.0 51.0 55.0 55.0 52.0 53.0 52.0 52.0 53.0 50.0 57.0 57.0 50.0 62.0 51.0 51.0 55.0 55.0 53.0 52.0 51.0 54.0 54.0 51.0 53.0 51.0 59.0 52.0 54.0 51.0 53.0 53.0 124.0 50.0 54.0 54.0 54.0 50.0 137.0 137.0 53.0 48.0 48.0 48.0 48.0 44.0 52.0 50.0 50.0 58.0 51.0 53.0 101.0 70.0 60.0 50.0 48.0 68.0 52.0 52.0 52.0 52.0 54.0 51.0 50.0 54.0 54.0 48.0 53.0 46.0 50.0 48.0 52.0 53.0 49.0 64.0 56.0 48.0 47.0 49.0 48.0 52.0 50.0 52.0 54.0 53.0 52.0 54.0 53.0 49.0 56.0 56.0 52.0 52.0 53.0 56.0 54.0 73.0 61.0 67.0 47.0 51.0 52.0 54.0 53.0 53.0 52.0 51.0 55.0 54.0 54.0 55.0 53.0 50.0 56.0 54.0 51.0 49.0 50.0 55.0 56.0 55.0 51.0 56.0 50.0 60.0 50.0 52.0 52.0 58.0 54.0 67.0 58.0 52.0 53.0 53.0 58.0 55.0 55.0 52.0 73.0 54.0 51.0 52.0 56.0 53.0 52.0 48.0 49.0 53.0 64.0 52.0 54.0 50.0 51.0 50.0 53.0 52.0 47.0 54.0 62.0 48.0 51.0 55.0 51.0 56.0 49.0 54.0 53.0 50.0 50.0 52.0 50.0 53.0 47.0 54.0 50.0 52.0 52.0 50.0 50.0 55.0 52.0 53.0 55.0 51.0 51.0 52.0 48.0 56.0 53.0 50.0 50.0 53.0 50.0 53.0 53.0 56.0 54.0 50.0 52.0 46.0 51.0 52.0 51.0 52.0 51.0 56.0 60.0 53.0 52.0 48.0 55.0 53.0 53.0 47.0 54.0 78.0 51.0 45.0 61.0 50.0 52.0 54.0 66.0 65.0 65.0 60.0 50.0 51.0 67.0 45.0 46.0 66.0 56.0 52.0 50.0 47.0 52.0 53.0 55.0 59.0 59.0 51.0 47.0 51.0 54.0 54.0 54.0 58.0 53.0 53.0 53.0 51.0 52.0 53.0 55.0 63.0 52.0 49.0 53.0 53.0 51.0 51.0 55.0 55.0 53.0 55.0 86.0 54.0 55.0 55.0 50.0 51.0 51.0 51.0 51.0 57.0 57.0 52.0 45.0 45.0 45.0 54.0 50.0 54.35540069686411 10.026145737663427
3 285.0 296.0 263.0 280.0 300.0 300.0 289.0 286.0 394.0 285.0 287.0 310.0 289.0 284.0 323.0 283.0 286.0 303.0 300.0 297.0 280.0 288.0 283.0 283.0 295.0 279.0 266.0 298.0 297.0 286.0 269.0 279.0 308.0 311.0 270.0 283.0 300.0 300.0 275.0 278.0 263.0 311.0 263.0 261.0 276.0 296.0 279.0 255.0 270.0 325.0 300.0 282.0 284.0 296.0 287.0 270.0 255.0 264.0 267.0 291.0 280.0 315.0 279.0 282.0 276.0 267.0 304.0 279.0 273.0 291.0 258.0 263.0 284.0 268.0 280.0 270.0 298.0 278.0 264.0 250.0 264.0 249.0 305.0 274.0 264.0 286.0 248.0 242.0 293.0 260.0 272.0 265.0 274.0 266.0 266.0 260.0 235.0 262.0 258.0 252.0 269.0 271.0 290.0 292.0 285.0 287.0 276.0 275.0 281.0 281.0 281.0 283.0 288.0 291.0 272.0 291.0 292.0 299.0 264.0 263.0 434.0 298.0 321.0 286.0 289.0 285.0 279.0 284.0 294.0 277.0 271.0 263.0 277.0 309.0 302.0 292.0 287.0 293.0 271.0 282.0 272.0 277.0 285.0 285.0 288.0 330.0 287.0 285.0 268.0 263.0 385.0 279.0 264.0 267.0 261.0 276.0 276.0 268.0 268.0 269.0 270.0 279.0 247.0 272.0 290.0 274.0 286.0 259.0 282.0 291.0 268.0 264.0 271.0 265.0 271.0 280.0 266.0 286.0 271.0 278.0 285.0 283.0 283.0 282.0 276.0 261.0 274.0 293.0 280.0 262.0 268.0 298.0 282.0 276.0 269.0 282.0 267.0 292.0 278.0 274.0 284.0 275.0 267.0 243.0 277.0 262.0 282.0 278.0 292.0 303.0 302.0 282.0 275.0 286.0 284.0 285.0 278.0 289.0 285.0 277.0 249.0 225.0 262.0 284.0 303.0 291.0 288.0 287.0 301.0 271.0 268.0 266.0 326.0 254.0 279.0 301.0 278.0 285.0 269.0 279.0 287.0 271.0 310.0 329.0 329.0 275.0 266.0 273.0 283.0 295.0 289.0 292.0 286.0 289.0 293.0 276.0 284.0 300.0 287.0 274.0 269.0 280.0 299.0 292.0 265.0 287.0 294.0 287.0 298.0 293.0 301.0 290.0 294.0 292.0 294.0 292.0 292.0 292.0 293.0 301.0 262.0 256.0 249.0 283.0 285.0 285.0 285.0 282.22996515679444 20.409344347922314
4 228.0 228.0 219.0 262.0 232.0 221.0 211.0 219.0 233.0 235.0 224.0 226.0 227.0 226.0 226.0 230.0 215.0 215.0 254.0 243.0 217.0 253.0 253.0 259.0 211.0 231.0 225.0 237.0 243.0 204.0 217.0 220.0 220.0 219.0 226.0 241.0 237.0 200.0 215.0 200.0 226.0 210.0 208.0 216.0 209.0 215.0 225.0 237.0 215.0 223.0 224.0 209.0 205.0 226.0 255.0 200.0 225.0 216.0 206.0 244.0 239.0 213.0 217.0 227.0 216.0 238.0 229.0 208.0 263.0 213.0 208.0 225.0 198.0 226.0 230.0 173.0 237.0 217.0 211.0 216.0 196.0 211.0 233.0 184.0 234.0 217.0 223.0 224.0 202.0 189.0 216.0 206.0 227.0 232.0 213.0 184.0 206.0 202.0 207.0 209.0 222.0 227.0 211.0 229.0 223.0 221.0 238.0 234.0 215.0 294.0 263.0 217.0 227.0 222.0 220.0 211.0 259.0 207.0 208.0 210.0 218.0 225.0 218.0 223.0 226.0 215.0 229.0 205.0 215.0 216.0 212.0 212.0 239.0 233.0 221.0 227.0 215.0 227.0 240.0 222.0 219.0 221.0 222.0 214.0 223.0 236.0 223.0 212.0 210.0 216.0 223.0 232.0 197.0 216.0 197.0 216.0 222.0 217.0 218.0 226.0 233.0 188.0 204.0 246.0 220.0 224.0 216.0 225.0 221.0 220.0 197.0 207.0 209.0 199.0 227.0 217.0 220.0 222.0 215.0 228.0 221.0 225.0 214.0 204.0 207.0 198.0 229.0 240.0 209.0 196.0 243.0 231.0 208.0 208.0 220.0 217.0 237.0 225.0 213.0 217.0 225.0 221.0 195.0 208.0 213.0 222.0 225.0 231.0 252.0 238.0 234.0 212.0 242.0 231.0 228.0 221.0 248.0 225.0 236.0 231.0 176.0 233.0 221.0 253.0 222.0 267.0 227.0 239.0 226.0 220.0 231.0 228.0 190.0 189.0 233.0 226.0 228.0 207.0 201.0 232.0 220.0 210.0 210.0 210.0 217.0 201.0 217.0 203.0 240.0 248.0 215.0 222.0 223.0 219.0 224.0 225.0 235.0 240.0 217.0 222.0 206.0 241.0 233.0 211.0 219.0 265.0 221.0 217.0 225.0 240.0 230.0 235.0 214.0 219.0 216.0 221.0 231.0 226.0 239.0 229.0 211.0 191.0 196.0 232.0 235.0 224.0 222.0 221.68989547038328 15.589287237153014
5 296.0 296.0 742.0 288.0 282.0 280.0 287.0 288.0 303.0 289.0 268.0 291.0 291.0 300.0 292.0 287.0 292.0 311.0 297.0 282.0 272.0 289.0 337.0 284.0 278.0 277.0 299.0 287.0 260.0 264.0 291.0 273.0 273.0 283.0 293.0 261.0 277.0 277.0 266.0 275.0 286.0 270.0 272.0 281.0 290.0 283.0 265.0 276.0 292.0 311.0 282.0 301.0 285.0 284.0 257.0 261.0 256.0 266.0 289.0 309.0 282.0 287.0 288.0 271.0 269.0 296.0 266.0 294.0 308.0 277.0 285.0 262.0 280.0 280.0 238.0 268.0 282.0 273.0 268.0 286.0 277.0 285.0 257.0 284.0 286.0 290.0 295.0 258.0 268.0 290.0 259.0 280.0 288.0 263.0 248.0 243.0 274.0 257.0 265.0 279.0 357.0 265.0 284.0 289.0 277.0 272.0 269.0 277.0 298.0 318.0 287.0 287.0 271.0 280.0 280.0 284.0 275.0 263.0 282.0 286.0 291.0 287.0 286.0 294.0 282.0 285.0 286.0 295.0 274.0 287.0 266.0 298.0 305.0 296.0 281.0 289.0 282.0 272.0 292.0 283.0 286.0 294.0 278.0 282.0 288.0 292.0 278.0 268.0 273.0 291.0 284.0 266.0 299.0 256.0 283.0 283.0 278.0 277.0 293.0 279.0 256.0 249.0 299.0 272.0 291.0 286.0 285.0 290.0 288.0 262.0 257.0 272.0 251.0 289.0 296.0 284.0 263.0 276.0 283.0 287.0 276.0 285.0 281.0 283.0 264.0 291.0 304.0 287.0 269.0 296.0 295.0 276.0 263.0 288.0 289.0 296.0 291.0 281.0 276.0 284.0 280.0 254.0 246.0 281.0 265.0 281.0 297.0 296.0 303.0 278.0 258.0 287.0 293.0 280.0 286.0 285.0 284.0 279.0 282.0 234.0 231.0 288.0 297.0 251.0 275.0 289.0 300.0 287.0 275.0 270.0 276.0 254.0 251.0 283.0 297.0 287.0 280.0 262.0 289.0 274.0 278.0 277.0 277.0 288.0 264.0 279.0 278.0 303.0 295.0 278.0 286.0 287.0 287.0 291.0 285.0 297.0 299.0 282.0 283.0 294.0 307.0 307.0 285.0 289.0 289.0 284.0 288.0 289.0 287.0 280.0 297.0 287.0 287.0 286.0 289.0 291.0 296.0 298.0 293.0 275.0 258.0 255.0 293.0 295.0 285.0 287.0 284.0 283.2926829268293 30.981012380027536
6 16.0 16.0 16.0 15.0 15.0 15.0 15.0 15.0 16.0 16.0 16.0 17.0 17.0 17.0 16.0 16.0 16.0 18.0 18.0 18.0 18.0 18.0 16.0 16.0 16.0 16.0 16.0 16.0 15.0 17.0 17.0 17.0 17.0 15.0 15.0 15.0 15.0 15.0 15.0 15.0 15.0 15.0 15.0 15.0 15.0 15.0 15.0 15.0 15.0 17.0 16.0 16.0 17.0 17.0 17.0 17.0 17.0 17.0 17.0 16.0 14.0 14.0 16.0 16.0 16.0 16.0 16.0 16.0 16.0 16.0 16.0 16.0 14.0 14.0 14.0 14.0 14.0 14.0 13.0 13.0 13.0 13.0 14.0 14.0 14.0 14.0 16.0 14.0 17.0 14.0 14.0 14.0 14.0 14.0 14.0 14.0 14.0 14.0 15.0 15.0 15.0 15.0 15.0 15.0 15.0 15.0 14.0 16.0 18.0 16.0 17.0 17.0 16.0 16.0 16.0 16.0 15.0 16.0 16.0 16.0 16.0 16.0 16.0 16.0 16.0 16.0 16.0 16.0 15.0 13.0 13.0 17.0 16.0 16.0 16.0 16.0 16.0 16.0 16.0 16.0 16.0 16.0 16.0 16.0 16.0 16.0 15.0 15.0 15.0 15.0 15.0 15.0 14.0 14.0 14.0 15.0 15.0 15.0 15.0 15.0 14.0 16.0 16.0 16.0 16.0 15.0 17.0 17.0 14.0 14.0 17.0 14.0 15.0 16.0 16.0 17.0 15.0 15.0 16.0 15.0 16.0 16.0 14.0 16.0 18.0 17.0 17.0 15.0 16.0 16.0 16.0 15.0 16.0 18.0 17.0 17.0 15.0 16.0 16.0 16.0 16.0 16.0 16.0 16.0 16.0 16.0 16.0 15.0 15.0 15.0 15.0 15.0 16.0 15.0 15.0 15.0 16.0 16.0 16.0 13.0 13.0 13.0 16.0 15.0 16.0 16.0 16.0 15.0 16.0 16.0 16.0 14.0 13.0 17.0 17.0 16.0 16.0 16.0 17.0 15.0 15.0 15.0 15.0 15.0 15.0 16.0 16.0 17.0 17.0 17.0 17.0 17.0 17.0 17.0 17.0 16.0 16.0 16.0 16.0 16.0 17.0 17.0 17.0 17.0 17.0 16.0 16.0 16.0 15.0 16.0 16.0 16.0 16.0 16.0 16.0 16.0 16.0 16.0 16.0 16.0 15.0 15.0 15.0 15.0 15.0 15.0 15.0 15.61672473867596 1.0673798408559054
7 333.0 333.0 352.0 331.0 320.0 324.0 327.0 336.0 328.0 325.0 333.0 338.0 338.0 321.0 320.0 320.0 359.0 327.0 335.0 342.0 366.0 362.0 329.0 383.0 318.0 331.0 317.0 309.0 306.0 330.0 308.0 308.0 319.0 330.0 292.0 297.0 312.0 303.0 317.0 317.0 297.0 343.0 327.0 334.0 313.0 301.0 305.0 345.0 387.0 346.0 336.0 336.0 327.0 285.0 334.0 304.0 310.0 305.0 344.0 313.0 324.0 327.0 303.0 316.0 329.0 297.0 340.0 338.0 306.0 316.0 295.0 317.0 291.0 273.0 311.0 361.0 312.0 316.0 314.0 309.0 284.0 315.0 330.0 327.0 322.0 331.0 297.0 307.0 340.0 310.0 313.0 313.0 330.0 308.0 286.0 301.0 407.0 303.0 315.0 402.0 461.0 324.0 328.0 318.0 419.0 379.0 313.0 335.0 346.0 312.0 320.0 309.0 316.0 328.0 320.0 313.0 320.0 311.0 335.0 323.0 322.0 341.0 330.0 316.0 327.0 318.0 317.0 315.0 325.0 305.0 350.0 355.0 329.0 367.0 333.0 323.0 303.0 342.0 336.0 317.0 326.0 333.0 324.0 387.0 323.0 327.0 319.0 309.0 327.0 325.0 305.0 321.0 291.0 313.0 318.0 330.0 335.0 327.0 308.0 287.0 282.0 328.0 313.0 320.0 326.0 320.0 344.0 324.0 306.0 312.0 319.0 289.0 290.0 319.0 315.0 315.0 316.0 330.0 325.0 315.0 317.0 313.0 320.0 315.0 328.0 345.0 315.0 291.0 380.0 361.0 346.0 305.0 325.0 327.0 334.0 330.0 315.0 325.0 324.0 315.0 292.0 292.0 316.0 317.0 320.0 329.0 339.0 341.0 327.0 316.0 382.0 328.0 317.0 317.0 297.0 319.0 316.0 327.0 265.0 263.0 263.0 446.0 287.0 314.0 322.0 344.0 326.0 316.0 335.0 324.0 288.0 283.0 325.0 342.0 324.0 312.0 297.0 409.0 306.0 315.0 316.0 316.0 321.0 309.0 303.0 315.0 338.0 328.0 316.0 325.0 329.0 387.0 324.0 326.0 335.0 417.0 341.0 323.0 295.0 348.0 344.0 320.0 324.0 330.0 324.0 325.0 324.0 399.0 338.0 345.0 322.0 322.0 320.0 336.0 331.0 382.0 329.0 332.0 336.0 293.0 294.0 335.0 334.0 341.0 320.0 324.0 330.0 324.9581881533101 25.520422252589952
8 524.0 504.0 528.0 494.0 576.0 522.0 517.0 484.0 496.0 501.0 502.0 501.0 490.0 484.0 618.0 539.0 501.0 491.0 529.0 525.0 528.0 477.0 545.0 512.0 517.0 506.0 460.0 465.0 477.0 476.0 511.0 512.0 472.0 472.0 474.0 490.0 500.0 486.0 514.0 466.0 450.0 450.0 483.0 491.0 492.0 503.0 498.0 503.0 516.0 530.0 508.0 478.0 456.0 482.0 469.0 444.0 555.0 508.0 490.0 484.0 499.0 508.0 524.0 485.0 462.0 511.0 527.0 499.0 516.0 498.0 498.0 515.0 429.0 474.0 484.0 472.0 486.0 475.0 481.0 505.0 483.0 529.0 525.0 507.0 516.0 458.0 459.0 453.0 518.0 515.0 433.0 433.0 465.0 451.0 581.0 530.0 501.0 489.0 476.0 492.0 478.0 498.0 466.0 591.0 480.0 495.0 479.0 486.0 479.0 477.0 479.0 484.0 472.0 486.0 462.0 454.0 482.0 491.0 501.0 480.0 505.0 538.0 480.0 482.0 476.0 470.0 484.0 510.0 491.0 514.0 503.0 468.0 514.0 490.0 477.0 464.0 495.0 493.0 545.0 525.0 497.0 496.0 492.0 492.0 484.0 455.0 458.0 487.0 486.0 455.0 457.0 464.0 473.0 499.0 475.0 491.0 504.0 471.0 425.0 448.0 509.0 482.0 497.0 494.0 526.0 504.0 481.0 461.0 486.0 447.0 440.0 444.0 501.0 487.0 488.0 495.0 510.0 496.0 488.0 527.0 499.0 486.0 552.0 492.0 532.0 462.0 446.0 504.0 526.0 479.0 508.0 516.0 496.0 517.0 544.0 500.0 522.0 494.0 490.0 413.0 434.0 481.0 497.0 487.0 501.0 523.0 501.0 512.0 515.0 502.0 491.0 495.0 471.0 490.0 490.0 505.0 503.0 401.0 380.0 492.0 435.0 415.0 516.0 497.0 483.0 488.0 492.0 498.0 488.0 428.0 440.0 502.0 503.0 512.0 471.0 469.0 477.0 453.0 443.0 460.0 480.0 516.0 522.0 476.0 495.0 527.0 482.0 486.0 518.0 500.0 1015.0 493.0 519.0 521.0 518.0 469.0 458.0 512.0 522.0 511.0 482.0 485.0 511.0 487.0 484.0 505.0 499.0 509.0 523.0 477.0 482.0 522.0 503.0 544.0 491.0 505.0 508.0 432.0 427.0 436.0 539.0 535.0 478.0 569.0 524.0 465.0 481.0 493.4355400696864 43.05422493710203
9 644.0 637.0 635.0 623.0 837.0 664.0 666.0 714.0 693.0 701.0 698.0 684.0 652.0 653.0 653.0 756.0 714.0 653.0 664.0 738.0 752.0 658.0 676.0 677.0 612.0 609.0 640.0 708.0 675.0 687.0 631.0 622.0 621.0 625.0 842.0 612.0 612.0 612.0 566.0 596.0 650.0 653.0 618.0 598.0 628.0 654.0 595.0 630.0 666.0 666.0 637.0 607.0 552.0 626.0 631.0 653.0 588.0 652.0 675.0 682.0 656.0 627.0 624.0 629.0 678.0 662.0 654.0 639.0 663.0 677.0 658.0 655.0 643.0 671.0 605.0 624.0 675.0 668.0 662.0 659.0 671.0 676.0 691.0 609.0 612.0 652.0 636.0 623.0 583.0 559.0 603.0 617.0 664.0 740.0 725.0 608.0 651.0 639.0 653.0 672.0 790.0 898.0 916.0 648.0 648.0 638.0 637.0 655.0 633.0 642.0 639.0 643.0 634.0 629.0 631.0 642.0 649.0 654.0 673.0 673.0 667.0 644.0 619.0 670.0 658.0 667.0 701.0 707.0 676.0 670.0 674.0 670.0 645.0 649.0 676.0 665.0 662.0 654.0 675.0 649.0 651.0 658.0 645.0 633.0 625.0 631.0 630.0 630.0 643.0 613.0 611.0 630.0 625.0 639.0 652.0 650.0 598.0 596.0 624.0 666.0 680.0 658.0 757.0 660.0 640.0 621.0 641.0 596.0 595.0 616.0 664.0 669.0 640.0 645.0 682.0 673.0 674.0 682.0 656.0 630.0 616.0 701.0 680.0 627.0 611.0 649.0 675.0 614.0 687.0 687.0 666.0 661.0 656.0 636.0 627.0 667.0 624.0 560.0 565.0 599.0 642.0 642.0 672.0 672.0 736.0 659.0 628.0 612.0 643.0 617.0 646.0 668.0 664.0 649.0 647.0 549.0 517.0 528.0 676.0 647.0 552.0 653.0 659.0 666.0 656.0 651.0 645.0 580.0 578.0 583.0 658.0 644.0 627.0 650.0 741.0 623.0 604.0 603.0 614.0 691.0 672.0 705.0 677.0 685.0 667.0 663.0 662.0 674.0 695.0 667.0 660.0 684.0 679.0 638.0 646.0 691.0 702.0 688.0 674.0 667.0 659.0 663.0 663.0 665.0 689.0 679.0 667.0 661.0 678.0 717.0 692.0 564.0 560.0 657.0 656.0 618.0 589.0 608.0 638.0 826.0 714.0 656.0 692.0 661.0 667.0 669.0 650.0 653.0975609756098 47.231733002526695
10 983.0 923.0 928.0 937.0 993.0 990.0 999.0 957.0 939.0 934.0 931.0 927.0 919.0 927.0 943.0 979.0 988.0 954.0 936.0 941.0 973.0 877.0 884.0 872.0 900.0 946.0 966.0 952.0 888.0 893.0 896.0 879.0 906.0 906.0 906.0 979.0 912.0 932.0 917.0 907.0 892.0 903.0 927.0 960.0 936.0 971.0 928.0 889.0 909.0 900.0 858.0 834.0 899.0 909.0 930.0 928.0 981.0 939.0 920.0 892.0 918.0 909.0 924.0 944.0 934.0 921.0 975.0 968.0 981.0 921.0 909.0 880.0 850.0 981.0 931.0 887.0 882.0 923.0 971.0 958.0 893.0 868.0 912.0 930.0 941.0 897.0 788.0 789.0 826.0 1010.0 1029.0 969.0 1016.0 879.0 900.0 920.0 922.0 936.0 934.0 1047.0 1132.0 924.0 918.0 912.0 911.0 898.0 902.0 912.0 925.0 926.0 902.0 898.0 921.0 925.0 945.0 950.0 963.0 973.0 946.0 938.0 880.0 945.0 956.0 959.0 960.0 974.0 967.0 951.0 909.0 931.0 946.0 949.0 947.0 946.0 940.0 913.0 931.0 932.0 938.0 927.0 910.0 893.0 889.0 897.0 919.0 920.0 876.0 881.0 880.0 902.0 915.0 913.0 937.0 935.0 984.0 900.0 905.0 923.0 917.0 944.0 937.0 947.0 904.0 902.0 899.0 856.0 853.0 858.0 941.0 938.0 909.0 925.0 921.0 928.0 931.0 953.0 930.0 907.0 930.0 920.0 948.0 909.0 903.0 912.0 949.0 940.0 952.0 951.0 950.0 949.0 932.0 918.0 891.0 887.0 881.0 898.0 879.0 925.0 929.0 954.0 960.0 956.0 927.0 923.0 941.0 907.0 891.0 873.0 836.0 861.0 920.0 925.0 917.0 805.0 774.0 761.0 900.0 931.0 917.0 929.0 959.0 923.0 933.0 888.0 889.0 829.0 825.0 847.0 912.0 908.0 892.0 873.0 898.0 861.0 872.0 861.0 909.0 975.0 955.0 958.0 973.0 975.0 955.0 961.0 938.0 952.0 948.0 944.0 948.0 964.0 960.0 942.0 946.0 989.0 950.0 982.0 958.0 923.0 947.0 964.0 951.0 954.0 969.0 951.0 968.0 958.0 944.0 937.0 1003.0 869.0 791.0 796.0 915.0 853.0 865.0 874.0 905.0 958.0 967.0 937.0 965.0 937.0 1068.0 980.0 942.0 884.0 959.0 923.8501742160279 44.40959062499935
11 481.0 500.0 522.0 523.0 506.0 503.0 510.0 499.0 510.0 545.0 510.0 522.0 523.0 586.0 505.0 507.0 517.0 530.0 560.0 497.0 461.0 462.0 500.0 546.0 535.0 473.0 507.0 463.0 532.0 498.0 454.0 454.0 454.0 507.0 507.0 517.0 507.0 507.0 620.0 497.0 503.0 506.0 488.0 530.0 562.0 520.0 466.0 475.0 476.0 469.0 471.0 495.0 527.0 496.0 537.0 554.0 487.0 485.0 489.0 511.0 543.0 562.0 502.0 504.0 509.0 521.0 530.0 500.0 514.0 494.0 461.0 499.0 534.0 480.0 498.0 522.0 527.0 510.0 498.0 470.0 478.0 506.0 497.0 532.0 424.0 417.0 490.0 491.0 499.0 476.0 502.0 518.0 528.0 513.0 497.0 501.0 500.0 591.0 576.0 495.0 493.0 492.0 494.0 481.0 503.0 495.0 519.0 499.0 512.0 533.0 536.0 514.0 509.0 514.0 510.0 527.0 525.0 482.0 513.0 512.0 544.0 507.0 506.0 514.0 519.0 525.0 476.0 487.0 538.0 518.0 525.0 516.0 520.0 522.0 515.0 518.0 528.0 496.0 485.0 489.0 471.0 495.0 440.0 467.0 482.0 458.0 463.0 489.0 487.0 511.0 509.0 552.0 533.0 521.0 518.0 512.0 503.0 521.0 521.0 488.0 493.0 492.0 493.0 486.0 501.0 494.0 503.0 500.0 502.0 512.0 519.0 502.0 511.0 515.0 519.0 510.0 509.0 519.0 527.0 493.0 501.0 528.0 502.0 510.0 520.0 509.0 519.0 509.0 522.0 488.0 510.0 487.0 507.0 476.0 496.0 540.0 516.0 523.0 557.0 501.0 504.0 523.0 542.0 484.0 515.0 510.0 521.0 521.0 491.0 468.0 497.0 426.0 409.0 443.0 447.0 463.0 507.0 536.0 527.0 528.0 501.0 449.0 451.0 450.0 480.0 517.0 516.0 483.0 497.0 482.0 494.0 472.0 445.0 481.0 533.0 563.0 496.0 532.0 533.0 528.0 509.0 533.0 520.0 523.0 529.0 523.0 520.0 555.0 552.0 509.0 512.0 527.0 518.0 504.0 531.0 542.0 510.0 506.0 556.0 498.0 498.0 552.0 598.0 545.0 531.0 508.0 489.0 514.0 534.0 514.0 488.0 505.0 459.0 482.0 544.0 515.0 504.0 498.0 437.0 484.0 513.0 521.0 530.0 495.0 483.0 514.0 509.0 506.2439024390244 28.474189443037737
12 662.0 675.0 679.0 635.0 633.0 616.0 611.0 627.0 615.0 609.0 634.0 628.0 633.0 650.0 662.0 645.0 646.0 619.0 586.0 581.0 637.0 664.0 656.0 646.0 597.0 598.0 607.0 611.0 611.0 735.0 1004.0 2726.0 648.0 591.0 610.0 735.0 662.0 655.0 644.0 634.0 664.0 683.0 664.0 641.0 584.0 562.0 617.0 611.0 623.0 617.0 606.0 613.0 661.0 634.0 612.0 595.0 644.0 639.0 645.0 640.0 616.0 606.0 647.0 628.0 617.0 663.0 649.0 627.0 564.0 606.0 639.0 597.0 586.0 613.0 654.0 665.0 651.0 658.0 648.0 617.0 641.0 637.0 567.0 539.0 566.0 611.0 802.0 790.0 832.0 637.0 619.0 615.0 642.0 617.0 774.0 859.0 725.0 608.0 616.0 606.0 617.0 609.0 605.0 624.0 639.0 638.0 629.0 636.0 652.0 641.0 632.0 628.0 639.0 645.0 640.0 637.0 634.0 641.0 644.0 650.0 626.0 659.0 646.0 652.0 609.0 604.0 618.0 632.0 638.0 634.0 629.0 616.0 628.0 637.0 630.0 621.0 614.0 600.0 597.0 628.0 568.0 561.0 603.0 579.0 582.0 594.0 626.0 615.0 628.0 644.0 655.0 646.0 630.0 624.0 613.0 640.0 632.0 631.0 615.0 614.0 596.0 618.0 638.0 654.0 640.0 627.0 616.0 617.0 624.0 634.0 631.0 639.0 631.0 616.0 626.0 645.0 653.0 671.0 634.0 627.0 627.0 634.0 625.0 638.0 654.0 638.0 628.0 597.0 564.0 575.0 622.0 640.0 622.0 627.0 636.0 644.0 640.0 619.0 649.0 654.0 650.0 611.0 616.0 625.0 631.0 647.0 619.0 574.0 576.0 620.0 538.0 530.0 644.0 542.0 548.0 630.0 656.0 644.0 629.0 565.0 557.0 559.0 597.0 631.0 625.0 608.0 608.0 608.0 603.0 586.0 562.0 565.0 657.0 666.0 658.0 643.0 644.0 648.0 646.0 659.0 644.0 661.0 657.0 630.0 640.0 657.0 631.0 601.0 628.0 653.0 632.0 640.0 642.0 650.0 647.0 648.0 646.0 599.0 616.0 646.0 652.0 636.0 644.0 643.0 618.0 618.0 627.0 627.0 633.0 628.0 574.0 585.0 653.0 644.0 634.0 613.0 661.0 643.0 647.0 645.0 638.0 618.0 604.0 577.0 566.0 625.0 654.0 637.9581881533102 131.29078784488092
13 8.0 8.0 8.0 8.0 8.0 8.0 8.0 8.0 8.0 8.0 8.0 8.0 8.0 8.0 8.0 8.0 8.0 7.0 7.0 7.0 7.0 7.0 7.0 7.0 7.0 7.0 7.0 7.0 7.0 7.0 7.0 7.0 7.0 7.0 7.0 7.0 8.0 8.0 10.0 10.0 10.0 10.0 8.0 8.0 8.0 8.0 8.0 8.0 8.0 8.0 8.0 8.0 8.0 8.0 8.0 8.0 8.0 8.0 8.0 8.0 8.0 8.0 8.0 8.0 8.0 8.0 8.0 8.0 8.0 8.0 8.0 7.0 7.0 8.0 8.0 8.0 8.0 8.0 7.0 7.0 7.0 8.0 7.0 7.0 7.0 7.0 7.0 8.0 8.0 8.0 8.0 8.0 7.0 8.0 10.0 7.0 8.0 8.0 8.0 8.0 8.0 8.0 8.0 8.0 8.0 8.0 8.0 8.0 8.0 8.0 8.0 8.0 8.0 8.0 8.0 8.0 8.0 9.0 9.0 9.0 8.0 8.0 8.0 8.0 7.0 8.0 8.0 8.0 8.0 8.0 8.0 8.0 8.0 8.0 8.0 7.0 7.0 7.0 8.0 8.0 7.0 7.0 7.0 7.0 7.0 7.0 8.0 8.0 8.0 8.0 8.0 8.0 8.0 8.0 8.0 8.0 8.0 7.0 7.0 7.0 7.0 8.0 8.0 8.0 7.0 7.0 8.0 8.0 8.0 8.0 8.0 8.0 8.0 8.0 8.0 8.0 9.0 9.0 9.0 9.0 9.0 9.0 8.0 8.0 8.0 8.0 8.0 8.0 8.0 8.0 8.0 8.0 8.0 9.0 8.0 8.0 8.0 8.0 8.0 8.0 8.0 8.0 8.0 8.0 8.0 8.0 8.0 8.0 8.0 8.0 7.0 7.0 7.0 7.0 7.0 7.0 8.0 8.0 7.0 7.0 7.0 7.0 9.0 9.0 8.0 8.0 8.0 8.0 8.0 7.0 7.0 7.0 7.0 7.0 7.0 8.0 8.0 8.0 8.0 8.0 8.0 8.0 8.0 8.0 8.0 8.0 8.0 8.0 8.0 8.0 8.0 8.0 8.0 8.0 8.0 8.0 8.0 8.0 8.0 8.0 8.0 8.0 8.0 8.0 8.0 8.0 8.0 8.0 8.0 8.0 7.0 8.0 8.0 8.0 8.0 8.0 8.0 8.0 8.0 8.0 8.0 8.0 8.0 7.0 7.0 7.0 7.0 7.839721254355401 0.5690968728613058
14 98.0 95.0 95.0 90.0 90.0 90.0 89.0 96.0 96.0 94.0 92.0 88.0 95.0 92.0 95.0 93.0 93.0 85.0 88.0 92.0 97.0 97.0 97.0 87.0 87.0 87.0 87.0 87.0 85.0 107.0 107.0 107.0 96.0 96.0 96.0 96.0 99.0 99.0 102.0 102.0 102.0 102.0 100.0 82.0 82.0 97.0 92.0 92.0 92.0 92.0 90.0 95.0 95.0 89.0 89.0 98.0 92.0 106.0 94.0 86.0 97.0 93.0 89.0 86.0 119.0 97.0 92.0 78.0 86.0 97.0 89.0 83.0 100.0 100.0 100.0 93.0 97.0 94.0 94.0 92.0 92.0 89.0 77.0 92.0 87.0 87.0 102.0 94.0 93.0 93.0 91.0 92.0 90.0 125.0 91.0 98.0 92.0 92.0 91.0 91.0 89.0 91.0 92.0 96.0 96.0 95.0 95.0 94.0 93.0 96.0 90.0 95.0 96.0 96.0 93.0 83.0 93.0 94.0 96.0 97.0 97.0 96.0 95.0 90.0 87.0 93.0 93.0 94.0 94.0 120.0 95.0 92.0 93.0 95.0 90.0 94.0 86.0 90.0 100.0 94.0 83.0 93.0 82.0 89.0 95.0 91.0 87.0 88.0 96.0 96.0 101.0 93.0 92.0 92.0 94.0 92.0 92.0 92.0 89.0 95.0 96.0 91.0 88.0 91.0 87.0 91.0 90.0 95.0 93.0 93.0 93.0 94.0 84.0 91.0 97.0 96.0 101.0 92.0 90.0 91.0 96.0 95.0 97.0 98.0 91.0 91.0 83.0 92.0 95.0 92.0 99.0 94.0 91.0 95.0 110.0 147.0 87.0 101.0 98.0 95.0 87.0 94.0 88.0 91.0 96.0 89.0 87.0 89.0 89.0 77.0 82.0 96.0 74.0 83.0 94.0 101.0 94.0 94.0 87.0 81.0 85.0 82.0 95.0 92.0 90.0 91.0 87.0 89.0 93.0 81.0 85.0 93.0 93.0 92.0 95.0 93.0 95.0 95.0 102.0 96.0 94.0 97.0 91.0 101.0 92.0 97.0 98.0 91.0 94.0 93.0 98.0 95.0 93.0 94.0 99.0 94.0 87.0 94.0 92.0 104.0 104.0 94.0 94.0 88.0 88.0 91.0 91.0 91.0 92.0 85.0 87.0 104.0 92.0 97.0 97.0 97.0 98.0 94.0 94.0 92.0 81.0 94.0 86.0 80.0 97.0 93.0 93.0 93.15679442508711 6.847985832935162
15 605.0 588.0 586.0 569.0 577.0 579.0 576.0 593.0 601.0 587.0 527.0 550.0 593.0 595.0 591.0 584.0 557.0 569.0 607.0 611.0 602.0 562.0 545.0 558.0 573.0 569.0 569.0 543.0 618.0 634.0 627.0 627.0 596.0 571.0 599.0 631.0 601.0 538.0 561.0 602.0 602.0 602.0 520.0 552.0 578.0 569.0 563.0 604.0 608.0 616.0 616.0 573.0 564.0 562.0 547.0 559.0 586.0 595.0 569.0 562.0 615.0 572.0 577.0 591.0 576.0 553.0 513.0 561.0 596.0 543.0 544.0 609.0 607.0 604.0 608.0 600.0 580.0 580.0 589.0 580.0 549.0 502.0 520.0 558.0 799.0 701.0 559.0 586.0 568.0 572.0 574.0 564.0 559.0 582.0 582.0 575.0 591.0 595.0 599.0 529.0 534.0 566.0 620.0 586.0 584.0 592.0 596.0 589.0 582.0 584.0 595.0 618.0 605.0 578.0 580.0 589.0 588.0 577.0 602.0 606.0 599.0 595.0 559.0 562.0 588.0 587.0 584.0 578.0 576.0 579.0 589.0 592.0 578.0 552.0 560.0 536.0 561.0 597.0 592.0 606.0 564.0 533.0 550.0 583.0 560.0 561.0 587.0 606.0 600.0 590.0 571.0 562.0 583.0 595.0 592.0 578.0 595.0 570.0 561.0 537.0 532.0 588.0 567.0 578.0 573.0 576.0 578.0 585.0 594.0 599.0 591.0 582.0 582.0 590.0 584.0 587.0 579.0 572.0 591.0 586.0 599.0 601.0 610.0 602.0 561.0 540.0 547.0 586.0 585.0 488.0 518.0 594.0 600.0 594.0 578.0 624.0 618.0 599.0 596.0 577.0 559.0 571.0 577.0 585.0 558.0 548.0 575.0 600.0 490.0 491.0 612.0 496.0 527.0 593.0 609.0 589.0 580.0 530.0 513.0 511.0 576.0 591.0 581.0 576.0 569.0 550.0 564.0 540.0 515.0 527.0 598.0 571.0 608.0 595.0 618.0 598.0 601.0 599.0 607.0 610.0 574.0 583.0 591.0 600.0 577.0 565.0 591.0 606.0 609.0 594.0 597.0 590.0 591.0 590.0 565.0 555.0 589.0 611.0 616.0 586.0 588.0 597.0 590.0 565.0 577.0 576.0 591.0 596.0 536.0 537.0 575.0 568.0 571.0 596.0 608.0 594.0 595.0 593.0 602.0 567.0 510.0 502.0 564.0 581.0 594.0 590.0 582.0 579.3135888501743 30.394709755664138
16 551.0 363.0 363.0 402.0 365.0 383.0 387.0 394.0 391.0 379.0 396.0 382.0 370.0 339.0 362.0 366.0 376.0 492.0 397.0 387.0 349.0 363.0 363.0 369.0 394.0 438.0 464.0 777.0 448.0 391.0 391.0 373.0 401.0 401.0 486.0 374.0 358.0 391.0 391.0 391.0 391.0 339.0 387.0 356.0 364.0 405.0 392.0 380.0 399.0 399.0 363.0 373.0 420.0 356.0 377.0 387.0 383.0 369.0 372.0 367.0 356.0 403.0 378.0 381.0 345.0 339.0 377.0 355.0 339.0 364.0 382.0 398.0 374.0 386.0 390.0 388.0 380.0 366.0 364.0 387.0 330.0 367.0 385.0 419.0 451.0 385.0 380.0 372.0 425.0 405.0 379.0 386.0 398.0 386.0 383.0 399.0 390.0 374.0 344.0 326.0 393.0 380.0 395.0 365.0 374.0 379.0 381.0 377.0 383.0 383.0 422.0 369.0 386.0 399.0 403.0 379.0 393.0 394.0 397.0 385.0 371.0 350.0 361.0 386.0 385.0 380.0 401.0 366.0 375.0 380.0 395.0 387.0 377.0 378.0 373.0 383.0 394.0 390.0 388.0 353.0 342.0 403.0 369.0 355.0 371.0 393.0 378.0 383.0 372.0 375.0 378.0 383.0 379.0 484.0 639.0 355.0 364.0 368.0 352.0 353.0 370.0 426.0 410.0 388.0 399.0 390.0 391.0 389.0 380.0 371.0 369.0 394.0 373.0 375.0 384.0 394.0 376.0 366.0 386.0 405.0 386.0 392.0 396.0 355.0 362.0 378.0 386.0 378.0 334.0 317.0 391.0 384.0 380.0 405.0 414.0 391.0 392.0 379.0 374.0 369.0 392.0 390.0 373.0 346.0 369.0 380.0 395.0 313.0 314.0 403.0 317.0 344.0 358.0 390.0 369.0 380.0 337.0 333.0 373.0 397.0 444.0 379.0 371.0 360.0 352.0 378.0 341.0 333.0 387.0 353.0 366.0 396.0 390.0 385.0 392.0 384.0 606.0 408.0 388.0 377.0 389.0 383.0 393.0 385.0 367.0 392.0 392.0 403.0 388.0 379.0 383.0 391.0 378.0 368.0 378.0 394.0 399.0 396.0 389.0 380.0 347.0 522.0 390.0 424.0 392.0 385.0 380.0 344.0 355.0 374.0 361.0 387.0 387.0 378.0 376.0 387.0 406.0 407.0 351.0 327.0 332.0 364.0 390.0 394.0 376.0 397.0 397.0 384.6620209059233 41.27700286033891
17 143.0 143.0 143.0 140.0 146.0 146.0 150.0 151.0 151.0 144.0 141.0 142.0 125.0 125.0 134.0 135.0 142.0 147.0 140.0 140.0 130.0 130.0 136.0 136.0 127.0 117.0 123.0 123.0 123.0 123.0 123.0 170.0 170.0 136.0 136.0 129.0 129.0 129.0 129.0 129.0 125.0 142.0 142.0 127.0 127.0 146.0 134.0 148.0 148.0 148.0 127.0 135.0 132.0 132.0 142.0 140.0 164.0 140.0 140.0 133.0 133.0 143.0 138.0 151.0 118.0 143.0 142.0 123.0 123.0 320.0 145.0 145.0 137.0 142.0 144.0 190.0 134.0 130.0 126.0 120.0 134.0 145.0 249.0 156.0 141.0 235.0 138.0 140.0 140.0 140.0 135.0 141.0 133.0 143.0 141.0 143.0 137.0 137.0 120.0 142.0 149.0 120.0 144.0 141.0 137.0 139.0 133.0 132.0 149.0 149.0 139.0 140.0 145.0 143.0 135.0 148.0 156.0 151.0 142.0 137.0 130.0 128.0 141.0 143.0 134.0 148.0 140.0 137.0 141.0 144.0 140.0 127.0 131.0 136.0 135.0 144.0 132.0 145.0 140.0 125.0 136.0 146.0 131.0 136.0 146.0 143.0 143.0 140.0 134.0 157.0 142.0 139.0 156.0 134.0 142.0 123.0 140.0 131.0 141.0 144.0 172.0 141.0 157.0 149.0 173.0 140.0 144.0 152.0 127.0 131.0 141.0 141.0 138.0 140.0 142.0 144.0 130.0 141.0 147.0 140.0 146.0 164.0 129.0 135.0 141.0 143.0 141.0 138.0 126.0 143.0 154.0 126.0 131.0 156.0 145.0 141.0 139.0 142.0 137.0 146.0 146.0 146.0 124.0 134.0 137.0 147.0 118.0 119.0 148.0 117.0 119.0 132.0 130.0 139.0 131.0 147.0 123.0 132.0 133.0 146.0 140.0 141.0 140.0 129.0 138.0 137.0 121.0 144.0 142.0 127.0 146.0 154.0 143.0 144.0 141.0 141.0 140.0 148.0 141.0 140.0 140.0 138.0 142.0 131.0 133.0 144.0 147.0 145.0 142.0 142.0 143.0 134.0 128.0 128.0 128.0 147.0 147.0 147.0 144.0 116.0 130.0 147.0 144.0 136.0 140.0 134.0 126.0 134.0 137.0 137.0 137.0 133.0 146.0 141.0 143.0 142.0 145.0 145.0 147.0 125.0 141.0 147.0 145.0 143.0 149.0 149.0 149.0 140.4006968641115 16.876652455806557
18 504.0 546.0 487.0 527.0 504.0 518.0 504.0 493.0 509.0 498.0 486.0 471.0 475.0 481.0 503.0 496.0 511.0 501.0 504.0 478.0 471.0 475.0 475.0 448.0 617.0 504.0 506.0 521.0 511.0 488.0 533.0 495.0 516.0 458.0 452.0 452.0 452.0 516.0 536.0 463.0 469.0 482.0 446.0 522.0 537.0 548.0 529.0 521.0 481.0 481.0 483.0 472.0 483.0 502.0 507.0 502.0 492.0 517.0 509.0 548.0 500.0 490.0 511.0 460.0 497.0 486.0 453.0 471.0 492.0 501.0 504.0 496.0 508.0 500.0 508.0 494.0 481.0 493.0 437.0 441.0 494.0 504.0 462.0 499.0 496.0 486.0 492.0 498.0 482.0 478.0 496.0 485.0 499.0 493.0 488.0 491.0 484.0 491.0 503.0 497.0 460.0 483.0 482.0 496.0 510.0 501.0 493.0 496.0 502.0 508.0 488.0 504.0 496.0 516.0 512.0 505.0 508.0 503.0 497.0 469.0 459.0 491.0 499.0 495.0 510.0 494.0 479.0 513.0 501.0 488.0 500.0 545.0 457.0 484.0 495.0 495.0 507.0 486.0 457.0 494.0 482.0 465.0 509.0 490.0 492.0 485.0 488.0 518.0 489.0 499.0 512.0 547.0 676.0 516.0 521.0 513.0 461.0 455.0 485.0 520.0 515.0 499.0 496.0 500.0 496.0 522.0 507.0 553.0 482.0 496.0 508.0 496.0 491.0 502.0 510.0 523.0 493.0 500.0 500.0 498.0 483.0 460.0 480.0 502.0 509.0 502.0 446.0 433.0 502.0 505.0 465.0 506.0 539.0 502.0 496.0 494.0 472.0 495.0 506.0 516.0 480.0 459.0 474.0 489.0 504.0 432.0 423.0 509.0 428.0 438.0 502.0 495.0 497.0 484.0 461.0 435.0 450.0 482.0 496.0 495.0 503.0 450.0 467.0 487.0 474.0 435.0 469.0 485.0 467.0 493.0 503.0 494.0 549.0 505.0 495.0 501.0 510.0 507.0 483.0 500.0 491.0 494.0 511.0 484.0 508.0 514.0 496.0 503.0 494.0 499.0 491.0 475.0 478.0 559.0 507.0 512.0 505.0 506.0 510.0 498.0 492.0 478.0 475.0 490.0 483.0 451.0 447.0 464.0 501.0 501.0 452.0 521.0 484.0 483.0 491.0 500.0 491.0 407.0 419.0 471.0 486.0 502.0 496.0 509.0 511.0 681.0 585.0 493.98606271777004 29.62527886333424
19 274.0 271.0 270.0 288.0 282.0 247.0 279.0 283.0 269.0 273.0 236.0 272.0 268.0 269.0 278.0 289.0 283.0 322.0 259.0 259.0 265.0 273.0 247.0 264.0 331.0 331.0 289.0 278.0 281.0 272.0 298.0 274.0 251.0 251.0 251.0 251.0 251.0 305.0 244.0 244.0 260.0 258.0 295.0 295.0 286.0 289.0 289.0 274.0 275.0 260.0 269.0 278.0 272.0 289.0 286.0 307.0 285.0 270.0 265.0 277.0 276.0 293.0 263.0 275.0 286.0 232.0 264.0 270.0 275.0 278.0 270.0 279.0 282.0 270.0 268.0 273.0 267.0 239.0 269.0 276.0 268.0 245.0 280.0 271.0 271.0 272.0 278.0 268.0 266.0 286.0 282.0 285.0 273.0 271.0 271.0 268.0 273.0 281.0 274.0 264.0 274.0 267.0 275.0 277.0 422.0 276.0 266.0 270.0 262.0 273.0 322.0 276.0 262.0 280.0 274.0 278.0 281.0 272.0 254.0 259.0 281.0 271.0 274.0 276.0 268.0 266.0 269.0 276.0 236.0 266.0 258.0 265.0 278.0 266.0 276.0 278.0 277.0 265.0 274.0 277.0 249.0 275.0 282.0 278.0 253.0 272.0 270.0 275.0 274.0 271.0 340.0 247.0 272.0 269.0 272.0 250.0 250.0 273.0 269.0 272.0 271.0 275.0 281.0 275.0 283.0 272.0 270.0 270.0 280.0 281.0 273.0 274.0 272.0 280.0 271.0 276.0 272.0 280.0 263.0 275.0 261.0 265.0 275.0 268.0 264.0 249.0 247.0 280.0 277.0 251.0 286.0 261.0 272.0 275.0 274.0 249.0 265.0 270.0 267.0 263.0 247.0 272.0 259.0 280.0 225.0 242.0 279.0 248.0 242.0 280.0 280.0 264.0 269.0 275.0 240.0 265.0 272.0 280.0 273.0 266.0 248.0 251.0 270.0 259.0 241.0 276.0 278.0 276.0 272.0 303.0 272.0 270.0 277.0 268.0 276.0 281.0 274.0 273.0 272.0 280.0 276.0 263.0 264.0 282.0 289.0 276.0 253.0 277.0 276.0 264.0 264.0 266.0 284.0 284.0 286.0 275.0 277.0 292.0 278.0 268.0 269.0 267.0 272.0 274.0 255.0 251.0 266.0 266.0 265.0 257.0 290.0 271.0 272.0 278.0 282.0 267.0 289.0 240.0 261.0 274.0 282.0 276.0 282.0 282.0 338.0 272.0 289.0 272.30662020905925 17.566956566593937
20 380.0 387.0 402.0 379.0 344.0 385.0 390.0 370.0 385.0 339.0 377.0 372.0 376.0 393.0 472.0 385.0 410.0 358.0 373.0 375.0 380.0 371.0 575.0 518.0 518.0 518.0 387.0 386.0 382.0 403.0 391.0 351.0 357.0 391.0 399.0 449.0 425.0 351.0 366.0 363.0 364.0 406.0 396.0 396.0 403.0 387.0 378.0 383.0 374.0 368.0 382.0 391.0 407.0 389.0 409.0 385.0 368.0 389.0 380.0 383.0 362.0 363.0 383.0 377.0 324.0 375.0 378.0 382.0 383.0 376.0 386.0 391.0 377.0 372.0 372.0 375.0 335.0 353.0 376.0 367.0 341.0 401.0 380.0 375.0 382.0 383.0 377.0 376.0 374.0 377.0 384.0 379.0 374.0 377.0 364.0 386.0 390.0 387.0 355.0 378.0 393.0 380.0 373.0 516.0 435.0 381.0 376.0 372.0 382.0 382.0 379.0 377.0 390.0 384.0 383.0 377.0 381.0 353.0 357.0 387.0 350.0 378.0 379.0 376.0 371.0 377.0 377.0 364.0 359.0 357.0 370.0 376.0 369.0 382.0 385.0 384.0 371.0 380.0 366.0 352.0 382.0 391.0 375.0 359.0 377.0 369.0 385.0 385.0 375.0 462.0 384.0 372.0 379.0 381.0 349.0 349.0 382.0 397.0 388.0 380.0 378.0 385.0 384.0 393.0 380.0 372.0 374.0 387.0 390.0 366.0 378.0 381.0 378.0 374.0 395.0 376.0 373.0 369.0 375.0 353.0 374.0 381.0 378.0 374.0 333.0 350.0 385.0 376.0 367.0 394.0 388.0 375.0 380.0 377.0 357.0 360.0 375.0 389.0 365.0 351.0 372.0 373.0 381.0 322.0 325.0 373.0 385.0 352.0 378.0 373.0 367.0 381.0 385.0 335.0 350.0 376.0 384.0 382.0 370.0 343.0 351.0 381.0 358.0 332.0 379.0 385.0 381.0 376.0 383.0 377.0 376.0 382.0 380.0 387.0 391.0 379.0 374.0 376.0 388.0 380.0 375.0 368.0 392.0 392.0 381.0 357.0 384.0 384.0 363.0 374.0 373.0 401.0 396.0 395.0 388.0 389.0 391.0 382.0 380.0 379.0 382.0 382.0 386.0 357.0 350.0 372.0 387.0 387.0 373.0 396.0 373.0 374.0 381.0 387.0 373.0 380.0 334.0 368.0 382.0 389.0 382.0 399.0 430.0 454.0 389.0 391.0 396.0 380.595818815331 27.1386697360791
21 5.0 5.0 5.0 5.0 5.0 5.0 5.0 5.0 5.0 5.0 5.0 5.0 5.0 5.0 5.0 5.0 5.0 5.0 5.0 6.0 6.0 6.0 6.0 6.0 6.0 6.0 6.0 6.0 6.0 6.0 6.0 6.0 6.0 6.0 6.0 6.0 6.0 6.0 6.0 6.0 6.0 6.0 6.0 6.0 6.0 6.0 6.0 6.0 6.0 6.0 6.0 6.0 6.0 6.0 6.0 6.0 6.0 6.0 6.0 6.0 6.0 6.0 5.0 5.0 5.0 5.0 5.0 5.0 5.0 6.0 6.0 6.0 6.0 6.0 6.0 6.0 5.0 6.0 5.0 5.0 5.0 5.0 6.0 6.0 6.0 6.0 5.0 5.0 5.0 5.0 5.0 5.0 5.0 6.0 6.0 6.0 6.0 6.0 6.0 6.0 23.0 23.0 23.0 7.0 7.0 7.0 6.0 6.0 6.0 6.0 6.0 6.0 6.0 6.0 6.0 6.0 6.0 5.0 6.0 6.0 5.0 5.0 5.0 5.0 5.0 6.0 6.0 6.0 6.0 6.0 5.0 5.0 5.0 6.0 6.0 6.0 6.0 5.0 5.0 5.0 6.0 6.0 6.0 6.0 6.0 6.0 6.0 6.0 5.0 5.0 5.0 6.0 6.0 6.0 5.0 5.0 5.0 5.0 5.0 5.0 5.0 5.0 5.0 5.0 6.0 6.0 6.0 6.0 6.0 6.0 6.0 6.0 6.0 6.0 6.0 6.0 6.0 6.0 6.0 6.0 6.0 6.0 6.0 6.0 5.0 6.0 6.0 6.0 6.0 6.0 6.0 6.0 5.0 5.0 5.0 5.0 6.0 6.0 6.0 6.0 6.0 6.0 6.0 5.0 6.0 6.0 6.0 6.0 6.0 6.0 6.0 6.0 5.0 5.0 5.0 5.0 5.0 5.0 5.0 5.0 6.0 5.0 5.0 5.0 5.0 5.0 5.0 5.0 6.0 6.0 6.0 6.0 6.0 6.0 6.0 6.0 6.0 6.0 6.0 6.0 6.0 6.0 6.0 6.0 6.0 6.0 6.0 6.0 6.0 6.0 6.0 6.0 6.0 6.0 6.0 6.0 5.0 5.0 5.0 5.0 5.0 5.0 6.0 5.0 5.0 5.0 5.0 5.0 6.0 6.0 6.0 6.0 6.0 6.0 6.0 6.0 6.0 6.0 6.0 6.0 6.0 6.0 6.0 6.0 6.0 6.0 6.0 5.857142857142857 1.8312963587705682
22 188.0 205.0 186.0 186.0 196.0 202.0 189.0 194.0 177.0 191.0 185.0 192.0 194.0 204.0 200.0 200.0 181.0 187.0 191.0 193.0 196.0 255.0 187.0 198.0 204.0 196.0 219.0 195.0 195.0 190.0 238.0 179.0 179.0 203.0 203.0 203.0 172.0 172.0 192.0 176.0 207.0 202.0 202.0 204.0 204.0 191.0 194.0 194.0 188.0 190.0 196.0 205.0 205.0 182.0 193.0 199.0 192.0 196.0 182.0 194.0 189.0 194.0 204.0 204.0 187.0 203.0 197.0 231.0 209.0 197.0 197.0 192.0 198.0 196.0 191.0 174.0 182.0 196.0 186.0 195.0 225.0 197.0 191.0 195.0 198.0 199.0 191.0 187.0 199.0 205.0 194.0 201.0 199.0 190.0 191.0 201.0 201.0 190.0 188.0 206.0 196.0 196.0 222.0 224.0 204.0 197.0 186.0 194.0 202.0 204.0 195.0 196.0 197.0 199.0 198.0 192.0 193.0 183.0 199.0 187.0 181.0 192.0 193.0 189.0 190.0 196.0 170.0 193.0 179.0 193.0 190.0 189.0 202.0 199.0 210.0 196.0 205.0 199.0 181.0 193.0 199.0 195.0 193.0 194.0 189.0 215.0 198.0 193.0 189.0 222.0 189.0 185.0 197.0 180.0 175.0 193.0 188.0 180.0 190.0 193.0 199.0 193.0 210.0 200.0 229.0 192.0 196.0 211.0 192.0 193.0 197.0 192.0 193.0 198.0 191.0 195.0 184.0 199.0 188.0 188.0 192.0 193.0 182.0 197.0 177.0 195.0 203.0 176.0 197.0 196.0 186.0 196.0 199.0 194.0 183.0 187.0 185.0 196.0 177.0 185.0 189.0 198.0 172.0 160.0 192.0 189.0 198.0 193.0 198.0 193.0 194.0 194.0 170.0 187.0 192.0 197.0 193.0 187.0 181.0 181.0 202.0 185.0 169.0 196.0 232.0 195.0 186.0 195.0 193.0 189.0 192.0 185.0 196.0 197.0 190.0 188.0 195.0 199.0 194.0 186.0 190.0 204.0 199.0 195.0 176.0 196.0 198.0 189.0 232.0 182.0 202.0 203.0 209.0 198.0 193.0 208.0 194.0 192.0 192.0 205.0 188.0 195.0 189.0 176.0 189.0 189.0 189.0 181.0 204.0 189.0 195.0 196.0 207.0 190.0 190.0 163.0 187.0 197.0 196.0 216.0 201.0 204.0 220.0 193.0 199.0 194.0 193.0 194.38675958188153 11.268507649098943
23 120.0 123.0 123.0 107.0 121.0 125.0 115.0 120.0 120.0 120.0 114.0 120.0 120.0 115.0 107.0 109.0 109.0 109.0 118.0 118.0 118.0 96.0 96.0 96.0 266.0 266.0 191.0 113.0 113.0 113.0 113.0 113.0 126.0 126.0 126.0 126.0 112.0 112.0 118.0 118.0 121.0 121.0 125.0 125.0 125.0 116.0 116.0 112.0 112.0 120.0 109.0 201.0 117.0 107.0 114.0 114.0 127.0 121.0 119.0 118.0 111.0 125.0 125.0 100.0 118.0 137.0 137.0 121.0 112.0 122.0 123.0 122.0 122.0 112.0 127.0 127.0 123.0 119.0 120.0 118.0 130.0 114.0 119.0 148.0 123.0 122.0 104.0 112.0 118.0 132.0 120.0 121.0 113.0 128.0 118.0 129.0 115.0 120.0 118.0 126.0 115.0 117.0 118.0 118.0 116.0 118.0 113.0 116.0 121.0 122.0 119.0 132.0 126.0 123.0 127.0 117.0 117.0 112.0 120.0 116.0 116.0 120.0 115.0 115.0 122.0 119.0 111.0 108.0 110.0 112.0 114.0 115.0 122.0 119.0 121.0 116.0 115.0 110.0 122.0 121.0 117.0 117.0 114.0 119.0 134.0 128.0 119.0 112.0 107.0 119.0 118.0 115.0 113.0 108.0 113.0 117.0 108.0 110.0 116.0 125.0 118.0 122.0 117.0 117.0 121.0 118.0 117.0 127.0 119.0 119.0 118.0 116.0 121.0 122.0 127.0 111.0 125.0 119.0 107.0 120.0 121.0 119.0 117.0 110.0 112.0 115.0 110.0 122.0 124.0 125.0 118.0 129.0 122.0 113.0 112.0 120.0 118.0 115.0 109.0 114.0 117.0 117.0 92.0 121.0 114.0 119.0 123.0 122.0 119.0 116.0 115.0 120.0 105.0 113.0 119.0 121.0 116.0 119.0 102.0 117.0 114.0 102.0 107.0 126.0 121.0 115.0 119.0 121.0 116.0 121.0 112.0 120.0 123.0 122.0 116.0 285.0 118.0 118.0 116.0 108.0 121.0 126.0 133.0 112.0 122.0 120.0 120.0 107.0 118.0 136.0 127.0 126.0 121.0 118.0 121.0 115.0 115.0 116.0 112.0 135.0 121.0 120.0 107.0 116.0 121.0 121.0 121.0 130.0 123.0 107.0 119.0 122.0 108.0 118.0 121.0 109.0 107.0 116.0 124.0 121.0 121.0 135.0 121.0 119.0 119.0 119.0 123.0 120.13937282229965 18.360076127551018
24 238.0 215.0 215.0 260.0 233.0 219.0 224.0 263.0 229.0 226.0 220.0 317.0 249.0 216.0 298.0 215.0 215.0 215.0 226.0 226.0 226.0 238.0 505.0 505.0 505.0 228.0 231.0 231.0 218.0 251.0 251.0 251.0 223.0 223.0 258.0 213.0 202.0 195.0 195.0 233.0 233.0 233.0 234.0 234.0 242.0 217.0 267.0 219.0 232.0 228.0 186.0 219.0 219.0 223.0 215.0 232.0 242.0 268.0 274.0 244.0 222.0 229.0 211.0 223.0 228.0 237.0 233.0 232.0 237.0 231.0 354.0 229.0 221.0 221.0 221.0 248.0 225.0 237.0 223.0 234.0 210.0 215.0 209.0 194.0 243.0 204.0 212.0 216.0 233.0 240.0 222.0 245.0 215.0 223.0 216.0 224.0 233.0 210.0 221.0 226.0 229.0 223.0 230.0 223.0 218.0 233.0 220.0 232.0 237.0 233.0 236.0 226.0 231.0 225.0 223.0 224.0 223.0 228.0 215.0 229.0 217.0 235.0 214.0 240.0 223.0 202.0 220.0 228.0 211.0 218.0 214.0 225.0 233.0 231.0 232.0 223.0 237.0 209.0 223.0 228.0 229.0 217.0 220.0 228.0 287.0 300.0 223.0 211.0 226.0 220.0 223.0 210.0 216.0 203.0 225.0 229.0 223.0 224.0 222.0 229.0 242.0 230.0 222.0 227.0 229.0 259.0 199.0 203.0 226.0 226.0 228.0 227.0 224.0 222.0 244.0 220.0 230.0 230.0 208.0 228.0 245.0 350.0 225.0 206.0 264.0 239.0 245.0 238.0 257.0 242.0 221.0 233.0 216.0 216.0 241.0 320.0 233.0 280.0 210.0 227.0 232.0 221.0 191.0 220.0 218.0 227.0 239.0 227.0 220.0 225.0 230.0 196.0 205.0 224.0 233.0 219.0 217.0 214.0 191.0 239.0 219.0 201.0 221.0 223.0 226.0 255.0 228.0 227.0 227.0 227.0 225.0 233.0 229.0 306.0 275.0 259.0 226.0 230.0 235.0 211.0 237.0 218.0 237.0 291.0 230.0 228.0 216.0 219.0 224.0 228.0 244.0 237.0 226.0 260.0 231.0 226.0 240.0 213.0 224.0 220.0 242.0 235.0 209.0 295.0 230.0 231.0 244.0 252.0 220.0 232.0 231.0 238.0 224.0 223.0 214.0 203.0 236.0 235.0 239.0 356.0 356.0 230.0 227.0 237.0 218.0 242.0 219.0 233.81533101045295 36.639770347687886
25 52.0 52.0 51.0 52.0 64.0 47.0 50.0 50.0 49.0 49.0 49.0 49.0 48.0 48.0 48.0 68.0 68.0 47.0 60.0 60.0 52.0 42.0 42.0 42.0 42.0 52.0 55.0 47.0 47.0 47.0 73.0 73.0 73.0 73.0 68.0 44.0 44.0 44.0 44.0 44.0 44.0 52.0 52.0 52.0 48.0 48.0 55.0 86.0 50.0 50.0 47.0 47.0 47.0 52.0 52.0 52.0 45.0 50.0 52.0 49.0 51.0 51.0 51.0 53.0 69.0 61.0 49.0 51.0 55.0 53.0 48.0 51.0 55.0 47.0 52.0 52.0 50.0 51.0 60.0 43.0 45.0 49.0 45.0 60.0 60.0 63.0 45.0 48.0 50.0 69.0 51.0 46.0 48.0 44.0 59.0 49.0 51.0 47.0 51.0 54.0 50.0 61.0 49.0 48.0 51.0 55.0 56.0 49.0 52.0 54.0 47.0 50.0 50.0 50.0 48.0 51.0 48.0 51.0 51.0 53.0 54.0 47.0 48.0 51.0 61.0 48.0 58.0 64.0 53.0 46.0 48.0 51.0 52.0 51.0 52.0 49.0 49.0 49.0 49.0 58.0 49.0 47.0 53.0 56.0 109.0 50.0 48.0 44.0 52.0 54.0 50.0 47.0 46.0 50.0 52.0 51.0 51.0 49.0 49.0 53.0 53.0 45.0 45.0 52.0 49.0 51.0 44.0 56.0 52.0 52.0 45.0 49.0 54.0 49.0 52.0 52.0 53.0 45.0 50.0 56.0 54.0 47.0 51.0 53.0 50.0 50.0 49.0 52.0 54.0 49.0 52.0 52.0 52.0 49.0 50.0 55.0 49.0 50.0 54.0 49.0 51.0 47.0 46.0 51.0 50.0 66.0 50.0 49.0 47.0 53.0 49.0 44.0 53.0 48.0 50.0 49.0 51.0 42.0 51.0 49.0 53.0 44.0 49.0 52.0 49.0 54.0 55.0 52.0 50.0 46.0 46.0 51.0 51.0 47.0 54.0 48.0 52.0 51.0 46.0 50.0 52.0 51.0 50.0 48.0 49.0 56.0 56.0 58.0 58.0 67.0 52.0 49.0 52.0 50.0 45.0 44.0 63.0 71.0 59.0 59.0 49.0 51.0 51.0 51.0 49.0 52.0 54.0 52.0 45.0 55.0 52.0 52.0 58.0 48.0 52.0 48.0 48.0 52.0 52.0 52.0 76.0 69.0 69.0 52.0 52.0 52.0 48.0 51.91289198606272 7.104815243842124
26 112.0 112.0 117.0 120.0 115.0 118.0 126.0 124.0 119.0 114.0 114.0 114.0 115.0 106.0 118.0 143.0 143.0 123.0 130.0 130.0 110.0 110.0 110.0 110.0 112.0 121.0 116.0 116.0 116.0 124.0 118.0 118.0 118.0 127.0 135.0 106.0 106.0 106.0 121.0 126.0 128.0 114.0 114.0 114.0 163.0 163.0 128.0 122.0 128.0 128.0 128.0 117.0 117.0 116.0 122.0 131.0 119.0 118.0 128.0 116.0 114.0 117.0 112.0 116.0 120.0 131.0 119.0 120.0 124.0 121.0 119.0 117.0 122.0 107.0 120.0 167.0 119.0 117.0 122.0 111.0 117.0 114.0 111.0 115.0 114.0 109.0 115.0 125.0 123.0 116.0 114.0 110.0 110.0 118.0 117.0 121.0 112.0 114.0 108.0 115.0 120.0 118.0 116.0 129.0 118.0 117.0 115.0 120.0 127.0 125.0 110.0 121.0 120.0 118.0 117.0 119.0 123.0 115.0 114.0 114.0 119.0 115.0 125.0 112.0 121.0 125.0 114.0 128.0 110.0 113.0 119.0 124.0 121.0 123.0 124.0 122.0 106.0 116.0 123.0 118.0 112.0 117.0 115.0 114.0 136.0 119.0 111.0 119.0 117.0 118.0 114.0 114.0 111.0 117.0 114.0 122.0 117.0 120.0 118.0 120.0 123.0 117.0 114.0 123.0 124.0 123.0 103.0 119.0 119.0 119.0 117.0 121.0 116.0 118.0 114.0 134.0 118.0 115.0 122.0 117.0 120.0 116.0 122.0 110.0 114.0 113.0 121.0 117.0 118.0 117.0 116.0 118.0 119.0 117.0 116.0 128.0 115.0 118.0 128.0 121.0 123.0 98.0 120.0 112.0 119.0 120.0 120.0 122.0 113.0 123.0 109.0 104.0 119.0 121.0 120.0 121.0 117.0 101.0 112.0 122.0 106.0 106.0 106.0 119.0 112.0 119.0 122.0 122.0 119.0 114.0 114.0 120.0 124.0 112.0 116.0 118.0 115.0 123.0 110.0 123.0 123.0 114.0 102.0 117.0 119.0 124.0 121.0 111.0 121.0 124.0 121.0 119.0 112.0 117.0 108.0 123.0 117.0 123.0 124.0 129.0 119.0 117.0 124.0 124.0 117.0 126.0 126.0 119.0 114.0 128.0 122.0 109.0 109.0 115.0 116.0 124.0 124.0 124.0 114.0 114.0 123.0 134.0 121.0 115.0 118.0 122.0 112.0 118.60627177700349 7.89540645215686
27 203.0 193.0 208.0 206.0 199.0 199.0 214.0 205.0 193.0 198.0 198.0 194.0 195.0 195.0 196.0 229.0 204.0 204.0 204.0 202.0 198.0 198.0 198.0 187.0 187.0 194.0 194.0 194.0 208.0 201.0 201.0 201.0 208.0 194.0 191.0 191.0 191.0 191.0 205.0 202.0 210.0 337.0 265.0 223.0 189.0 203.0 246.0 208.0 184.0 184.0 192.0 194.0 193.0 195.0 220.0 193.0 192.0 203.0 209.0 194.0 192.0 192.0 205.0 197.0 201.0 204.0 196.0 213.0 199.0 196.0 200.0 199.0 194.0 188.0 213.0 204.0 190.0 206.0 228.0 188.0 192.0 190.0 231.0 176.0 199.0 191.0 198.0 212.0 197.0 198.0 179.0 187.0 179.0 193.0 200.0 199.0 169.0 189.0 185.0 199.0 204.0 194.0 195.0 195.0 189.0 187.0 203.0 202.0 212.0 196.0 188.0 198.0 199.0 200.0 229.0 203.0 209.0 187.0 194.0 196.0 195.0 189.0 191.0 193.0 202.0 199.0 193.0 200.0 187.0 191.0 204.0 201.0 199.0 208.0 198.0 170.0 185.0 201.0 238.0 194.0 197.0 196.0 190.0 202.0 198.0 196.0 194.0 199.0 194.0 191.0 182.0 184.0 181.0 189.0 200.0 179.0 214.0 202.0 197.0 200.0 206.0 204.0 196.0 198.0 198.0 174.0 182.0 194.0 207.0 198.0 205.0 200.0 200.0 194.0 192.0 202.0 176.0 199.0 197.0 200.0 194.0 195.0 206.0 192.0 184.0 211.0 232.0 203.0 199.0 199.0 194.0 192.0 202.0 195.0 199.0 207.0 190.0 188.0 203.0 188.0 187.0 168.0 239.0 195.0 199.0 200.0 201.0 191.0 202.0 201.0 175.0 200.0 200.0 204.0 191.0 190.0 178.0 174.0 190.0 190.0 175.0 199.0 201.0 194.0 194.0 206.0 201.0 204.0 192.0 198.0 203.0 204.0 199.0 190.0 201.0 193.0 192.0 177.0 190.0 207.0 197.0 199.0 171.0 199.0 222.0 205.0 182.0 198.0 199.0 203.0 206.0 202.0 197.0 198.0 183.0 199.0 203.0 198.0 222.0 200.0 202.0 191.0 208.0 245.0 204.0 195.0 209.0 191.0 222.0 204.0 177.0 172.0 221.0 196.0 186.0 209.0 207.0 181.0 181.0 232.0 209.0 202.0 201.0 267.0 255.0 194.0 180.0 198.9268292682927 15.72551525772998
28 634.0 643.0 651.0 642.0 639.0 647.0 630.0 611.0 592.0 591.0 608.0 603.0 599.0 624.0 624.0 626.0 619.0 604.0 760.0 616.0 519.0 628.0 589.0 610.0 598.0 616.0 686.0 687.0 618.0 578.0 578.0 632.0 616.0 573.0 556.0 626.0 636.0 622.0 627.0 648.0 650.0 614.0 602.0 605.0 623.0 633.0 634.0 680.0 626.0 620.0 628.0 613.0 694.0 650.0 631.0 599.0 599.0 590.0 588.0 599.0 602.0 589.0 610.0 620.0 648.0 632.0 639.0 604.0 635.0 615.0 619.0 597.0 617.0 628.0 606.0 626.0 621.0 602.0 595.0 606.0 619.0 592.0 602.0 589.0 612.0 612.0 616.0 635.0 592.0 597.0 600.0 643.0 631.0 622.0 618.0 603.0 599.0 533.0 602.0 617.0 597.0 610.0 602.0 597.0 603.0 613.0 604.0 601.0 601.0 612.0 617.0 574.0 566.0 550.0 610.0 577.0 586.0 607.0 606.0 595.0 598.0 595.0 615.0 618.0 611.0 611.0 626.0 604.0 597.0 582.0 628.0 627.0 585.0 582.0 623.0 578.0 614.0 631.0 624.0 633.0 625.0 625.0 603.0 612.0 593.0 611.0 609.0 570.0 550.0 555.0 578.0 588.0 607.0 608.0 614.0 624.0 623.0 614.0 629.0 636.0 622.0 642.0 639.0 572.0 546.0 554.0 589.0 627.0 633.0 618.0 566.0 570.0 608.0 591.0 569.0 573.0 613.0 613.0 595.0 618.0 633.0 621.0 587.0 598.0 638.0 616.0 613.0 610.0 625.0 616.0 623.0 613.0 581.0 572.0 625.0 608.0 607.0 599.0 594.0 572.0 522.0 604.0 613.0 618.0 625.0 614.0 605.0 616.0 575.0 553.0 566.0 614.0 614.0 600.0 601.0 559.0 549.0 577.0 541.0 567.0 593.0 610.0 612.0 607.0 611.0 614.0 588.0 612.0 620.0 623.0 636.0 554.0 551.0 618.0 589.0 594.0 603.0 590.0 635.0 644.0 624.0 625.0 640.0 622.0 611.0 626.0 627.0 617.0 652.0 622.0 617.0 627.0 614.0 602.0 630.0 631.0 640.0 638.0 627.0 605.0 599.0 639.0 639.0 638.0 664.0 641.0 613.0 628.0 645.0 609.0 606.0 614.0 617.0 603.0 616.0 636.0 604.0 616.0 678.0 616.0 640.0 662.0 665.0 684.0 573.0 600.0 604.0 610.8188153310105 28.00765245061518
29 17.0 17.0 17.0 17.0 17.0 15.0 15.0 15.0 15.0 15.0 15.0 16.0 16.0 16.0 16.0 16.0 16.0 16.0 22.0 22.0 22.0 22.0 22.0 14.0 14.0 14.0 14.0 14.0 14.0 14.0 14.0 14.0 14.0 14.0 14.0 14.0 14.0 14.0 14.0 14.0 14.0 14.0 14.0 14.0 14.0 16.0 16.0 16.0 16.0 16.0 15.0 15.0 15.0 15.0 15.0 15.0 15.0 15.0 15.0 15.0 15.0 15.0 15.0 15.0 15.0 15.0 15.0 16.0 15.0 15.0 15.0 14.0 16.0 16.0 16.0 16.0 16.0 15.0 15.0 15.0 15.0 15.0 15.0 15.0 15.0 15.0 15.0 15.0 15.0 17.0 17.0 16.0 15.0 15.0 15.0 15.0 15.0 15.0 15.0 15.0 16.0 14.0 14.0 16.0 16.0 16.0 14.0 14.0 15.0 16.0 14.0 15.0 14.0 14.0 15.0 15.0 15.0 14.0 15.0 15.0 15.0 16.0 16.0 15.0 15.0 15.0 16.0 15.0 13.0 18.0 18.0 15.0 14.0 14.0 13.0 13.0 13.0 13.0 13.0 16.0 16.0 16.0 14.0 14.0 15.0 14.0 14.0 14.0 14.0 14.0 14.0 14.0 14.0 14.0 14.0 14.0 14.0 14.0 14.0 15.0 16.0 15.0 16.0 14.0 14.0 16.0 16.0 14.0 14.0 14.0 14.0 14.0 14.0 14.0 13.0 15.0 15.0 15.0 15.0 15.0 15.0 14.0 16.0 17.0 17.0 15.0 15.0 15.0 15.0 15.0 15.0 14.0 15.0 15.0 16.0 16.0 16.0 16.0 13.0 14.0 16.0 16.0 16.0 16.0 16.0 16.0 16.0 15.0 15.0 15.0 15.0 15.0 15.0 15.0 15.0 13.0 13.0 16.0 14.0 14.0 14.0 15.0 15.0 15.0 15.0 15.0 15.0 15.0 17.0 17.0 17.0 13.0 13.0 13.0 13.0 13.0 13.0 17.0 15.0 13.0 16.0 16.0 16.0 16.0 16.0 16.0 16.0 16.0 16.0 15.0 16.0 16.0 16.0 16.0 16.0 16.0 16.0 16.0 16.0 16.0 16.0 16.0 16.0 14.0 14.0 14.0 16.0 15.0 15.0 15.0 15.0 14.0 13.0 13.0 13.0 13.0 13.0 13.0 16.0 16.0 16.0 16.0 16.0 16.0 16.0 16.0 16.0 15.111498257839722 1.3872950686549823
30 190.0 193.0 197.0 187.0 191.0 176.0 172.0 172.0 172.0 176.0 166.0 182.0 184.0 189.0 189.0 177.0 185.0 156.0 207.0 172.0 172.0 172.0 177.0 190.0 179.0 193.0 184.0 172.0 172.0 172.0 185.0 185.0 165.0 165.0 165.0 165.0 178.0 195.0 193.0 193.0 175.0 176.0 175.0 184.0 187.0 187.0 166.0 166.0 182.0 195.0 181.0 194.0 195.0 169.0 169.0 169.0 174.0 175.0 185.0 179.0 177.0 181.0 186.0 187.0 182.0 174.0 183.0 191.0 179.0 189.0 168.0 183.0 184.0 182.0 193.0 154.0 180.0 177.0 185.0 183.0 167.0 176.0 175.0 177.0 192.0 176.0 193.0 173.0 181.0 186.0 197.0 190.0 186.0 176.0 184.0 175.0 164.0 189.0 177.0 186.0 180.0 167.0 179.0 179.0 184.0 190.0 171.0 176.0 184.0 181.0 167.0 178.0 168.0 189.0 171.0 174.0 181.0 181.0 173.0 179.0 173.0 189.0 182.0 180.0 181.0 181.0 180.0 178.0 172.0 188.0 187.0 173.0 171.0 168.0 178.0 194.0 183.0 198.0 184.0 181.0 186.0 192.0 175.0 176.0 187.0 183.0 176.0 159.0 176.0 169.0 177.0 179.0 197.0 188.0 181.0 182.0 183.0 193.0 186.0 187.0 180.0 188.0 170.0 165.0 173.0 188.0 189.0 165.0 179.0 167.0 179.0 180.0 191.0 164.0 196.0 177.0 173.0 183.0 184.0 195.0 179.0 173.0 183.0 190.0 186.0 176.0 181.0 187.0 187.0 187.0 182.0 169.0 183.0 187.0 177.0 184.0 181.0 186.0 167.0 172.0 179.0 171.0 186.0 183.0 173.0 184.0 180.0 173.0 164.0 185.0 177.0 182.0 176.0 176.0 160.0 169.0 184.0 156.0 170.0 190.0 183.0 174.0 185.0 188.0 192.0 177.0 180.0 186.0 184.0 192.0 162.0 166.0 183.0 176.0 150.0 172.0 182.0 193.0 186.0 176.0 186.0 187.0 185.0 184.0 171.0 181.0 193.0 197.0 184.0 182.0 186.0 171.0 194.0 186.0 188.0 181.0 188.0 184.0 173.0 193.0 193.0 193.0 195.0 204.0 180.0 183.0 192.0 182.0 170.0 170.0 187.0 174.0 181.0 202.0 185.0 177.0 177.0 177.0 180.0 193.0 201.0 186.0 180.0 180.0 178.0 165.0 193.0 180.5261324041812 9.234996148917435
31 350.0 334.0 332.0 375.0 333.0 322.0 325.0 325.0 342.0 309.0 344.0 335.0 348.0 350.0 337.0 325.0 334.0 382.0 382.0 392.0 341.0 338.0 366.0 327.0 387.0 348.0 316.0 325.0 325.0 345.0 346.0 307.0 307.0 307.0 307.0 381.0 353.0 335.0 335.0 319.0 319.0 338.0 341.0 346.0 347.0 350.0 381.0 334.0 340.0 341.0 333.0 325.0 314.0 319.0 319.0 330.0 330.0 349.0 339.0 333.0 345.0 344.0 346.0 343.0 350.0 344.0 346.0 350.0 346.0 326.0 333.0 336.0 342.0 333.0 318.0 332.0 331.0 351.0 339.0 378.0 325.0 329.0 325.0 337.0 323.0 348.0 344.0 335.0 339.0 406.0 351.0 347.0 339.0 336.0 346.0 308.0 325.0 341.0 353.0 343.0 313.0 353.0 332.0 349.0 347.0 344.0 334.0 342.0 346.0 299.0 324.0 291.0 336.0 315.0 351.0 342.0 338.0 334.0 336.0 335.0 348.0 337.0 337.0 337.0 344.0 341.0 335.0 321.0 348.0 349.0 321.0 318.0 325.0 329.0 330.0 340.0 337.0 334.0 339.0 340.0 350.0 331.0 326.0 345.0 343.0 326.0 289.0 333.0 323.0 322.0 337.0 349.0 359.0 348.0 342.0 339.0 357.0 345.0 351.0 356.0 333.0 330.0 367.0 319.0 337.0 354.0 340.0 345.0 315.0 331.0 330.0 354.0 307.0 312.0 334.0 333.0 330.0 351.0 353.0 328.0 322.0 335.0 350.0 353.0 334.0 345.0 344.0 357.0 332.0 322.0 335.0 352.0 352.0 332.0 354.0 343.0 343.0 340.0 343.0 340.0 349.0 338.0 338.0 325.0 336.0 340.0 331.0 304.0 347.0 340.0 335.0 323.0 336.0 306.0 307.0 326.0 292.0 306.0 348.0 350.0 327.0 342.0 345.0 342.0 339.0 335.0 342.0 343.0 343.0 310.0 302.0 335.0 334.0 335.0 337.0 322.0 369.0 339.0 316.0 339.0 345.0 347.0 361.0 336.0 336.0 334.0 355.0 343.0 339.0 343.0 329.0 328.0 348.0 353.0 350.0 348.0 346.0 330.0 335.0 335.0 361.0 354.0 357.0 346.0 341.0 387.0 345.0 319.0 347.0 353.0 348.0 339.0 339.0 323.0 329.0 325.0 325.0 343.0 361.0 351.0 355.0 370.0 314.0 308.0 391.0 354.0 350.0 338.2369337979094 16.733815738406186
32 549.0 576.0 568.0 546.0 536.0 529.0 558.0 544.0 573.0 571.0 582.0 572.0 588.0 556.0 548.0 447.0 645.0 510.0 594.0 565.0 554.0 580.0 556.0 576.0 571.0 537.0 546.0 574.0 569.0 539.0 505.0 548.0 548.0 730.0 620.0 592.0 573.0 631.0 517.0 546.0 601.0 580.0 586.0 588.0 621.0 563.0 559.0 573.0 577.0 561.0 527.0 531.0 521.0 556.0 548.0 543.0 547.0 585.0 554.0 577.0 576.0 571.0 566.0 584.0 572.0 573.0 561.0 553.0 541.0 557.0 578.0 568.0 570.0 489.0 547.0 553.0 576.0 561.0 567.0 559.0 538.0 557.0 557.0 545.0 565.0 561.0 556.0 562.0 578.0 581.0 588.0 559.0 554.0 570.0 511.0 534.0 566.0 569.0 553.0 542.0 548.0 562.0 584.0 558.0 560.0 547.0 554.0 542.0 534.0 544.0 504.0 502.0 532.0 563.0 579.0 561.0 547.0 539.0 574.0 555.0 541.0 547.0 556.0 570.0 562.0 537.0 542.0 575.0 563.0 516.0 525.0 543.0 546.0 546.0 571.0 557.0 550.0 557.0 566.0 558.0 544.0 546.0 566.0 552.0 491.0 504.0 542.0 527.0 534.0 561.0 572.0 568.0 532.0 541.0 574.0 588.0 570.0 604.0 569.0 576.0 518.0 580.0 575.0 571.0 586.0 581.0 546.0 537.0 539.0 571.0 536.0 517.0 525.0 547.0 536.0 560.0 582.0 580.0 550.0 550.0 545.0 525.0 539.0 552.0 569.0 578.0 555.0 554.0 557.0 557.0 577.0 577.0 545.0 562.0 561.0 552.0 552.0 558.0 568.0 572.0 567.0 559.0 558.0 557.0 561.0 532.0 509.0 563.0 562.0 543.0 546.0 531.0 505.0 513.0 526.0 498.0 512.0 568.0 550.0 548.0 567.0 571.0 573.0 562.0 556.0 560.0 566.0 550.0 503.0 506.0 547.0 565.0 552.0 561.0 592.0 577.0 539.0 556.0 570.0 574.0 531.0 556.0 594.0 576.0 589.0 584.0 565.0 563.0 566.0 542.0 566.0 574.0 574.0 573.0 573.0 558.0 545.0 552.0 610.0 589.0 594.0 579.0 567.0 569.0 573.0 537.0 533.0 590.0 568.0 560.0 556.0 556.0 547.0 536.0 546.0 553.0 632.0 581.0 582.0 580.0 598.0 671.0 580.0 627.0 545.0 547.0 637.0 559.0034843205575 27.60897014689802
33 201.0 186.0 188.0 178.0 179.0 188.0 176.0 200.0 199.0 195.0 196.0 199.0 203.0 195.0 175.0 176.0 187.0 190.0 186.0 197.0 197.0 197.0 201.0 180.0 184.0 184.0 195.0 193.0 172.0 172.0 172.0 172.0 197.0 197.0 197.0 197.0 197.0 222.0 184.0 198.0 199.0 201.0 213.0 213.0 195.0 195.0 196.0 196.0 203.0 167.0 185.0 169.0 188.0 178.0 183.0 192.0 186.0 194.0 194.0 192.0 229.0 203.0 199.0 190.0 188.0 192.0 192.0 180.0 207.0 197.0 190.0 173.0 163.0 188.0 196.0 199.0 188.0 176.0 190.0 170.0 187.0 185.0 188.0 194.0 194.0 196.0 238.0 191.0 199.0 201.0 187.0 186.0 194.0 179.0 191.0 185.0 197.0 182.0 188.0 183.0 189.0 191.0 190.0 191.0 187.0 191.0 191.0 177.0 215.0 199.0 187.0 181.0 187.0 187.0 193.0 184.0 189.0 193.0 203.0 183.0 193.0 197.0 195.0 207.0 195.0 197.0 194.0 193.0 174.0 189.0 188.0 185.0 190.0 194.0 199.0 187.0 202.0 197.0 188.0 190.0 211.0 202.0 187.0 182.0 172.0 195.0 175.0 181.0 194.0 192.0 192.0 196.0 195.0 197.0 192.0 196.0 197.0 187.0 193.0 186.0 170.0 196.0 195.0 200.0 194.0 188.0 182.0 209.0 222.0 184.0 176.0 188.0 187.0 189.0 198.0 203.0 195.0 188.0 189.0 195.0 178.0 203.0 188.0 191.0 197.0 183.0 200.0 187.0 196.0 198.0 200.0 184.0 188.0 189.0 193.0 188.0 191.0 192.0 196.0 191.0 190.0 188.0 195.0 192.0 184.0 196.0 196.0 194.0 182.0 196.0 188.0 171.0 183.0 195.0 168.0 184.0 195.0 187.0 191.0 201.0 193.0 197.0 194.0 192.0 191.0 193.0 187.0 169.0 173.0 198.0 197.0 201.0 189.0 214.0 185.0 176.0 180.0 190.0 199.0 193.0 195.0 195.0 196.0 226.0 190.0 190.0 196.0 194.0 182.0 194.0 196.0 193.0 197.0 195.0 194.0 188.0 199.0 199.0 200.0 213.0 192.0 200.0 194.0 190.0 184.0 192.0 202.0 200.0 183.0 166.0 195.0 189.0 191.0 191.0 193.0 205.0 213.0 211.0 197.0 197.0 183.0 226.0 197.0 189.0 193.0 197.0 193.0 191.78745644599303 10.32480122960188
34 145.0 133.0 134.0 131.0 140.0 130.0 127.0 139.0 135.0 137.0 139.0 141.0 138.0 141.0 166.0 106.0 125.0 137.0 140.0 145.0 140.0 145.0 141.0 127.0 127.0 141.0 140.0 140.0 123.0 134.0 140.0 140.0 140.0 133.0 143.0 141.0 156.0 132.0 137.0 137.0 144.0 134.0 131.0 131.0 131.0 144.0 141.0 145.0 118.0 132.0 123.0 123.0 134.0 131.0 131.0 138.0 131.0 140.0 138.0 136.0 136.0 143.0 141.0 136.0 140.0 135.0 125.0 136.0 136.0 138.0 136.0 123.0 136.0 134.0 138.0 135.0 124.0 136.0 140.0 134.0 134.0 137.0 138.0 128.0 137.0 131.0 145.0 134.0 137.0 125.0 136.0 138.0 142.0 122.0 137.0 138.0 134.0 131.0 136.0 130.0 143.0 136.0 133.0 140.0 132.0 131.0 124.0 130.0 140.0 137.0 133.0 131.0 132.0 146.0 131.0 128.0 126.0 144.0 132.0 126.0 142.0 138.0 137.0 138.0 141.0 138.0 143.0 133.0 125.0 132.0 139.0 131.0 136.0 128.0 133.0 138.0 137.0 134.0 135.0 134.0 139.0 139.0 135.0 122.0 138.0 127.0 131.0 126.0 142.0 138.0 137.0 139.0 140.0 144.0 137.0 143.0 138.0 139.0 134.0 121.0 135.0 139.0 136.0 143.0 148.0 139.0 132.0 140.0 147.0 124.0 133.0 137.0 135.0 135.0 142.0 142.0 136.0 136.0 124.0 138.0 132.0 128.0 136.0 140.0 137.0 136.0 143.0 135.0 156.0 137.0 136.0 132.0 136.0 136.0 138.0 137.0 132.0 136.0 129.0 134.0 135.0 135.0 139.0 135.0 139.0 136.0 139.0 131.0 133.0 130.0 125.0 123.0 136.0 116.0 124.0 139.0 138.0 132.0 139.0 141.0 137.0 138.0 133.0 138.0 138.0 139.0 136.0 120.0 136.0 138.0 140.0 138.0 144.0 140.0 131.0 134.0 134.0 141.0 141.0 141.0 137.0 140.0 130.0 144.0 137.0 140.0 138.0 131.0 136.0 142.0 139.0 141.0 142.0 132.0 138.0 136.0 822.0 144.0 146.0 138.0 144.0 142.0 134.0 131.0 136.0 137.0 143.0 143.0 127.0 127.0 131.0 136.0 136.0 138.0 138.0 143.0 140.0 139.0 139.0 139.0 131.0 144.0 135.0 132.0 141.0 133.0 138.0 138.21951219512192 41.006274921992095
35 5.0 5.0 5.0 5.0 5.0 5.0 5.0 5.0 5.0 5.0 5.0 5.0 5.0 5.0 4.0 4.0 4.0 4.0 5.0 5.0 5.0 5.0 5.0 5.0 5.0 5.0 5.0 5.0 5.0 5.0 5.0 5.0 5.0 5.0 5.0 5.0 5.0 5.0 5.0 5.0 5.0 5.0 5.0 5.0 5.0 5.0 5.0 5.0 5.0 5.0 5.0 5.0 5.0 5.0 5.0 5.0 5.0 5.0 5.0 5.0 5.0 5.0 5.0 5.0 5.0 5.0 5.0 5.0 5.0 5.0 5.0 5.0 5.0 5.0 5.0 5.0 5.0 5.0 5.0 5.0 4.0 4.0 4.0 4.0 5.0 5.0 5.0 5.0 5.0 5.0 5.0 5.0 5.0 5.0 5.0 5.0 5.0 5.0 5.0 5.0 5.0 5.0 5.0 5.0 5.0 5.0 5.0 6.0 5.0 5.0 5.0 5.0 5.0 5.0 5.0 5.0 5.0 6.0 5.0 5.0 5.0 5.0 6.0 5.0 6.0 6.0 5.0 5.0 5.0 5.0 5.0 5.0 5.0 5.0 5.0 5.0 5.0 5.0 5.0 5.0 5.0 6.0 6.0 5.0 5.0 5.0 5.0 5.0 5.0 5.0 5.0 5.0 6.0 6.0 5.0 5.0 5.0 5.0 5.0 5.0 5.0 6.0 6.0 6.0 6.0 5.0 5.0 5.0 5.0 5.0 5.0 5.0 5.0 5.0 5.0 5.0 5.0 5.0 4.0 4.0 5.0 5.0 5.0 6.0 6.0 5.0 5.0 32.0 5.0 5.0 5.0 5.0 5.0 5.0 5.0 5.0 5.0 5.0 5.0 5.0 5.0 5.0 5.0 5.0 5.0 5.0 5.0 5.0 5.0 5.0 4.0 5.0 5.0 5.0 4.0 4.0 4.0 5.0 5.0 5.0 5.0 5.0 5.0 5.0 5.0 5.0 5.0 4.0 6.0 5.0 5.0 5.0 5.0 5.0 5.0 5.0 5.0 5.0 5.0 5.0 5.0 5.0 5.0 5.0 5.0 5.0 5.0 5.0 5.0 5.0 5.0 5.0 5.0 5.0 5.0 5.0 5.0 5.0 5.0 5.0 5.0 5.0 5.0 5.0 5.0 5.0 5.0 5.0 5.0 5.0 5.0 5.0 5.0 5.0 5.0 5.0 5.0 5.0 5.0 5.0 5.0 5.0 5.0 5.0 5.0 5.0 5.0 5.097560975609756 1.6272035008434225
36 43.0 44.0 44.0 43.0 53.0 39.0 39.0 43.0 52.0 53.0 55.0 50.0 45.0 45.0 36.0 46.0 46.0 46.0 44.0 44.0 44.0 50.0 50.0 50.0 50.0 50.0 49.0 49.0 42.0 42.0 42.0 48.0 48.0 48.0 48.0 48.0 48.0 46.0 47.0 47.0 46.0 46.0 46.0 46.0 46.0 46.0 46.0 50.0 42.0 39.0 39.0 39.0 41.0 47.0 50.0 46.0 45.0 45.0 45.0 45.0 45.0 46.0 45.0 45.0 46.0 46.0 42.0 47.0 49.0 43.0 43.0 37.0 47.0 49.0 45.0 45.0 45.0 43.0 61.0 47.0 42.0 49.0 47.0 46.0 52.0 52.0 51.0 44.0 49.0 46.0 43.0 46.0 44.0 38.0 48.0 47.0 47.0 50.0 43.0 46.0 46.0 44.0 41.0 45.0 45.0 54.0 41.0 47.0 49.0 47.0 46.0 45.0 44.0 46.0 50.0 42.0 43.0 46.0 45.0 47.0 47.0 46.0 45.0 48.0 53.0 46.0 47.0 39.0 42.0 49.0 41.0 44.0 49.0 45.0 48.0 46.0 61.0 45.0 49.0 44.0 48.0 45.0 61.0 46.0 46.0 39.0 45.0 40.0 50.0 45.0 56.0 47.0 47.0 59.0 48.0 48.0 45.0 48.0 42.0 39.0 46.0 49.0 51.0 46.0 78.0 40.0 48.0 56.0 49.0 40.0 46.0 46.0 49.0 49.0 49.0 46.0 48.0 46.0 45.0 46.0 45.0 44.0 43.0 41.0 49.0 48.0 54.0 43.0 51.0 46.0 46.0 52.0 48.0 47.0 48.0 44.0 45.0 45.0 42.0 59.0 48.0 46.0 47.0 47.0 47.0 47.0 45.0 43.0 45.0 44.0 39.0 43.0 47.0 37.0 39.0 47.0 49.0 45.0 48.0 45.0 54.0 47.0 43.0 46.0 45.0 57.0 46.0 40.0 47.0 46.0 48.0 44.0 42.0 44.0 42.0 42.0 47.0 48.0 45.0 48.0 44.0 49.0 47.0 50.0 47.0 45.0 46.0 45.0 55.0 51.0 51.0 46.0 55.0 42.0 44.0 44.0 44.0 59.0 54.0 43.0 51.0 47.0 45.0 45.0 42.0 42.0 42.0 49.0 49.0 45.0 48.0 43.0 43.0 51.0 50.0 50.0 45.0 45.0 45.0 41.0 41.0 47.0 47.0 47.0 46.0 52.0 45.0 46.42508710801394 4.460447535019933
37 541.0 533.0 530.0 535.0 513.0 567.0 559.0 557.0 566.0 579.0 567.0 559.0 546.0 600.0 492.0 557.0 556.0 568.0 575.0 581.0 578.0 562.0 526.0 558.0 569.0 563.0 502.0 527.0 540.0 532.0 553.0 562.0 558.0 550.0 495.0 524.0 559.0 545.0 566.0 577.0 537.0 542.0 542.0 570.0 558.0 578.0 495.0 494.0 532.0 522.0 536.0 527.0 534.0 556.0 552.0 556.0 545.0 550.0 556.0 572.0 567.0 552.0 605.0 641.0 545.0 546.0 556.0 568.0 563.0 551.0 524.0 551.0 547.0 552.0 539.0 531.0 532.0 531.0 541.0 525.0 505.0 558.0 565.0 568.0 560.0 572.0 565.0 565.0 566.0 539.0 560.0 534.0 529.0 571.0 556.0 532.0 540.0 551.0 548.0 572.0 542.0 530.0 552.0 552.0 546.0 514.0 543.0 558.0 536.0 538.0 547.0 553.0 546.0 534.0 550.0 556.0 554.0 538.0 543.0 571.0 559.0 552.0 557.0 580.0 537.0 550.0 516.0 499.0 535.0 538.0 557.0 544.0 547.0 558.0 561.0 547.0 533.0 541.0 554.0 566.0 557.0 518.0 526.0 542.0 541.0 523.0 528.0 562.0 559.0 571.0 569.0 668.0 598.0 564.0 571.0 562.0 561.0 521.0 504.0 519.0 541.0 501.0 555.0 569.0 528.0 526.0 568.0 538.0 531.0 528.0 548.0 545.0 558.0 570.0 556.0 531.0 535.0 574.0 562.0 559.0 538.0 560.0 552.0 564.0 551.0 551.0 562.0 564.0 558.0 547.0 551.0 556.0 556.0 555.0 548.0 552.0 542.0 535.0 538.0 553.0 551.0 548.0 535.0 549.0 560.0 553.0 537.0 536.0 542.0 518.0 511.0 504.0 475.0 518.0 544.0 552.0 549.0 566.0 569.0 554.0 560.0 588.0 563.0 560.0 586.0 502.0 498.0 554.0 546.0 547.0 590.0 572.0 554.0 539.0 537.0 559.0 570.0 559.0 546.0 552.0 554.0 555.0 555.0 557.0 567.0 565.0 551.0 562.0 572.0 567.0 572.0 564.0 560.0 540.0 538.0 553.0 575.0 597.0 574.0 576.0 556.0 542.0 575.0 536.0 580.0 580.0 566.0 533.0 501.0 532.0 531.0 511.0 568.0 576.0 580.0 567.0 555.0 555.0 514.0 556.0 573.0 547.0 550.0 566.0 570.0 553.0 552.0 550.1393728222996 22.13960987640475
38 165.0 157.0 161.0 155.0 167.0 160.0 170.0 168.0 165.0 166.0 168.0 168.0 137.0 152.0 171.0 163.0 168.0 168.0 162.0 170.0 157.0 157.0 170.0 168.0 166.0 166.0 160.0 160.0 160.0 168.0 171.0 171.0 171.0 144.0 161.0 161.0 174.0 171.0 169.0 160.0 160.0 160.0 238.0 169.0 213.0 171.0 149.0 157.0 145.0 145.0 154.0 160.0 195.0 159.0 169.0 158.0 165.0 223.0 170.0 169.0 159.0 159.0 165.0 165.0 168.0 167.0 183.0 169.0 151.0 145.0 163.0 167.0 165.0 154.0 158.0 165.0 158.0 158.0 156.0 150.0 164.0 168.0 170.0 167.0 173.0 179.0 170.0 163.0 160.0 166.0 160.0 159.0 163.0 173.0 154.0 154.0 177.0 161.0 180.0 180.0 164.0 166.0 165.0 161.0 146.0 165.0 144.0 162.0 160.0 162.0 161.0 166.0 161.0 163.0 176.0 161.0 162.0 163.0 168.0 163.0 165.0 167.0 169.0 146.0 171.0 153.0 153.0 157.0 166.0 162.0 184.0 157.0 165.0 174.0 162.0 164.0 172.0 169.0 168.0 167.0 169.0 152.0 164.0 153.0 180.0 144.0 171.0 166.0 172.0 170.0 194.0 190.0 172.0 163.0 186.0 167.0 175.0 143.0 164.0 177.0 149.0 170.0 167.0 158.0 162.0 170.0 168.0 153.0 160.0 153.0 160.0 172.0 163.0 169.0 162.0 158.0 164.0 171.0 168.0 169.0 162.0 174.0 161.0 162.0 164.0 169.0 165.0 165.0 171.0 169.0 166.0 175.0 166.0 162.0 161.0 221.0 158.0 161.0 173.0 165.0 162.0 147.0 167.0 166.0 166.0 157.0 158.0 153.0 161.0 163.0 155.0 137.0 147.0 165.0 160.0 168.0 169.0 166.0 169.0 162.0 165.0 166.0 164.0 168.0 156.0 146.0 157.0 165.0 154.0 170.0 167.0 167.0 157.0 151.0 177.0 164.0 153.0 166.0 184.0 165.0 166.0 169.0 164.0 167.0 162.0 154.0 166.0 171.0 157.0 170.0 166.0 157.0 161.0 159.0 159.0 170.0 171.0 161.0 163.0 172.0 161.0 161.0 163.0 174.0 174.0 175.0 175.0 168.0 157.0 157.0 182.0 167.0 174.0 170.0 167.0 167.0 167.0 153.0 170.0 171.0 168.0 172.0 165.0 164.0 168.0 161.0 161.0 164.93379790940767 11.00663216471625
39 378.0 416.0 384.0 402.0 385.0 386.0 400.0 405.0 399.0 402.0 355.0 445.0 342.0 391.0 391.0 400.0 396.0 366.0 395.0 388.0 369.0 383.0 396.0 400.0 400.0 381.0 384.0 400.0 400.0 381.0 387.0 385.0 367.0 385.0 388.0 398.0 402.0 400.0 411.0 380.0 380.0 420.0 404.0 417.0 408.0 349.0 378.0 372.0 394.0 381.0 379.0 396.0 389.0 380.0 381.0 388.0 395.0 398.0 466.0 424.0 375.0 390.0 385.0 391.0 387.0 407.0 405.0 388.0 392.0 387.0 384.0 371.0 373.0 372.0 376.0 384.0 380.0 370.0 362.0 379.0 392.0 397.0 404.0 401.0 397.0 404.0 400.0 382.0 402.0 391.0 353.0 392.0 401.0 376.0 365.0 381.0 388.0 401.0 373.0 388.0 404.0 382.0 393.0 369.0 354.0 338.0 359.0 381.0 385.0 392.0 389.0 382.0 388.0 386.0 386.0 386.0 384.0 397.0 387.0 380.0 393.0 376.0 367.0 370.0 369.0 364.0 384.0 383.0 386.0 385.0 372.0 392.0 394.0 386.0 394.0 374.0 400.0 401.0 385.0 384.0 363.0 378.0 370.0 373.0 364.0 400.0 397.0 408.0 402.0 427.0 456.0 425.0 421.0 431.0 364.0 375.0 397.0 386.0 391.0 351.0 372.0 389.0 373.0 370.0 383.0 359.0 365.0 366.0 387.0 390.0 397.0 393.0 388.0 385.0 373.0 366.0 396.0 392.0 404.0 395.0 400.0 385.0 382.0 385.0 390.0 396.0 392.0 383.0 394.0 398.0 396.0 386.0 382.0 375.0 381.0 366.0 380.0 394.0 385.0 379.0 368.0 385.0 401.0 377.0 381.0 376.0 346.0 397.0 368.0 360.0 342.0 340.0 367.0 382.0 391.0 399.0 395.0 388.0 388.0 399.0 390.0 394.0 389.0 374.0 343.0 366.0 374.0 404.0 408.0 403.0 385.0 372.0 365.0 374.0 403.0 354.0 399.0 392.0 398.0 394.0 397.0 394.0 401.0 395.0 376.0 396.0 401.0 397.0 406.0 399.0 401.0 390.0 378.0 374.0 425.0 404.0 383.0 393.0 395.0 391.0 413.0 388.0 407.0 411.0 411.0 411.0 411.0 375.0 382.0 413.0 418.0 412.0 396.0 399.0 408.0 374.0 369.0 399.0 408.0 387.0 394.0 399.0 392.0 393.0 385.0 385.0 378.0 387.9616724738676 17.3516265936309
40 143.0 126.0 128.0 120.0 132.0 128.0 138.0 136.0 125.0 125.0 117.0 177.0 123.0 125.0 131.0 131.0 126.0 119.0 119.0 119.0 119.0 119.0 128.0 128.0 122.0 129.0 119.0 125.0 133.0 125.0 125.0 125.0 118.0 129.0 131.0 130.0 131.0 131.0 122.0 122.0 137.0 137.0 137.0 122.0 108.0 122.0 114.0 114.0 124.0 120.0 135.0 131.0 127.0 122.0 125.0 117.0 135.0 184.0 174.0 114.0 127.0 127.0 131.0 130.0 133.0 133.0 132.0 132.0 123.0 123.0 119.0 129.0 129.0 126.0 126.0 123.0 122.0 119.0 127.0 127.0 128.0 135.0 132.0 129.0 127.0 132.0 127.0 127.0 130.0 130.0 145.0 130.0 127.0 126.0 128.0 130.0 138.0 129.0 131.0 140.0 128.0 122.0 127.0 122.0 110.0 122.0 123.0 125.0 128.0 128.0 121.0 124.0 124.0 124.0 127.0 123.0 136.0 146.0 124.0 127.0 127.0 116.0 139.0 130.0 122.0 132.0 125.0 125.0 127.0 129.0 128.0 128.0 126.0 128.0 122.0 129.0 136.0 124.0 123.0 119.0 127.0 124.0 119.0 118.0 130.0 128.0 193.0 153.0 132.0 131.0 130.0 128.0 139.0 125.0 119.0 128.0 131.0 124.0 117.0 120.0 127.0 127.0 118.0 123.0 110.0 119.0 121.0 121.0 131.0 131.0 127.0 123.0 123.0 123.0 119.0 157.0 126.0 130.0 125.0 130.0 122.0 132.0 127.0 129.0 129.0 130.0 132.0 126.0 126.0 127.0 132.0 120.0 123.0 113.0 115.0 114.0 131.0 123.0 127.0 124.0 126.0 128.0 127.0 122.0 122.0 113.0 123.0 120.0 126.0 112.0 111.0 124.0 125.0 123.0 129.0 127.0 127.0 129.0 128.0 126.0 127.0 127.0 129.0 110.0 124.0 122.0 137.0 131.0 121.0 124.0 123.0 121.0 119.0 136.0 114.0 121.0 131.0 128.0 131.0 131.0 129.0 130.0 130.0 123.0 129.0 129.0 135.0 129.0 133.0 123.0 126.0 119.0 119.0 131.0 133.0 126.0 133.0 128.0 123.0 126.0 131.0 133.0 133.0 131.0 131.0 130.0 129.0 122.0 128.0 133.0 129.0 126.0 132.0 126.0 126.0 126.0 121.0 133.0 127.0 132.0 125.0 125.0 128.0 127.0 1666.0 128.0 167.0 132.7735191637631 91.30920875796565
41 90.0 90.0 83.0 72.0 99.0 86.0 81.0 86.0 83.0 83.0 78.0 71.0 85.0 94.0 82.0 82.0 84.0 85.0 85.0 76.0 94.0 89.0 89.0 89.0 76.0 83.0 83.0 83.0 91.0 106.0 106.0 106.0 84.0 99.0 87.0 82.0 83.0 76.0 76.0 76.0 92.0 92.0 89.0 89.0 68.0 92.0 71.0 71.0 78.0 85.0 85.0 90.0 80.0 82.0 80.0 86.0 86.0 127.0 81.0 81.0 85.0 85.0 84.0 88.0 99.0 91.0 88.0 70.0 88.0 86.0 70.0 76.0 73.0 83.0 96.0 76.0 86.0 78.0 85.0 87.0 78.0 97.0 98.0 84.0 81.0 87.0 83.0 96.0 86.0 78.0 83.0 81.0 91.0 82.0 86.0 81.0 82.0 75.0 81.0 87.0 75.0 89.0 81.0 83.0 76.0 90.0 83.0 80.0 86.0 85.0 78.0 78.0 86.0 93.0 79.0 83.0 86.0 78.0 80.0 88.0 81.0 75.0 90.0 81.0 75.0 78.0 82.0 80.0 76.0 79.0 86.0 99.0 82.0 81.0 81.0 81.0 93.0 82.0 87.0 79.0 91.0 73.0 84.0 81.0 103.0 79.0 87.0 86.0 98.0 93.0 83.0 80.0 86.0 79.0 74.0 88.0 84.0 84.0 76.0 94.0 88.0 84.0 83.0 95.0 135.0 78.0 80.0 86.0 84.0 84.0 75.0 99.0 81.0 76.0 85.0 83.0 91.0 86.0 81.0 87.0 88.0 83.0 84.0 81.0 82.0 86.0 85.0 82.0 88.0 76.0 84.0 78.0 72.0 84.0 76.0 73.0 95.0 84.0 77.0 86.0 81.0 84.0 76.0 76.0 80.0 73.0 81.0 78.0 76.0 76.0 72.0 95.0 79.0 84.0 84.0 88.0 79.0 91.0 85.0 82.0 77.0 84.0 82.0 72.0 82.0 83.0 85.0 83.0 96.0 82.0 76.0 77.0 93.0 82.0 86.0 87.0 87.0 76.0 90.0 88.0 88.0 82.0 79.0 73.0 90.0 99.0 84.0 99.0 77.0 93.0 80.0 99.0 99.0 82.0 88.0 81.0 94.0 107.0 80.0 80.0 93.0 94.0 82.0 83.0 83.0 89.0 90.0 79.0 82.0 110.0 92.0 83.0 83.0 83.0 83.0 94.0 86.0 86.0 86.0 84.0 106.0 81.0 84.0 74.0 74.0 79.0 83.0 84.56445993031359 8.219148181088443
42 635.0 648.0 645.0 673.0 665.0 697.0 698.0 667.0 637.0 688.0 603.0 674.0 656.0 651.0 670.0 663.0 650.0 629.0 635.0 644.0 655.0 690.0 631.0 629.0 657.0 645.0 662.0 664.0 640.0 673.0 600.0 638.0 672.0 675.0 833.0 744.0 628.0 665.0 683.0 683.0 706.0 684.0 661.0 628.0 639.0 648.0 904.0 660.0 658.0 669.0 673.0 678.0 640.0 655.0 663.0 868.0 684.0 803.0 639.0 701.0 707.0 689.0 675.0 684.0 678.0 726.0 657.0 636.0 652.0 663.0 648.0 660.0 683.0 706.0 706.0 694.0 692.0 661.0 789.0 685.0 631.0 607.0 673.0 670.0 690.0 652.0 694.0 665.0 653.0 654.0 659.0 645.0 621.0 638.0 685.0 668.0 659.0 686.0 649.0 652.0 678.0 663.0 659.0 649.0 646.0 657.0 654.0 656.0 633.0 620.0 625.0 628.0 649.0 640.0 657.0 687.0 630.0 637.0 669.0 631.0 621.0 629.0 614.0 648.0 633.0 649.0 623.0 631.0 631.0 635.0 673.0 658.0 634.0 643.0 708.0 637.0 644.0 684.0 702.0 680.0 622.0 616.0 624.0 675.0 673.0 617.0 624.0 701.0 685.0 677.0 661.0 651.0 601.0 612.0 684.0 675.0 664.0 636.0 680.0 662.0 651.0 667.0 672.0 713.0 658.0 643.0 641.0 663.0 657.0 692.0 644.0 639.0 627.0 641.0 650.0 630.0 598.0 638.0 674.0 653.0 659.0 669.0 690.0 662.0 664.0 662.0 667.0 688.0 663.0 656.0 644.0 595.0 630.0 609.0 630.0 660.0 670.0 600.0 601.0 657.0 655.0 664.0 644.0 615.0 592.0 613.0 612.0 617.0 616.0 599.0 627.0 660.0 655.0 656.0 687.0 643.0 682.0 675.0 668.0 572.0 608.0 610.0 573.0 621.0 646.0 647.0 666.0 649.0 662.0 660.0 613.0 640.0 660.0 636.0 580.0 673.0 658.0 664.0 678.0 666.0 653.0 663.0 687.0 665.0 697.0 706.0 666.0 682.0 652.0 644.0 625.0 674.0 664.0 662.0 724.0 670.0 686.0 703.0 702.0 701.0 687.0 695.0 722.0 656.0 639.0 628.0 646.0 678.0 682.0 709.0 671.0 664.0 660.0 662.0 649.0 652.0 659.0 646.0 670.0 667.0 660.0 640.0 623.0 669.0 666.0 656.0 655.0 659.2648083623693 36.98817967324248
43 929.0 806.0 783.0 746.0 744.0 736.0 710.0 717.0 671.0 718.0 736.0 728.0 750.0 728.0 683.0 690.0 774.0 703.0 728.0 736.0 705.0 708.0 711.0 708.0 722.0 731.0 724.0 715.0 680.0 734.0 776.0 744.0 744.0 736.0 6258.0 739.0 750.0 769.0 769.0 764.0 672.0 705.0 707.0 711.0 719.0 709.0 721.0 694.0 705.0 712.0 707.0 723.0 720.0 935.0 823.0 723.0 692.0 731.0 726.0 775.0 732.0 743.0 773.0 782.0 735.0 853.0 720.0 691.0 723.0 737.0 858.0 755.0 746.0 769.0 743.0 737.0 724.0 748.0 757.0 726.0 713.0 688.0 796.0 738.0 643.0 665.0 678.0 750.0 721.0 723.0 737.0 753.0 751.0 791.0 740.0 763.0 750.0 768.0 743.0 737.0 760.0 733.0 735.0 759.0 738.0 720.0 716.0 719.0 740.0 713.0 729.0 744.0 780.0 759.0 759.0 743.0 771.0 731.0 716.0 716.0 718.0 713.0 718.0 711.0 733.0 716.0 729.0 779.0 735.0 737.0 781.0 759.0 773.0 713.0 691.0 719.0 763.0 770.0 759.0 715.0 716.0 733.0 709.0 722.0 671.0 699.0 746.0 753.0 746.0 732.0 746.0 753.0 736.0 747.0 742.0 753.0 717.0 706.0 718.0 727.0 757.0 768.0 731.0 733.0 744.0 743.0 745.0 725.0 697.0 716.0 717.0 743.0 755.0 660.0 653.0 653.0 746.0 727.0 742.0 738.0 784.0 696.0 716.0 699.0 736.0 740.0 721.0 686.0 716.0 696.0 670.0 765.0 733.0 738.0 726.0 633.0 687.0 761.0 733.0 723.0 724.0 684.0 655.0 671.0 717.0 698.0 745.0 713.0 722.0 729.0 731.0 758.0 732.0 739.0 738.0 710.0 707.0 744.0 732.0 685.0 660.0 677.0 699.0 713.0 735.0 713.0 655.0 666.0 731.0 735.0 750.0 752.0 741.0 786.0 727.0 739.0 753.0 728.0 719.0 741.0 738.0 741.0 744.0 739.0 730.0 753.0 702.0 708.0 717.0 747.0 729.0 745.0 741.0 747.0 742.0 735.0 735.0 744.0 733.0 796.0 723.0 713.0 715.0 721.0 716.0 897.0 727.0 741.0 740.0 735.0 737.0 789.0 713.0 715.0 685.0 711.0 700.0 727.0 849.0 729.0 700.0 715.0 687.0 705.0 717.0 748.0 733.0 751.0731707317074 328.28124914988337
44 223.0 177.0 182.0 181.0 181.0 175.0 179.0 179.0 176.0 176.0 186.0 185.0 166.0 166.0 171.0 174.0 183.0 182.0 182.0 174.0 175.0 173.0 199.0 183.0 184.0 167.0 167.0 164.0 187.0 187.0 187.0 187.0 187.0 187.0 177.0 185.0 189.0 198.0 178.0 163.0 180.0 165.0 177.0 173.0 177.0 167.0 177.0 179.0 178.0 177.0 180.0 199.0 181.0 242.0 160.0 175.0 175.0 173.0 185.0 182.0 185.0 183.0 182.0 185.0 197.0 171.0 178.0 179.0 169.0 195.0 175.0 188.0 184.0 169.0 180.0 177.0 178.0 176.0 178.0 179.0 152.0 184.0 173.0 157.0 158.0 173.0 175.0 183.0 180.0 176.0 180.0 187.0 182.0 184.0 168.0 180.0 193.0 170.0 181.0 171.0 174.0 184.0 181.0 179.0 174.0 171.0 174.0 179.0 177.0 176.0 180.0 182.0 178.0 183.0 181.0 187.0 170.0 173.0 175.0 181.0 176.0 172.0 172.0 179.0 172.0 188.0 171.0 182.0 183.0 178.0 180.0 185.0 177.0 170.0 180.0 201.0 180.0 178.0 158.0 170.0 182.0 180.0 168.0 166.0 184.0 182.0 196.0 175.0 181.0 182.0 188.0 185.0 181.0 181.0 183.0 165.0 178.0 173.0 176.0 178.0 182.0 175.0 178.0 182.0 179.0 173.0 185.0 174.0 168.0 179.0 182.0 191.0 181.0 158.0 181.0 194.0 177.0 185.0 178.0 184.0 169.0 166.0 174.0 183.0 183.0 174.0 166.0 171.0 168.0 175.0 176.0 171.0 176.0 163.0 163.0 150.0 184.0 185.0 175.0 172.0 157.0 160.0 171.0 168.0 187.0 163.0 188.0 178.0 183.0 181.0 176.0 182.0 178.0 184.0 182.0 175.0 187.0 176.0 185.0 159.0 171.0 182.0 183.0 179.0 175.0 164.0 174.0 179.0 182.0 183.0 181.0 181.0 184.0 177.0 186.0 184.0 171.0 180.0 182.0 184.0 184.0 184.0 184.0 173.0 170.0 179.0 167.0 180.0 183.0 180.0 182.0 185.0 182.0 177.0 186.0 183.0 204.0 204.0 178.0 178.0 174.0 180.0 176.0 182.0 185.0 168.0 180.0 179.0 175.0 184.0 161.0 175.0 175.0 169.0 165.0 172.0 180.0 184.0 171.0 171.0 171.0 170.0 166.0 189.0 189.0 179.0 177.0 178.2439024390244 9.447485851459401
45 630.0 638.0 630.0 632.0 648.0 642.0 634.0 619.0 620.0 620.0 642.0 601.0 603.0 610.0 610.0 602.0 593.0 647.0 640.0 631.0 621.0 603.0 641.0 626.0 618.0 614.0 615.0 640.0 653.0 644.0 634.0 619.0 614.0 616.0 639.0 675.0 653.0 642.0 624.0 627.0 666.0 626.0 663.0 625.0 646.0 619.0 634.0 613.0 622.0 633.0 633.0 734.0 741.0 641.0 627.0 637.0 661.0 656.0 645.0 641.0 626.0 649.0 635.0 623.0 624.0 635.0 633.0 622.0 636.0 644.0 633.0 631.0 631.0 628.0 632.0 639.0 610.0 605.0 625.0 642.0 622.0 595.0 562.0 568.0 619.0 618.0 726.0 705.0 773.0 862.0 969.0 948.0 1243.0 1394.0 783.0 879.0 1013.0 761.0 648.0 633.0 641.0 638.0 627.0 601.0 612.0 620.0 631.0 620.0 623.0 634.0 639.0 649.0 644.0 643.0 645.0 598.0 607.0 619.0 603.0 613.0 636.0 615.0 619.0 632.0 622.0 629.0 646.0 643.0 623.0 645.0 638.0 629.0 638.0 633.0 633.0 627.0 632.0 606.0 603.0 631.0 622.0 650.0 662.0 649.0 642.0 637.0 630.0 638.0 662.0 655.0 639.0 656.0 645.0 640.0 603.0 618.0 631.0 637.0 637.0 632.0 634.0 633.0 649.0 639.0 632.0 621.0 611.0 601.0 629.0 651.0 661.0 569.0 569.0 612.0 623.0 631.0 635.0 632.0 638.0 624.0 632.0 648.0 643.0 625.0 594.0 590.0 599.0 594.0 592.0 595.0 635.0 629.0 590.0 551.0 583.0 652.0 619.0 620.0 611.0 582.0 562.0 581.0 597.0 639.0 643.0 627.0 613.0 602.0 629.0 631.0 601.0 622.0 607.0 614.0 640.0 639.0 619.0 678.0 636.0 613.0 628.0 637.0 616.0 600.0 574.0 588.0 645.0 638.0 641.0 663.0 651.0 644.0 632.0 630.0 635.0 635.0 646.0 646.0 643.0 658.0 623.0 611.0 624.0 622.0 621.0 616.0 640.0 657.0 637.0 640.0 648.0 650.0 660.0 655.0 662.0 663.0 586.0 589.0 601.0 604.0 626.0 626.0 646.0 616.0 602.0 610.0 638.0 635.0 713.0 639.0 627.0 599.0 590.0 592.0 626.0 638.0 623.0 604.0 625.0 658.0 618.0 620.0 651.0 643.0 630.0 627.0 617.0 640.2020905923345 75.5816207435084
46 413.0 405.0 468.0 419.0 438.0 400.0 413.0 401.0 404.0 391.0 393.0 390.0 387.0 413.0 380.0 407.0 413.0 403.0 400.0 425.0 434.0 404.0 395.0 398.0 401.0 409.0 422.0 416.0 410.0 398.0 398.0 416.0 408.0 428.0 448.0 415.0 420.0 390.0 399.0 415.0 404.0 408.0 453.0 402.0 402.0 404.0 406.0 412.0 404.0 396.0 363.0 483.0 408.0 416.0 459.0 418.0 417.0 419.0 408.0 436.0 416.0 394.0 394.0 407.0 416.0 406.0 436.0 445.0 420.0 419.0 416.0 427.0 407.0 433.0 441.0 397.0 388.0 417.0 423.0 421.0 382.0 357.0 397.0 401.0 412.0 408.0 407.0 425.0 446.0 418.0 392.0 393.0 413.0 403.0 423.0 399.0 381.0 394.0 384.0 406.0 421.0 386.0 370.0 394.0 404.0 401.0 401.0 406.0 415.0 415.0 411.0 415.0 411.0 394.0 400.0 406.0 446.0 403.0 401.0 409.0 412.0 450.0 424.0 416.0 411.0 413.0 399.0 432.0 414.0 402.0 404.0 406.0 407.0 408.0 413.0 412.0 394.0 408.0 421.0 413.0 416.0 406.0 435.0 432.0 414.0 426.0 421.0 419.0 423.0 410.0 414.0 414.0 392.0 398.0 407.0 402.0 420.0 411.0 400.0 406.0 417.0 416.0 404.0 412.0 393.0 392.0 407.0 421.0 442.0 387.0 352.0 371.0 386.0 403.0 417.0 406.0 412.0 374.0 386.0 409.0 415.0 413.0 394.0 371.0 386.0 395.0 393.0 384.0 387.0 408.0 396.0 410.0 384.0 405.0 405.0 406.0 406.0 374.0 370.0 382.0 387.0 407.0 419.0 414.0 393.0 398.0 418.0 406.0 409.0 404.0 379.0 415.0 387.0 457.0 406.0 409.0 475.0 426.0 406.0 419.0 393.0 415.0 368.0 371.0 419.0 426.0 421.0 418.0 404.0 418.0 429.0 420.0 413.0 411.0 405.0 418.0 449.0 416.0 409.0 410.0 393.0 364.0 405.0 396.0 406.0 420.0 420.0 418.0 419.0 419.0 416.0 429.0 423.0 394.0 392.0 382.0 391.0 405.0 408.0 400.0 404.0 429.0 398.0 398.0 412.0 410.0 413.0 384.0 392.0 409.0 444.0 395.0 399.0 413.0 412.0 397.0 403.0 419.0 406.0 401.0 416.0 413.0 413.0 403.0 399.0 407.0 411.0 408.22648083623693 17.873318664693095
47 243.0 243.0 237.0 241.0 230.0 230.0 235.0 235.0 349.0 239.0 229.0 226.0 237.0 237.0 237.0 244.0 233.0 232.0 244.0 244.0 239.0 227.0 283.0 258.0 237.0 249.0 237.0 239.0 221.0 221.0 253.0 242.0 262.0 262.0 238.0 243.0 225.0 225.0 237.0 243.0 241.0 226.0 242.0 230.0 240.0 240.0 247.0 237.0 229.0 349.0 255.0 235.0 235.0 246.0 260.0 254.0 252.0 239.0 251.0 237.0 250.0 249.0 244.0 240.0 262.0 248.0 254.0 261.0 246.0 243.0 232.0 242.0 242.0 256.0 252.0 231.0 248.0 253.0 261.0 229.0 214.0 238.0 235.0 246.0 241.0 249.0 248.0 246.0 288.0 241.0 230.0 229.0 230.0 238.0 232.0 218.0 247.0 228.0 233.0 235.0 226.0 218.0 240.0 238.0 237.0 253.0 255.0 270.0 253.0 244.0 253.0 250.0 243.0 251.0 243.0 276.0 251.0 249.0 244.0 244.0 235.0 316.0 245.0 259.0 248.0 249.0 264.0 259.0 244.0 265.0 250.0 243.0 248.0 249.0 249.0 251.0 246.0 252.0 257.0 271.0 234.0 255.0 261.0 261.0 259.0 275.0 248.0 257.0 244.0 250.0 244.0 241.0 241.0 248.0 253.0 250.0 249.0 252.0 252.0 257.0 270.0 269.0 270.0 266.0 230.0 249.0 244.0 257.0 228.0 201.0 227.0 238.0 237.0 250.0 230.0 239.0 239.0 223.0 234.0 244.0 236.0 229.0 219.0 235.0 231.0 226.0 239.0 233.0 216.0 229.0 227.0 211.0 242.0 240.0 247.0 257.0 228.0 217.0 231.0 218.0 238.0 245.0 242.0 240.0 233.0 241.0 256.0 235.0 232.0 233.0 238.0 241.0 251.0 242.0 247.0 257.0 228.0 237.0 256.0 237.0 241.0 225.0 216.0 233.0 240.0 241.0 242.0 245.0 252.0 244.0 243.0 241.0 242.0 238.0 244.0 242.0 292.0 285.0 245.0 234.0 225.0 229.0 231.0 242.0 240.0 243.0 248.0 244.0 245.0 248.0 273.0 247.0 237.0 254.0 225.0 251.0 231.0 234.0 236.0 230.0 248.0 237.0 231.0 243.0 236.0 249.0 222.0 243.0 243.0 260.0 234.0 235.0 245.0 253.0 225.0 255.0 249.0 257.0 248.0 251.0 249.0 244.0 236.0 247.0 249.0 232.0 232.0 243.71080139372822 16.20508818001173
48 173.0 172.0 178.0 160.0 160.0 168.0 170.0 156.0 156.0 167.0 156.0 189.0 171.0 180.0 178.0 173.0 175.0 174.0 180.0 149.0 167.0 174.0 174.0 176.0 176.0 179.0 173.0 173.0 173.0 159.0 175.0 187.0 158.0 166.0 176.0 176.0 168.0 171.0 173.0 174.0 167.0 167.0 172.0 166.0 167.0 171.0 180.0 172.0 171.0 161.0 170.0 170.0 170.0 177.0 177.0 181.0 172.0 183.0 181.0 172.0 170.0 181.0 172.0 164.0 164.0 194.0 166.0 178.0 185.0 163.0 170.0 176.0 170.0 174.0 153.0 178.0 180.0 156.0 160.0 148.0 167.0 169.0 178.0 168.0 180.0 204.0 181.0 169.0 167.0 167.0 186.0 167.0 174.0 181.0 161.0 159.0 165.0 162.0 174.0 164.0 165.0 162.0 172.0 169.0 167.0 171.0 175.0 183.0 170.0 180.0 175.0 174.0 164.0 175.0 170.0 164.0 164.0 173.0 166.0 174.0 176.0 168.0 186.0 169.0 167.0 174.0 175.0 171.0 169.0 178.0 170.0 173.0 174.0 251.0 176.0 173.0 176.0 167.0 190.0 172.0 181.0 181.0 169.0 177.0 172.0 177.0 176.0 174.0 173.0 171.0 164.0 174.0 174.0 174.0 159.0 172.0 169.0 171.0 171.0 168.0 178.0 175.0 172.0 164.0 176.0 174.0 174.0 195.0 152.0 154.0 161.0 187.0 165.0 183.0 170.0 171.0 175.0 170.0 175.0 177.0 166.0 156.0 156.0 170.0 165.0 167.0 172.0 158.0 158.0 173.0 170.0 163.0 169.0 175.0 169.0 170.0 153.0 172.0 159.0 165.0 179.0 175.0 176.0 155.0 206.0 168.0 173.0 183.0 176.0 166.0 172.0 179.0 186.0 178.0 209.0 205.0 168.0 179.0 168.0 176.0 171.0 152.0 174.0 175.0 172.0 180.0 178.0 173.0 180.0 178.0 190.0 176.0 174.0 181.0 176.0 170.0 176.0 173.0 172.0 150.0 173.0 172.0 179.0 173.0 168.0 173.0 179.0 180.0 168.0 192.0 180.0 164.0 169.0 165.0 165.0 168.0 175.0 169.0 163.0 173.0 172.0 168.0 178.0 216.0 171.0 160.0 159.0 175.0 172.0 172.0 168.0 175.0 171.0 168.0 171.0 185.0 170.0 179.0 181.0 171.0 177.0 180.0 171.0 196.0 164.0 164.0 159.0 172.41463414634146 10.343346656570626
49 5.0 5.0 5.0 5.0 5.0 5.0 5.0 5.0 5.0 5.0 5.0 5.0 5.0 5.0 5.0 5.0 5.0 5.0 5.0 5.0 5.0 6.0 6.0 6.0 6.0 6.0 6.0 6.0 6.0 6.0 6.0 6.0 6.0 6.0 6.0 6.0 6.0 5.0 5.0 6.0 6.0 6.0 6.0 5.0 5.0 5.0 5.0 5.0 5.0 12.0 12.0 12.0 12.0 6.0 6.0 6.0 5.0 5.0 5.0 5.0 5.0 5.0 5.0 5.0 5.0 5.0 5.0 5.0 5.0 5.0 5.0 5.0 5.0 5.0 5.0 6.0 6.0 6.0 6.0 5.0 5.0 5.0 5.0 5.0 5.0 6.0 6.0 5.0 5.0 5.0 5.0 5.0 5.0 5.0 5.0 5.0 5.0 5.0 5.0 5.0 5.0 5.0 5.0 5.0 5.0 5.0 6.0 6.0 6.0 6.0 6.0 6.0 6.0 6.0 6.0 6.0 6.0 5.0 5.0 5.0 5.0 6.0 5.0 5.0 5.0 5.0 6.0 6.0 6.0 6.0 6.0 6.0 6.0 6.0 6.0 6.0 6.0 6.0 6.0 6.0 6.0 6.0 6.0 6.0 5.0 5.0 5.0 6.0 6.0 6.0 6.0 6.0 6.0 6.0 5.0 6.0 6.0 6.0 6.0 6.0 6.0 6.0 6.0 6.0 5.0 5.0 5.0 5.0 5.0 5.0 5.0 6.0 6.0 6.0 6.0 6.0 6.0 6.0 6.0 7.0 7.0 5.0 5.0 5.0 6.0 6.0 5.0 5.0 5.0 5.0 5.0 4.0 5.0 6.0 6.0 6.0 5.0 5.0 5.0 6.0 6.0 6.0 6.0 4.0 4.0 4.0 4.0 5.0 4.0 6.0 5.0 5.0 5.0 5.0 5.0 5.0 5.0 6.0 6.0 6.0 6.0 5.0 5.0 5.0 5.0 5.0 5.0 5.0 5.0 5.0 5.0 5.0 6.0 6.0 6.0 6.0 6.0 5.0 5.0 5.0 5.0 5.0 5.0 5.0 5.0 5.0 5.0 5.0 5.0 5.0 6.0 6.0 6.0 5.0 5.0 5.0 5.0 5.0 5.0 6.0 6.0 6.0 6.0 5.0 5.0 5.0 5.0 5.0 5.0 5.0 5.0 5.0 5.0 6.0 6.0 6.0 6.0 6.0 6.0 6.0 6.0 6.0 6.0 6.0 6.0 6.0 6.0 5.519163763066202 0.9454428778755753
50 412.0 419.0 402.0 398.0 402.0 398.0 348.0 412.0 396.0 388.0 407.0 410.0 430.0 416.0 409.0 407.0 419.0 428.0 370.0 392.0 415.0 408.0 407.0 416.0 413.0 411.0 411.0 378.0 378.0 405.0 435.0 413.0 400.0 414.0 402.0 413.0 413.0 413.0 415.0 389.0 410.0 409.0 401.0 395.0 378.0 403.0 410.0 398.0 520.0 593.0 413.0 428.0 424.0 428.0 419.0 412.0 433.0 436.0 403.0 407.0 417.0 413.0 387.0 402.0 403.0 369.0 418.0 428.0 396.0 397.0 419.0 410.0 401.0 371.0 385.0 422.0 402.0 385.0 352.0 368.0 388.0 407.0 401.0 416.0 422.0 420.0 410.0 403.0 413.0 394.0 394.0 409.0 419.0 375.0 382.0 379.0 383.0 414.0 385.0 381.0 407.0 406.0 399.0 400.0 408.0 413.0 410.0 417.0 418.0 423.0 423.0 395.0 400.0 399.0 406.0 387.0 407.0 405.0 407.0 413.0 425.0 409.0 401.0 406.0 420.0 418.0 404.0 413.0 404.0 406.0 410.0 399.0 512.0 429.0 423.0 417.0 402.0 416.0 405.0 433.0 429.0 410.0 409.0 417.0 417.0 418.0 419.0 417.0 412.0 397.0 409.0 413.0 406.0 418.0 409.0 400.0 402.0 405.0 393.0 391.0 379.0 412.0 397.0 398.0 410.0 417.0 529.0 446.0 357.0 385.0 436.0 427.0 390.0 400.0 403.0 394.0 402.0 412.0 424.0 399.0 377.0 371.0 374.0 387.0 400.0 416.0 368.0 380.0 398.0 403.0 384.0 381.0 417.0 406.0 390.0 367.0 370.0 377.0 396.0 433.0 425.0 411.0 394.0 373.0 397.0 405.0 410.0 406.0 400.0 396.0 420.0 432.0 421.0 489.0 398.0 397.0 423.0 411.0 410.0 409.0 375.0 393.0 405.0 409.0 429.0 425.0 412.0 410.0 430.0 437.0 420.0 419.0 419.0 416.0 407.0 408.0 465.0 412.0 408.0 423.0 399.0 412.0 405.0 413.0 413.0 485.0 456.0 425.0 424.0 430.0 402.0 406.0 392.0 384.0 405.0 414.0 403.0 403.0 406.0 417.0 399.0 411.0 409.0 410.0 387.0 379.0 417.0 410.0 395.0 398.0 415.0 417.0 399.0 405.0 437.0 407.0 391.0 429.0 415.0 411.0 412.0 421.0 408.0 385.0 385.0 412.0 399.0 408.2787456445993 23.839769642404463
51 295.0 272.0 272.0 285.0 282.0 267.0 279.0 274.0 282.0 286.0 292.0 307.0 293.0 289.0 281.0 287.0 293.0 266.0 277.0 292.0 277.0 285.0 295.0 288.0 292.0 292.0 292.0 261.0 283.0 312.0 274.0 281.0 289.0 277.0 316.0 294.0 294.0 288.0 275.0 283.0 284.0 293.0 277.0 284.0 280.0 283.0 280.0 319.0 263.0 263.0 289.0 296.0 296.0 291.0 285.0 310.0 383.0 288.0 281.0 295.0 287.0 279.0 292.0 287.0 273.0 296.0 301.0 278.0 280.0 292.0 283.0 284.0 263.0 285.0 291.0 280.0 275.0 249.0 264.0 281.0 292.0 293.0 317.0 298.0 291.0 288.0 285.0 293.0 278.0 290.0 288.0 268.0 282.0 285.0 272.0 265.0 287.0 271.0 269.0 288.0 282.0 282.0 279.0 288.0 290.0 289.0 289.0 295.0 292.0 315.0 272.0 286.0 279.0 283.0 280.0 289.0 285.0 284.0 268.0 287.0 286.0 283.0 285.0 295.0 288.0 285.0 297.0 293.0 276.0 287.0 284.0 395.0 290.0 289.0 292.0 296.0 288.0 276.0 299.0 299.0 295.0 295.0 287.0 285.0 310.0 290.0 293.0 298.0 278.0 287.0 287.0 287.0 279.0 284.0 279.0 286.0 307.0 277.0 275.0 282.0 287.0 272.0 285.0 283.0 282.0 283.0 270.0 245.0 267.0 267.0 274.0 282.0 290.0 280.0 265.0 270.0 286.0 297.0 278.0 269.0 263.0 265.0 274.0 275.0 295.0 266.0 265.0 282.0 284.0 290.0 285.0 293.0 283.0 267.0 258.0 267.0 272.0 288.0 291.0 289.0 287.0 261.0 254.0 280.0 282.0 288.0 288.0 280.0 284.0 289.0 298.0 291.0 292.0 279.0 277.0 298.0 284.0 287.0 287.0 262.0 283.0 280.0 281.0 297.0 297.0 287.0 292.0 295.0 298.0 291.0 288.0 291.0 366.0 353.0 403.0 366.0 356.0 297.0 297.0 284.0 290.0 287.0 284.0 293.0 322.0 297.0 284.0 298.0 293.0 280.0 294.0 258.0 270.0 283.0 284.0 279.0 286.0 292.0 280.0 268.0 286.0 285.0 285.0 273.0 272.0 294.0 280.0 273.0 272.0 301.0 297.0 276.0 287.0 305.0 274.0 276.0 298.0 283.0 294.0 290.0 287.0 289.0 272.0 272.0 316.0 282.0 290.0 286.76655052264806 18.206215691564058
52 186.0 139.0 224.0 163.0 176.0 175.0 183.0 143.0 166.0 148.0 158.0 158.0 162.0 162.0 189.0 154.0 187.0 192.0 153.0 207.0 178.0 152.0 146.0 165.0 165.0 165.0 150.0 150.0 165.0 195.0 171.0 165.0 155.0 163.0 163.0 167.0 165.0 142.0 142.0 184.0 172.0 149.0 153.0 162.0 170.0 206.0 182.0 214.0 144.0 144.0 154.0 271.0 271.0 169.0 179.0 187.0 142.0 234.0 150.0 158.0 149.0 152.0 154.0 141.0 141.0 182.0 169.0 173.0 181.0 158.0 181.0 157.0 141.0 168.0 168.0 177.0 163.0 142.0 164.0 178.0 166.0 188.0 170.0 160.0 169.0 164.0 158.0 156.0 154.0 179.0 172.0 168.0 168.0 161.0 167.0 171.0 177.0 152.0 147.0 168.0 159.0 170.0 224.0 167.0 159.0 203.0 159.0 164.0 186.0 159.0 143.0 196.0 151.0 164.0 161.0 168.0 154.0 169.0 173.0 166.0 160.0 172.0 163.0 166.0 161.0 159.0 161.0 164.0 183.0 177.0 163.0 192.0 162.0 164.0 170.0 170.0 153.0 177.0 175.0 178.0 176.0 171.0 164.0 182.0 174.0 157.0 162.0 170.0 169.0 156.0 183.0 176.0 168.0 186.0 171.0 223.0 160.0 146.0 167.0 166.0 155.0 165.0 157.0 156.0 184.0 159.0 148.0 164.0 142.0 172.0 152.0 153.0 167.0 182.0 152.0 161.0 155.0 167.0 160.0 142.0 180.0 147.0 158.0 197.0 163.0 159.0 163.0 174.0 150.0 166.0 165.0 165.0 178.0 153.0 146.0 161.0 159.0 183.0 168.0 167.0 171.0 150.0 168.0 174.0 162.0 156.0 166.0 160.0 166.0 176.0 173.0 176.0 154.0 154.0 161.0 182.0 172.0 176.0 150.0 148.0 154.0 165.0 166.0 169.0 166.0 146.0 177.0 167.0 171.0 175.0 183.0 216.0 212.0 191.0 175.0 161.0 158.0 164.0 171.0 158.0 190.0 156.0 179.0 169.0 168.0 173.0 155.0 151.0 205.0 191.0 156.0 150.0 172.0 192.0 156.0 177.0 169.0 189.0 160.0 160.0 257.0 166.0 183.0 147.0 192.0 181.0 169.0 148.0 147.0 298.0 218.0 166.0 156.0 216.0 152.0 230.0 230.0 160.0 175.0 173.0 150.0 165.0 165.0 220.0 191.0 172.0 152.0 169.55400696864112 21.32473799771711
53 34.0 25.0 69.0 25.0 274.0 37.0 54.0 25.0 40.0 25.0 25.0 28.0 44.0 44.0 83.0 96.0 33.0 33.0 90.0 33.0 64.0 64.0 173.0 96.0 96.0 96.0 64.0 58.0 130.0 40.0 31.0 54.0 33.0 33.0 33.0 59.0 51.0 51.0 51.0 36.0 27.0 27.0 27.0 27.0 27.0 27.0 60.0 39.0 39.0 36.0 34.0 121.0 31.0 48.0 108.0 153.0 153.0 153.0 34.0 38.0 38.0 38.0 31.0 39.0 31.0 52.0 66.0 47.0 38.0 29.0 46.0 42.0 40.0 48.0 27.0 34.0 41.0 52.0 52.0 137.0 137.0 57.0 42.0 42.0 51.0 75.0 59.0 60.0 38.0 62.0 62.0 50.0 38.0 37.0 55.0 44.0 42.0 51.0 35.0 44.0 87.0 47.0 62.0 106.0 34.0 149.0 47.0 53.0 64.0 45.0 74.0 38.0 34.0 93.0 50.0 59.0 67.0 452.0 46.0 35.0 44.0 64.0 50.0 46.0 46.0 31.0 55.0 34.0 42.0 48.0 44.0 44.0 75.0 60.0 64.0 134.0 41.0 64.0 53.0 57.0 62.0 58.0 49.0 51.0 39.0 61.0 45.0 45.0 93.0 36.0 44.0 42.0 44.0 45.0 54.0 90.0 39.0 46.0 57.0 41.0 45.0 40.0 44.0 44.0 57.0 50.0 64.0 53.0 36.0 56.0 148.0 53.0 42.0 67.0 58.0 50.0 47.0 40.0 33.0 46.0 43.0 51.0 65.0 46.0 39.0 34.0 87.0 87.0 40.0 63.0 49.0 50.0 50.0 46.0 42.0 48.0 28.0 37.0 88.0 41.0 52.0 52.0 93.0 56.0 113.0 48.0 48.0 57.0 44.0 50.0 49.0 71.0 64.0 45.0 130.0 41.0 28.0 63.0 41.0 41.0 41.0 55.0 40.0 54.0 108.0 57.0 63.0 44.0 39.0 63.0 49.0 137.0 30.0 83.0 35.0 33.0 39.0 66.0 33.0 41.0 59.0 54.0 35.0 42.0 66.0 66.0 66.0 48.0 58.0 44.0 45.0 44.0 44.0 58.0 76.0 44.0 58.0 52.0 38.0 38.0 58.0 70.0 70.0 46.0 50.0 50.0 34.0 81.0 68.0 35.0 64.0 59.0 55.0 75.0 1733.0 90.0 90.0 79.0 72.0 70.0 70.0 93.0 93.0 76.0 58.0 36.0 52.0 63.73519163763068 105.60491542922044
END
#################################################################
SECTION3 (Edges Information)
EndPoint0 EndPoint1 Weight
0 1 1.000000
1 2 1.000000
2 3 1.000000
3 4 1.000000
4 5 1.000000
5 6 1.000000
6 7 1.000000
7 8 1.000000
8 9 1.000000
9 10 1.000000
10 11 1.000000
11 12 1.000000
12 13 1.000000
13 14 1.000000
14 15 1.000000
15 16 1.000000
16 17 1.000000
17 18 1.000000
18 19 1.000000
19 20 1.000000
20 21 1.000000
21 22 1.000000
22 23 1.000000
23 24 1.000000
24 25 1.000000
25 26 1.000000
26 27 1.000000
27 28 1.000000
28 29 1.000000
29 30 1.000000
30 31 1.000000
31 32 1.000000
32 33 1.000000
33 34 1.000000
34 35 1.000000
35 36 1.000000
36 37 1.000000
37 38 1.000000
38 39 1.000000
39 40 1.000000
40 41 1.000000
41 42 1.000000
42 43 1.000000
43 44 1.000000
44 45 1.000000
45 46 1.000000
46 47 1.000000
47 48 1.000000
48 49 1.000000
49 50 1.000000
50 51 1.000000
51 52 1.000000
52 53 1.000000
END
#################################################################
SECTION4 (TrueSubGraph Information)
EndPoint0 EndPoint1 Weight
END
#################################################################
