#################################################################
#APDM Input Graph, this input graph includes 3 sections:
#section1 : general information
#section2 : nodes
#section3 : edges
#section4 : trueSubGraph (Optional)
#
#if nodes haven't information set weight to null
#################################################################
SECTION1 (General Information)
numNodes = 54
numEdges = 53
usedAlgorithm = NULL
dataSource = TransWeatherRealData
END
#################################################################
SECTION2 (Nodes Information)
NodeID travelTime  mean  std 
0 55.0 55.0 55.0 55.0 55.0 55.0 55.0 55.0 55.0 55.0 55.0 55.0 55.0 55.0 55.0 55.0 55.0 55.0 55.0 55.0 55.0 55.0 55.0 55.0 55.0 55.0 55.0 55.0 55.0 55.0 55.0 55.0 55.0 55.0 55.0 55.0 55.0 55.0 55.0 55.0 55.0 55.0 55.0 55.0 55.0 55.0 55.0 55.0 55.0 55.0 55.0 55.0 55.0 55.0 55.0 55.0 55.0 55.0 55.0 55.0 55.0 55.0 55.0 55.0 55.0 55.0 55.0 55.0 55.0 55.0 55.0 55.0 55.0 52.0 46.0 53.0 49.0 51.0 51.0 48.0 50.0 49.0 44.0 47.0 53.0 51.0 48.0 47.0 45.0 50.0 51.0 51.0 51.0 50.0 45.0 74.0 47.0 50.0 50.0 51.0 54.0 50.0 47.0 45.0 50.0 50.0 50.0 43.0 44.0 49.0 52.0 48.0 51.0 52.0 47.0 52.0 50.0 49.0 48.0 53.0 50.0 50.0 55.0 52.0 50.0 51.0 49.0 50.0 49.0 53.0 51.0 54.0 49.0 46.0 54.0 51.0 46.0 56.0 53.0 47.0 44.0 49.0 43.0 54.0 57.0 47.0 52.0 57.0 48.0 63.0 52.0 354.0 48.0 55.0 50.0 46.0 48.0 54.0 47.0 50.0 49.0 53.0 43.0 49.0 46.0 45.0 52.0 47.0 43.0 44.0 52.0 48.0 46.0 68.0 50.0 56.0 50.0 50.0 53.0 51.0 45.0 51.0 50.0 50.0 53.0 52.0 52.0 50.0 53.0 52.0 52.0 104.0 54.0 52.0 53.0 51.0 54.0 51.0 46.0 51.0 56.0 45.0 52.0 51.0 51.0 52.0 55.0 44.0 44.0 51.0 46.0 50.0 51.0 52.0 50.0 56.0 49.0 54.0 54.0 53.0 52.0 55.0 61.0 50.0 56.0 53.0 50.0 55.0 54.0 52.0 51.0 51.0 52.0 54.0 54.0 52.0 64.0 46.0 55.0 47.0 50.0 49.0 52.0 52.0 54.0 49.0 58.0 59.0 47.0 53.0 53.0 53.0 53.0 53.0 53.0 53.0 53.0 53.0 53.0 53.0 53.0 53.0 53.0 53.0 53.0 53.0 53.0 53.0 53.0 53.0 53.0 53.0 53.0 53.0 53.0 53.0 53.0 53.0 53.0 53.0 53.0 53.0 53.0 53.0 53.0 53.0 53.0 53.386759581881535 18.45861650771963
1 243.0 243.0 243.0 243.0 243.0 243.0 243.0 243.0 243.0 243.0 243.0 243.0 243.0 243.0 243.0 243.0 243.0 243.0 243.0 243.0 243.0 243.0 243.0 243.0 243.0 243.0 243.0 243.0 243.0 243.0 243.0 243.0 243.0 243.0 243.0 243.0 243.0 243.0 243.0 243.0 243.0 243.0 243.0 243.0 243.0 243.0 243.0 243.0 243.0 243.0 243.0 243.0 243.0 243.0 243.0 243.0 243.0 243.0 243.0 243.0 243.0 243.0 243.0 243.0 243.0 243.0 243.0 243.0 243.0 243.0 243.0 243.0 258.0 259.0 241.0 279.0 254.0 260.0 265.0 242.0 258.0 256.0 251.0 254.0 255.0 259.0 253.0 254.0 253.0 265.0 256.0 258.0 261.0 272.0 232.0 263.0 260.0 264.0 258.0 270.0 252.0 268.0 234.0 225.0 270.0 260.0 261.0 231.0 271.0 259.0 261.0 265.0 251.0 253.0 253.0 262.0 258.0 248.0 255.0 271.0 276.0 271.0 276.0 252.0 262.0 268.0 262.0 263.0 256.0 265.0 252.0 260.0 268.0 263.0 282.0 259.0 245.0 267.0 245.0 238.0 244.0 292.0 247.0 300.0 264.0 378.0 664.0 454.0 694.0 677.0 375.0 429.0 660.0 476.0 451.0 281.0 272.0 236.0 245.0 252.0 256.0 239.0 246.0 263.0 270.0 259.0 256.0 239.0 263.0 381.0 758.0 300.0 470.0 565.0 326.0 265.0 391.0 268.0 299.0 252.0 253.0 251.0 263.0 242.0 272.0 280.0 321.0 323.0 287.0 251.0 709.0 644.0 445.0 415.0 349.0 270.0 335.0 261.0 348.0 288.0 273.0 258.0 261.0 313.0 278.0 269.0 253.0 363.0 262.0 234.0 245.0 292.0 274.0 255.0 263.0 280.0 256.0 271.0 289.0 298.0 292.0 293.0 291.0 279.0 326.0 308.0 303.0 289.0 302.0 309.0 296.0 303.0 310.0 291.0 315.0 287.0 292.0 249.0 312.0 274.0 284.0 277.0 287.0 286.0 264.0 317.0 299.0 275.0 282.0 312.0 300.0 300.0 300.0 300.0 300.0 300.0 300.0 300.0 300.0 300.0 300.0 300.0 300.0 300.0 300.0 300.0 300.0 300.0 300.0 300.0 300.0 300.0 300.0 300.0 300.0 300.0 300.0 300.0 300.0 300.0 300.0 300.0 300.0 300.0 300.0 300.0 300.0 284.66550522648083 77.23413428179184
2 54.0 54.0 54.0 54.0 54.0 54.0 54.0 54.0 54.0 54.0 54.0 54.0 54.0 54.0 54.0 54.0 54.0 54.0 54.0 54.0 54.0 54.0 54.0 54.0 54.0 54.0 54.0 54.0 54.0 54.0 54.0 54.0 54.0 54.0 54.0 54.0 54.0 54.0 54.0 54.0 54.0 54.0 54.0 54.0 54.0 54.0 54.0 54.0 54.0 54.0 54.0 54.0 54.0 54.0 54.0 54.0 54.0 54.0 54.0 54.0 54.0 54.0 54.0 54.0 54.0 54.0 54.0 54.0 54.0 54.0 54.0 54.0 49.0 47.0 52.0 50.0 52.0 54.0 51.0 48.0 58.0 48.0 50.0 51.0 51.0 50.0 54.0 50.0 58.0 51.0 56.0 53.0 54.0 51.0 46.0 49.0 55.0 53.0 54.0 55.0 57.0 49.0 46.0 45.0 45.0 53.0 52.0 47.0 49.0 52.0 61.0 52.0 57.0 48.0 52.0 54.0 49.0 53.0 52.0 55.0 53.0 54.0 81.0 48.0 53.0 51.0 58.0 53.0 53.0 51.0 49.0 53.0 50.0 51.0 47.0 48.0 54.0 52.0 47.0 47.0 53.0 51.0 52.0 50.0 50.0 43.0 54.0 51.0 55.0 55.0 54.0 50.0 50.0 53.0 50.0 53.0 53.0 49.0 47.0 54.0 52.0 46.0 51.0 49.0 53.0 49.0 56.0 52.0 52.0 54.0 55.0 47.0 52.0 56.0 59.0 57.0 49.0 50.0 54.0 51.0 51.0 50.0 55.0 51.0 50.0 58.0 48.0 47.0 49.0 46.0 51.0 51.0 58.0 55.0 53.0 49.0 56.0 53.0 53.0 55.0 48.0 52.0 62.0 52.0 53.0 53.0 46.0 46.0 52.0 49.0 53.0 54.0 53.0 49.0 54.0 53.0 59.0 54.0 52.0 73.0 56.0 49.0 54.0 52.0 56.0 56.0 51.0 61.0 52.0 53.0 53.0 53.0 75.0 594.0 58.0 54.0 46.0 52.0 52.0 46.0 54.0 52.0 50.0 57.0 45.0 61.0 49.0 46.0 54.0 54.0 57.0 57.0 57.0 57.0 57.0 57.0 57.0 57.0 57.0 57.0 57.0 57.0 57.0 57.0 57.0 57.0 57.0 57.0 57.0 57.0 57.0 57.0 57.0 57.0 57.0 57.0 57.0 57.0 57.0 57.0 57.0 57.0 57.0 57.0 57.0 57.0 57.0 55.226480836236924 32.16740949122859
3 283.0 283.0 283.0 283.0 283.0 283.0 283.0 283.0 283.0 283.0 283.0 283.0 283.0 283.0 283.0 283.0 283.0 283.0 283.0 283.0 283.0 283.0 283.0 283.0 283.0 283.0 283.0 283.0 283.0 283.0 283.0 283.0 283.0 283.0 283.0 283.0 283.0 283.0 283.0 283.0 283.0 283.0 283.0 283.0 283.0 283.0 283.0 283.0 283.0 283.0 283.0 283.0 283.0 283.0 283.0 283.0 283.0 283.0 283.0 283.0 283.0 283.0 283.0 283.0 283.0 283.0 283.0 283.0 283.0 283.0 283.0 283.0 266.0 260.0 271.0 278.0 273.0 272.0 266.0 282.0 253.0 260.0 263.0 269.0 274.0 281.0 273.0 262.0 267.0 269.0 274.0 280.0 274.0 254.0 261.0 256.0 282.0 285.0 274.0 279.0 279.0 258.0 252.0 240.0 266.0 293.0 288.0 287.0 272.0 271.0 277.0 279.0 278.0 258.0 276.0 265.0 265.0 269.0 274.0 264.0 257.0 233.0 263.0 260.0 255.0 265.0 285.0 304.0 297.0 288.0 271.0 278.0 265.0 272.0 262.0 254.0 282.0 265.0 247.0 248.0 240.0 254.0 276.0 271.0 263.0 238.0 269.0 271.0 281.0 265.0 261.0 280.0 281.0 268.0 257.0 252.0 254.0 262.0 257.0 250.0 276.0 247.0 256.0 270.0 250.0 228.0 261.0 262.0 292.0 288.0 253.0 272.0 283.0 267.0 288.0 253.0 280.0 272.0 253.0 261.0 281.0 286.0 248.0 270.0 270.0 284.0 281.0 265.0 260.0 253.0 261.0 268.0 285.0 267.0 284.0 266.0 274.0 262.0 280.0 271.0 282.0 279.0 280.0 297.0 285.0 257.0 236.0 285.0 265.0 255.0 267.0 287.0 280.0 255.0 296.0 273.0 277.0 283.0 285.0 256.0 288.0 261.0 252.0 265.0 283.0 283.0 298.0 285.0 286.0 273.0 284.0 294.0 303.0 287.0 288.0 243.0 240.0 284.0 241.0 239.0 284.0 275.0 273.0 248.0 262.0 253.0 266.0 251.0 274.0 284.0 279.0 279.0 279.0 279.0 279.0 279.0 279.0 279.0 279.0 279.0 279.0 279.0 279.0 279.0 279.0 279.0 279.0 279.0 279.0 279.0 279.0 279.0 279.0 279.0 279.0 279.0 279.0 279.0 279.0 279.0 279.0 279.0 279.0 279.0 279.0 279.0 279.0 273.9512195121951 13.072594120489573
4 224.0 224.0 224.0 224.0 224.0 224.0 224.0 224.0 224.0 224.0 224.0 224.0 224.0 224.0 224.0 224.0 224.0 224.0 224.0 224.0 224.0 224.0 224.0 224.0 224.0 224.0 224.0 224.0 224.0 224.0 224.0 224.0 224.0 224.0 224.0 224.0 224.0 224.0 224.0 224.0 224.0 224.0 224.0 224.0 224.0 224.0 224.0 224.0 224.0 224.0 224.0 224.0 224.0 224.0 224.0 224.0 224.0 224.0 224.0 224.0 224.0 224.0 224.0 224.0 224.0 224.0 224.0 224.0 224.0 224.0 224.0 224.0 208.0 229.0 217.0 213.0 208.0 225.0 213.0 210.0 200.0 210.0 222.0 229.0 205.0 172.0 245.0 205.0 210.0 214.0 234.0 230.0 224.0 220.0 197.0 230.0 219.0 230.0 226.0 216.0 206.0 194.0 193.0 218.0 198.0 223.0 214.0 211.0 222.0 225.0 226.0 219.0 195.0 219.0 227.0 212.0 201.0 223.0 196.0 233.0 182.0 223.0 199.0 197.0 203.0 224.0 217.0 228.0 220.0 214.0 200.0 204.0 227.0 220.0 195.0 225.0 199.0 199.0 189.0 183.0 188.0 194.0 221.0 215.0 214.0 218.0 222.0 219.0 230.0 200.0 207.0 227.0 226.0 202.0 199.0 212.0 185.0 205.0 200.0 223.0 206.0 186.0 193.0 232.0 175.0 186.0 184.0 195.0 229.0 211.0 207.0 222.0 199.0 232.0 216.0 230.0 223.0 201.0 208.0 222.0 227.0 215.0 199.0 211.0 212.0 203.0 221.0 201.0 219.0 237.0 225.0 215.0 215.0 213.0 226.0 194.0 193.0 224.0 243.0 208.0 213.0 210.0 218.0 233.0 215.0 186.0 226.0 198.0 219.0 218.0 228.0 226.0 195.0 221.0 217.0 218.0 218.0 222.0 229.0 249.0 222.0 203.0 230.0 221.0 221.0 233.0 223.0 204.0 214.0 287.0 253.0 234.0 229.0 268.0 277.0 181.0 181.0 203.0 188.0 234.0 223.0 228.0 207.0 198.0 227.0 238.0 200.0 210.0 226.0 220.0 216.0 216.0 216.0 216.0 216.0 216.0 216.0 216.0 216.0 216.0 216.0 216.0 216.0 216.0 216.0 216.0 216.0 216.0 216.0 216.0 216.0 216.0 216.0 216.0 216.0 216.0 216.0 216.0 216.0 216.0 216.0 216.0 216.0 216.0 216.0 216.0 216.0 217.04181184668988 14.076650589207231
5 275.0 275.0 275.0 275.0 275.0 275.0 275.0 275.0 275.0 275.0 275.0 275.0 275.0 275.0 275.0 275.0 275.0 275.0 275.0 275.0 275.0 275.0 275.0 275.0 275.0 275.0 275.0 275.0 275.0 275.0 275.0 275.0 275.0 275.0 275.0 275.0 275.0 275.0 275.0 275.0 275.0 275.0 275.0 275.0 275.0 275.0 275.0 275.0 275.0 275.0 275.0 275.0 275.0 275.0 275.0 275.0 275.0 275.0 275.0 275.0 275.0 275.0 275.0 275.0 275.0 275.0 275.0 275.0 275.0 275.0 275.0 275.0 283.0 268.0 283.0 268.0 278.0 265.0 282.0 255.0 282.0 272.0 272.0 263.0 264.0 296.0 270.0 266.0 266.0 281.0 292.0 283.0 285.0 260.0 270.0 260.0 284.0 285.0 285.0 263.0 259.0 253.0 278.0 285.0 277.0 281.0 274.0 277.0 285.0 296.0 292.0 268.0 286.0 279.0 277.0 258.0 273.0 270.0 289.0 270.0 299.0 261.0 259.0 258.0 278.0 277.0 285.0 287.0 284.0 262.0 263.0 267.0 277.0 261.0 278.0 276.0 258.0 249.0 244.0 238.0 264.0 264.0 269.0 281.0 283.0 268.0 290.0 263.0 278.0 269.0 292.0 294.0 257.0 267.0 287.0 257.0 258.0 254.0 268.0 253.0 248.0 256.0 277.0 241.0 231.0 245.0 255.0 301.0 268.0 259.0 286.0 261.0 276.0 271.0 288.0 274.0 258.0 252.0 271.0 283.0 282.0 259.0 278.0 289.0 282.0 283.0 260.0 288.0 295.0 272.0 278.0 287.0 279.0 286.0 257.0 248.0 275.0 297.0 251.0 291.0 282.0 280.0 280.0 270.0 273.0 279.0 279.0 288.0 275.0 287.0 290.0 260.0 255.0 281.0 274.0 279.0 281.0 289.0 292.0 286.0 255.0 277.0 287.0 297.0 300.0 296.0 270.0 276.0 279.0 277.0 299.0 289.0 309.0 293.0 231.0 245.0 251.0 247.0 277.0 280.0 288.0 257.0 259.0 297.0 293.0 255.0 274.0 292.0 280.0 284.0 297.0 297.0 297.0 297.0 297.0 297.0 297.0 297.0 297.0 297.0 297.0 297.0 297.0 297.0 297.0 297.0 297.0 297.0 297.0 297.0 297.0 297.0 297.0 297.0 297.0 297.0 297.0 297.0 297.0 297.0 297.0 297.0 297.0 297.0 297.0 297.0 297.0 277.0243902439024 14.044239451719955
6 16.0 16.0 16.0 16.0 16.0 16.0 16.0 16.0 16.0 16.0 16.0 16.0 16.0 16.0 16.0 16.0 16.0 16.0 16.0 16.0 16.0 16.0 16.0 16.0 16.0 16.0 16.0 16.0 16.0 16.0 16.0 16.0 16.0 16.0 16.0 16.0 16.0 16.0 16.0 16.0 16.0 16.0 16.0 16.0 16.0 16.0 16.0 16.0 16.0 16.0 16.0 16.0 16.0 16.0 16.0 16.0 16.0 16.0 16.0 16.0 16.0 16.0 16.0 16.0 16.0 16.0 16.0 16.0 16.0 16.0 16.0 16.0 15.0 14.0 14.0 14.0 14.0 16.0 16.0 14.0 15.0 18.0 18.0 16.0 16.0 16.0 16.0 15.0 14.0 14.0 16.0 14.0 15.0 14.0 15.0 15.0 16.0 15.0 15.0 15.0 16.0 14.0 14.0 14.0 15.0 16.0 15.0 16.0 15.0 15.0 16.0 14.0 14.0 14.0 14.0 15.0 14.0 13.0 16.0 13.0 15.0 14.0 15.0 15.0 15.0 15.0 15.0 16.0 16.0 15.0 15.0 15.0 16.0 15.0 16.0 13.0 14.0 14.0 14.0 13.0 15.0 15.0 14.0 14.0 16.0 13.0 13.0 16.0 15.0 16.0 16.0 17.0 14.0 15.0 16.0 14.0 14.0 14.0 14.0 15.0 14.0 15.0 15.0 13.0 15.0 13.0 13.0 13.0 15.0 15.0 15.0 14.0 14.0 14.0 14.0 14.0 14.0 15.0 13.0 16.0 14.0 17.0 16.0 16.0 16.0 15.0 14.0 14.0 16.0 15.0 16.0 15.0 15.0 16.0 14.0 17.0 16.0 16.0 16.0 17.0 16.0 14.0 16.0 15.0 15.0 15.0 15.0 15.0 15.0 16.0 16.0 14.0 17.0 17.0 17.0 17.0 17.0 17.0 16.0 15.0 14.0 16.0 16.0 16.0 17.0 15.0 15.0 15.0 14.0 17.0 17.0 17.0 17.0 16.0 12.0 12.0 14.0 14.0 14.0 14.0 16.0 13.0 17.0 18.0 14.0 14.0 14.0 16.0 16.0 16.0 16.0 16.0 16.0 16.0 16.0 16.0 16.0 16.0 16.0 16.0 16.0 16.0 16.0 16.0 16.0 16.0 16.0 16.0 16.0 16.0 16.0 16.0 16.0 16.0 16.0 16.0 16.0 16.0 16.0 16.0 16.0 16.0 16.0 16.0 16.0 16.0 16.0 15.400696864111499 1.0493418860415884
7 311.0 311.0 311.0 311.0 311.0 311.0 311.0 311.0 311.0 311.0 311.0 311.0 311.0 311.0 311.0 311.0 311.0 311.0 311.0 311.0 311.0 311.0 311.0 311.0 311.0 311.0 311.0 311.0 311.0 311.0 311.0 311.0 311.0 311.0 311.0 311.0 311.0 311.0 311.0 311.0 311.0 311.0 311.0 311.0 311.0 311.0 311.0 311.0 311.0 311.0 311.0 311.0 311.0 311.0 311.0 311.0 311.0 311.0 311.0 311.0 311.0 311.0 311.0 311.0 311.0 311.0 311.0 311.0 311.0 311.0 311.0 311.0 306.0 318.0 321.0 305.0 310.0 327.0 301.0 314.0 324.0 310.0 306.0 293.0 331.0 312.0 316.0 302.0 319.0 382.0 315.0 321.0 298.0 291.0 298.0 305.0 322.0 318.0 299.0 306.0 289.0 294.0 320.0 328.0 311.0 315.0 315.0 323.0 331.0 328.0 290.0 304.0 309.0 309.0 304.0 312.0 300.0 319.0 296.0 327.0 315.0 297.0 289.0 319.0 318.0 327.0 335.0 321.0 308.0 301.0 303.0 324.0 295.0 308.0 323.0 292.0 300.0 280.0 273.0 277.0 332.0 314.0 297.0 319.0 307.0 313.0 299.0 303.0 323.0 328.0 325.0 291.0 289.0 314.0 276.0 288.0 299.0 285.0 325.0 278.0 282.0 322.0 311.0 282.0 282.0 268.0 333.0 355.0 292.0 321.0 293.0 322.0 310.0 326.0 316.0 287.0 290.0 302.0 319.0 314.0 315.0 310.0 327.0 322.0 298.0 302.0 335.0 332.0 312.0 304.0 348.0 317.0 315.0 304.0 297.0 291.0 346.0 318.0 325.0 310.0 310.0 304.0 307.0 311.0 322.0 315.0 342.0 319.0 365.0 349.0 296.0 286.0 324.0 309.0 316.0 346.0 325.0 327.0 315.0 303.0 304.0 325.0 348.0 332.0 325.0 304.0 317.0 314.0 328.0 336.0 344.0 330.0 338.0 274.0 266.0 289.0 279.0 346.0 314.0 346.0 301.0 289.0 348.0 333.0 289.0 300.0 325.0 321.0 316.0 311.0 314.0 314.0 314.0 314.0 314.0 314.0 314.0 314.0 314.0 314.0 314.0 314.0 314.0 314.0 314.0 314.0 314.0 314.0 314.0 314.0 314.0 314.0 314.0 314.0 314.0 314.0 314.0 314.0 314.0 314.0 314.0 314.0 314.0 314.0 314.0 314.0 314.0 312.0278745644599 14.851923776815017
8 478.0 478.0 478.0 478.0 478.0 478.0 478.0 478.0 478.0 478.0 478.0 478.0 478.0 478.0 478.0 478.0 478.0 478.0 478.0 478.0 478.0 478.0 478.0 478.0 478.0 478.0 478.0 478.0 478.0 478.0 478.0 478.0 478.0 478.0 478.0 478.0 478.0 478.0 478.0 478.0 478.0 478.0 478.0 478.0 478.0 478.0 478.0 478.0 478.0 478.0 478.0 478.0 478.0 478.0 478.0 478.0 478.0 478.0 478.0 478.0 478.0 478.0 478.0 478.0 478.0 478.0 478.0 478.0 478.0 478.0 478.0 478.0 495.0 521.0 467.0 469.0 466.0 460.0 467.0 507.0 509.0 442.0 486.0 543.0 461.0 455.0 480.0 480.0 529.0 489.0 490.0 443.0 439.0 446.0 450.0 462.0 474.0 440.0 461.0 490.0 493.0 485.0 498.0 476.0 475.0 472.0 526.0 498.0 493.0 416.0 427.0 459.0 473.0 464.0 455.0 426.0 449.0 482.0 515.0 459.0 437.0 418.0 406.0 487.0 511.0 481.0 473.0 471.0 475.0 479.0 483.0 437.0 467.0 412.0 406.0 456.0 414.0 438.0 407.0 430.0 464.0 479.0 489.0 495.0 503.0 454.0 456.0 466.0 483.0 479.0 461.0 434.0 466.0 408.0 432.0 419.0 431.0 489.0 422.0 416.0 461.0 412.0 394.0 398.0 425.0 490.0 457.0 445.0 492.0 432.0 443.0 476.0 479.0 488.0 424.0 421.0 454.0 481.0 465.0 465.0 466.0 476.0 474.0 454.0 462.0 484.0 429.0 438.0 469.0 468.0 480.0 471.0 468.0 481.0 534.0 551.0 515.0 483.0 460.0 461.0 482.0 465.0 468.0 443.0 469.0 496.0 503.0 397.0 417.0 440.0 425.0 492.0 472.0 465.0 516.0 497.0 497.0 501.0 442.0 448.0 493.0 493.0 523.0 474.0 461.0 467.0 482.0 498.0 507.0 468.0 491.0 496.0 402.0 418.0 404.0 427.0 468.0 483.0 471.0 439.0 445.0 487.0 476.0 440.0 450.0 484.0 486.0 483.0 483.0 499.0 514.0 514.0 514.0 514.0 514.0 514.0 514.0 514.0 514.0 514.0 514.0 514.0 514.0 514.0 514.0 514.0 514.0 514.0 514.0 514.0 514.0 514.0 514.0 514.0 514.0 514.0 514.0 514.0 514.0 514.0 514.0 514.0 514.0 514.0 514.0 514.0 514.0 474.8745644599303 29.151010509212913
9 654.0 654.0 654.0 654.0 654.0 654.0 654.0 654.0 654.0 654.0 654.0 654.0 654.0 654.0 654.0 654.0 654.0 654.0 654.0 654.0 654.0 654.0 654.0 654.0 654.0 654.0 654.0 654.0 654.0 654.0 654.0 654.0 654.0 654.0 654.0 654.0 654.0 654.0 654.0 654.0 654.0 654.0 654.0 654.0 654.0 654.0 654.0 654.0 654.0 654.0 654.0 654.0 654.0 654.0 654.0 654.0 654.0 654.0 654.0 654.0 654.0 654.0 654.0 654.0 654.0 654.0 654.0 654.0 654.0 654.0 654.0 654.0 625.0 623.0 648.0 610.0 631.0 633.0 686.0 660.0 677.0 675.0 653.0 719.0 656.0 601.0 610.0 665.0 647.0 614.0 625.0 603.0 605.0 729.0 653.0 669.0 671.0 652.0 667.0 660.0 662.0 656.0 635.0 638.0 670.0 696.0 685.0 660.0 671.0 631.0 676.0 667.0 637.0 633.0 623.0 668.0 655.0 647.0 614.0 608.0 584.0 570.0 679.0 698.0 673.0 654.0 650.0 625.0 643.0 665.0 661.0 594.0 566.0 560.0 599.0 565.0 563.0 640.0 648.0 664.0 668.0 662.0 651.0 622.0 598.0 640.0 632.0 646.0 627.0 590.0 609.0 583.0 572.0 578.0 576.0 638.0 633.0 583.0 582.0 602.0 543.0 532.0 603.0 614.0 696.0 611.0 639.0 605.0 589.0 615.0 656.0 639.0 584.0 594.0 610.0 679.0 636.0 636.0 633.0 626.0 614.0 566.0 579.0 625.0 641.0 585.0 605.0 627.0 603.0 633.0 651.0 652.0 647.0 685.0 646.0 646.0 645.0 647.0 639.0 613.0 600.0 625.0 622.0 661.0 669.0 562.0 594.0 585.0 579.0 606.0 641.0 643.0 656.0 670.0 678.0 672.0 590.0 573.0 651.0 705.0 684.0 633.0 598.0 599.0 632.0 649.0 667.0 688.0 630.0 680.0 556.0 554.0 565.0 570.0 565.0 634.0 654.0 584.0 587.0 617.0 628.0 596.0 597.0 679.0 674.0 653.0 652.0 652.0 697.0 632.0 652.0 652.0 652.0 652.0 652.0 652.0 652.0 652.0 652.0 652.0 652.0 652.0 652.0 652.0 652.0 652.0 652.0 652.0 652.0 652.0 652.0 652.0 652.0 652.0 652.0 652.0 652.0 652.0 652.0 652.0 652.0 652.0 652.0 652.0 652.0 652.0 652.0 639.3066202090592 31.834637061834886
10 917.0 917.0 917.0 917.0 917.0 917.0 917.0 917.0 917.0 917.0 917.0 917.0 917.0 917.0 917.0 917.0 917.0 917.0 917.0 917.0 917.0 917.0 917.0 917.0 917.0 917.0 917.0 917.0 917.0 917.0 917.0 917.0 917.0 917.0 917.0 917.0 917.0 917.0 917.0 917.0 917.0 917.0 917.0 917.0 917.0 917.0 917.0 917.0 917.0 917.0 917.0 917.0 917.0 917.0 917.0 917.0 917.0 917.0 917.0 917.0 917.0 917.0 917.0 917.0 917.0 917.0 917.0 917.0 917.0 917.0 917.0 917.0 891.0 885.0 899.0 903.0 941.0 971.0 962.0 949.0 924.0 912.0 883.0 859.0 869.0 918.0 865.0 857.0 852.0 864.0 868.0 922.0 895.0 904.0 933.0 973.0 941.0 951.0 978.0 916.0 910.0 925.0 949.0 933.0 924.0 932.0 923.0 917.0 926.0 909.0 889.0 882.0 877.0 905.0 863.0 848.0 850.0 836.0 817.0 841.0 949.0 953.0 929.0 926.0 899.0 908.0 890.0 933.0 942.0 822.0 814.0 843.0 806.0 800.0 793.0 960.0 912.0 932.0 944.0 934.0 888.0 855.0 890.0 893.0 908.0 890.0 869.0 849.0 855.0 827.0 845.0 839.0 845.0 907.0 891.0 816.0 851.0 834.0 834.0 821.0 927.0 841.0 854.0 872.0 863.0 873.0 851.0 840.0 897.0 946.0 866.0 865.0 849.0 944.0 894.0 931.0 898.0 934.0 841.0 845.0 835.0 810.0 856.0 854.0 927.0 890.0 908.0 929.0 917.0 909.0 948.0 918.0 859.0 891.0 921.0 919.0 883.0 880.0 822.0 905.0 930.0 955.0 833.0 821.0 824.0 845.0 832.0 878.0 885.0 915.0 942.0 934.0 951.0 912.0 820.0 836.0 915.0 945.0 880.0 865.0 888.0 863.0 929.0 918.0 945.0 953.0 913.0 943.0 906.0 904.0 850.0 791.0 800.0 942.0 868.0 911.0 836.0 806.0 855.0 862.0 858.0 926.0 946.0 914.0 992.0 961.0 877.0 867.0 920.0 949.0 955.0 955.0 955.0 955.0 955.0 955.0 955.0 955.0 955.0 955.0 955.0 955.0 955.0 955.0 955.0 955.0 955.0 955.0 955.0 955.0 955.0 955.0 955.0 955.0 955.0 955.0 955.0 955.0 955.0 955.0 955.0 955.0 955.0 955.0 955.0 955.0 955.0 905.2926829268292 41.64600294935706
11 487.0 487.0 487.0 487.0 487.0 487.0 487.0 487.0 487.0 487.0 487.0 487.0 487.0 487.0 487.0 487.0 487.0 487.0 487.0 487.0 487.0 487.0 487.0 487.0 487.0 487.0 487.0 487.0 487.0 487.0 487.0 487.0 487.0 487.0 487.0 487.0 487.0 487.0 487.0 487.0 487.0 487.0 487.0 487.0 487.0 487.0 487.0 487.0 487.0 487.0 487.0 487.0 487.0 487.0 487.0 487.0 487.0 487.0 487.0 487.0 487.0 487.0 487.0 487.0 487.0 487.0 487.0 487.0 487.0 487.0 487.0 487.0 510.0 547.0 557.0 573.0 517.0 473.0 482.0 535.0 490.0 468.0 490.0 538.0 482.0 449.0 480.0 464.0 480.0 476.0 517.0 503.0 505.0 489.0 527.0 504.0 525.0 527.0 551.0 517.0 477.0 472.0 466.0 472.0 504.0 505.0 501.0 500.0 477.0 487.0 481.0 509.0 477.0 457.0 451.0 445.0 472.0 481.0 504.0 512.0 517.0 500.0 478.0 470.0 513.0 516.0 518.0 454.0 436.0 457.0 454.0 421.0 416.0 489.0 492.0 510.0 528.0 491.0 468.0 452.0 484.0 493.0 506.0 525.0 480.0 451.0 446.0 446.0 449.0 451.0 482.0 493.0 499.0 498.0 504.0 485.0 409.0 458.0 445.0 449.0 457.0 470.0 485.0 448.0 460.0 486.0 514.0 508.0 447.0 469.0 461.0 521.0 493.0 573.0 502.0 509.0 491.0 491.0 464.0 464.0 467.0 449.0 517.0 502.0 486.0 497.0 520.0 514.0 513.0 494.0 526.0 508.0 501.0 527.0 484.0 470.0 496.0 483.0 505.0 530.0 522.0 432.0 445.0 451.0 466.0 524.0 494.0 519.0 549.0 512.0 526.0 516.0 434.0 497.0 453.0 460.0 454.0 505.0 472.0 490.0 514.0 500.0 522.0 538.0 512.0 451.0 449.0 496.0 553.0 495.0 535.0 541.0 505.0 468.0 485.0 513.0 513.0 460.0 475.0 513.0 525.0 505.0 492.0 464.0 467.0 505.0 498.0 502.0 501.0 479.0 418.0 418.0 418.0 418.0 418.0 418.0 418.0 418.0 418.0 418.0 418.0 418.0 418.0 418.0 418.0 418.0 418.0 418.0 418.0 418.0 418.0 418.0 418.0 418.0 418.0 418.0 418.0 418.0 418.0 418.0 418.0 418.0 418.0 418.0 418.0 418.0 418.0 480.09756097560984 33.85010501335228
12 622.0 622.0 622.0 622.0 622.0 622.0 622.0 622.0 622.0 622.0 622.0 622.0 622.0 622.0 622.0 622.0 622.0 622.0 622.0 622.0 622.0 622.0 622.0 622.0 622.0 622.0 622.0 622.0 622.0 622.0 622.0 622.0 622.0 622.0 622.0 622.0 622.0 622.0 622.0 622.0 622.0 622.0 622.0 622.0 622.0 622.0 622.0 622.0 622.0 622.0 622.0 622.0 622.0 622.0 622.0 622.0 622.0 622.0 622.0 622.0 622.0 622.0 622.0 622.0 622.0 622.0 622.0 622.0 622.0 622.0 622.0 622.0 640.0 668.0 653.0 589.0 601.0 620.0 606.0 573.0 586.0 627.0 608.0 568.0 581.0 644.0 633.0 605.0 601.0 628.0 625.0 615.0 610.0 611.0 654.0 556.0 606.0 636.0 650.0 643.0 630.0 640.0 631.0 643.0 625.0 616.0 607.0 607.0 594.0 605.0 605.0 581.0 569.0 564.0 584.0 568.0 643.0 634.0 629.0 631.0 615.0 604.0 614.0 640.0 640.0 595.0 551.0 552.0 614.0 568.0 519.0 556.0 616.0 633.0 647.0 622.0 590.0 575.0 598.0 616.0 616.0 632.0 635.0 573.0 570.0 599.0 559.0 563.0 590.0 621.0 628.0 613.0 604.0 609.0 545.0 593.0 576.0 560.0 578.0 560.0 609.0 581.0 564.0 567.0 580.0 632.0 602.0 561.0 569.0 627.0 613.0 613.0 611.0 612.0 579.0 640.0 598.0 590.0 602.0 610.0 636.0 619.0 592.0 618.0 637.0 581.0 610.0 639.0 629.0 625.0 622.0 634.0 622.0 550.0 541.0 602.0 607.0 661.0 651.0 539.0 566.0 576.0 577.0 620.0 617.0 632.0 637.0 630.0 648.0 629.0 564.0 577.0 610.0 554.0 565.0 575.0 606.0 609.0 629.0 608.0 631.0 649.0 622.0 546.0 547.0 565.0 641.0 630.0 618.0 634.0 644.0 619.0 602.0 647.0 638.0 571.0 580.0 627.0 623.0 650.0 585.0 623.0 636.0 634.0 642.0 638.0 619.0 626.0 534.0 527.0 723.0 723.0 723.0 723.0 723.0 723.0 723.0 723.0 723.0 723.0 723.0 723.0 723.0 723.0 723.0 723.0 723.0 723.0 723.0 723.0 723.0 723.0 723.0 723.0 723.0 723.0 723.0 723.0 723.0 723.0 723.0 723.0 723.0 723.0 723.0 723.0 723.0 624.8048780487804 45.61518399706916
13 8.0 8.0 8.0 8.0 8.0 8.0 8.0 8.0 8.0 8.0 8.0 8.0 8.0 8.0 8.0 8.0 8.0 8.0 8.0 8.0 8.0 8.0 8.0 8.0 8.0 8.0 8.0 8.0 8.0 8.0 8.0 8.0 8.0 8.0 8.0 8.0 8.0 8.0 8.0 8.0 8.0 8.0 8.0 8.0 8.0 8.0 8.0 8.0 8.0 8.0 8.0 8.0 8.0 8.0 8.0 8.0 8.0 8.0 8.0 8.0 8.0 8.0 8.0 8.0 8.0 8.0 8.0 8.0 8.0 8.0 8.0 8.0 8.0 8.0 8.0 8.0 7.0 7.0 7.0 7.0 7.0 8.0 7.0 7.0 9.0 9.0 9.0 9.0 9.0 9.0 9.0 7.0 7.0 8.0 7.0 7.0 7.0 8.0 7.0 8.0 8.0 8.0 8.0 9.0 9.0 8.0 8.0 8.0 8.0 8.0 7.0 7.0 7.0 6.0 7.0 7.0 8.0 8.0 8.0 8.0 8.0 8.0 8.0 8.0 8.0 7.0 7.0 8.0 8.0 7.0 7.0 8.0 8.0 7.0 7.0 8.0 7.0 8.0 8.0 8.0 8.0 8.0 8.0 6.0 6.0 8.0 7.0 6.0 6.0 8.0 8.0 8.0 8.0 8.0 7.0 7.0 7.0 7.0 7.0 8.0 8.0 7.0 7.0 7.0 7.0 7.0 7.0 7.0 7.0 7.0 8.0 7.0 7.0 7.0 8.0 8.0 7.0 7.0 8.0 8.0 7.0 8.0 8.0 8.0 8.0 8.0 8.0 9.0 9.0 9.0 8.0 8.0 8.0 8.0 8.0 8.0 8.0 8.0 8.0 7.0 7.0 7.0 7.0 7.0 8.0 8.0 8.0 8.0 8.0 8.0 7.0 7.0 7.0 7.0 8.0 8.0 8.0 8.0 8.0 8.0 8.0 8.0 8.0 7.0 7.0 7.0 7.0 7.0 7.0 8.0 8.0 9.0 9.0 9.0 9.0 7.0 7.0 7.0 7.0 8.0 7.0 7.0 8.0 8.0 8.0 8.0 8.0 8.0 7.0 7.0 7.0 7.0 7.0 7.0 7.0 7.0 7.0 7.0 7.0 7.0 7.0 7.0 7.0 7.0 7.0 7.0 7.0 7.0 7.0 7.0 7.0 7.0 7.0 7.0 7.0 7.0 7.0 7.0 7.0 7.0 7.0 7.0 7.0 7.0 7.0 7.0 7.0 7.651567944250871 0.6121062868337687
14 94.0 94.0 94.0 94.0 94.0 94.0 94.0 94.0 94.0 94.0 94.0 94.0 94.0 94.0 94.0 94.0 94.0 94.0 94.0 94.0 94.0 94.0 94.0 94.0 94.0 94.0 94.0 94.0 94.0 94.0 94.0 94.0 94.0 94.0 94.0 94.0 94.0 94.0 94.0 94.0 94.0 94.0 94.0 94.0 94.0 94.0 94.0 94.0 94.0 94.0 94.0 94.0 94.0 94.0 94.0 94.0 94.0 94.0 94.0 94.0 94.0 94.0 94.0 94.0 94.0 94.0 94.0 94.0 94.0 94.0 94.0 94.0 97.0 97.0 86.0 119.0 92.0 85.0 89.0 84.0 91.0 89.0 84.0 85.0 97.0 93.0 90.0 90.0 93.0 91.0 96.0 89.0 99.0 99.0 82.0 79.0 95.0 95.0 92.0 93.0 93.0 94.0 95.0 95.0 91.0 87.0 88.0 93.0 97.0 91.0 85.0 84.0 98.0 78.0 98.0 93.0 91.0 95.0 93.0 93.0 88.0 92.0 92.0 94.0 96.0 78.0 92.0 91.0 91.0 76.0 86.0 91.0 96.0 97.0 86.0 88.0 83.0 95.0 89.0 90.0 94.0 93.0 87.0 84.0 97.0 87.0 81.0 81.0 94.0 92.0 89.0 89.0 90.0 79.0 96.0 80.0 93.0 92.0 84.0 90.0 91.0 82.0 84.0 86.0 94.0 88.0 90.0 95.0 94.0 92.0 89.0 88.0 92.0 88.0 95.0 82.0 86.0 89.0 89.0 92.0 94.0 86.0 90.0 95.0 96.0 85.0 94.0 93.0 95.0 90.0 92.0 93.0 86.0 88.0 97.0 100.0 96.0 93.0 93.0 79.0 81.0 82.0 88.0 89.0 92.0 92.0 96.0 96.0 96.0 99.0 80.0 97.0 91.0 76.0 85.0 94.0 83.0 93.0 89.0 97.0 92.0 84.0 84.0 78.0 92.0 93.0 93.0 95.0 99.0 95.0 91.0 94.0 92.0 92.0 82.0 87.0 87.0 92.0 102.0 94.0 84.0 90.0 96.0 94.0 95.0 83.0 93.0 77.0 77.0 117.0 108.0 108.0 108.0 108.0 108.0 108.0 108.0 108.0 108.0 108.0 108.0 108.0 108.0 108.0 108.0 108.0 108.0 108.0 108.0 108.0 108.0 108.0 108.0 108.0 108.0 108.0 108.0 108.0 108.0 108.0 108.0 108.0 108.0 108.0 108.0 108.0 108.0 93.62717770034844 7.544068205132881
15 594.0 594.0 594.0 594.0 594.0 594.0 594.0 594.0 594.0 594.0 594.0 594.0 594.0 594.0 594.0 594.0 594.0 594.0 594.0 594.0 594.0 594.0 594.0 594.0 594.0 594.0 594.0 594.0 594.0 594.0 594.0 594.0 594.0 594.0 594.0 594.0 594.0 594.0 594.0 594.0 594.0 594.0 594.0 594.0 594.0 594.0 594.0 594.0 594.0 594.0 594.0 594.0 594.0 594.0 594.0 594.0 594.0 594.0 594.0 594.0 594.0 594.0 594.0 594.0 594.0 594.0 594.0 594.0 594.0 594.0 594.0 594.0 563.0 573.0 558.0 572.0 533.0 532.0 546.0 578.0 575.0 537.0 553.0 610.0 565.0 564.0 563.0 573.0 579.0 582.0 590.0 613.0 608.0 592.0 579.0 595.0 586.0 587.0 589.0 588.0 616.0 616.0 592.0 571.0 569.0 573.0 530.0 550.0 569.0 531.0 530.0 524.0 515.0 502.0 588.0 588.0 584.0 575.0 570.0 584.0 592.0 583.0 599.0 577.0 513.0 510.0 579.0 481.0 493.0 511.0 555.0 567.0 580.0 576.0 554.0 566.0 558.0 566.0 574.0 600.0 585.0 542.0 511.0 531.0 523.0 524.0 531.0 590.0 580.0 557.0 567.0 574.0 531.0 507.0 523.0 494.0 557.0 545.0 555.0 562.0 531.0 539.0 548.0 592.0 542.0 514.0 545.0 581.0 569.0 563.0 561.0 565.0 562.0 588.0 539.0 530.0 514.0 533.0 577.0 578.0 546.0 554.0 581.0 582.0 576.0 588.0 584.0 563.0 569.0 579.0 558.0 523.0 518.0 583.0 604.0 601.0 520.0 503.0 505.0 523.0 526.0 542.0 573.0 586.0 589.0 602.0 603.0 582.0 539.0 535.0 550.0 546.0 521.0 510.0 545.0 566.0 563.0 561.0 598.0 594.0 535.0 491.0 495.0 506.0 585.0 579.0 620.0 600.0 606.0 609.0 603.0 590.0 572.0 524.0 517.0 576.0 568.0 570.0 538.0 530.0 552.0 593.0 598.0 577.0 533.0 535.0 517.0 488.0 718.0 649.0 572.0 572.0 572.0 572.0 572.0 572.0 572.0 572.0 572.0 572.0 572.0 572.0 572.0 572.0 572.0 572.0 572.0 572.0 572.0 572.0 572.0 572.0 572.0 572.0 572.0 572.0 572.0 572.0 572.0 572.0 572.0 572.0 572.0 572.0 572.0 572.0 572.0 570.560975609756 30.150826156607682
16 366.0 366.0 366.0 366.0 366.0 366.0 366.0 366.0 366.0 366.0 366.0 366.0 366.0 366.0 366.0 366.0 366.0 366.0 366.0 366.0 366.0 366.0 366.0 366.0 366.0 366.0 366.0 366.0 366.0 366.0 366.0 366.0 366.0 366.0 366.0 366.0 366.0 366.0 366.0 366.0 366.0 366.0 366.0 366.0 366.0 366.0 366.0 366.0 366.0 366.0 366.0 366.0 366.0 366.0 366.0 366.0 366.0 366.0 366.0 366.0 366.0 366.0 366.0 366.0 366.0 366.0 366.0 366.0 366.0 366.0 366.0 366.0 530.0 358.0 343.0 347.0 357.0 377.0 364.0 368.0 364.0 387.0 376.0 375.0 390.0 368.0 382.0 352.0 377.0 402.0 383.0 409.0 371.0 373.0 378.0 382.0 386.0 382.0 404.0 403.0 379.0 404.0 381.0 387.0 359.0 376.0 376.0 358.0 344.0 365.0 329.0 314.0 383.0 391.0 368.0 339.0 355.0 364.0 374.0 384.0 407.0 383.0 363.0 331.0 400.0 357.0 324.0 323.0 368.0 374.0 370.0 371.0 345.0 368.0 391.0 409.0 368.0 370.0 386.0 343.0 346.0 358.0 338.0 342.0 332.0 358.0 362.0 348.0 316.0 359.0 351.0 368.0 370.0 408.0 375.0 342.0 359.0 383.0 375.0 450.0 358.0 360.0 376.0 352.0 334.0 337.0 326.0 370.0 366.0 360.0 372.0 391.0 407.0 341.0 344.0 333.0 379.0 380.0 442.0 340.0 348.0 381.0 373.0 373.0 402.0 374.0 374.0 366.0 370.0 351.0 336.0 326.0 364.0 391.0 394.0 326.0 327.0 382.0 340.0 350.0 357.0 380.0 382.0 389.0 402.0 386.0 353.0 337.0 346.0 380.0 387.0 397.0 352.0 357.0 371.0 431.0 381.0 406.0 450.0 455.0 326.0 317.0 402.0 381.0 386.0 393.0 456.0 433.0 400.0 349.0 423.0 371.0 333.0 352.0 377.0 367.0 381.0 386.0 424.0 418.0 389.0 384.0 373.0 349.0 347.0 319.0 323.0 468.0 379.0 342.0 318.0 318.0 318.0 318.0 318.0 318.0 318.0 318.0 318.0 318.0 318.0 318.0 318.0 318.0 318.0 318.0 318.0 318.0 318.0 318.0 318.0 318.0 318.0 318.0 318.0 318.0 318.0 318.0 318.0 318.0 318.0 318.0 318.0 318.0 318.0 318.0 318.0 363.3797909407666 30.129417981902144
17 141.0 141.0 141.0 141.0 141.0 141.0 141.0 141.0 141.0 141.0 141.0 141.0 141.0 141.0 141.0 141.0 141.0 141.0 141.0 141.0 141.0 141.0 141.0 141.0 141.0 141.0 141.0 141.0 141.0 141.0 141.0 141.0 141.0 141.0 141.0 141.0 141.0 141.0 141.0 141.0 141.0 141.0 141.0 141.0 141.0 141.0 141.0 141.0 141.0 141.0 141.0 141.0 141.0 141.0 141.0 141.0 141.0 141.0 141.0 141.0 141.0 141.0 141.0 141.0 141.0 141.0 141.0 141.0 141.0 141.0 141.0 141.0 137.0 142.0 134.0 133.0 135.0 140.0 207.0 126.0 140.0 142.0 143.0 125.0 130.0 140.0 129.0 127.0 146.0 140.0 137.0 143.0 140.0 141.0 137.0 145.0 134.0 150.0 141.0 144.0 141.0 134.0 136.0 133.0 133.0 139.0 143.0 126.0 126.0 144.0 116.0 152.0 141.0 135.0 131.0 128.0 128.0 142.0 145.0 140.0 147.0 137.0 120.0 147.0 120.0 132.0 125.0 132.0 131.0 137.0 133.0 125.0 127.0 143.0 132.0 152.0 137.0 143.0 123.0 128.0 125.0 128.0 125.0 124.0 130.0 142.0 123.0 128.0 120.0 140.0 125.0 128.0 139.0 138.0 139.0 124.0 139.0 138.0 138.0 130.0 130.0 139.0 143.0 118.0 129.0 118.0 138.0 133.0 133.0 138.0 144.0 142.0 123.0 120.0 124.0 141.0 126.0 139.0 139.0 123.0 139.0 138.0 137.0 146.0 143.0 138.0 108.0 140.0 130.0 126.0 139.0 139.0 143.0 146.0 133.0 119.0 139.0 135.0 135.0 134.0 128.0 140.0 141.0 140.0 145.0 135.0 124.0 122.0 140.0 133.0 141.0 130.0 131.0 134.0 142.0 134.0 145.0 155.0 174.0 136.0 117.0 140.0 140.0 141.0 143.0 129.0 143.0 148.0 128.0 140.0 131.0 126.0 136.0 139.0 140.0 137.0 151.0 131.0 143.0 147.0 141.0 141.0 135.0 127.0 113.0 115.0 176.0 133.0 137.0 127.0 131.0 131.0 131.0 131.0 131.0 131.0 131.0 131.0 131.0 131.0 131.0 131.0 131.0 131.0 131.0 131.0 131.0 131.0 131.0 131.0 131.0 131.0 131.0 131.0 131.0 131.0 131.0 131.0 131.0 131.0 131.0 131.0 131.0 131.0 131.0 131.0 131.0 136.39721254355402 9.065557228723153
18 483.0 483.0 483.0 483.0 483.0 483.0 483.0 483.0 483.0 483.0 483.0 483.0 483.0 483.0 483.0 483.0 483.0 483.0 483.0 483.0 483.0 483.0 483.0 483.0 483.0 483.0 483.0 483.0 483.0 483.0 483.0 483.0 483.0 483.0 483.0 483.0 483.0 483.0 483.0 483.0 483.0 483.0 483.0 483.0 483.0 483.0 483.0 483.0 483.0 483.0 483.0 483.0 483.0 483.0 483.0 483.0 483.0 483.0 483.0 483.0 483.0 483.0 483.0 483.0 483.0 483.0 483.0 483.0 483.0 483.0 483.0 483.0 456.0 442.0 478.0 482.0 480.0 483.0 456.0 465.0 498.0 467.0 465.0 460.0 495.0 454.0 450.0 494.0 498.0 499.0 489.0 488.0 505.0 488.0 508.0 488.0 515.0 492.0 501.0 489.0 478.0 480.0 474.0 478.0 487.0 474.0 451.0 462.0 477.0 424.0 434.0 495.0 475.0 492.0 491.0 480.0 453.0 474.0 495.0 500.0 486.0 429.0 437.0 469.0 440.0 431.0 458.0 476.0 477.0 484.0 442.0 454.0 504.0 518.0 474.0 488.0 495.0 439.0 438.0 484.0 432.0 439.0 438.0 450.0 483.0 477.0 423.0 407.0 457.0 483.0 470.0 485.0 485.0 459.0 442.0 478.0 466.0 485.0 465.0 466.0 479.0 493.0 408.0 468.0 433.0 457.0 471.0 475.0 472.0 506.0 509.0 473.0 471.0 440.0 444.0 475.0 472.0 462.0 448.0 492.0 484.0 488.0 499.0 492.0 497.0 431.0 471.0 478.0 460.0 489.0 495.0 482.0 512.0 456.0 432.0 477.0 444.0 480.0 478.0 490.0 495.0 521.0 526.0 482.0 440.0 424.0 435.0 448.0 459.0 458.0 473.0 476.0 480.0 478.0 488.0 506.0 509.0 459.0 436.0 427.0 452.0 508.0 500.0 493.0 484.0 488.0 514.0 474.0 494.0 485.0 439.0 439.0 485.0 490.0 478.0 509.0 463.0 482.0 517.0 501.0 491.0 455.0 454.0 441.0 393.0 490.0 522.0 456.0 429.0 456.0 487.0 487.0 487.0 487.0 487.0 487.0 487.0 487.0 487.0 487.0 487.0 487.0 487.0 487.0 487.0 487.0 487.0 487.0 487.0 487.0 487.0 487.0 487.0 487.0 487.0 487.0 487.0 487.0 487.0 487.0 487.0 487.0 487.0 487.0 487.0 487.0 487.0 476.8362369337979 20.77697952296032
19 259.0 259.0 259.0 259.0 259.0 259.0 259.0 259.0 259.0 259.0 259.0 259.0 259.0 259.0 259.0 259.0 259.0 259.0 259.0 259.0 259.0 259.0 259.0 259.0 259.0 259.0 259.0 259.0 259.0 259.0 259.0 259.0 259.0 259.0 259.0 259.0 259.0 259.0 259.0 259.0 259.0 259.0 259.0 259.0 259.0 259.0 259.0 259.0 259.0 259.0 259.0 259.0 259.0 259.0 259.0 259.0 259.0 259.0 259.0 259.0 259.0 259.0 259.0 259.0 259.0 259.0 259.0 259.0 259.0 259.0 259.0 259.0 256.0 261.0 263.0 263.0 271.0 251.0 263.0 274.0 249.0 252.0 261.0 277.0 250.0 248.0 275.0 272.0 276.0 273.0 277.0 288.0 273.0 281.0 268.0 275.0 266.0 277.0 268.0 255.0 255.0 256.0 269.0 270.0 268.0 246.0 265.0 263.0 243.0 264.0 273.0 271.0 269.0 272.0 273.0 269.0 272.0 274.0 274.0 266.0 248.0 259.0 254.0 252.0 245.0 269.0 267.0 267.0 257.0 249.0 252.0 276.0 279.0 276.0 274.0 268.0 243.0 246.0 276.0 240.0 245.0 243.0 251.0 265.0 263.0 254.0 237.0 254.0 251.0 254.0 269.0 268.0 264.0 239.0 274.0 261.0 277.0 258.0 254.0 264.0 276.0 273.0 269.0 241.0 258.0 253.0 270.0 263.0 282.0 278.0 265.0 253.0 241.0 269.0 247.0 264.0 259.0 243.0 269.0 260.0 275.0 275.0 261.0 283.0 236.0 254.0 263.0 260.0 280.0 275.0 266.0 277.0 256.0 233.0 255.0 245.0 271.0 271.0 272.0 272.0 279.0 269.0 269.0 243.0 246.0 233.0 259.0 273.0 252.0 270.0 263.0 266.0 259.0 276.0 249.0 278.0 247.0 261.0 236.0 270.0 282.0 276.0 272.0 265.0 268.0 276.0 261.0 275.0 269.0 249.0 238.0 270.0 265.0 267.0 277.0 251.0 279.0 268.0 273.0 273.0 255.0 253.0 231.0 235.0 244.0 290.0 246.0 250.0 255.0 273.0 263.0 263.0 263.0 263.0 263.0 263.0 263.0 263.0 263.0 263.0 263.0 263.0 263.0 263.0 263.0 263.0 263.0 263.0 263.0 263.0 263.0 263.0 263.0 263.0 263.0 263.0 263.0 263.0 263.0 263.0 263.0 263.0 263.0 263.0 263.0 263.0 263.0 261.64808362369337 10.0723703722639
20 361.0 361.0 361.0 361.0 361.0 361.0 361.0 361.0 361.0 361.0 361.0 361.0 361.0 361.0 361.0 361.0 361.0 361.0 361.0 361.0 361.0 361.0 361.0 361.0 361.0 361.0 361.0 361.0 361.0 361.0 361.0 361.0 361.0 361.0 361.0 361.0 361.0 361.0 361.0 361.0 361.0 361.0 361.0 361.0 361.0 361.0 361.0 361.0 361.0 361.0 361.0 361.0 361.0 361.0 361.0 361.0 361.0 361.0 361.0 361.0 361.0 361.0 361.0 361.0 361.0 361.0 361.0 361.0 361.0 361.0 361.0 361.0 366.0 359.0 367.0 374.0 362.0 362.0 380.0 371.0 348.0 366.0 383.0 351.0 347.0 383.0 370.0 389.0 384.0 398.0 407.0 359.0 368.0 385.0 392.0 366.0 395.0 382.0 338.0 368.0 353.0 372.0 380.0 363.0 348.0 372.0 377.0 333.0 350.0 383.0 374.0 373.0 374.0 371.0 370.0 376.0 381.0 386.0 385.0 353.0 366.0 359.0 336.0 328.0 365.0 372.0 369.0 363.0 351.0 362.0 386.0 391.0 390.0 381.0 387.0 344.0 350.0 382.0 358.0 345.0 342.0 353.0 372.0 364.0 359.0 332.0 362.0 350.0 358.0 373.0 336.0 360.0 328.0 379.0 362.0 383.0 356.0 349.0 372.0 380.0 376.0 376.0 331.0 359.0 357.0 369.0 379.0 391.0 390.0 362.0 354.0 338.0 360.0 363.0 377.0 355.0 338.0 373.0 366.0 377.0 385.0 381.0 358.0 369.0 354.0 362.0 364.0 354.0 368.0 374.0 392.0 352.0 334.0 368.0 354.0 352.0 392.0 380.0 382.0 388.0 370.0 376.0 337.0 343.0 359.0 345.0 382.0 367.0 362.0 359.0 375.0 377.0 378.0 367.0 382.0 345.0 350.0 330.0 365.0 393.0 380.0 385.0 373.0 375.0 387.0 358.0 383.0 379.0 341.0 334.0 377.0 383.0 386.0 382.0 368.0 391.0 380.0 382.0 376.0 360.0 355.0 320.0 328.0 392.0 382.0 358.0 333.0 370.0 380.0 356.0 389.0 389.0 389.0 389.0 389.0 389.0 389.0 389.0 389.0 389.0 389.0 389.0 389.0 389.0 389.0 389.0 389.0 389.0 389.0 389.0 389.0 389.0 389.0 389.0 389.0 389.0 389.0 389.0 389.0 389.0 389.0 389.0 389.0 389.0 389.0 389.0 389.0 367.95818815331006 15.896463328554667
21 6.0 6.0 6.0 6.0 6.0 6.0 6.0 6.0 6.0 6.0 6.0 6.0 6.0 6.0 6.0 6.0 6.0 6.0 6.0 6.0 6.0 6.0 6.0 6.0 6.0 6.0 6.0 6.0 6.0 6.0 6.0 6.0 6.0 6.0 6.0 6.0 6.0 6.0 6.0 6.0 6.0 6.0 6.0 6.0 6.0 6.0 6.0 6.0 6.0 6.0 6.0 6.0 6.0 6.0 6.0 6.0 6.0 6.0 6.0 6.0 6.0 6.0 6.0 6.0 6.0 6.0 6.0 6.0 6.0 6.0 6.0 6.0 6.0 6.0 6.0 6.0 6.0 6.0 6.0 6.0 6.0 6.0 6.0 6.0 6.0 6.0 6.0 6.0 6.0 6.0 6.0 6.0 6.0 6.0 6.0 6.0 6.0 6.0 6.0 6.0 6.0 6.0 6.0 5.0 5.0 5.0 6.0 5.0 5.0 5.0 5.0 6.0 5.0 5.0 5.0 5.0 6.0 6.0 6.0 5.0 5.0 5.0 5.0 5.0 6.0 6.0 6.0 6.0 5.0 6.0 6.0 5.0 5.0 5.0 5.0 4.0 4.0 6.0 5.0 5.0 5.0 5.0 5.0 5.0 5.0 6.0 5.0 5.0 5.0 6.0 6.0 5.0 6.0 6.0 6.0 6.0 5.0 5.0 5.0 5.0 5.0 5.0 5.0 5.0 6.0 6.0 5.0 6.0 6.0 5.0 5.0 5.0 5.0 5.0 5.0 5.0 6.0 6.0 6.0 6.0 6.0 6.0 5.0 5.0 5.0 5.0 5.0 5.0 5.0 5.0 5.0 5.0 5.0 5.0 5.0 5.0 5.0 6.0 6.0 6.0 6.0 6.0 5.0 5.0 5.0 5.0 5.0 6.0 6.0 6.0 6.0 5.0 5.0 5.0 5.0 5.0 5.0 5.0 5.0 5.0 5.0 5.0 5.0 5.0 5.0 6.0 6.0 6.0 5.0 6.0 6.0 6.0 6.0 5.0 5.0 5.0 5.0 5.0 5.0 5.0 5.0 5.0 6.0 6.0 6.0 6.0 6.0 6.0 6.0 6.0 6.0 6.0 6.0 6.0 6.0 6.0 6.0 6.0 6.0 6.0 6.0 6.0 6.0 6.0 6.0 6.0 6.0 6.0 6.0 6.0 6.0 6.0 6.0 6.0 6.0 6.0 6.0 6.0 6.0 6.0 6.0 6.0 6.0 6.0 6.0 6.0 6.0 5.665505226480836 0.4872087681003368
22 197.0 197.0 197.0 197.0 197.0 197.0 197.0 197.0 197.0 197.0 197.0 197.0 197.0 197.0 197.0 197.0 197.0 197.0 197.0 197.0 197.0 197.0 197.0 197.0 197.0 197.0 197.0 197.0 197.0 197.0 197.0 197.0 197.0 197.0 197.0 197.0 197.0 197.0 197.0 197.0 197.0 197.0 197.0 197.0 197.0 197.0 197.0 197.0 197.0 197.0 197.0 197.0 197.0 197.0 197.0 197.0 197.0 197.0 197.0 197.0 197.0 197.0 197.0 197.0 197.0 197.0 197.0 197.0 197.0 197.0 197.0 197.0 185.0 184.0 197.0 189.0 184.0 194.0 190.0 182.0 193.0 199.0 190.0 183.0 199.0 189.0 205.0 202.0 209.0 192.0 183.0 185.0 195.0 207.0 195.0 182.0 193.0 187.0 193.0 187.0 187.0 193.0 187.0 183.0 192.0 195.0 167.0 175.0 198.0 199.0 204.0 186.0 188.0 197.0 190.0 197.0 199.0 189.0 172.0 177.0 189.0 189.0 170.0 195.0 188.0 188.0 186.0 200.0 187.0 193.0 197.0 195.0 188.0 195.0 182.0 168.0 197.0 180.0 177.0 178.0 183.0 193.0 221.0 189.0 164.0 197.0 183.0 179.0 190.0 191.0 195.0 171.0 192.0 200.0 183.0 180.0 171.0 190.0 182.0 191.0 194.0 172.0 187.0 179.0 195.0 192.0 201.0 198.0 207.0 177.0 164.0 187.0 190.0 188.0 184.0 172.0 192.0 185.0 187.0 194.0 214.0 172.0 181.0 192.0 171.0 186.0 193.0 199.0 188.0 205.0 192.0 168.0 193.0 172.0 188.0 197.0 192.0 193.0 200.0 184.0 193.0 177.0 183.0 172.0 185.0 191.0 190.0 190.0 179.0 194.0 186.0 199.0 190.0 196.0 192.0 183.0 175.0 186.0 203.0 197.0 202.0 191.0 194.0 197.0 180.0 197.0 194.0 172.0 169.0 192.0 195.0 195.0 200.0 188.0 189.0 199.0 196.0 229.0 188.0 180.0 180.0 160.0 217.0 201.0 189.0 173.0 189.0 201.0 184.0 187.0 187.0 187.0 187.0 187.0 187.0 187.0 187.0 187.0 187.0 187.0 187.0 187.0 187.0 187.0 187.0 187.0 187.0 187.0 187.0 187.0 187.0 187.0 187.0 187.0 187.0 187.0 187.0 187.0 187.0 187.0 187.0 187.0 187.0 187.0 187.0 187.0 187.0 190.77351916376307 9.083197187038138
23 118.0 118.0 118.0 118.0 118.0 118.0 118.0 118.0 118.0 118.0 118.0 118.0 118.0 118.0 118.0 118.0 118.0 118.0 118.0 118.0 118.0 118.0 118.0 118.0 118.0 118.0 118.0 118.0 118.0 118.0 118.0 118.0 118.0 118.0 118.0 118.0 118.0 118.0 118.0 118.0 118.0 118.0 118.0 118.0 118.0 118.0 118.0 118.0 118.0 118.0 118.0 118.0 118.0 118.0 118.0 118.0 118.0 118.0 118.0 118.0 118.0 118.0 118.0 118.0 118.0 118.0 118.0 118.0 118.0 118.0 118.0 118.0 115.0 114.0 119.0 108.0 116.0 116.0 106.0 135.0 128.0 116.0 119.0 128.0 121.0 109.0 138.0 122.0 115.0 122.0 120.0 118.0 120.0 122.0 121.0 118.0 118.0 126.0 131.0 118.0 118.0 119.0 115.0 123.0 115.0 121.0 101.0 130.0 119.0 117.0 118.0 113.0 117.0 117.0 127.0 121.0 117.0 121.0 105.0 105.0 114.0 110.0 99.0 110.0 115.0 113.0 119.0 114.0 118.0 114.0 120.0 117.0 120.0 120.0 101.0 117.0 122.0 106.0 102.0 106.0 116.0 117.0 117.0 101.0 100.0 118.0 113.0 128.0 117.0 122.0 104.0 104.0 122.0 121.0 117.0 109.0 107.0 122.0 112.0 118.0 117.0 102.0 116.0 124.0 117.0 118.0 123.0 118.0 99.0 120.0 104.0 119.0 118.0 119.0 109.0 103.0 112.0 115.0 113.0 115.0 124.0 115.0 102.0 129.0 115.0 119.0 120.0 113.0 123.0 120.0 103.0 104.0 119.0 105.0 120.0 111.0 118.0 121.0 122.0 118.0 115.0 123.0 122.0 98.0 119.0 118.0 114.0 108.0 111.0 111.0 120.0 119.0 120.0 121.0 120.0 116.0 110.0 118.0 121.0 120.0 124.0 116.0 109.0 113.0 117.0 119.0 121.0 104.0 119.0 115.0 117.0 118.0 120.0 118.0 120.0 125.0 120.0 120.0 120.0 132.0 98.0 107.0 116.0 116.0 103.0 103.0 119.0 116.0 103.0 124.0 112.0 112.0 112.0 112.0 112.0 112.0 112.0 112.0 112.0 112.0 112.0 112.0 112.0 112.0 112.0 112.0 112.0 112.0 112.0 112.0 112.0 112.0 112.0 112.0 112.0 112.0 112.0 112.0 112.0 112.0 112.0 112.0 112.0 112.0 112.0 112.0 112.0 115.95121951219514 6.084865172863372
24 225.0 225.0 225.0 225.0 225.0 225.0 225.0 225.0 225.0 225.0 225.0 225.0 225.0 225.0 225.0 225.0 225.0 225.0 225.0 225.0 225.0 225.0 225.0 225.0 225.0 225.0 225.0 225.0 225.0 225.0 225.0 225.0 225.0 225.0 225.0 225.0 225.0 225.0 225.0 225.0 225.0 225.0 225.0 225.0 225.0 225.0 225.0 225.0 225.0 225.0 225.0 225.0 225.0 225.0 225.0 225.0 225.0 225.0 225.0 225.0 225.0 225.0 225.0 225.0 225.0 225.0 225.0 225.0 225.0 225.0 225.0 225.0 215.0 223.0 244.0 229.0 218.0 220.0 209.0 218.0 226.0 219.0 256.0 260.0 235.0 234.0 262.0 232.0 204.0 229.0 260.0 231.0 208.0 221.0 232.0 219.0 214.0 241.0 251.0 222.0 230.0 216.0 214.0 232.0 225.0 205.0 202.0 240.0 229.0 217.0 220.0 228.0 233.0 210.0 230.0 276.0 224.0 238.0 239.0 232.0 230.0 213.0 214.0 247.0 253.0 227.0 241.0 221.0 218.0 231.0 228.0 237.0 206.0 222.0 202.0 215.0 225.0 228.0 215.0 219.0 215.0 201.0 230.0 180.0 230.0 224.0 261.0 224.0 262.0 225.0 190.0 228.0 230.0 258.0 221.0 207.0 250.0 203.0 204.0 209.0 215.0 227.0 225.0 238.0 210.0 233.0 231.0 228.0 189.0 197.0 207.0 227.0 228.0 217.0 214.0 220.0 224.0 214.0 231.0 229.0 210.0 194.0 188.0 213.0 226.0 223.0 231.0 211.0 215.0 247.0 193.0 262.0 201.0 205.0 221.0 227.0 225.0 239.0 204.0 222.0 218.0 229.0 261.0 242.0 227.0 220.0 221.0 200.0 214.0 231.0 216.0 213.0 223.0 226.0 223.0 246.0 215.0 231.0 238.0 244.0 227.0 210.0 223.0 217.0 201.0 208.0 207.0 200.0 227.0 225.0 225.0 228.0 210.0 314.0 228.0 242.0 331.0 185.0 294.0 225.0 189.0 267.0 224.0 224.0 224.0 226.0 228.0 214.0 244.0 244.0 220.0 220.0 220.0 220.0 220.0 220.0 220.0 220.0 220.0 220.0 220.0 220.0 220.0 220.0 220.0 220.0 220.0 220.0 220.0 220.0 220.0 220.0 220.0 220.0 220.0 220.0 220.0 220.0 220.0 220.0 220.0 220.0 220.0 220.0 220.0 220.0 220.0 224.62020905923345 16.041859882432878
25 49.0 49.0 49.0 49.0 49.0 49.0 49.0 49.0 49.0 49.0 49.0 49.0 49.0 49.0 49.0 49.0 49.0 49.0 49.0 49.0 49.0 49.0 49.0 49.0 49.0 49.0 49.0 49.0 49.0 49.0 49.0 49.0 49.0 49.0 49.0 49.0 49.0 49.0 49.0 49.0 49.0 49.0 49.0 49.0 49.0 49.0 49.0 49.0 49.0 49.0 49.0 49.0 49.0 49.0 49.0 49.0 49.0 49.0 49.0 49.0 49.0 49.0 49.0 49.0 49.0 49.0 49.0 49.0 49.0 49.0 49.0 49.0 49.0 50.0 49.0 48.0 55.0 55.0 50.0 50.0 54.0 48.0 46.0 46.0 54.0 52.0 49.0 50.0 50.0 52.0 47.0 53.0 58.0 51.0 49.0 49.0 55.0 48.0 52.0 52.0 51.0 48.0 53.0 50.0 47.0 44.0 49.0 50.0 50.0 52.0 52.0 50.0 54.0 51.0 53.0 52.0 52.0 50.0 47.0 51.0 50.0 46.0 46.0 50.0 62.0 62.0 48.0 52.0 52.0 49.0 50.0 47.0 45.0 66.0 44.0 46.0 46.0 48.0 43.0 51.0 46.0 47.0 48.0 41.0 48.0 52.0 51.0 47.0 50.0 51.0 46.0 59.0 55.0 50.0 53.0 42.0 57.0 44.0 57.0 49.0 49.0 47.0 50.0 57.0 50.0 55.0 52.0 43.0 45.0 46.0 48.0 52.0 50.0 45.0 55.0 49.0 50.0 59.0 48.0 50.0 84.0 42.0 59.0 53.0 49.0 49.0 56.0 52.0 72.0 50.0 42.0 62.0 44.0 50.0 46.0 51.0 53.0 53.0 48.0 49.0 52.0 56.0 50.0 53.0 52.0 49.0 42.0 45.0 54.0 50.0 48.0 48.0 51.0 50.0 48.0 47.0 50.0 50.0 53.0 53.0 53.0 45.0 49.0 49.0 49.0 49.0 44.0 49.0 53.0 50.0 56.0 64.0 50.0 53.0 50.0 47.0 62.0 50.0 57.0 57.0 43.0 43.0 54.0 54.0 60.0 49.0 51.0 47.0 47.0 51.0 47.0 47.0 47.0 47.0 47.0 47.0 47.0 47.0 47.0 47.0 47.0 47.0 47.0 47.0 47.0 47.0 47.0 47.0 47.0 47.0 47.0 47.0 47.0 47.0 47.0 47.0 47.0 47.0 47.0 47.0 47.0 47.0 47.0 47.0 47.0 47.0 47.0 49.79094076655052 4.3578786645019285
26 118.0 118.0 118.0 118.0 118.0 118.0 118.0 118.0 118.0 118.0 118.0 118.0 118.0 118.0 118.0 118.0 118.0 118.0 118.0 118.0 118.0 118.0 118.0 118.0 118.0 118.0 118.0 118.0 118.0 118.0 118.0 118.0 118.0 118.0 118.0 118.0 118.0 118.0 118.0 118.0 118.0 118.0 118.0 118.0 118.0 118.0 118.0 118.0 118.0 118.0 118.0 118.0 118.0 118.0 118.0 118.0 118.0 118.0 118.0 118.0 118.0 118.0 118.0 118.0 118.0 118.0 118.0 118.0 118.0 118.0 118.0 118.0 115.0 109.0 119.0 118.0 120.0 113.0 113.0 125.0 114.0 114.0 113.0 113.0 118.0 118.0 116.0 121.0 122.0 115.0 117.0 120.0 117.0 112.0 116.0 114.0 112.0 113.0 120.0 119.0 116.0 110.0 116.0 118.0 114.0 103.0 114.0 118.0 116.0 115.0 116.0 118.0 107.0 118.0 119.0 126.0 117.0 115.0 118.0 116.0 119.0 112.0 127.0 116.0 111.0 112.0 118.0 115.0 111.0 120.0 119.0 122.0 103.0 109.0 104.0 110.0 102.0 118.0 108.0 114.0 113.0 111.0 96.0 96.0 115.0 110.0 107.0 116.0 118.0 118.0 109.0 121.0 117.0 125.0 120.0 111.0 116.0 105.0 127.0 121.0 113.0 118.0 121.0 122.0 120.0 120.0 120.0 108.0 116.0 109.0 117.0 116.0 123.0 114.0 117.0 111.0 118.0 114.0 121.0 117.0 110.0 104.0 122.0 123.0 107.0 116.0 120.0 119.0 111.0 111.0 101.0 118.0 106.0 118.0 127.0 120.0 112.0 124.0 113.0 129.0 128.0 128.0 108.0 111.0 116.0 116.0 115.0 102.0 115.0 117.0 110.0 114.0 113.0 114.0 122.0 118.0 134.0 109.0 105.0 118.0 113.0 105.0 113.0 119.0 118.0 116.0 104.0 118.0 121.0 114.0 122.0 128.0 118.0 114.0 121.0 108.0 115.0 114.0 117.0 99.0 111.0 119.0 104.0 124.0 137.0 119.0 120.0 119.0 119.0 113.0 121.0 121.0 121.0 121.0 121.0 121.0 121.0 121.0 121.0 121.0 121.0 121.0 121.0 121.0 121.0 121.0 121.0 121.0 121.0 121.0 121.0 121.0 121.0 121.0 121.0 121.0 121.0 121.0 121.0 121.0 121.0 121.0 121.0 121.0 121.0 121.0 121.0 116.80139372822299 5.4470366109417245
27 201.0 201.0 201.0 201.0 201.0 201.0 201.0 201.0 201.0 201.0 201.0 201.0 201.0 201.0 201.0 201.0 201.0 201.0 201.0 201.0 201.0 201.0 201.0 201.0 201.0 201.0 201.0 201.0 201.0 201.0 201.0 201.0 201.0 201.0 201.0 201.0 201.0 201.0 201.0 201.0 201.0 201.0 201.0 201.0 201.0 201.0 201.0 201.0 201.0 201.0 201.0 201.0 201.0 201.0 201.0 201.0 201.0 201.0 201.0 201.0 201.0 201.0 201.0 201.0 201.0 201.0 201.0 201.0 201.0 201.0 201.0 201.0 203.0 196.0 199.0 201.0 199.0 193.0 204.0 203.0 184.0 194.0 198.0 199.0 199.0 197.0 208.0 202.0 205.0 196.0 201.0 197.0 202.0 197.0 191.0 198.0 188.0 191.0 198.0 189.0 202.0 204.0 198.0 197.0 180.0 182.0 207.0 198.0 190.0 195.0 207.0 186.0 186.0 205.0 203.0 203.0 197.0 194.0 204.0 204.0 191.0 191.0 200.0 194.0 191.0 194.0 200.0 194.0 204.0 202.0 204.0 201.0 199.0 176.0 176.0 189.0 176.0 182.0 186.0 200.0 193.0 185.0 165.0 195.0 189.0 193.0 204.0 199.0 195.0 181.0 199.0 196.0 189.0 197.0 194.0 193.0 182.0 175.0 199.0 198.0 191.0 201.0 184.0 201.0 201.0 200.0 195.0 176.0 182.0 196.0 208.0 214.0 196.0 193.0 191.0 205.0 193.0 190.0 206.0 196.0 185.0 171.0 193.0 202.0 186.0 200.0 201.0 193.0 201.0 189.0 208.0 180.0 195.0 194.0 203.0 188.0 201.0 181.0 196.0 204.0 203.0 188.0 186.0 195.0 199.0 198.0 169.0 166.0 199.0 179.0 182.0 193.0 197.0 195.0 202.0 194.0 206.0 176.0 204.0 202.0 182.0 191.0 195.0 198.0 198.0 179.0 179.0 195.0 201.0 198.0 205.0 184.0 197.0 178.0 196.0 179.0 178.0 201.0 190.0 176.0 199.0 177.0 173.0 184.0 209.0 204.0 184.0 196.0 179.0 199.0 198.0 198.0 198.0 198.0 198.0 198.0 198.0 198.0 198.0 198.0 198.0 198.0 198.0 198.0 198.0 198.0 198.0 198.0 198.0 198.0 198.0 198.0 198.0 198.0 198.0 198.0 198.0 198.0 198.0 198.0 198.0 198.0 198.0 198.0 198.0 198.0 198.0 196.06271777003485 8.116475319304497
28 607.0 607.0 607.0 607.0 607.0 607.0 607.0 607.0 607.0 607.0 607.0 607.0 607.0 607.0 607.0 607.0 607.0 607.0 607.0 607.0 607.0 607.0 607.0 607.0 607.0 607.0 607.0 607.0 607.0 607.0 607.0 607.0 607.0 607.0 607.0 607.0 607.0 607.0 607.0 607.0 607.0 607.0 607.0 607.0 607.0 607.0 607.0 607.0 607.0 607.0 607.0 607.0 607.0 607.0 607.0 607.0 607.0 607.0 607.0 607.0 607.0 607.0 607.0 607.0 607.0 607.0 607.0 607.0 607.0 607.0 607.0 607.0 607.0 617.0 628.0 606.0 591.0 613.0 605.0 603.0 619.0 605.0 637.0 600.0 599.0 616.0 645.0 629.0 610.0 607.0 615.0 559.0 560.0 600.0 531.0 548.0 606.0 615.0 610.0 607.0 613.0 608.0 560.0 549.0 547.0 602.0 601.0 599.0 614.0 586.0 556.0 559.0 588.0 601.0 609.0 588.0 606.0 608.0 616.0 591.0 604.0 612.0 588.0 581.0 570.0 580.0 602.0 636.0 618.0 590.0 605.0 575.0 551.0 548.0 555.0 564.0 573.0 572.0 606.0 610.0 567.0 526.0 536.0 584.0 562.0 585.0 609.0 573.0 589.0 608.0 580.0 616.0 582.0 565.0 599.0 566.0 591.0 570.0 599.0 599.0 617.0 633.0 611.0 624.0 633.0 578.0 608.0 585.0 579.0 598.0 628.0 601.0 574.0 598.0 555.0 544.0 591.0 593.0 601.0 588.0 567.0 613.0 624.0 621.0 635.0 598.0 632.0 543.0 556.0 623.0 596.0 563.0 621.0 621.0 584.0 589.0 586.0 595.0 646.0 620.0 594.0 612.0 602.0 593.0 623.0 547.0 569.0 610.0 580.0 578.0 545.0 565.0 627.0 623.0 607.0 621.0 612.0 541.0 610.0 596.0 615.0 524.0 518.0 560.0 579.0 575.0 586.0 585.0 634.0 630.0 628.0 592.0 616.0 570.0 531.0 555.0 589.0 573.0 559.0 603.0 560.0 556.0 558.0 542.0 617.0 614.0 610.0 598.0 621.0 615.0 625.0 625.0 625.0 625.0 625.0 625.0 625.0 625.0 625.0 625.0 625.0 625.0 625.0 625.0 625.0 625.0 625.0 625.0 625.0 625.0 625.0 625.0 625.0 625.0 625.0 625.0 625.0 625.0 625.0 625.0 625.0 625.0 625.0 625.0 625.0 625.0 625.0 600.01393728223 24.39376455426512
29 16.0 16.0 16.0 16.0 16.0 16.0 16.0 16.0 16.0 16.0 16.0 16.0 16.0 16.0 16.0 16.0 16.0 16.0 16.0 16.0 16.0 16.0 16.0 16.0 16.0 16.0 16.0 16.0 16.0 16.0 16.0 16.0 16.0 16.0 16.0 16.0 16.0 16.0 16.0 16.0 16.0 16.0 16.0 16.0 16.0 16.0 16.0 16.0 16.0 16.0 16.0 16.0 16.0 16.0 16.0 16.0 16.0 16.0 16.0 16.0 16.0 16.0 16.0 16.0 16.0 16.0 16.0 16.0 16.0 16.0 16.0 16.0 16.0 15.0 16.0 16.0 16.0 15.0 14.0 14.0 14.0 14.0 14.0 15.0 17.0 16.0 16.0 16.0 13.0 14.0 14.0 14.0 14.0 14.0 13.0 13.0 15.0 15.0 15.0 28.0 19.0 19.0 13.0 13.0 15.0 15.0 15.0 17.0 17.0 16.0 14.0 15.0 15.0 15.0 15.0 14.0 14.0 16.0 15.0 15.0 16.0 14.0 14.0 14.0 14.0 14.0 14.0 16.0 13.0 13.0 15.0 13.0 14.0 14.0 13.0 14.0 14.0 14.0 15.0 15.0 14.0 14.0 15.0 14.0 15.0 15.0 16.0 14.0 14.0 15.0 16.0 16.0 13.0 13.0 15.0 13.0 15.0 15.0 15.0 14.0 14.0 15.0 15.0 15.0 15.0 14.0 16.0 17.0 15.0 15.0 15.0 15.0 13.0 15.0 13.0 13.0 12.0 12.0 14.0 14.0 14.0 15.0 17.0 17.0 17.0 15.0 15.0 13.0 15.0 15.0 15.0 14.0 14.0 13.0 13.0 13.0 13.0 13.0 13.0 14.0 14.0 14.0 14.0 18.0 14.0 15.0 15.0 14.0 15.0 14.0 14.0 14.0 15.0 15.0 15.0 15.0 15.0 15.0 14.0 16.0 15.0 13.0 15.0 14.0 14.0 16.0 15.0 15.0 16.0 14.0 14.0 14.0 16.0 12.0 12.0 13.0 16.0 15.0 15.0 14.0 14.0 13.0 16.0 16.0 16.0 16.0 16.0 16.0 15.0 15.0 15.0 15.0 15.0 15.0 15.0 15.0 15.0 15.0 15.0 15.0 15.0 15.0 15.0 15.0 15.0 15.0 15.0 15.0 15.0 15.0 15.0 15.0 15.0 15.0 15.0 15.0 15.0 15.0 15.0 15.0 15.0 15.0 15.0 15.0 15.0 15.0 15.0 15.069686411149826 1.35435876471338
30 187.0 187.0 187.0 187.0 187.0 187.0 187.0 187.0 187.0 187.0 187.0 187.0 187.0 187.0 187.0 187.0 187.0 187.0 187.0 187.0 187.0 187.0 187.0 187.0 187.0 187.0 187.0 187.0 187.0 187.0 187.0 187.0 187.0 187.0 187.0 187.0 187.0 187.0 187.0 187.0 187.0 187.0 187.0 187.0 187.0 187.0 187.0 187.0 187.0 187.0 187.0 187.0 187.0 187.0 187.0 187.0 187.0 187.0 187.0 187.0 187.0 187.0 187.0 187.0 187.0 187.0 187.0 187.0 187.0 187.0 187.0 187.0 186.0 186.0 175.0 180.0 184.0 166.0 180.0 178.0 171.0 184.0 181.0 176.0 187.0 184.0 198.0 175.0 183.0 182.0 158.0 157.0 179.0 154.0 161.0 183.0 183.0 174.0 180.0 179.0 173.0 190.0 160.0 176.0 180.0 174.0 180.0 183.0 196.0 170.0 173.0 175.0 178.0 176.0 177.0 185.0 180.0 183.0 175.0 182.0 180.0 173.0 174.0 160.0 177.0 172.0 187.0 190.0 159.0 193.0 176.0 161.0 159.0 157.0 172.0 168.0 177.0 182.0 182.0 179.0 177.0 168.0 177.0 166.0 184.0 179.0 174.0 172.0 180.0 168.0 185.0 176.0 165.0 182.0 173.0 165.0 176.0 177.0 169.0 163.0 186.0 186.0 182.0 189.0 165.0 183.0 187.0 174.0 174.0 179.0 177.0 188.0 153.0 175.0 162.0 183.0 171.0 172.0 179.0 174.0 185.0 179.0 185.0 192.0 186.0 169.0 160.0 160.0 168.0 175.0 163.0 184.0 169.0 170.0 183.0 165.0 190.0 187.0 174.0 184.0 181.0 186.0 171.0 186.0 168.0 179.0 179.0 168.0 181.0 170.0 188.0 181.0 179.0 181.0 179.0 191.0 176.0 178.0 174.0 170.0 163.0 155.0 184.0 166.0 177.0 169.0 172.0 187.0 186.0 185.0 177.0 178.0 181.0 157.0 180.0 171.0 185.0 164.0 182.0 162.0 165.0 155.0 189.0 184.0 181.0 184.0 180.0 180.0 181.0 192.0 182.0 182.0 182.0 182.0 182.0 182.0 182.0 182.0 182.0 182.0 182.0 182.0 182.0 182.0 182.0 182.0 182.0 182.0 182.0 182.0 182.0 182.0 182.0 182.0 182.0 182.0 182.0 182.0 182.0 182.0 182.0 182.0 182.0 182.0 182.0 182.0 182.0 179.74564459930312 8.57636043067716
31 346.0 346.0 346.0 346.0 346.0 346.0 346.0 346.0 346.0 346.0 346.0 346.0 346.0 346.0 346.0 346.0 346.0 346.0 346.0 346.0 346.0 346.0 346.0 346.0 346.0 346.0 346.0 346.0 346.0 346.0 346.0 346.0 346.0 346.0 346.0 346.0 346.0 346.0 346.0 346.0 346.0 346.0 346.0 346.0 346.0 346.0 346.0 346.0 346.0 346.0 346.0 346.0 346.0 346.0 346.0 346.0 346.0 346.0 346.0 346.0 346.0 346.0 346.0 346.0 346.0 346.0 346.0 346.0 346.0 346.0 346.0 346.0 339.0 329.0 325.0 346.0 341.0 347.0 328.0 329.0 336.0 345.0 336.0 350.0 346.0 361.0 309.0 342.0 330.0 294.0 304.0 329.0 309.0 297.0 339.0 341.0 326.0 351.0 350.0 341.0 336.0 306.0 305.0 331.0 332.0 343.0 348.0 349.0 303.0 311.0 320.0 330.0 334.0 333.0 348.0 332.0 343.0 324.0 339.0 339.0 339.0 341.0 297.0 301.0 313.0 360.0 353.0 326.0 328.0 326.0 316.0 308.0 309.0 298.0 321.0 326.0 314.0 337.0 328.0 285.0 315.0 336.0 343.0 354.0 330.0 374.0 331.0 348.0 336.0 310.0 327.0 307.0 325.0 377.0 320.0 327.0 332.0 333.0 321.0 343.0 345.0 331.0 345.0 336.0 338.0 345.0 324.0 322.0 333.0 330.0 343.0 331.0 346.0 336.0 307.0 316.0 341.0 328.0 328.0 338.0 341.0 344.0 347.0 343.0 341.0 321.0 309.0 325.0 308.0 317.0 341.0 331.0 325.0 324.0 311.0 344.0 350.0 332.0 329.0 340.0 341.0 318.0 347.0 304.0 299.0 337.0 353.0 336.0 314.0 318.0 339.0 330.0 330.0 343.0 336.0 332.0 335.0 317.0 346.0 343.0 309.0 339.0 310.0 318.0 319.0 324.0 369.0 352.0 318.0 334.0 343.0 341.0 293.0 294.0 330.0 351.0 310.0 330.0 305.0 339.0 316.0 318.0 316.0 331.0 344.0 343.0 337.0 336.0 351.0 339.0 338.0 338.0 338.0 338.0 338.0 338.0 338.0 338.0 338.0 338.0 338.0 338.0 338.0 338.0 338.0 338.0 338.0 338.0 338.0 338.0 338.0 338.0 338.0 338.0 338.0 338.0 338.0 338.0 338.0 338.0 338.0 338.0 338.0 338.0 338.0 338.0 338.0 335.2682926829268 14.390695015145468
32 557.0 557.0 557.0 557.0 557.0 557.0 557.0 557.0 557.0 557.0 557.0 557.0 557.0 557.0 557.0 557.0 557.0 557.0 557.0 557.0 557.0 557.0 557.0 557.0 557.0 557.0 557.0 557.0 557.0 557.0 557.0 557.0 557.0 557.0 557.0 557.0 557.0 557.0 557.0 557.0 557.0 557.0 557.0 557.0 557.0 557.0 557.0 557.0 557.0 557.0 557.0 557.0 557.0 557.0 557.0 557.0 557.0 557.0 557.0 557.0 557.0 557.0 557.0 557.0 557.0 557.0 557.0 557.0 557.0 557.0 557.0 557.0 564.0 559.0 577.0 563.0 568.0 545.0 554.0 561.0 550.0 585.0 568.0 572.0 566.0 544.0 548.0 556.0 501.0 506.0 546.0 544.0 561.0 565.0 542.0 528.0 508.0 572.0 561.0 494.0 502.0 532.0 553.0 535.0 556.0 586.0 546.0 495.0 483.0 543.0 552.0 543.0 554.0 548.0 540.0 538.0 554.0 551.0 552.0 566.0 514.0 502.0 529.0 561.0 579.0 551.0 519.0 531.0 510.0 503.0 497.0 509.0 524.0 534.0 534.0 526.0 551.0 466.0 483.0 516.0 549.0 569.0 548.0 551.0 530.0 563.0 540.0 500.0 532.0 525.0 503.0 538.0 529.0 506.0 551.0 550.0 559.0 581.0 581.0 588.0 559.0 578.0 565.0 569.0 549.0 529.0 551.0 537.0 539.0 557.0 545.0 546.0 518.0 557.0 567.0 572.0 543.0 529.0 545.0 563.0 573.0 572.0 574.0 566.0 490.0 504.0 514.0 507.0 555.0 555.0 534.0 532.0 504.0 516.0 579.0 584.0 538.0 549.0 557.0 550.0 535.0 539.0 509.0 526.0 560.0 549.0 557.0 563.0 559.0 557.0 540.0 555.0 544.0 533.0 528.0 544.0 573.0 551.0 462.0 489.0 541.0 522.0 538.0 528.0 539.0 565.0 599.0 609.0 584.0 553.0 490.0 477.0 521.0 596.0 563.0 524.0 526.0 574.0 565.0 538.0 542.0 528.0 557.0 570.0 548.0 553.0 564.0 566.0 552.0 560.0 562.0 562.0 562.0 562.0 562.0 562.0 562.0 562.0 562.0 562.0 562.0 562.0 562.0 562.0 562.0 562.0 562.0 562.0 562.0 562.0 562.0 562.0 562.0 562.0 562.0 562.0 562.0 562.0 562.0 562.0 562.0 562.0 562.0 562.0 562.0 562.0 562.0 549.1393728222996 22.11717247946474
33 173.0 173.0 173.0 173.0 173.0 173.0 173.0 173.0 173.0 173.0 173.0 173.0 173.0 173.0 173.0 173.0 173.0 173.0 173.0 173.0 173.0 173.0 173.0 173.0 173.0 173.0 173.0 173.0 173.0 173.0 173.0 173.0 173.0 173.0 173.0 173.0 173.0 173.0 173.0 173.0 173.0 173.0 173.0 173.0 173.0 173.0 173.0 173.0 173.0 173.0 173.0 173.0 173.0 173.0 173.0 173.0 173.0 173.0 173.0 173.0 173.0 173.0 173.0 173.0 173.0 173.0 173.0 173.0 173.0 173.0 173.0 173.0 189.0 198.0 196.0 182.0 178.0 185.0 184.0 208.0 193.0 198.0 190.0 199.0 202.0 191.0 184.0 161.0 180.0 188.0 190.0 190.0 195.0 189.0 193.0 190.0 193.0 184.0 170.0 170.0 191.0 177.0 185.0 197.0 168.0 193.0 167.0 186.0 186.0 204.0 188.0 190.0 192.0 187.0 179.0 189.0 193.0 193.0 189.0 191.0 167.0 187.0 190.0 195.0 190.0 191.0 195.0 190.0 176.0 176.0 178.0 187.0 174.0 173.0 177.0 186.0 186.0 172.0 179.0 194.0 204.0 199.0 187.0 185.0 191.0 172.0 177.0 181.0 191.0 185.0 198.0 197.0 169.0 188.0 189.0 197.0 196.0 196.0 188.0 192.0 195.0 194.0 193.0 197.0 180.0 193.0 179.0 192.0 185.0 183.0 194.0 172.0 189.0 179.0 203.0 199.0 194.0 195.0 197.0 195.0 197.0 195.0 192.0 166.0 169.0 174.0 172.0 189.0 192.0 179.0 192.0 175.0 178.0 202.0 193.0 185.0 196.0 210.0 188.0 183.0 186.0 191.0 186.0 193.0 193.0 194.0 194.0 191.0 190.0 195.0 191.0 196.0 184.0 181.0 208.0 183.0 183.0 163.0 166.0 189.0 190.0 181.0 171.0 175.0 196.0 195.0 209.0 187.0 186.0 186.0 172.0 195.0 199.0 195.0 197.0 197.0 193.0 195.0 187.0 189.0 184.0 193.0 196.0 190.0 196.0 193.0 195.0 192.0 188.0 195.0 197.0 197.0 197.0 197.0 197.0 197.0 197.0 197.0 197.0 197.0 197.0 197.0 197.0 197.0 197.0 197.0 197.0 197.0 197.0 197.0 197.0 197.0 197.0 197.0 197.0 197.0 197.0 197.0 197.0 197.0 197.0 197.0 197.0 197.0 197.0 197.0 197.0 185.41463414634148 10.743620409273136
34 134.0 134.0 134.0 134.0 134.0 134.0 134.0 134.0 134.0 134.0 134.0 134.0 134.0 134.0 134.0 134.0 134.0 134.0 134.0 134.0 134.0 134.0 134.0 134.0 134.0 134.0 134.0 134.0 134.0 134.0 134.0 134.0 134.0 134.0 134.0 134.0 134.0 134.0 134.0 134.0 134.0 134.0 134.0 134.0 134.0 134.0 134.0 134.0 134.0 134.0 134.0 134.0 134.0 134.0 134.0 134.0 134.0 134.0 134.0 134.0 134.0 134.0 134.0 134.0 134.0 134.0 134.0 134.0 134.0 134.0 134.0 134.0 144.0 137.0 136.0 129.0 130.0 133.0 132.0 137.0 137.0 137.0 137.0 143.0 142.0 135.0 129.0 118.0 133.0 138.0 138.0 137.0 134.0 135.0 134.0 142.0 136.0 138.0 123.0 134.0 136.0 129.0 136.0 118.0 121.0 128.0 119.0 132.0 134.0 138.0 132.0 139.0 135.0 138.0 132.0 136.0 138.0 140.0 137.0 123.0 126.0 140.0 132.0 129.0 125.0 124.0 141.0 123.0 121.0 127.0 124.0 128.0 132.0 125.0 135.0 134.0 118.0 124.0 132.0 140.0 139.0 135.0 136.0 126.0 135.0 123.0 132.0 127.0 133.0 136.0 141.0 124.0 127.0 135.0 143.0 131.0 142.0 140.0 135.0 141.0 135.0 137.0 141.0 126.0 130.0 128.0 137.0 137.0 130.0 137.0 142.0 122.0 125.0 140.0 143.0 140.0 138.0 139.0 137.0 140.0 137.0 138.0 136.0 115.0 136.0 121.0 134.0 138.0 125.0 134.0 126.0 125.0 143.0 140.0 130.0 138.0 138.0 137.0 132.0 136.0 137.0 132.0 139.0 148.0 133.0 138.0 136.0 137.0 143.0 140.0 139.0 135.0 134.0 129.0 129.0 119.0 137.0 109.0 137.0 137.0 134.0 127.0 133.0 135.0 132.0 146.0 135.0 135.0 136.0 123.0 127.0 143.0 136.0 139.0 139.0 133.0 139.0 139.0 134.0 130.0 137.0 141.0 145.0 138.0 136.0 143.0 136.0 135.0 150.0 138.0 148.0 148.0 148.0 148.0 148.0 148.0 148.0 148.0 148.0 148.0 148.0 148.0 148.0 148.0 148.0 148.0 148.0 148.0 148.0 148.0 148.0 148.0 148.0 148.0 148.0 148.0 148.0 148.0 148.0 148.0 148.0 148.0 148.0 148.0 148.0 148.0 148.0 135.71080139372822 7.117150691878529
35 4.0 4.0 4.0 4.0 4.0 4.0 4.0 4.0 4.0 4.0 4.0 4.0 4.0 4.0 4.0 4.0 4.0 4.0 4.0 4.0 4.0 4.0 4.0 4.0 4.0 4.0 4.0 4.0 4.0 4.0 4.0 4.0 4.0 4.0 4.0 4.0 4.0 4.0 4.0 4.0 4.0 4.0 4.0 4.0 4.0 4.0 4.0 4.0 4.0 4.0 4.0 4.0 4.0 4.0 4.0 4.0 4.0 4.0 4.0 4.0 4.0 4.0 4.0 4.0 4.0 4.0 4.0 4.0 4.0 4.0 4.0 4.0 4.0 4.0 4.0 4.0 4.0 4.0 4.0 4.0 6.0 4.0 4.0 5.0 5.0 5.0 5.0 5.0 5.0 5.0 5.0 5.0 5.0 5.0 5.0 5.0 5.0 5.0 5.0 5.0 5.0 5.0 5.0 5.0 5.0 5.0 5.0 5.0 5.0 5.0 5.0 5.0 5.0 5.0 5.0 5.0 5.0 5.0 5.0 5.0 5.0 5.0 5.0 5.0 4.0 4.0 5.0 5.0 5.0 5.0 5.0 5.0 5.0 5.0 5.0 5.0 5.0 5.0 5.0 5.0 5.0 5.0 5.0 5.0 5.0 5.0 5.0 5.0 5.0 5.0 5.0 4.0 5.0 5.0 5.0 5.0 5.0 5.0 5.0 5.0 5.0 5.0 5.0 5.0 5.0 5.0 5.0 5.0 5.0 5.0 5.0 5.0 5.0 5.0 6.0 5.0 5.0 5.0 6.0 5.0 5.0 5.0 5.0 4.0 5.0 5.0 5.0 6.0 5.0 5.0 5.0 5.0 5.0 5.0 5.0 5.0 5.0 5.0 5.0 5.0 6.0 5.0 5.0 16.0 5.0 5.0 5.0 5.0 5.0 5.0 5.0 5.0 5.0 5.0 5.0 5.0 5.0 4.0 5.0 5.0 5.0 5.0 6.0 6.0 6.0 6.0 6.0 6.0 6.0 5.0 5.0 5.0 5.0 5.0 5.0 5.0 5.0 5.0 5.0 5.0 5.0 5.0 5.0 5.0 5.0 5.0 5.0 5.0 5.0 5.0 5.0 5.0 5.0 5.0 5.0 5.0 5.0 5.0 5.0 5.0 5.0 5.0 5.0 5.0 5.0 5.0 5.0 5.0 5.0 5.0 5.0 5.0 5.0 5.0 5.0 5.0 5.0 5.0 5.0 5.0 5.0 5.0 5.0 5.0 5.0 5.0 5.0 4.777003484320557 0.8481329206184401
36 35.0 35.0 35.0 35.0 35.0 35.0 35.0 35.0 35.0 35.0 35.0 35.0 35.0 35.0 35.0 35.0 35.0 35.0 35.0 35.0 35.0 35.0 35.0 35.0 35.0 35.0 35.0 35.0 35.0 35.0 35.0 35.0 35.0 35.0 35.0 35.0 35.0 35.0 35.0 35.0 35.0 35.0 35.0 35.0 35.0 35.0 35.0 35.0 35.0 35.0 35.0 35.0 35.0 35.0 35.0 35.0 35.0 35.0 35.0 35.0 35.0 35.0 35.0 35.0 35.0 35.0 35.0 35.0 35.0 35.0 35.0 35.0 46.0 48.0 40.0 40.0 43.0 42.0 42.0 45.0 46.0 46.0 53.0 46.0 51.0 45.0 45.0 39.0 45.0 44.0 45.0 50.0 45.0 45.0 40.0 49.0 46.0 41.0 40.0 47.0 45.0 41.0 48.0 42.0 45.0 38.0 44.0 44.0 46.0 46.0 44.0 46.0 42.0 46.0 43.0 46.0 46.0 46.0 43.0 41.0 42.0 42.0 41.0 49.0 43.0 53.0 45.0 39.0 42.0 42.0 50.0 41.0 48.0 45.0 44.0 45.0 39.0 44.0 46.0 47.0 46.0 66.0 43.0 42.0 43.0 41.0 43.0 39.0 42.0 44.0 49.0 37.0 53.0 50.0 47.0 49.0 47.0 43.0 45.0 43.0 43.0 45.0 47.0 42.0 46.0 47.0 46.0 46.0 53.0 46.0 39.0 39.0 39.0 50.0 59.0 46.0 48.0 48.0 53.0 45.0 45.0 49.0 54.0 37.0 47.0 40.0 39.0 67.0 41.0 41.0 42.0 43.0 46.0 45.0 45.0 48.0 50.0 46.0 45.0 43.0 54.0 42.0 50.0 55.0 46.0 49.0 52.0 51.0 50.0 68.0 47.0 47.0 51.0 47.0 44.0 44.0 42.0 36.0 45.0 45.0 43.0 41.0 42.0 46.0 44.0 51.0 48.0 47.0 47.0 39.0 44.0 78.0 57.0 44.0 44.0 44.0 48.0 45.0 44.0 42.0 45.0 47.0 45.0 41.0 47.0 47.0 43.0 44.0 44.0 45.0 48.0 48.0 48.0 48.0 48.0 48.0 48.0 48.0 48.0 48.0 48.0 48.0 48.0 48.0 48.0 48.0 48.0 48.0 48.0 48.0 48.0 48.0 48.0 48.0 48.0 48.0 48.0 48.0 48.0 48.0 48.0 48.0 48.0 48.0 48.0 48.0 48.0 43.282229965156795 6.438015203858482
37 570.0 570.0 570.0 570.0 570.0 570.0 570.0 570.0 570.0 570.0 570.0 570.0 570.0 570.0 570.0 570.0 570.0 570.0 570.0 570.0 570.0 570.0 570.0 570.0 570.0 570.0 570.0 570.0 570.0 570.0 570.0 570.0 570.0 570.0 570.0 570.0 570.0 570.0 570.0 570.0 570.0 570.0 570.0 570.0 570.0 570.0 570.0 570.0 570.0 570.0 570.0 570.0 570.0 570.0 570.0 570.0 570.0 570.0 570.0 570.0 570.0 570.0 570.0 570.0 570.0 570.0 570.0 570.0 570.0 570.0 570.0 570.0 564.0 541.0 530.0 534.0 530.0 538.0 564.0 570.0 573.0 566.0 554.0 572.0 547.0 485.0 493.0 516.0 527.0 566.0 571.0 551.0 546.0 534.0 555.0 521.0 520.0 488.0 506.0 553.0 531.0 522.0 470.0 475.0 492.0 483.0 540.0 539.0 549.0 572.0 559.0 523.0 530.0 541.0 565.0 554.0 553.0 508.0 513.0 530.0 517.0 529.0 513.0 492.0 527.0 520.0 505.0 487.0 506.0 499.0 513.0 527.0 502.0 532.0 517.0 480.0 491.0 617.0 556.0 557.0 550.0 512.0 519.0 538.0 524.0 504.0 496.0 509.0 511.0 534.0 504.0 531.0 546.0 547.0 574.0 572.0 569.0 569.0 572.0 558.0 553.0 535.0 516.0 514.0 528.0 525.0 545.0 542.0 559.0 488.0 469.0 539.0 555.0 513.0 545.0 561.0 517.0 508.0 536.0 548.0 547.0 515.0 485.0 503.0 495.0 543.0 517.0 519.0 507.0 493.0 538.0 558.0 582.0 550.0 523.0 557.0 552.0 527.0 546.0 539.0 538.0 566.0 557.0 552.0 547.0 547.0 546.0 573.0 557.0 561.0 559.0 535.0 529.0 493.0 508.0 504.0 497.0 516.0 550.0 526.0 519.0 543.0 556.0 583.0 609.0 555.0 544.0 517.0 522.0 499.0 526.0 526.0 502.0 502.0 557.0 572.0 554.0 533.0 547.0 546.0 561.0 545.0 500.0 527.0 562.0 575.0 553.0 558.0 572.0 549.0 512.0 512.0 512.0 512.0 512.0 512.0 512.0 512.0 512.0 512.0 512.0 512.0 512.0 512.0 512.0 512.0 512.0 512.0 512.0 512.0 512.0 512.0 512.0 512.0 512.0 512.0 512.0 512.0 512.0 512.0 512.0 512.0 512.0 512.0 512.0 512.0 512.0 540.212543554007 28.386815789034475
38 181.0 181.0 181.0 181.0 181.0 181.0 181.0 181.0 181.0 181.0 181.0 181.0 181.0 181.0 181.0 181.0 181.0 181.0 181.0 181.0 181.0 181.0 181.0 181.0 181.0 181.0 181.0 181.0 181.0 181.0 181.0 181.0 181.0 181.0 181.0 181.0 181.0 181.0 181.0 181.0 181.0 181.0 181.0 181.0 181.0 181.0 181.0 181.0 181.0 181.0 181.0 181.0 181.0 181.0 181.0 181.0 181.0 181.0 181.0 181.0 181.0 181.0 181.0 181.0 181.0 181.0 181.0 181.0 181.0 181.0 181.0 181.0 157.0 154.0 161.0 165.0 164.0 158.0 171.0 172.0 171.0 160.0 160.0 177.0 153.0 148.0 169.0 142.0 147.0 169.0 162.0 159.0 168.0 180.0 161.0 172.0 158.0 167.0 145.0 159.0 171.0 137.0 168.0 144.0 146.0 164.0 164.0 168.0 159.0 162.0 158.0 162.0 164.0 178.0 177.0 161.0 156.0 149.0 174.0 143.0 152.0 152.0 173.0 163.0 154.0 147.0 147.0 150.0 152.0 153.0 167.0 153.0 157.0 165.0 147.0 151.0 166.0 165.0 166.0 161.0 160.0 151.0 166.0 150.0 152.0 147.0 153.0 161.0 164.0 145.0 160.0 162.0 173.0 161.0 169.0 168.0 162.0 201.0 164.0 166.0 171.0 150.0 164.0 160.0 157.0 169.0 157.0 166.0 147.0 144.0 160.0 167.0 160.0 153.0 198.0 167.0 148.0 164.0 163.0 166.0 178.0 151.0 154.0 148.0 155.0 158.0 146.0 145.0 145.0 152.0 195.0 168.0 157.0 172.0 170.0 162.0 161.0 155.0 165.0 163.0 170.0 154.0 170.0 164.0 160.0 159.0 164.0 208.0 159.0 169.0 171.0 161.0 165.0 150.0 176.0 157.0 169.0 178.0 162.0 149.0 143.0 168.0 163.0 179.0 179.0 161.0 159.0 139.0 154.0 162.0 160.0 151.0 151.0 162.0 168.0 165.0 163.0 166.0 167.0 170.0 160.0 146.0 159.0 165.0 168.0 162.0 168.0 171.0 172.0 159.0 161.0 161.0 161.0 161.0 161.0 161.0 161.0 161.0 161.0 161.0 161.0 161.0 161.0 161.0 161.0 161.0 161.0 161.0 161.0 161.0 161.0 161.0 161.0 161.0 161.0 161.0 161.0 161.0 161.0 161.0 161.0 161.0 161.0 161.0 161.0 161.0 161.0 166.21951219512192 12.081768431506346
39 382.0 382.0 382.0 382.0 382.0 382.0 382.0 382.0 382.0 382.0 382.0 382.0 382.0 382.0 382.0 382.0 382.0 382.0 382.0 382.0 382.0 382.0 382.0 382.0 382.0 382.0 382.0 382.0 382.0 382.0 382.0 382.0 382.0 382.0 382.0 382.0 382.0 382.0 382.0 382.0 382.0 382.0 382.0 382.0 382.0 382.0 382.0 382.0 382.0 382.0 382.0 382.0 382.0 382.0 382.0 382.0 382.0 382.0 382.0 382.0 382.0 382.0 382.0 382.0 382.0 382.0 382.0 382.0 382.0 382.0 382.0 382.0 383.0 379.0 378.0 381.0 401.0 400.0 403.0 403.0 385.0 377.0 366.0 349.0 343.0 366.0 386.0 404.0 402.0 380.0 385.0 369.0 384.0 383.0 363.0 376.0 383.0 348.0 382.0 396.0 323.0 324.0 351.0 357.0 391.0 386.0 385.0 394.0 387.0 375.0 381.0 392.0 396.0 393.0 387.0 380.0 350.0 382.0 356.0 360.0 362.0 402.0 397.0 391.0 350.0 346.0 343.0 354.0 368.0 360.0 347.0 356.0 384.0 354.0 347.0 362.0 391.0 388.0 368.0 347.0 375.0 408.0 395.0 364.0 352.0 365.0 380.0 399.0 360.0 377.0 385.0 369.0 349.0 389.0 400.0 390.0 381.0 384.0 393.0 392.0 360.0 361.0 379.0 368.0 391.0 389.0 384.0 349.0 341.0 393.0 381.0 387.0 357.0 361.0 365.0 347.0 372.0 395.0 379.0 340.0 344.0 368.0 351.0 368.0 372.0 360.0 348.0 347.0 344.0 376.0 368.0 386.0 397.0 389.0 383.0 378.0 371.0 387.0 384.0 401.0 393.0 387.0 389.0 384.0 380.0 385.0 383.0 378.0 379.0 357.0 372.0 350.0 342.0 405.0 347.0 351.0 382.0 390.0 350.0 352.0 367.0 388.0 418.0 400.0 377.0 377.0 338.0 356.0 368.0 378.0 345.0 360.0 387.0 375.0 392.0 387.0 387.0 392.0 404.0 374.0 355.0 360.0 393.0 399.0 389.0 396.0 405.0 380.0 360.0 379.0 541.0 541.0 541.0 541.0 541.0 541.0 541.0 541.0 541.0 541.0 541.0 541.0 541.0 541.0 541.0 541.0 541.0 541.0 541.0 541.0 541.0 541.0 541.0 541.0 541.0 541.0 541.0 541.0 541.0 541.0 541.0 541.0 541.0 541.0 541.0 541.0 541.0 397.95470383275256 57.16001374958315
40 119.0 119.0 119.0 119.0 119.0 119.0 119.0 119.0 119.0 119.0 119.0 119.0 119.0 119.0 119.0 119.0 119.0 119.0 119.0 119.0 119.0 119.0 119.0 119.0 119.0 119.0 119.0 119.0 119.0 119.0 119.0 119.0 119.0 119.0 119.0 119.0 119.0 119.0 119.0 119.0 119.0 119.0 119.0 119.0 119.0 119.0 119.0 119.0 119.0 119.0 119.0 119.0 119.0 119.0 119.0 119.0 119.0 119.0 119.0 119.0 119.0 119.0 119.0 119.0 119.0 119.0 119.0 119.0 119.0 119.0 119.0 119.0 115.0 109.0 119.0 121.0 122.0 129.0 116.0 122.0 108.0 120.0 116.0 108.0 111.0 116.0 118.0 125.0 124.0 121.0 117.0 119.0 106.0 102.0 112.0 118.0 111.0 114.0 129.0 119.0 102.0 117.0 108.0 121.0 120.0 120.0 126.0 120.0 114.0 117.0 120.0 118.0 123.0 119.0 118.0 110.0 113.0 117.0 110.0 119.0 121.0 118.0 125.0 110.0 110.0 107.0 105.0 115.0 112.0 110.0 107.0 118.0 110.0 107.0 112.0 125.0 122.0 120.0 100.0 119.0 104.0 116.0 110.0 111.0 113.0 114.0 120.0 121.0 102.0 120.0 121.0 106.0 116.0 115.0 117.0 118.0 119.0 120.0 124.0 108.0 109.0 111.0 112.0 123.0 117.0 116.0 116.0 104.0 122.0 120.0 114.0 110.0 116.0 121.0 108.0 125.0 118.0 120.0 121.0 101.0 115.0 108.0 117.0 111.0 110.0 112.0 123.0 107.0 121.0 116.0 112.0 119.0 121.0 119.0 115.0 115.0 117.0 113.0 124.0 117.0 117.0 120.0 117.0 117.0 120.0 123.0 122.0 123.0 110.0 117.0 116.0 109.0 123.0 119.0 113.0 115.0 121.0 109.0 108.0 109.0 124.0 118.0 122.0 118.0 117.0 115.0 108.0 116.0 117.0 106.0 108.0 112.0 116.0 127.0 121.0 121.0 119.0 120.0 114.0 121.0 111.0 106.0 114.0 120.0 119.0 122.0 129.0 110.0 116.0 122.0 124.0 124.0 124.0 124.0 124.0 124.0 124.0 124.0 124.0 124.0 124.0 124.0 124.0 124.0 124.0 124.0 124.0 124.0 124.0 124.0 124.0 124.0 124.0 124.0 124.0 124.0 124.0 124.0 124.0 124.0 124.0 124.0 124.0 124.0 124.0 124.0 124.0 117.68641114982577 5.480983336396966
41 77.0 77.0 77.0 77.0 77.0 77.0 77.0 77.0 77.0 77.0 77.0 77.0 77.0 77.0 77.0 77.0 77.0 77.0 77.0 77.0 77.0 77.0 77.0 77.0 77.0 77.0 77.0 77.0 77.0 77.0 77.0 77.0 77.0 77.0 77.0 77.0 77.0 77.0 77.0 77.0 77.0 77.0 77.0 77.0 77.0 77.0 77.0 77.0 77.0 77.0 77.0 77.0 77.0 77.0 77.0 77.0 77.0 77.0 77.0 77.0 77.0 77.0 77.0 77.0 77.0 77.0 77.0 77.0 77.0 77.0 77.0 77.0 83.0 86.0 84.0 87.0 87.0 94.0 83.0 89.0 74.0 93.0 88.0 78.0 78.0 98.0 92.0 90.0 84.0 83.0 86.0 78.0 74.0 84.0 82.0 82.0 74.0 80.0 91.0 75.0 72.0 85.0 74.0 85.0 82.0 84.0 87.0 82.0 82.0 81.0 85.0 85.0 89.0 91.0 80.0 80.0 88.0 83.0 93.0 90.0 100.0 89.0 83.0 77.0 80.0 78.0 75.0 80.0 84.0 71.0 87.0 87.0 78.0 76.0 82.0 92.0 89.0 87.0 74.0 92.0 80.0 84.0 76.0 77.0 76.0 94.0 88.0 71.0 99.0 89.0 85.0 73.0 87.0 86.0 94.0 100.0 85.0 83.0 123.0 75.0 79.0 85.0 80.0 86.0 81.0 81.0 84.0 73.0 81.0 92.0 85.0 85.0 90.0 90.0 73.0 85.0 86.0 84.0 85.0 72.0 97.0 76.0 80.0 77.0 79.0 75.0 79.0 78.0 83.0 86.0 80.0 81.0 97.0 84.0 90.0 84.0 83.0 79.0 89.0 86.0 84.0 83.0 77.0 86.0 87.0 82.0 89.0 83.0 75.0 83.0 85.0 76.0 89.0 78.0 82.0 82.0 82.0 78.0 88.0 79.0 81.0 88.0 88.0 83.0 84.0 70.0 77.0 80.0 80.0 78.0 78.0 84.0 96.0 92.0 84.0 88.0 98.0 85.0 83.0 74.0 78.0 77.0 87.0 90.0 90.0 95.0 87.0 84.0 88.0 103.0 93.0 93.0 93.0 93.0 93.0 93.0 93.0 93.0 93.0 93.0 93.0 93.0 93.0 93.0 93.0 93.0 93.0 93.0 93.0 93.0 93.0 93.0 93.0 93.0 93.0 93.0 93.0 93.0 93.0 93.0 93.0 93.0 93.0 93.0 93.0 93.0 93.0 83.35888501742161 7.295950319194852
42 659.0 659.0 659.0 659.0 659.0 659.0 659.0 659.0 659.0 659.0 659.0 659.0 659.0 659.0 659.0 659.0 659.0 659.0 659.0 659.0 659.0 659.0 659.0 659.0 659.0 659.0 659.0 659.0 659.0 659.0 659.0 659.0 659.0 659.0 659.0 659.0 659.0 659.0 659.0 659.0 659.0 659.0 659.0 659.0 659.0 659.0 659.0 659.0 659.0 659.0 659.0 659.0 659.0 659.0 659.0 659.0 659.0 659.0 659.0 659.0 659.0 659.0 659.0 659.0 659.0 659.0 659.0 659.0 659.0 659.0 659.0 659.0 702.0 692.0 661.0 678.0 666.0 652.0 646.0 647.0 611.0 637.0 605.0 665.0 723.0 640.0 657.0 616.0 632.0 654.0 675.0 653.0 642.0 612.0 593.0 582.0 626.0 648.0 560.0 542.0 594.0 600.0 622.0 655.0 661.0 623.0 649.0 640.0 647.0 684.0 648.0 656.0 658.0 628.0 599.0 630.0 671.0 627.0 636.0 684.0 661.0 612.0 595.0 612.0 647.0 629.0 622.0 613.0 568.0 610.0 658.0 616.0 607.0 623.0 674.0 648.0 638.0 629.0 620.0 659.0 676.0 648.0 602.0 606.0 613.0 721.0 691.0 633.0 670.0 575.0 633.0 588.0 685.0 660.0 666.0 650.0 626.0 653.0 634.0 652.0 637.0 615.0 649.0 644.0 663.0 567.0 562.0 632.0 693.0 673.0 681.0 668.0 637.0 587.0 601.0 645.0 659.0 615.0 603.0 593.0 593.0 615.0 610.0 604.0 612.0 609.0 585.0 636.0 671.0 677.0 667.0 682.0 686.0 656.0 662.0 648.0 662.0 682.0 612.0 654.0 645.0 641.0 654.0 645.0 632.0 560.0 606.0 611.0 583.0 598.0 670.0 655.0 624.0 619.0 629.0 677.0 606.0 615.0 644.0 688.0 759.0 688.0 662.0 644.0 568.0 578.0 625.0 636.0 628.0 645.0 663.0 675.0 616.0 622.0 653.0 656.0 652.0 627.0 585.0 574.0 692.0 669.0 687.0 677.0 667.0 653.0 674.0 648.0 664.0 679.0 668.0 668.0 668.0 668.0 668.0 668.0 668.0 668.0 668.0 668.0 668.0 668.0 668.0 668.0 668.0 668.0 668.0 668.0 668.0 668.0 668.0 668.0 668.0 668.0 668.0 668.0 668.0 668.0 668.0 668.0 668.0 668.0 668.0 668.0 668.0 668.0 668.0 647.4947735191638 29.881686404528736
43 744.0 744.0 744.0 744.0 744.0 744.0 744.0 744.0 744.0 744.0 744.0 744.0 744.0 744.0 744.0 744.0 744.0 744.0 744.0 744.0 744.0 744.0 744.0 744.0 744.0 744.0 744.0 744.0 744.0 744.0 744.0 744.0 744.0 744.0 744.0 744.0 744.0 744.0 744.0 744.0 744.0 744.0 744.0 744.0 744.0 744.0 744.0 744.0 744.0 744.0 744.0 744.0 744.0 744.0 744.0 744.0 744.0 744.0 744.0 744.0 744.0 744.0 744.0 744.0 744.0 744.0 744.0 744.0 744.0 744.0 744.0 744.0 747.0 779.0 747.0 743.0 723.0 728.0 702.0 713.0 680.0 649.0 723.0 731.0 725.0 713.0 700.0 715.0 759.0 748.0 716.0 692.0 737.0 669.0 702.0 741.0 636.0 614.0 620.0 631.0 665.0 727.0 776.0 742.0 704.0 707.0 714.0 759.0 688.0 733.0 701.0 725.0 669.0 684.0 746.0 676.0 680.0 698.0 727.0 673.0 659.0 657.0 745.0 706.0 678.0 667.0 711.0 689.0 700.0 669.0 665.0 671.0 689.0 680.0 663.0 661.0 686.0 658.0 679.0 660.0 659.0 659.0 684.0 745.0 634.0 654.0 734.0 724.0 719.0 737.0 733.0 773.0 694.0 701.0 688.0 713.0 719.0 708.0 691.0 698.0 719.0 743.0 756.0 609.0 669.0 646.0 748.0 735.0 750.0 753.0 655.0 662.0 790.0 731.0 675.0 651.0 660.0 699.0 692.0 666.0 699.0 695.0 704.0 647.0 628.0 697.0 721.0 696.0 718.0 731.0 741.0 737.0 726.0 727.0 714.0 705.0 685.0 694.0 715.0 684.0 662.0 687.0 651.0 638.0 640.0 647.0 621.0 652.0 726.0 712.0 673.0 683.0 702.0 765.0 691.0 689.0 706.0 774.0 759.0 710.0 718.0 713.0 653.0 661.0 703.0 707.0 719.0 734.0 754.0 733.0 735.0 729.0 669.0 666.0 644.0 731.0 729.0 676.0 708.0 747.0 745.0 757.0 746.0 719.0 696.0 806.0 729.0 710.0 728.0 757.0 788.0 788.0 788.0 788.0 788.0 788.0 788.0 788.0 788.0 788.0 788.0 788.0 788.0 788.0 788.0 788.0 788.0 788.0 788.0 788.0 788.0 788.0 788.0 788.0 788.0 788.0 788.0 788.0 788.0 788.0 788.0 788.0 788.0 788.0 788.0 788.0 788.0 723.8466898954705 42.656673551103985
44 182.0 182.0 182.0 182.0 182.0 182.0 182.0 182.0 182.0 182.0 182.0 182.0 182.0 182.0 182.0 182.0 182.0 182.0 182.0 182.0 182.0 182.0 182.0 182.0 182.0 182.0 182.0 182.0 182.0 182.0 182.0 182.0 182.0 182.0 182.0 182.0 182.0 182.0 182.0 182.0 182.0 182.0 182.0 182.0 182.0 182.0 182.0 182.0 182.0 182.0 182.0 182.0 182.0 182.0 182.0 182.0 182.0 182.0 182.0 182.0 182.0 182.0 182.0 182.0 182.0 182.0 182.0 182.0 182.0 182.0 182.0 182.0 185.0 175.0 182.0 174.0 168.0 173.0 172.0 169.0 157.0 158.0 187.0 169.0 171.0 166.0 179.0 174.0 181.0 170.0 168.0 163.0 184.0 182.0 179.0 152.0 160.0 157.0 161.0 176.0 173.0 169.0 159.0 185.0 166.0 178.0 173.0 164.0 175.0 176.0 173.0 164.0 164.0 172.0 165.0 167.0 179.0 174.0 166.0 157.0 179.0 169.0 169.0 166.0 176.0 159.0 167.0 164.0 159.0 158.0 168.0 168.0 177.0 157.0 164.0 161.0 160.0 169.0 159.0 164.0 170.0 156.0 181.0 152.0 175.0 174.0 180.0 172.0 171.0 173.0 181.0 176.0 168.0 167.0 168.0 184.0 176.0 166.0 165.0 180.0 182.0 179.0 163.0 168.0 172.0 180.0 180.0 180.0 178.0 161.0 157.0 173.0 182.0 180.0 157.0 156.0 174.0 168.0 170.0 175.0 166.0 178.0 152.0 165.0 165.0 181.0 167.0 179.0 175.0 174.0 183.0 177.0 172.0 181.0 184.0 162.0 179.0 172.0 166.0 164.0 181.0 165.0 156.0 170.0 157.0 159.0 179.0 166.0 178.0 163.0 168.0 173.0 176.0 180.0 155.0 180.0 203.0 169.0 172.0 166.0 173.0 155.0 177.0 169.0 172.0 174.0 176.0 183.0 176.0 178.0 159.0 174.0 177.0 158.0 176.0 177.0 173.0 174.0 188.0 186.0 181.0 183.0 169.0 187.0 170.0 164.0 178.0 173.0 167.0 177.0 185.0 185.0 185.0 185.0 185.0 185.0 185.0 185.0 185.0 185.0 185.0 185.0 185.0 185.0 185.0 185.0 185.0 185.0 185.0 185.0 185.0 185.0 185.0 185.0 185.0 185.0 185.0 185.0 185.0 185.0 185.0 185.0 185.0 185.0 185.0 185.0 185.0 175.62717770034845 9.028917802931234
45 654.0 654.0 654.0 654.0 654.0 654.0 654.0 654.0 654.0 654.0 654.0 654.0 654.0 654.0 654.0 654.0 654.0 654.0 654.0 654.0 654.0 654.0 654.0 654.0 654.0 654.0 654.0 654.0 654.0 654.0 654.0 654.0 654.0 654.0 654.0 654.0 654.0 654.0 654.0 654.0 654.0 654.0 654.0 654.0 654.0 654.0 654.0 654.0 654.0 654.0 654.0 654.0 654.0 654.0 654.0 654.0 654.0 654.0 654.0 654.0 654.0 654.0 654.0 654.0 654.0 654.0 654.0 654.0 654.0 654.0 654.0 654.0 645.0 642.0 616.0 621.0 619.0 623.0 625.0 579.0 569.0 630.0 624.0 623.0 599.0 603.0 617.0 620.0 605.0 605.0 595.0 584.0 567.0 560.0 553.0 553.0 551.0 548.0 620.0 622.0 626.0 645.0 624.0 626.0 600.0 593.0 621.0 615.0 613.0 594.0 585.0 586.0 604.0 596.0 618.0 632.0 613.0 577.0 580.0 627.0 627.0 613.0 627.0 584.0 587.0 593.0 594.0 568.0 588.0 625.0 583.0 584.0 568.0 584.0 573.0 589.0 602.0 568.0 581.0 624.0 644.0 604.0 584.0 596.0 641.0 640.0 632.0 638.0 667.0 643.0 643.0 611.0 578.0 581.0 638.0 608.0 622.0 606.0 635.0 645.0 594.0 542.0 559.0 600.0 591.0 629.0 630.0 609.0 574.0 576.0 621.0 614.0 605.0 564.0 581.0 622.0 625.0 618.0 615.0 596.0 596.0 577.0 586.0 631.0 626.0 621.0 618.0 620.0 638.0 644.0 623.0 625.0 650.0 575.0 584.0 617.0 622.0 589.0 579.0 624.0 573.0 567.0 623.0 569.0 558.0 581.0 639.0 603.0 601.0 603.0 606.0 628.0 606.0 572.0 702.0 597.0 618.0 626.0 634.0 607.0 600.0 589.0 619.0 622.0 634.0 663.0 639.0 641.0 633.0 601.0 619.0 595.0 582.0 594.0 593.0 600.0 640.0 552.0 578.0 653.0 632.0 565.0 593.0 592.0 620.0 616.0 615.0 622.0 639.0 651.0 653.0 653.0 653.0 653.0 653.0 653.0 653.0 653.0 653.0 653.0 653.0 653.0 653.0 653.0 653.0 653.0 653.0 653.0 653.0 653.0 653.0 653.0 653.0 653.0 653.0 653.0 653.0 653.0 653.0 653.0 653.0 653.0 653.0 653.0 653.0 653.0 653.0 624.6515679442508 31.038953464128614
46 419.0 419.0 419.0 419.0 419.0 419.0 419.0 419.0 419.0 419.0 419.0 419.0 419.0 419.0 419.0 419.0 419.0 419.0 419.0 419.0 419.0 419.0 419.0 419.0 419.0 419.0 419.0 419.0 419.0 419.0 419.0 419.0 419.0 419.0 419.0 419.0 419.0 419.0 419.0 419.0 419.0 419.0 419.0 419.0 419.0 419.0 419.0 419.0 419.0 419.0 419.0 419.0 419.0 419.0 419.0 419.0 419.0 419.0 419.0 419.0 419.0 419.0 419.0 419.0 419.0 419.0 419.0 419.0 419.0 419.0 419.0 419.0 403.0 399.0 416.0 399.0 402.0 392.0 386.0 398.0 394.0 418.0 448.0 399.0 410.0 383.0 394.0 411.0 399.0 398.0 389.0 351.0 352.0 344.0 371.0 354.0 372.0 406.0 393.0 409.0 405.0 412.0 408.0 369.0 360.0 373.0 411.0 397.0 378.0 372.0 411.0 403.0 389.0 416.0 381.0 380.0 370.0 398.0 400.0 425.0 406.0 420.0 386.0 363.0 413.0 379.0 352.0 381.0 386.0 348.0 356.0 372.0 391.0 384.0 376.0 401.0 392.0 412.0 423.0 419.0 402.0 377.0 411.0 406.0 391.0 411.0 418.0 421.0 388.0 415.0 356.0 349.0 417.0 413.0 400.0 386.0 406.0 392.0 371.0 378.0 360.0 380.0 413.0 395.0 426.0 411.0 373.0 368.0 397.0 432.0 391.0 400.0 380.0 404.0 400.0 397.0 411.0 392.0 399.0 368.0 370.0 412.0 409.0 415.0 388.0 386.0 410.0 402.0 387.0 393.0 413.0 408.0 380.0 392.0 398.0 400.0 392.0 390.0 400.0 364.0 384.0 370.0 364.0 371.0 395.0 373.0 388.0 394.0 394.0 401.0 416.0 376.0 380.0 423.0 405.0 423.0 409.0 406.0 382.0 368.0 389.0 384.0 412.0 406.0 422.0 409.0 408.0 395.0 395.0 401.0 383.0 390.0 390.0 399.0 390.0 357.0 333.0 422.0 411.0 374.0 399.0 395.0 369.0 395.0 400.0 420.0 410.0 422.0 429.0 412.0 422.0 422.0 422.0 422.0 422.0 422.0 422.0 422.0 422.0 422.0 422.0 422.0 422.0 422.0 422.0 422.0 422.0 422.0 422.0 422.0 422.0 422.0 422.0 422.0 422.0 422.0 422.0 422.0 422.0 422.0 422.0 422.0 422.0 422.0 422.0 422.0 422.0 403.6480836236934 20.23510904154093
47 247.0 247.0 247.0 247.0 247.0 247.0 247.0 247.0 247.0 247.0 247.0 247.0 247.0 247.0 247.0 247.0 247.0 247.0 247.0 247.0 247.0 247.0 247.0 247.0 247.0 247.0 247.0 247.0 247.0 247.0 247.0 247.0 247.0 247.0 247.0 247.0 247.0 247.0 247.0 247.0 247.0 247.0 247.0 247.0 247.0 247.0 247.0 247.0 247.0 247.0 247.0 247.0 247.0 247.0 247.0 247.0 247.0 247.0 247.0 247.0 247.0 247.0 247.0 247.0 247.0 247.0 247.0 247.0 247.0 247.0 247.0 247.0 231.0 277.0 237.0 245.0 232.0 229.0 252.0 235.0 242.0 251.0 238.0 232.0 232.0 241.0 239.0 259.0 228.0 233.0 209.0 216.0 214.0 227.0 211.0 221.0 237.0 230.0 251.0 246.0 235.0 219.0 233.0 221.0 211.0 247.0 238.0 222.0 212.0 243.0 248.0 244.0 248.0 239.0 229.0 216.0 234.0 226.0 235.0 258.0 259.0 219.0 213.0 226.0 208.0 218.0 244.0 238.0 206.0 220.0 214.0 279.0 219.0 218.0 231.0 238.0 237.0 242.0 237.0 245.0 239.0 236.0 227.0 234.0 247.0 232.0 245.0 243.0 220.0 218.0 210.0 250.0 242.0 231.0 235.0 241.0 240.0 268.0 234.0 227.0 229.0 223.0 249.0 248.0 253.0 226.0 216.0 243.0 227.0 258.0 224.0 206.0 237.0 239.0 223.0 236.0 231.0 239.0 221.0 226.0 261.0 248.0 239.0 233.0 228.0 248.0 230.0 229.0 253.0 241.0 238.0 228.0 227.0 230.0 231.0 220.0 236.0 224.0 219.0 264.0 209.0 215.0 212.0 217.0 243.0 226.0 233.0 243.0 236.0 242.0 235.0 240.0 245.0 236.0 239.0 233.0 234.0 221.0 207.0 229.0 223.0 244.0 240.0 259.0 245.0 241.0 224.0 231.0 236.0 220.0 240.0 239.0 213.0 271.0 296.0 202.0 246.0 244.0 224.0 245.0 235.0 215.0 229.0 239.0 235.0 236.0 248.0 253.0 212.0 270.0 254.0 254.0 254.0 254.0 254.0 254.0 254.0 254.0 254.0 254.0 254.0 254.0 254.0 254.0 254.0 254.0 254.0 254.0 254.0 254.0 254.0 254.0 254.0 254.0 254.0 254.0 254.0 254.0 254.0 254.0 254.0 254.0 254.0 254.0 254.0 254.0 254.0 240.05574912891987 14.042531301849277
48 167.0 167.0 167.0 167.0 167.0 167.0 167.0 167.0 167.0 167.0 167.0 167.0 167.0 167.0 167.0 167.0 167.0 167.0 167.0 167.0 167.0 167.0 167.0 167.0 167.0 167.0 167.0 167.0 167.0 167.0 167.0 167.0 167.0 167.0 167.0 167.0 167.0 167.0 167.0 167.0 167.0 167.0 167.0 167.0 167.0 167.0 167.0 167.0 167.0 167.0 167.0 167.0 167.0 167.0 167.0 167.0 167.0 167.0 167.0 167.0 167.0 167.0 167.0 167.0 167.0 167.0 167.0 167.0 167.0 167.0 167.0 167.0 174.0 174.0 171.0 176.0 171.0 180.0 175.0 173.0 188.0 165.0 164.0 174.0 168.0 168.0 165.0 168.0 160.0 140.0 174.0 143.0 180.0 151.0 155.0 170.0 167.0 181.0 176.0 171.0 176.0 177.0 168.0 142.0 178.0 168.0 160.0 150.0 163.0 176.0 170.0 176.0 172.0 167.0 158.0 157.0 168.0 165.0 165.0 173.0 175.0 151.0 161.0 166.0 157.0 155.0 165.0 160.0 148.0 169.0 166.0 156.0 155.0 162.0 168.0 168.0 172.0 167.0 178.0 182.0 172.0 174.0 173.0 172.0 177.0 165.0 162.0 157.0 171.0 164.0 161.0 174.0 170.0 164.0 176.0 174.0 172.0 171.0 162.0 159.0 175.0 162.0 183.0 174.0 166.0 154.0 166.0 172.0 168.0 166.0 157.0 166.0 171.0 170.0 172.0 172.0 166.0 165.0 160.0 180.0 174.0 180.0 158.0 166.0 174.0 163.0 167.0 174.0 173.0 178.0 169.0 173.0 169.0 173.0 151.0 163.0 172.0 161.0 163.0 155.0 156.0 155.0 155.0 173.0 162.0 166.0 174.0 166.0 173.0 172.0 175.0 192.0 160.0 177.0 171.0 176.0 173.0 145.0 166.0 163.0 182.0 173.0 173.0 173.0 176.0 167.0 169.0 169.0 163.0 167.0 174.0 156.0 168.0 176.0 157.0 157.0 183.0 159.0 167.0 177.0 161.0 152.0 169.0 172.0 149.0 164.0 187.0 171.0 152.0 175.0 175.0 175.0 175.0 175.0 175.0 175.0 175.0 175.0 175.0 175.0 175.0 175.0 175.0 175.0 175.0 175.0 175.0 175.0 175.0 175.0 175.0 175.0 175.0 175.0 175.0 175.0 175.0 175.0 175.0 175.0 175.0 175.0 175.0 175.0 175.0 175.0 175.0 168.3275261324042 7.501331477045288
49 6.0 6.0 6.0 6.0 6.0 6.0 6.0 6.0 6.0 6.0 6.0 6.0 6.0 6.0 6.0 6.0 6.0 6.0 6.0 6.0 6.0 6.0 6.0 6.0 6.0 6.0 6.0 6.0 6.0 6.0 6.0 6.0 6.0 6.0 6.0 6.0 6.0 6.0 6.0 6.0 6.0 6.0 6.0 6.0 6.0 6.0 6.0 6.0 6.0 6.0 6.0 6.0 6.0 6.0 6.0 6.0 6.0 6.0 6.0 6.0 6.0 6.0 6.0 6.0 6.0 6.0 6.0 6.0 6.0 6.0 6.0 6.0 6.0 6.0 6.0 6.0 6.0 6.0 6.0 6.0 6.0 6.0 6.0 6.0 5.0 5.0 5.0 5.0 5.0 5.0 5.0 4.0 4.0 5.0 5.0 5.0 5.0 5.0 6.0 5.0 5.0 5.0 5.0 4.0 6.0 6.0 5.0 5.0 5.0 5.0 6.0 6.0 6.0 6.0 5.0 5.0 5.0 5.0 6.0 6.0 5.0 5.0 5.0 6.0 5.0 5.0 5.0 5.0 5.0 4.0 4.0 4.0 5.0 5.0 5.0 5.0 5.0 5.0 6.0 6.0 6.0 6.0 6.0 6.0 5.0 5.0 6.0 5.0 5.0 5.0 5.0 5.0 5.0 5.0 5.0 6.0 6.0 6.0 5.0 5.0 5.0 6.0 6.0 6.0 6.0 5.0 5.0 5.0 5.0 5.0 5.0 5.0 5.0 5.0 5.0 5.0 5.0 5.0 5.0 5.0 5.0 5.0 5.0 6.0 6.0 6.0 6.0 6.0 6.0 6.0 6.0 6.0 5.0 5.0 5.0 5.0 5.0 5.0 5.0 5.0 5.0 4.0 5.0 5.0 5.0 6.0 6.0 5.0 5.0 5.0 5.0 5.0 5.0 5.0 5.0 5.0 5.0 4.0 4.0 4.0 4.0 4.0 4.0 4.0 4.0 4.0 5.0 5.0 5.0 5.0 6.0 5.0 6.0 6.0 5.0 6.0 6.0 5.0 5.0 5.0 6.0 6.0 5.0 5.0 5.0 5.0 5.0 5.0 5.0 5.0 5.0 5.0 5.0 5.0 5.0 5.0 5.0 5.0 5.0 5.0 5.0 5.0 5.0 5.0 5.0 5.0 5.0 5.0 5.0 5.0 5.0 5.0 5.0 5.0 5.0 5.0 5.0 5.0 5.0 5.0 5.0 5.0 5.0 5.0 5.0 5.0 5.0 5.383275261324041 0.590838331911352
50 406.0 406.0 406.0 406.0 406.0 406.0 406.0 406.0 406.0 406.0 406.0 406.0 406.0 406.0 406.0 406.0 406.0 406.0 406.0 406.0 406.0 406.0 406.0 406.0 406.0 406.0 406.0 406.0 406.0 406.0 406.0 406.0 406.0 406.0 406.0 406.0 406.0 406.0 406.0 406.0 406.0 406.0 406.0 406.0 406.0 406.0 406.0 406.0 406.0 406.0 406.0 406.0 406.0 406.0 406.0 406.0 406.0 406.0 406.0 406.0 406.0 406.0 406.0 406.0 406.0 406.0 406.0 406.0 406.0 406.0 406.0 406.0 418.0 409.0 393.0 384.0 382.0 415.0 418.0 422.0 387.0 382.0 398.0 390.0 404.0 374.0 380.0 366.0 346.0 369.0 359.0 356.0 362.0 360.0 376.0 397.0 402.0 419.0 406.0 399.0 391.0 408.0 396.0 375.0 388.0 376.0 367.0 368.0 414.0 410.0 414.0 411.0 391.0 380.0 383.0 404.0 390.0 397.0 409.0 411.0 363.0 367.0 383.0 351.0 361.0 403.0 397.0 350.0 368.0 382.0 400.0 372.0 383.0 406.0 405.0 394.0 382.0 391.0 422.0 409.0 416.0 427.0 414.0 413.0 388.0 393.0 378.0 373.0 360.0 398.0 433.0 403.0 394.0 404.0 411.0 409.0 406.0 371.0 363.0 402.0 391.0 413.0 410.0 393.0 369.0 384.0 397.0 402.0 378.0 371.0 372.0 393.0 400.0 387.0 394.0 390.0 406.0 381.0 386.0 408.0 398.0 389.0 380.0 388.0 390.0 373.0 404.0 415.0 407.0 382.0 395.0 406.0 413.0 361.0 377.0 392.0 383.0 379.0 394.0 381.0 372.0 380.0 388.0 391.0 392.0 404.0 408.0 437.0 422.0 403.0 427.0 400.0 420.0 409.0 406.0 394.0 363.0 349.0 389.0 409.0 414.0 416.0 412.0 418.0 387.0 374.0 379.0 370.0 365.0 407.0 382.0 374.0 414.0 368.0 369.0 417.0 394.0 381.0 417.0 388.0 374.0 403.0 404.0 386.0 397.0 436.0 360.0 369.0 390.0 412.0 415.0 415.0 415.0 415.0 415.0 415.0 415.0 415.0 415.0 415.0 415.0 415.0 415.0 415.0 415.0 415.0 415.0 415.0 415.0 415.0 415.0 415.0 415.0 415.0 415.0 415.0 415.0 415.0 415.0 415.0 415.0 415.0 415.0 415.0 415.0 415.0 415.0 398.4668989547038 17.2935813651716
51 289.0 289.0 289.0 289.0 289.0 289.0 289.0 289.0 289.0 289.0 289.0 289.0 289.0 289.0 289.0 289.0 289.0 289.0 289.0 289.0 289.0 289.0 289.0 289.0 289.0 289.0 289.0 289.0 289.0 289.0 289.0 289.0 289.0 289.0 289.0 289.0 289.0 289.0 289.0 289.0 289.0 289.0 289.0 289.0 289.0 289.0 289.0 289.0 289.0 289.0 289.0 289.0 289.0 289.0 289.0 289.0 289.0 289.0 289.0 289.0 289.0 289.0 289.0 289.0 289.0 289.0 289.0 289.0 289.0 289.0 289.0 289.0 280.0 284.0 262.0 273.0 288.0 294.0 302.0 272.0 280.0 273.0 277.0 283.0 285.0 276.0 260.0 292.0 271.0 248.0 256.0 274.0 266.0 265.0 277.0 287.0 287.0 282.0 274.0 275.0 267.0 267.0 296.0 274.0 264.0 264.0 274.0 295.0 286.0 290.0 289.0 284.0 263.0 267.0 276.0 272.0 276.0 278.0 283.0 265.0 265.0 280.0 244.0 258.0 281.0 265.0 256.0 258.0 269.0 284.0 271.0 265.0 284.0 283.0 284.0 282.0 292.0 293.0 282.0 294.0 297.0 291.0 289.0 283.0 255.0 267.0 284.0 250.0 273.0 281.0 302.0 280.0 288.0 289.0 292.0 288.0 268.0 264.0 278.0 282.0 290.0 285.0 268.0 261.0 267.0 264.0 265.0 260.0 263.0 253.0 274.0 274.0 272.0 284.0 275.0 282.0 271.0 279.0 284.0 283.0 266.0 277.0 275.0 267.0 270.0 285.0 292.0 278.0 266.0 277.0 288.0 287.0 267.0 250.0 270.0 260.0 263.0 292.0 283.0 264.0 266.0 276.0 279.0 277.0 295.0 278.0 286.0 281.0 278.0 284.0 283.0 295.0 277.0 280.0 278.0 243.0 245.0 259.0 281.0 295.0 289.0 288.0 297.0 274.0 265.0 293.0 257.0 260.0 287.0 262.0 268.0 297.0 259.0 266.0 297.0 275.0 267.0 289.0 287.0 262.0 277.0 285.0 273.0 283.0 305.0 275.0 254.0 286.0 329.0 300.0 301.0 301.0 301.0 301.0 301.0 301.0 301.0 301.0 301.0 301.0 301.0 301.0 301.0 301.0 301.0 301.0 301.0 301.0 301.0 301.0 301.0 301.0 301.0 301.0 301.0 301.0 301.0 301.0 301.0 301.0 301.0 301.0 301.0 301.0 301.0 301.0 301.0 282.86411149825784 13.595775303872847
52 157.0 157.0 157.0 157.0 157.0 157.0 157.0 157.0 157.0 157.0 157.0 157.0 157.0 157.0 157.0 157.0 157.0 157.0 157.0 157.0 157.0 157.0 157.0 157.0 157.0 157.0 157.0 157.0 157.0 157.0 157.0 157.0 157.0 157.0 157.0 157.0 157.0 157.0 157.0 157.0 157.0 157.0 157.0 157.0 157.0 157.0 157.0 157.0 157.0 157.0 157.0 157.0 157.0 157.0 157.0 157.0 157.0 157.0 157.0 157.0 157.0 157.0 157.0 157.0 157.0 157.0 157.0 157.0 157.0 157.0 157.0 157.0 172.0 170.0 163.0 189.0 169.0 129.0 160.0 174.0 165.0 183.0 154.0 164.0 155.0 149.0 132.0 189.0 207.0 161.0 181.0 149.0 156.0 150.0 184.0 170.0 149.0 158.0 155.0 148.0 157.0 225.0 165.0 159.0 146.0 153.0 168.0 178.0 170.0 162.0 163.0 181.0 144.0 157.0 161.0 174.0 160.0 145.0 180.0 166.0 152.0 171.0 142.0 171.0 165.0 135.0 140.0 134.0 151.0 170.0 157.0 161.0 162.0 148.0 175.0 165.0 164.0 156.0 178.0 147.0 156.0 166.0 157.0 171.0 157.0 168.0 144.0 150.0 194.0 167.0 178.0 157.0 167.0 160.0 173.0 176.0 133.0 156.0 154.0 168.0 162.0 180.0 177.0 144.0 159.0 161.0 148.0 156.0 145.0 151.0 170.0 160.0 178.0 159.0 173.0 170.0 139.0 182.0 161.0 150.0 165.0 148.0 154.0 150.0 165.0 179.0 151.0 186.0 155.0 160.0 168.0 164.0 141.0 209.0 140.0 144.0 157.0 174.0 169.0 157.0 144.0 184.0 160.0 178.0 171.0 170.0 163.0 156.0 167.0 152.0 176.0 172.0 161.0 192.0 195.0 146.0 234.0 152.0 159.0 163.0 192.0 162.0 184.0 155.0 145.0 186.0 155.0 166.0 182.0 137.0 169.0 179.0 146.0 186.0 189.0 151.0 172.0 181.0 182.0 170.0 156.0 195.0 162.0 172.0 189.0 148.0 181.0 255.0 186.0 223.0 165.0 165.0 165.0 165.0 165.0 165.0 165.0 165.0 165.0 165.0 165.0 165.0 165.0 165.0 165.0 165.0 165.0 165.0 165.0 165.0 165.0 165.0 165.0 165.0 165.0 165.0 165.0 165.0 165.0 165.0 165.0 165.0 165.0 165.0 165.0 165.0 165.0 163.1219512195122 14.80157000122313
53 118.0 118.0 118.0 118.0 118.0 118.0 118.0 118.0 118.0 118.0 118.0 118.0 118.0 118.0 118.0 118.0 118.0 118.0 118.0 118.0 118.0 118.0 118.0 118.0 118.0 118.0 118.0 118.0 118.0 118.0 118.0 118.0 118.0 118.0 118.0 118.0 118.0 118.0 118.0 118.0 118.0 118.0 118.0 118.0 118.0 118.0 118.0 118.0 118.0 118.0 118.0 118.0 118.0 118.0 118.0 118.0 118.0 118.0 118.0 118.0 118.0 118.0 118.0 118.0 118.0 118.0 118.0 118.0 118.0 118.0 118.0 118.0 47.0 46.0 77.0 49.0 56.0 37.0 53.0 34.0 31.0 43.0 43.0 44.0 35.0 49.0 31.0 71.0 47.0 62.0 48.0 42.0 53.0 60.0 87.0 41.0 58.0 47.0 37.0 62.0 90.0 81.0 47.0 44.0 51.0 65.0 56.0 66.0 44.0 53.0 79.0 46.0 54.0 63.0 142.0 74.0 81.0 57.0 74.0 50.0 57.0 56.0 66.0 53.0 51.0 33.0 47.0 47.0 45.0 47.0 69.0 79.0 58.0 67.0 60.0 61.0 57.0 54.0 41.0 59.0 85.0 37.0 26.0 65.0 68.0 129.0 35.0 87.0 120.0 48.0 64.0 69.0 44.0 54.0 53.0 57.0 56.0 64.0 49.0 67.0 77.0 52.0 40.0 96.0 36.0 91.0 54.0 62.0 71.0 40.0 40.0 63.0 55.0 53.0 76.0 50.0 49.0 61.0 53.0 42.0 45.0 45.0 42.0 63.0 47.0 47.0 96.0 41.0 55.0 90.0 75.0 62.0 57.0 55.0 47.0 78.0 66.0 30.0 38.0 48.0 46.0 44.0 46.0 46.0 39.0 52.0 52.0 41.0 43.0 59.0 44.0 41.0 71.0 61.0 47.0 74.0 74.0 45.0 48.0 48.0 48.0 47.0 45.0 53.0 59.0 46.0 57.0 38.0 40.0 111.0 51.0 40.0 191.0 68.0 52.0 53.0 45.0 100.0 42.0 44.0 44.0 37.0 57.0 57.0 54.0 42.0 100.0 100.0 84.0 60.0 57.0 57.0 57.0 57.0 57.0 57.0 57.0 57.0 57.0 57.0 57.0 57.0 57.0 57.0 57.0 57.0 57.0 57.0 57.0 57.0 57.0 57.0 57.0 57.0 57.0 57.0 57.0 57.0 57.0 57.0 57.0 57.0 57.0 57.0 57.0 57.0 57.0 72.71777003484316 30.998315957688153
END
#################################################################
SECTION3 (Edges Information)
EndPoint0 EndPoint1 Weight
0 1 1.000000
1 2 1.000000
2 3 1.000000
3 4 1.000000
4 5 1.000000
5 6 1.000000
6 7 1.000000
7 8 1.000000
8 9 1.000000
9 10 1.000000
10 11 1.000000
11 12 1.000000
12 13 1.000000
13 14 1.000000
14 15 1.000000
15 16 1.000000
16 17 1.000000
17 18 1.000000
18 19 1.000000
19 20 1.000000
20 21 1.000000
21 22 1.000000
22 23 1.000000
23 24 1.000000
24 25 1.000000
25 26 1.000000
26 27 1.000000
27 28 1.000000
28 29 1.000000
29 30 1.000000
30 31 1.000000
31 32 1.000000
32 33 1.000000
33 34 1.000000
34 35 1.000000
35 36 1.000000
36 37 1.000000
37 38 1.000000
38 39 1.000000
39 40 1.000000
40 41 1.000000
41 42 1.000000
42 43 1.000000
43 44 1.000000
44 45 1.000000
45 46 1.000000
46 47 1.000000
47 48 1.000000
48 49 1.000000
49 50 1.000000
50 51 1.000000
51 52 1.000000
52 53 1.000000
END
#################################################################
SECTION4 (TrueSubGraph Information)
EndPoint0 EndPoint1 Weight
END
#################################################################
