#################################################################
#APDM Input Graph, this input graph includes 3 sections:
#section1 : general information
#section2 : nodes
#section3 : edges
#section4 : trueSubGraph (Optional)
#
#if nodes haven't information set weight to null
#################################################################
SECTION1 (General Information)
numNodes = 54
numEdges = 53
usedAlgorithm = NULL
dataSource = TransWeatherRealData
END
#################################################################
SECTION2 (Nodes Information)
NodeID travelTime  mean  std 
0 57.0 99.0 60.0 60.0 62.0 66.0 53.0 53.0 53.0 63.0 78.0 78.0 78.0 82.0 68.0 69.0 70.0 77.0 79.0 67.0 68.0 60.0 66.0 51.0 65.0 65.0 86.0 84.0 68.0 68.0 73.0 77.0 85.0 85.0 77.0 65.0 69.0 69.0 62.0 82.0 71.0 69.0 89.0 88.0 85.0 90.0 81.0 97.0 70.0 70.0 64.0 70.0 55.0 53.0 53.0 57.0 57.0 62.0 50.0 57.0 49.0 54.0 48.0 52.0 54.0 54.0 51.0 55.0 50.0 50.0 51.0 51.0 52.0 51.0 54.0 47.0 57.0 55.0 54.0 52.0 57.0 54.0 46.0 50.0 49.0 51.0 51.0 53.0 51.0 52.0 51.0 55.0 58.0 56.0 50.0 52.0 53.0 52.0 54.0 52.0 61.0 53.0 53.0 52.0 53.0 53.0 51.0 57.0 55.0 44.0 53.0 53.0 51.0 54.0 51.0 54.0 54.0 51.0 52.0 53.0 50.0 54.0 53.0 47.0 52.0 47.0 50.0 49.0 54.0 50.0 49.0 52.0 52.0 62.0 52.0 55.0 54.0 51.0 46.0 52.0 54.0 51.0 54.0 52.0 47.0 44.0 47.0 53.0 50.0 49.0 50.0 46.0 54.0 53.0 50.0 53.0 51.0 58.0 43.0 53.0 54.0 52.0 54.0 47.0 64.0 52.0 52.0 48.0 51.0 50.0 52.0 52.0 52.0 52.0 52.0 51.0 66.0 55.0 49.0 49.0 50.0 50.0 50.0 49.0 59.0 51.0 52.0 51.0 53.0 53.0 51.0 53.0 49.0 53.0 50.0 53.0 48.0 48.0 55.0 53.0 54.0 52.0 53.0 48.0 56.0 47.0 49.0 52.0 55.0 50.0 51.0 53.0 55.0 52.0 53.0 59.0 59.0 52.0 57.0 61.0 61.0 49.0 54.0 54.0 58.0 57.0 66.0 56.0 71.0 60.0 61.0 59.0 59.0 59.0 63.0 62.0 54.0 54.0 62.0 59.0 69.0 58.0 61.0 56.0 66.0 63.0 59.0 61.0 53.0 56.0 62.0 60.0 55.0 65.0 61.0 60.0 58.0 68.0 68.0 68.0 59.0 76.0 62.0 60.0 70.0 409.0 59.0 81.0 69.0 71.0 130.0 85.0 85.0 64.0 64.0 58.0 73.0 73.0 73.0 57.0 57.0 57.0 57.0 57.0 57.0 57.0 57.0 59.61324041811845 23.383102326851557
1 326.0 314.0 332.0 339.0 405.0 381.0 443.0 324.0 382.0 352.0 355.0 360.0 307.0 342.0 348.0 334.0 365.0 334.0 366.0 353.0 316.0 336.0 401.0 294.0 324.0 361.0 302.0 445.0 368.0 379.0 316.0 342.0 408.0 375.0 352.0 342.0 366.0 337.0 321.0 324.0 282.0 293.0 332.0 299.0 413.0 306.0 313.0 327.0 327.0 296.0 312.0 274.0 289.0 305.0 306.0 299.0 301.0 306.0 269.0 273.0 276.0 264.0 263.0 262.0 270.0 264.0 266.0 275.0 304.0 265.0 252.0 252.0 263.0 269.0 266.0 258.0 271.0 268.0 268.0 275.0 251.0 264.0 286.0 252.0 275.0 266.0 273.0 311.0 348.0 444.0 475.0 465.0 455.0 384.0 392.0 427.0 433.0 418.0 370.0 364.0 377.0 378.0 321.0 310.0 282.0 245.0 267.0 272.0 235.0 239.0 271.0 270.0 265.0 268.0 264.0 273.0 252.0 272.0 267.0 258.0 261.0 265.0 266.0 255.0 251.0 261.0 271.0 262.0 257.0 267.0 246.0 256.0 309.0 314.0 267.0 265.0 257.0 254.0 259.0 255.0 247.0 263.0 252.0 270.0 253.0 249.0 277.0 259.0 263.0 262.0 272.0 273.0 277.0 263.0 256.0 261.0 238.0 253.0 230.0 259.0 272.0 261.0 288.0 242.0 260.0 261.0 268.0 255.0 277.0 244.0 270.0 267.0 255.0 264.0 256.0 255.0 278.0 262.0 268.0 268.0 240.0 257.0 258.0 272.0 270.0 254.0 248.0 254.0 253.0 260.0 273.0 271.0 264.0 265.0 255.0 245.0 251.0 242.0 255.0 279.0 266.0 268.0 257.0 265.0 243.0 253.0 279.0 252.0 266.0 266.0 278.0 283.0 297.0 262.0 266.0 331.0 707.0 467.0 545.0 616.0 917.0 613.0 355.0 441.0 339.0 341.0 306.0 337.0 332.0 326.0 310.0 363.0 347.0 335.0 336.0 334.0 335.0 308.0 333.0 313.0 306.0 309.0 289.0 306.0 297.0 338.0 337.0 312.0 324.0 361.0 352.0 346.0 312.0 344.0 388.0 367.0 300.0 309.0 428.0 358.0 320.0 317.0 305.0 308.0 314.0 296.0 280.0 323.0 288.0 284.0 304.0 296.0 295.0 307.0 298.0 321.0 295.0 328.0 303.0 304.0 317.0 317.0 291.0 282.0 311.0 355.0 265.0 307.9790940766551 72.03170131949287
2 53.0 53.0 70.0 129.0 53.0 52.0 52.0 59.0 61.0 52.0 52.0 52.0 55.0 54.0 51.0 57.0 57.0 54.0 54.0 55.0 55.0 57.0 57.0 52.0 52.0 54.0 59.0 59.0 54.0 53.0 53.0 55.0 58.0 54.0 56.0 54.0 47.0 53.0 60.0 51.0 49.0 80.0 80.0 53.0 53.0 53.0 61.0 52.0 52.0 54.0 48.0 47.0 47.0 52.0 50.0 52.0 59.0 50.0 63.0 59.0 59.0 48.0 52.0 51.0 55.0 52.0 55.0 74.0 54.0 49.0 47.0 49.0 60.0 50.0 46.0 51.0 51.0 52.0 56.0 54.0 47.0 50.0 47.0 50.0 52.0 55.0 53.0 58.0 56.0 56.0 72.0 67.0 212.0 106.0 71.0 97.0 112.0 139.0 123.0 82.0 87.0 60.0 56.0 54.0 52.0 51.0 58.0 63.0 48.0 56.0 62.0 54.0 60.0 63.0 54.0 67.0 49.0 58.0 58.0 51.0 52.0 54.0 52.0 57.0 49.0 52.0 50.0 67.0 54.0 51.0 53.0 51.0 73.0 53.0 48.0 48.0 49.0 57.0 50.0 52.0 51.0 54.0 55.0 57.0 53.0 50.0 50.0 59.0 53.0 52.0 55.0 62.0 56.0 47.0 55.0 51.0 47.0 49.0 44.0 55.0 53.0 53.0 57.0 52.0 50.0 49.0 51.0 50.0 48.0 51.0 51.0 52.0 51.0 54.0 52.0 54.0 56.0 51.0 57.0 52.0 52.0 52.0 53.0 50.0 51.0 50.0 48.0 48.0 50.0 50.0 53.0 49.0 57.0 50.0 53.0 46.0 48.0 50.0 53.0 52.0 52.0 48.0 50.0 59.0 50.0 49.0 55.0 48.0 51.0 54.0 54.0 53.0 53.0 49.0 51.0 53.0 54.0 68.0 53.0 81.0 58.0 50.0 51.0 54.0 53.0 57.0 56.0 55.0 56.0 58.0 54.0 53.0 56.0 57.0 59.0 63.0 58.0 58.0 54.0 55.0 61.0 55.0 56.0 56.0 55.0 55.0 55.0 51.0 57.0 53.0 47.0 50.0 55.0 58.0 62.0 51.0 50.0 51.0 58.0 94.0 58.0 55.0 55.0 71.0 71.0 52.0 62.0 53.0 48.0 59.0 59.0 59.0 54.0 55.0 59.0 52.0 56.0 56.0 58.0 59.0 59.0 59.0 52.0 54.0 50.0 50.0 51.0 56.637630662020904 14.576817689297915
3 277.0 298.0 293.0 299.0 295.0 361.0 285.0 314.0 291.0 294.0 288.0 303.0 303.0 302.0 304.0 308.0 287.0 289.0 303.0 298.0 311.0 319.0 266.0 284.0 311.0 297.0 331.0 311.0 308.0 296.0 290.0 334.0 318.0 300.0 302.0 299.0 282.0 290.0 298.0 293.0 290.0 300.0 283.0 273.0 304.0 282.0 286.0 346.0 308.0 283.0 240.0 334.0 268.0 278.0 296.0 295.0 295.0 285.0 288.0 276.0 274.0 273.0 296.0 287.0 296.0 286.0 293.0 275.0 281.0 259.0 255.0 291.0 281.0 276.0 270.0 266.0 288.0 282.0 282.0 264.0 264.0 263.0 252.0 270.0 274.0 279.0 302.0 270.0 272.0 284.0 250.0 281.0 306.0 330.0 305.0 298.0 293.0 270.0 438.0 282.0 288.0 267.0 292.0 284.0 253.0 282.0 284.0 253.0 253.0 285.0 284.0 290.0 282.0 284.0 288.0 261.0 269.0 291.0 273.0 280.0 282.0 285.0 277.0 266.0 264.0 275.0 309.0 308.0 283.0 282.0 285.0 274.0 283.0 279.0 251.0 259.0 274.0 282.0 293.0 267.0 269.0 293.0 283.0 269.0 269.0 283.0 271.0 279.0 271.0 289.0 287.0 316.0 256.0 256.0 283.0 285.0 289.0 246.0 244.0 296.0 285.0 291.0 300.0 295.0 267.0 280.0 290.0 269.0 276.0 297.0 282.0 283.0 267.0 271.0 257.0 293.0 276.0 273.0 279.0 262.0 268.0 275.0 282.0 279.0 265.0 273.0 288.0 290.0 283.0 291.0 272.0 266.0 281.0 281.0 248.0 252.0 261.0 254.0 258.0 278.0 281.0 267.0 269.0 257.0 255.0 297.0 297.0 283.0 263.0 267.0 285.0 296.0 272.0 264.0 268.0 245.0 286.0 296.0 280.0 289.0 266.0 269.0 286.0 291.0 301.0 294.0 299.0 291.0 304.0 295.0 298.0 293.0 292.0 305.0 330.0 273.0 286.0 306.0 290.0 287.0 301.0 291.0 296.0 269.0 290.0 284.0 318.0 305.0 307.0 298.0 280.0 277.0 274.0 301.0 301.0 263.0 287.0 294.0 305.0 297.0 305.0 293.0 295.0 334.0 323.0 287.0 289.0 283.0 264.0 292.0 346.0 309.0 292.0 290.0 278.0 259.0 263.0 299.0 274.0 274.0 289.0 271.0 283.0 271.0 283.0 283.0 302.0 285.4878048780488 20.39485291891491
4 224.0 230.0 225.0 214.0 219.0 220.0 225.0 236.0 247.0 223.0 232.0 243.0 218.0 231.0 222.0 211.0 222.0 233.0 223.0 235.0 229.0 281.0 215.0 256.0 238.0 221.0 366.0 230.0 222.0 238.0 281.0 228.0 225.0 283.0 274.0 229.0 214.0 215.0 226.0 215.0 240.0 253.0 298.0 234.0 247.0 222.0 215.0 219.0 290.0 190.0 201.0 216.0 221.0 235.0 225.0 298.0 239.0 215.0 212.0 208.0 212.0 222.0 231.0 217.0 245.0 222.0 210.0 224.0 206.0 207.0 218.0 221.0 209.0 215.0 226.0 210.0 218.0 220.0 223.0 224.0 213.0 208.0 203.0 216.0 218.0 228.0 224.0 219.0 214.0 191.0 197.0 227.0 219.0 208.0 209.0 215.0 224.0 190.0 205.0 238.0 230.0 223.0 228.0 223.0 225.0 224.0 237.0 197.0 223.0 223.0 229.0 238.0 239.0 229.0 238.0 212.0 240.0 239.0 219.0 234.0 224.0 235.0 231.0 251.0 216.0 233.0 245.0 223.0 237.0 227.0 240.0 234.0 228.0 227.0 218.0 240.0 226.0 234.0 225.0 233.0 253.0 223.0 217.0 229.0 231.0 300.0 220.0 236.0 254.0 214.0 240.0 226.0 207.0 251.0 246.0 236.0 229.0 222.0 233.0 231.0 263.0 245.0 224.0 218.0 229.0 228.0 229.0 222.0 236.0 265.0 230.0 262.0 235.0 231.0 247.0 235.0 219.0 260.0 230.0 239.0 237.0 232.0 379.0 313.0 359.0 530.0 364.0 298.0 376.0 318.0 244.0 227.0 224.0 241.0 201.0 201.0 243.0 215.0 205.0 219.0 201.0 212.0 225.0 199.0 212.0 221.0 225.0 240.0 204.0 233.0 220.0 227.0 200.0 201.0 194.0 212.0 229.0 223.0 220.0 231.0 226.0 226.0 229.0 237.0 212.0 217.0 196.0 251.0 235.0 225.0 225.0 229.0 233.0 235.0 244.0 233.0 216.0 216.0 224.0 217.0 220.0 222.0 210.0 207.0 220.0 220.0 219.0 229.0 222.0 211.0 217.0 199.0 215.0 218.0 230.0 200.0 225.0 227.0 224.0 225.0 249.0 224.0 223.0 207.0 273.0 224.0 227.0 203.0 216.0 211.0 228.0 238.0 217.0 218.0 236.0 192.0 243.0 232.0 221.0 221.0 215.0 223.0 213.0 191.0 191.0 222.0 250.0 230.71080139372822 32.12459335628347
5 290.0 303.0 276.0 289.0 284.0 280.0 302.0 332.0 285.0 298.0 307.0 284.0 321.0 303.0 270.0 282.0 291.0 289.0 294.0 299.0 301.0 274.0 300.0 309.0 298.0 298.0 298.0 286.0 282.0 287.0 294.0 289.0 276.0 286.0 275.0 283.0 281.0 276.0 280.0 306.0 289.0 309.0 304.0 304.0 297.0 275.0 280.0 271.0 253.0 245.0 270.0 285.0 289.0 299.0 264.0 295.0 277.0 283.0 281.0 277.0 283.0 290.0 274.0 268.0 283.0 269.0 287.0 264.0 256.0 279.0 287.0 273.0 273.0 276.0 266.0 279.0 279.0 288.0 288.0 274.0 278.0 263.0 276.0 275.0 292.0 282.0 286.0 275.0 256.0 256.0 279.0 277.0 277.0 271.0 277.0 279.0 274.0 294.0 292.0 294.0 295.0 296.0 267.0 281.0 294.0 261.0 280.0 301.0 278.0 299.0 301.0 299.0 302.0 283.0 279.0 291.0 280.0 298.0 297.0 300.0 276.0 289.0 303.0 292.0 309.0 287.0 303.0 287.0 300.0 296.0 298.0 311.0 279.0 280.0 280.0 284.0 305.0 290.0 297.0 296.0 302.0 278.0 285.0 298.0 302.0 302.0 283.0 281.0 305.0 286.0 295.0 282.0 288.0 303.0 292.0 293.0 304.0 302.0 301.0 304.0 301.0 306.0 289.0 283.0 294.0 279.0 298.0 301.0 291.0 291.0 307.0 307.0 301.0 290.0 291.0 281.0 307.0 295.0 276.0 295.0 284.0 281.0 331.0 292.0 321.0 324.0 335.0 327.0 316.0 309.0 359.0 296.0 298.0 276.0 242.0 294.0 271.0 282.0 291.0 281.0 272.0 287.0 258.0 273.0 291.0 287.0 292.0 266.0 276.0 290.0 288.0 263.0 267.0 249.0 258.0 291.0 299.0 271.0 273.0 291.0 284.0 294.0 284.0 277.0 267.0 276.0 284.0 290.0 298.0 296.0 292.0 289.0 307.0 262.0 291.0 282.0 274.0 288.0 283.0 286.0 286.0 283.0 278.0 289.0 277.0 298.0 287.0 293.0 278.0 287.0 267.0 283.0 289.0 296.0 266.0 263.0 289.0 284.0 288.0 292.0 294.0 298.0 287.0 289.0 292.0 285.0 267.0 282.0 330.0 359.0 293.0 286.0 284.0 294.0 270.0 265.0 276.0 297.0 284.0 266.0 277.0 279.0 268.0 268.0 287.0 299.0 293.0 287.47386759581883 15.634321444097697
6 18.0 18.0 18.0 18.0 18.0 18.0 18.0 18.0 18.0 17.0 16.0 16.0 18.0 18.0 18.0 18.0 18.0 18.0 18.0 18.0 18.0 18.0 18.0 18.0 18.0 18.0 18.0 18.0 16.0 16.0 17.0 17.0 17.0 17.0 17.0 17.0 17.0 18.0 18.0 18.0 15.0 15.0 15.0 15.0 15.0 15.0 15.0 15.0 14.0 14.0 14.0 17.0 17.0 17.0 17.0 16.0 15.0 15.0 15.0 15.0 16.0 16.0 16.0 16.0 16.0 16.0 16.0 16.0 15.0 15.0 17.0 17.0 15.0 16.0 16.0 15.0 15.0 15.0 15.0 15.0 15.0 15.0 15.0 16.0 17.0 15.0 15.0 15.0 14.0 14.0 16.0 16.0 16.0 16.0 14.0 16.0 15.0 15.0 17.0 16.0 16.0 16.0 16.0 16.0 15.0 14.0 16.0 17.0 16.0 18.0 15.0 16.0 16.0 14.0 15.0 15.0 16.0 16.0 17.0 17.0 15.0 17.0 15.0 15.0 16.0 16.0 16.0 16.0 16.0 14.0 17.0 17.0 16.0 14.0 16.0 15.0 15.0 15.0 15.0 17.0 16.0 16.0 15.0 16.0 16.0 15.0 15.0 15.0 15.0 16.0 15.0 17.0 16.0 16.0 16.0 16.0 16.0 16.0 15.0 17.0 15.0 18.0 15.0 15.0 15.0 15.0 15.0 16.0 16.0 16.0 16.0 16.0 16.0 17.0 16.0 16.0 15.0 18.0 14.0 16.0 16.0 15.0 15.0 15.0 17.0 15.0 16.0 18.0 15.0 17.0 17.0 17.0 14.0 13.0 14.0 14.0 14.0 16.0 16.0 14.0 15.0 15.0 14.0 16.0 16.0 16.0 16.0 16.0 16.0 16.0 16.0 15.0 15.0 14.0 16.0 15.0 15.0 16.0 16.0 16.0 16.0 16.0 18.0 18.0 18.0 15.0 15.0 15.0 15.0 16.0 16.0 16.0 16.0 16.0 16.0 16.0 15.0 16.0 16.0 16.0 16.0 15.0 15.0 17.0 17.0 17.0 17.0 17.0 17.0 17.0 16.0 16.0 17.0 17.0 16.0 15.0 16.0 16.0 16.0 16.0 16.0 17.0 17.0 17.0 16.0 16.0 16.0 16.0 16.0 16.0 19.0 19.0 19.0 18.0 14.0 17.0 17.0 17.0 17.0 15.0 15.0 15.0 15.0 15.0 15.0 15.0 15.0 16.020905923344948 1.155519688218206
7 342.0 315.0 319.0 316.0 331.0 436.0 380.0 404.0 333.0 363.0 405.0 355.0 357.0 321.0 361.0 334.0 337.0 348.0 391.0 397.0 352.0 514.0 517.0 327.0 660.0 337.0 394.0 328.0 345.0 358.0 329.0 364.0 340.0 321.0 332.0 331.0 326.0 335.0 346.0 335.0 345.0 353.0 350.0 365.0 331.0 343.0 343.0 313.0 312.0 334.0 364.0 355.0 356.0 290.0 332.0 322.0 338.0 302.0 330.0 339.0 328.0 328.0 330.0 337.0 324.0 397.0 291.0 312.0 316.0 323.0 331.0 323.0 325.0 303.0 337.0 354.0 336.0 343.0 332.0 335.0 310.0 343.0 327.0 358.0 351.0 322.0 309.0 289.0 288.0 313.0 325.0 320.0 320.0 311.0 322.0 314.0 325.0 337.0 328.0 326.0 313.0 308.0 323.0 298.0 317.0 355.0 340.0 326.0 338.0 330.0 329.0 322.0 307.0 303.0 326.0 329.0 320.0 351.0 331.0 330.0 314.0 323.0 316.0 334.0 313.0 324.0 317.0 327.0 308.0 317.0 359.0 311.0 314.0 316.0 318.0 360.0 329.0 330.0 336.0 335.0 308.0 318.0 330.0 338.0 312.0 312.0 325.0 314.0 312.0 317.0 285.0 357.0 333.0 327.0 328.0 329.0 322.0 327.0 347.0 360.0 331.0 307.0 306.0 331.0 319.0 319.0 328.0 311.0 322.0 343.0 323.0 312.0 304.0 323.0 317.0 322.0 302.0 297.0 308.0 287.0 317.0 314.0 307.0 344.0 329.0 301.0 329.0 321.0 310.0 351.0 321.0 328.0 293.0 272.0 300.0 292.0 298.0 332.0 300.0 304.0 305.0 285.0 297.0 324.0 336.0 336.0 323.0 329.0 331.0 325.0 317.0 319.0 341.0 371.0 357.0 365.0 331.0 385.0 362.0 344.0 362.0 355.0 302.0 346.0 393.0 373.0 450.0 397.0 398.0 498.0 467.0 446.0 357.0 345.0 395.0 341.0 381.0 377.0 398.0 442.0 312.0 380.0 371.0 363.0 404.0 413.0 356.0 371.0 326.0 404.0 362.0 400.0 370.0 413.0 410.0 444.0 388.0 443.0 392.0 389.0 442.0 460.0 354.0 372.0 463.0 353.0 416.0 666.0 587.0 560.0 368.0 422.0 374.0 409.0 389.0 352.0 475.0 378.0 348.0 364.0 386.0 712.0 316.0 445.0 348.0 390.0 441.0 349.3937282229966 56.215385891025676
8 474.0 475.0 476.0 502.0 501.0 501.0 502.0 524.0 516.0 519.0 538.0 487.0 468.0 461.0 524.0 534.0 526.0 510.0 512.0 486.0 514.0 537.0 537.0 558.0 494.0 488.0 495.0 486.0 498.0 473.0 482.0 494.0 488.0 502.0 478.0 486.0 499.0 528.0 509.0 541.0 542.0 502.0 493.0 499.0 478.0 508.0 472.0 425.0 496.0 497.0 537.0 567.0 630.0 487.0 487.0 524.0 483.0 482.0 518.0 497.0 477.0 483.0 472.0 499.0 518.0 436.0 444.0 509.0 489.0 474.0 496.0 476.0 482.0 536.0 497.0 494.0 529.0 503.0 482.0 461.0 494.0 513.0 531.0 509.0 479.0 489.0 431.0 430.0 519.0 491.0 489.0 489.0 532.0 503.0 488.0 520.0 501.0 487.0 502.0 483.0 496.0 534.0 513.0 501.0 411.0 447.0 492.0 496.0 506.0 482.0 490.0 454.0 443.0 486.0 500.0 556.0 500.0 512.0 483.0 475.0 501.0 479.0 512.0 437.0 445.0 489.0 513.0 499.0 503.0 499.0 471.0 468.0 466.0 489.0 473.0 487.0 486.0 517.0 507.0 480.0 486.0 498.0 471.0 477.0 465.0 504.0 482.0 483.0 461.0 438.0 497.0 509.0 521.0 495.0 516.0 503.0 543.0 509.0 487.0 510.0 476.0 497.0 503.0 482.0 490.0 554.0 476.0 476.0 490.0 481.0 462.0 480.0 484.0 505.0 497.0 460.0 475.0 470.0 434.0 424.0 406.0 442.0 500.0 481.0 486.0 459.0 478.0 476.0 478.0 451.0 444.0 446.0 439.0 538.0 488.0 417.0 448.0 448.0 447.0 468.0 465.0 480.0 496.0 492.0 500.0 503.0 513.0 493.0 500.0 450.0 444.0 467.0 496.0 512.0 499.0 480.0 479.0 499.0 499.0 501.0 471.0 430.0 420.0 492.0 521.0 518.0 571.0 535.0 515.0 526.0 497.0 484.0 495.0 480.0 477.0 480.0 496.0 491.0 471.0 452.0 466.0 477.0 496.0 509.0 504.0 512.0 498.0 451.0 450.0 456.0 454.0 497.0 502.0 491.0 496.0 490.0 509.0 503.0 482.0 476.0 435.0 532.0 486.0 480.0 481.0 475.0 495.0 484.0 496.0 489.0 540.0 466.0 476.0 381.0 427.0 420.0 486.0 485.0 490.0 468.0 451.0 560.0 526.0 538.0 501.0 532.0 515.0 489.6062717770035 30.199714530605664
9 665.0 708.0 648.0 623.0 623.0 733.0 649.0 640.0 635.0 653.0 665.0 694.0 701.0 747.0 675.0 799.0 708.0 675.0 749.0 622.0 708.0 689.0 667.0 658.0 664.0 763.0 731.0 670.0 652.0 655.0 658.0 648.0 663.0 662.0 692.0 700.0 695.0 623.0 693.0 668.0 650.0 665.0 649.0 639.0 578.0 585.0 607.0 629.0 676.0 679.0 812.0 649.0 642.0 645.0 666.0 659.0 663.0 652.0 633.0 652.0 681.0 644.0 634.0 611.0 598.0 626.0 657.0 639.0 630.0 657.0 659.0 649.0 651.0 651.0 607.0 631.0 629.0 597.0 632.0 694.0 686.0 675.0 709.0 657.0 621.0 592.0 612.0 670.0 706.0 663.0 656.0 686.0 690.0 706.0 678.0 676.0 688.0 665.0 666.0 702.0 566.0 573.0 579.0 589.0 651.0 702.0 675.0 670.0 661.0 615.0 625.0 656.0 668.0 705.0 665.0 721.0 669.0 689.0 668.0 683.0 772.0 570.0 575.0 664.0 649.0 649.0 666.0 647.0 650.0 627.0 662.0 650.0 666.0 700.0 684.0 669.0 685.0 743.0 672.0 614.0 626.0 641.0 657.0 667.0 666.0 649.0 628.0 600.0 641.0 663.0 668.0 669.0 682.0 677.0 677.0 627.0 676.0 675.0 637.0 631.0 664.0 682.0 669.0 707.0 647.0 644.0 645.0 621.0 641.0 630.0 654.0 647.0 654.0 598.0 615.0 624.0 580.0 564.0 572.0 576.0 594.0 610.0 627.0 653.0 634.0 635.0 653.0 671.0 642.0 540.0 566.0 648.0 660.0 647.0 601.0 600.0 618.0 607.0 637.0 660.0 650.0 658.0 653.0 653.0 664.0 666.0 666.0 624.0 615.0 617.0 653.0 667.0 672.0 636.0 717.0 654.0 656.0 692.0 651.0 592.0 575.0 597.0 652.0 663.0 671.0 669.0 687.0 684.0 677.0 645.0 646.0 636.0 634.0 638.0 632.0 648.0 651.0 612.0 611.0 626.0 629.0 673.0 676.0 669.0 623.0 569.0 571.0 629.0 636.0 601.0 618.0 638.0 672.0 662.0 667.0 666.0 677.0 643.0 660.0 686.0 678.0 671.0 639.0 637.0 662.0 686.0 655.0 658.0 678.0 635.0 607.0 609.0 571.0 555.0 635.0 636.0 636.0 633.0 619.0 629.0 676.0 647.0 670.0 654.0 662.0 685.0 643.0 651.432055749129 38.51302681652414
10 912.0 925.0 945.0 1015.0 935.0 908.0 917.0 912.0 902.0 892.0 942.0 963.0 958.0 958.0 940.0 926.0 916.0 939.0 992.0 988.0 950.0 934.0 960.0 1022.0 933.0 926.0 928.0 929.0 938.0 919.0 943.0 947.0 949.0 973.0 962.0 1119.0 1012.0 966.0 939.0 944.0 960.0 1006.0 885.0 813.0 893.0 938.0 1046.0 1029.0 932.0 1009.0 938.0 945.0 932.0 952.0 940.0 920.0 910.0 907.0 899.0 836.0 862.0 904.0 904.0 909.0 926.0 921.0 961.0 935.0 955.0 933.0 902.0 879.0 884.0 879.0 864.0 878.0 888.0 962.0 974.0 936.0 977.0 846.0 846.0 873.0 1013.0 980.0 931.0 972.0 942.0 953.0 946.0 946.0 938.0 963.0 944.0 940.0 969.0 961.0 974.0 819.0 811.0 822.0 892.0 933.0 944.0 918.0 904.0 885.0 880.0 915.0 938.0 955.0 945.0 930.0 932.0 940.0 941.0 964.0 971.0 963.0 818.0 861.0 938.0 947.0 924.0 906.0 882.0 890.0 883.0 920.0 937.0 951.0 974.0 975.0 980.0 958.0 911.0 928.0 915.0 889.0 938.0 940.0 922.0 928.0 912.0 962.0 933.0 1050.0 869.0 955.0 974.0 956.0 965.0 941.0 909.0 877.0 897.0 903.0 955.0 938.0 932.0 923.0 925.0 945.0 930.0 931.0 933.0 923.0 936.0 935.0 874.0 868.0 894.0 926.0 922.0 874.0 808.0 830.0 833.0 915.0 924.0 925.0 922.0 946.0 925.0 861.0 844.0 822.0 772.0 891.0 931.0 869.0 866.0 850.0 901.0 919.0 928.0 931.0 938.0 932.0 926.0 899.0 946.0 949.0 897.0 873.0 879.0 890.0 941.0 941.0 927.0 934.0 935.0 942.0 933.0 936.0 877.0 828.0 820.0 831.0 918.0 954.0 997.0 953.0 960.0 962.0 928.0 922.0 906.0 904.0 918.0 911.0 908.0 923.0 892.0 878.0 865.0 991.0 987.0 953.0 939.0 934.0 874.0 819.0 885.0 909.0 898.0 906.0 875.0 947.0 963.0 948.0 957.0 949.0 952.0 989.0 980.0 975.0 954.0 931.0 888.0 911.0 946.0 952.0 1077.0 949.0 955.0 907.0 886.0 827.0 812.0 790.0 936.0 917.0 889.0 909.0 885.0 885.0 950.0 903.0 906.0 913.0 919.0 924.0 926.0 924.0 963.0 923.5958188153311 46.31312984934815
11 557.0 508.0 501.0 493.0 508.0 519.0 500.0 496.0 587.0 510.0 515.0 522.0 491.0 507.0 501.0 488.0 552.0 542.0 514.0 532.0 570.0 570.0 475.0 482.0 504.0 525.0 517.0 513.0 515.0 507.0 565.0 572.0 539.0 539.0 512.0 569.0 532.0 545.0 545.0 555.0 589.0 467.0 517.0 511.0 527.0 507.0 540.0 517.0 462.0 505.0 504.0 555.0 545.0 464.0 525.0 515.0 490.0 490.0 647.0 492.0 513.0 519.0 510.0 565.0 511.0 519.0 556.0 536.0 550.0 474.0 489.0 511.0 502.0 465.0 471.0 531.0 538.0 541.0 530.0 480.0 445.0 482.0 529.0 523.0 525.0 533.0 508.0 502.0 550.0 536.0 521.0 540.0 543.0 494.0 516.0 528.0 438.0 453.0 528.0 514.0 522.0 540.0 507.0 508.0 516.0 465.0 478.0 512.0 499.0 512.0 515.0 515.0 522.0 521.0 520.0 534.0 538.0 513.0 480.0 524.0 518.0 532.0 539.0 486.0 471.0 485.0 494.0 529.0 514.0 534.0 520.0 532.0 534.0 514.0 504.0 478.0 476.0 531.0 453.0 460.0 516.0 493.0 497.0 514.0 494.0 548.0 517.0 539.0 528.0 519.0 530.0 521.0 528.0 497.0 504.0 512.0 538.0 522.0 503.0 497.0 502.0 539.0 518.0 550.0 530.0 511.0 533.0 526.0 501.0 473.0 491.0 463.0 454.0 484.0 437.0 509.0 527.0 553.0 465.0 472.0 518.0 515.0 515.0 511.0 474.0 454.0 445.0 509.0 470.0 492.0 443.0 464.0 478.0 507.0 497.0 518.0 527.0 554.0 528.0 522.0 525.0 549.0 563.0 455.0 467.0 503.0 521.0 505.0 517.0 474.0 470.0 489.0 543.0 508.0 512.0 451.0 441.0 514.0 510.0 529.0 521.0 535.0 510.0 530.0 521.0 545.0 512.0 485.0 511.0 488.0 494.0 512.0 525.0 482.0 480.0 494.0 514.0 513.0 499.0 536.0 528.0 438.0 476.0 488.0 529.0 482.0 497.0 527.0 515.0 521.0 587.0 496.0 523.0 575.0 534.0 537.0 515.0 486.0 478.0 533.0 507.0 516.0 464.0 462.0 521.0 509.0 519.0 458.0 440.0 435.0 487.0 518.0 490.0 483.0 451.0 459.0 471.0 577.0 562.0 522.0 528.0 532.0 514.0 573.0 523.0 518.0 528.0 510.82926829268297 31.142051828999236
12 611.0 616.0 622.0 629.0 607.0 607.0 644.0 643.0 640.0 645.0 618.0 635.0 633.0 625.0 703.0 677.0 643.0 634.0 645.0 645.0 584.0 593.0 620.0 641.0 613.0 619.0 644.0 622.0 616.0 616.0 600.0 600.0 595.0 645.0 689.0 654.0 617.0 639.0 650.0 653.0 645.0 617.0 631.0 645.0 631.0 618.0 641.0 639.0 631.0 635.0 599.0 614.0 630.0 620.0 589.0 579.0 579.0 609.0 630.0 614.0 610.0 634.0 635.0 639.0 625.0 619.0 620.0 598.0 593.0 609.0 611.0 622.0 637.0 630.0 640.0 633.0 626.0 629.0 633.0 658.0 662.0 656.0 628.0 636.0 645.0 688.0 684.0 682.0 671.0 674.0 663.0 690.0 658.0 690.0 603.0 596.0 608.0 582.0 646.0 611.0 678.0 656.0 645.0 643.0 640.0 687.0 645.0 663.0 677.0 660.0 689.0 655.0 691.0 667.0 695.0 678.0 656.0 615.0 695.0 643.0 702.0 622.0 613.0 642.0 658.0 677.0 669.0 667.0 671.0 689.0 719.0 666.0 629.0 618.0 683.0 613.0 588.0 745.0 637.0 673.0 642.0 661.0 693.0 704.0 684.0 704.0 678.0 693.0 668.0 648.0 662.0 640.0 670.0 688.0 651.0 660.0 745.0 654.0 664.0 706.0 639.0 685.0 665.0 656.0 643.0 700.0 629.0 619.0 742.0 606.0 789.0 705.0 678.0 651.0 656.0 687.0 648.0 601.0 673.0 666.0 661.0 634.0 621.0 566.0 582.0 625.0 618.0 599.0 580.0 574.0 601.0 608.0 620.0 616.0 654.0 640.0 630.0 640.0 643.0 645.0 632.0 594.0 582.0 603.0 638.0 633.0 629.0 598.0 593.0 595.0 621.0 631.0 647.0 576.0 550.0 558.0 629.0 647.0 622.0 642.0 622.0 649.0 622.0 625.0 606.0 606.0 622.0 619.0 618.0 630.0 625.0 600.0 602.0 638.0 631.0 638.0 632.0 632.0 621.0 548.0 583.0 603.0 617.0 643.0 625.0 633.0 643.0 638.0 635.0 634.0 651.0 669.0 665.0 663.0 628.0 601.0 603.0 599.0 618.0 626.0 586.0 576.0 606.0 623.0 656.0 560.0 535.0 537.0 622.0 623.0 623.0 594.0 583.0 599.0 571.0 640.0 724.0 632.0 633.0 636.0 638.0 643.0 655.0 645.0 635.0 620.0 649.0 636.2299651567944 35.68818056187459
13 7.0 7.0 8.0 8.0 8.0 8.0 8.0 8.0 8.0 8.0 8.0 8.0 8.0 8.0 8.0 8.0 8.0 8.0 8.0 8.0 8.0 8.0 8.0 8.0 8.0 8.0 8.0 8.0 8.0 8.0 8.0 8.0 8.0 8.0 8.0 8.0 8.0 8.0 8.0 8.0 8.0 8.0 8.0 8.0 8.0 8.0 8.0 8.0 7.0 7.0 7.0 7.0 7.0 7.0 7.0 7.0 7.0 7.0 8.0 8.0 8.0 8.0 8.0 8.0 7.0 7.0 7.0 7.0 7.0 7.0 7.0 8.0 8.0 8.0 8.0 8.0 8.0 8.0 8.0 8.0 8.0 8.0 8.0 7.0 7.0 8.0 8.0 8.0 8.0 8.0 8.0 8.0 8.0 8.0 7.0 7.0 7.0 7.0 7.0 7.0 8.0 8.0 7.0 7.0 7.0 7.0 7.0 7.0 7.0 8.0 8.0 9.0 9.0 9.0 9.0 9.0 9.0 7.0 25.0 7.0 7.0 8.0 8.0 8.0 8.0 8.0 8.0 9.0 8.0 8.0 8.0 8.0 7.0 7.0 7.0 7.0 7.0 8.0 8.0 8.0 8.0 8.0 8.0 8.0 8.0 8.0 8.0 8.0 8.0 8.0 8.0 8.0 8.0 9.0 8.0 8.0 7.0 8.0 8.0 9.0 8.0 8.0 8.0 7.0 7.0 8.0 8.0 8.0 8.0 7.0 7.0 7.0 8.0 9.0 8.0 8.0 7.0 7.0 9.0 9.0 7.0 7.0 8.0 7.0 7.0 7.0 7.0 7.0 7.0 7.0 8.0 8.0 8.0 8.0 8.0 8.0 8.0 8.0 8.0 8.0 7.0 7.0 8.0 8.0 8.0 8.0 7.0 7.0 7.0 8.0 8.0 8.0 8.0 7.0 7.0 7.0 7.0 7.0 7.0 7.0 7.0 7.0 7.0 8.0 8.0 8.0 8.0 8.0 8.0 8.0 7.0 7.0 7.0 8.0 8.0 7.0 7.0 7.0 7.0 7.0 7.0 7.0 7.0 7.0 7.0 7.0 7.0 8.0 8.0 8.0 8.0 8.0 8.0 8.0 8.0 8.0 8.0 8.0 8.0 8.0 7.0 7.0 7.0 7.0 7.0 7.0 7.0 7.0 7.0 7.0 7.0 7.0 7.0 7.0 8.0 8.0 8.0 8.0 8.0 8.0 8.0 8.0 8.0 8.0 8.0 8.0 8.0 7.742160278745645 1.160117941657906
14 90.0 90.0 92.0 91.0 92.0 98.0 96.0 92.0 96.0 80.0 80.0 92.0 92.0 100.0 92.0 94.0 91.0 91.0 91.0 91.0 94.0 91.0 96.0 91.0 91.0 94.0 89.0 89.0 87.0 87.0 87.0 85.0 85.0 97.0 97.0 97.0 91.0 91.0 119.0 94.0 94.0 94.0 94.0 94.0 94.0 94.0 94.0 91.0 91.0 84.0 84.0 119.0 119.0 83.0 83.0 83.0 83.0 94.0 92.0 87.0 95.0 92.0 101.0 88.0 94.0 95.0 95.0 102.0 98.0 90.0 98.0 94.0 94.0 96.0 89.0 92.0 93.0 101.0 97.0 98.0 90.0 89.0 90.0 93.0 93.0 102.0 102.0 100.0 97.0 124.0 98.0 95.0 94.0 78.0 78.0 100.0 99.0 83.0 99.0 97.0 91.0 100.0 84.0 92.0 94.0 87.0 92.0 95.0 97.0 98.0 96.0 94.0 93.0 95.0 91.0 92.0 90.0 89.0 93.0 92.0 91.0 87.0 84.0 90.0 91.0 95.0 93.0 110.0 98.0 99.0 96.0 90.0 90.0 86.0 91.0 92.0 85.0 99.0 104.0 94.0 92.0 91.0 103.0 94.0 94.0 95.0 95.0 91.0 90.0 91.0 88.0 93.0 95.0 93.0 91.0 97.0 92.0 94.0 89.0 92.0 96.0 95.0 95.0 88.0 85.0 92.0 90.0 93.0 85.0 86.0 86.0 79.0 92.0 94.0 87.0 87.0 89.0 94.0 99.0 89.0 91.0 92.0 81.0 84.0 97.0 87.0 95.0 82.0 83.0 87.0 89.0 94.0 87.0 96.0 92.0 92.0 95.0 100.0 91.0 89.0 88.0 88.0 88.0 91.0 93.0 90.0 86.0 89.0 100.0 94.0 94.0 99.0 92.0 80.0 91.0 95.0 94.0 96.0 91.0 90.0 89.0 87.0 93.0 86.0 91.0 89.0 87.0 94.0 89.0 89.0 86.0 88.0 93.0 90.0 97.0 97.0 92.0 92.0 92.0 84.0 91.0 89.0 89.0 91.0 98.0 95.0 92.0 92.0 92.0 92.0 92.0 97.0 98.0 94.0 88.0 84.0 88.0 94.0 94.0 97.0 82.0 95.0 95.0 93.0 93.0 73.0 95.0 95.0 97.0 86.0 83.0 94.0 82.0 75.0 92.0 92.0 92.0 95.0 93.0 90.0 90.0 98.0 94.0 96.0 88.0 97.0 109.0 92.21951219512195 6.132901847893841
15 584.0 577.0 569.0 579.0 598.0 593.0 596.0 599.0 565.0 589.0 587.0 587.0 585.0 600.0 601.0 618.0 588.0 588.0 534.0 564.0 612.0 587.0 566.0 589.0 595.0 584.0 578.0 572.0 572.0 574.0 579.0 592.0 632.0 604.0 596.0 603.0 493.0 536.0 582.0 589.0 596.0 596.0 585.0 596.0 574.0 592.0 586.0 572.0 574.0 574.0 583.0 951.0 546.0 546.0 546.0 565.0 583.0 561.0 570.0 591.0 591.0 576.0 570.0 578.0 570.0 547.0 543.0 574.0 557.0 581.0 595.0 589.0 592.0 593.0 583.0 588.0 586.0 604.0 614.0 595.0 585.0 587.0 581.0 609.0 610.0 599.0 616.0 598.0 575.0 580.0 589.0 642.0 498.0 499.0 609.0 538.0 526.0 528.0 589.0 597.0 590.0 572.0 589.0 590.0 574.0 580.0 591.0 588.0 588.0 589.0 594.0 591.0 591.0 576.0 573.0 561.0 576.0 584.0 580.0 560.0 565.0 534.0 545.0 604.0 586.0 578.0 600.0 611.0 601.0 575.0 571.0 552.0 562.0 594.0 542.0 537.0 570.0 584.0 579.0 592.0 589.0 603.0 601.0 594.0 597.0 597.0 602.0 585.0 585.0 574.0 577.0 584.0 589.0 565.0 567.0 574.0 579.0 585.0 578.0 583.0 598.0 588.0 585.0 561.0 569.0 558.0 562.0 576.0 556.0 565.0 570.0 571.0 562.0 554.0 558.0 544.0 538.0 562.0 571.0 564.0 567.0 520.0 513.0 573.0 583.0 579.0 578.0 537.0 529.0 569.0 586.0 590.0 593.0 595.0 572.0 594.0 546.0 587.0 577.0 555.0 552.0 566.0 591.0 579.0 569.0 553.0 562.0 580.0 588.0 565.0 549.0 567.0 558.0 586.0 594.0 597.0 598.0 566.0 583.0 580.0 581.0 593.0 557.0 575.0 570.0 578.0 535.0 534.0 558.0 540.0 561.0 601.0 590.0 578.0 555.0 568.0 569.0 507.0 545.0 570.0 590.0 563.0 578.0 593.0 595.0 592.0 585.0 567.0 596.0 598.0 539.0 534.0 601.0 550.0 552.0 566.0 574.0 585.0 523.0 518.0 568.0 588.0 581.0 553.0 494.0 501.0 561.0 555.0 552.0 551.0 520.0 553.0 594.0 591.0 553.0 555.0 578.0 584.0 588.0 608.0 574.0 556.0 604.0 593.0 609.0 628.0 613.0 576.439024390244 32.487366179526155
16 366.0 387.0 425.0 387.0 384.0 393.0 372.0 355.0 381.0 381.0 381.0 394.0 471.0 436.0 411.0 411.0 411.0 359.0 379.0 394.0 349.0 385.0 365.0 412.0 457.0 370.0 369.0 369.0 359.0 368.0 396.0 387.0 372.0 391.0 400.0 397.0 400.0 365.0 368.0 387.0 387.0 387.0 387.0 389.0 387.0 376.0 369.0 346.0 427.0 418.0 418.0 369.0 369.0 369.0 371.0 388.0 361.0 373.0 384.0 387.0 399.0 392.0 383.0 370.0 357.0 353.0 366.0 387.0 390.0 475.0 392.0 516.0 379.0 376.0 378.0 378.0 418.0 404.0 416.0 433.0 371.0 376.0 393.0 393.0 359.0 397.0 399.0 386.0 391.0 402.0 426.0 330.0 336.0 376.0 342.0 339.0 407.0 383.0 386.0 366.0 369.0 378.0 378.0 378.0 377.0 368.0 358.0 387.0 387.0 390.0 409.0 460.0 352.0 345.0 377.0 376.0 397.0 381.0 389.0 379.0 342.0 384.0 390.0 388.0 409.0 393.0 393.0 372.0 376.0 367.0 379.0 476.0 387.0 341.0 359.0 471.0 410.0 359.0 364.0 370.0 396.0 383.0 375.0 412.0 388.0 514.0 372.0 368.0 380.0 384.0 380.0 392.0 375.0 392.0 370.0 371.0 392.0 390.0 382.0 395.0 360.0 417.0 370.0 363.0 401.0 364.0 331.0 363.0 383.0 375.0 383.0 417.0 360.0 350.0 356.0 367.0 369.0 388.0 332.0 352.0 331.0 336.0 361.0 370.0 384.0 389.0 350.0 353.0 383.0 370.0 382.0 433.0 379.0 365.0 383.0 388.0 380.0 360.0 351.0 359.0 389.0 420.0 383.0 380.0 360.0 350.0 378.0 377.0 371.0 369.0 377.0 379.0 386.0 398.0 384.0 379.0 374.0 379.0 377.0 381.0 327.0 373.0 388.0 379.0 377.0 343.0 358.0 349.0 352.0 388.0 382.0 477.0 351.0 390.0 371.0 407.0 360.0 358.0 375.0 448.0 381.0 378.0 406.0 386.0 381.0 388.0 400.0 411.0 434.0 346.0 346.0 356.0 365.0 387.0 389.0 409.0 409.0 343.0 364.0 399.0 415.0 420.0 321.0 330.0 339.0 348.0 387.0 365.0 346.0 359.0 453.0 424.0 387.0 372.0 467.0 384.0 389.0 385.0 402.0 354.0 347.0 393.0 390.0 413.0 426.0 376.0 433.0 383.1254355400697 28.85492312471856
17 140.0 149.0 145.0 144.0 144.0 144.0 122.0 140.0 140.0 140.0 153.0 144.0 150.0 207.0 207.0 207.0 140.0 145.0 147.0 147.0 127.0 134.0 132.0 125.0 143.0 143.0 143.0 143.0 147.0 138.0 138.0 138.0 146.0 146.0 142.0 149.0 137.0 137.0 136.0 136.0 136.0 140.0 140.0 145.0 149.0 137.0 137.0 158.0 146.0 146.0 146.0 140.0 140.0 135.0 145.0 138.0 140.0 140.0 164.0 140.0 145.0 142.0 117.0 132.0 132.0 140.0 150.0 144.0 134.0 142.0 144.0 150.0 137.0 143.0 135.0 148.0 143.0 141.0 146.0 138.0 134.0 144.0 146.0 148.0 145.0 145.0 140.0 143.0 141.0 158.0 123.0 119.0 148.0 129.0 126.0 134.0 134.0 143.0 139.0 133.0 140.0 140.0 141.0 143.0 143.0 130.0 132.0 145.0 151.0 149.0 137.0 138.0 125.0 149.0 138.0 144.0 141.0 136.0 146.0 129.0 145.0 147.0 148.0 137.0 144.0 140.0 137.0 149.0 135.0 135.0 144.0 143.0 133.0 128.0 140.0 144.0 130.0 134.0 144.0 150.0 141.0 145.0 145.0 145.0 148.0 139.0 140.0 141.0 142.0 153.0 141.0 139.0 140.0 140.0 139.0 152.0 147.0 138.0 144.0 140.0 134.0 146.0 129.0 139.0 140.0 123.0 129.0 137.0 146.0 129.0 145.0 119.0 140.0 134.0 133.0 140.0 140.0 133.0 122.0 125.0 135.0 143.0 130.0 134.0 158.0 125.0 132.0 135.0 137.0 141.0 142.0 140.0 135.0 149.0 140.0 143.0 133.0 130.0 131.0 138.0 137.0 140.0 142.0 131.0 135.0 132.0 140.0 130.0 133.0 130.0 141.0 145.0 150.0 143.0 143.0 135.0 142.0 127.0 140.0 131.0 120.0 139.0 134.0 137.0 142.0 139.0 139.0 130.0 142.0 148.0 143.0 130.0 142.0 128.0 146.0 162.0 133.0 139.0 134.0 142.0 144.0 145.0 141.0 141.0 145.0 151.0 161.0 142.0 141.0 127.0 140.0 121.0 138.0 144.0 141.0 141.0 144.0 138.0 155.0 152.0 152.0 152.0 124.0 119.0 119.0 141.0 136.0 121.0 129.0 144.0 134.0 134.0 130.0 142.0 144.0 145.0 138.0 150.0 129.0 129.0 144.0 145.0 146.0 146.0 137.0 145.0 145.0 140.26829268292684 10.43667911028695
18 508.0 505.0 502.0 504.0 508.0 458.0 494.0 496.0 516.0 509.0 504.0 507.0 565.0 565.0 483.0 537.0 492.0 510.0 471.0 471.0 492.0 479.0 440.0 467.0 482.0 482.0 456.0 480.0 501.0 513.0 479.0 493.0 498.0 519.0 521.0 487.0 481.0 501.0 501.0 491.0 491.0 495.0 498.0 489.0 487.0 560.0 537.0 536.0 536.0 536.0 536.0 469.0 491.0 496.0 456.0 449.0 491.0 491.0 484.0 483.0 477.0 475.0 463.0 460.0 493.0 489.0 472.0 486.0 501.0 499.0 501.0 495.0 488.0 492.0 508.0 482.0 491.0 489.0 490.0 504.0 523.0 491.0 487.0 497.0 493.0 483.0 505.0 502.0 530.0 424.0 451.0 488.0 449.0 459.0 465.0 501.0 501.0 492.0 478.0 529.0 546.0 509.0 521.0 531.0 432.0 519.0 500.0 438.0 479.0 480.0 488.0 441.0 464.0 488.0 488.0 552.0 511.0 520.0 497.0 487.0 524.0 512.0 457.0 495.0 497.0 506.0 494.0 473.0 515.0 610.0 525.0 503.0 763.0 624.0 552.0 491.0 705.0 482.0 555.0 557.0 522.0 528.0 534.0 500.0 485.0 502.0 500.0 509.0 502.0 551.0 641.0 530.0 812.0 602.0 1083.0 1184.0 744.0 511.0 1554.0 1054.0 801.0 1640.0 917.0 774.0 450.0 478.0 488.0 500.0 478.0 497.0 469.0 460.0 454.0 503.0 493.0 484.0 448.0 451.0 442.0 426.0 493.0 451.0 471.0 432.0 428.0 464.0 500.0 508.0 490.0 498.0 507.0 478.0 484.0 475.0 471.0 484.0 451.0 478.0 470.0 469.0 474.0 471.0 462.0 443.0 489.0 453.0 460.0 479.0 464.0 477.0 489.0 508.0 499.0 502.0 501.0 503.0 484.0 483.0 459.0 430.0 475.0 490.0 490.0 499.0 517.0 509.0 469.0 484.0 502.0 479.0 492.0 491.0 467.0 495.0 476.0 473.0 478.0 479.0 493.0 495.0 507.0 510.0 496.0 505.0 501.0 482.0 494.0 496.0 453.0 481.0 446.0 466.0 495.0 491.0 474.0 456.0 459.0 505.0 460.0 465.0 512.0 411.0 426.0 486.0 502.0 471.0 451.0 460.0 468.0 509.0 513.0 474.0 484.0 494.0 507.0 507.0 513.0 471.0 458.0 499.0 494.0 513.0 527.0 496.0 499.0 490.0 474.0 512.7177700348433 123.48953325274934
19 280.0 281.0 277.0 277.0 253.0 273.0 273.0 273.0 283.0 275.0 275.0 275.0 275.0 272.0 268.0 278.0 281.0 270.0 259.0 272.0 268.0 245.0 261.0 261.0 261.0 267.0 265.0 273.0 277.0 253.0 274.0 274.0 289.0 285.0 265.0 270.0 270.0 270.0 270.0 272.0 270.0 272.0 270.0 261.0 298.0 280.0 279.0 279.0 275.0 277.0 277.0 270.0 278.0 251.0 244.0 272.0 271.0 266.0 268.0 261.0 268.0 255.0 254.0 276.0 274.0 263.0 266.0 271.0 273.0 274.0 249.0 251.0 271.0 277.0 267.0 249.0 269.0 262.0 279.0 285.0 262.0 272.0 273.0 279.0 270.0 265.0 278.0 281.0 230.0 233.0 272.0 249.0 243.0 257.0 281.0 270.0 262.0 268.0 271.0 271.0 273.0 274.0 272.0 241.0 240.0 277.0 236.0 259.0 267.0 261.0 235.0 254.0 248.0 274.0 274.0 280.0 287.0 250.0 271.0 274.0 261.0 259.0 264.0 270.0 268.0 272.0 263.0 279.0 274.0 275.0 269.0 274.0 284.0 263.0 261.0 266.0 266.0 273.0 272.0 267.0 274.0 272.0 270.0 261.0 270.0 270.0 269.0 276.0 278.0 271.0 275.0 273.0 274.0 265.0 265.0 274.0 274.0 275.0 271.0 264.0 270.0 268.0 272.0 243.0 259.0 262.0 262.0 271.0 275.0 280.0 253.0 258.0 268.0 264.0 269.0 247.0 255.0 247.0 246.0 275.0 257.0 267.0 286.0 239.0 246.0 276.0 268.0 275.0 274.0 268.0 265.0 265.0 263.0 261.0 247.0 259.0 265.0 258.0 250.0 284.0 251.0 256.0 240.0 266.0 250.0 255.0 253.0 271.0 266.0 276.0 282.0 272.0 277.0 275.0 281.0 260.0 272.0 265.0 264.0 268.0 267.0 267.0 299.0 285.0 277.0 252.0 281.0 276.0 260.0 277.0 266.0 265.0 277.0 270.0 266.0 272.0 272.0 266.0 271.0 286.0 274.0 273.0 271.0 271.0 277.0 273.0 283.0 252.0 246.0 240.0 255.0 284.0 274.0 274.0 267.0 252.0 273.0 230.0 258.0 279.0 233.0 241.0 262.0 275.0 260.0 250.0 262.0 267.0 283.0 286.0 267.0 267.0 271.0 284.0 289.0 285.0 260.0 243.0 276.0 271.0 284.0 282.0 267.0 276.0 274.0 266.0 264.0 267.411149825784 11.877210404592331
20 384.0 378.0 392.0 371.0 383.0 383.0 404.0 395.0 384.0 389.0 388.0 388.0 362.0 375.0 388.0 393.0 363.0 363.0 384.0 377.0 343.0 362.0 362.0 362.0 360.0 381.0 382.0 382.0 365.0 372.0 381.0 403.0 397.0 367.0 373.0 388.0 388.0 388.0 388.0 383.0 379.0 367.0 374.0 396.0 383.0 386.0 386.0 383.0 388.0 376.0 376.0 384.0 357.0 354.0 381.0 381.0 375.0 371.0 355.0 376.0 354.0 354.0 383.0 373.0 364.0 374.0 384.0 374.0 388.0 351.0 340.0 381.0 382.0 381.0 371.0 378.0 371.0 395.0 395.0 371.0 380.0 383.0 385.0 366.0 376.0 389.0 386.0 330.0 328.0 376.0 352.0 346.0 360.0 385.0 369.0 369.0 379.0 377.0 379.0 381.0 385.0 380.0 382.0 366.0 381.0 329.0 332.0 373.0 356.0 331.0 348.0 351.0 383.0 372.0 397.0 402.0 362.0 374.0 386.0 357.0 352.0 371.0 379.0 380.0 361.0 368.0 366.0 387.0 378.0 361.0 385.0 390.0 365.0 360.0 365.0 376.0 384.0 376.0 378.0 394.0 383.0 364.0 362.0 376.0 377.0 373.0 374.0 383.0 380.0 385.0 385.0 388.0 377.0 378.0 383.0 378.0 380.0 376.0 378.0 373.0 378.0 372.0 344.0 369.0 372.0 366.0 376.0 387.0 411.0 355.0 364.0 370.0 363.0 374.0 408.0 359.0 349.0 351.0 377.0 366.0 383.0 368.0 329.0 352.0 389.0 367.0 384.0 383.0 375.0 367.0 373.0 362.0 363.0 355.0 360.0 371.0 359.0 353.0 388.0 363.0 354.0 338.0 375.0 350.0 359.0 362.0 370.0 372.0 383.0 397.0 387.0 382.0 386.0 393.0 371.0 379.0 354.0 369.0 373.0 386.0 381.0 389.0 399.0 374.0 358.0 381.0 378.0 368.0 391.0 384.0 376.0 384.0 384.0 363.0 380.0 388.0 375.0 384.0 397.0 394.0 382.0 388.0 383.0 369.0 389.0 360.0 363.0 371.0 342.0 350.0 380.0 377.0 388.0 374.0 358.0 417.0 336.0 341.0 390.0 333.0 336.0 390.0 370.0 363.0 348.0 370.0 381.0 400.0 403.0 373.0 374.0 383.0 397.0 394.0 392.0 354.0 359.0 380.0 388.0 399.0 394.0 381.0 385.0 383.0 378.0 370.0 409.0 374.22648083623693 15.709588932411016
21 5.0 5.0 5.0 5.0 5.0 5.0 5.0 5.0 5.0 5.0 5.0 5.0 5.0 5.0 5.0 6.0 6.0 6.0 6.0 6.0 6.0 6.0 6.0 6.0 6.0 6.0 6.0 6.0 6.0 6.0 6.0 6.0 6.0 6.0 6.0 6.0 6.0 6.0 6.0 6.0 6.0 6.0 6.0 6.0 6.0 6.0 6.0 6.0 6.0 6.0 6.0 6.0 5.0 5.0 5.0 6.0 6.0 6.0 6.0 6.0 5.0 5.0 5.0 5.0 5.0 5.0 5.0 5.0 6.0 5.0 5.0 5.0 5.0 5.0 5.0 5.0 5.0 5.0 6.0 6.0 6.0 6.0 6.0 6.0 6.0 6.0 6.0 5.0 6.0 6.0 5.0 6.0 6.0 6.0 6.0 6.0 5.0 5.0 5.0 5.0 5.0 5.0 5.0 5.0 5.0 5.0 5.0 5.0 5.0 5.0 5.0 6.0 6.0 6.0 6.0 6.0 5.0 5.0 6.0 5.0 5.0 6.0 6.0 5.0 5.0 5.0 5.0 6.0 6.0 5.0 5.0 5.0 5.0 5.0 5.0 5.0 5.0 5.0 5.0 5.0 5.0 5.0 5.0 5.0 5.0 5.0 6.0 6.0 6.0 6.0 6.0 6.0 6.0 5.0 5.0 6.0 6.0 6.0 6.0 6.0 6.0 6.0 6.0 5.0 5.0 5.0 5.0 7.0 6.0 5.0 5.0 5.0 5.0 5.0 5.0 5.0 5.0 5.0 5.0 5.0 5.0 5.0 5.0 6.0 6.0 6.0 6.0 6.0 6.0 6.0 6.0 5.0 5.0 5.0 5.0 5.0 6.0 6.0 6.0 6.0 5.0 6.0 6.0 5.0 5.0 5.0 5.0 6.0 7.0 5.0 6.0 6.0 6.0 6.0 6.0 6.0 6.0 6.0 8.0 6.0 6.0 8.0 7.0 6.0 6.0 6.0 6.0 6.0 6.0 6.0 8.0 8.0 7.0 7.0 7.0 7.0 7.0 7.0 7.0 6.0 6.0 6.0 6.0 6.0 6.0 5.0 5.0 5.0 6.0 6.0 6.0 6.0 6.0 6.0 6.0 6.0 6.0 6.0 6.0 5.0 5.0 5.0 5.0 5.0 5.0 6.0 6.0 6.0 6.0 6.0 6.0 7.0 7.0 7.0 7.0 7.0 7.0 5.0 5.0 6.0 6.0 6.0 6.0 6.0 6.0 6.0 6.0 5.6689895470383265 0.6465454379909085
22 194.0 194.0 174.0 194.0 194.0 194.0 199.0 208.0 194.0 194.0 194.0 182.0 183.0 206.0 196.0 203.0 185.0 196.0 174.0 177.0 186.0 186.0 186.0 186.0 205.0 195.0 198.0 197.0 181.0 181.0 203.0 201.0 199.0 192.0 196.0 196.0 196.0 196.0 196.0 192.0 188.0 192.0 203.0 192.0 199.0 199.0 192.0 194.0 194.0 195.0 184.0 201.0 173.0 192.0 194.0 191.0 189.0 178.0 197.0 180.0 179.0 194.0 193.0 188.0 186.0 203.0 186.0 193.0 200.0 171.0 191.0 200.0 201.0 186.0 193.0 185.0 205.0 207.0 193.0 193.0 194.0 196.0 182.0 196.0 202.0 185.0 168.0 168.0 187.0 182.0 171.0 193.0 197.0 190.0 190.0 191.0 198.0 212.0 195.0 198.0 198.0 190.0 193.0 187.0 173.0 169.0 192.0 192.0 165.0 182.0 178.0 193.0 187.0 202.0 204.0 189.0 190.0 196.0 193.0 182.0 193.0 193.0 197.0 193.0 193.0 185.0 199.0 186.0 189.0 187.0 209.0 184.0 191.0 194.0 191.0 194.0 197.0 188.0 200.0 192.0 195.0 185.0 190.0 199.0 191.0 195.0 203.0 195.0 195.0 194.0 193.0 191.0 188.0 195.0 188.0 188.0 190.0 193.0 190.0 190.0 188.0 184.0 194.0 189.0 199.0 183.0 191.0 214.0 180.0 185.0 199.0 189.0 190.0 195.0 193.0 171.0 177.0 190.0 188.0 194.0 204.0 173.0 181.0 200.0 187.0 196.0 195.0 186.0 191.0 184.0 178.0 183.0 186.0 189.0 190.0 198.0 178.0 205.0 171.0 192.0 168.0 209.0 181.0 178.0 189.0 194.0 197.0 196.0 205.0 197.0 197.0 193.0 202.0 188.0 196.0 204.0 188.0 207.0 199.0 212.0 206.0 216.0 270.0 201.0 210.0 199.0 246.0 194.0 227.0 214.0 214.0 199.0 208.0 213.0 213.0 206.0 207.0 221.0 200.0 211.0 212.0 231.0 189.0 204.0 184.0 181.0 188.0 175.0 197.0 192.0 211.0 211.0 204.0 195.0 205.0 191.0 191.0 200.0 171.0 219.0 222.0 207.0 203.0 215.0 190.0 210.0 218.0 210.0 188.0 208.0 208.0 217.0 202.0 218.0 197.0 166.0 218.0 208.0 201.0 210.0 203.0 202.0 187.0 207.0 187.0 206.0 197.0 194.49825783972128 12.34069808082579
23 118.0 110.0 126.0 126.0 126.0 126.0 120.0 124.0 120.0 120.0 120.0 119.0 114.0 123.0 127.0 102.0 118.0 120.0 120.0 113.0 113.0 113.0 113.0 115.0 120.0 120.0 120.0 120.0 112.0 120.0 126.0 119.0 117.0 117.0 117.0 117.0 118.0 118.0 118.0 116.0 117.0 107.0 132.0 118.0 118.0 118.0 118.0 118.0 115.0 122.0 121.0 106.0 106.0 118.0 118.0 116.0 115.0 110.0 122.0 118.0 124.0 118.0 118.0 115.0 118.0 118.0 121.0 118.0 105.0 106.0 114.0 119.0 117.0 112.0 117.0 131.0 131.0 128.0 117.0 124.0 124.0 128.0 122.0 127.0 115.0 123.0 101.0 122.0 115.0 105.0 111.0 118.0 116.0 106.0 114.0 118.0 116.0 119.0 119.0 111.0 128.0 119.0 116.0 114.0 105.0 112.0 122.0 135.0 101.0 110.0 116.0 113.0 120.0 127.0 120.0 107.0 115.0 124.0 117.0 112.0 122.0 122.0 120.0 117.0 119.0 130.0 124.0 116.0 108.0 118.0 112.0 113.0 121.0 118.0 121.0 121.0 124.0 121.0 117.0 117.0 123.0 113.0 128.0 111.0 118.0 122.0 120.0 119.0 117.0 118.0 118.0 115.0 115.0 111.0 114.0 121.0 112.0 114.0 118.0 116.0 106.0 116.0 112.0 123.0 149.0 128.0 115.0 130.0 113.0 128.0 124.0 128.0 120.0 122.0 145.0 106.0 120.0 125.0 120.0 125.0 126.0 110.0 115.0 122.0 114.0 122.0 118.0 115.0 121.0 113.0 111.0 114.0 120.0 114.0 116.0 113.0 118.0 128.0 115.0 118.0 112.0 116.0 116.0 114.0 108.0 124.0 118.0 113.0 124.0 120.0 120.0 115.0 107.0 119.0 119.0 111.0 117.0 113.0 118.0 117.0 117.0 127.0 109.0 115.0 118.0 120.0 120.0 123.0 109.0 123.0 115.0 114.0 109.0 112.0 119.0 116.0 120.0 118.0 119.0 120.0 118.0 124.0 123.0 123.0 108.0 107.0 108.0 111.0 121.0 126.0 126.0 126.0 117.0 110.0 121.0 96.0 96.0 123.0 103.0 103.0 110.0 115.0 108.0 108.0 115.0 125.0 123.0 124.0 115.0 118.0 123.0 123.0 124.0 119.0 100.0 119.0 121.0 125.0 122.0 125.0 118.0 131.0 112.0 112.0 112.0 120.0 119.0 117.66550522648083 6.796206392890284
24 258.0 228.0 226.0 228.0 228.0 226.0 228.0 256.0 256.0 256.0 390.0 257.0 230.0 230.0 208.0 204.0 227.0 227.0 228.0 242.0 242.0 250.0 465.0 225.0 233.0 228.0 232.0 223.0 223.0 236.0 236.0 386.0 327.0 230.0 230.0 219.0 219.0 219.0 223.0 220.0 223.0 245.0 216.0 381.0 381.0 381.0 232.0 232.0 232.0 212.0 232.0 224.0 223.0 223.0 242.0 221.0 222.0 224.0 231.0 218.0 233.0 470.0 211.0 225.0 230.0 232.0 231.0 234.0 198.0 227.0 221.0 232.0 214.0 218.0 220.0 245.0 222.0 235.0 231.0 232.0 226.0 264.0 218.0 233.0 207.0 221.0 225.0 224.0 211.0 212.0 227.0 235.0 200.0 199.0 223.0 274.0 220.0 227.0 232.0 206.0 241.0 227.0 233.0 228.0 224.0 244.0 231.0 202.0 202.0 200.0 275.0 217.0 277.0 257.0 212.0 208.0 220.0 223.0 205.0 235.0 228.0 218.0 251.0 223.0 219.0 226.0 235.0 214.0 214.0 221.0 208.0 228.0 232.0 226.0 226.0 234.0 238.0 231.0 228.0 238.0 309.0 252.0 217.0 208.0 210.0 205.0 222.0 226.0 224.0 227.0 263.0 231.0 258.0 215.0 251.0 244.0 223.0 215.0 227.0 228.0 209.0 220.0 241.0 245.0 222.0 224.0 222.0 212.0 217.0 233.0 222.0 220.0 258.0 229.0 202.0 199.0 221.0 224.0 230.0 242.0 207.0 210.0 222.0 234.0 227.0 227.0 221.0 221.0 199.0 206.0 223.0 224.0 227.0 222.0 215.0 217.0 236.0 203.0 224.0 218.0 215.0 223.0 216.0 223.0 214.0 228.0 222.0 234.0 224.0 231.0 252.0 223.0 222.0 230.0 219.0 219.0 222.0 223.0 225.0 226.0 223.0 243.0 211.0 238.0 243.0 226.0 225.0 231.0 233.0 207.0 224.0 242.0 219.0 233.0 225.0 230.0 225.0 220.0 229.0 227.0 218.0 218.0 236.0 231.0 204.0 212.0 214.0 212.0 228.0 252.0 219.0 227.0 256.0 256.0 223.0 230.0 234.0 194.0 201.0 238.0 221.0 208.0 209.0 227.0 218.0 311.0 237.0 219.0 227.0 226.0 238.0 236.0 235.0 225.0 196.0 232.0 236.0 228.0 232.0 505.0 233.0 220.0 219.0 248.0 243.0 225.0 228.0 232.74564459930312 36.5982933634617
25 55.0 49.0 49.0 49.0 111.0 49.0 49.0 49.0 49.0 62.0 49.0 47.0 51.0 51.0 47.0 48.0 52.0 56.0 56.0 48.0 69.0 59.0 59.0 49.0 49.0 49.0 56.0 56.0 53.0 52.0 52.0 52.0 49.0 49.0 49.0 49.0 49.0 49.0 52.0 50.0 49.0 57.0 67.0 67.0 67.0 49.0 49.0 49.0 53.0 45.0 51.0 51.0 51.0 49.0 52.0 52.0 44.0 44.0 45.0 48.0 52.0 47.0 47.0 50.0 68.0 51.0 55.0 44.0 44.0 46.0 53.0 52.0 51.0 55.0 55.0 65.0 51.0 51.0 51.0 52.0 50.0 53.0 44.0 42.0 44.0 44.0 49.0 49.0 45.0 45.0 50.0 48.0 43.0 50.0 50.0 47.0 53.0 51.0 45.0 52.0 49.0 52.0 47.0 50.0 51.0 53.0 60.0 44.0 60.0 44.0 49.0 49.0 56.0 50.0 44.0 49.0 49.0 49.0 53.0 52.0 53.0 56.0 55.0 52.0 52.0 53.0 50.0 51.0 50.0 47.0 55.0 55.0 49.0 53.0 51.0 51.0 53.0 50.0 51.0 50.0 48.0 50.0 51.0 57.0 45.0 49.0 54.0 50.0 51.0 51.0 48.0 52.0 45.0 46.0 53.0 54.0 48.0 48.0 64.0 48.0 88.0 52.0 56.0 48.0 50.0 49.0 53.0 51.0 50.0 50.0 58.0 50.0 51.0 54.0 49.0 49.0 49.0 52.0 56.0 51.0 48.0 53.0 47.0 51.0 52.0 53.0 50.0 49.0 63.0 46.0 47.0 50.0 51.0 48.0 49.0 48.0 48.0 47.0 49.0 49.0 50.0 50.0 45.0 48.0 53.0 55.0 46.0 52.0 48.0 55.0 45.0 82.0 51.0 51.0 47.0 49.0 48.0 49.0 50.0 50.0 74.0 47.0 47.0 53.0 49.0 52.0 52.0 50.0 49.0 45.0 49.0 46.0 49.0 61.0 48.0 52.0 55.0 49.0 50.0 49.0 49.0 50.0 56.0 44.0 43.0 43.0 47.0 47.0 50.0 59.0 55.0 50.0 57.0 57.0 57.0 57.0 50.0 43.0 43.0 49.0 48.0 48.0 56.0 45.0 47.0 51.0 51.0 48.0 51.0 51.0 51.0 53.0 49.0 59.0 51.0 49.0 52.0 52.0 51.0 56.0 52.0 47.0 52.0 52.0 52.0 48.0 56.0 51.278745644599304 6.47850138838242
26 130.0 118.0 118.0 118.0 120.0 119.0 124.0 112.0 112.0 118.0 116.0 119.0 123.0 114.0 102.0 119.0 120.0 128.0 147.0 140.0 118.0 118.0 119.0 114.0 114.0 119.0 123.0 123.0 125.0 131.0 131.0 105.0 132.0 132.0 132.0 132.0 132.0 132.0 119.0 134.0 121.0 107.0 126.0 126.0 126.0 126.0 126.0 121.0 121.0 108.0 112.0 112.0 112.0 126.0 120.0 111.0 120.0 119.0 110.0 123.0 115.0 118.0 119.0 111.0 126.0 122.0 118.0 104.0 111.0 113.0 112.0 116.0 108.0 115.0 121.0 120.0 122.0 122.0 118.0 120.0 113.0 115.0 122.0 102.0 109.0 125.0 117.0 114.0 105.0 116.0 115.0 114.0 104.0 127.0 113.0 124.0 116.0 120.0 107.0 124.0 113.0 121.0 114.0 120.0 130.0 121.0 113.0 108.0 110.0 114.0 117.0 125.0 130.0 118.0 108.0 115.0 113.0 116.0 125.0 118.0 118.0 120.0 123.0 126.0 120.0 116.0 117.0 122.0 119.0 117.0 116.0 121.0 121.0 125.0 119.0 116.0 120.0 122.0 123.0 112.0 113.0 126.0 117.0 121.0 124.0 122.0 120.0 117.0 120.0 110.0 117.0 117.0 110.0 119.0 122.0 115.0 118.0 113.0 121.0 111.0 113.0 118.0 126.0 117.0 115.0 121.0 115.0 119.0 116.0 121.0 119.0 113.0 112.0 115.0 104.0 107.0 117.0 104.0 123.0 117.0 111.0 114.0 118.0 112.0 120.0 117.0 113.0 108.0 119.0 112.0 105.0 124.0 117.0 102.0 115.0 103.0 116.0 114.0 117.0 111.0 117.0 116.0 101.0 116.0 118.0 124.0 118.0 120.0 124.0 109.0 118.0 115.0 115.0 115.0 112.0 116.0 117.0 118.0 119.0 108.0 124.0 108.0 117.0 113.0 119.0 119.0 115.0 117.0 121.0 109.0 108.0 121.0 115.0 117.0 122.0 119.0 112.0 117.0 119.0 111.0 111.0 122.0 104.0 106.0 103.0 103.0 111.0 111.0 120.0 124.0 120.0 122.0 124.0 116.0 116.0 121.0 122.0 106.0 117.0 116.0 114.0 108.0 119.0 107.0 124.0 129.0 121.0 116.0 116.0 126.0 126.0 129.0 117.0 117.0 128.0 119.0 119.0 127.0 121.0 124.0 114.0 109.0 123.0 115.0 119.0 118.0 100.0 117.49825783972125 6.888662299963361
27 188.0 202.0 202.0 205.0 199.0 231.0 191.0 189.0 210.0 193.0 206.0 203.0 208.0 189.0 191.0 200.0 205.0 205.0 213.0 200.0 195.0 189.0 197.0 196.0 196.0 196.0 196.0 196.0 220.0 220.0 199.0 199.0 198.0 198.0 198.0 198.0 192.0 212.0 192.0 203.0 228.0 228.0 228.0 228.0 204.0 204.0 179.0 193.0 184.0 184.0 184.0 184.0 184.0 196.0 191.0 189.0 197.0 183.0 197.0 201.0 192.0 198.0 197.0 184.0 205.0 211.0 203.0 175.0 186.0 181.0 207.0 188.0 202.0 197.0 200.0 200.0 207.0 195.0 194.0 203.0 192.0 183.0 194.0 176.0 208.0 215.0 204.0 175.0 177.0 193.0 197.0 177.0 182.0 202.0 195.0 196.0 183.0 187.0 186.0 200.0 203.0 191.0 204.0 209.0 207.0 206.0 182.0 190.0 171.0 194.0 197.0 211.0 196.0 189.0 185.0 199.0 185.0 205.0 198.0 198.0 197.0 199.0 210.0 197.0 203.0 192.0 192.0 208.0 191.0 195.0 191.0 198.0 216.0 197.0 198.0 212.0 203.0 200.0 197.0 189.0 216.0 187.0 199.0 201.0 224.0 201.0 199.0 196.0 199.0 189.0 197.0 193.0 191.0 193.0 209.0 191.0 197.0 198.0 203.0 189.0 199.0 207.0 199.0 197.0 197.0 199.0 198.0 201.0 217.0 211.0 195.0 184.0 180.0 182.0 177.0 203.0 171.0 189.0 199.0 184.0 194.0 199.0 193.0 196.0 197.0 195.0 188.0 189.0 182.0 190.0 190.0 200.0 184.0 173.0 174.0 195.0 189.0 195.0 195.0 191.0 200.0 181.0 184.0 195.0 203.0 200.0 200.0 200.0 193.0 190.0 196.0 193.0 194.0 191.0 189.0 199.0 191.0 192.0 191.0 199.0 197.0 186.0 193.0 280.0 219.0 203.0 192.0 198.0 184.0 197.0 178.0 196.0 194.0 197.0 204.0 195.0 196.0 205.0 199.0 192.0 198.0 191.0 180.0 180.0 176.0 196.0 187.0 199.0 200.0 204.0 203.0 212.0 191.0 191.0 191.0 204.0 177.0 178.0 193.0 195.0 185.0 180.0 197.0 182.0 206.0 209.0 195.0 202.0 206.0 183.0 214.0 205.0 202.0 210.0 202.0 202.0 212.0 219.0 219.0 199.0 188.0 207.0 192.0 176.0 196.0 196.0 178.0 196.5226480836237 11.681915194585347
28 617.0 605.0 620.0 630.0 616.0 612.0 599.0 597.0 628.0 608.0 630.0 636.0 599.0 622.0 629.0 658.0 704.0 661.0 623.0 643.0 611.0 623.0 612.0 632.0 627.0 617.0 610.0 671.0 546.0 551.0 575.0 661.0 615.0 626.0 620.0 645.0 636.0 594.0 608.0 627.0 629.0 646.0 640.0 643.0 618.0 629.0 634.0 574.0 597.0 638.0 638.0 629.0 628.0 621.0 604.0 583.0 571.0 588.0 567.0 581.0 612.0 620.0 607.0 649.0 592.0 606.0 591.0 570.0 573.0 580.0 594.0 610.0 619.0 640.0 622.0 609.0 621.0 613.0 620.0 602.0 608.0 529.0 529.0 647.0 623.0 640.0 560.0 554.0 551.0 572.0 577.0 592.0 655.0 624.0 624.0 663.0 588.0 597.0 588.0 600.0 623.0 631.0 617.0 645.0 632.0 625.0 598.0 541.0 558.0 625.0 656.0 624.0 600.0 632.0 615.0 641.0 644.0 654.0 734.0 708.0 626.0 740.0 745.0 603.0 611.0 596.0 618.0 635.0 654.0 679.0 911.0 1297.0 1329.0 1092.0 1414.0 1440.0 1123.0 1486.0 1412.0 1720.0 1545.0 1282.0 756.0 793.0 754.0 694.0 572.0 594.0 606.0 580.0 607.0 601.0 582.0 592.0 599.0 600.0 605.0 647.0 617.0 628.0 630.0 554.0 551.0 568.0 627.0 620.0 612.0 609.0 545.0 614.0 543.0 569.0 567.0 550.0 595.0 609.0 623.0 589.0 583.0 593.0 607.0 617.0 620.0 611.0 610.0 607.0 603.0 590.0 587.0 595.0 575.0 563.0 559.0 573.0 571.0 593.0 555.0 579.0 578.0 587.0 532.0 557.0 608.0 629.0 616.0 616.0 620.0 593.0 581.0 612.0 599.0 618.0 603.0 594.0 616.0 608.0 605.0 601.0 612.0 597.0 583.0 593.0 606.0 621.0 625.0 616.0 600.0 578.0 582.0 566.0 595.0 621.0 618.0 624.0 614.0 615.0 621.0 621.0 566.0 603.0 624.0 552.0 564.0 591.0 575.0 592.0 641.0 614.0 610.0 658.0 629.0 672.0 627.0 620.0 561.0 552.0 565.0 630.0 615.0 621.0 597.0 572.0 585.0 569.0 634.0 615.0 616.0 596.0 571.0 608.0 637.0 624.0 627.0 630.0 625.0 621.0 633.0 628.0 622.0 598.0 604.0 643.0 641.0 622.0 578.0 596.0 627.0 641.1463414634147 156.0700695879377
29 15.0 15.0 15.0 15.0 15.0 15.0 15.0 15.0 15.0 15.0 15.0 15.0 16.0 16.0 16.0 18.0 18.0 16.0 16.0 16.0 16.0 16.0 16.0 16.0 16.0 14.0 14.0 14.0 14.0 14.0 14.0 16.0 16.0 16.0 16.0 16.0 16.0 14.0 14.0 14.0 14.0 14.0 14.0 14.0 14.0 14.0 14.0 14.0 14.0 14.0 14.0 14.0 14.0 14.0 14.0 14.0 14.0 14.0 14.0 14.0 14.0 16.0 16.0 16.0 16.0 16.0 16.0 14.0 14.0 14.0 16.0 16.0 16.0 16.0 16.0 16.0 16.0 16.0 16.0 14.0 14.0 13.0 18.0 16.0 16.0 14.0 14.0 14.0 14.0 14.0 14.0 14.0 15.0 15.0 12.0 16.0 15.0 14.0 14.0 14.0 14.0 14.0 14.0 14.0 14.0 16.0 14.0 14.0 14.0 14.0 14.0 14.0 17.0 15.0 15.0 17.0 15.0 15.0 14.0 16.0 15.0 17.0 15.0 14.0 13.0 16.0 14.0 68.0 68.0 15.0 15.0 15.0 14.0 32.0 32.0 17.0 17.0 17.0 16.0 16.0 16.0 16.0 15.0 16.0 16.0 15.0 15.0 15.0 15.0 14.0 14.0 13.0 13.0 15.0 15.0 16.0 16.0 14.0 14.0 15.0 14.0 13.0 15.0 16.0 16.0 16.0 16.0 14.0 14.0 14.0 14.0 14.0 14.0 14.0 14.0 14.0 14.0 14.0 16.0 14.0 14.0 14.0 14.0 14.0 14.0 14.0 14.0 15.0 16.0 15.0 13.0 13.0 14.0 16.0 14.0 15.0 13.0 14.0 14.0 14.0 16.0 15.0 14.0 14.0 16.0 16.0 15.0 14.0 14.0 13.0 17.0 14.0 14.0 16.0 16.0 16.0 16.0 16.0 14.0 14.0 14.0 14.0 14.0 15.0 15.0 15.0 14.0 14.0 15.0 15.0 15.0 17.0 16.0 16.0 16.0 16.0 16.0 16.0 16.0 16.0 16.0 16.0 14.0 14.0 14.0 14.0 16.0 15.0 16.0 16.0 16.0 16.0 16.0 16.0 13.0 13.0 13.0 13.0 13.0 13.0 13.0 13.0 13.0 13.0 13.0 13.0 13.0 14.0 14.0 14.0 14.0 14.0 14.0 17.0 17.0 17.0 16.0 16.0 16.0 16.0 16.0 16.0 16.0 16.0 16.0 16.0 16.0 15.35191637630662 4.778102896933249
30 180.0 186.0 184.0 175.0 184.0 182.0 176.0 181.0 181.0 193.0 175.0 177.0 186.0 193.0 187.0 210.0 210.0 180.0 180.0 184.0 177.0 184.0 189.0 179.0 180.0 180.0 180.0 205.0 162.0 180.0 193.0 184.0 184.0 184.0 193.0 200.0 179.0 192.0 187.0 187.0 195.0 195.0 195.0 186.0 185.0 173.0 169.0 169.0 169.0 212.0 189.0 174.0 176.0 179.0 179.0 168.0 168.0 170.0 170.0 184.0 171.0 191.0 189.0 179.0 168.0 174.0 169.0 173.0 170.0 178.0 182.0 197.0 185.0 182.0 184.0 180.0 191.0 178.0 172.0 174.0 157.0 161.0 199.0 180.0 185.0 164.0 182.0 170.0 163.0 165.0 187.0 187.0 183.0 183.0 145.0 166.0 182.0 165.0 177.0 179.0 183.0 183.0 189.0 179.0 190.0 181.0 160.0 177.0 193.0 173.0 183.0 177.0 188.0 171.0 194.0 189.0 185.0 184.0 178.0 178.0 167.0 176.0 169.0 190.0 182.0 175.0 214.0 190.0 182.0 187.0 184.0 187.0 190.0 198.0 178.0 181.0 179.0 182.0 185.0 193.0 179.0 182.0 187.0 176.0 202.0 174.0 180.0 179.0 193.0 166.0 180.0 171.0 168.0 176.0 170.0 181.0 173.0 183.0 184.0 183.0 168.0 162.0 180.0 182.0 186.0 182.0 181.0 157.0 183.0 159.0 177.0 162.0 166.0 180.0 185.0 184.0 178.0 166.0 182.0 176.0 184.0 183.0 180.0 186.0 168.0 179.0 176.0 172.0 184.0 177.0 169.0 175.0 157.0 177.0 182.0 169.0 168.0 172.0 181.0 163.0 179.0 177.0 184.0 185.0 177.0 187.0 173.0 177.0 190.0 176.0 182.0 173.0 176.0 184.0 181.0 184.0 176.0 181.0 170.0 172.0 177.0 177.0 186.0 181.0 184.0 180.0 182.0 165.0 166.0 182.0 188.0 187.0 185.0 176.0 186.0 185.0 184.0 184.0 201.0 167.0 182.0 158.0 208.0 168.0 187.0 186.0 179.0 202.0 192.0 180.0 180.0 184.0 189.0 160.0 160.0 188.0 181.0 184.0 180.0 186.0 161.0 163.0 193.0 187.0 183.0 182.0 195.0 175.0 167.0 184.0 193.0 190.0 182.0 184.0 171.0 171.0 183.0 178.0 178.0 180.0 197.0 185.0 181.0 181.0 182.0 192.0 201.0 180.29268292682926 10.117736043052089
31 342.0 346.0 323.0 336.0 335.0 333.0 333.0 327.0 358.0 316.0 339.0 343.0 348.0 361.0 408.0 408.0 334.0 341.0 344.0 342.0 352.0 348.0 338.0 335.0 310.0 310.0 310.0 305.0 344.0 349.0 341.0 341.0 347.0 358.0 334.0 334.0 351.0 337.0 381.0 361.0 353.0 353.0 339.0 344.0 324.0 317.0 317.0 347.0 355.0 352.0 335.0 340.0 326.0 336.0 350.0 316.0 315.0 328.0 343.0 335.0 352.0 335.0 341.0 346.0 350.0 335.0 319.0 326.0 318.0 346.0 342.0 339.0 347.0 345.0 348.0 360.0 331.0 335.0 330.0 297.0 291.0 360.0 348.0 321.0 300.0 304.0 334.0 329.0 326.0 320.0 340.0 332.0 367.0 348.0 320.0 326.0 346.0 324.0 334.0 347.0 344.0 345.0 332.0 355.0 342.0 292.0 301.0 354.0 342.0 345.0 321.0 321.0 356.0 353.0 362.0 332.0 334.0 345.0 335.0 322.0 291.0 319.0 336.0 333.0 345.0 348.0 350.0 361.0 348.0 338.0 353.0 330.0 329.0 346.0 340.0 344.0 336.0 345.0 344.0 354.0 350.0 342.0 320.0 334.0 310.0 339.0 331.0 336.0 312.0 316.0 320.0 315.0 328.0 324.0 338.0 333.0 351.0 346.0 350.0 316.0 307.0 332.0 342.0 342.0 338.0 343.0 317.0 349.0 305.0 296.0 305.0 302.0 357.0 342.0 346.0 339.0 318.0 335.0 339.0 350.0 341.0 336.0 344.0 329.0 334.0 326.0 325.0 329.0 335.0 301.0 310.0 299.0 324.0 338.0 313.0 314.0 318.0 343.0 305.0 310.0 324.0 344.0 345.0 338.0 346.0 333.0 328.0 333.0 328.0 342.0 323.0 331.0 339.0 339.0 331.0 334.0 340.0 320.0 320.0 321.0 335.0 350.0 352.0 343.0 340.0 340.0 319.0 323.0 333.0 347.0 349.0 344.0 328.0 338.0 344.0 340.0 351.0 343.0 329.0 302.0 323.0 365.0 324.0 325.0 342.0 329.0 356.0 360.0 344.0 347.0 344.0 344.0 339.0 293.0 316.0 342.0 341.0 323.0 331.0 319.0 318.0 357.0 349.0 352.0 343.0 321.0 346.0 338.0 337.0 345.0 356.0 351.0 356.0 325.0 347.0 350.0 341.0 341.0 340.0 363.0 344.0 343.0 343.0 335.0 365.0 359.0 345.0 335.9756097560976 16.65348503692694
32 563.0 582.0 558.0 547.0 555.0 571.0 572.0 560.0 530.0 579.0 570.0 610.0 614.0 642.0 606.0 562.0 542.0 559.0 565.0 589.0 571.0 574.0 542.0 510.0 510.0 508.0 554.0 569.0 589.0 563.0 588.0 562.0 566.0 619.0 636.0 722.0 557.0 597.0 588.0 584.0 576.0 590.0 564.0 543.0 517.0 590.0 568.0 575.0 571.0 541.0 561.0 557.0 573.0 580.0 529.0 530.0 569.0 588.0 568.0 580.0 576.0 551.0 539.0 534.0 542.0 527.0 551.0 554.0 561.0 558.0 559.0 553.0 569.0 581.0 577.0 560.0 550.0 571.0 483.0 480.0 562.0 533.0 524.0 494.0 502.0 546.0 552.0 561.0 561.0 567.0 571.0 589.0 586.0 533.0 522.0 539.0 554.0 585.0 582.0 587.0 570.0 570.0 571.0 516.0 489.0 498.0 584.0 560.0 563.0 536.0 548.0 574.0 547.0 559.0 580.0 557.0 581.0 561.0 478.0 522.0 550.0 567.0 567.0 537.0 566.0 575.0 567.0 564.0 563.0 560.0 553.0 558.0 562.0 552.0 551.0 552.0 564.0 569.0 578.0 577.0 543.0 519.0 533.0 525.0 561.0 553.0 541.0 556.0 539.0 521.0 522.0 554.0 561.0 548.0 545.0 568.0 568.0 547.0 520.0 505.0 558.0 559.0 550.0 564.0 550.0 507.0 514.0 507.0 490.0 499.0 520.0 556.0 561.0 569.0 542.0 523.0 559.0 567.0 573.0 564.0 561.0 558.0 554.0 546.0 535.0 540.0 558.0 539.0 523.0 516.0 569.0 540.0 511.0 502.0 523.0 530.0 521.0 485.0 497.0 547.0 567.0 568.0 561.0 547.0 547.0 549.0 550.0 560.0 557.0 560.0 557.0 554.0 558.0 557.0 547.0 548.0 539.0 521.0 554.0 560.0 576.0 570.0 553.0 557.0 565.0 503.0 512.0 547.0 567.0 576.0 563.0 546.0 564.0 580.0 571.0 580.0 571.0 547.0 504.0 514.0 595.0 539.0 555.0 568.0 566.0 591.0 583.0 570.0 575.0 571.0 580.0 495.0 494.0 548.0 573.0 593.0 551.0 528.0 506.0 518.0 583.0 574.0 568.0 539.0 581.0 561.0 582.0 561.0 598.0 587.0 570.0 644.0 549.0 574.0 591.0 567.0 584.0 575.0 585.0 563.0 554.0 555.0 582.0 595.0 601.0 558.0 569.0 555.9895470383275 28.89037446118335
33 194.0 183.0 191.0 209.0 182.0 198.0 186.0 177.0 196.0 215.0 195.0 195.0 195.0 190.0 192.0 193.0 193.0 210.0 229.0 201.0 190.0 188.0 192.0 192.0 192.0 192.0 201.0 203.0 203.0 188.0 188.0 203.0 211.0 237.0 198.0 242.0 242.0 197.0 186.0 202.0 202.0 180.0 183.0 183.0 183.0 201.0 198.0 197.0 198.0 185.0 210.0 202.0 187.0 187.0 350.0 193.0 187.0 197.0 192.0 186.0 190.0 177.0 193.0 184.0 190.0 175.0 191.0 207.0 194.0 184.0 188.0 204.0 196.0 192.0 190.0 180.0 195.0 163.0 164.0 185.0 187.0 184.0 178.0 187.0 183.0 194.0 193.0 189.0 194.0 208.0 194.0 202.0 180.0 193.0 185.0 187.0 193.0 210.0 208.0 193.0 200.0 190.0 186.0 166.0 196.0 207.0 187.0 205.0 182.0 191.0 197.0 192.0 192.0 197.0 195.0 198.0 192.0 169.0 171.0 189.0 193.0 207.0 188.0 202.0 196.0 200.0 191.0 190.0 199.0 194.0 184.0 222.0 186.0 178.0 186.0 192.0 193.0 205.0 193.0 181.0 175.0 181.0 174.0 201.0 195.0 193.0 189.0 188.0 175.0 185.0 196.0 201.0 182.0 190.0 193.0 208.0 196.0 176.0 177.0 196.0 191.0 183.0 193.0 200.0 171.0 188.0 166.0 178.0 166.0 190.0 190.0 195.0 195.0 186.0 190.0 199.0 193.0 197.0 192.0 193.0 192.0 187.0 190.0 185.0 182.0 200.0 179.0 194.0 192.0 197.0 196.0 197.0 169.0 178.0 195.0 190.0 167.0 170.0 184.0 196.0 193.0 192.0 179.0 187.0 195.0 185.0 194.0 192.0 193.0 192.0 184.0 191.0 191.0 177.0 193.0 182.0 186.0 185.0 196.0 197.0 194.0 199.0 192.0 192.0 176.0 175.0 193.0 198.0 191.0 197.0 191.0 191.0 196.0 209.0 201.0 185.0 188.0 176.0 214.0 196.0 186.0 198.0 195.0 200.0 204.0 189.0 205.0 212.0 197.0 218.0 170.0 195.0 198.0 204.0 191.0 181.0 193.0 176.0 202.0 211.0 200.0 200.0 180.0 198.0 197.0 194.0 197.0 205.0 200.0 211.0 201.0 219.0 208.0 192.0 189.0 205.0 240.0 191.0 194.0 194.0 189.0 212.0 210.0 196.0 277.0 193.0 188.0 193.54703832752614 15.722585752231986
34 131.0 137.0 144.0 135.0 139.0 144.0 126.0 138.0 140.0 140.0 139.0 139.0 140.0 134.0 135.0 132.0 139.0 144.0 138.0 136.0 137.0 136.0 136.0 136.0 136.0 145.0 143.0 137.0 137.0 137.0 141.0 140.0 157.0 134.0 133.0 133.0 145.0 145.0 144.0 143.0 145.0 133.0 128.0 141.0 145.0 137.0 141.0 143.0 133.0 139.0 143.0 143.0 143.0 143.0 140.0 137.0 144.0 146.0 126.0 140.0 132.0 137.0 142.0 125.0 125.0 128.0 137.0 139.0 140.0 133.0 137.0 141.0 141.0 135.0 135.0 138.0 141.0 117.0 152.0 133.0 133.0 127.0 127.0 137.0 134.0 142.0 137.0 134.0 147.0 141.0 144.0 140.0 121.0 140.0 136.0 140.0 142.0 141.0 135.0 136.0 144.0 133.0 121.0 119.0 137.0 131.0 136.0 130.0 134.0 126.0 148.0 135.0 140.0 137.0 140.0 138.0 135.0 138.0 131.0 129.0 137.0 134.0 133.0 138.0 137.0 137.0 133.0 135.0 132.0 153.0 150.0 132.0 127.0 130.0 136.0 137.0 141.0 139.0 138.0 125.0 125.0 125.0 125.0 131.0 141.0 127.0 140.0 132.0 129.0 141.0 143.0 137.0 132.0 140.0 140.0 142.0 124.0 125.0 139.0 139.0 127.0 139.0 138.0 132.0 124.0 124.0 123.0 117.0 132.0 133.0 141.0 137.0 138.0 123.0 137.0 133.0 139.0 137.0 134.0 140.0 139.0 135.0 131.0 129.0 134.0 132.0 129.0 136.0 139.0 140.0 140.0 118.0 124.0 128.0 133.0 120.0 119.0 129.0 140.0 139.0 138.0 139.0 132.0 130.0 135.0 139.0 138.0 136.0 133.0 138.0 130.0 135.0 118.0 120.0 134.0 128.0 131.0 141.0 144.0 135.0 128.0 135.0 135.0 139.0 122.0 136.0 138.0 143.0 137.0 133.0 137.0 137.0 140.0 143.0 145.0 130.0 122.0 122.0 144.0 132.0 139.0 141.0 137.0 146.0 140.0 140.0 138.0 142.0 140.0 126.0 119.0 142.0 139.0 137.0 132.0 129.0 124.0 124.0 134.0 134.0 138.0 143.0 117.0 142.0 124.0 134.0 141.0 140.0 143.0 135.0 141.0 143.0 140.0 139.0 135.0 124.0 124.0 139.0 139.0 125.0 142.0 142.0 134.0 139.0 134.0 136.0 138.0 135.49825783972125 6.894243349335708
35 5.0 5.0 5.0 5.0 5.0 5.0 5.0 5.0 5.0 5.0 5.0 5.0 5.0 5.0 5.0 5.0 5.0 5.0 5.0 5.0 5.0 5.0 5.0 5.0 5.0 5.0 5.0 5.0 5.0 5.0 5.0 5.0 5.0 5.0 5.0 5.0 5.0 5.0 5.0 5.0 5.0 5.0 5.0 5.0 5.0 5.0 5.0 5.0 5.0 5.0 5.0 5.0 5.0 5.0 5.0 5.0 5.0 5.0 5.0 5.0 5.0 5.0 5.0 5.0 5.0 5.0 5.0 5.0 5.0 5.0 5.0 5.0 5.0 5.0 5.0 5.0 5.0 4.0 4.0 4.0 4.0 5.0 5.0 5.0 6.0 5.0 5.0 5.0 5.0 5.0 5.0 4.0 4.0 5.0 5.0 5.0 5.0 5.0 5.0 5.0 5.0 5.0 5.0 5.0 5.0 5.0 5.0 5.0 5.0 5.0 5.0 5.0 5.0 5.0 6.0 6.0 6.0 6.0 6.0 5.0 5.0 5.0 5.0 5.0 5.0 5.0 5.0 5.0 5.0 5.0 5.0 5.0 5.0 5.0 5.0 5.0 6.0 6.0 6.0 5.0 5.0 5.0 5.0 5.0 5.0 5.0 5.0 5.0 5.0 5.0 5.0 5.0 5.0 5.0 5.0 5.0 4.0 5.0 5.0 5.0 5.0 5.0 5.0 4.0 4.0 5.0 5.0 4.0 4.0 4.0 5.0 5.0 5.0 4.0 4.0 4.0 5.0 5.0 5.0 5.0 5.0 5.0 5.0 5.0 5.0 5.0 5.0 5.0 5.0 5.0 5.0 4.0 5.0 5.0 5.0 5.0 5.0 5.0 6.0 6.0 6.0 6.0 6.0 5.0 5.0 5.0 5.0 5.0 6.0 5.0 5.0 5.0 5.0 5.0 5.0 5.0 5.0 5.0 5.0 5.0 5.0 5.0 5.0 5.0 5.0 5.0 5.0 6.0 6.0 6.0 5.0 5.0 5.0 5.0 5.0 5.0 5.0 5.0 5.0 5.0 5.0 5.0 5.0 5.0 5.0 5.0 5.0 5.0 5.0 5.0 5.0 5.0 5.0 5.0 5.0 5.0 5.0 5.0 5.0 5.0 5.0 5.0 5.0 5.0 5.0 5.0 5.0 6.0 6.0 5.0 5.0 5.0 5.0 5.0 5.0 5.0 5.0 5.0 5.0 5.0 5.0 5.0 5.0 5.0 5.0 6.0 6.0 5.020905923344948 0.3639073330707876
36 59.0 59.0 47.0 47.0 43.0 43.0 39.0 47.0 47.0 45.0 45.0 45.0 47.0 45.0 45.0 59.0 49.0 46.0 46.0 46.0 46.0 43.0 43.0 43.0 43.0 43.0 49.0 49.0 49.0 49.0 59.0 56.0 56.0 46.0 46.0 46.0 48.0 48.0 48.0 50.0 50.0 45.0 45.0 45.0 48.0 44.0 44.0 45.0 43.0 48.0 46.0 46.0 46.0 46.0 46.0 46.0 58.0 52.0 45.0 45.0 61.0 44.0 46.0 42.0 40.0 47.0 50.0 43.0 43.0 45.0 50.0 62.0 52.0 45.0 40.0 56.0 37.0 37.0 37.0 44.0 47.0 41.0 43.0 54.0 47.0 50.0 45.0 48.0 51.0 51.0 47.0 42.0 50.0 45.0 50.0 47.0 53.0 46.0 49.0 46.0 45.0 45.0 40.0 40.0 48.0 51.0 47.0 44.0 44.0 45.0 48.0 52.0 46.0 46.0 46.0 45.0 47.0 44.0 43.0 42.0 47.0 44.0 50.0 50.0 48.0 44.0 44.0 47.0 43.0 51.0 45.0 45.0 45.0 43.0 70.0 46.0 50.0 48.0 45.0 47.0 40.0 41.0 47.0 46.0 47.0 41.0 43.0 46.0 50.0 51.0 49.0 49.0 45.0 49.0 46.0 50.0 43.0 40.0 45.0 44.0 44.0 54.0 51.0 38.0 42.0 40.0 46.0 38.0 45.0 45.0 44.0 60.0 44.0 42.0 56.0 46.0 47.0 43.0 51.0 51.0 44.0 45.0 44.0 48.0 51.0 41.0 52.0 48.0 50.0 48.0 45.0 38.0 41.0 45.0 47.0 40.0 41.0 42.0 45.0 48.0 46.0 43.0 48.0 47.0 44.0 45.0 46.0 46.0 47.0 44.0 45.0 45.0 39.0 45.0 42.0 42.0 45.0 52.0 52.0 43.0 44.0 50.0 45.0 46.0 39.0 47.0 51.0 43.0 45.0 47.0 46.0 46.0 48.0 49.0 42.0 44.0 39.0 54.0 54.0 48.0 45.0 46.0 45.0 45.0 43.0 43.0 45.0 50.0 46.0 46.0 39.0 45.0 46.0 48.0 41.0 59.0 42.0 48.0 48.0 48.0 47.0 39.0 39.0 46.0 50.0 50.0 46.0 46.0 47.0 47.0 49.0 49.0 43.0 41.0 49.0 40.0 40.0 46.0 46.0 46.0 45.0 47.0 46.0 46.0 49.0 49.0 52.0 46.36933797909408 4.486518334186667
37 570.0 558.0 552.0 561.0 559.0 575.0 560.0 566.0 573.0 570.0 604.0 546.0 553.0 559.0 544.0 604.0 590.0 558.0 551.0 546.0 545.0 536.0 536.0 557.0 577.0 599.0 555.0 537.0 659.0 580.0 609.0 573.0 553.0 553.0 604.0 574.0 577.0 591.0 574.0 555.0 538.0 584.0 564.0 562.0 570.0 571.0 566.0 555.0 559.0 571.0 571.0 531.0 612.0 584.0 595.0 555.0 545.0 570.0 559.0 560.0 571.0 547.0 517.0 536.0 563.0 570.0 561.0 565.0 555.0 563.0 565.0 568.0 549.0 542.0 571.0 475.0 472.0 495.0 535.0 528.0 515.0 517.0 562.0 551.0 571.0 551.0 560.0 567.0 554.0 550.0 540.0 532.0 563.0 553.0 536.0 555.0 578.0 553.0 577.0 561.0 518.0 479.0 485.0 535.0 558.0 561.0 539.0 545.0 569.0 557.0 550.0 597.0 566.0 561.0 553.0 550.0 541.0 542.0 536.0 556.0 545.0 542.0 574.0 594.0 554.0 546.0 563.0 549.0 546.0 582.0 570.0 559.0 539.0 546.0 558.0 563.0 562.0 529.0 529.0 524.0 543.0 555.0 552.0 555.0 544.0 517.0 530.0 552.0 558.0 554.0 559.0 548.0 552.0 559.0 555.0 514.0 497.0 523.0 556.0 532.0 590.0 581.0 503.0 507.0 487.0 502.0 506.0 517.0 552.0 560.0 561.0 532.0 529.0 567.0 568.0 553.0 561.0 544.0 556.0 539.0 531.0 534.0 533.0 543.0 542.0 556.0 562.0 569.0 520.0 542.0 492.0 509.0 532.0 545.0 494.0 485.0 528.0 544.0 521.0 549.0 535.0 540.0 553.0 595.0 601.0 586.0 545.0 551.0 544.0 539.0 545.0 490.0 519.0 524.0 527.0 541.0 550.0 572.0 570.0 550.0 572.0 556.0 515.0 499.0 546.0 559.0 562.0 560.0 542.0 561.0 568.0 569.0 575.0 565.0 522.0 494.0 498.0 566.0 555.0 567.0 557.0 555.0 575.0 564.0 504.0 517.0 566.0 556.0 531.0 483.0 494.0 555.0 554.0 558.0 535.0 513.0 505.0 558.0 573.0 571.0 546.0 551.0 565.0 551.0 570.0 604.0 587.0 578.0 557.0 552.0 562.0 567.0 545.0 532.0 507.0 564.0 559.0 549.0 566.0 581.0 570.0 516.0 578.0 596.0 596.0 573.0 586.0 551.1916376306621 26.325986253204146
38 158.0 156.0 165.0 165.0 152.0 195.0 168.0 165.0 317.0 155.0 164.0 165.0 160.0 161.0 171.0 173.0 164.0 164.0 162.0 163.0 163.0 163.0 165.0 172.0 165.0 168.0 165.0 175.0 175.0 177.0 179.0 163.0 163.0 163.0 157.0 163.0 172.0 203.0 162.0 168.0 168.0 168.0 171.0 172.0 165.0 165.0 157.0 170.0 173.0 162.0 162.0 162.0 167.0 161.0 174.0 192.0 184.0 170.0 173.0 168.0 167.0 167.0 169.0 169.0 162.0 171.0 177.0 172.0 174.0 169.0 172.0 200.0 158.0 591.0 170.0 140.0 166.0 161.0 168.0 154.0 168.0 170.0 159.0 170.0 166.0 152.0 170.0 173.0 167.0 158.0 157.0 169.0 167.0 170.0 170.0 171.0 184.0 169.0 172.0 161.0 142.0 147.0 161.0 166.0 165.0 159.0 164.0 175.0 164.0 168.0 160.0 179.0 172.0 164.0 166.0 158.0 158.0 167.0 167.0 167.0 162.0 166.0 177.0 186.0 167.0 163.0 164.0 156.0 186.0 164.0 147.0 157.0 162.0 165.0 167.0 173.0 176.0 150.0 165.0 163.0 173.0 165.0 164.0 157.0 170.0 171.0 163.0 167.0 166.0 163.0 174.0 164.0 168.0 181.0 152.0 155.0 172.0 171.0 160.0 171.0 162.0 152.0 160.0 155.0 150.0 164.0 166.0 167.0 167.0 171.0 166.0 156.0 175.0 169.0 168.0 165.0 164.0 168.0 156.0 156.0 160.0 160.0 181.0 154.0 166.0 166.0 170.0 152.0 176.0 158.0 152.0 164.0 160.0 142.0 150.0 159.0 169.0 155.0 167.0 155.0 161.0 170.0 160.0 165.0 164.0 166.0 178.0 159.0 164.0 157.0 139.0 152.0 150.0 162.0 162.0 201.0 170.0 164.0 167.0 179.0 172.0 165.0 142.0 164.0 160.0 165.0 166.0 162.0 169.0 168.0 172.0 168.0 171.0 161.0 146.0 171.0 150.0 164.0 167.0 159.0 172.0 168.0 167.0 156.0 156.0 168.0 164.0 168.0 141.0 165.0 164.0 167.0 165.0 163.0 155.0 155.0 162.0 173.0 174.0 142.0 161.0 168.0 165.0 175.0 168.0 173.0 172.0 167.0 154.0 167.0 166.0 161.0 162.0 150.0 174.0 177.0 177.0 174.0 164.0 176.0 151.0 151.0 163.0 165.0 165.0 165.0 169.0 167.21254355400697 28.164230826585065
39 392.0 387.0 381.0 365.0 387.0 395.0 400.0 404.0 375.0 384.0 378.0 379.0 387.0 410.0 408.0 390.0 378.0 385.0 384.0 384.0 384.0 402.0 396.0 387.0 400.0 388.0 404.0 429.0 423.0 407.0 393.0 406.0 406.0 412.0 414.0 402.0 395.0 380.0 365.0 374.0 382.0 379.0 404.0 393.0 400.0 384.0 397.0 405.0 412.0 400.0 412.0 387.0 385.0 393.0 402.0 395.0 396.0 411.0 402.0 407.0 398.0 369.0 403.0 397.0 403.0 398.0 410.0 413.0 403.0 401.0 386.0 391.0 390.0 347.0 334.0 367.0 378.0 384.0 384.0 370.0 412.0 408.0 399.0 402.0 379.0 391.0 397.0 395.0 357.0 364.0 398.0 385.0 399.0 406.0 396.0 375.0 399.0 395.0 386.0 340.0 347.0 392.0 385.0 389.0 378.0 380.0 416.0 390.0 389.0 394.0 397.0 394.0 393.0 390.0 387.0 376.0 384.0 389.0 386.0 384.0 395.0 404.0 383.0 382.0 399.0 386.0 381.0 371.0 387.0 399.0 377.0 386.0 393.0 396.0 392.0 378.0 357.0 389.0 387.0 395.0 385.0 384.0 374.0 390.0 382.0 388.0 407.0 387.0 392.0 381.0 383.0 407.0 384.0 364.0 356.0 387.0 388.0 391.0 402.0 402.0 373.0 340.0 352.0 355.0 395.0 387.0 400.0 399.0 399.0 383.0 385.0 385.0 394.0 394.0 391.0 398.0 394.0 376.0 377.0 381.0 385.0 385.0 367.0 388.0 391.0 396.0 358.0 354.0 372.0 366.0 365.0 378.0 378.0 366.0 365.0 385.0 375.0 358.0 358.0 381.0 409.0 400.0 373.0 389.0 380.0 387.0 381.0 380.0 383.0 344.0 345.0 378.0 366.0 381.0 394.0 414.0 398.0 390.0 401.0 404.0 383.0 354.0 386.0 388.0 391.0 388.0 378.0 387.0 395.0 399.0 402.0 391.0 389.0 345.0 347.0 361.0 393.0 398.0 392.0 395.0 416.0 399.0 370.0 352.0 402.0 394.0 387.0 344.0 344.0 393.0 385.0 378.0 391.0 366.0 367.0 387.0 404.0 403.0 381.0 371.0 407.0 386.0 394.0 393.0 399.0 409.0 395.0 375.0 397.0 395.0 384.0 377.0 355.0 394.0 398.0 388.0 409.0 391.0 380.0 356.0 371.0 372.0 383.0 411.0 401.0 377.0 366.0 386.6585365853658 16.274796743423273
40 122.0 122.0 115.0 115.0 122.0 118.0 119.0 125.0 104.0 118.0 116.0 118.0 125.0 127.0 119.0 112.0 115.0 120.0 120.0 120.0 120.0 125.0 126.0 123.0 130.0 125.0 125.0 120.0 122.0 120.0 120.0 120.0 120.0 120.0 127.0 124.0 124.0 118.0 118.0 118.0 119.0 130.0 124.0 121.0 114.0 127.0 126.0 126.0 126.0 126.0 123.0 128.0 126.0 123.0 122.0 122.0 125.0 123.0 123.0 120.0 120.0 123.0 119.0 121.0 123.0 125.0 132.0 118.0 125.0 118.0 119.0 121.0 125.0 103.0 135.0 126.0 115.0 114.0 118.0 118.0 123.0 126.0 116.0 126.0 123.0 129.0 123.0 125.0 107.0 121.0 122.0 121.0 125.0 127.0 122.0 126.0 117.0 119.0 111.0 106.0 126.0 120.0 119.0 119.0 114.0 126.0 120.0 120.0 121.0 124.0 117.0 117.0 120.0 126.0 117.0 118.0 124.0 123.0 118.0 125.0 122.0 119.0 118.0 117.0 119.0 120.0 129.0 117.0 121.0 113.0 120.0 121.0 122.0 123.0 121.0 111.0 124.0 123.0 119.0 136.0 117.0 119.0 125.0 112.0 109.0 123.0 112.0 122.0 115.0 119.0 124.0 123.0 119.0 114.0 123.0 120.0 116.0 122.0 121.0 124.0 106.0 109.0 107.0 119.0 119.0 120.0 126.0 121.0 125.0 115.0 118.0 120.0 120.0 126.0 119.0 117.0 112.0 111.0 117.0 122.0 116.0 117.0 120.0 121.0 122.0 122.0 108.0 113.0 116.0 111.0 117.0 112.0 127.0 110.0 120.0 114.0 111.0 120.0 117.0 121.0 118.0 107.0 118.0 116.0 120.0 118.0 116.0 118.0 118.0 105.0 119.0 112.0 112.0 120.0 121.0 128.0 128.0 121.0 114.0 117.0 108.0 113.0 118.0 111.0 106.0 114.0 117.0 122.0 115.0 125.0 120.0 119.0 108.0 107.0 109.0 116.0 120.0 132.0 124.0 122.0 122.0 121.0 111.0 123.0 122.0 113.0 103.0 103.0 119.0 129.0 112.0 118.0 112.0 113.0 121.0 118.0 122.0 116.0 113.0 120.0 118.0 120.0 119.0 125.0 128.0 125.0 115.0 122.0 116.0 123.0 116.0 110.0 128.0 122.0 122.0 123.0 117.0 123.0 123.0 105.0 111.0 121.0 125.0 125.0 119.0 112.0 119.0 119.34146341463415 5.733759852551706
41 84.0 84.0 91.0 87.0 89.0 89.0 85.0 85.0 81.0 95.0 112.0 112.0 92.0 86.0 87.0 87.0 82.0 82.0 82.0 82.0 100.0 88.0 88.0 85.0 85.0 102.0 106.0 93.0 91.0 93.0 78.0 78.0 78.0 78.0 88.0 89.0 96.0 96.0 96.0 96.0 105.0 101.0 101.0 102.0 91.0 96.0 96.0 88.0 88.0 88.0 95.0 107.0 82.0 89.0 103.0 85.0 87.0 88.0 88.0 82.0 85.0 87.0 86.0 133.0 103.0 92.0 125.0 85.0 95.0 96.0 95.0 95.0 92.0 73.0 88.0 81.0 94.0 80.0 95.0 94.0 86.0 94.0 96.0 86.0 84.0 94.0 87.0 89.0 80.0 96.0 91.0 93.0 92.0 93.0 92.0 93.0 90.0 87.0 75.0 77.0 89.0 89.0 93.0 88.0 77.0 97.0 85.0 87.0 92.0 90.0 84.0 80.0 108.0 95.0 83.0 98.0 89.0 87.0 87.0 87.0 88.0 90.0 90.0 91.0 85.0 89.0 90.0 91.0 85.0 96.0 85.0 100.0 92.0 88.0 85.0 81.0 90.0 91.0 110.0 84.0 82.0 100.0 85.0 81.0 80.0 90.0 91.0 85.0 84.0 90.0 83.0 85.0 84.0 81.0 91.0 90.0 91.0 88.0 89.0 98.0 77.0 81.0 76.0 85.0 79.0 87.0 85.0 87.0 86.0 84.0 85.0 92.0 88.0 89.0 85.0 94.0 82.0 79.0 80.0 82.0 89.0 85.0 85.0 110.0 87.0 76.0 75.0 79.0 79.0 76.0 82.0 79.0 86.0 84.0 92.0 81.0 77.0 84.0 112.0 77.0 87.0 91.0 89.0 77.0 93.0 82.0 90.0 89.0 80.0 76.0 83.0 85.0 81.0 95.0 94.0 91.0 89.0 79.0 79.0 87.0 74.0 85.0 118.0 76.0 76.0 87.0 92.0 94.0 79.0 97.0 76.0 79.0 74.0 95.0 95.0 95.0 100.0 90.0 99.0 83.0 84.0 85.0 82.0 91.0 77.0 97.0 77.0 96.0 91.0 86.0 81.0 83.0 83.0 86.0 82.0 114.0 86.0 85.0 89.0 89.0 88.0 93.0 89.0 91.0 91.0 79.0 79.0 93.0 99.0 90.0 90.0 90.0 82.0 83.0 83.0 101.0 102.0 99.0 82.0 82.0 92.0 89.0 89.0 89.0 91.0 78.0 89.0 88.602787456446 8.438738051108514
42 695.0 686.0 685.0 727.0 707.0 655.0 635.0 659.0 643.0 647.0 711.0 705.0 672.0 669.0 624.0 643.0 640.0 665.0 652.0 652.0 791.0 668.0 706.0 694.0 727.0 584.0 594.0 697.0 675.0 665.0 648.0 697.0 713.0 667.0 651.0 640.0 645.0 645.0 667.0 677.0 677.0 663.0 672.0 639.0 799.0 1112.0 665.0 684.0 673.0 646.0 638.0 789.0 700.0 657.0 671.0 715.0 664.0 623.0 652.0 674.0 677.0 670.0 669.0 719.0 710.0 714.0 692.0 707.0 700.0 732.0 708.0 660.0 650.0 710.0 695.0 624.0 610.0 644.0 677.0 701.0 693.0 685.0 692.0 681.0 699.0 717.0 665.0 665.0 678.0 662.0 693.0 681.0 675.0 685.0 683.0 660.0 656.0 569.0 575.0 673.0 671.0 663.0 670.0 686.0 670.0 643.0 660.0 690.0 677.0 659.0 658.0 675.0 682.0 677.0 650.0 646.0 641.0 657.0 674.0 663.0 642.0 657.0 658.0 674.0 672.0 674.0 665.0 712.0 660.0 686.0 713.0 686.0 690.0 656.0 607.0 609.0 655.0 638.0 636.0 649.0 652.0 677.0 673.0 661.0 680.0 685.0 662.0 658.0 668.0 685.0 676.0 659.0 659.0 695.0 601.0 600.0 640.0 667.0 592.0 590.0 579.0 603.0 648.0 656.0 657.0 671.0 678.0 677.0 652.0 671.0 669.0 671.0 648.0 663.0 648.0 653.0 629.0 648.0 640.0 672.0 660.0 707.0 687.0 684.0 675.0 590.0 645.0 617.0 607.0 698.0 681.0 684.0 658.0 650.0 656.0 663.0 638.0 639.0 698.0 673.0 674.0 652.0 679.0 660.0 637.0 636.0 626.0 603.0 586.0 636.0 619.0 634.0 644.0 683.0 657.0 706.0 623.0 610.0 625.0 596.0 627.0 677.0 671.0 657.0 649.0 670.0 667.0 698.0 672.0 665.0 671.0 580.0 580.0 679.0 677.0 679.0 683.0 676.0 653.0 650.0 645.0 668.0 672.0 644.0 608.0 612.0 589.0 670.0 646.0 644.0 642.0 601.0 608.0 683.0 673.0 693.0 659.0 660.0 670.0 678.0 662.0 700.0 667.0 687.0 640.0 659.0 664.0 653.0 626.0 659.0 675.0 640.0 655.0 687.0 710.0 647.0 721.0 675.0 980.0 700.0 676.0 890.0 657.0 645.0 657.0 665.0 664.0 666.4076655052265 48.10766273434875
43 730.0 744.0 734.0 700.0 678.0 694.0 724.0 738.0 721.0 722.0 702.0 709.0 717.0 710.0 722.0 707.0 728.0 710.0 710.0 719.0 735.0 746.0 721.0 654.0 653.0 738.0 717.0 683.0 699.0 995.0 722.0 736.0 735.0 771.0 713.0 703.0 718.0 763.0 737.0 731.0 715.0 744.0 805.0 710.0 682.0 694.0 716.0 720.0 726.0 747.0 715.0 742.0 730.0 726.0 779.0 823.0 765.0 719.0 714.0 707.0 779.0 752.0 761.0 750.0 765.0 729.0 731.0 719.0 661.0 698.0 733.0 769.0 725.0 737.0 761.0 765.0 781.0 744.0 729.0 716.0 713.0 687.0 709.0 720.0 734.0 729.0 759.0 805.0 748.0 732.0 758.0 767.0 734.0 771.0 689.0 633.0 644.0 702.0 736.0 788.0 745.0 735.0 712.0 728.0 761.0 727.0 704.0 701.0 713.0 720.0 727.0 703.0 740.0 659.0 657.0 673.0 705.0 761.0 726.0 759.0 733.0 744.0 723.0 715.0 705.0 753.0 715.0 731.0 734.0 732.0 739.0 732.0 701.0 678.0 683.0 686.0 665.0 701.0 651.0 663.0 720.0 696.0 670.0 658.0 693.0 733.0 676.0 665.0 679.0 720.0 728.0 718.0 676.0 669.0 678.0 776.0 706.0 660.0 653.0 636.0 697.0 707.0 742.0 723.0 747.0 748.0 740.0 738.0 736.0 729.0 717.0 703.0 696.0 716.0 716.0 747.0 737.0 722.0 757.0 708.0 752.0 725.0 664.0 671.0 679.0 682.0 730.0 725.0 724.0 736.0 755.0 741.0 721.0 728.0 736.0 683.0 683.0 691.0 735.0 731.0 716.0 724.0 717.0 706.0 668.0 658.0 656.0 664.0 679.0 696.0 708.0 719.0 700.0 706.0 669.0 734.0 756.0 703.0 685.0 727.0 725.0 710.0 716.0 737.0 738.0 743.0 772.0 729.0 668.0 668.0 718.0 715.0 732.0 762.0 759.0 783.0 705.0 666.0 650.0 701.0 788.0 723.0 677.0 683.0 765.0 748.0 721.0 711.0 678.0 685.0 681.0 673.0 729.0 739.0 722.0 719.0 722.0 732.0 745.0 753.0 768.0 746.0 742.0 727.0 747.0 736.0 704.0 694.0 724.0 715.0 731.0 738.0 735.0 749.0 732.0 753.0 748.0 739.0 724.0 725.0 727.0 728.0 720.0 710.0 696.0 727.0 722.0 720.1672473867595 35.70439886541549
44 190.0 190.0 179.0 165.0 170.0 178.0 180.0 176.0 179.0 174.0 163.0 172.0 179.0 179.0 176.0 176.0 176.0 176.0 178.0 180.0 187.0 192.0 155.0 181.0 181.0 172.0 166.0 175.0 175.0 173.0 177.0 177.0 177.0 177.0 171.0 185.0 186.0 177.0 185.0 179.0 187.0 187.0 187.0 187.0 164.0 180.0 172.0 187.0 187.0 175.0 193.0 178.0 175.0 177.0 181.0 179.0 178.0 172.0 179.0 196.0 180.0 172.0 189.0 183.0 180.0 179.0 181.0 170.0 165.0 179.0 190.0 172.0 175.0 180.0 186.0 179.0 176.0 178.0 186.0 168.0 166.0 177.0 179.0 178.0 182.0 175.0 186.0 191.0 174.0 183.0 181.0 181.0 178.0 173.0 153.0 178.0 173.0 179.0 182.0 180.0 186.0 167.0 171.0 176.0 175.0 173.0 178.0 191.0 182.0 173.0 168.0 179.0 159.0 161.0 168.0 174.0 182.0 175.0 177.0 170.0 186.0 187.0 175.0 174.0 172.0 171.0 179.0 183.0 171.0 166.0 175.0 168.0 167.0 171.0 171.0 168.0 174.0 158.0 180.0 193.0 179.0 165.0 167.0 174.0 174.0 177.0 165.0 182.0 179.0 174.0 174.0 175.0 172.0 176.0 168.0 175.0 157.0 153.0 178.0 169.0 179.0 163.0 174.0 178.0 176.0 172.0 180.0 174.0 177.0 169.0 166.0 171.0 167.0 178.0 185.0 179.0 163.0 169.0 165.0 170.0 178.0 183.0 184.0 166.0 165.0 176.0 179.0 177.0 176.0 168.0 172.0 172.0 175.0 175.0 179.0 173.0 175.0 175.0 166.0 175.0 174.0 171.0 174.0 172.0 157.0 162.0 163.0 165.0 170.0 175.0 175.0 184.0 181.0 156.0 173.0 170.0 175.0 174.0 176.0 177.0 174.0 182.0 177.0 182.0 180.0 180.0 175.0 160.0 171.0 166.0 176.0 180.0 194.0 172.0 172.0 172.0 177.0 162.0 158.0 187.0 175.0 180.0 181.0 181.0 172.0 174.0 173.0 176.0 163.0 160.0 177.0 179.0 174.0 199.0 178.0 173.0 178.0 177.0 181.0 183.0 182.0 166.0 178.0 168.0 177.0 163.0 172.0 168.0 175.0 177.0 186.0 165.0 190.0 202.0 168.0 176.0 177.0 178.0 176.0 176.0 177.0 186.0 168.0 167.0 171.0 185.0 185.0 175.5644599303136 7.840311265426485
45 644.0 562.0 587.0 608.0 634.0 650.0 664.0 638.0 623.0 617.0 621.0 567.0 567.0 621.0 641.0 619.0 606.0 619.0 650.0 672.0 601.0 583.0 585.0 599.0 616.0 598.0 637.0 622.0 628.0 624.0 628.0 615.0 583.0 638.0 655.0 647.0 638.0 673.0 649.0 622.0 655.0 659.0 616.0 622.0 633.0 645.0 655.0 636.0 641.0 663.0 648.0 630.0 634.0 615.0 628.0 629.0 627.0 671.0 665.0 646.0 645.0 616.0 605.0 642.0 635.0 542.0 545.0 625.0 648.0 655.0 651.0 650.0 639.0 637.0 633.0 643.0 643.0 625.0 617.0 611.0 647.0 645.0 677.0 680.0 659.0 660.0 596.0 598.0 633.0 655.0 648.0 622.0 558.0 557.0 564.0 628.0 644.0 649.0 643.0 618.0 607.0 613.0 628.0 630.0 615.0 603.0 611.0 626.0 558.0 625.0 635.0 605.0 582.0 633.0 631.0 636.0 626.0 636.0 638.0 602.0 616.0 616.0 587.0 630.0 632.0 628.0 627.0 615.0 622.0 642.0 639.0 613.0 617.0 613.0 610.0 625.0 654.0 613.0 629.0 647.0 576.0 581.0 630.0 631.0 591.0 572.0 599.0 643.0 640.0 609.0 584.0 596.0 652.0 608.0 557.0 567.0 550.0 580.0 607.0 617.0 651.0 611.0 660.0 629.0 631.0 632.0 641.0 583.0 584.0 599.0 629.0 625.0 642.0 659.0 642.0 609.0 606.0 610.0 590.0 564.0 629.0 610.0 603.0 594.0 628.0 636.0 638.0 620.0 612.0 610.0 620.0 634.0 615.0 621.0 640.0 637.0 618.0 632.0 632.0 624.0 631.0 620.0 568.0 563.0 568.0 581.0 591.0 574.0 601.0 630.0 636.0 585.0 584.0 605.0 623.0 614.0 636.0 643.0 620.0 622.0 631.0 640.0 642.0 646.0 642.0 604.0 592.0 591.0 636.0 630.0 650.0 660.0 636.0 658.0 636.0 605.0 556.0 557.0 608.0 591.0 580.0 643.0 636.0 634.0 631.0 644.0 589.0 589.0 585.0 596.0 677.0 640.0 624.0 635.0 625.0 639.0 653.0 663.0 665.0 648.0 600.0 627.0 625.0 623.0 626.0 589.0 608.0 626.0 657.0 641.0 627.0 639.0 656.0 656.0 652.0 627.0 634.0 628.0 634.0 630.0 629.0 638.0 623.0 617.0 642.0 617.0 611.0 621.9372822299651 26.83691168803772
46 386.0 394.0 415.0 421.0 426.0 420.0 407.0 381.0 404.0 426.0 363.0 363.0 389.0 413.0 408.0 458.0 423.0 433.0 465.0 376.0 373.0 403.0 403.0 398.0 419.0 377.0 408.0 406.0 428.0 414.0 394.0 444.0 461.0 419.0 404.0 412.0 421.0 404.0 398.0 427.0 426.0 557.0 412.0 407.0 414.0 399.0 415.0 415.0 403.0 409.0 400.0 405.0 412.0 409.0 413.0 451.0 428.0 419.0 421.0 431.0 424.0 421.0 423.0 380.0 350.0 359.0 417.0 425.0 425.0 425.0 419.0 432.0 415.0 409.0 412.0 430.0 395.0 410.0 434.0 412.0 416.0 433.0 423.0 429.0 435.0 429.0 420.0 427.0 418.0 407.0 398.0 358.0 361.0 414.0 418.0 441.0 436.0 413.0 423.0 414.0 398.0 406.0 407.0 401.0 404.0 408.0 412.0 400.0 439.0 376.0 398.0 409.0 409.0 411.0 418.0 415.0 412.0 412.0 386.0 409.0 411.0 373.0 401.0 396.0 420.0 395.0 396.0 418.0 401.0 390.0 398.0 387.0 392.0 393.0 405.0 401.0 401.0 387.0 413.0 368.0 393.0 399.0 401.0 372.0 391.0 421.0 409.0 428.0 388.0 380.0 439.0 420.0 420.0 364.0 370.0 374.0 404.0 404.0 410.0 425.0 383.0 402.0 421.0 412.0 406.0 414.0 388.0 374.0 401.0 373.0 418.0 419.0 400.0 391.0 415.0 400.0 395.0 394.0 376.0 372.0 401.0 383.0 413.0 426.0 411.0 410.0 395.0 401.0 400.0 379.0 407.0 404.0 408.0 408.0 398.0 417.0 417.0 413.0 406.0 402.0 408.0 388.0 371.0 369.0 378.0 388.0 368.0 382.0 419.0 428.0 390.0 384.0 410.0 405.0 428.0 417.0 448.0 440.0 407.0 410.0 415.0 395.0 365.0 402.0 383.0 376.0 416.0 416.0 411.0 429.0 411.0 382.0 414.0 405.0 381.0 356.0 355.0 386.0 375.0 398.0 412.0 399.0 411.0 376.0 397.0 388.0 382.0 383.0 429.0 412.0 426.0 407.0 406.0 413.0 426.0 432.0 430.0 413.0 390.0 409.0 414.0 417.0 399.0 410.0 393.0 393.0 423.0 432.0 380.0 404.0 418.0 422.0 422.0 405.0 427.0 418.0 408.0 411.0 409.0 406.0 411.0 397.0 401.0 416.0 416.0 409.0 424.0 406.397212543554 21.3076628399133
47 236.0 245.0 249.0 249.0 263.0 238.0 232.0 232.0 232.0 216.0 219.0 259.0 244.0 233.0 233.0 252.0 271.0 260.0 219.0 215.0 237.0 242.0 220.0 251.0 304.0 238.0 239.0 245.0 230.0 251.0 230.0 230.0 548.0 238.0 243.0 246.0 226.0 226.0 250.0 250.0 287.0 243.0 255.0 261.0 229.0 239.0 246.0 242.0 234.0 240.0 237.0 239.0 251.0 240.0 237.0 407.0 246.0 233.0 250.0 266.0 244.0 243.0 228.0 204.0 245.0 254.0 245.0 270.0 276.0 254.0 242.0 246.0 246.0 260.0 267.0 222.0 251.0 270.0 259.0 250.0 236.0 253.0 269.0 259.0 273.0 271.0 237.0 278.0 247.0 231.0 209.0 210.0 256.0 254.0 244.0 264.0 233.0 249.0 237.0 236.0 235.0 242.0 232.0 248.0 244.0 245.0 233.0 247.0 232.0 217.0 245.0 238.0 240.0 242.0 258.0 241.0 239.0 240.0 231.0 240.0 235.0 248.0 238.0 225.0 241.0 224.0 242.0 247.0 216.0 221.0 229.0 236.0 243.0 236.0 250.0 234.0 248.0 240.0 221.0 243.0 237.0 242.0 215.0 243.0 226.0 240.0 246.0 234.0 229.0 228.0 226.0 234.0 249.0 215.0 217.0 240.0 244.0 245.0 249.0 227.0 241.0 251.0 250.0 249.0 232.0 236.0 245.0 245.0 224.0 249.0 246.0 225.0 226.0 239.0 237.0 230.0 244.0 224.0 221.0 234.0 248.0 229.0 241.0 241.0 242.0 222.0 237.0 236.0 232.0 242.0 247.0 237.0 242.0 242.0 234.0 234.0 240.0 244.0 225.0 227.0 220.0 222.0 245.0 234.0 254.0 232.0 218.0 245.0 240.0 221.0 228.0 235.0 238.0 223.0 236.0 240.0 236.0 244.0 238.0 257.0 242.0 235.0 235.0 223.0 228.0 267.0 249.0 254.0 255.0 250.0 255.0 220.0 242.0 235.0 208.0 263.0 233.0 225.0 247.0 225.0 238.0 238.0 247.0 256.0 236.0 241.0 215.0 274.0 237.0 242.0 236.0 232.0 263.0 248.0 246.0 262.0 236.0 233.0 238.0 226.0 239.0 232.0 312.0 236.0 229.0 252.0 257.0 352.0 246.0 250.0 245.0 246.0 234.0 250.0 243.0 241.0 245.0 240.0 283.0 246.0 230.0 243.0 264.0 243.0 233.0 267.0 235.0 243.0696864111498 25.960608020276357
48 171.0 181.0 176.0 176.0 172.0 185.0 158.0 168.0 156.0 156.0 197.0 173.0 176.0 167.0 177.0 183.0 183.0 182.0 156.0 167.0 167.0 160.0 178.0 177.0 175.0 175.0 172.0 166.0 166.0 167.0 168.0 170.0 170.0 170.0 180.0 161.0 161.0 181.0 193.0 183.0 176.0 173.0 167.0 160.0 172.0 172.0 176.0 170.0 171.0 172.0 176.0 173.0 168.0 171.0 182.0 163.0 168.0 181.0 179.0 172.0 176.0 174.0 146.0 146.0 176.0 181.0 181.0 165.0 171.0 170.0 167.0 172.0 174.0 185.0 173.0 173.0 187.0 174.0 183.0 182.0 173.0 188.0 172.0 178.0 191.0 167.0 182.0 174.0 169.0 173.0 150.0 165.0 180.0 169.0 184.0 181.0 180.0 180.0 167.0 172.0 178.0 168.0 166.0 171.0 170.0 168.0 177.0 174.0 157.0 179.0 175.0 174.0 173.0 170.0 167.0 176.0 177.0 174.0 149.0 180.0 174.0 174.0 167.0 171.0 162.0 174.0 173.0 172.0 158.0 171.0 171.0 179.0 185.0 176.0 179.0 181.0 172.0 179.0 178.0 170.0 166.0 152.0 151.0 167.0 171.0 178.0 168.0 158.0 180.0 148.0 177.0 180.0 170.0 157.0 168.0 176.0 173.0 183.0 162.0 163.0 177.0 200.0 171.0 165.0 157.0 162.0 165.0 158.0 155.0 178.0 175.0 170.0 173.0 181.0 172.0 170.0 161.0 158.0 170.0 177.0 171.0 172.0 175.0 175.0 160.0 169.0 177.0 171.0 171.0 166.0 172.0 175.0 174.0 163.0 177.0 178.0 176.0 176.0 160.0 168.0 174.0 172.0 185.0 174.0 173.0 251.0 182.0 173.0 180.0 162.0 169.0 178.0 157.0 173.0 175.0 182.0 169.0 175.0 171.0 174.0 176.0 168.0 172.0 158.0 170.0 178.0 175.0 181.0 162.0 159.0 152.0 166.0 168.0 157.0 153.0 181.0 169.0 176.0 166.0 168.0 174.0 175.0 173.0 172.0 173.0 182.0 185.0 175.0 179.0 176.0 164.0 175.0 178.0 176.0 183.0 187.0 163.0 172.0 175.0 170.0 162.0 169.0 171.0 163.0 179.0 181.0 196.0 180.0 167.0 186.0 180.0 178.0 175.0 175.0 180.0 171.0 177.0 173.0 171.0 182.0 179.0 173.0 201.0 167.0 174.0 168.0 169.0 172.50522648083623 9.8143148912286
49 5.0 5.0 5.0 5.0 5.0 5.0 5.0 5.0 5.0 5.0 5.0 5.0 5.0 5.0 6.0 6.0 6.0 6.0 5.0 5.0 5.0 5.0 5.0 5.0 6.0 6.0 6.0 6.0 6.0 6.0 6.0 6.0 6.0 6.0 6.0 6.0 6.0 6.0 6.0 6.0 6.0 5.0 5.0 5.0 5.0 5.0 6.0 6.0 6.0 6.0 6.0 5.0 5.0 5.0 5.0 5.0 5.0 5.0 5.0 5.0 5.0 5.0 5.0 5.0 6.0 6.0 6.0 6.0 6.0 6.0 6.0 6.0 6.0 6.0 6.0 5.0 5.0 5.0 5.0 5.0 5.0 6.0 6.0 6.0 6.0 6.0 6.0 6.0 6.0 6.0 5.0 5.0 5.0 5.0 5.0 5.0 6.0 6.0 6.0 6.0 6.0 5.0 5.0 5.0 5.0 5.0 5.0 5.0 5.0 5.0 5.0 5.0 5.0 5.0 5.0 5.0 5.0 5.0 5.0 6.0 5.0 5.0 6.0 5.0 5.0 5.0 5.0 6.0 5.0 5.0 5.0 6.0 6.0 6.0 6.0 6.0 6.0 5.0 5.0 6.0 6.0 5.0 6.0 6.0 6.0 5.0 6.0 5.0 6.0 4.0 5.0 6.0 5.0 5.0 5.0 6.0 6.0 6.0 5.0 5.0 5.0 5.0 5.0 5.0 5.0 5.0 5.0 5.0 5.0 6.0 5.0 5.0 5.0 6.0 6.0 6.0 5.0 5.0 5.0 6.0 5.0 6.0 6.0 6.0 6.0 6.0 6.0 6.0 6.0 6.0 6.0 6.0 5.0 5.0 5.0 5.0 6.0 5.0 5.0 5.0 6.0 6.0 5.0 5.0 5.0 5.0 5.0 5.0 5.0 5.0 5.0 5.0 5.0 5.0 5.0 5.0 6.0 6.0 6.0 6.0 6.0 6.0 6.0 5.0 5.0 5.0 5.0 5.0 5.0 5.0 5.0 5.0 5.0 5.0 5.0 5.0 5.0 5.0 5.0 5.0 5.0 5.0 6.0 6.0 6.0 6.0 6.0 6.0 5.0 5.0 5.0 5.0 5.0 5.0 6.0 6.0 5.0 5.0 5.0 5.0 5.0 5.0 5.0 5.0 6.0 6.0 6.0 6.0 5.0 5.0 5.0 5.0 5.0 5.0 5.0 5.0 5.0 5.0 5.0 5.0 5.0 5.0 5.0 5.0 5.0 5.0 6.0 5.379790940766551 0.49332179123555214
50 424.0 423.0 423.0 424.0 428.0 401.0 399.0 370.0 371.0 457.0 427.0 380.0 384.0 429.0 423.0 423.0 390.0 371.0 375.0 375.0 384.0 406.0 423.0 417.0 419.0 393.0 390.0 389.0 383.0 396.0 410.0 407.0 411.0 427.0 403.0 403.0 430.0 447.0 430.0 415.0 411.0 392.0 397.0 396.0 402.0 427.0 411.0 402.0 409.0 395.0 415.0 405.0 388.0 410.0 407.0 409.0 429.0 409.0 417.0 413.0 405.0 347.0 348.0 409.0 427.0 415.0 410.0 405.0 411.0 401.0 399.0 411.0 425.0 400.0 404.0 411.0 408.0 412.0 415.0 413.0 435.0 419.0 413.0 410.0 421.0 418.0 410.0 412.0 409.0 367.0 383.0 419.0 409.0 396.0 423.0 393.0 424.0 394.0 399.0 403.0 397.0 389.0 392.0 405.0 401.0 416.0 416.0 379.0 375.0 415.0 425.0 409.0 407.0 427.0 406.0 390.0 409.0 407.0 416.0 409.0 405.0 394.0 401.0 400.0 399.0 409.0 411.0 376.0 386.0 398.0 370.0 397.0 414.0 420.0 423.0 412.0 420.0 414.0 405.0 403.0 377.0 366.0 409.0 432.0 413.0 418.0 375.0 387.0 359.0 356.0 420.0 382.0 379.0 410.0 403.0 421.0 425.0 382.0 383.0 401.0 412.0 411.0 382.0 376.0 400.0 401.0 382.0 392.0 417.0 414.0 402.0 417.0 421.0 405.0 412.0 380.0 371.0 410.0 419.0 405.0 417.0 418.0 412.0 405.0 396.0 379.0 387.0 394.0 384.0 416.0 411.0 410.0 398.0 386.0 392.0 406.0 416.0 373.0 386.0 403.0 409.0 413.0 410.0 399.0 411.0 422.0 409.0 406.0 387.0 406.0 416.0 394.0 389.0 417.0 408.0 409.0 412.0 415.0 413.0 416.0 390.0 407.0 372.0 362.0 406.0 424.0 408.0 374.0 360.0 354.0 391.0 384.0 371.0 367.0 428.0 376.0 416.0 396.0 387.0 422.0 417.0 401.0 416.0 410.0 429.0 437.0 411.0 411.0 412.0 395.0 405.0 412.0 424.0 433.0 433.0 396.0 393.0 407.0 396.0 408.0 401.0 408.0 394.0 399.0 420.0 382.0 422.0 393.0 411.0 417.0 414.0 396.0 411.0 406.0 423.0 418.0 401.0 400.0 416.0 426.0 397.0 414.0 404.0 404.0 413.0 410.0 416.0 403.96515679442507 17.405052273496963
51 284.0 283.0 289.0 295.0 281.0 279.0 286.0 258.0 324.0 293.0 296.0 277.0 296.0 289.0 289.0 296.0 258.0 279.0 278.0 270.0 294.0 295.0 291.0 290.0 273.0 277.0 301.0 283.0 258.0 285.0 285.0 289.0 296.0 282.0 282.0 301.0 316.0 341.0 293.0 286.0 294.0 272.0 281.0 280.0 313.0 276.0 284.0 284.0 275.0 293.0 276.0 282.0 302.0 289.0 282.0 298.0 285.0 292.0 286.0 283.0 244.0 245.0 294.0 295.0 293.0 285.0 290.0 282.0 285.0 287.0 291.0 293.0 280.0 291.0 296.0 292.0 290.0 286.0 288.0 297.0 310.0 291.0 292.0 301.0 286.0 290.0 293.0 290.0 252.0 280.0 292.0 295.0 297.0 283.0 276.0 268.0 276.0 285.0 285.0 271.0 272.0 275.0 290.0 291.0 286.0 296.0 272.0 272.0 294.0 296.0 288.0 282.0 293.0 288.0 276.0 284.0 283.0 293.0 289.0 290.0 272.0 285.0 271.0 287.0 290.0 281.0 275.0 279.0 275.0 292.0 282.0 294.0 292.0 300.0 293.0 299.0 294.0 292.0 284.0 263.0 260.0 292.0 295.0 293.0 290.0 265.0 278.0 263.0 260.0 291.0 283.0 260.0 280.0 287.0 303.0 309.0 263.0 268.0 283.0 274.0 279.0 273.0 269.0 289.0 278.0 277.0 270.0 294.0 279.0 281.0 290.0 300.0 282.0 284.0 266.0 256.0 289.0 302.0 278.0 299.0 295.0 288.0 282.0 289.0 275.0 265.0 275.0 285.0 305.0 301.0 294.0 285.0 285.0 258.0 299.0 296.0 276.0 280.0 267.0 277.0 288.0 286.0 287.0 297.0 288.0 294.0 293.0 261.0 286.0 290.0 273.0 280.0 291.0 288.0 292.0 298.0 289.0 297.0 255.0 278.0 288.0 257.0 274.0 283.0 300.0 290.0 259.0 276.0 252.0 281.0 272.0 265.0 257.0 293.0 274.0 304.0 284.0 270.0 297.0 293.0 286.0 287.0 289.0 257.0 316.0 283.0 290.0 290.0 280.0 283.0 288.0 294.0 306.0 294.0 282.0 285.0 276.0 277.0 280.0 270.0 286.0 276.0 294.0 288.0 285.0 299.0 277.0 271.0 294.0 327.0 288.0 293.0 290.0 295.0 281.0 285.0 288.0 307.0 289.0 283.0 276.0 292.0 289.0 299.0 293.0 299.0 281.0 285.01393728222996 12.918239971222658
52 164.0 247.0 181.0 214.0 153.0 153.0 274.0 201.0 161.0 156.0 143.0 181.0 154.0 154.0 220.0 144.0 156.0 156.0 174.0 164.0 163.0 189.0 150.0 164.0 141.0 141.0 220.0 137.0 196.0 224.0 153.0 183.0 183.0 143.0 143.0 178.0 227.0 216.0 205.0 175.0 169.0 179.0 149.0 167.0 159.0 148.0 171.0 171.0 172.0 183.0 159.0 158.0 186.0 174.0 166.0 179.0 203.0 163.0 158.0 158.0 131.0 170.0 152.0 179.0 168.0 254.0 175.0 172.0 159.0 179.0 165.0 177.0 158.0 179.0 178.0 177.0 156.0 179.0 182.0 177.0 182.0 172.0 161.0 155.0 187.0 180.0 171.0 172.0 163.0 168.0 185.0 181.0 154.0 191.0 165.0 162.0 163.0 167.0 194.0 184.0 156.0 172.0 182.0 162.0 183.0 164.0 138.0 168.0 173.0 168.0 166.0 165.0 163.0 226.0 171.0 148.0 156.0 176.0 174.0 171.0 167.0 163.0 160.0 168.0 161.0 150.0 155.0 162.0 150.0 163.0 164.0 185.0 182.0 165.0 189.0 188.0 179.0 183.0 189.0 152.0 166.0 170.0 174.0 161.0 171.0 147.0 176.0 141.0 174.0 177.0 144.0 158.0 155.0 168.0 168.0 198.0 147.0 168.0 161.0 181.0 168.0 145.0 180.0 162.0 173.0 164.0 176.0 154.0 164.0 182.0 195.0 166.0 154.0 170.0 165.0 175.0 164.0 169.0 176.0 184.0 157.0 179.0 181.0 172.0 168.0 154.0 180.0 209.0 151.0 172.0 164.0 171.0 168.0 170.0 164.0 158.0 147.0 144.0 176.0 152.0 161.0 167.0 152.0 186.0 191.0 156.0 163.0 158.0 166.0 158.0 167.0 167.0 185.0 176.0 180.0 156.0 174.0 140.0 225.0 164.0 157.0 147.0 181.0 179.0 162.0 200.0 150.0 155.0 170.0 165.0 148.0 140.0 172.0 174.0 154.0 185.0 145.0 178.0 169.0 168.0 187.0 179.0 157.0 154.0 148.0 182.0 180.0 189.0 176.0 179.0 163.0 177.0 155.0 170.0 153.0 214.0 147.0 193.0 151.0 192.0 160.0 188.0 161.0 151.0 153.0 156.0 161.0 148.0 152.0 160.0 157.0 219.0 153.0 157.0 149.0 173.0 193.0 175.0 175.0 155.0 143.0 191.0 176.0 179.0 176.0 180.0 180.0 170.10452961672473 19.294992294960398
53 55.0 186.0 35.0 35.0 59.0 59.0 44.0 44.0 93.0 34.0 34.0 75.0 75.0 75.0 36.0 43.0 43.0 43.0 37.0 47.0 35.0 45.0 51.0 63.0 63.0 63.0 63.0 63.0 63.0 104.0 35.0 27.0 27.0 27.0 27.0 34.0 34.0 78.0 78.0 46.0 68.0 31.0 31.0 80.0 48.0 63.0 63.0 63.0 42.0 38.0 473.0 54.0 56.0 43.0 43.0 81.0 39.0 39.0 39.0 39.0 34.0 38.0 87.0 60.0 43.0 89.0 64.0 53.0 89.0 45.0 102.0 39.0 75.0 50.0 35.0 72.0 56.0 77.0 53.0 37.0 52.0 46.0 46.0 47.0 49.0 45.0 34.0 40.0 51.0 65.0 53.0 59.0 38.0 49.0 50.0 61.0 38.0 50.0 62.0 65.0 44.0 44.0 36.0 55.0 51.0 42.0 84.0 86.0 54.0 59.0 52.0 83.0 83.0 104.0 44.0 43.0 57.0 61.0 61.0 45.0 46.0 50.0 41.0 55.0 53.0 42.0 46.0 45.0 52.0 81.0 46.0 51.0 34.0 51.0 50.0 34.0 44.0 88.0 34.0 39.0 39.0 94.0 35.0 61.0 44.0 50.0 59.0 69.0 49.0 54.0 40.0 49.0 59.0 54.0 42.0 40.0 52.0 53.0 50.0 40.0 36.0 45.0 86.0 40.0 50.0 48.0 50.0 45.0 44.0 47.0 51.0 47.0 175.0 42.0 64.0 89.0 55.0 33.0 50.0 45.0 55.0 35.0 64.0 46.0 56.0 62.0 47.0 54.0 53.0 51.0 58.0 44.0 62.0 50.0 39.0 52.0 78.0 57.0 70.0 44.0 168.0 43.0 32.0 56.0 42.0 90.0 55.0 55.0 53.0 34.0 73.0 208.0 51.0 97.0 62.0 49.0 33.0 36.0 44.0 42.0 50.0 50.0 36.0 52.0 49.0 51.0 51.0 51.0 42.0 54.0 68.0 50.0 61.0 47.0 72.0 47.0 93.0 76.0 43.0 41.0 35.0 59.0 44.0 38.0 38.0 49.0 93.0 31.0 46.0 53.0 48.0 54.0 42.0 56.0 71.0 45.0 43.0 42.0 42.0 33.0 34.0 56.0 56.0 49.0 64.0 47.0 38.0 81.0 57.0 90.0 79.0 44.0 76.0 43.0 52.0 130.0 45.0 40.0 31.0 56.0 108.0 200.0 200.0 43.0 49.0 32.0 32.0 57.25435540069687 35.627954769170884
END
#################################################################
SECTION3 (Edges Information)
EndPoint0 EndPoint1 Weight
0 1 1.000000
1 2 1.000000
2 3 1.000000
3 4 1.000000
4 5 1.000000
5 6 1.000000
6 7 1.000000
7 8 1.000000
8 9 1.000000
9 10 1.000000
10 11 1.000000
11 12 1.000000
12 13 1.000000
13 14 1.000000
14 15 1.000000
15 16 1.000000
16 17 1.000000
17 18 1.000000
18 19 1.000000
19 20 1.000000
20 21 1.000000
21 22 1.000000
22 23 1.000000
23 24 1.000000
24 25 1.000000
25 26 1.000000
26 27 1.000000
27 28 1.000000
28 29 1.000000
29 30 1.000000
30 31 1.000000
31 32 1.000000
32 33 1.000000
33 34 1.000000
34 35 1.000000
35 36 1.000000
36 37 1.000000
37 38 1.000000
38 39 1.000000
39 40 1.000000
40 41 1.000000
41 42 1.000000
42 43 1.000000
43 44 1.000000
44 45 1.000000
45 46 1.000000
46 47 1.000000
47 48 1.000000
48 49 1.000000
49 50 1.000000
50 51 1.000000
51 52 1.000000
52 53 1.000000
END
#################################################################
SECTION4 (TrueSubGraph Information)
EndPoint0 EndPoint1 Weight
END
#################################################################
