#################################################################
#APDM Input Graph, this input graph includes 3 sections:
#section1 : general information
#section2 : nodes
#section3 : edges
#section4 : trueSubGraph (Optional)
#
#if nodes haven't information set weight to null
#################################################################
SECTION1 (General Information)
numNodes = 54
numEdges = 53
usedAlgorithm = NULL
dataSource = TransWeatherRealData
END
#################################################################
SECTION2 (Nodes Information)
NodeID travelTime  mean  std 
0 188.0 100.0 100.0 100.0 147.0 88.0 167.0 167.0 85.0 150.0 150.0 90.0 99.0 101.0 138.0 95.0 99.0 95.0 95.0 95.0 95.0 89.0 77.0 155.0 155.0 81.0 90.0 90.0 90.0 90.0 85.0 81.0 81.0 85.0 90.0 90.0 88.0 163.0 181.0 181.0 181.0 167.0 78.0 78.0 92.0 81.0 114.0 159.0 126.0 126.0 87.0 267.0 267.0 93.0 69.0 173.0 173.0 173.0 173.0 73.0 73.0 73.0 87.0 87.0 85.0 87.0 78.0 82.0 82.0 82.0 103.0 90.0 120.0 120.0 151.0 151.0 118.0 91.0 138.0 102.0 93.0 77.0 85.0 138.0 126.0 126.0 88.0 88.0 77.0 89.0 85.0 93.0 117.0 98.0 87.0 87.0 97.0 114.0 109.0 86.0 115.0 91.0 116.0 113.0 71.0 102.0 90.0 80.0 110.0 92.0 113.0 87.0 93.0 102.0 84.0 77.0 93.0 87.0 114.0 99.0 88.0 100.0 93.0 112.0 102.0 74.0 115.0 94.0 163.0 101.0 84.0 100.0 101.0 114.0 77.0 102.0 108.0 104.0 85.0 75.0 99.0 99.0 93.0 104.0 83.0 119.0 102.0 89.0 74.0 88.0 100.0 128.0 75.0 76.0 94.0 87.0 108.0 77.0 87.0 87.0 87.0 89.0 70.0 85.0 123.0 117.0 81.0 85.0 127.0 84.0 100.0 84.0 86.0 133.0 91.0 83.0 83.0 87.0 97.0 112.0 80.0 78.0 99.0 94.0 83.0 85.0 92.0 95.0 163.0 87.0 118.0 118.0 86.0 96.0 77.0 74.0 99.0 87.0 121.0 76.0 94.0 97.0 76.0 76.0 142.0 107.0 92.0 87.0 118.0 86.0 123.0 116.0 84.0 84.0 155.0 113.0 113.0 84.0 113.0 84.0 73.0 104.0 114.0 94.0 98.0 87.0 81.0 86.0 86.0 86.0 78.0 78.0 78.0 85.0 94.0 112.0 105.0 76.0 76.0 76.0 76.0 87.0 125.0 92.0 92.0 79.0 79.0 81.0 81.0 89.0 89.0 92.0 85.0 126.0 126.0 84.0 84.0 89.0 89.0 89.0 89.0 89.0 89.0 113.0 87.0 86.0 86.0 86.0 89.0 89.0 85.0 173.0 173.0 87.0 87.0 70.0 70.0 151.0 123.0 91.0 91.0 91.0 91.0 120.0 120.0 120.0 89.0 101.66550522648082 28.742277071673225
1 497.0 286.0 273.0 260.0 260.0 260.0 260.0 241.0 312.0 278.0 279.0 281.0 286.0 269.0 266.0 275.0 265.0 296.0 303.0 267.0 262.0 283.0 251.0 282.0 278.0 264.0 267.0 255.0 275.0 275.0 260.0 248.0 268.0 262.0 275.0 271.0 263.0 296.0 261.0 273.0 273.0 228.0 228.0 228.0 278.0 248.0 257.0 289.0 272.0 304.0 265.0 252.0 245.0 228.0 234.0 294.0 267.0 270.0 307.0 257.0 257.0 257.0 275.0 265.0 263.0 258.0 263.0 268.0 255.0 227.0 245.0 263.0 286.0 286.0 239.0 273.0 278.0 279.0 241.0 263.0 262.0 259.0 261.0 268.0 245.0 279.0 259.0 254.0 265.0 260.0 260.0 253.0 265.0 267.0 267.0 266.0 281.0 236.0 236.0 218.0 250.0 258.0 288.0 276.0 233.0 273.0 253.0 241.0 241.0 266.0 265.0 248.0 264.0 241.0 253.0 231.0 280.0 259.0 245.0 238.0 262.0 272.0 255.0 235.0 294.0 246.0 259.0 260.0 247.0 257.0 250.0 254.0 260.0 246.0 268.0 279.0 270.0 271.0 252.0 244.0 255.0 244.0 241.0 228.0 246.0 396.0 282.0 248.0 245.0 252.0 266.0 289.0 253.0 228.0 243.0 253.0 287.0 233.0 250.0 256.0 271.0 266.0 244.0 285.0 248.0 276.0 255.0 266.0 257.0 237.0 251.0 261.0 320.0 258.0 280.0 268.0 249.0 311.0 251.0 272.0 234.0 247.0 232.0 250.0 249.0 249.0 267.0 296.0 277.0 224.0 248.0 253.0 252.0 253.0 243.0 255.0 275.0 270.0 231.0 242.0 246.0 260.0 247.0 248.0 268.0 267.0 233.0 238.0 260.0 262.0 241.0 246.0 256.0 317.0 258.0 258.0 249.0 248.0 254.0 382.0 218.0 245.0 278.0 280.0 251.0 267.0 271.0 275.0 312.0 234.0 257.0 269.0 275.0 297.0 282.0 274.0 272.0 236.0 273.0 273.0 277.0 256.0 261.0 267.0 255.0 259.0 259.0 251.0 290.0 403.0 277.0 257.0 271.0 235.0 245.0 273.0 256.0 267.0 344.0 344.0 344.0 344.0 344.0 272.0 258.0 269.0 284.0 270.0 252.0 258.0 259.0 259.0 259.0 260.0 306.0 218.0 265.0 265.0 273.0 352.0 523.0 313.0 288.0 290.0 282.0 275.0 274.0 266.69337979094075 32.68877490776672
2 56.0 56.0 50.0 53.0 50.0 50.0 50.0 55.0 74.0 52.0 56.0 58.0 55.0 50.0 55.0 57.0 59.0 54.0 54.0 54.0 56.0 52.0 58.0 56.0 56.0 54.0 53.0 53.0 55.0 55.0 55.0 50.0 53.0 55.0 55.0 54.0 55.0 55.0 51.0 54.0 54.0 43.0 43.0 53.0 56.0 54.0 54.0 56.0 53.0 53.0 64.0 64.0 51.0 46.0 58.0 58.0 58.0 54.0 44.0 44.0 44.0 44.0 49.0 51.0 50.0 50.0 50.0 55.0 51.0 48.0 51.0 56.0 52.0 52.0 48.0 53.0 53.0 53.0 46.0 54.0 52.0 51.0 49.0 49.0 50.0 49.0 49.0 49.0 53.0 51.0 55.0 46.0 53.0 53.0 50.0 50.0 53.0 49.0 50.0 45.0 48.0 51.0 54.0 52.0 52.0 53.0 54.0 46.0 53.0 55.0 111.0 50.0 54.0 51.0 49.0 47.0 49.0 51.0 51.0 48.0 53.0 62.0 49.0 51.0 51.0 52.0 52.0 55.0 51.0 54.0 51.0 53.0 54.0 50.0 55.0 50.0 54.0 48.0 46.0 49.0 54.0 51.0 51.0 46.0 46.0 52.0 53.0 48.0 49.0 52.0 57.0 54.0 52.0 47.0 46.0 52.0 46.0 49.0 55.0 54.0 53.0 50.0 53.0 51.0 51.0 51.0 51.0 52.0 54.0 47.0 54.0 47.0 64.0 55.0 51.0 55.0 59.0 51.0 53.0 82.0 47.0 50.0 47.0 51.0 48.0 54.0 52.0 61.0 43.0 45.0 46.0 52.0 52.0 47.0 57.0 52.0 52.0 54.0 45.0 48.0 50.0 49.0 43.0 52.0 52.0 62.0 46.0 46.0 51.0 50.0 50.0 55.0 48.0 45.0 54.0 54.0 49.0 47.0 49.0 43.0 44.0 49.0 53.0 58.0 53.0 52.0 58.0 51.0 54.0 44.0 46.0 51.0 51.0 52.0 54.0 55.0 50.0 49.0 49.0 49.0 54.0 51.0 54.0 58.0 54.0 54.0 52.0 63.0 54.0 54.0 55.0 52.0 52.0 49.0 48.0 51.0 53.0 53.0 53.0 53.0 53.0 53.0 53.0 59.0 53.0 53.0 53.0 56.0 56.0 51.0 51.0 51.0 51.0 54.0 53.0 43.0 43.0 43.0 101.0 79.0 79.0 71.0 55.0 55.0 54.0 54.0 54.0 52.59233449477352 6.810446299385448
3 298.0 286.0 284.0 286.0 270.0 270.0 294.0 283.0 303.0 289.0 317.0 316.0 303.0 355.0 295.0 267.0 327.0 298.0 298.0 299.0 292.0 267.0 307.0 282.0 276.0 291.0 275.0 302.0 300.0 287.0 270.0 310.0 291.0 291.0 293.0 306.0 300.0 293.0 297.0 297.0 297.0 260.0 260.0 300.0 273.0 273.0 316.0 296.0 273.0 311.0 311.0 272.0 244.0 249.0 249.0 249.0 299.0 256.0 243.0 243.0 243.0 277.0 277.0 294.0 272.0 274.0 288.0 279.0 246.0 259.0 289.0 263.0 300.0 300.0 293.0 278.0 294.0 257.0 271.0 290.0 282.0 276.0 290.0 268.0 277.0 273.0 271.0 291.0 278.0 285.0 264.0 260.0 268.0 271.0 273.0 303.0 265.0 286.0 288.0 245.0 285.0 275.0 287.0 276.0 282.0 293.0 255.0 252.0 284.0 267.0 276.0 279.0 288.0 258.0 289.0 316.0 286.0 252.0 292.0 268.0 278.0 277.0 282.0 289.0 278.0 289.0 288.0 248.0 289.0 269.0 278.0 293.0 293.0 298.0 289.0 296.0 253.0 275.0 255.0 253.0 275.0 253.0 235.0 240.0 255.0 277.0 249.0 247.0 254.0 282.0 298.0 294.0 294.0 257.0 260.0 272.0 253.0 270.0 287.0 291.0 286.0 287.0 277.0 241.0 240.0 258.0 285.0 293.0 266.0 251.0 261.0 276.0 296.0 299.0 281.0 395.0 361.0 294.0 258.0 246.0 253.0 270.0 259.0 259.0 255.0 270.0 275.0 242.0 235.0 290.0 269.0 295.0 275.0 241.0 282.0 277.0 296.0 289.0 242.0 264.0 262.0 245.0 232.0 252.0 280.0 259.0 251.0 285.0 293.0 266.0 270.0 245.0 280.0 266.0 266.0 249.0 261.0 260.0 261.0 227.0 289.0 294.0 329.0 257.0 276.0 280.0 288.0 294.0 249.0 246.0 246.0 293.0 277.0 299.0 299.0 269.0 311.0 265.0 265.0 297.0 291.0 284.0 270.0 294.0 270.0 279.0 271.0 272.0 287.0 303.0 288.0 303.0 303.0 303.0 275.0 279.0 294.0 294.0 294.0 294.0 294.0 294.0 298.0 263.0 274.0 274.0 304.0 304.0 285.0 285.0 237.0 237.0 237.0 287.0 237.0 227.0 227.0 227.0 299.0 299.0 280.0 303.0 325.0 297.0 298.0 297.0 286.0 278.10104529616723 22.62077682923558
4 193.0 212.0 215.0 226.0 235.0 227.0 215.0 263.0 249.0 254.0 254.0 247.0 209.0 222.0 249.0 237.0 230.0 230.0 231.0 218.0 200.0 302.0 205.0 212.0 230.0 221.0 221.0 221.0 217.0 208.0 215.0 252.0 215.0 233.0 222.0 222.0 233.0 227.0 227.0 247.0 206.0 206.0 244.0 217.0 279.0 255.0 229.0 218.0 298.0 240.0 291.0 245.0 190.0 217.0 217.0 217.0 205.0 215.0 215.0 233.0 229.0 233.0 226.0 208.0 203.0 223.0 230.0 200.0 208.0 205.0 241.0 241.0 241.0 221.0 228.0 227.0 197.0 210.0 230.0 220.0 220.0 220.0 220.0 217.0 226.0 203.0 248.0 252.0 221.0 235.0 209.0 273.0 204.0 215.0 252.0 229.0 206.0 212.0 198.0 255.0 227.0 224.0 210.0 226.0 222.0 211.0 192.0 224.0 212.0 194.0 193.0 216.0 230.0 217.0 227.0 223.0 204.0 205.0 213.0 219.0 210.0 225.0 224.0 220.0 225.0 225.0 196.0 227.0 222.0 232.0 221.0 228.0 230.0 222.0 228.0 223.0 199.0 192.0 226.0 242.0 198.0 241.0 182.0 194.0 205.0 233.0 187.0 203.0 213.0 223.0 226.0 220.0 245.0 206.0 217.0 191.0 214.0 217.0 226.0 266.0 225.0 206.0 220.0 179.0 188.0 210.0 210.0 227.0 193.0 227.0 188.0 276.0 227.0 217.0 226.0 215.0 225.0 209.0 209.0 198.0 199.0 210.0 196.0 193.0 228.0 211.0 187.0 179.0 271.0 219.0 212.0 225.0 185.0 190.0 217.0 240.0 216.0 192.0 199.0 201.0 196.0 186.0 210.0 221.0 219.0 220.0 225.0 220.0 235.0 205.0 211.0 197.0 197.0 228.0 228.0 240.0 201.0 203.0 169.0 170.0 221.0 252.0 228.0 224.0 218.0 242.0 219.0 201.0 201.0 201.0 239.0 229.0 233.0 226.0 227.0 187.0 180.0 180.0 248.0 220.0 214.0 221.0 206.0 189.0 189.0 226.0 223.0 218.0 231.0 230.0 221.0 221.0 219.0 223.0 212.0 224.0 224.0 224.0 228.0 228.0 228.0 268.0 217.0 204.0 204.0 230.0 230.0 230.0 230.0 230.0 230.0 230.0 240.0 211.0 227.0 240.0 226.0 224.0 219.0 263.0 226.0 232.0 232.0 232.0 219.0 219.0 214.0 220.41811846689896 19.910799840629434
5 273.0 284.0 289.0 285.0 300.0 297.0 267.0 295.0 314.0 314.0 278.0 286.0 282.0 292.0 294.0 296.0 296.0 294.0 298.0 281.0 281.0 272.0 274.0 300.0 280.0 266.0 266.0 286.0 277.0 274.0 296.0 301.0 299.0 288.0 290.0 301.0 307.0 307.0 317.0 282.0 256.0 305.0 299.0 271.0 265.0 294.0 291.0 307.0 301.0 288.0 291.0 235.0 255.0 255.0 300.0 273.0 273.0 273.0 276.0 276.0 272.0 257.0 261.0 266.0 288.0 284.0 281.0 254.0 281.0 307.0 307.0 278.0 277.0 291.0 296.0 267.0 264.0 298.0 279.0 287.0 288.0 289.0 285.0 268.0 269.0 286.0 306.0 286.0 300.0 298.0 266.0 288.0 280.0 311.0 305.0 283.0 296.0 279.0 258.0 266.0 287.0 258.0 257.0 291.0 294.0 255.0 266.0 285.0 270.0 249.0 250.0 292.0 305.0 301.0 288.0 299.0 248.0 291.0 284.0 278.0 290.0 295.0 287.0 293.0 294.0 295.0 280.0 292.0 278.0 296.0 287.0 293.0 290.0 292.0 298.0 286.0 254.0 299.0 309.0 261.0 270.0 292.0 266.0 259.0 282.0 250.0 255.0 273.0 275.0 294.0 294.0 294.0 260.0 277.0 256.0 255.0 286.0 292.0 290.0 290.0 309.0 278.0 243.0 247.0 288.0 288.0 282.0 265.0 273.0 248.0 314.0 287.0 275.0 285.0 296.0 294.0 269.0 269.0 266.0 264.0 287.0 260.0 256.0 263.0 275.0 264.0 236.0 267.0 273.0 269.0 294.0 256.0 257.0 294.0 296.0 289.0 249.0 259.0 253.0 248.0 236.0 244.0 271.0 287.0 287.0 290.0 276.0 295.0 264.0 267.0 253.0 253.0 301.0 300.0 292.0 290.0 271.0 247.0 225.0 278.0 320.0 300.0 286.0 280.0 280.0 284.0 275.0 288.0 288.0 275.0 294.0 303.0 310.0 299.0 236.0 240.0 240.0 301.0 277.0 277.0 286.0 274.0 273.0 273.0 273.0 284.0 275.0 293.0 290.0 308.0 308.0 287.0 287.0 281.0 289.0 292.0 292.0 304.0 313.0 313.0 313.0 291.0 269.0 269.0 300.0 301.0 301.0 301.0 301.0 301.0 301.0 271.0 281.0 278.0 298.0 298.0 296.0 288.0 315.0 316.0 301.0 295.0 295.0 301.0 301.0 288.0 301.0 282.31010452961675 18.171425418422377
6 15.0 16.0 15.0 15.0 16.0 16.0 16.0 16.0 16.0 16.0 16.0 16.0 16.0 15.0 15.0 15.0 15.0 15.0 15.0 15.0 15.0 15.0 15.0 15.0 15.0 15.0 15.0 15.0 15.0 15.0 15.0 15.0 15.0 15.0 15.0 15.0 15.0 15.0 16.0 14.0 14.0 14.0 14.0 14.0 14.0 14.0 14.0 14.0 14.0 14.0 14.0 13.0 13.0 13.0 13.0 13.0 13.0 13.0 13.0 13.0 16.0 14.0 14.0 14.0 14.0 14.0 14.0 14.0 14.0 15.0 15.0 15.0 16.0 16.0 16.0 14.0 16.0 16.0 16.0 16.0 17.0 17.0 15.0 15.0 15.0 15.0 15.0 16.0 16.0 16.0 16.0 16.0 16.0 17.0 17.0 17.0 15.0 15.0 14.0 14.0 14.0 13.0 16.0 16.0 17.0 14.0 14.0 14.0 14.0 14.0 14.0 17.0 17.0 17.0 15.0 15.0 15.0 13.0 15.0 15.0 16.0 16.0 16.0 16.0 16.0 16.0 16.0 16.0 16.0 16.0 16.0 17.0 17.0 17.0 17.0 14.0 14.0 16.0 16.0 12.0 16.0 16.0 13.0 13.0 13.0 14.0 15.0 15.0 15.0 15.0 15.0 15.0 15.0 17.0 14.0 16.0 16.0 16.0 15.0 16.0 18.0 18.0 14.0 14.0 14.0 14.0 15.0 15.0 15.0 13.0 23.0 16.0 16.0 16.0 16.0 16.0 16.0 16.0 14.0 17.0 17.0 15.0 14.0 14.0 14.0 14.0 13.0 16.0 16.0 16.0 16.0 14.0 14.0 16.0 17.0 17.0 14.0 15.0 15.0 14.0 13.0 14.0 16.0 16.0 16.0 15.0 16.0 15.0 15.0 14.0 14.0 14.0 14.0 14.0 14.0 14.0 14.0 14.0 14.0 14.0 14.0 15.0 15.0 14.0 14.0 17.0 17.0 17.0 17.0 16.0 16.0 16.0 16.0 16.0 16.0 16.0 16.0 16.0 16.0 16.0 16.0 15.0 15.0 15.0 15.0 15.0 15.0 15.0 15.0 16.0 16.0 16.0 16.0 16.0 16.0 15.0 15.0 15.0 15.0 15.0 15.0 15.0 15.0 15.0 17.0 17.0 17.0 17.0 17.0 17.0 17.0 17.0 17.0 17.0 17.0 17.0 16.0 16.0 17.0 17.0 17.0 17.0 17.0 17.0 17.0 17.0 17.0 15.289198606271778 1.2557511274070465
7 317.0 317.0 319.0 326.0 336.0 326.0 338.0 339.0 339.0 314.0 314.0 334.0 324.0 341.0 342.0 342.0 333.0 337.0 313.0 313.0 298.0 314.0 330.0 311.0 300.0 300.0 326.0 319.0 313.0 340.0 332.0 338.0 329.0 320.0 376.0 344.0 344.0 342.0 354.0 283.0 346.0 311.0 306.0 306.0 325.0 328.0 320.0 311.0 349.0 350.0 273.0 278.0 278.0 278.0 306.0 363.0 363.0 363.0 363.0 323.0 294.0 289.0 297.0 364.0 322.0 315.0 295.0 282.0 414.0 414.0 414.0 414.0 332.0 332.0 295.0 305.0 348.0 339.0 325.0 353.0 327.0 305.0 312.0 311.0 323.0 322.0 346.0 347.0 338.0 314.0 323.0 331.0 348.0 334.0 294.0 328.0 287.0 320.0 297.0 324.0 287.0 283.0 334.0 377.0 286.0 293.0 319.0 298.0 307.0 280.0 330.0 336.0 342.0 324.0 322.0 300.0 328.0 319.0 316.0 393.0 333.0 324.0 327.0 329.0 335.0 328.0 323.0 320.0 331.0 356.0 393.0 352.0 332.0 335.0 333.0 290.0 336.0 315.0 305.0 309.0 266.0 306.0 296.0 322.0 314.0 296.0 303.0 330.0 332.0 384.0 331.0 287.0 309.0 288.0 289.0 324.0 323.0 296.0 330.0 306.0 447.0 264.0 277.0 295.0 261.0 309.0 275.0 294.0 337.0 307.0 354.0 309.0 328.0 332.0 337.0 317.0 313.0 285.0 289.0 336.0 291.0 287.0 287.0 363.0 449.0 267.0 325.0 348.0 337.0 342.0 289.0 293.0 297.0 340.0 327.0 279.0 284.0 299.0 292.0 286.0 277.0 287.0 323.0 328.0 375.0 333.0 326.0 303.0 294.0 291.0 276.0 680.0 356.0 334.0 331.0 303.0 250.0 254.0 254.0 373.0 330.0 322.0 335.0 334.0 313.0 317.0 291.0 291.0 411.0 326.0 336.0 364.0 338.0 307.0 300.0 300.0 342.0 325.0 315.0 354.0 311.0 300.0 265.0 308.0 325.0 296.0 293.0 330.0 365.0 433.0 327.0 331.0 341.0 337.0 336.0 336.0 346.0 342.0 342.0 342.0 333.0 304.0 304.0 348.0 336.0 336.0 336.0 336.0 336.0 336.0 320.0 314.0 323.0 338.0 338.0 335.0 327.0 335.0 338.0 345.0 345.0 342.0 336.0 327.0 318.0 338.0 338.0 324.45296167247386 36.82595214909367
8 488.0 509.0 509.0 496.0 525.0 524.0 505.0 502.0 484.0 501.0 521.0 451.0 509.0 535.0 509.0 518.0 499.0 520.0 624.0 492.0 524.0 540.0 562.0 488.0 483.0 488.0 485.0 531.0 526.0 533.0 517.0 494.0 474.0 474.0 474.0 531.0 550.0 522.0 614.0 569.0 505.0 444.0 502.0 499.0 501.0 518.0 474.0 661.0 574.0 423.0 412.0 412.0 456.0 464.0 474.0 483.0 469.0 469.0 529.0 538.0 461.0 469.0 525.0 488.0 464.0 449.0 554.0 599.0 599.0 599.0 539.0 508.0 529.0 438.0 463.0 533.0 513.0 474.0 490.0 457.0 444.0 440.0 503.0 527.0 498.0 502.0 499.0 508.0 468.0 492.0 489.0 489.0 495.0 445.0 441.0 415.0 435.0 500.0 495.0 417.0 419.0 491.0 448.0 428.0 437.0 496.0 496.0 491.0 477.0 489.0 518.0 586.0 504.0 486.0 504.0 498.0 471.0 472.0 511.0 501.0 485.0 477.0 446.0 440.0 474.0 512.0 510.0 508.0 517.0 501.0 500.0 509.0 492.0 432.0 450.0 463.0 453.0 461.0 492.0 406.0 425.0 448.0 509.0 479.0 449.0 462.0 522.0 520.0 492.0 439.0 457.0 476.0 433.0 430.0 516.0 528.0 430.0 440.0 451.0 484.0 389.0 391.0 474.0 430.0 423.0 449.0 436.0 507.0 477.0 494.0 518.0 501.0 509.0 505.0 499.0 441.0 432.0 432.0 460.0 432.0 452.0 449.0 553.0 394.0 446.0 495.0 476.0 483.0 483.0 436.0 424.0 413.0 423.0 486.0 504.0 591.0 489.0 417.0 402.0 414.0 432.0 511.0 462.0 436.0 428.0 495.0 468.0 444.0 420.0 420.0 420.0 505.0 524.0 467.0 461.0 389.0 385.0 559.0 544.0 490.0 489.0 457.0 490.0 476.0 456.0 444.0 539.0 504.0 504.0 520.0 518.0 518.0 471.0 466.0 517.0 553.0 473.0 492.0 466.0 478.0 468.0 489.0 488.0 467.0 423.0 427.0 464.0 471.0 476.0 504.0 500.0 492.0 500.0 490.0 514.0 518.0 510.0 510.0 529.0 493.0 463.0 508.0 495.0 475.0 475.0 475.0 475.0 475.0 475.0 467.0 483.0 446.0 466.0 515.0 503.0 495.0 476.0 506.0 511.0 578.0 547.0 508.0 484.0 538.0 539.0 539.0 539.0 485.74912891986065 42.833224200291205
9 661.0 662.0 685.0 696.0 685.0 661.0 654.0 660.0 662.0 649.0 659.0 658.0 678.0 671.0 664.0 647.0 720.0 624.0 629.0 664.0 687.0 724.0 660.0 659.0 664.0 686.0 760.0 705.0 682.0 652.0 711.0 689.0 693.0 747.0 728.0 715.0 682.0 635.0 653.0 696.0 683.0 666.0 759.0 699.0 644.0 643.0 663.0 513.0 543.0 588.0 867.0 653.0 650.0 652.0 641.0 641.0 641.0 623.0 606.0 608.0 630.0 644.0 642.0 610.0 619.0 684.0 684.0 684.0 641.0 671.0 698.0 603.0 598.0 612.0 658.0 686.0 655.0 684.0 712.0 578.0 578.0 607.0 646.0 654.0 663.0 689.0 643.0 659.0 666.0 717.0 657.0 660.0 667.0 574.0 582.0 671.0 645.0 631.0 564.0 586.0 622.0 591.0 585.0 837.0 679.0 681.0 677.0 662.0 656.0 657.0 657.0 657.0 671.0 666.0 639.0 676.0 686.0 667.0 648.0 651.0 614.0 601.0 591.0 665.0 677.0 679.0 686.0 724.0 675.0 600.0 599.0 594.0 666.0 628.0 628.0 627.0 644.0 554.0 572.0 601.0 657.0 615.0 597.0 608.0 624.0 698.0 732.0 595.0 607.0 613.0 585.0 586.0 595.0 654.0 567.0 591.0 650.0 680.0 560.0 545.0 616.0 654.0 616.0 581.0 647.0 697.0 787.0 759.0 702.0 666.0 685.0 676.0 656.0 654.0 597.0 591.0 578.0 594.0 593.0 606.0 589.0 555.0 616.0 633.0 665.0 660.0 648.0 597.0 616.0 562.0 575.0 622.0 688.0 672.0 671.0 592.0 560.0 580.0 590.0 682.0 649.0 595.0 595.0 633.0 648.0 619.0 611.0 616.0 616.0 662.0 670.0 659.0 615.0 621.0 552.0 564.0 708.0 663.0 648.0 639.0 667.0 644.0 655.0 681.0 643.0 656.0 745.0 659.0 685.0 666.0 584.0 600.0 645.0 657.0 651.0 710.0 598.0 606.0 619.0 624.0 640.0 612.0 566.0 577.0 661.0 642.0 641.0 641.0 656.0 676.0 674.0 684.0 666.0 664.0 701.0 681.0 681.0 645.0 676.0 640.0 685.0 657.0 614.0 614.0 614.0 614.0 623.0 644.0 680.0 602.0 594.0 819.0 658.0 602.0 606.0 639.0 662.0 662.0 662.0 755.0 655.0 657.0 673.0 673.0 673.0 673.0 693.0 647.1567944250871 47.923596836467766
10 993.0 976.0 986.0 931.0 935.0 958.0 844.0 845.0 978.0 956.0 963.0 962.0 902.0 938.0 950.0 950.0 980.0 936.0 985.0 928.0 941.0 1097.0 964.0 1053.0 995.0 954.0 945.0 931.0 977.0 993.0 1001.0 988.0 985.0 985.0 979.0 932.0 982.0 1013.0 978.0 978.0 945.0 998.0 1056.0 930.0 756.0 767.0 745.0 774.0 925.0 930.0 928.0 928.0 928.0 928.0 871.0 898.0 938.0 864.0 916.0 931.0 892.0 896.0 893.0 910.0 910.0 1145.0 977.0 993.0 936.0 865.0 853.0 882.0 960.0 943.0 947.0 951.0 946.0 868.0 826.0 896.0 918.0 932.0 967.0 947.0 938.0 941.0 942.0 933.0 941.0 955.0 965.0 887.0 828.0 865.0 904.0 840.0 839.0 951.0 956.0 943.0 874.0 968.0 935.0 931.0 928.0 937.0 944.0 950.0 943.0 953.0 950.0 906.0 923.0 920.0 965.0 941.0 962.0 939.0 884.0 880.0 879.0 920.0 920.0 844.0 854.0 895.0 976.0 955.0 987.0 951.0 930.0 902.0 901.0 894.0 836.0 802.0 816.0 807.0 775.0 787.0 873.0 890.0 962.0 974.0 921.0 831.0 835.0 839.0 836.0 838.0 856.0 861.0 821.0 825.0 941.0 905.0 775.0 771.0 787.0 936.0 922.0 928.0 935.0 984.0 1060.0 951.0 939.0 968.0 958.0 951.0 951.0 908.0 849.0 843.0 834.0 853.0 860.0 840.0 851.0 899.0 910.0 905.0 986.0 957.0 885.0 855.0 823.0 836.0 828.0 891.0 963.0 958.0 940.0 814.0 786.0 810.0 812.0 943.0 853.0 849.0 849.0 897.0 916.0 869.0 841.0 873.0 816.0 902.0 965.0 917.0 1126.0 1079.0 822.0 811.0 939.0 928.0 925.0 919.0 1011.0 968.0 944.0 929.0 913.0 912.0 921.0 936.0 961.0 928.0 869.0 796.0 823.0 958.0 915.0 947.0 859.0 853.0 870.0 857.0 884.0 822.0 819.0 796.0 904.0 916.0 915.0 911.0 950.0 961.0 960.0 956.0 964.0 957.0 953.0 968.0 941.0 897.0 906.0 914.0 941.0 897.0 889.0 889.0 889.0 919.0 938.0 937.0 880.0 860.0 855.0 939.0 936.0 870.0 850.0 892.0 963.0 963.0 963.0 946.0 930.0 1350.0 1101.0 1101.0 1101.0 974.0 994.0 965.0 963.0 917.7212543554008 69.7680397592455
11 500.0 537.0 508.0 580.0 504.0 463.0 433.0 529.0 524.0 540.0 496.0 496.0 496.0 553.0 538.0 552.0 466.0 506.0 535.0 520.0 565.0 567.0 502.0 500.0 532.0 528.0 544.0 560.0 518.0 542.0 545.0 545.0 545.0 545.0 528.0 583.0 502.0 562.0 620.0 620.0 620.0 620.0 620.0 435.0 440.0 588.0 588.0 492.0 498.0 498.0 498.0 498.0 498.0 480.0 466.0 454.0 507.0 502.0 435.0 534.0 533.0 498.0 499.0 556.0 478.0 520.0 552.0 444.0 439.0 539.0 525.0 520.0 492.0 523.0 465.0 446.0 466.0 473.0 528.0 515.0 475.0 511.0 538.0 513.0 513.0 508.0 513.0 534.0 538.0 552.0 542.0 505.0 522.0 484.0 457.0 471.0 519.0 520.0 499.0 484.0 489.0 499.0 506.0 502.0 505.0 556.0 527.0 531.0 517.0 497.0 523.0 531.0 501.0 499.0 515.0 528.0 501.0 554.0 508.0 513.0 517.0 536.0 467.0 521.0 516.0 504.0 535.0 521.0 514.0 492.0 506.0 503.0 453.0 435.0 436.0 465.0 517.0 462.0 472.0 467.0 521.0 510.0 517.0 476.0 470.0 523.0 447.0 445.0 498.0 498.0 459.0 440.0 474.0 457.0 432.0 430.0 497.0 502.0 460.0 459.0 544.0 548.0 597.0 482.0 519.0 531.0 526.0 493.0 546.0 460.0 450.0 462.0 463.0 513.0 457.0 453.0 453.0 477.0 496.0 492.0 501.0 490.0 435.0 434.0 499.0 461.0 451.0 542.0 547.0 509.0 511.0 494.0 456.0 441.0 531.0 478.0 458.0 497.0 456.0 482.0 538.0 487.0 475.0 447.0 517.0 515.0 516.0 506.0 754.0 638.0 440.0 428.0 522.0 512.0 485.0 495.0 514.0 541.0 526.0 509.0 501.0 465.0 508.0 513.0 509.0 510.0 501.0 428.0 422.0 449.0 475.0 462.0 482.0 478.0 478.0 462.0 469.0 471.0 470.0 468.0 492.0 488.0 488.0 492.0 520.0 519.0 537.0 519.0 507.0 516.0 539.0 545.0 538.0 460.0 468.0 533.0 512.0 478.0 478.0 478.0 478.0 478.0 508.0 512.0 470.0 470.0 451.0 502.0 498.0 503.0 492.0 491.0 491.0 51746.0 51746.0 519.0 520.0 520.0 520.0 541.0 550.0 526.0 553.0 527.0 529.0 543.0 550.0 861.4181184668984 4270.284787601761
12 630.0 663.0 669.0 574.0 623.0 643.0 661.0 660.0 630.0 641.0 641.0 650.0 662.0 646.0 646.0 639.0 639.0 648.0 675.0 669.0 616.0 621.0 644.0 653.0 666.0 677.0 661.0 672.0 672.0 682.0 682.0 629.0 696.0 692.0 653.0 672.0 672.0 672.0 672.0 672.0 672.0 565.0 570.0 577.0 577.0 617.0 617.0 617.0 617.0 617.0 617.0 599.0 600.0 570.0 616.0 623.0 607.0 574.0 582.0 582.0 582.0 626.0 622.0 653.0 700.0 668.0 668.0 683.0 654.0 644.0 630.0 596.0 604.0 603.0 580.0 589.0 602.0 611.0 574.0 622.0 639.0 641.0 610.0 629.0 632.0 654.0 641.0 644.0 638.0 625.0 618.0 628.0 558.0 560.0 630.0 627.0 623.0 608.0 619.0 610.0 611.0 630.0 639.0 640.0 639.0 649.0 645.0 618.0 604.0 582.0 563.0 573.0 623.0 637.0 650.0 644.0 619.0 624.0 671.0 645.0 634.0 641.0 649.0 645.0 636.0 635.0 624.0 603.0 607.0 618.0 617.0 573.0 593.0 568.0 632.0 598.0 590.0 614.0 648.0 649.0 652.0 599.0 590.0 604.0 563.0 559.0 582.0 636.0 631.0 557.0 576.0 631.0 553.0 551.0 593.0 629.0 632.0 590.0 632.0 606.0 677.0 912.0 629.0 702.0 729.0 908.0 643.0 588.0 566.0 572.0 619.0 623.0 584.0 573.0 587.0 616.0 587.0 566.0 612.0 630.0 624.0 584.0 539.0 588.0 609.0 605.0 595.0 584.0 612.0 624.0 570.0 593.0 566.0 609.0 579.0 573.0 571.0 588.0 613.0 600.0 584.0 574.0 578.0 620.0 639.0 587.0 569.0 644.0 574.0 541.0 633.0 632.0 607.0 619.0 612.0 613.0 624.0 620.0 571.0 567.0 633.0 631.0 624.0 640.0 564.0 552.0 541.0 529.0 600.0 600.0 589.0 586.0 619.0 589.0 610.0 661.0 556.0 556.0 618.0 618.0 615.0 611.0 641.0 644.0 671.0 653.0 644.0 657.0 655.0 650.0 675.0 600.0 585.0 603.0 770.0 770.0 770.0 770.0 770.0 770.0 633.0 631.0 634.0 668.0 578.0 629.0 632.0 642.0 637.0 638.0 648.0 648.0 648.0 641.0 638.0 629.0 661.0 656.0 637.0 668.0 666.0 639.0 636.0 645.0 663.0 643.0 649.0 625.5261324041812 47.16366215632958
13 8.0 8.0 8.0 8.0 8.0 8.0 8.0 8.0 8.0 8.0 8.0 8.0 8.0 8.0 8.0 8.0 8.0 9.0 9.0 9.0 9.0 9.0 9.0 9.0 9.0 9.0 9.0 9.0 9.0 9.0 9.0 9.0 9.0 9.0 9.0 9.0 9.0 9.0 9.0 9.0 9.0 7.0 7.0 7.0 7.0 7.0 7.0 7.0 7.0 7.0 7.0 7.0 7.0 8.0 8.0 8.0 8.0 8.0 8.0 8.0 8.0 8.0 8.0 8.0 8.0 8.0 8.0 8.0 8.0 8.0 8.0 8.0 8.0 8.0 8.0 8.0 8.0 8.0 8.0 8.0 8.0 8.0 8.0 8.0 8.0 8.0 8.0 8.0 8.0 8.0 8.0 7.0 7.0 8.0 8.0 8.0 8.0 8.0 8.0 8.0 8.0 8.0 8.0 8.0 8.0 8.0 8.0 8.0 8.0 7.0 7.0 7.0 7.0 7.0 8.0 8.0 8.0 8.0 8.0 8.0 8.0 8.0 8.0 8.0 8.0 7.0 7.0 8.0 8.0 8.0 8.0 8.0 8.0 8.0 8.0 8.0 8.0 8.0 8.0 8.0 8.0 7.0 8.0 8.0 7.0 7.0 7.0 8.0 8.0 8.0 7.0 7.0 7.0 8.0 8.0 8.0 8.0 7.0 7.0 7.0 7.0 7.0 7.0 14.0 14.0 14.0 7.0 7.0 7.0 8.0 8.0 8.0 7.0 7.0 7.0 8.0 6.0 6.0 6.0 6.0 6.0 6.0 7.0 9.0 6.0 6.0 6.0 8.0 8.0 8.0 7.0 7.0 7.0 7.0 7.0 7.0 7.0 7.0 8.0 8.0 8.0 8.0 8.0 8.0 8.0 9.0 7.0 7.0 7.0 7.0 7.0 7.0 7.0 7.0 8.0 8.0 8.0 8.0 7.0 7.0 8.0 8.0 8.0 7.0 7.0 7.0 7.0 7.0 7.0 7.0 7.0 7.0 7.0 7.0 7.0 7.0 7.0 7.0 8.0 8.0 8.0 8.0 8.0 8.0 8.0 8.0 8.0 8.0 8.0 8.0 8.0 8.0 8.0 8.0 8.0 8.0 8.0 8.0 8.0 8.0 8.0 8.0 8.0 8.0 8.0 8.0 8.0 8.0 8.0 8.0 8.0 8.0 8.0 8.0 8.0 8.0 8.0 8.0 8.0 8.0 8.0 8.0 8.0 8.0 8.0 8.0 8.0 7.8327526132404195 0.9083376914246846
14 97.0 97.0 84.0 84.0 94.0 100.0 100.0 94.0 94.0 94.0 94.0 96.0 96.0 96.0 96.0 93.0 93.0 101.0 101.0 101.0 101.0 89.0 89.0 97.0 97.0 97.0 100.0 100.0 100.0 100.0 100.0 100.0 104.0 104.0 109.0 109.0 109.0 109.0 109.0 109.0 112.0 82.0 82.0 82.0 90.0 90.0 90.0 90.0 90.0 90.0 90.0 89.0 76.0 93.0 93.0 93.0 84.0 84.0 84.0 84.0 102.0 90.0 104.0 104.0 104.0 104.0 104.0 96.0 97.0 84.0 84.0 84.0 85.0 85.0 83.0 88.0 88.0 88.0 92.0 102.0 92.0 90.0 92.0 94.0 98.0 96.0 100.0 100.0 95.0 95.0 92.0 80.0 83.0 96.0 92.0 95.0 95.0 94.0 86.0 93.0 92.0 134.0 97.0 96.0 97.0 88.0 94.0 87.0 85.0 85.0 90.0 90.0 96.0 96.0 94.0 106.0 102.0 97.0 97.0 94.0 97.0 97.0 93.0 100.0 92.0 95.0 87.0 87.0 94.0 90.0 90.0 90.0 90.0 98.0 92.0 99.0 94.0 98.0 95.0 95.0 94.0 81.0 97.0 83.0 81.0 114.0 93.0 98.0 85.0 93.0 77.0 77.0 84.0 93.0 94.0 93.0 94.0 98.0 100.0 148.0 93.0 94.0 95.0 80.0 92.0 99.0 89.0 83.0 96.0 90.0 91.0 87.0 84.0 84.0 84.0 90.0 78.0 93.0 93.0 97.0 86.0 87.0 87.0 95.0 77.0 94.0 94.0 90.0 82.0 94.0 83.0 91.0 91.0 94.0 83.0 94.0 86.0 97.0 93.0 83.0 83.0 97.0 98.0 94.0 94.0 86.0 79.0 76.0 76.0 97.0 97.0 88.0 93.0 91.0 89.0 96.0 89.0 92.0 79.0 79.0 91.0 91.0 96.0 92.0 80.0 77.0 77.0 77.0 77.0 84.0 95.0 95.0 95.0 84.0 99.0 81.0 87.0 92.0 90.0 90.0 89.0 102.0 93.0 93.0 97.0 101.0 100.0 95.0 117.0 97.0 97.0 90.0 90.0 90.0 90.0 90.0 90.0 90.0 90.0 103.0 94.0 94.0 94.0 94.0 94.0 92.0 92.0 101.0 101.0 101.0 101.0 101.0 98.0 94.0 94.0 94.0 96.0 96.0 96.0 98.0 98.0 97.0 97.0 97.0 92.0 95.0 95.0 93.01045296167248 8.256162911297505
15 534.0 537.0 530.0 617.0 627.0 602.0 594.0 594.0 594.0 601.0 600.0 611.0 558.0 585.0 593.0 613.0 632.0 551.0 555.0 566.0 576.0 618.0 604.0 618.0 621.0 627.0 640.0 640.0 640.0 594.0 639.0 647.0 665.0 686.0 686.0 686.0 686.0 686.0 686.0 524.0 524.0 518.0 569.0 571.0 574.0 574.0 574.0 574.0 574.0 560.0 554.0 516.0 552.0 567.0 577.0 534.0 534.0 585.0 585.0 624.0 561.0 558.0 558.0 558.0 558.0 604.0 605.0 594.0 576.0 560.0 565.0 549.0 524.0 546.0 558.0 558.0 602.0 592.0 593.0 587.0 579.0 585.0 621.0 618.0 607.0 631.0 636.0 540.0 551.0 550.0 596.0 600.0 580.0 583.0 569.0 552.0 554.0 566.0 581.0 596.0 696.0 673.0 612.0 618.0 597.0 574.0 504.0 541.0 552.0 551.0 589.0 597.0 578.0 590.0 647.0 603.0 616.0 617.0 576.0 612.0 621.0 593.0 592.0 570.0 572.0 549.0 557.0 571.0 542.0 536.0 528.0 534.0 579.0 599.0 586.0 589.0 584.0 608.0 608.0 535.0 527.0 562.0 521.0 517.0 581.0 523.0 556.0 577.0 542.0 580.0 585.0 577.0 585.0 591.0 636.0 577.0 590.0 553.0 733.0 600.0 592.0 617.0 664.0 568.0 598.0 556.0 529.0 539.0 573.0 577.0 544.0 536.0 528.0 571.0 556.0 539.0 549.0 538.0 723.0 602.0 560.0 514.0 606.0 533.0 594.0 583.0 582.0 580.0 544.0 513.0 517.0 579.0 539.0 532.0 531.0 538.0 584.0 569.0 543.0 538.0 579.0 599.0 583.0 633.0 603.0 589.0 631.0 492.0 591.0 569.0 545.0 570.0 618.0 590.0 575.0 568.0 528.0 506.0 513.0 579.0 596.0 599.0 576.0 516.0 517.0 573.0 548.0 606.0 554.0 537.0 602.0 548.0 588.0 614.0 508.0 525.0 574.0 575.0 586.0 561.0 546.0 562.0 604.0 616.0 595.0 597.0 599.0 597.0 611.0 591.0 591.0 591.0 591.0 591.0 591.0 591.0 591.0 585.0 588.0 585.0 593.0 593.0 593.0 593.0 574.0 584.0 591.0 585.0 585.0 585.0 585.0 585.0 585.0 585.0 608.0 604.0 615.0 618.0 616.0 586.0 598.0 606.0 615.0 599.0 599.0 610.0 609.0 581.7665505226481 38.270904013408895
16 349.0 395.0 403.0 401.0 381.0 475.0 475.0 475.0 388.0 398.0 398.0 387.0 383.0 393.0 327.0 348.0 356.0 355.0 363.0 396.0 400.0 400.0 396.0 393.0 597.0 597.0 597.0 369.0 438.0 405.0 412.0 471.0 471.0 471.0 471.0 471.0 471.0 471.0 471.0 409.0 409.0 373.0 370.0 370.0 370.0 370.0 370.0 370.0 359.0 337.0 340.0 364.0 355.0 354.0 369.0 413.0 439.0 439.0 660.0 365.0 365.0 365.0 402.0 403.0 391.0 394.0 380.0 480.0 403.0 353.0 381.0 343.0 360.0 362.0 362.0 399.0 383.0 377.0 377.0 372.0 359.0 368.0 412.0 426.0 380.0 355.0 390.0 316.0 316.0 316.0 608.0 371.0 366.0 357.0 355.0 374.0 386.0 366.0 391.0 391.0 389.0 388.0 376.0 336.0 376.0 319.0 314.0 349.0 362.0 382.0 391.0 382.0 379.0 363.0 378.0 408.0 387.0 378.0 358.0 393.0 378.0 360.0 371.0 371.0 390.0 386.0 420.0 420.0 352.0 362.0 384.0 445.0 402.0 378.0 365.0 388.0 396.0 394.0 375.0 336.0 326.0 359.0 333.0 355.0 339.0 322.0 329.0 368.0 730.0 383.0 381.0 382.0 382.0 399.0 391.0 396.0 354.0 347.0 376.0 396.0 550.0 440.0 343.0 337.0 340.0 341.0 398.0 393.0 379.0 357.0 330.0 379.0 367.0 376.0 381.0 384.0 384.0 309.0 376.0 394.0 374.0 369.0 354.0 350.0 346.0 347.0 324.0 392.0 381.0 359.0 386.0 380.0 380.0 350.0 353.0 346.0 352.0 365.0 401.0 384.0 451.0 381.0 408.0 361.0 410.0 327.0 339.0 388.0 351.0 368.0 407.0 407.0 376.0 373.0 350.0 340.0 386.0 359.0 371.0 400.0 403.0 379.0 371.0 367.0 362.0 362.0 330.0 385.0 328.0 328.0 355.0 318.0 348.0 356.0 364.0 373.0 371.0 379.0 372.0 365.0 362.0 399.0 400.0 601.0 393.0 379.0 342.0 383.0 340.0 340.0 340.0 340.0 340.0 340.0 340.0 340.0 379.0 366.0 411.0 411.0 411.0 411.0 379.0 387.0 406.0 383.0 383.0 383.0 383.0 383.0 379.0 379.0 379.0 397.0 398.0 400.0 400.0 398.0 390.0 398.0 398.0 388.0 394.0 398.0 399.0 393.0 388.0 385.219512195122 51.359665908947434
17 146.0 145.0 210.0 210.0 210.0 210.0 210.0 144.0 144.0 144.0 144.0 140.0 140.0 165.0 119.0 131.0 131.0 138.0 141.0 146.0 146.0 146.0 147.0 147.0 147.0 147.0 147.0 147.0 164.0 154.0 175.0 175.0 175.0 175.0 175.0 175.0 175.0 175.0 175.0 175.0 175.0 137.0 140.0 140.0 140.0 140.0 140.0 133.0 133.0 117.0 133.0 157.0 157.0 139.0 144.0 146.0 146.0 134.0 134.0 134.0 134.0 150.0 150.0 145.0 148.0 140.0 126.0 126.0 135.0 135.0 126.0 126.0 137.0 137.0 137.0 146.0 137.0 137.0 137.0 131.0 138.0 151.0 153.0 137.0 137.0 143.0 148.0 118.0 118.0 118.0 118.0 141.0 133.0 124.0 130.0 140.0 126.0 126.0 126.0 148.0 142.0 140.0 137.0 127.0 116.0 120.0 120.0 129.0 147.0 147.0 146.0 146.0 146.0 145.0 147.0 140.0 145.0 145.0 129.0 129.0 143.0 128.0 139.0 137.0 186.0 148.0 148.0 126.0 139.0 143.0 143.0 158.0 140.0 194.0 194.0 147.0 146.0 139.0 125.0 119.0 145.0 123.0 134.0 145.0 145.0 136.0 136.0 136.0 136.0 148.0 148.0 148.0 137.0 160.0 160.0 129.0 136.0 134.0 138.0 178.0 138.0 140.0 123.0 123.0 126.0 147.0 147.0 146.0 134.0 121.0 121.0 138.0 137.0 140.0 140.0 140.0 122.0 131.0 140.0 149.0 143.0 117.0 139.0 132.0 126.0 145.0 125.0 140.0 124.0 140.0 152.0 152.0 133.0 129.0 130.0 133.0 122.0 145.0 140.0 121.0 128.0 128.0 154.0 127.0 136.0 122.0 142.0 142.0 133.0 150.0 154.0 141.0 144.0 142.0 126.0 203.0 137.0 137.0 147.0 145.0 118.0 140.0 135.0 148.0 148.0 148.0 144.0 119.0 119.0 119.0 117.0 133.0 124.0 139.0 137.0 142.0 142.0 134.0 144.0 137.0 147.0 147.0 147.0 146.0 146.0 130.0 126.0 125.0 125.0 142.0 142.0 142.0 142.0 142.0 147.0 151.0 140.0 124.0 124.0 124.0 124.0 124.0 145.0 139.0 160.0 160.0 160.0 160.0 160.0 160.0 160.0 160.0 148.0 150.0 150.0 156.0 156.0 156.0 148.0 148.0 148.0 143.0 143.0 147.0 145.0 144.0 144.0 142.4808362369338 16.740893004823914
18 512.0 508.0 501.0 501.0 501.0 604.0 510.0 501.0 544.0 488.0 510.0 499.0 470.0 411.0 432.0 481.0 581.0 515.0 520.0 513.0 503.0 515.0 515.0 515.0 515.0 478.0 517.0 541.0 574.0 539.0 492.0 509.0 509.0 509.0 509.0 509.0 509.0 509.0 509.0 483.0 482.0 482.0 501.0 500.0 500.0 500.0 462.0 487.0 477.0 466.0 448.0 461.0 494.0 517.0 546.0 546.0 478.0 479.0 479.0 521.0 500.0 524.0 510.0 496.0 474.0 456.0 456.0 489.0 476.0 487.0 464.0 486.0 560.0 555.0 505.0 494.0 482.0 482.0 460.0 480.0 503.0 522.0 493.0 496.0 500.0 497.0 482.0 500.0 505.0 508.0 479.0 484.0 501.0 500.0 422.0 423.0 470.0 470.0 510.0 507.0 522.0 517.0 483.0 401.0 418.0 454.0 455.0 501.0 499.0 487.0 457.0 463.0 470.0 515.0 488.0 492.0 470.0 455.0 473.0 485.0 447.0 469.0 433.0 423.0 503.0 503.0 470.0 464.0 484.0 433.0 513.0 496.0 463.0 484.0 503.0 493.0 444.0 430.0 441.0 445.0 441.0 498.0 446.0 485.0 483.0 501.0 501.0 501.0 616.0 464.0 507.0 455.0 496.0 495.0 493.0 666.0 495.0 425.0 443.0 587.0 449.0 433.0 439.0 444.0 454.0 506.0 495.0 467.0 513.0 449.0 474.0 518.0 495.0 463.0 455.0 420.0 467.0 500.0 517.0 494.0 449.0 462.0 484.0 440.0 448.0 506.0 507.0 506.0 523.0 506.0 502.0 486.0 463.0 436.0 456.0 457.0 482.0 504.0 648.0 576.0 545.0 478.0 454.0 458.0 447.0 485.0 477.0 456.0 453.0 497.0 484.0 486.0 504.0 440.0 464.0 481.0 479.0 542.0 506.0 521.0 470.0 451.0 439.0 507.0 516.0 470.0 445.0 448.0 484.0 414.0 432.0 455.0 674.0 483.0 485.0 489.0 499.0 487.0 475.0 517.0 512.0 512.0 511.0 577.0 440.0 438.0 438.0 473.0 482.0 520.0 520.0 495.0 463.0 500.0 508.0 477.0 468.0 468.0 465.0 465.0 528.0 497.0 502.0 498.0 498.0 498.0 498.0 498.0 498.0 498.0 498.0 523.0 521.0 519.0 519.0 491.0 501.0 519.0 519.0 509.0 513.0 516.0 517.0 505.0 506.0 506.0 506.0 490.11149825783974 37.143571009365715
19 293.0 293.0 293.0 293.0 277.0 273.0 305.0 298.0 260.0 268.0 273.0 273.0 242.0 265.0 266.0 275.0 294.0 307.0 275.0 284.0 284.0 284.0 284.0 284.0 284.0 288.0 288.0 288.0 288.0 275.0 275.0 275.0 275.0 281.0 281.0 281.0 274.0 275.0 265.0 267.0 274.0 278.0 278.0 278.0 278.0 260.0 284.0 286.0 260.0 249.0 255.0 265.0 298.0 298.0 298.0 265.0 267.0 267.0 267.0 268.0 268.0 283.0 277.0 254.0 249.0 249.0 249.0 273.0 247.0 263.0 274.0 270.0 286.0 281.0 271.0 271.0 271.0 270.0 266.0 296.0 288.0 268.0 270.0 279.0 265.0 267.0 271.0 277.0 245.0 266.0 281.0 280.0 273.0 272.0 232.0 255.0 273.0 283.0 280.0 284.0 282.0 268.0 228.0 223.0 250.0 255.0 280.0 287.0 269.0 260.0 259.0 271.0 287.0 265.0 261.0 261.0 259.0 262.0 267.0 258.0 276.0 267.0 279.0 287.0 289.0 262.0 261.0 265.0 239.0 280.0 278.0 254.0 261.0 280.0 258.0 247.0 233.0 237.0 245.0 243.0 279.0 269.0 272.0 280.0 269.0 269.0 269.0 237.0 382.0 265.0 275.0 262.0 266.0 250.0 274.0 275.0 245.0 244.0 400.0 274.0 239.0 260.0 250.0 290.0 279.0 271.0 255.0 273.0 265.0 270.0 269.0 259.0 255.0 310.0 229.0 249.0 260.0 254.0 279.0 238.0 273.0 260.0 249.0 262.0 287.0 271.0 266.0 278.0 284.0 276.0 258.0 270.0 239.0 248.0 250.0 282.0 270.0 420.0 279.0 301.0 263.0 252.0 260.0 275.0 276.0 255.0 264.0 306.0 264.0 274.0 267.0 270.0 238.0 240.0 252.0 272.0 291.0 284.0 290.0 287.0 263.0 243.0 243.0 236.0 279.0 274.0 274.0 273.0 246.0 235.0 248.0 267.0 267.0 277.0 274.0 275.0 281.0 266.0 281.0 279.0 286.0 283.0 283.0 264.0 236.0 236.0 236.0 267.0 288.0 281.0 274.0 319.0 269.0 274.0 276.0 292.0 292.0 292.0 278.0 282.0 295.0 289.0 274.0 274.0 274.0 274.0 274.0 274.0 274.0 274.0 291.0 291.0 286.0 267.0 265.0 282.0 286.0 286.0 284.0 285.0 286.0 288.0 281.0 281.0 281.0 281.0 281.0 271.86759581881535 20.907636427461604
20 400.0 400.0 400.0 387.0 381.0 390.0 415.0 371.0 370.0 381.0 397.0 348.0 347.0 375.0 382.0 430.0 443.0 385.0 394.0 399.0 399.0 399.0 399.0 369.0 405.0 397.0 380.0 381.0 387.0 387.0 387.0 387.0 387.0 387.0 387.0 383.0 380.0 384.0 385.0 382.0 379.0 387.0 387.0 369.0 358.0 406.0 366.0 359.0 357.0 361.0 389.0 400.0 380.0 380.0 370.0 369.0 369.0 379.0 363.0 387.0 396.0 381.0 356.0 350.0 350.0 350.0 382.0 366.0 367.0 380.0 391.0 404.0 396.0 374.0 374.0 374.0 373.0 378.0 403.0 395.0 377.0 383.0 385.0 389.0 372.0 388.0 384.0 361.0 372.0 378.0 389.0 379.0 382.0 356.0 351.0 399.0 397.0 393.0 388.0 385.0 379.0 308.0 312.0 346.0 356.0 388.0 392.0 376.0 372.0 349.0 381.0 390.0 366.0 356.0 352.0 356.0 382.0 364.0 380.0 379.0 373.0 379.0 399.0 403.0 362.0 365.0 382.0 342.0 371.0 381.0 339.0 361.0 388.0 368.0 348.0 334.0 346.0 332.0 339.0 386.0 340.0 353.0 376.0 371.0 371.0 434.0 383.0 393.0 391.0 451.0 378.0 366.0 322.0 389.0 385.0 345.0 330.0 474.0 365.0 337.0 338.0 340.0 404.0 396.0 377.0 335.0 374.0 371.0 380.0 406.0 367.0 359.0 397.0 321.0 340.0 371.0 373.0 389.0 363.0 360.0 372.0 349.0 352.0 407.0 386.0 387.0 390.0 393.0 386.0 362.0 377.0 328.0 351.0 360.0 379.0 394.0 362.0 511.0 410.0 366.0 352.0 341.0 383.0 383.0 357.0 375.0 415.0 387.0 380.0 374.0 393.0 390.0 358.0 353.0 383.0 422.0 410.0 409.0 373.0 371.0 355.0 355.0 338.0 333.0 382.0 382.0 386.0 330.0 330.0 346.0 373.0 373.0 378.0 403.0 396.0 382.0 388.0 401.0 389.0 394.0 396.0 376.0 329.0 347.0 369.0 369.0 371.0 479.0 393.0 402.0 434.0 362.0 436.0 379.0 355.0 539.0 539.0 539.0 399.0 411.0 415.0 384.0 384.0 384.0 384.0 384.0 384.0 384.0 444.0 403.0 403.0 402.0 391.0 372.0 401.0 403.0 403.0 409.0 455.0 400.0 397.0 393.0 387.0 387.0 387.0 380.0 373.0 380.7282229965157 30.317019695129243
21 6.0 6.0 6.0 6.0 6.0 6.0 6.0 5.0 5.0 5.0 5.0 4.0 4.0 4.0 4.0 7.0 7.0 6.0 6.0 6.0 6.0 6.0 6.0 6.0 6.0 6.0 6.0 6.0 6.0 6.0 6.0 6.0 6.0 6.0 6.0 6.0 6.0 6.0 6.0 6.0 6.0 6.0 6.0 6.0 6.0 6.0 6.0 6.0 6.0 6.0 6.0 6.0 6.0 6.0 6.0 6.0 6.0 6.0 6.0 6.0 6.0 6.0 6.0 6.0 6.0 6.0 6.0 6.0 6.0 6.0 6.0 6.0 6.0 6.0 6.0 6.0 5.0 6.0 6.0 6.0 6.0 6.0 6.0 6.0 6.0 6.0 6.0 6.0 6.0 6.0 6.0 6.0 6.0 6.0 6.0 6.0 6.0 6.0 6.0 6.0 6.0 4.0 4.0 5.0 5.0 5.0 5.0 5.0 5.0 5.0 6.0 6.0 5.0 5.0 5.0 5.0 5.0 5.0 24.0 6.0 6.0 6.0 6.0 6.0 5.0 5.0 5.0 5.0 6.0 6.0 5.0 5.0 5.0 5.0 5.0 5.0 6.0 5.0 5.0 5.0 5.0 5.0 6.0 6.0 6.0 6.0 11.0 11.0 11.0 5.0 5.0 5.0 5.0 6.0 6.0 5.0 7.0 7.0 5.0 5.0 5.0 5.0 5.0 5.0 5.0 5.0 5.0 5.0 5.0 5.0 5.0 5.0 5.0 5.0 5.0 5.0 6.0 6.0 5.0 5.0 5.0 5.0 5.0 6.0 6.0 6.0 6.0 6.0 6.0 5.0 5.0 5.0 6.0 6.0 6.0 6.0 5.0 5.0 5.0 5.0 5.0 5.0 6.0 6.0 6.0 6.0 6.0 6.0 6.0 6.0 6.0 6.0 5.0 5.0 5.0 5.0 5.0 5.0 5.0 5.0 5.0 5.0 5.0 6.0 6.0 6.0 6.0 5.0 5.0 6.0 6.0 6.0 6.0 6.0 6.0 6.0 6.0 6.0 6.0 6.0 6.0 6.0 5.0 5.0 5.0 5.0 5.0 5.0 5.0 5.0 5.0 5.0 6.0 6.0 6.0 6.0 6.0 6.0 6.0 6.0 6.0 6.0 6.0 6.0 6.0 6.0 6.0 6.0 6.0 6.0 6.0 6.0 6.0 6.0 6.0 6.0 6.0 6.0 6.0 6.0 6.0 6.0 6.0 6.0 6.0 6.0 6.0 5.7630662020905925 1.3273461900308317
22 203.0 203.0 203.0 214.0 214.0 228.0 195.0 191.0 197.0 218.0 154.0 155.0 192.0 200.0 237.0 224.0 197.0 209.0 209.0 209.0 209.0 209.0 209.0 203.0 203.0 203.0 203.0 199.0 199.0 199.0 199.0 196.0 196.0 196.0 192.0 194.0 196.0 196.0 193.0 194.0 196.0 196.0 196.0 184.0 217.0 181.0 184.0 179.0 189.0 197.0 209.0 209.0 209.0 205.0 205.0 205.0 205.0 189.0 202.0 202.0 194.0 181.0 177.0 177.0 177.0 192.0 176.0 184.0 193.0 193.0 202.0 204.0 189.0 189.0 189.0 190.0 191.0 211.0 201.0 186.0 192.0 199.0 206.0 189.0 204.0 197.0 175.0 190.0 191.0 212.0 193.0 193.0 200.0 191.0 191.0 211.0 199.0 212.0 197.0 191.0 191.0 163.0 197.0 179.0 195.0 203.0 185.0 175.0 197.0 193.0 192.0 194.0 178.0 178.0 184.0 198.0 194.0 180.0 268.0 187.0 199.0 199.0 206.0 176.0 181.0 183.0 174.0 187.0 199.0 175.0 184.0 197.0 195.0 179.0 182.0 215.0 174.0 172.0 204.0 178.0 167.0 195.0 192.0 192.0 192.0 218.0 209.0 196.0 204.0 193.0 184.0 173.0 209.0 198.0 197.0 175.0 252.0 187.0 174.0 191.0 173.0 200.0 200.0 168.0 178.0 174.0 198.0 201.0 190.0 180.0 188.0 200.0 187.0 162.0 194.0 199.0 199.0 182.0 187.0 178.0 180.0 190.0 198.0 203.0 191.0 198.0 196.0 212.0 194.0 189.0 165.0 186.0 182.0 192.0 196.0 207.0 174.0 212.0 194.0 184.0 171.0 195.0 194.0 182.0 193.0 218.0 179.0 187.0 224.0 206.0 194.0 201.0 181.0 192.0 210.0 201.0 194.0 190.0 185.0 181.0 181.0 198.0 197.0 192.0 192.0 209.0 198.0 155.0 178.0 189.0 188.0 195.0 203.0 207.0 194.0 186.0 208.0 195.0 203.0 199.0 199.0 180.0 179.0 179.0 179.0 189.0 214.0 240.0 378.0 341.0 189.0 193.0 194.0 173.0 173.0 173.0 173.0 224.0 212.0 213.0 192.0 192.0 192.0 192.0 192.0 192.0 192.0 194.0 227.0 227.0 202.0 202.0 189.0 203.0 202.0 233.0 203.0 203.0 202.0 202.0 198.0 198.0 198.0 198.0 198.0 198.0 191.0 195.6411149825784 19.97008556901011
23 120.0 120.0 120.0 126.0 126.0 126.0 113.0 119.0 119.0 149.0 101.0 110.0 120.0 120.0 124.0 124.0 124.0 124.0 124.0 124.0 120.0 120.0 128.0 124.0 124.0 124.0 124.0 124.0 124.0 124.0 124.0 124.0 124.0 124.0 120.0 128.0 128.0 128.0 128.0 119.0 119.0 119.0 119.0 111.0 111.0 112.0 112.0 112.0 116.0 123.0 125.0 125.0 125.0 125.0 125.0 125.0 125.0 125.0 124.0 119.0 119.0 108.0 108.0 108.0 108.0 108.0 108.0 118.0 121.0 121.0 127.0 122.0 116.0 116.0 116.0 119.0 114.0 132.0 117.0 118.0 111.0 208.0 208.0 115.0 124.0 121.0 115.0 113.0 113.0 120.0 118.0 118.0 208.0 208.0 124.0 119.0 120.0 148.0 115.0 119.0 107.0 109.0 116.0 123.0 123.0 124.0 124.0 122.0 124.0 133.0 118.0 110.0 107.0 107.0 106.0 132.0 112.0 107.0 121.0 120.0 121.0 121.0 121.0 114.0 114.0 114.0 109.0 120.0 115.0 125.0 119.0 120.0 118.0 116.0 123.0 116.0 104.0 104.0 122.0 122.0 115.0 118.0 117.0 117.0 117.0 117.0 99.0 120.0 118.0 115.0 118.0 137.0 115.0 121.0 107.0 152.0 152.0 112.0 118.0 106.0 105.0 123.0 124.0 119.0 97.0 97.0 109.0 166.0 114.0 113.0 113.0 238.0 97.0 129.0 144.0 125.0 120.0 120.0 122.0 122.0 109.0 124.0 120.0 111.0 122.0 125.0 121.0 126.0 124.0 122.0 101.0 110.0 121.0 117.0 124.0 124.0 129.0 118.0 113.0 118.0 118.0 119.0 119.0 114.0 122.0 122.0 118.0 118.0 223.0 124.0 126.0 106.0 116.0 124.0 124.0 124.0 144.0 114.0 112.0 109.0 109.0 122.0 120.0 120.0 120.0 124.0 93.0 107.0 108.0 116.0 106.0 120.0 118.0 119.0 114.0 114.0 114.0 114.0 120.0 121.0 117.0 108.0 108.0 108.0 125.0 125.0 153.0 122.0 122.0 122.0 116.0 120.0 118.0 118.0 118.0 118.0 118.0 123.0 119.0 119.0 119.0 119.0 119.0 119.0 119.0 119.0 119.0 138.0 138.0 138.0 125.0 125.0 125.0 124.0 145.0 145.0 124.0 124.0 124.0 123.0 119.0 119.0 119.0 119.0 119.0 118.0 116.0 121.54703832752614 16.521136597841547
24 255.0 225.0 221.0 208.0 208.0 208.0 208.0 498.0 269.0 186.0 195.0 195.0 228.0 237.0 236.0 204.0 204.0 204.0 235.0 228.0 228.0 235.0 576.0 576.0 576.0 576.0 576.0 576.0 213.0 213.0 213.0 213.0 213.0 226.0 226.0 226.0 228.0 228.0 226.0 226.0 226.0 226.0 213.0 208.0 209.0 220.0 273.0 240.0 244.0 241.0 209.0 223.0 223.0 223.0 223.0 237.0 237.0 229.0 238.0 234.0 237.0 206.0 231.0 235.0 235.0 186.0 215.0 227.0 227.0 245.0 246.0 221.0 232.0 217.0 209.0 216.0 216.0 496.0 226.0 296.0 210.0 228.0 217.0 243.0 234.0 217.0 226.0 213.0 356.0 229.0 225.0 225.0 228.0 219.0 219.0 209.0 221.0 263.0 210.0 219.0 220.0 226.0 233.0 229.0 236.0 236.0 223.0 235.0 204.0 237.0 227.0 205.0 217.0 228.0 307.0 227.0 215.0 256.0 224.0 231.0 204.0 204.0 218.0 213.0 232.0 278.0 212.0 232.0 209.0 229.0 231.0 224.0 218.0 231.0 226.0 237.0 198.0 244.0 234.0 203.0 224.0 222.0 222.0 222.0 191.0 191.0 199.0 236.0 255.0 212.0 214.0 283.0 288.0 333.0 236.0 255.0 255.0 291.0 259.0 202.0 234.0 223.0 225.0 226.0 226.0 218.0 216.0 217.0 220.0 222.0 220.0 220.0 186.0 252.0 258.0 238.0 227.0 233.0 228.0 207.0 218.0 231.0 223.0 208.0 227.0 232.0 232.0 257.0 235.0 204.0 206.0 211.0 221.0 231.0 232.0 238.0 234.0 223.0 215.0 221.0 239.0 232.0 241.0 240.0 245.0 225.0 231.0 228.0 281.0 228.0 212.0 205.0 219.0 235.0 235.0 235.0 185.0 215.0 208.0 208.0 235.0 229.0 225.0 222.0 238.0 195.0 184.0 214.0 238.0 208.0 220.0 221.0 222.0 224.0 220.0 213.0 213.0 230.0 230.0 223.0 222.0 191.0 191.0 191.0 191.0 191.0 241.0 228.0 228.0 219.0 227.0 225.0 225.0 225.0 225.0 1367.0 241.0 227.0 226.0 226.0 245.0 261.0 243.0 243.0 243.0 243.0 234.0 236.0 236.0 240.0 228.0 244.0 245.0 245.0 245.0 236.0 236.0 235.0 236.0 230.0 275.0 281.0 237.0 237.0 235.0 225.0 225.0 240.7073170731707 88.6520939259872
25 51.0 55.0 50.0 50.0 50.0 50.0 50.0 66.0 66.0 43.0 46.0 46.0 46.0 51.0 71.0 47.0 47.0 47.0 62.0 51.0 51.0 54.0 54.0 54.0 54.0 54.0 54.0 54.0 54.0 54.0 54.0 54.0 54.0 96.0 96.0 96.0 96.0 96.0 52.0 52.0 52.0 52.0 47.0 47.0 49.0 54.0 54.0 54.0 54.0 60.0 60.0 60.0 60.0 60.0 60.0 52.0 52.0 52.0 49.0 54.0 54.0 47.0 52.0 52.0 52.0 52.0 47.0 50.0 50.0 52.0 52.0 52.0 52.0 52.0 52.0 46.0 54.0 54.0 54.0 54.0 54.0 49.0 51.0 51.0 61.0 53.0 53.0 91.0 52.0 50.0 54.0 54.0 54.0 58.0 58.0 50.0 49.0 48.0 55.0 49.0 55.0 49.0 53.0 53.0 53.0 62.0 51.0 52.0 44.0 44.0 53.0 53.0 53.0 50.0 49.0 54.0 52.0 53.0 52.0 52.0 43.0 80.0 58.0 50.0 50.0 51.0 52.0 49.0 50.0 52.0 57.0 50.0 50.0 51.0 49.0 46.0 46.0 84.0 41.0 46.0 51.0 52.0 52.0 43.0 47.0 47.0 52.0 51.0 50.0 59.0 59.0 50.0 51.0 65.0 65.0 54.0 54.0 45.0 61.0 52.0 52.0 65.0 65.0 43.0 43.0 64.0 64.0 53.0 63.0 59.0 49.0 46.0 53.0 48.0 52.0 52.0 48.0 50.0 50.0 45.0 51.0 53.0 54.0 54.0 49.0 50.0 52.0 59.0 57.0 47.0 49.0 52.0 52.0 51.0 51.0 51.0 51.0 46.0 79.0 79.0 65.0 51.0 51.0 49.0 49.0 53.0 54.0 48.0 52.0 113.0 50.0 62.0 52.0 52.0 52.0 42.0 43.0 48.0 52.0 52.0 54.0 49.0 49.0 50.0 50.0 60.0 39.0 50.0 98.0 44.0 55.0 62.0 52.0 51.0 59.0 50.0 50.0 53.0 53.0 53.0 59.0 53.0 53.0 53.0 53.0 64.0 64.0 64.0 64.0 66.0 50.0 54.0 100.0 100.0 100.0 60.0 51.0 49.0 49.0 49.0 55.0 53.0 53.0 53.0 53.0 53.0 49.0 49.0 53.0 50.0 64.0 64.0 56.0 56.0 56.0 52.0 52.0 53.0 52.0 56.0 50.0 50.0 49.0 49.0 52.0 49.0 49.0 54.67944250871081 10.611793925509831
26 122.0 118.0 107.0 107.0 107.0 107.0 107.0 127.0 127.0 97.0 97.0 118.0 118.0 122.0 122.0 126.0 126.0 125.0 142.0 119.0 123.0 123.0 123.0 123.0 123.0 123.0 123.0 123.0 107.0 107.0 107.0 107.0 122.0 119.0 119.0 112.0 112.0 117.0 119.0 119.0 119.0 119.0 100.0 130.0 111.0 125.0 125.0 130.0 128.0 130.0 107.0 107.0 107.0 107.0 107.0 124.0 131.0 121.0 130.0 109.0 108.0 108.0 124.0 124.0 124.0 115.0 117.0 117.0 117.0 127.0 115.0 115.0 115.0 110.0 112.0 112.0 124.0 124.0 119.0 110.0 110.0 116.0 116.0 123.0 110.0 119.0 124.0 124.0 120.0 120.0 116.0 116.0 125.0 114.0 114.0 117.0 117.0 118.0 118.0 117.0 118.0 119.0 122.0 126.0 126.0 110.0 122.0 128.0 104.0 122.0 119.0 123.0 121.0 114.0 120.0 112.0 114.0 115.0 117.0 107.0 103.0 124.0 155.0 119.0 119.0 113.0 114.0 117.0 160.0 143.0 122.0 133.0 118.0 121.0 103.0 104.0 125.0 124.0 124.0 114.0 117.0 135.0 135.0 101.0 101.0 119.0 124.0 122.0 112.0 119.0 112.0 113.0 132.0 114.0 127.0 127.0 101.0 115.0 108.0 123.0 119.0 121.0 119.0 108.0 123.0 125.0 125.0 107.0 119.0 112.0 112.0 102.0 116.0 112.0 119.0 120.0 110.0 106.0 108.0 110.0 129.0 123.0 109.0 100.0 110.0 127.0 122.0 126.0 108.0 103.0 101.0 122.0 120.0 118.0 118.0 123.0 122.0 109.0 118.0 111.0 120.0 122.0 118.0 134.0 134.0 113.0 116.0 119.0 119.0 127.0 115.0 115.0 123.0 123.0 123.0 100.0 114.0 110.0 110.0 122.0 123.0 118.0 118.0 114.0 122.0 93.0 109.0 116.0 114.0 115.0 130.0 125.0 121.0 118.0 112.0 111.0 111.0 121.0 121.0 119.0 119.0 119.0 119.0 119.0 119.0 130.0 117.0 117.0 131.0 137.0 118.0 118.0 126.0 126.0 126.0 124.0 119.0 119.0 117.0 117.0 124.0 123.0 123.0 123.0 123.0 123.0 105.0 105.0 121.0 120.0 117.0 118.0 124.0 124.0 124.0 124.0 124.0 123.0 122.0 108.0 106.0 106.0 115.0 115.0 118.0 123.0 123.0 118.05574912891986 8.612705692721136
27 205.0 198.0 198.0 198.0 198.0 198.0 248.0 234.0 161.0 168.0 194.0 196.0 208.0 206.0 197.0 229.0 224.0 207.0 207.0 207.0 205.0 205.0 205.0 205.0 184.0 184.0 184.0 185.0 185.0 185.0 185.0 185.0 204.0 196.0 196.0 196.0 196.0 200.0 200.0 185.0 185.0 180.0 184.0 193.0 199.0 180.0 180.0 208.0 251.0 234.0 226.0 226.0 226.0 226.0 210.0 210.0 206.0 200.0 204.0 180.0 181.0 208.0 208.0 208.0 208.0 192.0 204.0 204.0 204.0 205.0 197.0 197.0 194.0 184.0 183.0 208.0 209.0 199.0 199.0 188.0 199.0 196.0 205.0 199.0 196.0 198.0 212.0 212.0 199.0 198.0 169.0 190.0 195.0 194.0 194.0 198.0 201.0 200.0 198.0 201.0 199.0 209.0 207.0 211.0 179.0 195.0 191.0 180.0 202.0 202.0 199.0 199.0 201.0 195.0 181.0 179.0 199.0 183.0 205.0 180.0 179.0 209.0 193.0 189.0 179.0 194.0 197.0 199.0 201.0 206.0 201.0 198.0 198.0 201.0 175.0 174.0 208.0 160.0 179.0 193.0 196.0 196.0 211.0 172.0 181.0 201.0 238.0 194.0 194.0 201.0 198.0 196.0 210.0 221.0 217.0 217.0 192.0 196.0 178.0 197.0 213.0 197.0 185.0 179.0 200.0 202.0 191.0 171.0 195.0 191.0 202.0 174.0 185.0 189.0 203.0 178.0 189.0 179.0 183.0 224.0 210.0 228.0 188.0 168.0 216.0 196.0 191.0 180.0 174.0 171.0 189.0 201.0 197.0 199.0 229.0 197.0 202.0 212.0 191.0 185.0 206.0 209.0 200.0 200.0 197.0 191.0 194.0 202.0 199.0 185.0 188.0 201.0 202.0 222.0 213.0 161.0 216.0 180.0 199.0 204.0 208.0 198.0 193.0 201.0 208.0 161.0 178.0 191.0 191.0 196.0 205.0 201.0 197.0 188.0 184.0 187.0 194.0 206.0 198.0 201.0 201.0 201.0 201.0 201.0 224.0 204.0 204.0 211.0 222.0 199.0 199.0 197.0 198.0 259.0 208.0 205.0 200.0 200.0 200.0 199.0 207.0 204.0 204.0 204.0 204.0 178.0 177.0 177.0 206.0 200.0 200.0 208.0 208.0 208.0 208.0 208.0 205.0 202.0 203.0 172.0 191.0 198.0 202.0 202.0 209.0 209.0 209.0 198.16376306620208 14.266360150496206
28 614.0 640.0 632.0 632.0 746.0 662.0 494.0 499.0 497.0 615.0 666.0 644.0 659.0 683.0 550.0 559.0 638.0 852.0 718.0 702.0 702.0 702.0 656.0 661.0 656.0 638.0 624.0 837.0 632.0 588.0 596.0 622.0 615.0 591.0 608.0 625.0 624.0 632.0 632.0 558.0 571.0 614.0 617.0 625.0 632.0 688.0 658.0 658.0 641.0 653.0 638.0 638.0 632.0 629.0 632.0 663.0 634.0 625.0 575.0 586.0 642.0 661.0 661.0 630.0 620.0 622.0 617.0 642.0 626.0 647.0 696.0 667.0 571.0 570.0 567.0 620.0 620.0 570.0 607.0 618.0 618.0 628.0 601.0 526.0 519.0 665.0 632.0 624.0 620.0 636.0 599.0 636.0 626.0 619.0 600.0 630.0 615.0 591.0 623.0 687.0 639.0 658.0 635.0 611.0 590.0 571.0 564.0 587.0 735.0 669.0 733.0 625.0 604.0 545.0 546.0 561.0 560.0 557.0 553.0 554.0 669.0 666.0 565.0 545.0 596.0 622.0 620.0 551.0 553.0 598.0 623.0 631.0 590.0 592.0 555.0 652.0 643.0 565.0 614.0 558.0 525.0 526.0 527.0 540.0 864.0 728.0 541.0 579.0 558.0 594.0 627.0 600.0 555.0 562.0 570.0 547.0 557.0 565.0 575.0 601.0 617.0 588.0 627.0 636.0 539.0 554.0 579.0 663.0 579.0 563.0 551.0 559.0 580.0 589.0 563.0 566.0 595.0 624.0 605.0 630.0 592.0 590.0 566.0 554.0 652.0 671.0 580.0 561.0 551.0 552.0 629.0 579.0 535.0 565.0 551.0 586.0 580.0 608.0 582.0 629.0 631.0 607.0 559.0 581.0 587.0 609.0 626.0 545.0 553.0 579.0 655.0 636.0 639.0 606.0 515.0 520.0 588.0 608.0 647.0 635.0 616.0 606.0 628.0 519.0 550.0 554.0 570.0 621.0 510.0 614.0 627.0 598.0 581.0 591.0 583.0 599.0 637.0 620.0 623.0 623.0 623.0 623.0 640.0 633.0 639.0 1859.0 624.0 620.0 615.0 641.0 618.0 629.0 600.0 599.0 629.0 626.0 629.0 624.0 672.0 684.0 586.0 586.0 586.0 611.0 564.0 544.0 553.0 640.0 624.0 642.0 642.0 647.0 654.0 657.0 653.0 650.0 640.0 636.0 573.0 570.0 632.0 634.0 651.0 652.0 618.0 586.0 637.0 615.1080139372823 89.34688530985979
29 12.0 12.0 12.0 12.0 12.0 12.0 12.0 12.0 12.0 12.0 12.0 12.0 12.0 12.0 14.0 14.0 14.0 16.0 16.0 14.0 14.0 14.0 14.0 14.0 14.0 15.0 15.0 15.0 16.0 15.0 15.0 15.0 15.0 15.0 15.0 15.0 15.0 15.0 15.0 15.0 15.0 16.0 16.0 16.0 16.0 16.0 16.0 16.0 16.0 16.0 16.0 16.0 16.0 16.0 16.0 16.0 15.0 15.0 15.0 15.0 15.0 15.0 15.0 15.0 15.0 14.0 14.0 14.0 14.0 14.0 14.0 15.0 14.0 14.0 14.0 14.0 14.0 14.0 14.0 14.0 14.0 14.0 12.0 12.0 12.0 12.0 12.0 12.0 12.0 12.0 12.0 12.0 15.0 15.0 15.0 15.0 15.0 16.0 16.0 25.0 16.0 16.0 16.0 16.0 14.0 14.0 14.0 14.0 23.0 23.0 23.0 23.0 14.0 13.0 14.0 14.0 14.0 14.0 14.0 19.0 13.0 13.0 13.0 13.0 13.0 13.0 13.0 14.0 14.0 14.0 14.0 15.0 16.0 16.0 16.0 16.0 16.0 16.0 16.0 16.0 13.0 14.0 13.0 13.0 18.0 18.0 18.0 14.0 14.0 19.0 14.0 14.0 14.0 14.0 14.0 14.0 14.0 14.0 14.0 14.0 14.0 14.0 16.0 16.0 13.0 15.0 18.0 14.0 14.0 13.0 14.0 14.0 14.0 14.0 14.0 14.0 15.0 18.0 13.0 13.0 13.0 15.0 15.0 15.0 15.0 15.0 14.0 13.0 13.0 13.0 13.0 14.0 13.0 13.0 13.0 13.0 13.0 13.0 13.0 16.0 16.0 14.0 14.0 14.0 15.0 16.0 16.0 13.0 16.0 16.0 16.0 16.0 16.0 16.0 16.0 15.0 15.0 15.0 15.0 15.0 15.0 15.0 15.0 12.0 14.0 14.0 14.0 14.0 12.0 17.0 17.0 15.0 14.0 14.0 14.0 14.0 14.0 14.0 14.0 14.0 14.0 14.0 14.0 14.0 14.0 14.0 14.0 14.0 14.0 14.0 14.0 14.0 15.0 15.0 16.0 16.0 16.0 16.0 16.0 16.0 15.0 15.0 15.0 16.0 14.0 14.0 14.0 14.0 14.0 14.0 14.0 14.0 14.0 14.0 14.0 14.0 14.0 14.0 14.0 14.0 14.0 16.0 16.0 16.0 16.0 16.0 16.0 14.599303135888501 1.7807437950843463
30 182.0 182.0 182.0 196.0 217.0 217.0 154.0 154.0 177.0 210.0 184.0 205.0 205.0 162.0 162.0 162.0 247.0 195.0 195.0 165.0 193.0 194.0 193.0 193.0 178.0 175.0 175.0 175.0 176.0 180.0 183.0 183.0 183.0 183.0 184.0 184.0 184.0 184.0 184.0 166.0 187.0 182.0 184.0 184.0 191.0 195.0 194.0 190.0 190.0 190.0 190.0 190.0 192.0 159.0 190.0 186.0 178.0 168.0 192.0 192.0 192.0 192.0 182.0 181.0 185.0 191.0 191.0 180.0 205.0 205.0 170.0 168.0 168.0 168.0 184.0 184.0 171.0 187.0 183.0 195.0 166.0 182.0 149.0 191.0 191.0 190.0 184.0 184.0 189.0 178.0 197.0 182.0 179.0 165.0 191.0 184.0 187.0 187.0 191.0 201.0 195.0 186.0 177.0 173.0 174.0 162.0 189.0 221.0 295.0 189.0 175.0 187.0 155.0 154.0 176.0 169.0 164.0 162.0 190.0 199.0 162.0 193.0 170.0 187.0 187.0 189.0 162.0 162.0 185.0 187.0 186.0 161.0 168.0 190.0 195.0 148.0 182.0 185.0 185.0 153.0 160.0 158.0 157.0 234.0 159.0 185.0 168.0 179.0 174.0 195.0 167.0 163.0 170.0 170.0 166.0 165.0 167.0 168.0 180.0 188.0 170.0 190.0 186.0 162.0 163.0 172.0 167.0 161.0 171.0 158.0 169.0 186.0 185.0 159.0 181.0 167.0 220.0 199.0 162.0 261.0 192.0 182.0 192.0 204.0 197.0 181.0 162.0 166.0 184.0 169.0 172.0 158.0 156.0 175.0 178.0 160.0 173.0 185.0 193.0 186.0 169.0 178.0 165.0 175.0 184.0 187.0 157.0 162.0 184.0 186.0 193.0 193.0 193.0 177.0 177.0 181.0 190.0 191.0 186.0 184.0 184.0 199.0 172.0 162.0 160.0 180.0 185.0 156.0 151.0 191.0 173.0 168.0 162.0 187.0 188.0 184.0 190.0 190.0 190.0 190.0 190.0 187.0 185.0 185.0 187.0 184.0 201.0 186.0 184.0 184.0 184.0 177.0 187.0 185.0 185.0 192.0 201.0 200.0 190.0 190.0 190.0 190.0 184.0 189.0 163.0 163.0 184.0 184.0 194.0 193.0 193.0 194.0 193.0 193.0 194.0 187.0 187.0 170.0 177.0 187.0 193.0 191.0 193.0 175.0 187.0 210.0 201.0 182.33449477351917 16.396730070324928
31 366.0 424.0 360.0 385.0 385.0 304.0 294.0 335.0 390.0 352.0 360.0 390.0 301.0 301.0 460.0 463.0 367.0 346.0 346.0 359.0 363.0 358.0 356.0 340.0 313.0 313.0 347.0 326.0 331.0 341.0 334.0 334.0 377.0 348.0 347.0 347.0 347.0 347.0 313.0 341.0 347.0 333.0 319.0 360.0 361.0 361.0 354.0 354.0 354.0 354.0 345.0 347.0 336.0 347.0 346.0 332.0 312.0 333.0 358.0 358.0 347.0 342.0 340.0 360.0 359.0 346.0 334.0 369.0 367.0 316.0 366.0 323.0 344.0 343.0 337.0 310.0 407.0 340.0 361.0 329.0 334.0 289.0 288.0 355.0 333.0 344.0 344.0 348.0 400.0 364.0 328.0 319.0 392.0 340.0 338.0 343.0 338.0 345.0 357.0 496.0 345.0 381.0 330.0 340.0 300.0 351.0 300.0 403.0 345.0 323.0 362.0 306.0 285.0 346.0 320.0 303.0 303.0 359.0 393.0 521.0 343.0 318.0 335.0 344.0 345.0 302.0 302.0 346.0 329.0 339.0 306.0 302.0 307.0 351.0 313.0 323.0 341.0 300.0 300.0 291.0 295.0 293.0 340.0 439.0 349.0 331.0 335.0 328.0 338.0 366.0 300.0 310.0 378.0 324.0 315.0 309.0 334.0 294.0 354.0 337.0 355.0 338.0 313.0 306.0 308.0 312.0 363.0 315.0 303.0 309.0 326.0 348.0 300.0 295.0 337.0 322.0 331.0 340.0 516.0 536.0 341.0 328.0 351.0 363.0 344.0 305.0 308.0 319.0 336.0 321.0 297.0 292.0 309.0 321.0 297.0 318.0 321.0 335.0 336.0 337.0 328.0 292.0 307.0 343.0 372.0 302.0 313.0 327.0 343.0 367.0 353.0 348.0 337.0 340.0 333.0 378.0 354.0 339.0 334.0 348.0 365.0 328.0 307.0 308.0 346.0 328.0 312.0 294.0 350.0 327.0 328.0 316.0 337.0 349.0 347.0 342.0 319.0 319.0 319.0 319.0 409.0 374.0 343.0 349.0 340.0 297.0 345.0 378.0 340.0 340.0 341.0 343.0 371.0 342.0 359.0 386.0 373.0 358.0 358.0 358.0 303.0 365.0 383.0 300.0 313.0 346.0 347.0 349.0 358.0 358.0 358.0 354.0 358.0 357.0 350.0 350.0 315.0 316.0 340.0 354.0 358.0 351.0 337.0 334.0 372.0 371.0 371.0 341.8850174216028 34.55406251478862
32 607.0 597.0 628.0 486.0 481.0 472.0 577.0 581.0 578.0 595.0 649.0 495.0 523.0 711.0 625.0 584.0 517.0 596.0 594.0 587.0 597.0 568.0 619.0 543.0 573.0 608.0 545.0 540.0 561.0 567.0 597.0 563.0 567.0 649.0 649.0 649.0 551.0 575.0 567.0 564.0 563.0 599.0 596.0 616.0 592.0 594.0 594.0 590.0 568.0 578.0 573.0 572.0 569.0 566.0 524.0 539.0 565.0 590.0 590.0 614.0 562.0 541.0 552.0 594.0 583.0 596.0 610.0 610.0 522.0 524.0 566.0 589.0 569.0 535.0 527.0 551.0 595.0 568.0 571.0 557.0 462.0 478.0 601.0 575.0 580.0 587.0 569.0 549.0 596.0 556.0 528.0 550.0 556.0 554.0 567.0 555.0 598.0 628.0 584.0 530.0 569.0 534.0 508.0 510.0 576.0 657.0 550.0 567.0 554.0 539.0 480.0 507.0 555.0 490.0 496.0 637.0 710.0 646.0 525.0 525.0 573.0 575.0 572.0 581.0 490.0 484.0 559.0 531.0 533.0 507.0 533.0 502.0 569.0 540.0 544.0 568.0 469.0 459.0 477.0 479.0 495.0 556.0 568.0 557.0 575.0 541.0 600.0 526.0 521.0 512.0 512.0 530.0 518.0 516.0 541.0 530.0 558.0 591.0 564.0 586.0 568.0 489.0 492.0 522.0 572.0 532.0 496.0 508.0 543.0 577.0 536.0 546.0 535.0 561.0 629.0 511.0 538.0 577.0 576.0 568.0 580.0 594.0 588.0 525.0 495.0 496.0 522.0 577.0 529.0 489.0 489.0 525.0 565.0 526.0 526.0 532.0 581.0 543.0 540.0 543.0 501.0 545.0 595.0 589.0 482.0 503.0 551.0 561.0 567.0 581.0 558.0 548.0 570.0 571.0 582.0 573.0 554.0 579.0 566.0 612.0 502.0 500.0 512.0 568.0 549.0 473.0 473.0 558.0 538.0 536.0 562.0 569.0 579.0 562.0 567.0 567.0 567.0 567.0 599.0 569.0 563.0 624.0 571.0 567.0 558.0 558.0 558.0 558.0 549.0 566.0 570.0 577.0 578.0 641.0 617.0 589.0 578.0 578.0 578.0 467.0 519.0 499.0 505.0 509.0 577.0 584.0 552.0 552.0 594.0 592.0 592.0 590.0 577.0 572.0 524.0 528.0 527.0 577.0 591.0 592.0 568.0 552.0 583.0 619.0 624.0 624.0 624.0 558.7700348432056 41.40761147133485
33 240.0 240.0 240.0 176.0 211.0 211.0 206.0 218.0 203.0 203.0 177.0 177.0 277.0 201.0 197.0 197.0 197.0 207.0 207.0 210.0 190.0 245.0 245.0 195.0 198.0 194.0 194.0 196.0 193.0 193.0 193.0 391.0 391.0 391.0 391.0 391.0 391.0 256.0 210.0 188.0 212.0 207.0 207.0 201.0 201.0 197.0 197.0 192.0 205.0 197.0 201.0 194.0 194.0 187.0 190.0 201.0 201.0 201.0 195.0 196.0 184.0 199.0 201.0 201.0 217.0 217.0 186.0 180.0 180.0 193.0 193.0 281.0 180.0 190.0 190.0 193.0 216.0 191.0 224.0 165.0 168.0 203.0 190.0 209.0 193.0 162.0 196.0 200.0 200.0 168.0 192.0 175.0 187.0 193.0 198.0 244.0 257.0 257.0 192.0 191.0 184.0 169.0 186.0 192.0 172.0 229.0 195.0 191.0 185.0 171.0 183.0 194.0 182.0 177.0 234.0 263.0 190.0 173.0 202.0 203.0 246.0 200.0 198.0 170.0 170.0 195.0 185.0 193.0 192.0 171.0 200.0 186.0 188.0 192.0 198.0 178.0 178.0 162.0 164.0 177.0 192.0 171.0 187.0 187.0 198.0 174.0 190.0 170.0 175.0 203.0 178.0 180.0 186.0 188.0 173.0 201.0 199.0 199.0 190.0 175.0 163.0 168.0 175.0 193.0 181.0 178.0 177.0 191.0 200.0 181.0 180.0 180.0 183.0 192.0 185.0 184.0 200.0 203.0 196.0 201.0 180.0 171.0 186.0 172.0 169.0 191.0 192.0 220.0 164.0 171.0 193.0 204.0 172.0 179.0 193.0 200.0 183.0 174.0 214.0 161.0 185.0 202.0 203.0 165.0 176.0 193.0 193.0 192.0 202.0 180.0 169.0 192.0 197.0 205.0 195.0 211.0 198.0 199.0 205.0 172.0 167.0 198.0 192.0 227.0 157.0 159.0 192.0 183.0 171.0 190.0 195.0 195.0 190.0 190.0 190.0 184.0 184.0 201.0 194.0 191.0 191.0 193.0 188.0 191.0 201.0 205.0 203.0 192.0 188.0 200.0 173.0 183.0 199.0 218.0 194.0 194.0 177.0 184.0 215.0 215.0 177.0 184.0 167.0 195.0 202.0 202.0 170.0 203.0 203.0 202.0 202.0 201.0 186.0 188.0 177.0 177.0 177.0 201.0 203.0 203.0 181.0 205.0 212.0 212.0 212.0 212.0 178.0 197.96864111498257 33.94816687482494
34 140.0 141.0 117.0 116.0 136.0 144.0 137.0 137.0 137.0 121.0 122.0 122.0 146.0 141.0 141.0 141.0 143.0 143.0 143.0 134.0 132.0 132.0 132.0 132.0 133.0 130.0 136.0 140.0 137.0 137.0 137.0 137.0 137.0 137.0 137.0 125.0 128.0 143.0 127.0 148.0 145.0 145.0 147.0 145.0 145.0 145.0 145.0 138.0 142.0 144.0 140.0 140.0 134.0 126.0 143.0 143.0 143.0 143.0 141.0 139.0 128.0 146.0 146.0 155.0 148.0 148.0 128.0 128.0 137.0 139.0 132.0 132.0 129.0 129.0 137.0 138.0 131.0 135.0 131.0 120.0 144.0 140.0 146.0 141.0 111.0 115.0 148.0 144.0 125.0 123.0 136.0 125.0 145.0 144.0 141.0 146.0 140.0 137.0 131.0 138.0 130.0 121.0 143.0 131.0 114.0 139.0 134.0 137.0 120.0 122.0 135.0 137.0 122.0 129.0 155.0 143.0 135.0 125.0 125.0 135.0 139.0 140.0 144.0 121.0 139.0 126.0 133.0 137.0 129.0 144.0 144.0 124.0 135.0 140.0 128.0 128.0 120.0 116.0 118.0 137.0 119.0 129.0 125.0 135.0 128.0 155.0 143.0 122.0 132.0 133.0 124.0 129.0 137.0 126.0 138.0 143.0 137.0 145.0 122.0 133.0 118.0 130.0 145.0 138.0 126.0 118.0 126.0 114.0 140.0 134.0 140.0 145.0 122.0 138.0 129.0 135.0 145.0 125.0 143.0 146.0 115.0 137.0 128.0 121.0 119.0 132.0 144.0 124.0 119.0 115.0 148.0 124.0 129.0 124.0 155.0 126.0 124.0 118.0 136.0 120.0 136.0 145.0 145.0 126.0 142.0 133.0 133.0 140.0 143.0 118.0 139.0 139.0 148.0 141.0 141.0 137.0 146.0 144.0 142.0 119.0 118.0 135.0 137.0 140.0 108.0 128.0 128.0 129.0 118.0 136.0 140.0 141.0 140.0 140.0 140.0 140.0 140.0 141.0 138.0 138.0 137.0 134.0 134.0 139.0 145.0 116.0 146.0 136.0 149.0 143.0 118.0 141.0 141.0 141.0 140.0 140.0 140.0 130.0 140.0 140.0 118.0 119.0 138.0 144.0 145.0 122.0 145.0 145.0 145.0 144.0 146.0 137.0 137.0 127.0 126.0 126.0 143.0 144.0 144.0 128.0 138.0 155.0 148.0 148.0 148.0 148.0 126.0 134.94425087108013 9.530060650005733
35 4.0 4.0 4.0 4.0 4.0 5.0 5.0 5.0 5.0 5.0 5.0 5.0 5.0 5.0 5.0 5.0 5.0 5.0 5.0 5.0 5.0 5.0 5.0 5.0 5.0 5.0 5.0 5.0 5.0 5.0 5.0 5.0 5.0 5.0 5.0 5.0 5.0 5.0 5.0 5.0 5.0 5.0 5.0 5.0 5.0 5.0 5.0 5.0 5.0 5.0 5.0 5.0 5.0 5.0 5.0 5.0 5.0 5.0 5.0 5.0 5.0 5.0 5.0 5.0 5.0 5.0 5.0 5.0 5.0 5.0 5.0 5.0 5.0 5.0 5.0 5.0 5.0 5.0 5.0 4.0 4.0 4.0 4.0 4.0 4.0 4.0 4.0 4.0 4.0 5.0 5.0 4.0 5.0 5.0 5.0 6.0 6.0 6.0 6.0 5.0 5.0 5.0 5.0 5.0 4.0 4.0 4.0 4.0 4.0 5.0 5.0 5.0 5.0 5.0 5.0 5.0 4.0 4.0 5.0 5.0 5.0 5.0 5.0 5.0 5.0 5.0 5.0 5.0 5.0 5.0 5.0 5.0 5.0 5.0 5.0 5.0 5.0 4.0 5.0 5.0 4.0 4.0 4.0 4.0 5.0 5.0 5.0 5.0 5.0 5.0 5.0 5.0 5.0 5.0 5.0 5.0 5.0 6.0 6.0 6.0 4.0 5.0 5.0 5.0 5.0 4.0 5.0 5.0 5.0 5.0 5.0 5.0 4.0 4.0 4.0 6.0 6.0 6.0 6.0 6.0 6.0 6.0 5.0 5.0 5.0 5.0 5.0 5.0 4.0 4.0 4.0 4.0 5.0 5.0 5.0 6.0 6.0 4.0 4.0 5.0 6.0 6.0 6.0 4.0 4.0 4.0 4.0 4.0 4.0 5.0 5.0 5.0 5.0 5.0 5.0 5.0 5.0 5.0 5.0 4.0 4.0 4.0 4.0 4.0 4.0 4.0 5.0 5.0 5.0 5.0 5.0 5.0 5.0 5.0 5.0 5.0 5.0 5.0 5.0 5.0 5.0 5.0 5.0 5.0 5.0 5.0 5.0 5.0 6.0 6.0 5.0 5.0 5.0 5.0 5.0 5.0 5.0 5.0 5.0 5.0 5.0 4.0 4.0 4.0 4.0 4.0 4.0 4.0 4.0 4.0 4.0 4.0 4.0 4.0 4.0 4.0 4.0 4.0 4.0 4.0 4.0 4.0 4.0 4.0 4.0 4.0 4.0 4.801393728222996 0.5536889716286424
36 38.0 38.0 38.0 38.0 38.0 45.0 47.0 47.0 47.0 40.0 40.0 40.0 48.0 39.0 39.0 39.0 50.0 47.0 48.0 44.0 44.0 44.0 44.0 44.0 42.0 49.0 45.0 44.0 44.0 44.0 44.0 44.0 44.0 44.0 44.0 44.0 44.0 45.0 45.0 45.0 50.0 50.0 47.0 47.0 50.0 50.0 50.0 46.0 44.0 50.0 45.0 45.0 45.0 44.0 44.0 44.0 44.0 45.0 47.0 45.0 45.0 47.0 47.0 51.0 51.0 51.0 51.0 51.0 45.0 45.0 45.0 45.0 41.0 41.0 46.0 44.0 47.0 42.0 40.0 38.0 49.0 62.0 49.0 45.0 36.0 51.0 46.0 47.0 41.0 40.0 45.0 40.0 40.0 46.0 46.0 67.0 67.0 45.0 43.0 42.0 42.0 40.0 49.0 45.0 38.0 46.0 48.0 45.0 41.0 41.0 45.0 46.0 43.0 43.0 46.0 40.0 38.0 49.0 38.0 45.0 45.0 48.0 62.0 39.0 46.0 42.0 42.0 48.0 39.0 39.0 41.0 49.0 49.0 45.0 43.0 45.0 38.0 38.0 42.0 45.0 42.0 48.0 48.0 45.0 43.0 41.0 38.0 39.0 45.0 40.0 40.0 43.0 45.0 41.0 46.0 51.0 63.0 51.0 51.0 66.0 38.0 48.0 48.0 44.0 42.0 39.0 33.0 45.0 49.0 46.0 46.0 43.0 43.0 45.0 43.0 43.0 43.0 47.0 45.0 49.0 41.0 47.0 40.0 44.0 44.0 57.0 48.0 39.0 37.0 45.0 52.0 52.0 41.0 46.0 53.0 44.0 39.0 41.0 41.0 39.0 39.0 39.0 44.0 38.0 46.0 46.0 46.0 52.0 48.0 38.0 50.0 49.0 48.0 50.0 50.0 50.0 47.0 46.0 46.0 39.0 46.0 46.0 45.0 45.0 36.0 36.0 45.0 45.0 40.0 46.0 46.0 46.0 44.0 44.0 44.0 44.0 47.0 48.0 70.0 70.0 70.0 45.0 46.0 46.0 59.0 41.0 43.0 45.0 48.0 52.0 42.0 42.0 52.0 52.0 52.0 52.0 44.0 44.0 44.0 44.0 42.0 39.0 39.0 50.0 50.0 39.0 47.0 50.0 50.0 50.0 49.0 44.0 44.0 41.0 41.0 41.0 41.0 49.0 49.0 49.0 48.0 48.0 48.0 48.0 48.0 48.0 40.0 45.35191637630662 5.539261155319252
37 521.0 450.0 457.0 533.0 571.0 565.0 538.0 586.0 519.0 512.0 578.0 577.0 569.0 512.0 586.0 589.0 585.0 584.0 544.0 532.0 503.0 567.0 605.0 538.0 536.0 556.0 556.0 562.0 541.0 541.0 541.0 541.0 541.0 544.0 526.0 568.0 566.0 590.0 664.0 606.0 592.0 585.0 631.0 573.0 573.0 578.0 571.0 562.0 574.0 559.0 557.0 512.0 541.0 553.0 584.0 584.0 580.0 568.0 544.0 553.0 579.0 626.0 604.0 584.0 557.0 521.0 525.0 560.0 559.0 549.0 521.0 541.0 537.0 547.0 557.0 549.0 537.0 498.0 480.0 578.0 573.0 605.0 545.0 481.0 469.0 575.0 561.0 517.0 507.0 518.0 523.0 548.0 585.0 619.0 584.0 624.0 495.0 501.0 528.0 542.0 587.0 571.0 658.0 538.0 600.0 564.0 555.0 473.0 469.0 539.0 530.0 529.0 520.0 646.0 669.0 499.0 504.0 540.0 543.0 552.0 517.0 488.0 490.0 503.0 522.0 528.0 501.0 487.0 490.0 541.0 559.0 538.0 537.0 525.0 517.0 489.0 483.0 497.0 541.0 533.0 489.0 537.0 550.0 534.0 692.0 517.0 497.0 531.0 509.0 507.0 495.0 527.0 508.0 549.0 580.0 601.0 541.0 492.0 505.0 499.0 494.0 565.0 508.0 499.0 482.0 494.0 494.0 563.0 524.0 564.0 558.0 587.0 796.0 645.0 557.0 529.0 516.0 532.0 521.0 564.0 530.0 523.0 511.0 579.0 575.0 551.0 483.0 474.0 476.0 592.0 495.0 510.0 510.0 480.0 549.0 499.0 496.0 524.0 506.0 534.0 544.0 497.0 499.0 539.0 544.0 571.0 582.0 494.0 479.0 479.0 567.0 575.0 571.0 462.0 445.0 508.0 572.0 457.0 476.0 489.0 568.0 576.0 570.0 430.0 459.0 546.0 540.0 487.0 539.0 566.0 559.0 553.0 553.0 553.0 584.0 578.0 578.0 563.0 565.0 563.0 552.0 548.0 529.0 514.0 551.0 560.0 541.0 555.0 479.0 494.0 499.0 578.0 565.0 571.0 556.0 560.0 553.0 549.0 497.0 486.0 499.0 529.0 587.0 581.0 590.0 587.0 585.0 586.0 586.0 574.0 552.0 520.0 515.0 512.0 570.0 583.0 576.0 560.0 570.0 586.0 617.0 613.0 613.0 613.0 693.0 513.0 570.0 544.602787456446 45.027447642010216
38 140.0 140.0 151.0 166.0 168.0 170.0 170.0 166.0 182.0 182.0 172.0 145.0 145.0 173.0 175.0 171.0 187.0 154.0 157.0 163.0 174.0 166.0 173.0 519.0 165.0 167.0 167.0 167.0 167.0 167.0 167.0 167.0 167.0 167.0 180.0 170.0 154.0 183.0 519.0 519.0 173.0 173.0 173.0 173.0 208.0 180.0 161.0 173.0 167.0 167.0 167.0 159.0 159.0 159.0 173.0 170.0 166.0 157.0 154.0 154.0 184.0 199.0 175.0 160.0 166.0 166.0 168.0 169.0 144.0 144.0 154.0 160.0 162.0 165.0 162.0 158.0 147.0 142.0 168.0 166.0 165.0 165.0 135.0 142.0 172.0 171.0 234.0 153.0 155.0 154.0 173.0 176.0 166.0 154.0 165.0 151.0 156.0 155.0 158.0 155.0 160.0 157.0 198.0 228.0 160.0 168.0 143.0 147.0 165.0 167.0 156.0 155.0 152.0 153.0 172.0 152.0 162.0 162.0 160.0 158.0 152.0 144.0 162.0 157.0 161.0 148.0 162.0 173.0 173.0 163.0 160.0 170.0 157.0 147.0 148.0 140.0 136.0 165.0 151.0 177.0 165.0 153.0 156.0 187.0 151.0 148.0 164.0 146.0 156.0 148.0 160.0 153.0 163.0 165.0 171.0 286.0 142.0 160.0 146.0 175.0 165.0 164.0 150.0 145.0 148.0 153.0 153.0 166.0 165.0 150.0 149.0 162.0 158.0 175.0 177.0 149.0 154.0 172.0 172.0 172.0 145.0 205.0 150.0 179.0 168.0 147.0 141.0 154.0 180.0 161.0 152.0 147.0 208.0 161.0 145.0 143.0 163.0 150.0 160.0 150.0 170.0 141.0 169.0 161.0 166.0 162.0 162.0 134.0 165.0 166.0 172.0 159.0 150.0 134.0 151.0 155.0 129.0 140.0 142.0 142.0 173.0 131.0 168.0 166.0 160.0 160.0 144.0 170.0 165.0 166.0 170.0 170.0 170.0 170.0 173.0 169.0 166.0 166.0 171.0 162.0 165.0 155.0 178.0 215.0 181.0 165.0 169.0 162.0 145.0 145.0 173.0 168.0 204.0 165.0 163.0 165.0 165.0 165.0 146.0 151.0 170.0 174.0 174.0 196.0 173.0 173.0 173.0 176.0 170.0 160.0 160.0 153.0 153.0 170.0 173.0 174.0 174.0 157.0 175.0 179.0 179.0 179.0 179.0 179.0 179.0 175.0 166.0 167.4355400696864 39.612835980841716
39 336.0 368.0 351.0 395.0 395.0 411.0 420.0 454.0 434.0 410.0 376.0 361.0 415.0 413.0 411.0 402.0 351.0 357.0 376.0 412.0 411.0 413.0 404.0 393.0 396.0 392.0 392.0 392.0 392.0 392.0 392.0 358.0 419.0 412.0 409.0 410.0 432.0 412.0 412.0 409.0 409.0 409.0 409.0 406.0 408.0 387.0 411.0 401.0 396.0 379.0 385.0 385.0 408.0 412.0 405.0 400.0 377.0 367.0 367.0 439.0 422.0 408.0 408.0 408.0 408.0 399.0 420.0 343.0 364.0 369.0 410.0 426.0 375.0 392.0 376.0 355.0 340.0 402.0 353.0 350.0 394.0 326.0 331.0 410.0 412.0 386.0 349.0 367.0 365.0 376.0 413.0 423.0 440.0 408.0 366.0 370.0 358.0 362.0 400.0 388.0 380.0 457.0 424.0 386.0 397.0 365.0 339.0 351.0 397.0 382.0 367.0 364.0 352.0 340.0 340.0 375.0 384.0 374.0 360.0 353.0 346.0 383.0 362.0 374.0 344.0 347.0 350.0 350.0 357.0 376.0 394.0 391.0 349.0 349.0 327.0 347.0 369.0 360.0 356.0 380.0 442.0 366.0 403.0 362.0 363.0 445.0 504.0 393.0 356.0 412.0 409.0 400.0 337.0 361.0 387.0 383.0 364.0 347.0 357.0 383.0 376.0 363.0 374.0 367.0 395.0 398.0 569.0 492.0 356.0 354.0 397.0 420.0 404.0 403.0 360.0 360.0 375.0 392.0 400.0 356.0 350.0 378.0 405.0 393.0 339.0 340.0 346.0 431.0 376.0 363.0 369.0 383.0 387.0 373.0 343.0 371.0 352.0 379.0 362.0 387.0 346.0 380.0 387.0 405.0 410.0 385.0 333.0 332.0 401.0 367.0 382.0 381.0 326.0 323.0 357.0 403.0 344.0 337.0 374.0 406.0 306.0 325.0 346.0 359.0 373.0 358.0 383.0 364.0 393.0 398.0 398.0 398.0 398.0 372.0 369.0 392.0 408.0 398.0 404.0 400.0 418.0 400.0 445.0 404.0 385.0 400.0 424.0 337.0 345.0 406.0 372.0 370.0 392.0 386.0 392.0 388.0 352.0 350.0 345.0 384.0 414.0 399.0 397.0 415.0 412.0 414.0 415.0 408.0 390.0 385.0 362.0 360.0 364.0 404.0 413.0 402.0 400.0 422.0 428.0 428.0 428.0 428.0 428.0 428.0 393.0 399.0 400.0 385.31010452961675 31.36015693513074
40 131.0 122.0 133.0 132.0 135.0 134.0 144.0 144.0 132.0 132.0 120.0 123.0 133.0 134.0 129.0 127.0 109.0 124.0 135.0 126.0 135.0 134.0 119.0 128.0 131.0 131.0 131.0 131.0 131.0 131.0 131.0 127.0 131.0 122.0 119.0 136.0 126.0 126.0 131.0 131.0 131.0 131.0 131.0 127.0 125.0 130.0 128.0 128.0 116.0 125.0 125.0 125.0 135.0 131.0 133.0 127.0 117.0 117.0 117.0 133.0 131.0 120.0 120.0 139.0 128.0 135.0 135.0 135.0 124.0 132.0 128.0 125.0 129.0 120.0 136.0 110.0 129.0 127.0 117.0 128.0 130.0 108.0 133.0 129.0 133.0 113.0 116.0 123.0 121.0 135.0 123.0 134.0 136.0 118.0 118.0 129.0 116.0 123.0 127.0 119.0 183.0 163.0 123.0 127.0 132.0 107.0 104.0 125.0 127.0 122.0 119.0 122.0 118.0 113.0 128.0 121.0 128.0 118.0 118.0 115.0 126.0 124.0 132.0 129.0 107.0 181.0 181.0 132.0 125.0 129.0 129.0 129.0 114.0 115.0 113.0 121.0 119.0 118.0 118.0 124.0 146.0 111.0 102.0 114.0 122.0 122.0 132.0 115.0 117.0 120.0 123.0 109.0 106.0 122.0 117.0 122.0 114.0 120.0 364.0 118.0 117.0 118.0 123.0 113.0 130.0 118.0 203.0 133.0 115.0 137.0 138.0 131.0 121.0 116.0 114.0 123.0 130.0 128.0 120.0 120.0 120.0 120.0 116.0 114.0 110.0 116.0 120.0 107.0 119.0 142.0 142.0 131.0 127.0 114.0 126.0 114.0 122.0 117.0 117.0 110.0 135.0 116.0 128.0 125.0 133.0 113.0 108.0 125.0 112.0 115.0 124.0 114.0 106.0 115.0 122.0 129.0 114.0 114.0 133.0 97.0 112.0 130.0 111.0 139.0 118.0 125.0 135.0 129.0 129.0 129.0 119.0 119.0 136.0 121.0 120.0 120.0 131.0 135.0 133.0 117.0 147.0 147.0 134.0 124.0 131.0 136.0 121.0 121.0 135.0 117.0 124.0 131.0 122.0 124.0 127.0 133.0 119.0 125.0 131.0 141.0 141.0 131.0 133.0 137.0 126.0 128.0 125.0 123.0 123.0 124.0 118.0 120.0 133.0 131.0 133.0 116.0 131.0 138.0 138.0 138.0 138.0 138.0 117.0 129.0 125.0 125.0 131.0 126.6829268292683 18.199184099657565
41 88.0 89.0 89.0 79.0 132.0 86.0 97.0 118.0 87.0 71.0 77.0 94.0 94.0 87.0 88.0 77.0 72.0 78.0 84.0 83.0 83.0 83.0 77.0 80.0 91.0 91.0 91.0 91.0 91.0 91.0 91.0 110.0 82.0 82.0 91.0 89.0 89.0 89.0 84.0 84.0 84.0 84.0 84.0 86.0 79.0 91.0 88.0 88.0 88.0 82.0 82.0 83.0 83.0 83.0 87.0 84.0 84.0 84.0 98.0 82.0 82.0 82.0 82.0 140.0 82.0 82.0 72.0 72.0 123.0 83.0 82.0 68.0 91.0 80.0 95.0 73.0 80.0 90.0 74.0 98.0 98.0 71.0 88.0 84.0 86.0 78.0 83.0 78.0 78.0 94.0 90.0 85.0 81.0 74.0 83.0 74.0 68.0 83.0 82.0 76.0 92.0 87.0 81.0 79.0 102.0 70.0 66.0 91.0 80.0 75.0 81.0 74.0 79.0 75.0 71.0 81.0 83.0 79.0 79.0 71.0 82.0 89.0 90.0 72.0 87.0 87.0 87.0 83.0 77.0 76.0 76.0 76.0 71.0 71.0 67.0 77.0 73.0 75.0 84.0 76.0 76.0 72.0 72.0 72.0 79.0 85.0 84.0 72.0 65.0 76.0 83.0 71.0 90.0 68.0 68.0 79.0 72.0 72.0 77.0 74.0 77.0 73.0 93.0 75.0 75.0 74.0 74.0 73.0 71.0 94.0 84.0 81.0 75.0 84.0 76.0 83.0 92.0 84.0 76.0 63.0 96.0 79.0 73.0 72.0 72.0 73.0 68.0 78.0 80.0 80.0 93.0 83.0 81.0 70.0 78.0 71.0 80.0 80.0 109.0 77.0 77.0 79.0 118.0 102.0 80.0 70.0 96.0 74.0 70.0 75.0 75.0 73.0 88.0 87.0 81.0 94.0 77.0 83.0 100.0 66.0 74.0 75.0 68.0 68.0 75.0 82.0 82.0 80.0 78.0 79.0 70.0 70.0 70.0 77.0 72.0 72.0 94.0 89.0 85.0 97.0 74.0 77.0 102.0 81.0 90.0 118.0 84.0 84.0 101.0 75.0 83.0 111.0 79.0 84.0 80.0 80.0 73.0 71.0 78.0 97.0 97.0 81.0 84.0 103.0 83.0 99.0 84.0 76.0 76.0 82.0 103.0 123.0 101.0 83.0 89.0 97.0 82.0 86.0 86.0 86.0 86.0 86.0 90.0 86.0 79.0 79.0 79.0 82.85017421602788 10.910724417388606
42 672.0 680.0 677.0 723.0 710.0 742.0 724.0 688.0 629.0 721.0 676.0 710.0 671.0 658.0 619.0 623.0 621.0 676.0 683.0 697.0 664.0 662.0 661.0 649.0 692.0 606.0 656.0 656.0 656.0 689.0 679.0 692.0 695.0 708.0 690.0 687.0 685.0 686.0 686.0 686.0 725.0 696.0 653.0 661.0 664.0 666.0 820.0 652.0 638.0 665.0 679.0 687.0 671.0 650.0 627.0 618.0 759.0 725.0 715.0 689.0 649.0 649.0 666.0 670.0 682.0 625.0 697.0 677.0 660.0 669.0 649.0 657.0 644.0 703.0 679.0 668.0 672.0 692.0 666.0 704.0 688.0 681.0 677.0 748.0 666.0 638.0 686.0 689.0 721.0 669.0 679.0 619.0 597.0 602.0 662.0 672.0 645.0 632.0 601.0 613.0 607.0 719.0 677.0 617.0 569.0 588.0 617.0 668.0 629.0 622.0 594.0 573.0 611.0 684.0 649.0 663.0 651.0 617.0 592.0 614.0 656.0 653.0 608.0 653.0 704.0 669.0 648.0 620.0 620.0 645.0 578.0 560.0 550.0 621.0 607.0 683.0 609.0 762.0 648.0 632.0 640.0 605.0 587.0 634.0 670.0 597.0 544.0 551.0 557.0 614.0 539.0 587.0 684.0 654.0 588.0 594.0 575.0 655.0 620.0 589.0 594.0 626.0 674.0 883.0 740.0 648.0 597.0 587.0 615.0 622.0 643.0 630.0 666.0 692.0 700.0 670.0 666.0 661.0 669.0 723.0 616.0 567.0 593.0 587.0 627.0 615.0 652.0 655.0 746.0 708.0 699.0 598.0 601.0 613.0 607.0 646.0 802.0 606.0 582.0 623.0 703.0 687.0 680.0 595.0 583.0 577.0 636.0 606.0 676.0 815.0 650.0 659.0 691.0 638.0 646.0 671.0 688.0 687.0 544.0 568.0 583.0 617.0 643.0 657.0 653.0 654.0 644.0 651.0 651.0 651.0 695.0 679.0 612.0 595.0 645.0 666.0 667.0 649.0 729.0 769.0 669.0 705.0 731.0 767.0 735.0 745.0 689.0 728.0 684.0 678.0 695.0 678.0 693.0 670.0 629.0 633.0 595.0 583.0 603.0 666.0 681.0 687.0 731.0 727.0 677.0 664.0 651.0 598.0 595.0 589.0 593.0 627.0 700.0 683.0 687.0 709.0 691.0 691.0 691.0 691.0 639.0 664.0 663.0 673.0 613.0 547.0 543.0 655.4668989547038 50.49563560521908
43 735.0 778.0 710.0 692.0 764.0 737.0 712.0 734.0 746.0 760.0 753.0 637.0 665.0 685.0 688.0 748.0 697.0 729.0 737.0 725.0 736.0 795.0 805.0 783.0 778.0 794.0 782.0 762.0 762.0 779.0 781.0 746.0 753.0 719.0 766.0 766.0 708.0 708.0 777.0 755.0 735.0 745.0 758.0 764.0 742.0 717.0 712.0 732.0 745.0 738.0 730.0 708.0 710.0 728.0 809.0 820.0 835.0 835.0 697.0 695.0 704.0 718.0 763.0 659.0 743.0 748.0 724.0 716.0 706.0 697.0 715.0 804.0 764.0 855.0 737.0 731.0 742.0 739.0 740.0 748.0 752.0 736.0 749.0 743.0 754.0 831.0 740.0 761.0 696.0 836.0 739.0 734.0 739.0 735.0 712.0 702.0 725.0 729.0 645.0 613.0 647.0 701.0 694.0 676.0 724.0 709.0 658.0 652.0 688.0 640.0 620.0 629.0 623.0 712.0 665.0 650.0 696.0 703.0 693.0 652.0 667.0 617.0 918.0 692.0 652.0 666.0 673.0 603.0 623.0 651.0 653.0 624.0 642.0 736.0 711.0 687.0 756.0 751.0 653.0 670.0 649.0 656.0 651.0 674.0 634.0 613.0 613.0 667.0 679.0 687.0 680.0 695.0 673.0 645.0 653.0 725.0 779.0 726.0 752.0 700.0 889.0 799.0 1105.0 930.0 689.0 747.0 670.0 686.0 688.0 681.0 702.0 742.0 770.0 713.0 712.0 713.0 741.0 772.0 725.0 753.0 795.0 701.0 744.0 713.0 731.0 697.0 679.0 674.0 673.0 720.0 688.0 659.0 654.0 631.0 734.0 654.0 665.0 651.0 707.0 750.0 572.0 613.0 660.0 626.0 667.0 659.0 650.0 829.0 715.0 656.0 634.0 703.0 720.0 708.0 750.0 616.0 606.0 631.0 686.0 830.0 719.0 726.0 712.0 724.0 705.0 749.0 746.0 765.0 736.0 713.0 746.0 767.0 757.0 770.0 749.0 676.0 666.0 680.0 755.0 758.0 877.0 731.0 742.0 723.0 691.0 685.0 792.0 704.0 751.0 769.0 741.0 734.0 678.0 657.0 666.0 753.0 778.0 739.0 746.0 773.0 760.0 752.0 723.0 806.0 723.0 681.0 660.0 661.0 679.0 692.0 757.0 746.0 768.0 677.0 677.0 683.0 831.0 679.0 713.0 693.0 735.0 724.0 649.0 628.0 601.0 641.0 652.0 716.766550522648 60.41717901869455
44 200.0 165.0 184.0 184.0 170.0 157.0 187.0 187.0 188.0 188.0 175.0 167.0 169.0 188.0 188.0 188.0 182.0 185.0 177.0 173.0 173.0 194.0 184.0 189.0 187.0 187.0 189.0 186.0 186.0 196.0 170.0 172.0 197.0 197.0 197.0 173.0 173.0 196.0 182.0 182.0 188.0 184.0 175.0 181.0 174.0 166.0 187.0 183.0 181.0 180.0 174.0 178.0 197.0 201.0 201.0 201.0 172.0 173.0 173.0 176.0 163.0 163.0 163.0 163.0 206.0 179.0 182.0 182.0 168.0 189.0 189.0 189.0 187.0 180.0 182.0 192.0 178.0 181.0 182.0 188.0 180.0 174.0 176.0 194.0 192.0 168.0 170.0 182.0 188.0 195.0 178.0 182.0 182.0 175.0 179.0 184.0 182.0 146.0 147.0 187.0 171.0 167.0 172.0 174.0 179.0 159.0 160.0 180.0 163.0 149.0 147.0 175.0 175.0 180.0 168.0 161.0 178.0 177.0 195.0 178.0 181.0 181.0 173.0 168.0 158.0 173.0 148.0 153.0 160.0 160.0 151.0 175.0 162.0 182.0 164.0 227.0 178.0 149.0 160.0 170.0 178.0 161.0 172.0 156.0 154.0 147.0 130.0 170.0 170.0 170.0 170.0 161.0 158.0 179.0 181.0 312.0 192.0 194.0 179.0 296.0 260.0 188.0 173.0 167.0 167.0 165.0 184.0 167.0 225.0 179.0 168.0 179.0 182.0 160.0 167.0 177.0 187.0 166.0 192.0 180.0 187.0 187.0 161.0 171.0 168.0 170.0 167.0 163.0 185.0 172.0 165.0 163.0 163.0 199.0 181.0 163.0 158.0 178.0 185.0 149.0 151.0 183.0 188.0 182.0 165.0 236.0 174.0 178.0 163.0 156.0 173.0 181.0 173.0 184.0 186.0 148.0 148.0 193.0 193.0 174.0 187.0 184.0 179.0 179.0 185.0 185.0 187.0 186.0 178.0 178.0 189.0 178.0 189.0 185.0 173.0 153.0 198.0 184.0 184.0 184.0 184.0 187.0 184.0 167.0 194.0 194.0 182.0 171.0 178.0 178.0 187.0 186.0 160.0 187.0 189.0 182.0 180.0 189.0 188.0 187.0 187.0 178.0 173.0 182.0 169.0 162.0 174.0 170.0 170.0 185.0 184.0 196.0 167.0 167.0 188.0 188.0 188.0 183.0 182.0 184.0 184.0 184.0 147.0 147.0 161.0 165.0 180.0 178.3135888501742 17.932056793668245
45 589.0 618.0 649.0 637.0 632.0 598.0 664.0 664.0 656.0 552.0 596.0 618.0 636.0 591.0 614.0 645.0 641.0 624.0 585.0 607.0 618.0 638.0 664.0 668.0 658.0 661.0 660.0 673.0 596.0 556.0 564.0 658.0 663.0 607.0 623.0 669.0 662.0 661.0 649.0 656.0 642.0 641.0 641.0 613.0 628.0 658.0 647.0 636.0 636.0 644.0 622.0 650.0 661.0 613.0 610.0 613.0 535.0 572.0 623.0 647.0 656.0 669.0 650.0 639.0 630.0 623.0 621.0 647.0 654.0 691.0 688.0 660.0 627.0 649.0 662.0 658.0 637.0 650.0 842.0 664.0 633.0 634.0 671.0 629.0 604.0 611.0 648.0 645.0 660.0 618.0 608.0 632.0 611.0 596.0 583.0 557.0 559.0 537.0 616.0 619.0 521.0 503.0 526.0 601.0 559.0 579.0 554.0 561.0 542.0 535.0 620.0 716.0 626.0 625.0 576.0 720.0 651.0 607.0 656.0 636.0 636.0 608.0 577.0 537.0 624.0 559.0 537.0 560.0 560.0 581.0 575.0 636.0 630.0 804.0 696.0 649.0 568.0 567.0 575.0 662.0 630.0 589.0 537.0 540.0 548.0 576.0 657.0 656.0 610.0 600.0 561.0 580.0 603.0 819.0 714.0 708.0 644.0 706.0 885.0 818.0 639.0 636.0 644.0 606.0 632.0 591.0 581.0 601.0 647.0 646.0 656.0 585.0 565.0 625.0 653.0 651.0 559.0 555.0 629.0 646.0 635.0 584.0 569.0 582.0 594.0 601.0 590.0 548.0 572.0 590.0 585.0 640.0 583.0 575.0 597.0 589.0 630.0 644.0 524.0 548.0 626.0 653.0 622.0 672.0 663.0 649.0 626.0 567.0 551.0 637.0 620.0 635.0 646.0 527.0 541.0 541.0 586.0 634.0 620.0 637.0 628.0 632.0 662.0 660.0 628.0 664.0 631.0 616.0 633.0 660.0 646.0 642.0 632.0 600.0 583.0 614.0 599.0 578.0 657.0 669.0 663.0 607.0 612.0 632.0 648.0 594.0 603.0 624.0 648.0 658.0 598.0 577.0 587.0 653.0 652.0 648.0 666.0 657.0 663.0 638.0 640.0 577.0 578.0 578.0 594.0 626.0 647.0 654.0 661.0 664.0 606.0 580.0 592.0 640.0 598.0 609.0 649.0 631.0 642.0 572.0 569.0 548.0 536.0 595.0 596.0 611.0 663.0 621.5121951219512 49.47980118073306
46 417.0 415.0 405.0 422.0 428.0 427.0 389.0 416.0 325.0 389.0 420.0 340.0 424.0 405.0 413.0 414.0 383.0 404.0 376.0 394.0 424.0 427.0 425.0 427.0 421.0 436.0 463.0 369.0 353.0 416.0 398.0 440.0 398.0 448.0 436.0 472.0 414.0 453.0 414.0 403.0 426.0 400.0 379.0 420.0 436.0 440.0 411.0 415.0 407.0 436.0 411.0 411.0 411.0 394.0 346.0 345.0 395.0 430.0 420.0 420.0 427.0 411.0 418.0 409.0 426.0 427.0 419.0 419.0 453.0 442.0 406.0 402.0 415.0 435.0 408.0 412.0 407.0 504.0 409.0 407.0 432.0 429.0 418.0 406.0 419.0 416.0 411.0 390.0 401.0 420.0 409.0 386.0 396.0 377.0 350.0 363.0 374.0 401.0 385.0 326.0 343.0 418.0 369.0 371.0 378.0 363.0 366.0 340.0 351.0 399.0 406.0 370.0 390.0 404.0 408.0 370.0 352.0 417.0 406.0 391.0 389.0 348.0 372.0 395.0 363.0 390.0 362.0 354.0 368.0 409.0 419.0 431.0 462.0 518.0 392.0 380.0 373.0 392.0 387.0 384.0 379.0 349.0 364.0 385.0 415.0 424.0 385.0 388.0 391.0 360.0 369.0 441.0 446.0 503.0 405.0 421.0 516.0 460.0 415.0 416.0 413.0 434.0 384.0 399.0 375.0 403.0 428.0 540.0 434.0 412.0 372.0 358.0 361.0 415.0 492.0 365.0 359.0 413.0 413.0 381.0 388.0 377.0 394.0 375.0 387.0 410.0 400.0 390.0 384.0 386.0 394.0 378.0 376.0 359.0 390.0 428.0 369.0 355.0 389.0 421.0 416.0 391.0 451.0 462.0 423.0 388.0 387.0 401.0 388.0 408.0 416.0 419.0 328.0 348.0 363.0 378.0 419.0 419.0 390.0 367.0 353.0 394.0 418.0 432.0 413.0 395.0 381.0 416.0 413.0 419.0 423.0 431.0 376.0 372.0 394.0 410.0 394.0 430.0 428.0 426.0 403.0 399.0 413.0 436.0 389.0 512.0 374.0 380.0 444.0 373.0 379.0 475.0 453.0 421.0 427.0 426.0 427.0 589.0 386.0 447.0 373.0 375.0 374.0 416.0 401.0 426.0 429.0 420.0 431.0 366.0 359.0 398.0 384.0 388.0 401.0 410.0 408.0 408.0 417.0 362.0 341.0 372.0 383.0 390.0 390.0 430.0 427.0 403.8536585365854 34.4645279108935
47 258.0 245.0 244.0 248.0 255.0 242.0 239.0 242.0 256.0 236.0 203.0 257.0 237.0 245.0 238.0 219.0 219.0 220.0 235.0 251.0 251.0 246.0 249.0 248.0 255.0 254.0 230.0 228.0 228.0 228.0 239.0 246.0 254.0 257.0 244.0 270.0 251.0 365.0 241.0 257.0 255.0 222.0 248.0 239.0 329.0 235.0 251.0 250.0 262.0 229.0 229.0 229.0 235.0 235.0 199.0 234.0 250.0 250.0 237.0 261.0 237.0 253.0 242.0 247.0 248.0 247.0 242.0 268.0 268.0 242.0 233.0 243.0 225.0 247.0 248.0 263.0 285.0 290.0 237.0 255.0 255.0 225.0 222.0 246.0 253.0 239.0 230.0 234.0 257.0 232.0 250.0 222.0 226.0 222.0 236.0 234.0 233.0 222.0 232.0 190.0 245.0 208.0 223.0 218.0 214.0 217.0 201.0 208.0 235.0 238.0 230.0 217.0 197.0 216.0 213.0 210.0 246.0 223.0 232.0 227.0 202.0 226.0 256.0 211.0 211.0 231.0 202.0 200.0 238.0 236.0 223.0 256.0 307.0 213.0 218.0 221.0 220.0 248.0 249.0 234.0 203.0 224.0 224.0 239.0 245.0 245.0 227.0 223.0 219.0 215.0 252.0 318.0 236.0 264.0 244.0 289.0 338.0 265.0 250.0 254.0 253.0 232.0 239.0 226.0 246.0 254.0 197.0 276.0 254.0 220.0 211.0 226.0 243.0 213.0 217.0 231.0 247.0 230.0 235.0 221.0 221.0 230.0 221.0 229.0 235.0 256.0 231.0 223.0 236.0 238.0 225.0 235.0 207.0 239.0 230.0 240.0 203.0 240.0 249.0 246.0 237.0 265.0 250.0 234.0 233.0 207.0 242.0 224.0 241.0 244.0 246.0 188.0 218.0 226.0 226.0 248.0 244.0 244.0 235.0 210.0 240.0 249.0 250.0 247.0 246.0 243.0 253.0 242.0 248.0 234.0 230.0 246.0 218.0 214.0 243.0 243.0 250.0 249.0 251.0 226.0 232.0 232.0 243.0 264.0 244.0 244.0 221.0 249.0 224.0 226.0 257.0 257.0 246.0 246.0 249.0 250.0 243.0 246.0 235.0 211.0 222.0 226.0 238.0 244.0 259.0 248.0 245.0 252.0 222.0 212.0 212.0 231.0 224.0 235.0 241.0 228.0 228.0 242.0 240.0 197.0 244.0 225.0 238.0 237.0 251.0 250.0 246.0 238.0766550522648 20.924131482159375
48 179.0 174.0 175.0 176.0 198.0 190.0 167.0 181.0 163.0 147.0 155.0 155.0 175.0 175.0 152.0 180.0 145.0 163.0 178.0 182.0 182.0 182.0 177.0 181.0 180.0 180.0 148.0 148.0 148.0 167.0 198.0 198.0 187.0 168.0 190.0 178.0 186.0 167.0 177.0 180.0 180.0 173.0 176.0 186.0 186.0 169.0 193.0 192.0 164.0 164.0 168.0 168.0 168.0 146.0 161.0 175.0 180.0 180.0 180.0 168.0 184.0 179.0 179.0 181.0 181.0 161.0 182.0 231.0 231.0 170.0 176.0 172.0 170.0 174.0 175.0 247.0 174.0 176.0 183.0 183.0 166.0 161.0 177.0 181.0 172.0 168.0 168.0 174.0 167.0 177.0 156.0 171.0 155.0 172.0 164.0 172.0 167.0 163.0 141.0 159.0 170.0 148.0 164.0 165.0 153.0 196.0 157.0 195.0 173.0 175.0 159.0 169.0 147.0 179.0 158.0 156.0 160.0 168.0 168.0 148.0 131.0 183.0 150.0 152.0 177.0 202.0 150.0 176.0 174.0 186.0 167.0 173.0 166.0 152.0 157.0 157.0 154.0 177.0 177.0 151.0 150.0 170.0 173.0 144.0 168.0 163.0 164.0 159.0 165.0 183.0 196.0 173.0 176.0 179.0 170.0 196.0 178.0 165.0 168.0 180.0 181.0 162.0 162.0 169.0 169.0 182.0 185.0 197.0 167.0 156.0 157.0 185.0 155.0 156.0 152.0 172.0 150.0 180.0 153.0 166.0 155.0 158.0 160.0 178.0 166.0 152.0 163.0 175.0 169.0 161.0 161.0 158.0 157.0 169.0 157.0 155.0 155.0 182.0 174.0 172.0 174.0 175.0 165.0 163.0 154.0 155.0 161.0 158.0 167.0 178.0 174.0 139.0 182.0 186.0 177.0 184.0 180.0 183.0 146.0 150.0 176.0 182.0 179.0 176.0 168.0 171.0 177.0 178.0 172.0 181.0 165.0 178.0 163.0 175.0 175.0 181.0 181.0 182.0 178.0 170.0 181.0 179.0 177.0 175.0 172.0 156.0 152.0 178.0 182.0 176.0 176.0 180.0 180.0 181.0 186.0 186.0 182.0 193.0 213.0 154.0 167.0 175.0 176.0 181.0 180.0 178.0 188.0 188.0 151.0 151.0 159.0 161.0 171.0 172.0 179.0 179.0 166.0 175.0 142.0 147.0 165.0 166.0 166.0 166.0 181.0 171.0 173.0 171.12891986062718 14.405980445823307
49 6.0 6.0 6.0 6.0 6.0 6.0 6.0 6.0 5.0 5.0 5.0 5.0 5.0 5.0 5.0 5.0 5.0 5.0 5.0 5.0 5.0 5.0 5.0 5.0 5.0 5.0 5.0 5.0 5.0 5.0 5.0 5.0 5.0 5.0 5.0 5.0 5.0 5.0 5.0 5.0 5.0 5.0 5.0 5.0 5.0 5.0 5.0 5.0 5.0 5.0 5.0 5.0 5.0 5.0 5.0 5.0 5.0 5.0 5.0 5.0 5.0 5.0 5.0 5.0 5.0 5.0 5.0 5.0 5.0 5.0 5.0 5.0 5.0 5.0 5.0 10.0 10.0 10.0 6.0 6.0 6.0 6.0 6.0 5.0 5.0 5.0 5.0 5.0 5.0 5.0 5.0 6.0 5.0 5.0 5.0 6.0 6.0 5.0 5.0 5.0 5.0 5.0 5.0 5.0 5.0 6.0 6.0 6.0 6.0 6.0 5.0 5.0 5.0 5.0 5.0 5.0 5.0 5.0 5.0 5.0 5.0 5.0 5.0 5.0 6.0 6.0 5.0 5.0 5.0 5.0 5.0 5.0 5.0 5.0 5.0 5.0 5.0 5.0 5.0 4.0 4.0 6.0 6.0 4.0 5.0 5.0 5.0 5.0 5.0 5.0 6.0 6.0 6.0 6.0 5.0 5.0 5.0 5.0 5.0 5.0 5.0 6.0 5.0 5.0 5.0 5.0 5.0 5.0 5.0 5.0 5.0 5.0 5.0 5.0 5.0 5.0 5.0 5.0 5.0 5.0 5.0 5.0 5.0 6.0 6.0 5.0 5.0 5.0 6.0 5.0 5.0 5.0 5.0 5.0 5.0 5.0 6.0 6.0 6.0 5.0 5.0 5.0 5.0 5.0 5.0 5.0 5.0 5.0 5.0 6.0 6.0 5.0 5.0 5.0 5.0 5.0 5.0 5.0 5.0 6.0 6.0 6.0 6.0 6.0 6.0 6.0 6.0 6.0 6.0 6.0 5.0 5.0 5.0 5.0 5.0 5.0 5.0 5.0 5.0 5.0 6.0 6.0 6.0 6.0 6.0 6.0 6.0 6.0 6.0 6.0 6.0 6.0 6.0 6.0 6.0 6.0 6.0 5.0 5.0 5.0 5.0 5.0 5.0 5.0 5.0 5.0 6.0 6.0 5.0 5.0 5.0 5.0 5.0 5.0 5.0 5.0 5.0 5.0 4.0 4.0 6.0 6.0 6.0 6.0 6.0 6.0 6.0 5.29616724738676 0.6737479555403819
50 425.0 428.0 407.0 439.0 449.0 386.0 407.0 393.0 371.0 367.0 424.0 416.0 411.0 410.0 414.0 389.0 382.0 426.0 429.0 432.0 432.0 426.0 434.0 435.0 420.0 375.0 375.0 378.0 409.0 411.0 439.0 439.0 419.0 441.0 426.0 427.0 402.0 420.0 426.0 411.0 406.0 416.0 434.0 416.0 405.0 426.0 429.0 389.0 389.0 389.0 389.0 389.0 348.0 370.0 409.0 428.0 428.0 428.0 403.0 419.0 436.0 429.0 419.0 431.0 419.0 432.0 445.0 407.0 403.0 416.0 410.0 409.0 407.0 399.0 453.0 532.0 428.0 446.0 444.0 390.0 386.0 432.0 424.0 406.0 405.0 412.0 413.0 404.0 415.0 385.0 407.0 385.0 385.0 396.0 405.0 398.0 396.0 346.0 366.0 396.0 371.0 389.0 375.0 374.0 386.0 430.0 610.0 419.0 409.0 372.0 381.0 356.0 369.0 370.0 369.0 388.0 391.0 395.0 373.0 365.0 423.0 372.0 365.0 376.0 433.0 398.0 398.0 415.0 383.0 560.0 551.0 504.0 371.0 381.0 373.0 372.0 423.0 415.0 355.0 348.0 399.0 401.0 345.0 337.0 387.0 378.0 377.0 389.0 440.0 574.0 497.0 395.0 420.0 413.0 410.0 428.0 413.0 396.0 433.0 414.0 395.0 385.0 407.0 445.0 434.0 403.0 414.0 368.0 376.0 446.0 493.0 346.0 373.0 383.0 394.0 356.0 386.0 382.0 399.0 411.0 371.0 381.0 418.0 401.0 359.0 357.0 401.0 406.0 442.0 391.0 376.0 366.0 394.0 406.0 356.0 369.0 419.0 412.0 402.0 404.0 417.0 390.0 406.0 373.0 377.0 379.0 376.0 410.0 420.0 419.0 349.0 416.0 424.0 377.0 404.0 425.0 421.0 351.0 394.0 424.0 433.0 434.0 420.0 414.0 418.0 409.0 430.0 433.0 426.0 403.0 429.0 394.0 409.0 402.0 432.0 430.0 493.0 395.0 407.0 403.0 457.0 427.0 442.0 429.0 380.0 440.0 417.0 428.0 431.0 432.0 430.0 479.0 428.0 481.0 409.0 430.0 421.0 393.0 383.0 397.0 419.0 444.0 414.0 429.0 425.0 447.0 451.0 386.0 410.0 410.0 410.0 410.0 397.0 433.0 407.0 341.0 409.0 337.0 416.0 389.0 416.0 472.0 432.0 420.0 422.0 414.0 417.0 409.18118466898954 35.01381237930127
51 273.0 295.0 310.0 300.0 286.0 292.0 271.0 287.0 248.0 304.0 293.0 284.0 282.0 289.0 252.0 283.0 289.0 311.0 301.0 301.0 294.0 305.0 295.0 293.0 268.0 268.0 265.0 279.0 284.0 301.0 312.0 270.0 302.0 295.0 291.0 276.0 291.0 296.0 286.0 287.0 286.0 304.0 347.0 283.0 296.0 296.0 273.0 273.0 270.0 281.0 301.0 301.0 280.0 291.0 298.0 270.0 270.0 278.0 293.0 295.0 296.0 294.0 296.0 317.0 302.0 317.0 289.0 284.0 292.0 288.0 294.0 290.0 289.0 389.0 305.0 298.0 306.0 298.0 275.0 268.0 301.0 297.0 280.0 276.0 283.0 289.0 291.0 294.0 269.0 294.0 276.0 287.0 272.0 308.0 286.0 306.0 259.0 247.0 291.0 272.0 273.0 267.0 268.0 300.0 248.0 274.0 300.0 295.0 266.0 270.0 251.0 293.0 265.0 258.0 267.0 286.0 285.0 260.0 250.0 290.0 268.0 258.0 261.0 282.0 253.0 285.0 286.0 330.0 275.0 282.0 282.0 260.0 268.0 289.0 260.0 295.0 289.0 251.0 244.0 272.0 277.0 252.0 237.0 296.0 267.0 266.0 269.0 345.0 503.0 280.0 289.0 296.0 285.0 283.0 294.0 262.0 270.0 313.0 291.0 278.0 267.0 287.0 305.0 300.0 287.0 299.0 260.0 258.0 263.0 288.0 287.0 280.0 258.0 281.0 241.0 272.0 271.0 267.0 283.0 254.0 276.0 292.0 271.0 255.0 254.0 291.0 291.0 267.0 280.0 255.0 254.0 277.0 287.0 257.0 256.0 290.0 290.0 279.0 274.0 281.0 281.0 287.0 259.0 252.0 264.0 274.0 292.0 294.0 288.0 252.0 309.0 286.0 285.0 283.0 285.0 288.0 259.0 266.0 298.0 298.0 302.0 343.0 281.0 277.0 285.0 290.0 284.0 299.0 279.0 291.0 260.0 290.0 290.0 301.0 300.0 298.0 279.0 276.0 315.0 294.0 290.0 288.0 306.0 263.0 265.0 291.0 284.0 283.0 283.0 299.0 299.0 298.0 280.0 287.0 287.0 357.0 275.0 257.0 303.0 286.0 289.0 298.0 299.0 303.0 308.0 288.0 269.0 268.0 283.0 283.0 288.0 287.0 281.0 281.0 239.0 267.0 238.0 239.0 297.0 293.0 293.0 299.0 293.0 286.0 280.0 266.0 292.0 284.2369337979094 23.173553809459996
52 153.0 185.0 217.0 168.0 161.0 155.0 170.0 148.0 148.0 170.0 167.0 149.0 193.0 120.0 155.0 161.0 159.0 159.0 181.0 180.0 174.0 173.0 164.0 156.0 135.0 137.0 286.0 162.0 298.0 174.0 174.0 237.0 174.0 155.0 298.0 164.0 172.0 147.0 193.0 152.0 172.0 172.0 237.0 158.0 158.0 158.0 158.0 149.0 286.0 167.0 167.0 154.0 146.0 146.0 146.0 146.0 379.0 164.0 160.0 160.0 160.0 195.0 195.0 211.0 211.0 142.0 190.0 195.0 151.0 174.0 166.0 151.0 207.0 148.0 150.0 183.0 152.0 147.0 162.0 181.0 167.0 153.0 153.0 141.0 222.0 188.0 158.0 206.0 159.0 144.0 159.0 177.0 169.0 150.0 131.0 169.0 158.0 167.0 150.0 152.0 156.0 147.0 162.0 144.0 159.0 257.0 163.0 153.0 142.0 158.0 138.0 195.0 139.0 145.0 353.0 177.0 157.0 137.0 156.0 165.0 133.0 140.0 147.0 135.0 148.0 157.0 185.0 244.0 195.0 194.0 144.0 146.0 162.0 183.0 178.0 192.0 161.0 138.0 161.0 157.0 158.0 136.0 154.0 177.0 153.0 145.0 166.0 210.0 196.0 160.0 169.0 167.0 165.0 164.0 146.0 144.0 191.0 185.0 152.0 150.0 163.0 353.0 168.0 199.0 159.0 209.0 149.0 146.0 162.0 149.0 144.0 202.0 156.0 223.0 155.0 167.0 152.0 152.0 177.0 134.0 180.0 165.0 153.0 150.0 153.0 159.0 171.0 165.0 167.0 142.0 149.0 158.0 165.0 142.0 150.0 165.0 161.0 157.0 190.0 172.0 174.0 155.0 152.0 168.0 151.0 183.0 162.0 163.0 146.0 161.0 150.0 167.0 146.0 177.0 171.0 171.0 137.0 170.0 174.0 179.0 157.0 185.0 192.0 161.0 171.0 161.0 143.0 154.0 179.0 143.0 163.0 211.0 220.0 163.0 153.0 165.0 150.0 155.0 183.0 168.0 164.0 178.0 176.0 132.0 183.0 184.0 157.0 217.0 183.0 183.0 186.0 158.0 141.0 163.0 159.0 171.0 137.0 173.0 156.0 162.0 162.0 286.0 169.0 170.0 157.0 169.0 146.0 146.0 146.0 181.0 153.0 166.0 166.0 163.0 122.0 122.0 131.0 173.0 170.0 170.0 170.0 173.0 161.0 153.0 193.0 193.0 179.0 169.205574912892 33.05784668657247
53 96.0 87.0 87.0 87.0 35.0 43.0 50.0 52.0 52.0 104.0 36.0 36.0 37.0 30.0 49.0 54.0 65.0 65.0 35.0 59.0 94.0 33.0 49.0 48.0 48.0 48.0 100.0 61.0 61.0 61.0 61.0 51.0 42.0 42.0 79.0 57.0 31.0 31.0 31.0 31.0 31.0 31.0 31.0 77.0 77.0 77.0 37.0 37.0 95.0 95.0 95.0 51.0 26.0 26.0 51.0 51.0 35.0 68.0 93.0 79.0 42.0 42.0 42.0 35.0 35.0 93.0 93.0 47.0 66.0 73.0 68.0 51.0 54.0 49.0 49.0 37.0 37.0 81.0 92.0 39.0 208.0 96.0 32.0 33.0 1114.0 80.0 79.0 27.0 46.0 46.0 46.0 36.0 82.0 82.0 47.0 39.0 47.0 40.0 33.0 45.0 81.0 42.0 42.0 36.0 36.0 67.0 29.0 37.0 39.0 53.0 59.0 54.0 46.0 50.0 61.0 47.0 36.0 37.0 55.0 58.0 47.0 53.0 146.0 127.0 44.0 87.0 59.0 57.0 124.0 90.0 41.0 54.0 121.0 32.0 80.0 80.0 37.0 39.0 93.0 41.0 32.0 33.0 36.0 43.0 45.0 42.0 67.0 318.0 97.0 96.0 32.0 75.0 53.0 64.0 30.0 100.0 51.0 34.0 62.0 46.0 44.0 47.0 47.0 650.0 61.0 49.0 42.0 185.0 40.0 40.0 52.0 32.0 35.0 35.0 35.0 59.0 81.0 60.0 43.0 44.0 56.0 31.0 47.0 44.0 57.0 49.0 37.0 42.0 57.0 39.0 79.0 93.0 33.0 40.0 108.0 74.0 51.0 62.0 104.0 104.0 104.0 39.0 108.0 31.0 65.0 50.0 37.0 37.0 45.0 70.0 70.0 64.0 64.0 36.0 65.0 65.0 43.0 32.0 41.0 37.0 57.0 34.0 33.0 45.0 60.0 42.0 42.0 41.0 41.0 44.0 50.0 83.0 83.0 28.0 46.0 46.0 37.0 37.0 37.0 59.0 43.0 47.0 47.0 65.0 30.0 32.0 289.0 67.0 67.0 67.0 48.0 58.0 58.0 48.0 28.0 72.0 34.0 27.0 33.0 42.0 42.0 42.0 55.0 82.0 82.0 45.0 45.0 45.0 45.0 35.0 118.0 50.0 50.0 31.0 31.0 31.0 38.0 40.0 650.0 650.0 28.0 37.0 72.0 325.0 325.0 325.0 31.0 69.7735191637631 96.06972771392
END
#################################################################
SECTION3 (Edges Information)
EndPoint0 EndPoint1 Weight
0 1 1.000000
1 2 1.000000
2 3 1.000000
3 4 1.000000
4 5 1.000000
5 6 1.000000
6 7 1.000000
7 8 1.000000
8 9 1.000000
9 10 1.000000
10 11 1.000000
11 12 1.000000
12 13 1.000000
13 14 1.000000
14 15 1.000000
15 16 1.000000
16 17 1.000000
17 18 1.000000
18 19 1.000000
19 20 1.000000
20 21 1.000000
21 22 1.000000
22 23 1.000000
23 24 1.000000
24 25 1.000000
25 26 1.000000
26 27 1.000000
27 28 1.000000
28 29 1.000000
29 30 1.000000
30 31 1.000000
31 32 1.000000
32 33 1.000000
33 34 1.000000
34 35 1.000000
35 36 1.000000
36 37 1.000000
37 38 1.000000
38 39 1.000000
39 40 1.000000
40 41 1.000000
41 42 1.000000
42 43 1.000000
43 44 1.000000
44 45 1.000000
45 46 1.000000
46 47 1.000000
47 48 1.000000
48 49 1.000000
49 50 1.000000
50 51 1.000000
51 52 1.000000
52 53 1.000000
END
#################################################################
SECTION4 (TrueSubGraph Information)
EndPoint0 EndPoint1 Weight
END
#################################################################
