#################################################################
#APDM Input Graph, this input graph includes 3 sections:
#section1 : general information
#section2 : nodes
#section3 : edges
#section4 : trueSubGraph (Optional)
#
#if nodes haven't information set weight to null
#################################################################
SECTION1 (General Information)
numNodes = 54
numEdges = 53
usedAlgorithm = NULL
dataSource = TransWeatherRealData
END
#################################################################
SECTION2 (Nodes Information)
NodeID travelTime  mean  std 
0 57.0 57.0 54.0 54.0 54.0 54.0 62.0 65.0 50.0 53.0 53.0 53.0 61.0 58.0 58.0 58.0 51.0 55.0 54.0 59.0 59.0 54.0 52.0 52.0 59.0 60.0 57.0 57.0 58.0 58.0 58.0 45.0 64.0 58.0 50.0 46.0 46.0 53.0 51.0 53.0 53.0 53.0 54.0 55.0 52.0 49.0 51.0 51.0 52.0 47.0 47.0 47.0 57.0 52.0 52.0 54.0 54.0 54.0 52.0 49.0 53.0 54.0 48.0 57.0 50.0 50.0 57.0 57.0 52.0 47.0 50.0 54.0 48.0 49.0 49.0 60.0 49.0 52.0 51.0 51.0 66.0 48.0 45.0 53.0 51.0 47.0 53.0 58.0 50.0 57.0 57.0 51.0 50.0 50.0 55.0 55.0 51.0 52.0 56.0 50.0 52.0 45.0 54.0 55.0 53.0 54.0 47.0 53.0 48.0 47.0 53.0 51.0 51.0 47.0 51.0 50.0 48.0 51.0 49.0 52.0 51.0 51.0 50.0 52.0 44.0 48.0 51.0 48.0 48.0 57.0 47.0 40.0 53.0 51.0 52.0 51.0 52.0 53.0 49.0 50.0 49.0 51.0 53.0 132.0 59.0 46.0 50.0 49.0 48.0 48.0 46.0 50.0 49.0 51.0 51.0 51.0 57.0 56.0 50.0 55.0 49.0 53.0 49.0 49.0 60.0 54.0 54.0 54.0 49.0 45.0 46.0 51.0 46.0 48.0 55.0 50.0 50.0 50.0 49.0 51.0 50.0 51.0 46.0 49.0 53.0 48.0 53.0 56.0 46.0 50.0 58.0 47.0 53.0 53.0 53.0 54.0 50.0 50.0 51.0 53.0 52.0 52.0 51.0 48.0 55.0 54.0 51.0 51.0 52.0 51.0 52.0 42.0 50.0 53.0 53.0 58.0 55.0 60.0 53.0 57.0 50.0 59.0 59.0 55.0 54.0 55.0 54.0 52.0 54.0 53.0 53.0 54.0 54.0 53.0 50.0 53.0 56.0 65.0 54.0 54.0 63.0 54.0 54.0 54.0 49.0 54.0 54.0 60.0 44.0 56.0 56.0 56.0 55.0 51.0 51.0 54.0 59.0 57.0 57.0 61.0 53.0 58.0 58.0 58.0 57.0 48.0 64.0 58.0 58.0 54.0 53.0 53.0 49.0 49.0 49.0 54.0 54.0 54.0 58.0 54.0 54.0 52.0 60.0 60.0 60.0 60.0 52.0 53.01393728222997 6.272357006391864
1 298.0 289.0 273.0 273.0 273.0 311.0 302.0 301.0 301.0 293.0 267.0 259.0 312.0 295.0 361.0 273.0 272.0 277.0 295.0 300.0 264.0 264.0 269.0 283.0 294.0 269.0 272.0 271.0 294.0 377.0 259.0 271.0 290.0 304.0 280.0 236.0 273.0 282.0 273.0 269.0 273.0 256.0 307.0 267.0 290.0 273.0 277.0 271.0 235.0 259.0 287.0 269.0 275.0 269.0 261.0 264.0 277.0 271.0 255.0 270.0 259.0 294.0 270.0 264.0 245.0 258.0 244.0 249.0 249.0 277.0 263.0 261.0 268.0 256.0 278.0 300.0 269.0 275.0 261.0 268.0 275.0 246.0 240.0 273.0 257.0 272.0 278.0 355.0 408.0 417.0 591.0 485.0 369.0 401.0 447.0 457.0 506.0 440.0 479.0 403.0 413.0 432.0 372.0 356.0 318.0 265.0 249.0 267.0 272.0 269.0 259.0 273.0 258.0 247.0 255.0 256.0 247.0 257.0 263.0 262.0 270.0 282.0 265.0 256.0 256.0 256.0 263.0 252.0 253.0 271.0 257.0 233.0 244.0 276.0 264.0 262.0 262.0 250.0 252.0 270.0 239.0 273.0 284.0 268.0 241.0 268.0 268.0 256.0 262.0 255.0 235.0 259.0 241.0 253.0 268.0 272.0 252.0 272.0 278.0 259.0 269.0 269.0 271.0 277.0 279.0 281.0 266.0 265.0 257.0 245.0 258.0 253.0 229.0 261.0 256.0 266.0 268.0 258.0 240.0 251.0 267.0 270.0 243.0 244.0 277.0 262.0 272.0 253.0 266.0 255.0 247.0 247.0 244.0 285.0 267.0 264.0 248.0 266.0 262.0 270.0 261.0 311.0 246.0 244.0 279.0 261.0 285.0 265.0 263.0 259.0 249.0 253.0 282.0 262.0 255.0 256.0 256.0 286.0 275.0 273.0 276.0 273.0 258.0 272.0 305.0 278.0 285.0 279.0 316.0 300.0 270.0 280.0 320.0 301.0 281.0 286.0 295.0 321.0 301.0 319.0 264.0 300.0 283.0 289.0 275.0 285.0 337.0 301.0 270.0 295.0 330.0 273.0 290.0 354.0 350.0 305.0 300.0 326.0 283.0 305.0 295.0 319.0 329.0 268.0 308.0 272.0 292.0 273.0 271.0 311.0 264.0 314.0 348.0 278.0 275.0 304.0 280.0 419.0 255.0 295.0 461.0 293.0 315.0 419.0 289.0 263.0 262.0 284.9163763066202 48.16253052180184
2 56.0 53.0 53.0 54.0 55.0 56.0 61.0 53.0 60.0 48.0 48.0 52.0 52.0 52.0 52.0 54.0 55.0 52.0 61.0 56.0 56.0 52.0 52.0 91.0 56.0 54.0 54.0 56.0 55.0 55.0 67.0 51.0 57.0 70.0 53.0 61.0 55.0 53.0 55.0 54.0 54.0 52.0 43.0 54.0 111.0 54.0 52.0 55.0 48.0 57.0 57.0 52.0 58.0 46.0 52.0 53.0 54.0 51.0 51.0 51.0 59.0 116.0 53.0 48.0 53.0 53.0 52.0 51.0 50.0 65.0 53.0 50.0 63.0 51.0 59.0 56.0 53.0 51.0 49.0 58.0 53.0 46.0 55.0 50.0 51.0 59.0 55.0 64.0 64.0 87.0 89.0 265.0 202.0 88.0 94.0 99.0 110.0 88.0 165.0 133.0 97.0 55.0 59.0 55.0 53.0 55.0 51.0 57.0 55.0 56.0 51.0 51.0 50.0 48.0 46.0 51.0 50.0 53.0 52.0 54.0 51.0 51.0 50.0 59.0 52.0 52.0 54.0 49.0 49.0 59.0 51.0 62.0 46.0 53.0 56.0 50.0 51.0 52.0 50.0 51.0 48.0 53.0 50.0 50.0 53.0 51.0 74.0 49.0 48.0 49.0 52.0 57.0 48.0 58.0 58.0 52.0 54.0 58.0 52.0 51.0 54.0 53.0 59.0 56.0 55.0 81.0 52.0 51.0 50.0 55.0 53.0 54.0 47.0 52.0 53.0 52.0 49.0 51.0 49.0 52.0 54.0 50.0 52.0 49.0 53.0 54.0 55.0 54.0 52.0 50.0 47.0 50.0 48.0 57.0 61.0 50.0 51.0 49.0 51.0 54.0 54.0 58.0 49.0 50.0 54.0 54.0 52.0 53.0 52.0 55.0 51.0 51.0 54.0 55.0 53.0 53.0 50.0 51.0 52.0 55.0 54.0 63.0 48.0 49.0 49.0 55.0 54.0 53.0 67.0 54.0 55.0 50.0 56.0 54.0 70.0 62.0 58.0 59.0 63.0 66.0 50.0 54.0 65.0 58.0 52.0 60.0 54.0 44.0 53.0 53.0 52.0 55.0 51.0 64.0 51.0 53.0 57.0 53.0 50.0 55.0 57.0 57.0 56.0 46.0 50.0 52.0 61.0 61.0 59.0 53.0 61.0 51.0 51.0 51.0 52.0 54.0 54.0 56.0 51.0 51.0 62.0 64.0 59.0 50.0 50.0 51.0 52.0 57.44599303135889 19.572432526565123
3 303.0 283.0 297.0 293.0 321.0 306.0 294.0 291.0 286.0 278.0 291.0 303.0 281.0 346.0 300.0 292.0 301.0 320.0 334.0 275.0 323.0 287.0 350.0 334.0 284.0 286.0 329.0 319.0 319.0 316.0 290.0 313.0 307.0 278.0 276.0 306.0 302.0 294.0 294.0 291.0 293.0 294.0 270.0 272.0 292.0 283.0 270.0 257.0 286.0 293.0 299.0 293.0 284.0 290.0 304.0 282.0 287.0 284.0 279.0 278.0 265.0 277.0 278.0 260.0 300.0 273.0 273.0 264.0 262.0 303.0 269.0 256.0 268.0 285.0 298.0 276.0 273.0 269.0 276.0 282.0 282.0 252.0 277.0 272.0 280.0 288.0 294.0 283.0 283.0 315.0 271.0 334.0 411.0 303.0 417.0 340.0 298.0 300.0 323.0 305.0 282.0 277.0 278.0 275.0 282.0 286.0 287.0 277.0 268.0 269.0 261.0 263.0 253.0 247.0 249.0 281.0 266.0 294.0 287.0 236.0 271.0 279.0 269.0 282.0 291.0 283.0 254.0 269.0 245.0 272.0 280.0 256.0 265.0 285.0 279.0 263.0 283.0 277.0 261.0 249.0 289.0 268.0 278.0 256.0 245.0 231.0 278.0 277.0 266.0 264.0 264.0 250.0 267.0 305.0 283.0 274.0 278.0 283.0 319.0 278.0 282.0 287.0 289.0 268.0 278.0 278.0 285.0 281.0 246.0 279.0 283.0 247.0 252.0 277.0 284.0 274.0 266.0 278.0 282.0 300.0 296.0 263.0 269.0 259.0 289.0 301.0 266.0 258.0 260.0 258.0 278.0 267.0 273.0 280.0 284.0 279.0 284.0 279.0 282.0 284.0 258.0 275.0 263.0 273.0 301.0 293.0 281.0 283.0 281.0 271.0 262.0 285.0 297.0 266.0 272.0 287.0 292.0 275.0 275.0 290.0 293.0 270.0 260.0 255.0 292.0 288.0 278.0 265.0 310.0 296.0 265.0 271.0 291.0 275.0 305.0 289.0 292.0 287.0 316.0 303.0 276.0 299.0 299.0 263.0 280.0 275.0 268.0 242.0 285.0 282.0 282.0 290.0 292.0 286.0 284.0 293.0 295.0 286.0 290.0 296.0 295.0 268.0 263.0 261.0 261.0 283.0 291.0 275.0 288.0 265.0 291.0 276.0 276.0 276.0 284.0 272.0 307.0 284.0 273.0 303.0 321.0 297.0 300.0 283.0 277.0 281.0 281.0 283.28571428571433 21.461509816329418
4 225.0 225.0 225.0 219.0 245.0 273.0 211.0 228.0 215.0 254.0 227.0 227.0 230.0 230.0 237.0 235.0 241.0 237.0 194.0 273.0 205.0 290.0 253.0 238.0 215.0 248.0 260.0 221.0 221.0 233.0 245.0 233.0 215.0 221.0 233.0 243.0 210.0 225.0 226.0 240.0 225.0 232.0 204.0 218.0 226.0 216.0 205.0 210.0 273.0 273.0 238.0 240.0 223.0 235.0 213.0 230.0 218.0 219.0 227.0 215.0 219.0 226.0 217.0 228.0 211.0 221.0 228.0 205.0 218.0 223.0 216.0 207.0 212.0 219.0 217.0 234.0 201.0 219.0 215.0 228.0 192.0 223.0 198.0 219.0 214.0 240.0 217.0 217.0 221.0 217.0 227.0 236.0 229.0 223.0 206.0 223.0 229.0 237.0 201.0 231.0 215.0 219.0 211.0 235.0 210.0 237.0 235.0 208.0 212.0 203.0 212.0 209.0 193.0 183.0 208.0 212.0 210.0 223.0 180.0 192.0 215.0 215.0 214.0 226.0 233.0 205.0 198.0 214.0 180.0 204.0 207.0 197.0 221.0 221.0 226.0 223.0 216.0 214.0 193.0 224.0 219.0 213.0 201.0 192.0 175.0 217.0 206.0 240.0 224.0 204.0 196.0 189.0 227.0 223.0 217.0 231.0 229.0 215.0 221.0 224.0 227.0 219.0 229.0 218.0 238.0 217.0 225.0 189.0 232.0 219.0 195.0 198.0 219.0 221.0 213.0 227.0 216.0 223.0 232.0 224.0 189.0 210.0 201.0 214.0 229.0 213.0 199.0 204.0 197.0 207.0 222.0 220.0 217.0 221.0 198.0 203.0 231.0 220.0 221.0 221.0 200.0 219.0 230.0 214.0 231.0 225.0 235.0 216.0 215.0 212.0 217.0 227.0 224.0 212.0 219.0 231.0 240.0 217.0 237.0 223.0 210.0 205.0 203.0 234.0 228.0 225.0 192.0 226.0 283.0 199.0 199.0 218.0 220.0 237.0 231.0 224.0 226.0 232.0 225.0 211.0 239.0 238.0 232.0 239.0 239.0 227.0 250.0 224.0 229.0 229.0 241.0 214.0 218.0 221.0 218.0 218.0 256.0 221.0 236.0 218.0 206.0 190.0 196.0 194.0 230.0 217.0 217.0 218.0 227.0 223.0 209.0 209.0 209.0 271.0 216.0 243.0 226.0 203.0 234.0 234.0 268.0 226.0 215.0 209.0 222.0 209.0 209.0 220.81184668989548 16.750309434700963
5 299.0 298.0 287.0 302.0 278.0 287.0 287.0 284.0 289.0 289.0 314.0 322.0 322.0 304.0 312.0 311.0 323.0 257.0 257.0 257.0 326.0 329.0 314.0 500.0 305.0 313.0 309.0 284.0 276.0 296.0 307.0 277.0 276.0 295.0 296.0 289.0 291.0 294.0 294.0 298.0 269.0 271.0 277.0 285.0 278.0 302.0 282.0 284.0 291.0 297.0 272.0 297.0 300.0 289.0 293.0 293.0 293.0 278.0 267.0 260.0 275.0 273.0 275.0 254.0 278.0 280.0 274.0 273.0 292.0 280.0 262.0 270.0 297.0 284.0 282.0 257.0 272.0 275.0 283.0 252.0 252.0 262.0 276.0 263.0 281.0 287.0 283.0 281.0 261.0 285.0 280.0 298.0 277.0 268.0 291.0 284.0 300.0 265.0 295.0 294.0 300.0 271.0 285.0 289.0 294.0 288.0 293.0 280.0 273.0 260.0 266.0 261.0 244.0 270.0 277.0 285.0 295.0 249.0 244.0 274.0 277.0 273.0 293.0 296.0 279.0 257.0 256.0 246.0 271.0 291.0 254.0 293.0 284.0 281.0 288.0 284.0 274.0 270.0 269.0 275.0 271.0 276.0 258.0 235.0 261.0 265.0 281.0 283.0 266.0 245.0 241.0 270.0 296.0 283.0 295.0 281.0 280.0 275.0 282.0 285.0 286.0 282.0 293.0 283.0 276.0 289.0 265.0 256.0 282.0 244.0 248.0 284.0 288.0 282.0 270.0 283.0 281.0 277.0 289.0 266.0 268.0 269.0 285.0 292.0 274.0 281.0 265.0 268.0 259.0 295.0 271.0 283.0 285.0 261.0 258.0 259.0 272.0 292.0 278.0 291.0 271.0 305.0 281.0 273.0 274.0 276.0 275.0 282.0 272.0 272.0 289.0 280.0 264.0 281.0 286.0 285.0 285.0 257.0 287.0 282.0 269.0 260.0 289.0 293.0 295.0 259.0 290.0 288.0 263.0 266.0 273.0 292.0 297.0 289.0 287.0 286.0 292.0 274.0 277.0 298.0 323.0 305.0 300.0 300.0 287.0 307.0 294.0 286.0 281.0 288.0 279.0 280.0 285.0 292.0 278.0 285.0 276.0 305.0 298.0 289.0 270.0 250.0 256.0 272.0 258.0 261.0 290.0 286.0 277.0 277.0 277.0 277.0 300.0 278.0 312.0 292.0 273.0 278.0 296.0 322.0 334.0 280.0 291.0 294.0 298.0 298.0 273.0 282.18466898954705 20.885235235725442
6 16.0 16.0 16.0 16.0 16.0 16.0 16.0 16.0 16.0 16.0 16.0 16.0 16.0 16.0 16.0 16.0 16.0 16.0 16.0 16.0 16.0 16.0 16.0 16.0 16.0 16.0 16.0 16.0 15.0 17.0 17.0 16.0 16.0 16.0 16.0 16.0 15.0 15.0 15.0 16.0 16.0 16.0 16.0 16.0 16.0 16.0 16.0 16.0 16.0 17.0 15.0 15.0 16.0 16.0 16.0 16.0 16.0 16.0 13.0 13.0 13.0 14.0 14.0 14.0 14.0 16.0 14.0 16.0 16.0 14.0 14.0 16.0 16.0 16.0 16.0 16.0 15.0 15.0 15.0 14.0 14.0 14.0 16.0 15.0 16.0 16.0 16.0 16.0 15.0 15.0 13.0 13.0 13.0 14.0 14.0 16.0 15.0 15.0 17.0 17.0 16.0 16.0 17.0 17.0 17.0 16.0 16.0 14.0 14.0 15.0 14.0 14.0 17.0 16.0 16.0 15.0 15.0 13.0 15.0 15.0 15.0 15.0 15.0 17.0 14.0 15.0 14.0 14.0 14.0 15.0 16.0 16.0 17.0 15.0 15.0 16.0 15.0 15.0 14.0 14.0 17.0 14.0 15.0 13.0 13.0 14.0 15.0 15.0 15.0 13.0 14.0 14.0 16.0 17.0 15.0 15.0 15.0 15.0 14.0 16.0 15.0 15.0 16.0 16.0 16.0 17.0 15.0 15.0 15.0 14.0 14.0 15.0 16.0 16.0 15.0 15.0 15.0 16.0 15.0 14.0 15.0 15.0 15.0 15.0 15.0 15.0 16.0 14.0 16.0 16.0 15.0 17.0 16.0 15.0 14.0 14.0 16.0 16.0 16.0 16.0 17.0 17.0 17.0 16.0 16.0 16.0 16.0 15.0 15.0 16.0 16.0 16.0 15.0 15.0 15.0 16.0 16.0 14.0 16.0 15.0 15.0 15.0 15.0 16.0 16.0 16.0 16.0 16.0 14.0 15.0 15.0 15.0 19.0 15.0 15.0 15.0 15.0 15.0 15.0 16.0 16.0 17.0 17.0 17.0 17.0 17.0 17.0 15.0 15.0 15.0 15.0 15.0 15.0 15.0 15.0 15.0 15.0 15.0 17.0 17.0 14.0 14.0 14.0 14.0 14.0 14.0 16.0 16.0 16.0 16.0 16.0 16.0 16.0 16.0 17.0 16.0 16.0 16.0 16.0 25.0 25.0 25.0 20.0 20.0 20.0 20.0 20.0 15.588850174216027 1.5046365643438473
7 335.0 335.0 523.0 322.0 317.0 290.0 307.0 314.0 342.0 330.0 353.0 356.0 350.0 345.0 356.0 366.0 290.0 290.0 290.0 365.0 377.0 377.0 392.0 361.0 417.0 356.0 327.0 309.0 354.0 361.0 316.0 306.0 344.0 337.0 324.0 334.0 323.0 333.0 338.0 311.0 311.0 335.0 322.0 314.0 331.0 320.0 314.0 320.0 350.0 384.0 321.0 327.0 341.0 330.0 335.0 321.0 329.0 315.0 343.0 319.0 296.0 313.0 327.0 309.0 309.0 304.0 312.0 324.0 310.0 290.0 316.0 324.0 319.0 310.0 315.0 310.0 302.0 311.0 328.0 289.0 289.0 322.0 310.0 296.0 341.0 330.0 322.0 309.0 328.0 336.0 372.0 315.0 309.0 316.0 324.0 335.0 315.0 322.0 327.0 320.0 313.0 320.0 328.0 329.0 307.0 334.0 314.0 322.0 294.0 299.0 313.0 291.0 310.0 313.0 346.0 354.0 276.0 279.0 331.0 311.0 342.0 328.0 346.0 315.0 294.0 301.0 295.0 311.0 295.0 290.0 319.0 323.0 314.0 327.0 318.0 318.0 302.0 319.0 326.0 307.0 316.0 299.0 272.0 281.0 300.0 308.0 320.0 296.0 309.0 272.0 304.0 324.0 324.0 330.0 331.0 318.0 304.0 319.0 332.0 333.0 323.0 312.0 351.0 318.0 339.0 319.0 294.0 319.0 335.0 284.0 313.0 336.0 317.0 332.0 309.0 325.0 315.0 343.0 299.0 299.0 315.0 329.0 331.0 306.0 305.0 300.0 307.0 291.0 333.0 325.0 322.0 322.0 307.0 294.0 290.0 329.0 322.0 325.0 342.0 308.0 338.0 314.0 310.0 308.0 311.0 324.0 309.0 312.0 325.0 336.0 331.0 350.0 312.0 355.0 421.0 341.0 325.0 356.0 323.0 334.0 392.0 368.0 357.0 397.0 368.0 316.0 546.0 312.0 333.0 415.0 375.0 384.0 423.0 410.0 361.0 429.0 385.0 375.0 436.0 443.0 347.0 432.0 318.0 445.0 330.0 429.0 365.0 340.0 334.0 383.0 335.0 381.0 371.0 355.0 378.0 298.0 366.0 411.0 404.0 285.0 352.0 360.0 341.0 341.0 341.0 376.0 400.0 392.0 396.0 359.0 564.0 317.0 522.0 483.0 345.0 343.0 466.0 442.0 688.0 549.0 377.0 395.0 411.0 476.0 295.0 372.0 381.0 338.7212543554008 49.685785431505124
8 451.0 478.0 488.0 511.0 471.0 514.0 509.0 509.0 511.0 580.0 549.0 555.0 517.0 525.0 578.0 432.0 432.0 554.0 545.0 560.0 535.0 560.0 591.0 603.0 547.0 484.0 513.0 505.0 467.0 465.0 494.0 556.0 521.0 496.0 524.0 516.0 513.0 532.0 531.0 466.0 486.0 486.0 491.0 482.0 481.0 489.0 533.0 513.0 517.0 505.0 512.0 506.0 514.0 498.0 499.0 498.0 451.0 450.0 510.0 488.0 508.0 488.0 506.0 493.0 470.0 481.0 488.0 466.0 455.0 462.0 486.0 480.0 477.0 490.0 515.0 427.0 428.0 489.0 465.0 471.0 486.0 451.0 437.0 501.0 478.0 493.0 533.0 503.0 503.0 500.0 479.0 437.0 500.0 535.0 519.0 463.0 500.0 484.0 465.0 484.0 492.0 501.0 537.0 527.0 474.0 433.0 457.0 470.0 463.0 460.0 509.0 469.0 468.0 476.0 485.0 406.0 416.0 475.0 485.0 500.0 537.0 514.0 459.0 437.0 447.0 459.0 464.0 439.0 437.0 483.0 493.0 493.0 495.0 505.0 464.0 456.0 431.0 425.0 451.0 450.0 413.0 402.0 387.0 452.0 486.0 491.0 413.0 414.0 456.0 469.0 502.0 486.0 508.0 489.0 477.0 482.0 489.0 493.0 484.0 495.0 537.0 470.0 424.0 465.0 473.0 486.0 442.0 421.0 422.0 461.0 451.0 457.0 514.0 493.0 487.0 465.0 461.0 444.0 456.0 490.0 497.0 498.0 453.0 455.0 506.0 451.0 462.0 507.0 490.0 472.0 482.0 441.0 444.0 491.0 506.0 486.0 484.0 440.0 418.0 488.0 492.0 514.0 451.0 456.0 484.0 483.0 436.0 444.0 500.0 482.0 491.0 512.0 488.0 494.0 456.0 450.0 472.0 460.0 447.0 432.0 443.0 511.0 477.0 459.0 431.0 415.0 426.0 471.0 481.0 518.0 509.0 497.0 476.0 491.0 471.0 488.0 506.0 503.0 477.0 490.0 491.0 497.0 516.0 502.0 479.0 490.0 491.0 494.0 499.0 496.0 489.0 492.0 488.0 468.0 426.0 432.0 473.0 488.0 426.0 428.0 504.0 518.0 518.0 492.0 479.0 495.0 507.0 448.0 448.0 448.0 466.0 506.0 555.0 511.0 443.0 482.0 542.0 492.0 483.0 487.0 461.0 487.0 468.0 461.0 454.0 478.0 560.0 482.77003484320556 34.38942055055561
9 657.0 648.0 707.0 697.0 714.0 699.0 745.0 765.0 755.0 733.0 749.0 831.0 854.0 757.0 607.0 693.0 691.0 768.0 768.0 723.0 713.0 785.0 908.0 717.0 685.0 689.0 668.0 658.0 684.0 722.0 747.0 651.0 690.0 714.0 675.0 651.0 667.0 712.0 695.0 668.0 677.0 718.0 762.0 670.0 662.0 974.0 690.0 668.0 755.0 670.0 685.0 825.0 639.0 635.0 641.0 632.0 627.0 626.0 603.0 617.0 618.0 648.0 617.0 626.0 655.0 635.0 648.0 652.0 655.0 631.0 630.0 629.0 633.0 586.0 593.0 605.0 650.0 626.0 668.0 624.0 609.0 644.0 658.0 663.0 645.0 684.0 671.0 678.0 669.0 594.0 584.0 678.0 657.0 627.0 656.0 659.0 638.0 671.0 690.0 675.0 671.0 668.0 604.0 586.0 599.0 598.0 657.0 656.0 686.0 653.0 628.0 645.0 662.0 572.0 527.0 568.0 638.0 644.0 663.0 658.0 608.0 597.0 624.0 649.0 631.0 596.0 598.0 600.0 663.0 674.0 659.0 656.0 649.0 629.0 637.0 641.0 637.0 617.0 606.0 543.0 547.0 637.0 641.0 662.0 573.0 587.0 599.0 656.0 670.0 688.0 632.0 659.0 659.0 648.0 649.0 662.0 674.0 667.0 671.0 665.0 650.0 649.0 662.0 645.0 610.0 592.0 567.0 574.0 621.0 624.0 666.0 669.0 663.0 671.0 657.0 599.0 615.0 641.0 644.0 562.0 568.0 590.0 637.0 628.0 615.0 646.0 654.0 657.0 652.0 607.0 608.0 626.0 660.0 659.0 648.0 607.0 578.0 585.0 664.0 667.0 615.0 615.0 638.0 656.0 606.0 603.0 630.0 654.0 671.0 654.0 672.0 644.0 610.0 598.0 616.0 600.0 624.0 623.0 636.0 692.0 663.0 635.0 649.0 629.0 603.0 626.0 717.0 661.0 680.0 667.0 649.0 644.0 632.0 628.0 646.0 674.0 663.0 641.0 644.0 613.0 627.0 660.0 640.0 657.0 659.0 650.0 664.0 650.0 630.0 650.0 648.0 650.0 591.0 588.0 601.0 644.0 579.0 586.0 587.0 587.0 587.0 657.0 647.0 644.0 642.0 626.0 620.0 620.0 650.0 655.0 632.0 607.0 595.0 604.0 658.0 1037.0 683.0 662.0 686.0 668.0 704.0 695.0 646.0 613.0 648.0 634.0 635.0 651.9825783972125 56.41742876853835
10 951.0 970.0 1006.0 978.0 1027.0 978.0 1030.0 1052.0 1057.0 1136.0 1132.0 920.0 939.0 977.0 1052.0 1010.0 1018.0 1015.0 997.0 1054.0 1045.0 1002.0 947.0 929.0 955.0 961.0 978.0 1030.0 1015.0 1003.0 990.0 975.0 949.0 943.0 941.0 941.0 963.0 949.0 971.0 944.0 939.0 966.0 972.0 1017.0 905.0 950.0 986.0 979.0 962.0 902.0 954.0 884.0 893.0 877.0 893.0 894.0 846.0 886.0 871.0 887.0 903.0 913.0 923.0 934.0 921.0 929.0 889.0 931.0 904.0 897.0 840.0 832.0 839.0 861.0 985.0 944.0 908.0 901.0 894.0 912.0 940.0 932.0 899.0 950.0 952.0 959.0 874.0 857.0 862.0 962.0 904.0 932.0 920.0 924.0 940.0 913.0 946.0 942.0 955.0 891.0 865.0 876.0 856.0 853.0 889.0 929.0 918.0 931.0 918.0 913.0 924.0 794.0 784.0 800.0 905.0 915.0 941.0 951.0 885.0 869.0 881.0 939.0 868.0 844.0 854.0 858.0 930.0 960.0 986.0 949.0 901.0 917.0 895.0 915.0 915.0 862.0 773.0 777.0 778.0 851.0 933.0 851.0 850.0 846.0 830.0 930.0 957.0 938.0 949.0 910.0 900.0 898.0 952.0 964.0 962.0 956.0 941.0 879.0 943.0 890.0 940.0 880.0 864.0 818.0 818.0 826.0 887.0 895.0 922.0 932.0 913.0 897.0 856.0 881.0 925.0 916.0 911.0 864.0 848.0 837.0 895.0 973.0 936.0 931.0 929.0 879.0 874.0 861.0 859.0 871.0 935.0 928.0 913.0 858.0 835.0 859.0 942.0 889.0 878.0 872.0 922.0 870.0 870.0 872.0 902.0 925.0 920.0 886.0 941.0 899.0 865.0 856.0 876.0 907.0 895.0 885.0 864.0 950.0 916.0 901.0 912.0 863.0 883.0 902.0 960.0 944.0 955.0 951.0 915.0 906.0 907.0 927.0 944.0 952.0 984.0 911.0 908.0 925.0 916.0 915.0 924.0 923.0 938.0 942.0 939.0 927.0 917.0 886.0 911.0 924.0 855.0 854.0 831.0 919.0 824.0 811.0 869.0 869.0 912.0 927.0 944.0 906.0 906.0 888.0 900.0 992.0 965.0 929.0 877.0 881.0 844.0 868.0 986.0 1066.0 978.0 956.0 953.0 947.0 975.0 922.0 876.0 884.0 900.0 884.0 889.0 891.0 901.0 916.773519163763 54.66069140090832
11 554.0 510.0 542.0 616.0 602.0 595.0 586.0 512.0 512.0 450.0 509.0 539.0 539.0 519.0 561.0 563.0 547.0 569.0 536.0 575.0 515.0 626.0 518.0 558.0 609.0 523.0 528.0 550.0 576.0 496.0 504.0 522.0 567.0 532.0 546.0 539.0 515.0 552.0 573.0 543.0 660.0 623.0 496.0 552.0 560.0 572.0 503.0 515.0 517.0 544.0 457.0 482.0 502.0 526.0 472.0 524.0 505.0 533.0 490.0 516.0 543.0 519.0 533.0 507.0 490.0 467.0 486.0 527.0 527.0 446.0 451.0 507.0 504.0 496.0 524.0 520.0 520.0 500.0 538.0 526.0 473.0 532.0 577.0 550.0 497.0 463.0 467.0 499.0 481.0 459.0 479.0 495.0 499.0 485.0 501.0 512.0 490.0 486.0 473.0 475.0 450.0 471.0 492.0 513.0 499.0 483.0 487.0 497.0 497.0 457.0 430.0 432.0 507.0 507.0 476.0 469.0 514.0 505.0 444.0 420.0 490.0 480.0 484.0 508.0 508.0 515.0 524.0 519.0 493.0 470.0 489.0 456.0 468.0 480.0 513.0 408.0 408.0 475.0 506.0 494.0 447.0 457.0 498.0 537.0 486.0 475.0 512.0 511.0 495.0 498.0 520.0 526.0 535.0 551.0 523.0 512.0 457.0 489.0 499.0 472.0 458.0 460.0 437.0 466.0 493.0 505.0 528.0 500.0 488.0 476.0 484.0 479.0 488.0 532.0 537.0 446.0 450.0 478.0 490.0 528.0 514.0 531.0 499.0 502.0 482.0 472.0 466.0 549.0 524.0 533.0 474.0 471.0 492.0 569.0 561.0 516.0 566.0 516.0 498.0 467.0 463.0 478.0 505.0 517.0 509.0 504.0 518.0 494.0 465.0 458.0 494.0 479.0 489.0 477.0 484.0 507.0 486.0 490.0 492.0 506.0 482.0 504.0 504.0 533.0 529.0 527.0 532.0 498.0 511.0 528.0 523.0 528.0 565.0 531.0 494.0 529.0 516.0 490.0 489.0 509.0 519.0 508.0 518.0 499.0 501.0 504.0 446.0 451.0 467.0 467.0 452.0 452.0 471.0 468.0 468.0 512.0 518.0 511.0 463.0 462.0 482.0 473.0 523.0 527.0 584.0 498.0 493.0 445.0 468.0 533.0 537.0 556.0 529.0 517.0 533.0 535.0 618.0 618.0 461.0 481.0 499.0 600.0 516.0 540.0 518.0 481.0 515.0 506.7526132404181 38.69142021678517
12 667.0 760.0 784.0 742.0 626.0 641.0 641.0 569.0 631.0 650.0 650.0 617.0 646.0 656.0 675.0 770.0 664.0 627.0 624.0 622.0 638.0 645.0 634.0 637.0 651.0 672.0 668.0 610.0 615.0 649.0 648.0 658.0 658.0 638.0 626.0 635.0 640.0 856.0 798.0 780.0 693.0 694.0 657.0 629.0 632.0 627.0 612.0 620.0 589.0 617.0 626.0 609.0 577.0 598.0 613.0 637.0 622.0 616.0 621.0 635.0 634.0 593.0 612.0 596.0 594.0 616.0 641.0 562.0 565.0 641.0 636.0 632.0 632.0 628.0 656.0 633.0 644.0 637.0 605.0 651.0 634.0 644.0 624.0 566.0 557.0 631.0 627.0 613.0 583.0 615.0 607.0 617.0 616.0 632.0 655.0 624.0 598.0 586.0 583.0 602.0 610.0 625.0 626.0 608.0 611.0 615.0 617.0 614.0 529.0 554.0 637.0 637.0 636.0 579.0 582.0 632.0 567.0 553.0 558.0 616.0 603.0 618.0 619.0 641.0 633.0 629.0 608.0 619.0 622.0 558.0 574.0 572.0 588.0 552.0 534.0 557.0 616.0 647.0 551.0 566.0 560.0 637.0 621.0 600.0 640.0 630.0 617.0 615.0 621.0 633.0 659.0 661.0 638.0 633.0 568.0 587.0 632.0 611.0 584.0 601.0 552.0 557.0 651.0 665.0 635.0 621.0 613.0 607.0 596.0 598.0 584.0 600.0 630.0 563.0 578.0 574.0 620.0 607.0 618.0 631.0 617.0 620.0 599.0 591.0 578.0 619.0 636.0 627.0 595.0 610.0 622.0 645.0 663.0 622.0 606.0 627.0 628.0 600.0 588.0 584.0 625.0 617.0 627.0 587.0 646.0 632.0 598.0 576.0 591.0 595.0 600.0 588.0 582.0 628.0 607.0 625.0 611.0 599.0 602.0 585.0 609.0 641.0 650.0 649.0 637.0 608.0 608.0 626.0 637.0 651.0 660.0 671.0 616.0 626.0 624.0 626.0 610.0 635.0 644.0 638.0 651.0 624.0 608.0 621.0 572.0 553.0 546.0 547.0 557.0 557.0 536.0 555.0 547.0 610.0 641.0 633.0 600.0 574.0 602.0 601.0 668.0 645.0 634.0 593.0 620.0 631.0 614.0 600.0 661.0 677.0 651.0 620.0 635.0 643.0 587.0 587.0 570.0 588.0 607.0 611.0 597.0 604.0 609.0 590.0 653.0 663.0 659.0 619.3066202090592 40.5162066089316
13 8.0 8.0 8.0 8.0 8.0 8.0 8.0 8.0 8.0 8.0 8.0 8.0 8.0 8.0 8.0 8.0 8.0 8.0 8.0 8.0 8.0 8.0 8.0 8.0 8.0 8.0 8.0 8.0 8.0 8.0 7.0 7.0 7.0 7.0 7.0 7.0 7.0 7.0 7.0 7.0 7.0 7.0 8.0 8.0 8.0 8.0 9.0 9.0 9.0 9.0 9.0 9.0 9.0 9.0 9.0 9.0 8.0 7.0 8.0 8.0 7.0 7.0 7.0 7.0 7.0 7.0 7.0 7.0 7.0 7.0 7.0 8.0 8.0 8.0 8.0 8.0 8.0 8.0 8.0 8.0 8.0 8.0 8.0 7.0 7.0 7.0 7.0 7.0 7.0 7.0 7.0 7.0 7.0 7.0 8.0 7.0 7.0 7.0 8.0 7.0 8.0 8.0 7.0 8.0 8.0 8.0 8.0 8.0 6.0 8.0 9.0 8.0 7.0 7.0 7.0 7.0 7.0 7.0 7.0 7.0 7.0 7.0 7.0 10.0 8.0 8.0 8.0 8.0 8.0 8.0 8.0 8.0 8.0 7.0 7.0 20.0 8.0 7.0 7.0 7.0 8.0 8.0 8.0 8.0 8.0 8.0 8.0 8.0 8.0 8.0 8.0 8.0 8.0 8.0 7.0 8.0 8.0 7.0 8.0 7.0 8.0 8.0 8.0 8.0 7.0 8.0 7.0 7.0 8.0 8.0 7.0 8.0 8.0 7.0 7.0 8.0 8.0 8.0 8.0 8.0 8.0 8.0 7.0 7.0 8.0 8.0 8.0 8.0 7.0 8.0 8.0 8.0 8.0 8.0 7.0 8.0 8.0 7.0 8.0 8.0 7.0 8.0 9.0 8.0 8.0 8.0 7.0 8.0 7.0 8.0 8.0 7.0 7.0 7.0 7.0 7.0 7.0 7.0 8.0 8.0 8.0 8.0 8.0 8.0 8.0 8.0 7.0 7.0 7.0 7.0 7.0 7.0 7.0 7.0 8.0 8.0 8.0 8.0 8.0 8.0 8.0 8.0 8.0 8.0 7.0 7.0 6.0 6.0 6.0 6.0 6.0 6.0 6.0 6.0 6.0 7.0 7.0 7.0 7.0 7.0 7.0 7.0 7.0 8.0 8.0 8.0 8.0 8.0 8.0 8.0 8.0 8.0 8.0 8.0 8.0 8.0 8.0 8.0 8.0 7.0 7.0 7.0 7.0 7.0 7.0 7.0 7.0 7.651567944250871 0.973704616302085
14 109.0 109.0 92.0 92.0 92.0 92.0 92.0 92.0 92.0 92.0 92.0 92.0 97.0 97.0 97.0 97.0 95.0 85.0 85.0 97.0 86.0 86.0 86.0 99.0 95.0 95.0 95.0 90.0 91.0 97.0 90.0 98.0 92.0 95.0 94.0 94.0 164.0 164.0 92.0 92.0 101.0 101.0 102.0 103.0 90.0 87.0 87.0 81.0 81.0 93.0 85.0 85.0 89.0 89.0 89.0 89.0 95.0 93.0 94.0 84.0 87.0 93.0 83.0 93.0 90.0 95.0 83.0 82.0 93.0 95.0 97.0 94.0 100.0 93.0 97.0 93.0 91.0 87.0 94.0 83.0 96.0 96.0 81.0 81.0 99.0 102.0 91.0 89.0 90.0 92.0 95.0 93.0 95.0 100.0 95.0 87.0 86.0 83.0 87.0 89.0 100.0 91.0 93.0 89.0 90.0 89.0 94.0 74.0 85.0 96.0 98.0 98.0 82.0 100.0 96.0 90.0 78.0 88.0 93.0 94.0 88.0 95.0 106.0 95.0 91.0 90.0 82.0 95.0 94.0 83.0 83.0 78.0 93.0 77.0 91.0 93.0 92.0 83.0 79.0 87.0 94.0 94.0 94.0 94.0 95.0 87.0 94.0 89.0 97.0 97.0 97.0 96.0 92.0 83.0 78.0 93.0 88.0 83.0 93.0 79.0 91.0 98.0 98.0 95.0 92.0 93.0 82.0 87.0 80.0 91.0 89.0 92.0 92.0 83.0 79.0 88.0 90.0 94.0 91.0 93.0 92.0 98.0 85.0 85.0 91.0 92.0 91.0 94.0 87.0 92.0 96.0 87.0 90.0 85.0 93.0 91.0 89.0 84.0 92.0 92.0 90.0 98.0 96.0 94.0 89.0 90.0 83.0 91.0 88.0 95.0 77.0 90.0 94.0 88.0 85.0 89.0 90.0 87.0 92.0 94.0 97.0 97.0 85.0 94.0 86.0 92.0 91.0 99.0 98.0 89.0 97.0 97.0 88.0 93.0 93.0 87.0 98.0 96.0 96.0 94.0 91.0 89.0 92.0 82.0 85.0 90.0 76.0 76.0 76.0 76.0 84.0 84.0 103.0 92.0 94.0 94.0 94.0 88.0 85.0 85.0 97.0 90.0 90.0 92.0 92.0 90.0 90.0 103.0 99.0 92.0 91.0 93.0 97.0 97.0 97.0 82.0 89.0 90.0 83.0 87.0 85.0 88.0 88.0 96.0 96.0 97.0 83.0 91.43554006968641 8.47426327661766
15 659.0 584.0 595.0 595.0 595.0 569.0 590.0 605.0 605.0 595.0 588.0 590.0 647.0 602.0 601.0 613.0 574.0 633.0 606.0 582.0 582.0 598.0 606.0 609.0 609.0 578.0 605.0 644.0 599.0 611.0 601.0 579.0 593.0 651.0 740.0 832.0 746.0 585.0 579.0 603.0 589.0 577.0 575.0 594.0 594.0 576.0 560.0 556.0 568.0 543.0 550.0 560.0 581.0 583.0 581.0 565.0 569.0 582.0 568.0 549.0 576.0 577.0 571.0 556.0 593.0 523.0 525.0 601.0 579.0 581.0 587.0 620.0 619.0 597.0 598.0 588.0 572.0 587.0 604.0 580.0 559.0 520.0 515.0 533.0 549.0 551.0 636.0 581.0 567.0 578.0 592.0 606.0 617.0 583.0 540.0 528.0 538.0 548.0 576.0 612.0 596.0 556.0 559.0 559.0 566.0 585.0 480.0 494.0 571.0 587.0 559.0 536.0 541.0 590.0 531.0 499.0 548.0 590.0 592.0 606.0 617.0 596.0 544.0 585.0 571.0 547.0 507.0 525.0 531.0 548.0 534.0 510.0 500.0 495.0 593.0 592.0 529.0 523.0 562.0 601.0 582.0 581.0 603.0 563.0 566.0 577.0 588.0 589.0 611.0 589.0 603.0 513.0 541.0 516.0 564.0 566.0 561.0 565.0 513.0 526.0 582.0 576.0 595.0 594.0 587.0 560.0 568.0 562.0 535.0 559.0 593.0 536.0 541.0 565.0 582.0 574.0 575.0 581.0 574.0 563.0 554.0 539.0 537.0 589.0 589.0 589.0 548.0 561.0 574.0 552.0 535.0 567.0 573.0 583.0 578.0 535.0 528.0 558.0 586.0 576.0 591.0 600.0 590.0 568.0 565.0 538.0 546.0 547.0 543.0 518.0 519.0 581.0 570.0 545.0 564.0 556.0 555.0 552.0 604.0 600.0 585.0 588.0 583.0 560.0 583.0 531.0 525.0 572.0 572.0 571.0 542.0 572.0 581.0 571.0 575.0 602.0 593.0 597.0 592.0 574.0 558.0 565.0 532.0 527.0 523.0 484.0 487.0 487.0 501.0 513.0 513.0 513.0 595.0 586.0 523.0 551.0 549.0 544.0 613.0 573.0 577.0 583.0 572.0 569.0 566.0 575.0 637.0 628.0 581.0 576.0 603.0 614.0 588.0 588.0 538.0 549.0 558.0 567.0 552.0 571.0 571.0 608.0 585.0 602.0 604.0 557.0 575.0 572.2578397212544 37.55308223736992
16 380.0 380.0 380.0 380.0 376.0 397.0 381.0 407.0 379.0 386.0 403.0 403.0 394.0 404.0 404.0 418.0 411.0 389.0 379.0 379.0 388.0 418.0 452.0 548.0 362.0 423.0 398.0 375.0 404.0 379.0 380.0 455.0 422.0 372.0 379.0 376.0 379.0 387.0 387.0 669.0 376.0 384.0 400.0 384.0 379.0 350.0 370.0 350.0 373.0 371.0 337.0 378.0 376.0 375.0 369.0 381.0 385.0 348.0 354.0 364.0 365.0 366.0 394.0 367.0 338.0 349.0 380.0 379.0 387.0 392.0 391.0 419.0 393.0 414.0 413.0 381.0 433.0 397.0 362.0 355.0 354.0 359.0 371.0 357.0 343.0 381.0 367.0 356.0 438.0 372.0 356.0 374.0 371.0 354.0 348.0 365.0 365.0 385.0 406.0 375.0 358.0 377.0 366.0 375.0 390.0 322.0 349.0 372.0 394.0 348.0 345.0 364.0 372.0 331.0 327.0 378.0 387.0 378.0 386.0 392.0 396.0 347.0 371.0 367.0 357.0 395.0 357.0 339.0 351.0 346.0 334.0 322.0 337.0 424.0 382.0 352.0 361.0 412.0 379.0 359.0 411.0 379.0 376.0 391.0 402.0 378.0 389.0 344.0 502.0 342.0 339.0 373.0 391.0 393.0 372.0 361.0 391.0 344.0 387.0 371.0 365.0 409.0 406.0 396.0 362.0 381.0 386.0 377.0 371.0 385.0 381.0 392.0 381.0 372.0 372.0 370.0 398.0 392.0 383.0 352.0 347.0 360.0 378.0 362.0 378.0 369.0 437.0 391.0 340.0 354.0 372.0 370.0 398.0 385.0 362.0 341.0 365.0 368.0 368.0 393.0 386.0 379.0 380.0 357.0 349.0 385.0 348.0 382.0 346.0 368.0 400.0 354.0 371.0 366.0 397.0 346.0 346.0 350.0 385.0 403.0 383.0 337.0 361.0 349.0 355.0 348.0 371.0 371.0 342.0 342.0 368.0 429.0 363.0 449.0 506.0 387.0 389.0 389.0 375.0 401.0 422.0 385.0 444.0 349.0 365.0 387.0 387.0 353.0 364.0 343.0 385.0 390.0 421.0 333.0 332.0 352.0 343.0 404.0 458.0 362.0 384.0 378.0 343.0 353.0 398.0 406.0 395.0 375.0 378.0 490.0 339.0 339.0 339.0 348.0 369.0 390.0 371.0 369.0 366.0 394.0 407.0 400.0 385.0 385.0 371.0 384.0 367.0 379.01742160278746 33.65200941079992
17 143.0 143.0 143.0 246.0 144.0 139.0 139.0 148.0 142.0 138.0 138.0 138.0 153.0 153.0 136.0 159.0 136.0 136.0 136.0 174.0 147.0 163.0 163.0 142.0 158.0 159.0 159.0 154.0 141.0 137.0 143.0 144.0 266.0 142.0 144.0 144.0 144.0 144.0 259.0 259.0 140.0 154.0 140.0 144.0 141.0 147.0 131.0 142.0 138.0 147.0 137.0 137.0 145.0 138.0 149.0 140.0 128.0 130.0 136.0 137.0 137.0 140.0 149.0 124.0 143.0 131.0 140.0 138.0 143.0 162.0 145.0 146.0 143.0 137.0 160.0 145.0 145.0 150.0 132.0 123.0 122.0 139.0 142.0 127.0 136.0 140.0 127.0 143.0 139.0 131.0 134.0 133.0 129.0 128.0 135.0 135.0 141.0 140.0 144.0 133.0 139.0 143.0 134.0 143.0 124.0 122.0 138.0 137.0 142.0 125.0 128.0 134.0 119.0 122.0 139.0 142.0 139.0 136.0 138.0 140.0 142.0 137.0 133.0 132.0 132.0 125.0 124.0 135.0 129.0 129.0 122.0 128.0 146.0 145.0 129.0 138.0 140.0 143.0 132.0 143.0 142.0 136.0 142.0 142.0 140.0 140.0 142.0 132.0 136.0 122.0 139.0 140.0 139.0 143.0 130.0 143.0 135.0 141.0 141.0 130.0 140.0 145.0 141.0 132.0 136.0 132.0 139.0 130.0 138.0 150.0 142.0 140.0 138.0 139.0 137.0 145.0 144.0 137.0 136.0 129.0 138.0 140.0 133.0 134.0 131.0 155.0 143.0 137.0 132.0 140.0 139.0 145.0 139.0 141.0 126.0 139.0 131.0 135.0 140.0 137.0 142.0 146.0 142.0 127.0 135.0 129.0 138.0 122.0 138.0 145.0 119.0 134.0 134.0 121.0 119.0 139.0 125.0 145.0 136.0 144.0 133.0 130.0 133.0 144.0 145.0 136.0 144.0 142.0 132.0 133.0 137.0 137.0 141.0 141.0 141.0 147.0 145.0 140.0 140.0 129.0 144.0 137.0 130.0 129.0 148.0 148.0 148.0 125.0 126.0 126.0 144.0 143.0 143.0 121.0 146.0 144.0 144.0 147.0 133.0 142.0 138.0 127.0 128.0 128.0 150.0 147.0 138.0 168.0 133.0 132.0 132.0 132.0 125.0 134.0 145.0 139.0 140.0 122.0 140.0 156.0 147.0 145.0 145.0 145.0 141.0 135.0 134.0 140.20905923344947 16.376840252756683
18 533.0 533.0 496.0 494.0 494.0 485.0 493.0 495.0 499.0 499.0 515.0 515.0 515.0 505.0 509.0 485.0 491.0 513.0 530.0 503.0 501.0 498.0 488.0 494.0 505.0 466.0 527.0 490.0 487.0 484.0 486.0 468.0 491.0 494.0 491.0 487.0 497.0 508.0 484.0 491.0 521.0 504.0 481.0 466.0 490.0 483.0 494.0 498.0 506.0 493.0 491.0 485.0 479.0 519.0 505.0 450.0 468.0 480.0 483.0 493.0 499.0 497.0 438.0 441.0 465.0 481.0 490.0 498.0 505.0 509.0 501.0 495.0 489.0 489.0 505.0 505.0 476.0 468.0 439.0 437.0 496.0 518.0 481.0 490.0 480.0 478.0 485.0 480.0 466.0 471.0 460.0 456.0 438.0 448.0 484.0 485.0 514.0 484.0 481.0 481.0 478.0 476.0 486.0 415.0 429.0 489.0 480.0 470.0 451.0 465.0 480.0 445.0 420.0 431.0 502.0 497.0 486.0 491.0 499.0 496.0 469.0 466.0 472.0 497.0 442.0 439.0 466.0 458.0 429.0 414.0 434.0 454.0 501.0 471.0 471.0 492.0 493.0 484.0 486.0 492.0 486.0 506.0 489.0 499.0 499.0 495.0 537.0 501.0 434.0 437.0 456.0 494.0 495.0 459.0 482.0 488.0 506.0 486.0 465.0 517.0 513.0 514.0 470.0 475.0 491.0 491.0 476.0 492.0 462.0 469.0 492.0 489.0 490.0 488.0 499.0 498.0 495.0 466.0 451.0 458.0 493.0 452.0 471.0 503.0 511.0 435.0 447.0 438.0 476.0 493.0 492.0 482.0 466.0 428.0 475.0 475.0 477.0 478.0 471.0 481.0 498.0 480.0 471.0 480.0 469.0 476.0 447.0 457.0 506.0 487.0 467.0 461.0 456.0 453.0 453.0 447.0 441.0 502.0 506.0 483.0 478.0 487.0 466.0 487.0 491.0 489.0 511.0 456.0 488.0 469.0 491.0 487.0 496.0 498.0 503.0 502.0 483.0 487.0 471.0 502.0 496.0 505.0 460.0 505.0 503.0 489.0 456.0 457.0 497.0 499.0 502.0 428.0 425.0 434.0 448.0 527.0 497.0 482.0 492.0 499.0 452.0 447.0 502.0 521.0 509.0 490.0 493.0 496.0 441.0 471.0 523.0 470.0 473.0 507.0 482.0 473.0 481.0 479.0 516.0 518.0 497.0 497.0 463.0 492.0 482.0 487.0 507.0 482.4146341463414 23.25246498224003
19 275.0 275.0 271.0 268.0 274.0 274.0 278.0 272.0 272.0 287.0 282.0 282.0 286.0 277.0 265.0 265.0 286.0 281.0 263.0 276.0 276.0 275.0 269.0 292.0 256.0 278.0 271.0 265.0 271.0 263.0 263.0 271.0 273.0 274.0 278.0 265.0 267.0 271.0 270.0 287.0 287.0 270.0 249.0 282.0 237.0 271.0 277.0 269.0 268.0 268.0 268.0 273.0 281.0 274.0 249.0 262.0 266.0 269.0 267.0 280.0 273.0 243.0 245.0 254.0 269.0 274.0 269.0 283.0 285.0 276.0 275.0 282.0 275.0 260.0 259.0 259.0 265.0 245.0 261.0 275.0 277.0 260.0 270.0 270.0 267.0 272.0 269.0 249.0 264.0 254.0 248.0 245.0 263.0 260.0 267.0 286.0 266.0 271.0 264.0 266.0 251.0 262.0 226.0 232.0 270.0 249.0 263.0 255.0 259.0 272.0 247.0 244.0 274.0 279.0 274.0 268.0 273.0 275.0 269.0 233.0 261.0 265.0 284.0 247.0 243.0 261.0 255.0 235.0 232.0 230.0 244.0 279.0 254.0 278.0 280.0 272.0 276.0 277.0 262.0 279.0 278.0 264.0 277.0 282.0 268.0 274.0 280.0 235.0 256.0 268.0 265.0 276.0 255.0 276.0 266.0 282.0 264.0 260.0 283.0 281.0 269.0 262.0 268.0 277.0 271.0 249.0 283.0 236.0 236.0 267.0 271.0 264.0 265.0 279.0 274.0 274.0 257.0 253.0 258.0 270.0 256.0 261.0 260.0 289.0 263.0 263.0 256.0 274.0 275.0 283.0 251.0 251.0 256.0 272.0 262.0 263.0 262.0 253.0 266.0 273.0 256.0 254.0 274.0 252.0 276.0 256.0 275.0 275.0 283.0 255.0 257.0 254.0 242.0 266.0 246.0 269.0 274.0 277.0 257.0 269.0 262.0 259.0 276.0 270.0 270.0 257.0 256.0 270.0 259.0 272.0 267.0 276.0 293.0 278.0 277.0 267.0 246.0 261.0 277.0 258.0 269.0 270.0 284.0 275.0 269.0 246.0 266.0 278.0 281.0 283.0 241.0 235.0 253.0 242.0 298.0 264.0 249.0 277.0 268.0 245.0 254.0 308.0 285.0 267.0 269.0 288.0 258.0 246.0 287.0 286.0 254.0 264.0 281.0 264.0 264.0 263.0 271.0 290.0 278.0 275.0 273.0 258.0 274.0 265.0 264.0 283.0 277.0 266.66898954703834 13.157671325492238
20 384.0 383.0 380.0 381.0 388.0 382.0 381.0 381.0 397.0 398.0 375.0 413.0 386.0 370.0 370.0 400.0 389.0 379.0 384.0 399.0 385.0 373.0 370.0 363.0 395.0 400.0 379.0 372.0 366.0 358.0 360.0 384.0 381.0 385.0 388.0 373.0 363.0 393.0 403.0 401.0 377.0 373.0 361.0 330.0 384.0 384.0 390.0 379.0 383.0 377.0 399.0 412.0 394.0 358.0 366.0 373.0 372.0 379.0 382.0 377.0 340.0 339.0 345.0 380.0 379.0 381.0 394.0 395.0 385.0 381.0 392.0 390.0 372.0 377.0 351.0 363.0 345.0 356.0 381.0 376.0 379.0 374.0 369.0 376.0 381.0 372.0 353.0 364.0 369.0 360.0 345.0 362.0 376.0 385.0 392.0 376.0 378.0 364.0 367.0 369.0 366.0 327.0 324.0 372.0 356.0 361.0 342.0 366.0 376.0 343.0 341.0 378.0 387.0 381.0 363.0 377.0 378.0 356.0 328.0 349.0 372.0 399.0 344.0 339.0 352.0 358.0 366.0 333.0 341.0 339.0 392.0 346.0 368.0 388.0 380.0 376.0 388.0 369.0 390.0 380.0 377.0 390.0 393.0 384.0 384.0 383.0 339.0 354.0 375.0 365.0 370.0 362.0 373.0 381.0 391.0 369.0 367.0 381.0 336.0 380.0 365.0 381.0 383.0 375.0 347.0 390.0 393.0 362.0 374.0 376.0 364.0 373.0 386.0 384.0 372.0 363.0 348.0 354.0 376.0 358.0 360.0 373.0 398.0 374.0 368.0 354.0 366.0 377.0 373.0 348.0 354.0 335.0 370.0 371.0 383.0 361.0 358.0 373.0 391.0 358.0 347.0 372.0 357.0 378.0 354.0 369.0 384.0 355.0 356.0 366.0 358.0 363.0 362.0 346.0 350.0 387.0 380.0 365.0 375.0 372.0 354.0 381.0 393.0 392.0 357.0 362.0 366.0 376.0 381.0 375.0 392.0 385.0 383.0 377.0 369.0 351.0 364.0 385.0 362.0 359.0 355.0 390.0 384.0 363.0 344.0 374.0 390.0 394.0 392.0 333.0 328.0 346.0 367.0 384.0 370.0 352.0 384.0 376.0 346.0 353.0 419.0 397.0 378.0 381.0 384.0 370.0 353.0 401.0 405.0 358.0 357.0 389.0 369.0 362.0 368.0 386.0 394.0 392.0 369.0 382.0 372.0 384.0 371.0 372.0 394.0 403.0 392.0 372.11149825783974 17.083344857597364
21 6.0 6.0 6.0 6.0 6.0 6.0 6.0 6.0 6.0 6.0 6.0 6.0 6.0 6.0 6.0 6.0 6.0 6.0 6.0 6.0 6.0 6.0 5.0 5.0 6.0 6.0 6.0 6.0 6.0 5.0 5.0 5.0 5.0 5.0 5.0 5.0 5.0 5.0 5.0 5.0 5.0 6.0 6.0 6.0 6.0 6.0 6.0 6.0 6.0 6.0 6.0 6.0 6.0 6.0 6.0 6.0 6.0 6.0 5.0 5.0 5.0 5.0 5.0 6.0 6.0 5.0 5.0 5.0 5.0 5.0 6.0 5.0 5.0 5.0 5.0 5.0 5.0 5.0 5.0 5.0 5.0 5.0 5.0 6.0 6.0 5.0 5.0 5.0 5.0 6.0 5.0 5.0 5.0 6.0 6.0 6.0 6.0 6.0 5.0 5.0 5.0 5.0 5.0 5.0 5.0 5.0 5.0 5.0 5.0 4.0 6.0 6.0 6.0 5.0 6.0 6.0 6.0 5.0 5.0 5.0 5.0 5.0 5.0 6.0 5.0 5.0 5.0 5.0 5.0 5.0 5.0 5.0 5.0 6.0 5.0 5.0 5.0 5.0 7.0 7.0 6.0 6.0 6.0 6.0 6.0 6.0 5.0 5.0 5.0 5.0 6.0 6.0 6.0 6.0 6.0 5.0 5.0 5.0 4.0 4.0 6.0 6.0 6.0 5.0 5.0 5.0 5.0 6.0 6.0 6.0 6.0 6.0 6.0 6.0 6.0 5.0 5.0 5.0 6.0 5.0 5.0 6.0 6.0 5.0 5.0 5.0 5.0 5.0 5.0 5.0 5.0 5.0 6.0 6.0 6.0 5.0 5.0 5.0 5.0 5.0 5.0 5.0 6.0 6.0 6.0 6.0 6.0 6.0 5.0 6.0 6.0 6.0 5.0 5.0 5.0 5.0 6.0 6.0 6.0 5.0 5.0 6.0 6.0 6.0 6.0 6.0 6.0 6.0 6.0 6.0 6.0 6.0 6.0 6.0 6.0 6.0 6.0 6.0 6.0 6.0 6.0 6.0 6.0 6.0 6.0 6.0 6.0 6.0 6.0 5.0 5.0 5.0 5.0 5.0 5.0 5.0 5.0 5.0 5.0 5.0 5.0 5.0 5.0 5.0 5.0 5.0 5.0 5.0 5.0 5.0 5.0 5.0 5.0 5.0 6.0 6.0 6.0 6.0 6.0 6.0 6.0 6.0 6.0 6.0 6.0 6.0 6.0 5.505226480836237 0.5346136448187447
22 199.0 191.0 192.0 196.0 193.0 192.0 192.0 203.0 203.0 203.0 208.0 191.0 188.0 188.0 202.0 205.0 187.0 197.0 197.0 197.0 192.0 204.0 188.0 192.0 188.0 194.0 192.0 183.0 181.0 187.0 192.0 194.0 192.0 196.0 189.0 184.0 195.0 206.0 206.0 192.0 182.0 202.0 167.0 194.0 194.0 194.0 185.0 185.0 190.0 198.0 203.0 187.0 178.0 186.0 205.0 186.0 198.0 195.0 190.0 174.0 171.0 172.0 224.0 200.0 186.0 201.0 205.0 197.0 190.0 198.0 200.0 192.0 195.0 178.0 184.0 175.0 181.0 192.0 190.0 188.0 188.0 187.0 188.0 194.0 194.0 179.0 187.0 182.0 175.0 175.0 182.0 190.0 198.0 204.0 193.0 196.0 186.0 192.0 182.0 192.0 175.0 172.0 196.0 171.0 187.0 174.0 191.0 193.0 190.0 175.0 198.0 202.0 197.0 173.0 193.0 193.0 199.0 167.0 185.0 191.0 214.0 197.0 172.0 189.0 181.0 182.0 174.0 168.0 182.0 199.0 181.0 186.0 190.0 192.0 193.0 197.0 175.0 196.0 194.0 187.0 193.0 196.0 189.0 195.0 201.0 174.0 180.0 191.0 196.0 185.0 177.0 188.0 197.0 198.0 197.0 182.0 200.0 194.0 172.0 186.0 186.0 197.0 193.0 176.0 198.0 196.0 198.0 191.0 192.0 191.0 189.0 195.0 199.0 197.0 186.0 175.0 179.0 196.0 182.0 185.0 194.0 205.0 182.0 196.0 176.0 194.0 189.0 199.0 178.0 199.0 178.0 202.0 180.0 217.0 187.0 180.0 193.0 198.0 192.0 186.0 196.0 176.0 185.0 236.0 185.0 182.0 197.0 186.0 181.0 184.0 184.0 185.0 182.0 187.0 207.0 189.0 194.0 192.0 186.0 186.0 197.0 194.0 215.0 187.0 184.0 189.0 167.0 196.0 190.0 199.0 199.0 195.0 185.0 187.0 174.0 186.0 198.0 185.0 173.0 185.0 213.0 192.0 196.0 172.0 184.0 195.0 198.0 198.0 192.0 165.0 179.0 182.0 212.0 177.0 178.0 193.0 191.0 178.0 178.0 212.0 201.0 191.0 192.0 201.0 182.0 182.0 202.0 202.0 178.0 184.0 199.0 188.0 182.0 187.0 193.0 202.0 196.0 185.0 192.0 189.0 197.0 191.0 191.0 200.0 199.0 207.0 207.0 190.33101045296166 10.089382705647026
23 125.0 121.0 120.0 122.0 121.0 121.0 125.0 125.0 125.0 126.0 135.0 116.0 116.0 116.0 123.0 128.0 132.0 132.0 120.0 123.0 124.0 116.0 111.0 117.0 116.0 122.0 118.0 117.0 109.0 109.0 118.0 119.0 149.0 149.0 149.0 117.0 125.0 120.0 120.0 117.0 126.0 126.0 102.0 115.0 124.0 117.0 117.0 118.0 119.0 145.0 126.0 104.0 114.0 114.0 108.0 119.0 125.0 113.0 119.0 121.0 109.0 109.0 109.0 115.0 117.0 124.0 118.0 119.0 116.0 123.0 113.0 120.0 105.0 110.0 113.0 105.0 121.0 117.0 118.0 124.0 116.0 112.0 120.0 125.0 121.0 131.0 106.0 111.0 106.0 109.0 119.0 121.0 126.0 110.0 117.0 119.0 118.0 113.0 120.0 114.0 118.0 115.0 120.0 131.0 118.0 119.0 122.0 117.0 118.0 125.0 120.0 122.0 117.0 105.0 121.0 121.0 118.0 115.0 109.0 119.0 121.0 109.0 125.0 110.0 113.0 110.0 121.0 104.0 122.0 118.0 111.0 115.0 121.0 114.0 120.0 121.0 115.0 122.0 116.0 117.0 125.0 121.0 103.0 110.0 116.0 102.0 114.0 108.0 121.0 119.0 111.0 128.0 121.0 120.0 116.0 121.0 121.0 121.0 119.0 114.0 131.0 114.0 109.0 121.0 122.0 110.0 123.0 119.0 110.0 117.0 118.0 119.0 122.0 113.0 116.0 108.0 111.0 116.0 111.0 111.0 118.0 121.0 122.0 117.0 110.0 119.0 115.0 115.0 109.0 107.0 110.0 114.0 117.0 109.0 114.0 112.0 118.0 114.0 116.0 114.0 113.0 117.0 119.0 122.0 120.0 130.0 119.0 113.0 106.0 114.0 106.0 123.0 122.0 116.0 121.0 116.0 113.0 119.0 109.0 115.0 116.0 111.0 119.0 119.0 117.0 109.0 109.0 118.0 118.0 120.0 119.0 119.0 114.0 115.0 107.0 121.0 123.0 109.0 111.0 116.0 116.0 119.0 119.0 102.0 120.0 121.0 123.0 139.0 103.0 101.0 109.0 130.0 118.0 110.0 119.0 119.0 118.0 118.0 132.0 127.0 118.0 124.0 121.0 121.0 121.0 121.0 121.0 121.0 110.0 121.0 120.0 113.0 115.0 115.0 124.0 121.0 118.0 118.0 118.0 115.0 116.0 114.0 124.0 125.0 130.0 130.0 102.0 117.7212543554007 7.262245589933166
24 230.0 254.0 239.0 241.0 267.0 230.0 233.0 251.0 236.0 246.0 226.0 214.0 224.0 370.0 230.0 206.0 332.0 229.0 230.0 230.0 230.0 214.0 222.0 222.0 225.0 230.0 241.0 213.0 213.0 223.0 227.0 239.0 239.0 219.0 218.0 240.0 236.0 223.0 223.0 252.0 252.0 194.0 224.0 226.0 226.0 221.0 223.0 228.0 240.0 466.0 209.0 203.0 216.0 209.0 207.0 218.0 251.0 222.0 230.0 212.0 201.0 195.0 233.0 272.0 256.0 237.0 225.0 226.0 219.0 236.0 225.0 215.0 205.0 225.0 209.0 200.0 223.0 219.0 220.0 226.0 219.0 233.0 225.0 228.0 234.0 234.0 215.0 210.0 203.0 212.0 260.0 218.0 259.0 219.0 225.0 211.0 218.0 219.0 220.0 247.0 226.0 241.0 213.0 221.0 224.0 219.0 236.0 232.0 231.0 240.0 233.0 233.0 182.0 182.0 269.0 203.0 232.0 220.0 225.0 212.0 214.0 204.0 228.0 214.0 213.0 235.0 203.0 202.0 231.0 221.0 256.0 224.0 235.0 216.0 236.0 221.0 238.0 229.0 219.0 236.0 336.0 225.0 194.0 224.0 213.0 205.0 203.0 225.0 223.0 216.0 219.0 248.0 237.0 232.0 238.0 230.0 227.0 218.0 223.0 240.0 244.0 222.0 210.0 224.0 269.0 223.0 280.0 220.0 217.0 222.0 225.0 219.0 236.0 226.0 209.0 207.0 218.0 214.0 219.0 232.0 241.0 236.0 226.0 220.0 220.0 218.0 226.0 221.0 222.0 202.0 216.0 225.0 222.0 221.0 219.0 210.0 232.0 221.0 219.0 222.0 217.0 215.0 229.0 240.0 224.0 235.0 212.0 213.0 232.0 226.0 218.0 221.0 224.0 225.0 241.0 212.0 220.0 232.0 228.0 226.0 214.0 217.0 217.0 226.0 220.0 287.0 232.0 228.0 234.0 224.0 249.0 225.0 235.0 199.0 229.0 229.0 221.0 222.0 223.0 234.0 233.0 220.0 197.0 218.0 228.0 226.0 224.0 223.0 196.0 242.0 242.0 255.0 224.0 222.0 220.0 255.0 234.0 244.0 233.0 239.0 221.0 229.0 232.0 204.0 214.0 244.0 219.0 204.0 216.0 242.0 221.0 218.0 220.0 229.0 277.0 234.0 211.0 228.0 224.0 264.0 218.0 228.0 269.0 294.0 247.0 247.0 193.0 228.21254355400697 24.538540746532792
25 50.0 50.0 50.0 57.0 57.0 57.0 53.0 52.0 56.0 46.0 56.0 58.0 567.0 567.0 50.0 54.0 88.0 53.0 49.0 49.0 53.0 47.0 47.0 58.0 51.0 50.0 53.0 51.0 48.0 48.0 51.0 54.0 54.0 54.0 56.0 52.0 55.0 55.0 48.0 56.0 56.0 42.0 47.0 47.0 49.0 49.0 51.0 51.0 51.0 49.0 56.0 45.0 47.0 44.0 58.0 49.0 48.0 49.0 52.0 47.0 43.0 43.0 51.0 51.0 51.0 54.0 48.0 50.0 47.0 49.0 53.0 56.0 54.0 48.0 48.0 47.0 51.0 47.0 50.0 50.0 54.0 59.0 47.0 56.0 58.0 49.0 46.0 45.0 43.0 51.0 47.0 52.0 52.0 50.0 50.0 50.0 51.0 49.0 48.0 51.0 48.0 55.0 46.0 49.0 45.0 51.0 48.0 76.0 52.0 52.0 53.0 50.0 47.0 47.0 47.0 44.0 46.0 51.0 50.0 58.0 51.0 45.0 46.0 44.0 47.0 48.0 46.0 50.0 50.0 53.0 48.0 53.0 48.0 48.0 46.0 51.0 47.0 52.0 52.0 50.0 56.0 58.0 45.0 50.0 55.0 45.0 47.0 51.0 51.0 45.0 52.0 51.0 53.0 49.0 50.0 52.0 47.0 50.0 50.0 49.0 90.0 46.0 49.0 52.0 50.0 50.0 50.0 50.0 55.0 51.0 51.0 48.0 56.0 48.0 46.0 45.0 50.0 47.0 47.0 55.0 50.0 50.0 48.0 57.0 48.0 49.0 52.0 48.0 82.0 46.0 47.0 51.0 55.0 48.0 51.0 51.0 49.0 47.0 46.0 50.0 52.0 47.0 60.0 50.0 50.0 49.0 49.0 49.0 51.0 47.0 50.0 52.0 47.0 47.0 62.0 51.0 49.0 62.0 62.0 48.0 47.0 47.0 47.0 51.0 51.0 51.0 49.0 59.0 48.0 50.0 46.0 52.0 52.0 56.0 49.0 51.0 45.0 60.0 54.0 57.0 50.0 49.0 47.0 55.0 58.0 49.0 74.0 62.0 43.0 43.0 43.0 45.0 48.0 49.0 49.0 49.0 47.0 55.0 52.0 52.0 52.0 49.0 49.0 49.0 47.0 46.0 46.0 48.0 54.0 53.0 53.0 47.0 48.0 49.0 51.0 51.0 51.0 51.0 49.0 48.0 48.0 49.0 49.0 55.0 55.0 55.0 42.0 54.4320557491289 43.38752137186543
26 120.0 114.0 126.0 127.0 127.0 123.0 123.0 117.0 128.0 116.0 114.0 104.0 119.0 123.0 130.0 114.0 136.0 119.0 117.0 131.0 112.0 112.0 117.0 114.0 118.0 122.0 115.0 112.0 118.0 119.0 122.0 122.0 122.0 146.0 128.0 121.0 121.0 125.0 120.0 124.0 102.0 102.0 119.0 119.0 132.0 132.0 119.0 127.0 127.0 123.0 103.0 113.0 102.0 112.0 122.0 116.0 121.0 119.0 114.0 113.0 103.0 122.0 122.0 112.0 127.0 117.0 119.0 117.0 119.0 112.0 129.0 126.0 119.0 118.0 117.0 149.0 123.0 133.0 123.0 115.0 138.0 138.0 122.0 143.0 125.0 119.0 116.0 113.0 108.0 120.0 116.0 121.0 112.0 116.0 115.0 111.0 115.0 122.0 124.0 119.0 120.0 112.0 117.0 121.0 113.0 115.0 121.0 127.0 111.0 128.0 131.0 121.0 129.0 118.0 109.0 121.0 113.0 120.0 112.0 124.0 126.0 111.0 132.0 110.0 132.0 123.0 108.0 127.0 128.0 125.0 125.0 124.0 111.0 131.0 114.0 132.0 123.0 123.0 122.0 128.0 130.0 112.0 113.0 117.0 126.0 111.0 120.0 121.0 121.0 117.0 126.0 111.0 121.0 110.0 126.0 123.0 114.0 112.0 116.0 127.0 118.0 113.0 120.0 128.0 119.0 122.0 116.0 116.0 114.0 121.0 105.0 106.0 116.0 112.0 110.0 111.0 115.0 112.0 118.0 125.0 121.0 116.0 116.0 117.0 115.0 119.0 108.0 124.0 107.0 110.0 121.0 110.0 108.0 110.0 107.0 114.0 116.0 116.0 114.0 117.0 119.0 121.0 118.0 117.0 119.0 119.0 115.0 120.0 119.0 120.0 129.0 116.0 115.0 118.0 112.0 115.0 106.0 106.0 119.0 117.0 111.0 126.0 117.0 114.0 114.0 114.0 121.0 108.0 119.0 119.0 115.0 109.0 110.0 122.0 120.0 122.0 102.0 117.0 130.0 124.0 109.0 105.0 107.0 107.0 121.0 122.0 130.0 104.0 110.0 110.0 110.0 111.0 122.0 122.0 121.0 119.0 125.0 116.0 123.0 117.0 112.0 122.0 122.0 108.0 116.0 116.0 117.0 108.0 116.0 113.0 116.0 115.0 115.0 123.0 121.0 127.0 115.0 116.0 114.0 114.0 117.0 121.0 130.0 132.0 132.0 101.0 109.0 118.39024390243902 7.589165234812231
27 176.0 197.0 207.0 207.0 207.0 210.0 194.0 216.0 195.0 201.0 176.0 182.0 194.0 201.0 188.0 212.0 207.0 193.0 196.0 207.0 196.0 195.0 194.0 204.0 195.0 195.0 196.0 185.0 200.0 201.0 198.0 198.0 198.0 214.0 211.0 186.0 186.0 195.0 217.0 198.0 179.0 195.0 198.0 219.0 219.0 209.0 203.0 210.0 187.0 186.0 182.0 181.0 176.0 205.0 199.0 189.0 204.0 205.0 185.0 185.0 185.0 201.0 205.0 221.0 209.0 217.0 205.0 194.0 175.0 185.0 202.0 201.0 191.0 195.0 176.0 189.0 192.0 200.0 191.0 185.0 183.0 192.0 260.0 213.0 184.0 193.0 187.0 176.0 196.0 204.0 200.0 203.0 195.0 200.0 183.0 174.0 199.0 197.0 185.0 186.0 186.0 186.0 196.0 193.0 197.0 192.0 197.0 206.0 193.0 217.0 221.0 189.0 204.0 177.0 172.0 187.0 200.0 208.0 207.0 210.0 200.0 208.0 195.0 202.0 202.0 176.0 200.0 212.0 220.0 201.0 182.0 218.0 201.0 201.0 189.0 208.0 204.0 200.0 214.0 203.0 216.0 238.0 196.0 200.0 201.0 221.0 200.0 214.0 194.0 245.0 192.0 186.0 187.0 178.0 215.0 194.0 195.0 197.0 206.0 196.0 196.0 189.0 198.0 202.0 203.0 194.0 198.0 200.0 198.0 197.0 181.0 208.0 195.0 185.0 186.0 186.0 190.0 191.0 222.0 203.0 201.0 202.0 198.0 202.0 202.0 194.0 199.0 189.0 181.0 197.0 204.0 184.0 183.0 187.0 191.0 201.0 195.0 192.0 189.0 191.0 196.0 198.0 205.0 197.0 201.0 183.0 190.0 203.0 182.0 202.0 199.0 195.0 191.0 194.0 188.0 191.0 174.0 186.0 194.0 197.0 215.0 193.0 190.0 191.0 191.0 191.0 189.0 187.0 195.0 191.0 184.0 181.0 207.0 203.0 206.0 217.0 171.0 183.0 209.0 199.0 172.0 176.0 191.0 183.0 210.0 200.0 192.0 173.0 208.0 208.0 196.0 186.0 208.0 204.0 195.0 200.0 196.0 205.0 204.0 202.0 194.0 210.0 171.0 191.0 197.0 204.0 178.0 200.0 191.0 203.0 183.0 192.0 215.0 208.0 207.0 195.0 195.0 195.0 197.0 194.0 200.0 208.0 212.0 208.0 208.0 171.0 184.0 196.86759581881532 12.064652270558526
28 621.0 671.0 664.0 640.0 612.0 611.0 660.0 570.0 567.0 551.0 567.0 626.0 606.0 592.0 646.0 624.0 598.0 608.0 624.0 629.0 624.0 606.0 622.0 619.0 605.0 589.0 584.0 609.0 626.0 629.0 620.0 581.0 580.0 630.0 611.0 614.0 656.0 662.0 618.0 589.0 609.0 645.0 665.0 608.0 620.0 642.0 667.0 586.0 589.0 571.0 573.0 589.0 603.0 606.0 589.0 636.0 620.0 621.0 598.0 614.0 638.0 605.0 641.0 599.0 610.0 589.0 586.0 595.0 597.0 587.0 576.0 601.0 603.0 569.0 559.0 598.0 628.0 616.0 594.0 556.0 523.0 539.0 625.0 604.0 593.0 550.0 550.0 570.0 618.0 603.0 597.0 601.0 620.0 588.0 588.0 563.0 516.0 558.0 565.0 631.0 571.0 616.0 617.0 574.0 605.0 555.0 584.0 596.0 609.0 623.0 634.0 631.0 513.0 538.0 602.0 606.0 530.0 545.0 573.0 609.0 574.0 584.0 596.0 555.0 564.0 564.0 634.0 614.0 598.0 604.0 638.0 655.0 586.0 569.0 622.0 625.0 615.0 554.0 579.0 602.0 617.0 629.0 631.0 580.0 574.0 588.0 615.0 622.0 598.0 572.0 564.0 572.0 566.0 629.0 607.0 609.0 617.0 611.0 610.0 579.0 585.0 623.0 635.0 616.0 558.0 563.0 596.0 608.0 618.0 624.0 592.0 560.0 571.0 574.0 588.0 593.0 599.0 612.0 605.0 616.0 611.0 620.0 599.0 605.0 623.0 591.0 578.0 574.0 607.0 605.0 579.0 572.0 573.0 606.0 587.0 602.0 595.0 609.0 606.0 607.0 613.0 623.0 616.0 596.0 594.0 601.0 575.0 620.0 633.0 630.0 623.0 624.0 621.0 595.0 611.0 611.0 612.0 594.0 605.0 615.0 629.0 620.0 612.0 599.0 544.0 539.0 524.0 617.0 598.0 573.0 588.0 602.0 617.0 610.0 627.0 589.0 618.0 617.0 576.0 556.0 603.0 583.0 585.0 595.0 598.0 555.0 543.0 549.0 611.0 595.0 583.0 580.0 619.0 626.0 654.0 654.0 694.0 625.0 626.0 621.0 728.0 607.0 618.0 675.0 586.0 545.0 599.0 601.0 598.0 593.0 613.0 635.0 651.0 646.0 581.0 585.0 610.0 617.0 610.0 632.0 652.0 659.0 652.0 624.0 586.0 633.0 606.0 602.1149825783972 30.17821225681167
29 16.0 16.0 16.0 16.0 16.0 16.0 16.0 13.0 14.0 14.0 15.0 15.0 15.0 15.0 15.0 15.0 15.0 15.0 15.0 15.0 15.0 15.0 15.0 15.0 15.0 15.0 15.0 16.0 16.0 16.0 16.0 14.0 14.0 14.0 15.0 18.0 18.0 18.0 18.0 18.0 17.0 17.0 17.0 17.0 17.0 17.0 17.0 17.0 17.0 17.0 17.0 17.0 17.0 15.0 15.0 15.0 15.0 15.0 15.0 15.0 16.0 16.0 16.0 16.0 14.0 14.0 16.0 16.0 14.0 14.0 14.0 15.0 15.0 14.0 14.0 14.0 14.0 14.0 14.0 14.0 14.0 14.0 14.0 14.0 14.0 14.0 14.0 14.0 14.0 15.0 16.0 16.0 16.0 15.0 15.0 15.0 13.0 14.0 14.0 14.0 16.0 16.0 14.0 14.0 14.0 13.0 15.0 15.0 15.0 15.0 15.0 15.0 13.0 14.0 14.0 14.0 13.0 13.0 14.0 14.0 15.0 14.0 17.0 14.0 14.0 14.0 14.0 15.0 15.0 15.0 20.0 20.0 14.0 16.0 16.0 16.0 12.0 15.0 15.0 15.0 15.0 17.0 17.0 13.0 16.0 15.0 15.0 15.0 15.0 16.0 13.0 13.0 13.0 18.0 14.0 14.0 15.0 15.0 13.0 13.0 15.0 16.0 16.0 14.0 14.0 14.0 15.0 15.0 15.0 15.0 14.0 14.0 14.0 14.0 15.0 15.0 17.0 15.0 17.0 17.0 15.0 15.0 15.0 15.0 14.0 14.0 15.0 18.0 15.0 15.0 14.0 12.0 14.0 15.0 15.0 15.0 14.0 15.0 15.0 15.0 15.0 15.0 15.0 15.0 15.0 15.0 16.0 18.0 18.0 14.0 15.0 16.0 15.0 15.0 15.0 15.0 15.0 15.0 15.0 15.0 15.0 15.0 15.0 15.0 13.0 13.0 14.0 14.0 14.0 15.0 15.0 15.0 15.0 15.0 15.0 14.0 14.0 14.0 14.0 14.0 14.0 14.0 14.0 14.0 14.0 13.0 13.0 13.0 13.0 13.0 14.0 15.0 16.0 16.0 16.0 17.0 17.0 16.0 16.0 16.0 16.0 16.0 16.0 16.0 16.0 17.0 15.0 15.0 15.0 17.0 17.0 17.0 17.0 17.0 14.0 14.0 14.0 15.0 15.0 15.0 16.0 16.0 16.0 16.0 16.0 16.0 16.0 15.073170731707318 1.2619546036992422
30 188.0 188.0 177.0 177.0 190.0 199.0 162.0 167.0 166.0 178.0 192.0 180.0 187.0 195.0 186.0 181.0 159.0 189.0 180.0 179.0 184.0 184.0 181.0 179.0 174.0 174.0 184.0 184.0 184.0 184.0 170.0 181.0 171.0 176.0 182.0 211.0 184.0 184.0 203.0 182.0 193.0 193.0 193.0 185.0 199.0 199.0 177.0 162.0 176.0 163.0 172.0 187.0 170.0 175.0 188.0 190.0 156.0 169.0 196.0 182.0 180.0 167.0 192.0 179.0 173.0 186.0 184.0 179.0 165.0 179.0 178.0 178.0 173.0 173.0 179.0 192.0 174.0 172.0 165.0 154.0 192.0 174.0 183.0 172.0 165.0 167.0 224.0 177.0 182.0 182.0 187.0 175.0 164.0 167.0 179.0 194.0 159.0 169.0 163.0 174.0 181.0 169.0 156.0 176.0 161.0 165.0 175.0 189.0 177.0 182.0 182.0 147.0 163.0 168.0 185.0 161.0 155.0 167.0 168.0 170.0 173.0 180.0 176.0 164.0 185.0 183.0 184.0 171.0 192.0 206.0 192.0 172.0 175.0 183.0 185.0 178.0 149.0 185.0 180.0 183.0 184.0 195.0 163.0 177.0 193.0 184.0 187.0 181.0 170.0 182.0 164.0 186.0 179.0 184.0 181.0 185.0 181.0 185.0 171.0 185.0 187.0 187.0 179.0 164.0 174.0 175.0 181.0 184.0 186.0 188.0 175.0 169.0 173.0 175.0 173.0 186.0 180.0 178.0 176.0 185.0 175.0 171.0 194.0 184.0 186.0 171.0 176.0 187.0 180.0 160.0 175.0 170.0 179.0 180.0 181.0 176.0 174.0 184.0 173.0 181.0 176.0 188.0 167.0 175.0 188.0 186.0 186.0 182.0 184.0 179.0 183.0 174.0 178.0 173.0 179.0 191.0 178.0 173.0 181.0 177.0 184.0 175.0 184.0 189.0 161.0 183.0 177.0 176.0 173.0 173.0 183.0 187.0 181.0 174.0 170.0 189.0 175.0 172.0 171.0 182.0 169.0 181.0 173.0 189.0 164.0 159.0 159.0 184.0 178.0 185.0 171.0 185.0 210.0 188.0 198.0 185.0 181.0 185.0 185.0 185.0 176.0 182.0 169.0 169.0 178.0 176.0 177.0 170.0 180.0 183.0 179.0 190.0 172.0 181.0 172.0 178.0 178.0 184.0 184.0 209.0 210.0 210.0 177.0 165.0 183.0 177.0 178.0 178.9965156794425 10.54245438502902
31 377.0 345.0 330.0 381.0 417.0 458.0 352.0 324.0 311.0 344.0 329.0 353.0 360.0 351.0 333.0 328.0 351.0 334.0 335.0 338.0 344.0 340.0 329.0 324.0 334.0 346.0 344.0 340.0 340.0 315.0 321.0 337.0 320.0 352.0 360.0 343.0 340.0 319.0 373.0 373.0 373.0 373.0 349.0 357.0 357.0 327.0 316.0 329.0 309.0 305.0 351.0 335.0 335.0 354.0 350.0 324.0 316.0 350.0 356.0 348.0 323.0 333.0 337.0 318.0 329.0 329.0 334.0 303.0 316.0 338.0 329.0 326.0 357.0 336.0 352.0 344.0 323.0 320.0 287.0 349.0 331.0 328.0 320.0 314.0 318.0 333.0 327.0 326.0 334.0 345.0 341.0 315.0 309.0 327.0 344.0 316.0 300.0 330.0 338.0 334.0 330.0 327.0 313.0 337.0 306.0 324.0 347.0 337.0 331.0 338.0 288.0 284.0 312.0 333.0 340.0 338.0 311.0 311.0 329.0 325.0 337.0 341.0 302.0 324.0 359.0 346.0 333.0 340.0 345.0 347.0 342.0 320.0 343.0 355.0 341.0 302.0 327.0 343.0 335.0 349.0 332.0 323.0 319.0 350.0 337.0 318.0 336.0 323.0 323.0 314.0 313.0 340.0 350.0 340.0 331.0 352.0 339.0 320.0 329.0 353.0 354.0 336.0 315.0 324.0 322.0 336.0 370.0 345.0 352.0 310.0 313.0 320.0 319.0 326.0 337.0 338.0 331.0 328.0 375.0 344.0 332.0 331.0 336.0 324.0 318.0 318.0 311.0 313.0 318.0 321.0 330.0 322.0 341.0 336.0 327.0 328.0 338.0 326.0 332.0 327.0 352.0 331.0 327.0 330.0 318.0 352.0 343.0 346.0 344.0 345.0 323.0 333.0 330.0 336.0 345.0 346.0 320.0 342.0 341.0 346.0 319.0 323.0 336.0 305.0 301.0 324.0 326.0 320.0 332.0 344.0 342.0 328.0 323.0 317.0 337.0 325.0 326.0 311.0 329.0 323.0 327.0 322.0 340.0 318.0 296.0 296.0 350.0 362.0 343.0 318.0 336.0 345.0 352.0 362.0 366.0 344.0 345.0 347.0 347.0 341.0 342.0 316.0 303.0 330.0 335.0 333.0 321.0 384.0 343.0 353.0 357.0 339.0 405.0 332.0 327.0 334.0 337.0 354.0 373.0 361.0 358.0 383.0 302.0 340.0 339.0 340.0 331.0 334.8432055749129 19.39900727858655
32 558.0 602.0 582.0 565.0 495.0 535.0 566.0 595.0 589.0 555.0 577.0 570.0 561.0 528.0 557.0 598.0 556.0 554.0 553.0 558.0 552.0 534.0 539.0 554.0 564.0 566.0 566.0 520.0 519.0 539.0 548.0 567.0 574.0 600.0 562.0 651.0 560.0 587.0 627.0 627.0 585.0 578.0 596.0 627.0 556.0 530.0 526.0 500.0 565.0 562.0 544.0 574.0 571.0 557.0 540.0 567.0 579.0 569.0 523.0 527.0 564.0 555.0 533.0 545.0 591.0 527.0 531.0 543.0 536.0 563.0 546.0 549.0 563.0 584.0 540.0 539.0 489.0 504.0 574.0 552.0 540.0 528.0 515.0 523.0 544.0 550.0 541.0 535.0 588.0 546.0 524.0 542.0 583.0 571.0 526.0 545.0 543.0 587.0 544.0 526.0 534.0 561.0 565.0 543.0 540.0 590.0 558.0 553.0 569.0 480.0 488.0 520.0 558.0 609.0 539.0 512.0 517.0 521.0 535.0 491.0 493.0 562.0 576.0 573.0 561.0 557.0 558.0 539.0 506.0 551.0 568.0 567.0 566.0 561.0 499.0 542.0 561.0 587.0 585.0 545.0 550.0 579.0 571.0 554.0 594.0 541.0 528.0 529.0 504.0 527.0 586.0 570.0 559.0 556.0 557.0 533.0 543.0 561.0 573.0 577.0 513.0 493.0 517.0 551.0 554.0 554.0 591.0 541.0 510.0 515.0 531.0 522.0 514.0 607.0 545.0 546.0 589.0 567.0 588.0 547.0 547.0 535.0 530.0 515.0 512.0 539.0 526.0 553.0 530.0 526.0 535.0 541.0 549.0 541.0 563.0 558.0 540.0 550.0 562.0 563.0 538.0 542.0 548.0 565.0 573.0 565.0 557.0 545.0 548.0 548.0 537.0 542.0 557.0 549.0 565.0 543.0 564.0 555.0 561.0 548.0 487.0 482.0 572.0 578.0 536.0 534.0 535.0 551.0 577.0 594.0 531.0 533.0 542.0 557.0 563.0 528.0 532.0 552.0 543.0 531.0 526.0 606.0 505.0 487.0 559.0 571.0 571.0 535.0 536.0 583.0 569.0 575.0 591.0 579.0 576.0 562.0 588.0 591.0 561.0 560.0 548.0 547.0 569.0 556.0 578.0 558.0 550.0 564.0 578.0 516.0 525.0 613.0 567.0 549.0 554.0 571.0 619.0 596.0 577.0 695.0 517.0 559.0 556.0 658.0 565.0 572.0 607.0 553.5191637630662 29.22971740742361
33 204.0 185.0 196.0 173.0 190.0 189.0 191.0 321.0 196.0 205.0 193.0 193.0 166.0 196.0 193.0 192.0 190.0 192.0 195.0 183.0 185.0 186.0 190.0 194.0 192.0 192.0 192.0 176.0 294.0 187.0 215.0 195.0 195.0 195.0 188.0 193.0 204.0 204.0 204.0 203.0 205.0 199.0 186.0 265.0 182.0 180.0 178.0 203.0 194.0 178.0 195.0 196.0 167.0 185.0 193.0 194.0 194.0 173.0 175.0 187.0 245.0 184.0 187.0 205.0 205.0 181.0 183.0 185.0 193.0 197.0 184.0 203.0 193.0 185.0 176.0 174.0 175.0 204.0 188.0 178.0 180.0 170.0 176.0 183.0 190.0 191.0 184.0 190.0 184.0 186.0 186.0 195.0 191.0 183.0 196.0 186.0 189.0 183.0 182.0 182.0 187.0 193.0 190.0 194.0 188.0 192.0 189.0 197.0 165.0 172.0 189.0 193.0 192.0 177.0 175.0 187.0 177.0 185.0 168.0 167.0 197.0 196.0 198.0 187.0 203.0 196.0 204.0 174.0 198.0 196.0 188.0 208.0 200.0 163.0 185.0 201.0 193.0 203.0 181.0 189.0 198.0 193.0 185.0 192.0 189.0 185.0 185.0 178.0 190.0 198.0 201.0 223.0 190.0 194.0 181.0 188.0 196.0 191.0 207.0 190.0 172.0 196.0 188.0 188.0 176.0 206.0 194.0 166.0 178.0 187.0 179.0 179.0 195.0 184.0 191.0 224.0 200.0 191.0 188.0 190.0 183.0 186.0 180.0 190.0 183.0 175.0 180.0 203.0 171.0 187.0 188.0 187.0 189.0 193.0 191.0 188.0 190.0 190.0 194.0 183.0 185.0 195.0 192.0 195.0 196.0 190.0 189.0 189.0 188.0 181.0 188.0 193.0 200.0 195.0 192.0 191.0 183.0 187.0 185.0 168.0 193.0 208.0 197.0 184.0 178.0 183.0 180.0 197.0 211.0 178.0 183.0 187.0 194.0 196.0 186.0 183.0 187.0 186.0 198.0 189.0 194.0 171.0 173.0 173.0 192.0 195.0 192.0 196.0 200.0 198.0 202.0 193.0 194.0 197.0 195.0 225.0 197.0 190.0 200.0 206.0 192.0 211.0 194.0 197.0 196.0 190.0 203.0 196.0 169.0 174.0 198.0 190.0 197.0 189.0 197.0 221.0 198.0 198.0 198.0 193.0 182.0 192.0 220.0 199.0 180.0 198.0 198.0 191.34146341463415 15.158894615466446
34 135.0 136.0 137.0 117.0 139.0 133.0 133.0 159.0 137.0 143.0 131.0 134.0 130.0 139.0 134.0 134.0 136.0 136.0 134.0 134.0 137.0 136.0 138.0 138.0 138.0 136.0 127.0 126.0 133.0 127.0 144.0 144.0 144.0 144.0 140.0 141.0 141.0 141.0 141.0 147.0 147.0 143.0 129.0 122.0 133.0 126.0 126.0 141.0 122.0 133.0 140.0 120.0 124.0 133.0 143.0 148.0 129.0 124.0 144.0 144.0 131.0 132.0 140.0 140.0 140.0 133.0 130.0 144.0 134.0 132.0 131.0 143.0 138.0 133.0 115.0 119.0 143.0 136.0 131.0 126.0 131.0 123.0 127.0 134.0 131.0 132.0 136.0 134.0 124.0 130.0 129.0 141.0 127.0 129.0 119.0 133.0 133.0 125.0 118.0 132.0 132.0 133.0 130.0 144.0 126.0 131.0 137.0 141.0 119.0 128.0 135.0 136.0 140.0 126.0 125.0 131.0 124.0 135.0 116.0 136.0 140.0 139.0 137.0 121.0 134.0 140.0 132.0 133.0 140.0 142.0 137.0 135.0 122.0 128.0 131.0 138.0 142.0 133.0 135.0 142.0 143.0 137.0 137.0 148.0 130.0 135.0 131.0 127.0 135.0 139.0 144.0 138.0 138.0 135.0 139.0 138.0 137.0 139.0 134.0 124.0 121.0 128.0 136.0 126.0 149.0 139.0 117.0 125.0 130.0 131.0 126.0 144.0 133.0 132.0 154.0 144.0 135.0 136.0 132.0 135.0 130.0 130.0 127.0 134.0 130.0 131.0 138.0 123.0 132.0 140.0 131.0 134.0 137.0 139.0 132.0 129.0 137.0 134.0 128.0 134.0 133.0 142.0 140.0 142.0 134.0 136.0 135.0 134.0 136.0 127.0 137.0 140.0 136.0 139.0 137.0 133.0 134.0 131.0 138.0 116.0 138.0 139.0 138.0 134.0 130.0 126.0 136.0 140.0 128.0 132.0 132.0 140.0 133.0 134.0 128.0 139.0 134.0 141.0 144.0 138.0 143.0 121.0 127.0 137.0 137.0 138.0 146.0 134.0 149.0 140.0 145.0 132.0 135.0 141.0 140.0 140.0 136.0 122.0 141.0 116.0 138.0 137.0 136.0 143.0 135.0 137.0 141.0 141.0 119.0 137.0 136.0 133.0 137.0 141.0 148.0 141.0 140.0 140.0 143.0 130.0 134.0 139.0 144.0 136.0 144.0 144.0 145.0 134.64808362369337 7.095122042937066
35 5.0 5.0 5.0 5.0 5.0 5.0 5.0 5.0 5.0 5.0 5.0 5.0 5.0 5.0 5.0 5.0 5.0 5.0 5.0 5.0 5.0 5.0 5.0 5.0 5.0 5.0 5.0 5.0 5.0 5.0 5.0 5.0 5.0 5.0 5.0 5.0 5.0 5.0 5.0 5.0 5.0 5.0 5.0 5.0 5.0 5.0 5.0 5.0 5.0 5.0 5.0 5.0 5.0 5.0 5.0 5.0 5.0 5.0 5.0 5.0 5.0 5.0 5.0 5.0 5.0 5.0 5.0 5.0 5.0 5.0 5.0 5.0 5.0 5.0 5.0 5.0 5.0 5.0 5.0 5.0 5.0 5.0 5.0 5.0 5.0 5.0 5.0 5.0 5.0 5.0 5.0 5.0 5.0 5.0 5.0 5.0 5.0 5.0 5.0 5.0 5.0 5.0 5.0 5.0 5.0 5.0 5.0 5.0 5.0 5.0 5.0 5.0 5.0 5.0 5.0 5.0 5.0 5.0 5.0 6.0 6.0 6.0 6.0 4.0 5.0 5.0 4.0 4.0 4.0 5.0 5.0 5.0 4.0 4.0 5.0 5.0 5.0 5.0 5.0 6.0 6.0 5.0 5.0 5.0 5.0 5.0 5.0 5.0 5.0 5.0 5.0 5.0 5.0 5.0 5.0 5.0 5.0 5.0 5.0 5.0 5.0 5.0 5.0 5.0 5.0 5.0 4.0 5.0 5.0 5.0 5.0 5.0 5.0 5.0 8.0 5.0 5.0 5.0 5.0 5.0 5.0 5.0 5.0 5.0 5.0 5.0 5.0 4.0 4.0 4.0 4.0 5.0 5.0 6.0 5.0 5.0 5.0 5.0 5.0 5.0 5.0 5.0 5.0 5.0 5.0 5.0 5.0 4.0 4.0 5.0 5.0 5.0 5.0 5.0 5.0 5.0 5.0 5.0 5.0 4.0 4.0 5.0 5.0 5.0 5.0 5.0 5.0 5.0 5.0 5.0 5.0 5.0 5.0 5.0 5.0 5.0 5.0 5.0 5.0 5.0 5.0 4.0 4.0 4.0 4.0 4.0 4.0 4.0 4.0 5.0 5.0 5.0 5.0 5.0 5.0 5.0 5.0 5.0 5.0 5.0 5.0 5.0 6.0 6.0 6.0 6.0 5.0 5.0 5.0 5.0 5.0 5.0 5.0 5.0 5.0 5.0 5.0 5.0 5.0 5.0 5.0 5.0 5.0 5.0 5.0 5.0 5.0 4.968641114982578 0.38647487924787705
36 46.0 49.0 47.0 39.0 44.0 46.0 46.0 46.0 46.0 48.0 48.0 48.0 42.0 42.0 47.0 44.0 44.0 46.0 46.0 46.0 45.0 48.0 46.0 47.0 48.0 48.0 41.0 41.0 53.0 48.0 48.0 48.0 48.0 48.0 54.0 50.0 50.0 50.0 50.0 51.0 51.0 48.0 48.0 48.0 45.0 51.0 47.0 47.0 46.0 50.0 45.0 41.0 47.0 62.0 60.0 71.0 44.0 46.0 46.0 46.0 45.0 45.0 45.0 45.0 47.0 54.0 54.0 46.0 47.0 45.0 49.0 45.0 47.0 43.0 40.0 40.0 46.0 44.0 44.0 53.0 44.0 39.0 53.0 44.0 50.0 42.0 49.0 49.0 49.0 49.0 43.0 48.0 41.0 43.0 46.0 45.0 44.0 41.0 44.0 51.0 47.0 41.0 46.0 45.0 42.0 44.0 44.0 40.0 44.0 42.0 48.0 48.0 44.0 41.0 42.0 50.0 43.0 44.0 37.0 48.0 46.0 45.0 43.0 40.0 44.0 52.0 48.0 45.0 47.0 43.0 46.0 43.0 36.0 58.0 51.0 43.0 62.0 44.0 43.0 63.0 48.0 64.0 64.0 51.0 41.0 47.0 40.0 44.0 46.0 45.0 45.0 45.0 45.0 43.0 46.0 50.0 46.0 46.0 44.0 38.0 49.0 45.0 44.0 41.0 47.0 49.0 39.0 45.0 44.0 42.0 43.0 49.0 43.0 49.0 50.0 44.0 47.0 50.0 47.0 51.0 45.0 41.0 49.0 41.0 44.0 46.0 46.0 37.0 44.0 44.0 47.0 44.0 45.0 47.0 42.0 48.0 45.0 45.0 39.0 46.0 51.0 46.0 46.0 47.0 46.0 44.0 56.0 47.0 42.0 45.0 49.0 48.0 45.0 49.0 56.0 46.0 45.0 45.0 37.0 38.0 50.0 49.0 44.0 41.0 51.0 51.0 46.0 48.0 40.0 43.0 47.0 46.0 46.0 45.0 42.0 42.0 46.0 48.0 44.0 45.0 48.0 39.0 39.0 44.0 48.0 44.0 44.0 48.0 44.0 46.0 45.0 47.0 49.0 47.0 47.0 47.0 47.0 45.0 49.0 49.0 52.0 52.0 52.0 46.0 44.0 51.0 45.0 45.0 39.0 39.0 44.0 45.0 46.0 50.0 49.0 46.0 52.0 52.0 46.0 46.0 46.0 46.0 59.0 59.0 59.0 59.0 45.0 46.45993031358885 4.728018404901235
37 547.0 498.0 482.0 498.0 539.0 584.0 557.0 556.0 569.0 549.0 536.0 547.0 558.0 540.0 545.0 553.0 560.0 566.0 556.0 551.0 561.0 560.0 568.0 572.0 578.0 509.0 513.0 556.0 559.0 572.0 571.0 571.0 574.0 560.0 556.0 556.0 556.0 593.0 589.0 583.0 579.0 525.0 526.0 540.0 522.0 577.0 568.0 544.0 560.0 573.0 508.0 508.0 541.0 602.0 536.0 512.0 546.0 531.0 543.0 547.0 554.0 568.0 586.0 576.0 554.0 522.0 565.0 554.0 540.0 557.0 577.0 547.0 533.0 530.0 507.0 521.0 550.0 548.0 542.0 510.0 506.0 512.0 560.0 542.0 529.0 540.0 551.0 521.0 551.0 563.0 522.0 513.0 516.0 526.0 527.0 538.0 528.0 526.0 552.0 536.0 489.0 504.0 567.0 533.0 529.0 521.0 530.0 510.0 544.0 553.0 570.0 556.0 542.0 512.0 538.0 540.0 503.0 489.0 503.0 567.0 574.0 549.0 509.0 538.0 568.0 576.0 572.0 596.0 561.0 561.0 554.0 472.0 501.0 577.0 548.0 562.0 538.0 533.0 530.0 584.0 557.0 568.0 511.0 516.0 527.0 507.0 508.0 565.0 560.0 528.0 530.0 546.0 545.0 519.0 567.0 554.0 548.0 577.0 512.0 517.0 537.0 544.0 525.0 562.0 559.0 480.0 500.0 524.0 540.0 522.0 546.0 546.0 558.0 595.0 567.0 540.0 537.0 537.0 522.0 517.0 520.0 516.0 533.0 571.0 581.0 532.0 521.0 522.0 535.0 561.0 547.0 557.0 569.0 547.0 550.0 558.0 531.0 517.0 534.0 548.0 572.0 563.0 559.0 545.0 525.0 542.0 537.0 589.0 550.0 556.0 548.0 543.0 542.0 555.0 528.0 530.0 550.0 487.0 465.0 565.0 555.0 550.0 540.0 532.0 631.0 552.0 562.0 542.0 543.0 547.0 566.0 566.0 539.0 526.0 534.0 542.0 563.0 570.0 574.0 516.0 482.0 488.0 567.0 559.0 560.0 630.0 587.0 568.0 571.0 554.0 548.0 575.0 553.0 549.0 578.0 562.0 550.0 564.0 584.0 550.0 562.0 570.0 582.0 543.0 558.0 559.0 476.0 477.0 500.0 549.0 542.0 545.0 558.0 569.0 576.0 565.0 580.0 560.0 534.0 559.0 561.0 543.0 524.0 542.0 587.0 562.0 544.0 545.3519163763066 25.945171913389984
38 165.0 145.0 156.0 159.0 171.0 177.0 161.0 165.0 159.0 160.0 164.0 164.0 163.0 162.0 166.0 190.0 180.0 159.0 162.0 166.0 168.0 166.0 169.0 168.0 151.0 151.0 162.0 178.0 154.0 154.0 154.0 154.0 174.0 149.0 149.0 149.0 177.0 175.0 174.0 153.0 153.0 145.0 160.0 147.0 175.0 162.0 162.0 168.0 170.0 139.0 162.0 150.0 167.0 156.0 155.0 154.0 162.0 162.0 167.0 187.0 170.0 168.0 169.0 158.0 158.0 176.0 161.0 158.0 169.0 170.0 167.0 152.0 163.0 150.0 180.0 198.0 167.0 160.0 156.0 149.0 157.0 161.0 170.0 163.0 162.0 159.0 162.0 159.0 189.0 188.0 154.0 155.0 173.0 161.0 166.0 157.0 157.0 163.0 163.0 151.0 152.0 168.0 159.0 166.0 152.0 154.0 150.0 160.0 166.0 176.0 155.0 161.0 160.0 162.0 157.0 159.0 143.0 165.0 164.0 174.0 164.0 153.0 168.0 170.0 169.0 166.0 170.0 165.0 168.0 175.0 158.0 161.0 166.0 160.0 158.0 158.0 164.0 165.0 165.0 168.0 174.0 174.0 159.0 178.0 154.0 159.0 168.0 180.0 148.0 188.0 166.0 165.0 173.0 160.0 162.0 146.0 163.0 172.0 149.0 162.0 165.0 160.0 154.0 159.0 143.0 151.0 167.0 178.0 161.0 171.0 182.0 171.0 167.0 169.0 159.0 162.0 163.0 172.0 154.0 150.0 156.0 156.0 154.0 150.0 166.0 159.0 159.0 171.0 166.0 163.0 168.0 168.0 165.0 158.0 162.0 164.0 153.0 159.0 168.0 176.0 164.0 170.0 159.0 162.0 165.0 163.0 160.0 155.0 172.0 166.0 161.0 161.0 160.0 156.0 154.0 156.0 148.0 142.0 175.0 163.0 167.0 153.0 170.0 154.0 163.0 168.0 159.0 166.0 165.0 169.0 165.0 167.0 152.0 156.0 162.0 168.0 174.0 178.0 174.0 142.0 142.0 165.0 168.0 169.0 175.0 192.0 163.0 175.0 163.0 168.0 170.0 162.0 149.0 176.0 169.0 169.0 169.0 171.0 160.0 165.0 177.0 155.0 155.0 171.0 167.0 167.0 142.0 170.0 168.0 156.0 165.0 168.0 173.0 184.0 168.0 168.0 169.0 151.0 164.0 176.0 176.0 149.0 159.0 192.0 149.0 162.0 169.0 163.35191637630663 9.571493304437858
39 344.0 337.0 375.0 396.0 394.0 378.0 393.0 371.0 378.0 386.0 384.0 380.0 385.0 391.0 396.0 425.0 376.0 380.0 397.0 396.0 400.0 402.0 388.0 362.0 361.0 404.0 417.0 388.0 383.0 408.0 412.0 406.0 389.0 389.0 389.0 411.0 419.0 409.0 397.0 364.0 372.0 371.0 365.0 408.0 396.0 391.0 410.0 411.0 346.0 359.0 373.0 396.0 378.0 362.0 358.0 393.0 393.0 395.0 396.0 403.0 402.0 402.0 400.0 380.0 391.0 394.0 391.0 394.0 406.0 386.0 375.0 383.0 366.0 341.0 381.0 390.0 381.0 363.0 345.0 383.0 374.0 391.0 369.0 370.0 385.0 361.0 371.0 395.0 368.0 359.0 369.0 355.0 350.0 391.0 364.0 358.0 379.0 354.0 357.0 350.0 396.0 385.0 370.0 363.0 352.0 354.0 380.0 398.0 406.0 370.0 382.0 383.0 367.0 366.0 360.0 343.0 345.0 392.0 403.0 369.0 378.0 387.0 407.0 398.0 416.0 402.0 388.0 401.0 387.0 352.0 343.0 397.0 383.0 379.0 349.0 359.0 392.0 392.0 395.0 417.0 374.0 361.0 376.0 367.0 358.0 394.0 402.0 389.0 362.0 399.0 367.0 379.0 392.0 381.0 324.0 334.0 384.0 374.0 374.0 385.0 372.0 364.0 366.0 349.0 351.0 376.0 396.0 354.0 416.0 430.0 407.0 391.0 388.0 382.0 382.0 393.0 386.0 355.0 366.0 359.0 370.0 380.0 359.0 361.0 363.0 389.0 391.0 389.0 385.0 399.0 399.0 387.0 363.0 381.0 381.0 364.0 374.0 386.0 399.0 399.0 383.0 386.0 389.0 382.0 381.0 380.0 377.0 388.0 399.0 392.0 386.0 385.0 370.0 369.0 376.0 340.0 323.0 400.0 382.0 384.0 374.0 381.0 370.0 393.0 395.0 379.0 377.0 398.0 396.0 402.0 391.0 359.0 374.0 376.0 392.0 405.0 405.0 387.0 341.0 352.0 414.0 400.0 396.0 407.0 388.0 396.0 409.0 395.0 394.0 403.0 400.0 373.0 396.0 405.0 404.0 380.0 400.0 373.0 395.0 404.0 382.0 396.0 399.0 396.0 370.0 363.0 362.0 395.0 384.0 392.0 404.0 412.0 422.0 415.0 418.0 392.0 363.0 395.0 395.0 385.0 363.0 382.0 382.0 400.0 387.0 385.0 382.0 382.6341463414634 18.936273823383885
40 99.0 119.0 114.0 123.0 122.0 118.0 115.0 116.0 121.0 121.0 118.0 120.0 118.0 119.0 119.0 119.0 114.0 122.0 118.0 122.0 123.0 123.0 116.0 109.0 116.0 124.0 113.0 113.0 113.0 134.0 127.0 111.0 111.0 111.0 134.0 130.0 130.0 134.0 111.0 111.0 113.0 108.0 126.0 119.0 118.0 123.0 121.0 121.0 116.0 111.0 124.0 110.0 113.0 108.0 118.0 118.0 118.0 119.0 123.0 122.0 124.0 124.0 115.0 120.0 126.0 118.0 120.0 117.0 121.0 112.0 118.0 121.0 117.0 121.0 119.0 116.0 121.0 105.0 118.0 120.0 116.0 118.0 110.0 122.0 119.0 115.0 124.0 115.0 113.0 117.0 112.0 99.0 119.0 119.0 111.0 117.0 118.0 121.0 103.0 120.0 122.0 122.0 95.0 105.0 109.0 122.0 116.0 124.0 115.0 117.0 118.0 116.0 115.0 123.0 105.0 111.0 113.0 125.0 117.0 121.0 123.0 125.0 125.0 130.0 122.0 119.0 127.0 118.0 122.0 102.0 120.0 125.0 116.0 117.0 108.0 119.0 122.0 123.0 118.0 122.0 112.0 127.0 115.0 111.0 122.0 118.0 117.0 113.0 119.0 114.0 113.0 116.0 112.0 116.0 108.0 118.0 115.0 115.0 120.0 115.0 111.0 113.0 112.0 108.0 115.0 118.0 120.0 116.0 137.0 122.0 120.0 115.0 113.0 117.0 117.0 127.0 110.0 112.0 113.0 110.0 117.0 126.0 110.0 109.0 113.0 115.0 115.0 116.0 116.0 118.0 118.0 112.0 116.0 120.0 122.0 114.0 116.0 120.0 120.0 108.0 112.0 118.0 115.0 118.0 116.0 112.0 119.0 115.0 117.0 106.0 115.0 109.0 114.0 118.0 117.0 101.0 108.0 119.0 115.0 116.0 110.0 116.0 126.0 122.0 117.0 117.0 119.0 117.0 119.0 120.0 110.0 118.0 113.0 118.0 120.0 124.0 126.0 104.0 113.0 108.0 126.0 120.0 123.0 116.0 121.0 123.0 121.0 119.0 125.0 121.0 109.0 125.0 111.0 119.0 119.0 130.0 118.0 123.0 119.0 116.0 117.0 120.0 119.0 119.0 111.0 117.0 120.0 118.0 122.0 126.0 131.0 128.0 119.0 119.0 124.0 112.0 120.0 127.0 127.0 109.0 123.0 116.0 116.0 120.0 127.0 125.0 125.0 117.54703832752614 6.110038450710056
41 95.0 82.0 97.0 98.0 91.0 91.0 91.0 80.0 88.0 88.0 86.0 85.0 89.0 100.0 100.0 110.0 87.0 85.0 87.0 93.0 91.0 91.0 78.0 78.0 90.0 93.0 81.0 81.0 81.0 89.0 91.0 91.0 91.0 91.0 97.0 97.0 112.0 112.0 91.0 82.0 97.0 74.0 89.0 82.0 96.0 93.0 90.0 91.0 78.0 84.0 87.0 116.0 116.0 81.0 83.0 83.0 102.0 92.0 87.0 87.0 89.0 82.0 80.0 81.0 84.0 86.0 86.0 90.0 82.0 76.0 84.0 88.0 76.0 92.0 97.0 84.0 88.0 81.0 90.0 84.0 80.0 78.0 86.0 91.0 84.0 77.0 88.0 109.0 83.0 85.0 80.0 77.0 89.0 83.0 83.0 108.0 88.0 80.0 77.0 86.0 88.0 91.0 75.0 77.0 77.0 88.0 90.0 87.0 85.0 86.0 77.0 89.0 94.0 102.0 85.0 81.0 89.0 88.0 87.0 94.0 88.0 89.0 83.0 99.0 89.0 89.0 87.0 87.0 89.0 76.0 85.0 94.0 86.0 80.0 81.0 84.0 94.0 95.0 96.0 88.0 79.0 87.0 79.0 79.0 85.0 78.0 75.0 83.0 82.0 81.0 78.0 85.0 89.0 73.0 87.0 82.0 82.0 83.0 83.0 87.0 79.0 77.0 76.0 76.0 87.0 91.0 83.0 106.0 104.0 86.0 96.0 85.0 91.0 95.0 95.0 87.0 84.0 79.0 82.0 80.0 88.0 80.0 76.0 77.0 82.0 87.0 93.0 87.0 91.0 84.0 81.0 75.0 85.0 85.0 103.0 83.0 89.0 84.0 87.0 74.0 89.0 87.0 81.0 84.0 83.0 89.0 88.0 88.0 85.0 78.0 85.0 75.0 83.0 84.0 82.0 76.0 76.0 84.0 86.0 88.0 88.0 88.0 85.0 85.0 87.0 91.0 93.0 76.0 84.0 90.0 81.0 84.0 89.0 89.0 92.0 90.0 82.0 74.0 105.0 84.0 87.0 87.0 87.0 79.0 85.0 98.0 88.0 95.0 105.0 86.0 85.0 95.0 77.0 93.0 86.0 114.0 74.0 107.0 107.0 85.0 86.0 88.0 89.0 83.0 82.0 81.0 84.0 84.0 86.0 96.0 94.0 106.0 106.0 106.0 89.0 97.0 94.0 134.0 134.0 134.0 134.0 91.0 91.0 88.0 87.0 99.0 85.0 88.02439024390245 9.681795560419076
42 658.0 665.0 668.0 637.0 678.0 692.0 666.0 644.0 673.0 635.0 644.0 658.0 695.0 686.0 684.0 652.0 662.0 678.0 759.0 664.0 619.0 596.0 615.0 671.0 666.0 641.0 663.0 676.0 677.0 661.0 625.0 625.0 707.0 691.0 690.0 611.0 607.0 641.0 639.0 617.0 653.0 665.0 659.0 674.0 679.0 677.0 657.0 676.0 668.0 671.0 661.0 615.0 620.0 638.0 759.0 669.0 660.0 657.0 666.0 668.0 674.0 632.0 644.0 668.0 669.0 689.0 679.0 636.0 653.0 653.0 637.0 653.0 634.0 643.0 653.0 641.0 659.0 673.0 663.0 685.0 649.0 634.0 649.0 647.0 749.0 762.0 666.0 674.0 651.0 611.0 638.0 646.0 605.0 609.0 652.0 709.0 592.0 588.0 680.0 655.0 643.0 643.0 635.0 669.0 670.0 663.0 643.0 642.0 602.0 657.0 632.0 602.0 616.0 586.0 606.0 667.0 770.0 674.0 661.0 689.0 670.0 689.0 669.0 676.0 679.0 657.0 652.0 599.0 583.0 660.0 677.0 670.0 612.0 647.0 664.0 661.0 697.0 665.0 625.0 621.0 636.0 627.0 617.0 670.0 655.0 633.0 626.0 658.0 607.0 622.0 664.0 645.0 631.0 623.0 652.0 895.0 1317.0 785.0 636.0 630.0 631.0 585.0 591.0 634.0 689.0 721.0 677.0 636.0 642.0 650.0 643.0 667.0 659.0 693.0 654.0 603.0 602.0 613.0 657.0 630.0 625.0 599.0 620.0 623.0 643.0 662.0 679.0 653.0 644.0 659.0 634.0 642.0 649.0 650.0 671.0 667.0 676.0 636.0 602.0 642.0 632.0 682.0 637.0 628.0 644.0 645.0 646.0 658.0 631.0 653.0 631.0 614.0 651.0 657.0 648.0 656.0 669.0 695.0 677.0 685.0 654.0 647.0 692.0 652.0 667.0 644.0 658.0 667.0 662.0 674.0 797.0 676.0 661.0 669.0 673.0 591.0 580.0 589.0 696.0 657.0 657.0 694.0 667.0 689.0 685.0 709.0 724.0 683.0 668.0 680.0 673.0 649.0 687.0 733.0 672.0 674.0 681.0 660.0 667.0 680.0 709.0 713.0 665.0 686.0 684.0 662.0 659.0 656.0 708.0 751.0 769.0 751.0 677.0 673.0 698.0 662.0 683.0 710.0 650.0 672.0 645.0 656.0 655.0 630.0 666.0 613.0 613.0 660.801393728223 53.78582492707248
43 723.0 726.0 715.0 743.0 873.0 783.0 705.0 730.0 679.0 676.0 755.0 746.0 750.0 772.0 727.0 740.0 724.0 736.0 668.0 667.0 676.0 739.0 749.0 678.0 681.0 756.0 763.0 748.0 703.0 707.0 724.0 758.0 728.0 682.0 683.0 706.0 707.0 695.0 668.0 706.0 716.0 735.0 740.0 760.0 781.0 724.0 737.0 725.0 732.0 693.0 705.0 714.0 700.0 720.0 725.0 881.0 756.0 736.0 711.0 687.0 718.0 724.0 779.0 755.0 776.0 709.0 723.0 707.0 750.0 697.0 694.0 729.0 721.0 718.0 716.0 686.0 722.0 714.0 714.0 717.0 693.0 687.0 703.0 773.0 717.0 719.0 704.0 627.0 648.0 630.0 696.0 707.0 718.0 734.0 719.0 783.0 690.0 686.0 717.0 728.0 732.0 698.0 648.0 646.0 713.0 709.0 685.0 726.0 732.0 742.0 650.0 618.0 629.0 723.0 733.0 732.0 736.0 743.0 727.0 714.0 782.0 670.0 667.0 719.0 721.0 676.0 664.0 717.0 760.0 703.0 671.0 693.0 732.0 660.0 700.0 702.0 680.0 680.0 686.0 739.0 686.0 718.0 700.0 687.0 705.0 712.0 684.0 713.0 703.0 681.0 691.0 730.0 687.0 715.0 767.0 728.0 700.0 699.0 683.0 651.0 659.0 681.0 736.0 676.0 645.0 675.0 758.0 726.0 735.0 717.0 732.0 755.0 722.0 720.0 698.0 695.0 686.0 686.0 675.0 665.0 676.0 702.0 785.0 730.0 721.0 722.0 718.0 728.0 735.0 734.0 776.0 672.0 728.0 733.0 744.0 706.0 677.0 649.0 645.0 644.0 699.0 708.0 729.0 781.0 772.0 744.0 787.0 770.0 716.0 764.0 668.0 724.0 732.0 747.0 758.0 791.0 762.0 739.0 780.0 793.0 760.0 795.0 793.0 785.0 772.0 767.0 784.0 785.0 813.0 800.0 724.0 730.0 810.0 734.0 796.0 928.0 859.0 832.0 844.0 846.0 726.0 644.0 905.0 701.0 916.0 820.0 894.0 865.0 876.0 842.0 793.0 835.0 815.0 753.0 800.0 786.0 861.0 856.0 755.0 763.0 841.0 774.0 754.0 781.0 826.0 831.0 893.0 1028.0 918.0 1164.0 949.0 1089.0 890.0 926.0 880.0 981.0 897.0 910.0 884.0 813.0 832.0 762.0 758.0 702.0 868.0 718.0 732.0 742.2090592334494 72.69236491986852
44 172.0 185.0 171.0 171.0 180.0 173.0 173.0 176.0 181.0 188.0 179.0 177.0 180.0 176.0 176.0 177.0 177.0 174.0 163.0 188.0 178.0 165.0 165.0 165.0 188.0 189.0 172.0 163.0 163.0 163.0 175.0 175.0 175.0 170.0 180.0 155.0 158.0 158.0 169.0 172.0 178.0 183.0 177.0 176.0 184.0 177.0 175.0 211.0 173.0 172.0 172.0 172.0 175.0 187.0 178.0 178.0 178.0 170.0 158.0 188.0 178.0 188.0 183.0 179.0 171.0 179.0 169.0 166.0 176.0 169.0 189.0 177.0 174.0 160.0 163.0 174.0 179.0 171.0 169.0 162.0 167.0 172.0 172.0 173.0 176.0 167.0 148.0 151.0 163.0 177.0 173.0 171.0 179.0 175.0 177.0 170.0 161.0 174.0 169.0 163.0 163.0 179.0 169.0 171.0 178.0 176.0 179.0 188.0 179.0 167.0 149.0 173.0 178.0 177.0 177.0 179.0 197.0 172.0 176.0 178.0 161.0 181.0 172.0 175.0 159.0 173.0 184.0 180.0 179.0 163.0 177.0 185.0 163.0 159.0 173.0 164.0 159.0 159.0 178.0 168.0 173.0 176.0 159.0 169.0 181.0 164.0 173.0 173.0 161.0 167.0 173.0 175.0 176.0 193.0 186.0 169.0 166.0 171.0 156.0 166.0 175.0 172.0 184.0 154.0 175.0 175.0 175.0 178.0 176.0 165.0 183.0 173.0 176.0 167.0 166.0 162.0 165.0 166.0 161.0 173.0 177.0 174.0 187.0 177.0 174.0 174.0 177.0 174.0 164.0 168.0 176.0 175.0 177.0 175.0 176.0 157.0 165.0 154.0 166.0 169.0 193.0 171.0 179.0 171.0 176.0 171.0 175.0 165.0 166.0 179.0 158.0 168.0 174.0 171.0 168.0 176.0 174.0 177.0 179.0 166.0 173.0 173.0 174.0 183.0 181.0 176.0 182.0 179.0 175.0 184.0 162.0 183.0 182.0 176.0 184.0 179.0 178.0 176.0 180.0 181.0 143.0 168.0 184.0 185.0 165.0 172.0 171.0 178.0 174.0 174.0 180.0 180.0 182.0 177.0 172.0 168.0 174.0 176.0 178.0 181.0 168.0 178.0 170.0 178.0 177.0 191.0 197.0 159.0 183.0 198.0 175.0 183.0 176.0 176.0 179.0 173.0 179.0 180.0 176.0 156.0 192.0 180.0 158.0 171.0 171.0 180.0 186.0 173.66550522648083 8.842026256903436
45 629.0 646.0 633.0 625.0 621.0 623.0 629.0 654.0 648.0 628.0 630.0 640.0 632.0 603.0 614.0 636.0 584.0 584.0 634.0 622.0 611.0 585.0 635.0 572.0 565.0 619.0 601.0 622.0 622.0 615.0 644.0 660.0 620.0 615.0 589.0 571.0 605.0 638.0 640.0 644.0 642.0 653.0 640.0 633.0 627.0 613.0 638.0 628.0 636.0 603.0 617.0 631.0 663.0 611.0 585.0 620.0 598.0 613.0 632.0 640.0 652.0 662.0 642.0 642.0 636.0 621.0 620.0 622.0 631.0 633.0 629.0 628.0 572.0 584.0 603.0 625.0 574.0 565.0 576.0 628.0 621.0 631.0 628.0 629.0 621.0 582.0 573.0 584.0 591.0 605.0 629.0 627.0 619.0 621.0 583.0 602.0 640.0 640.0 589.0 567.0 627.0 632.0 639.0 653.0 641.0 618.0 622.0 659.0 576.0 554.0 546.0 625.0 603.0 619.0 626.0 598.0 598.0 633.0 612.0 601.0 603.0 623.0 600.0 599.0 593.0 650.0 645.0 636.0 625.0 616.0 618.0 579.0 582.0 606.0 591.0 574.0 605.0 635.0 621.0 622.0 619.0 592.0 629.0 586.0 580.0 629.0 604.0 614.0 595.0 637.0 599.0 635.0 654.0 614.0 607.0 604.0 575.0 566.0 568.0 603.0 601.0 575.0 558.0 579.0 629.0 630.0 628.0 622.0 638.0 611.0 567.0 556.0 655.0 597.0 599.0 611.0 590.0 589.0 617.0 620.0 638.0 631.0 638.0 623.0 617.0 616.0 624.0 627.0 611.0 648.0 655.0 641.0 618.0 606.0 582.0 574.0 552.0 618.0 617.0 613.0 609.0 596.0 594.0 606.0 622.0 600.0 605.0 606.0 571.0 571.0 671.0 635.0 619.0 602.0 619.0 616.0 628.0 597.0 619.0 633.0 602.0 633.0 654.0 644.0 648.0 637.0 636.0 641.0 588.0 571.0 597.0 620.0 631.0 647.0 639.0 633.0 642.0 658.0 568.0 522.0 525.0 651.0 641.0 617.0 625.0 625.0 618.0 633.0 625.0 622.0 647.0 652.0 635.0 614.0 615.0 627.0 632.0 592.0 584.0 628.0 634.0 630.0 636.0 670.0 692.0 652.0 657.0 631.0 667.0 637.0 647.0 651.0 634.0 634.0 637.0 638.0 625.0 621.0 638.0 656.0 608.0 586.0 594.0 647.0 651.0 636.0 602.0 617.1533101045296 26.490482151129367
46 416.0 404.0 398.0 398.0 414.0 413.0 424.0 409.0 398.0 410.0 429.0 441.0 388.0 409.0 389.0 378.0 394.0 401.0 388.0 391.0 405.0 429.0 359.0 351.0 391.0 371.0 401.0 402.0 402.0 417.0 428.0 404.0 378.0 366.0 378.0 392.0 408.0 421.0 416.0 410.0 431.0 414.0 406.0 401.0 399.0 410.0 398.0 389.0 413.0 402.0 424.0 399.0 411.0 401.0 397.0 382.0 413.0 411.0 429.0 477.0 438.0 410.0 420.0 412.0 394.0 408.0 416.0 426.0 414.0 407.0 372.0 364.0 400.0 401.0 415.0 376.0 355.0 425.0 409.0 424.0 400.0 425.0 398.0 408.0 404.0 364.0 373.0 390.0 409.0 414.0 402.0 402.0 398.0 373.0 381.0 380.0 382.0 390.0 402.0 433.0 407.0 404.0 417.0 407.0 401.0 401.0 406.0 402.0 346.0 355.0 384.0 386.0 399.0 395.0 380.0 384.0 408.0 390.0 403.0 404.0 412.0 379.0 362.0 420.0 426.0 420.0 384.0 404.0 398.0 409.0 390.0 409.0 394.0 382.0 377.0 430.0 405.0 405.0 407.0 402.0 413.0 397.0 359.0 398.0 421.0 420.0 380.0 408.0 409.0 422.0 424.0 433.0 391.0 390.0 394.0 380.0 372.0 387.0 403.0 390.0 344.0 376.0 401.0 394.0 413.0 411.0 383.0 411.0 417.0 407.0 396.0 395.0 402.0 406.0 396.0 377.0 397.0 395.0 410.0 426.0 416.0 404.0 404.0 411.0 403.0 419.0 395.0 392.0 711.0 417.0 397.0 394.0 381.0 379.0 358.0 386.0 424.0 413.0 395.0 405.0 383.0 379.0 401.0 393.0 386.0 406.0 405.0 366.0 379.0 447.0 399.0 390.0 436.0 409.0 390.0 345.0 382.0 401.0 390.0 396.0 420.0 415.0 421.0 428.0 418.0 411.0 418.0 371.0 366.0 390.0 403.0 429.0 411.0 410.0 392.0 428.0 418.0 406.0 345.0 421.0 407.0 393.0 404.0 412.0 396.0 416.0 419.0 408.0 410.0 416.0 433.0 410.0 409.0 405.0 409.0 414.0 380.0 372.0 374.0 410.0 412.0 433.0 458.0 439.0 354.0 420.0 442.0 408.0 416.0 412.0 397.0 410.0 409.0 410.0 402.0 405.0 409.0 403.0 414.0 375.0 373.0 423.0 415.0 418.0 410.0 402.0 412.0 402.6829268292683 26.77947669061698
47 238.0 232.0 235.0 270.0 217.0 253.0 241.0 235.0 241.0 239.0 239.0 271.0 264.0 242.0 221.0 235.0 238.0 238.0 228.0 239.0 251.0 204.0 209.0 225.0 217.0 237.0 235.0 235.0 245.0 251.0 239.0 209.0 214.0 243.0 241.0 236.0 257.0 248.0 253.0 265.0 251.0 235.0 237.0 232.0 240.0 235.0 226.0 249.0 233.0 249.0 228.0 244.0 244.0 231.0 235.0 270.0 239.0 248.0 247.0 261.0 236.0 246.0 224.0 245.0 237.0 233.0 260.0 241.0 242.0 218.0 226.0 234.0 249.0 249.0 218.0 217.0 238.0 234.0 267.0 234.0 254.0 240.0 246.0 244.0 223.0 223.0 264.0 258.0 245.0 231.0 242.0 241.0 220.0 224.0 225.0 235.0 223.0 242.0 229.0 242.0 244.0 232.0 237.0 236.0 241.0 244.0 232.0 207.0 219.0 235.0 232.0 237.0 226.0 219.0 232.0 248.0 226.0 226.0 238.0 252.0 257.0 224.0 244.0 255.0 239.0 244.0 237.0 225.0 246.0 218.0 244.0 252.0 245.0 227.0 238.0 234.0 238.0 247.0 239.0 239.0 233.0 221.0 238.0 246.0 242.0 234.0 242.0 237.0 280.0 252.0 253.0 229.0 239.0 235.0 224.0 214.0 226.0 237.0 242.0 210.0 215.0 237.0 232.0 242.0 236.0 234.0 247.0 233.0 268.0 247.0 222.0 239.0 244.0 228.0 224.0 235.0 233.0 256.0 242.0 242.0 236.0 238.0 239.0 235.0 238.0 235.0 235.0 248.0 217.0 231.0 237.0 220.0 223.0 208.0 219.0 239.0 247.0 209.0 239.0 226.0 228.0 240.0 223.0 224.0 224.0 258.0 221.0 237.0 241.0 252.0 238.0 235.0 243.0 223.0 211.0 207.0 238.0 231.0 231.0 251.0 242.0 239.0 240.0 242.0 254.0 248.0 219.0 215.0 223.0 234.0 245.0 244.0 252.0 232.0 266.0 244.0 234.0 228.0 244.0 239.0 234.0 239.0 254.0 232.0 238.0 248.0 253.0 242.0 244.0 247.0 245.0 236.0 246.0 237.0 240.0 218.0 218.0 220.0 223.0 239.0 266.0 253.0 253.0 253.0 254.0 254.0 231.0 247.0 239.0 229.0 240.0 241.0 245.0 235.0 236.0 242.0 262.0 245.0 212.0 220.0 237.0 240.0 242.0 264.0 231.0 240.0 258.0 237.59233449477352 12.957880008754847
48 172.0 172.0 170.0 154.0 180.0 180.0 174.0 167.0 173.0 176.0 168.0 184.0 184.0 160.0 157.0 155.0 155.0 160.0 166.0 183.0 176.0 144.0 159.0 167.0 180.0 172.0 164.0 178.0 176.0 173.0 175.0 151.0 181.0 176.0 176.0 173.0 175.0 174.0 171.0 175.0 174.0 173.0 171.0 174.0 174.0 173.0 173.0 165.0 173.0 181.0 182.0 182.0 169.0 181.0 181.0 175.0 177.0 165.0 167.0 184.0 175.0 179.0 170.0 176.0 171.0 176.0 172.0 176.0 189.0 156.0 170.0 169.0 173.0 179.0 148.0 160.0 171.0 170.0 161.0 167.0 174.0 182.0 164.0 171.0 176.0 171.0 173.0 172.0 166.0 162.0 173.0 160.0 160.0 162.0 161.0 172.0 162.0 162.0 168.0 184.0 169.0 179.0 170.0 171.0 168.0 159.0 154.0 148.0 170.0 160.0 171.0 169.0 154.0 159.0 181.0 164.0 164.0 167.0 180.0 183.0 155.0 176.0 168.0 173.0 175.0 172.0 166.0 173.0 164.0 162.0 175.0 180.0 153.0 161.0 166.0 169.0 173.0 173.0 175.0 171.0 164.0 160.0 175.0 171.0 170.0 176.0 173.0 170.0 183.0 176.0 166.0 165.0 171.0 161.0 156.0 159.0 166.0 173.0 169.0 159.0 180.0 166.0 166.0 171.0 173.0 178.0 178.0 158.0 179.0 169.0 167.0 176.0 166.0 158.0 166.0 172.0 174.0 181.0 170.0 176.0 173.0 171.0 180.0 166.0 168.0 164.0 181.0 169.0 161.0 169.0 158.0 162.0 154.0 150.0 158.0 170.0 167.0 156.0 187.0 176.0 170.0 168.0 169.0 161.0 192.0 155.0 159.0 196.0 164.0 165.0 172.0 178.0 165.0 164.0 155.0 172.0 167.0 165.0 172.0 174.0 176.0 176.0 172.0 173.0 174.0 176.0 152.0 177.0 164.0 183.0 176.0 171.0 173.0 178.0 179.0 170.0 168.0 171.0 182.0 176.0 167.0 179.0 172.0 169.0 170.0 169.0 171.0 176.0 181.0 172.0 179.0 170.0 171.0 172.0 175.0 158.0 160.0 159.0 171.0 185.0 176.0 176.0 171.0 165.0 165.0 168.0 176.0 177.0 176.0 176.0 176.0 178.0 174.0 172.0 172.0 171.0 179.0 168.0 155.0 175.0 178.0 172.0 177.0 182.0 179.0 174.0 187.0 170.38675958188153 8.246226025205731
49 4.0 4.0 4.0 4.0 6.0 6.0 6.0 6.0 6.0 6.0 6.0 6.0 6.0 6.0 6.0 6.0 6.0 6.0 6.0 6.0 6.0 4.0 4.0 4.0 4.0 4.0 4.0 6.0 6.0 6.0 5.0 5.0 5.0 5.0 5.0 5.0 5.0 5.0 5.0 5.0 5.0 5.0 5.0 5.0 5.0 5.0 5.0 5.0 6.0 6.0 6.0 6.0 6.0 6.0 6.0 6.0 6.0 6.0 6.0 6.0 6.0 6.0 6.0 6.0 6.0 6.0 6.0 6.0 6.0 6.0 6.0 6.0 5.0 5.0 5.0 5.0 5.0 5.0 6.0 6.0 6.0 5.0 5.0 5.0 5.0 5.0 5.0 5.0 5.0 5.0 5.0 5.0 5.0 5.0 5.0 5.0 5.0 5.0 5.0 5.0 5.0 5.0 6.0 6.0 6.0 6.0 5.0 5.0 5.0 5.0 5.0 5.0 5.0 6.0 6.0 5.0 5.0 5.0 5.0 6.0 5.0 5.0 5.0 5.0 5.0 5.0 5.0 5.0 5.0 5.0 5.0 5.0 5.0 5.0 5.0 5.0 5.0 5.0 5.0 5.0 5.0 5.0 5.0 5.0 5.0 5.0 6.0 5.0 6.0 6.0 5.0 5.0 5.0 5.0 5.0 4.0 4.0 5.0 5.0 5.0 5.0 5.0 5.0 5.0 6.0 6.0 6.0 6.0 6.0 6.0 5.0 5.0 6.0 5.0 5.0 5.0 5.0 5.0 5.0 5.0 5.0 5.0 6.0 5.0 5.0 5.0 5.0 5.0 5.0 5.0 5.0 5.0 5.0 5.0 6.0 6.0 4.0 5.0 5.0 5.0 6.0 5.0 5.0 5.0 5.0 5.0 5.0 7.0 5.0 5.0 5.0 6.0 5.0 5.0 5.0 5.0 5.0 5.0 5.0 5.0 5.0 6.0 6.0 6.0 6.0 5.0 5.0 5.0 5.0 5.0 5.0 5.0 5.0 5.0 5.0 5.0 6.0 6.0 6.0 6.0 6.0 6.0 6.0 6.0 6.0 5.0 5.0 6.0 6.0 6.0 6.0 6.0 6.0 6.0 6.0 5.0 5.0 5.0 5.0 5.0 5.0 5.0 5.0 5.0 5.0 5.0 6.0 6.0 6.0 6.0 6.0 5.0 5.0 5.0 5.0 5.0 5.0 5.0 5.0 5.0 5.0 5.0 5.0 5.0 5.0 5.0 5.0 5.2926829268292686 0.5528522170872213
50 400.0 404.0 412.0 409.0 428.0 407.0 399.0 408.0 412.0 408.0 404.0 471.0 384.0 374.0 393.0 368.0 366.0 389.0 430.0 424.0 353.0 355.0 374.0 372.0 409.0 398.0 424.0 426.0 410.0 391.0 359.0 408.0 419.0 405.0 411.0 405.0 410.0 407.0 407.0 409.0 406.0 397.0 412.0 410.0 401.0 407.0 403.0 413.0 431.0 419.0 419.0 397.0 383.0 419.0 417.0 411.0 382.0 408.0 413.0 414.0 418.0 409.0 417.0 395.0 421.0 410.0 414.0 408.0 387.0 398.0 398.0 407.0 393.0 364.0 365.0 398.0 394.0 390.0 403.0 412.0 413.0 377.0 347.0 403.0 400.0 400.0 413.0 392.0 389.0 415.0 383.0 394.0 396.0 379.0 394.0 388.0 392.0 400.0 415.0 394.0 429.0 400.0 394.0 405.0 404.0 352.0 374.0 417.0 383.0 392.0 410.0 386.0 379.0 433.0 410.0 375.0 399.0 408.0 427.0 375.0 396.0 394.0 392.0 442.0 413.0 398.0 408.0 399.0 378.0 420.0 416.0 366.0 375.0 390.0 400.0 414.0 410.0 413.0 410.0 399.0 382.0 405.0 407.0 396.0 408.0 419.0 420.0 430.0 411.0 393.0 396.0 402.0 382.0 372.0 366.0 384.0 404.0 392.0 354.0 421.0 394.0 398.0 413.0 413.0 412.0 401.0 393.0 414.0 390.0 397.0 404.0 395.0 385.0 388.0 408.0 416.0 420.0 407.0 405.0 407.0 406.0 403.0 386.0 379.0 390.0 400.0 417.0 381.0 397.0 383.0 370.0 352.0 369.0 411.0 390.0 395.0 400.0 411.0 395.0 401.0 406.0 399.0 380.0 388.0 369.0 369.0 437.0 439.0 388.0 408.0 420.0 389.0 364.0 372.0 418.0 420.0 394.0 411.0 416.0 412.0 417.0 405.0 408.0 410.0 409.0 366.0 407.0 388.0 420.0 404.0 400.0 405.0 363.0 426.0 406.0 383.0 400.0 421.0 420.0 407.0 415.0 410.0 406.0 415.0 410.0 407.0 419.0 415.0 419.0 406.0 390.0 411.0 413.0 390.0 376.0 379.0 379.0 417.0 413.0 420.0 441.0 394.0 405.0 382.0 399.0 409.0 422.0 413.0 426.0 419.0 414.0 407.0 402.0 396.0 401.0 424.0 393.0 374.0 407.0 419.0 417.0 417.0 426.0 429.0 408.0 412.0 421.0 401.2717770034843 18.01056424584181
51 281.0 291.0 288.0 298.0 285.0 287.0 299.0 284.0 282.0 283.0 324.0 264.0 263.0 277.0 277.0 262.0 266.0 301.0 294.0 253.0 281.0 261.0 268.0 283.0 270.0 300.0 292.0 284.0 273.0 250.0 287.0 291.0 287.0 303.0 287.0 284.0 279.0 281.0 282.0 290.0 283.0 309.0 291.0 270.0 270.0 275.0 289.0 296.0 293.0 293.0 282.0 268.0 291.0 294.0 289.0 269.0 283.0 297.0 291.0 281.0 283.0 286.0 278.0 303.0 279.0 289.0 278.0 269.0 279.0 282.0 285.0 320.0 258.0 266.0 282.0 275.0 275.0 285.0 303.0 294.0 286.0 281.0 288.0 281.0 266.0 284.0 272.0 271.0 289.0 269.0 278.0 279.0 272.0 282.0 271.0 278.0 275.0 298.0 282.0 309.0 284.0 278.0 279.0 281.0 281.0 245.0 291.0 277.0 284.0 278.0 264.0 278.0 290.0 266.0 261.0 281.0 288.0 293.0 258.0 275.0 278.0 282.0 304.0 285.0 280.0 286.0 263.0 281.0 295.0 280.0 266.0 263.0 279.0 280.0 293.0 289.0 297.0 278.0 276.0 284.0 285.0 285.0 279.0 289.0 282.0 300.0 300.0 283.0 275.0 275.0 271.0 269.0 264.0 258.0 294.0 266.0 277.0 249.0 290.0 276.0 290.0 287.0 288.0 269.0 274.0 268.0 295.0 277.0 284.0 283.0 277.0 265.0 274.0 286.0 292.0 275.0 282.0 280.0 285.0 294.0 280.0 282.0 281.0 271.0 283.0 284.0 266.0 271.0 268.0 262.0 247.0 248.0 284.0 288.0 280.0 302.0 304.0 278.0 281.0 270.0 266.0 268.0 263.0 253.0 255.0 313.0 280.0 275.0 285.0 294.0 278.0 281.0 255.0 289.0 287.0 276.0 288.0 288.0 286.0 295.0 273.0 282.0 286.0 280.0 255.0 289.0 273.0 301.0 290.0 282.0 288.0 296.0 300.0 283.0 239.0 251.0 296.0 295.0 284.0 287.0 287.0 290.0 289.0 279.0 288.0 293.0 290.0 296.0 296.0 276.0 282.0 296.0 289.0 260.0 269.0 263.0 293.0 298.0 291.0 458.0 280.0 287.0 283.0 322.0 294.0 279.0 298.0 296.0 295.0 289.0 286.0 283.0 276.0 284.0 291.0 325.0 259.0 294.0 296.0 311.0 291.0 330.0 296.0 290.0 295.0 279.0 299.0 282.8397212543554 17.14751171348156
52 148.0 141.0 227.0 193.0 158.0 178.0 167.0 159.0 159.0 183.0 195.0 148.0 212.0 212.0 212.0 165.0 161.0 185.0 162.0 129.0 166.0 141.0 146.0 146.0 172.0 172.0 175.0 236.0 130.0 155.0 165.0 182.0 151.0 151.0 167.0 150.0 161.0 170.0 191.0 161.0 250.0 167.0 144.0 144.0 217.0 186.0 154.0 195.0 166.0 155.0 197.0 163.0 232.0 171.0 165.0 160.0 160.0 170.0 161.0 159.0 172.0 164.0 234.0 150.0 159.0 158.0 176.0 159.0 152.0 180.0 191.0 151.0 170.0 194.0 152.0 198.0 185.0 170.0 183.0 174.0 156.0 159.0 187.0 156.0 157.0 161.0 147.0 171.0 168.0 143.0 169.0 152.0 179.0 158.0 148.0 182.0 179.0 176.0 167.0 167.0 164.0 150.0 154.0 176.0 165.0 160.0 175.0 162.0 165.0 171.0 176.0 146.0 175.0 153.0 170.0 156.0 185.0 173.0 153.0 162.0 150.0 178.0 179.0 164.0 156.0 182.0 168.0 174.0 161.0 171.0 164.0 157.0 150.0 183.0 152.0 173.0 163.0 168.0 173.0 174.0 214.0 160.0 151.0 186.0 167.0 147.0 182.0 162.0 148.0 168.0 146.0 152.0 143.0 166.0 160.0 146.0 147.0 151.0 164.0 172.0 159.0 154.0 164.0 150.0 152.0 186.0 167.0 173.0 167.0 164.0 145.0 147.0 170.0 169.0 149.0 165.0 153.0 163.0 158.0 186.0 149.0 157.0 161.0 147.0 169.0 164.0 139.0 166.0 144.0 159.0 145.0 261.0 166.0 163.0 140.0 156.0 158.0 168.0 166.0 144.0 164.0 204.0 151.0 137.0 188.0 155.0 152.0 182.0 178.0 179.0 161.0 156.0 188.0 158.0 271.0 167.0 163.0 154.0 159.0 151.0 211.0 193.0 160.0 165.0 160.0 160.0 162.0 189.0 155.0 171.0 164.0 186.0 162.0 172.0 127.0 168.0 169.0 168.0 175.0 165.0 167.0 183.0 172.0 182.0 176.0 167.0 178.0 163.0 171.0 178.0 160.0 169.0 159.0 171.0 144.0 170.0 172.0 211.0 190.0 234.0 181.0 222.0 136.0 161.0 149.0 179.0 172.0 149.0 176.0 152.0 163.0 163.0 163.0 181.0 159.0 168.0 152.0 157.0 168.0 165.0 198.0 157.0 183.0 165.0 149.0 167.0 160.0 167.90940766550523 20.29413472393853
53 48.0 34.0 137.0 37.0 162.0 70.0 68.0 59.0 39.0 53.0 36.0 71.0 93.0 93.0 93.0 47.0 37.0 80.0 57.0 40.0 48.0 48.0 104.0 30.0 48.0 48.0 28.0 28.0 28.0 45.0 43.0 49.0 49.0 53.0 153.0 74.0 57.0 57.0 52.0 2599.0 236.0 28.0 28.0 28.0 28.0 81.0 81.0 33.0 33.0 42.0 47.0 43.0 51.0 79.0 47.0 47.0 47.0 106.0 106.0 38.0 49.0 49.0 70.0 79.0 39.0 39.0 39.0 62.0 41.0 41.0 47.0 53.0 41.0 31.0 371.0 41.0 66.0 89.0 64.0 41.0 42.0 57.0 52.0 41.0 38.0 59.0 41.0 51.0 40.0 54.0 54.0 47.0 102.0 40.0 44.0 61.0 52.0 57.0 59.0 50.0 63.0 48.0 71.0 55.0 60.0 64.0 53.0 52.0 80.0 38.0 50.0 46.0 31.0 40.0 65.0 72.0 46.0 36.0 67.0 52.0 61.0 42.0 38.0 40.0 44.0 252.0 37.0 56.0 38.0 42.0 42.0 40.0 51.0 47.0 70.0 46.0 32.0 58.0 63.0 60.0 66.0 59.0 71.0 45.0 42.0 44.0 35.0 67.0 41.0 59.0 75.0 46.0 46.0 57.0 42.0 72.0 44.0 36.0 55.0 48.0 51.0 52.0 86.0 36.0 49.0 50.0 48.0 41.0 49.0 47.0 62.0 47.0 76.0 96.0 96.0 45.0 50.0 63.0 53.0 44.0 57.0 53.0 49.0 50.0 144.0 39.0 44.0 41.0 40.0 48.0 67.0 37.0 48.0 40.0 59.0 54.0 50.0 52.0 51.0 32.0 56.0 47.0 78.0 60.0 56.0 168.0 58.0 68.0 46.0 31.0 40.0 50.0 61.0 40.0 44.0 46.0 39.0 39.0 63.0 63.0 58.0 47.0 65.0 40.0 39.0 51.0 42.0 73.0 67.0 40.0 50.0 67.0 87.0 31.0 51.0 47.0 35.0 91.0 61.0 44.0 59.0 48.0 48.0 49.0 57.0 93.0 77.0 72.0 63.0 36.0 62.0 43.0 74.0 66.0 45.0 77.0 236.0 236.0 80.0 30.0 306.0 108.0 108.0 87.0 87.0 38.0 217.0 217.0 69.0 48.0 60.0 50.0 50.0 53.0 32.0 47.0 47.0 50.0 50.0 79.0 39.0 43.0 38.0 48.0 52.0 44.0 34.0 69.69337979094077 155.17780257035807
END
#################################################################
SECTION3 (Edges Information)
EndPoint0 EndPoint1 Weight
0 1 1.000000
1 2 1.000000
2 3 1.000000
3 4 1.000000
4 5 1.000000
5 6 1.000000
6 7 1.000000
7 8 1.000000
8 9 1.000000
9 10 1.000000
10 11 1.000000
11 12 1.000000
12 13 1.000000
13 14 1.000000
14 15 1.000000
15 16 1.000000
16 17 1.000000
17 18 1.000000
18 19 1.000000
19 20 1.000000
20 21 1.000000
21 22 1.000000
22 23 1.000000
23 24 1.000000
24 25 1.000000
25 26 1.000000
26 27 1.000000
27 28 1.000000
28 29 1.000000
29 30 1.000000
30 31 1.000000
31 32 1.000000
32 33 1.000000
33 34 1.000000
34 35 1.000000
35 36 1.000000
36 37 1.000000
37 38 1.000000
38 39 1.000000
39 40 1.000000
40 41 1.000000
41 42 1.000000
42 43 1.000000
43 44 1.000000
44 45 1.000000
45 46 1.000000
46 47 1.000000
47 48 1.000000
48 49 1.000000
49 50 1.000000
50 51 1.000000
51 52 1.000000
52 53 1.000000
END
#################################################################
SECTION4 (TrueSubGraph Information)
EndPoint0 EndPoint1 Weight
END
#################################################################
