-0.009746178
-0.009689664
-0.009590219
-0.009560958
-0.009448673
-0.009422438
-0.009345949
-0.009328702
-0.009286152
-0.009229476
-0.009163698
-0.009125456
-0.009103839
-0.009060902
-0.009038341
-0.008990983
-0.008964593
-0.008990949
-0.008910849
-0.008911191
-0.008930779
-0.008884791
-0.008877262
-0.008888489
-0.008898976
-0.008888029
-0.008886226
-0.008909527
-0.008911652
-0.008892792
-0.008885739
-0.008933597
-0.008929231
-0.008985154
-0.008956351
-0.008998577
-0.009001104
-0.009009599
-0.009040437
-0.009055001
-0.009090421
-0.009105015
-0.009138905
-0.00916834
-0.009163339
-0.009202158
-0.009232479
-0.009277218
-0.009299267
-0.009341722
-0.009364929
-0.009346386
-0.009416179
-0.009432849
-0.009430925
-0.009502808
-0.009539929
-0.009569491
-0.009604778
-0.009628806
-0.009661337
-0.009686634
-0.009753492
-0.009764183
-0.009843287
-0.009865281
-0.009876236
-0.009937841
-0.009941626
-0.01000933
-0.01003733
-0.01009735
-0.01015307
-0.01024178
-0.01024653
-0.01028485
-0.01034976
-0.01037998
-0.01041335
-0.01046997
-0.0104854
-0.01058767
-0.01061382
-0.01062278
-0.01070561
-0.0107287
-0.01075552
-0.01080209
-0.01085988
-0.01087574
-0.01092894
-0.01096165
-0.01099397
-0.0110144
-0.01102798
-0.01103491
-0.01106932
-0.01109458
-0.01108912
-0.01110266
-0.01109264
-0.01110697
-0.01110701
-0.01109536
-0.01110691
-0.0110791
-0.01105289
-0.01104132
-0.01100313
-0.01100115
-0.01097357
-0.01094752
-0.01090539
-0.0108817
-0.01086123
-0.01081823
-0.01079609
-0.01076538
-0.01072124
-0.01066012
-0.01063609
-0.01058124
-0.01053593
-0.01045842
-0.01047125
-0.01041948
-0.01036878
-0.01037046
-0.01029287
-0.0102645
-0.01025494
-0.01023635
-0.01018914
-0.01016883
-0.01015097
-0.01013107
-0.0101026
-0.01008546
-0.0100841
-0.01011486
-0.01009775
-0.01013257
-0.01008509
-0.0101683
-0.01016096
-0.0102049
-0.01023929
-0.01026121
-0.0103175
-0.01032216
-0.01035765
-0.01045197
-0.01046717
-0.01052538
-0.01062609
-0.01064828
-0.01071661
-0.01080241
-0.01085415
-0.01095367
-0.01102453
-0.01107467
-0.01115571
-0.01122601
-0.01131769
-0.01141986
-0.01146601
-0.01159341
-0.01164281
-0.01169222
-0.01177544
-0.01187687
-0.01193305
-0.01198576
-0.01205445
-0.01212794
-0.0122047
-0.01226596
-0.01230321
-0.01236035
-0.01242574
-0.01244865
-0.01246973
-0.01252836
-0.01259927
-0.01260945
-0.01264224
-0.01268749
-0.01268375
-0.0126744
-0.01271878
-0.01269252
-0.0127217
-0.012734
-0.01268817
-0.01274209
-0.01269872
-0.01269655
-0.01264394
-0.01264405
-0.01261062
-0.0126154
-0.01259991
-0.01258557
-0.01253595
-0.01246301
-0.01247911
-0.01243735
-0.01240628
-0.01236675
-0.01237374
-0.01229237
-0.01231958
-0.01226759
-0.01220136
-0.01216776
-0.01218405
-0.01211944
-0.01210469
-0.0120687
-0.01203169
-0.01200022
-0.01200041
-0.01196153
-0.01197062
-0.01194181
-0.01188192
-0.01187795
-0.01187894
-0.01184217
-0.01180311
-0.01178502
-0.01178434
-0.01178796
-0.01176682
-0.01174149
-0.01175972
-0.01173859
-0.01173581
-0.01169223
-0.01169195
-0.01168957
-0.01164428
-0.01168641
-0.01163781
-0.01165515
-0.01163359
-0.01164044
-0.0116161
-0.01158453
-0.01158458
-0.01154866
-0.01149733
-0.01152474
-0.01149207
-0.01147042
-0.01142335
-0.01138792
-0.0113634
-0.01132815
-0.01128903
-0.01126821
-0.01122412
-0.01117351
-0.01114787
-0.0111038
-0.01106888
-0.01101224
-0.0109669
-0.01091476
-0.01082234
-0.01084673
-0.01076877
-0.01074572
-0.0106693
-0.01061482
-0.01056933
-0.01051345
-0.01048138
-0.01044196
-0.01039967
-0.01033837
-0.01031957
-0.01026786
-0.01018247
-0.01020853
-0.01017902
-0.01015233
-0.01010505
-0.0100801
-0.01007993
-0.01004275
-0.009993793
-0.01003951
-0.01002607
-0.01002601
-0.01000389
-0.0100263
-0.009995162
-0.01001936
-0.01006773
-0.01006276
-0.01009462
-0.01011575
-0.01015086
-0.01018926
-0.0101831
-0.01026534
-0.01030758
-0.01032995
-0.01037096
-0.01046091
-0.01047983
-0.01052653
-0.01059385
-0.01061662
-0.01070302
-0.01071118
-0.01079062
-0.01081883
-0.01084895
-0.01091844
-0.01096465
-0.01099366
-0.0110329
-0.01108087
-0.01110626
-0.01116051
-0.01115014
-0.01120323
-0.01119145
-0.01125643
-0.0112486
-0.01122369
-0.01128967
-0.01126815
-0.01126192
-0.01123886
-0.01124853
-0.011229
-0.01120677
-0.01117627
-0.01114835
-0.01114324
-0.01105405
-0.01101907
-0.01096433
-0.01093348
-0.01092353
-0.01082925
-0.01075645
-0.01067093
-0.01064165
-0.01056932
-0.01052021
-0.01046956
-0.01034096
-0.01030511
-0.01025422
-0.01015573
-0.01005323
-0.0100185
-0.00992884
-0.009872834
-0.009819265
