23.492904040404042 11.746452020202021[2, 3, 4, 5] [140, 141, 142, 143, 144, 145, 146, 147, 148, 149, 150, 151, 152, 153, 154, 155, 156, 157] 20160405
14.121025333929598 8.152777777777779[4, 5, 7] [54, 55, 56, 57, 58, 59, 60, 61, 62, 63, 64, 65, 66, 67, 68, 69, 70, 71] 20160405
12.354868742368748 6.177434371184374[5, 7, 8, 9] [162, 163, 164, 165, 166, 167, 168, 169, 170, 171, 172, 173, 174, 175] 20160405
11.11031746031746 5.55515873015873[3, 5, 7, 9] [67, 68, 69, 70, 71, 72, 73, 74, 75, 76, 77, 78, 79, 80, 81, 82, 83, 84] 20160405
10.395018315018316 5.197509157509158[2, 3, 4, 6] [26, 27, 28, 29, 30, 31, 32, 33, 34, 35, 36, 37, 38, 39, 40, 41, 42, 43] 20160405
10.35083333333333 5.175416666666665[2, 3, 4, 6] [32, 33, 34, 35, 36, 37, 38, 39, 40, 41, 42, 43, 44, 45, 46, 47, 48, 49] 20160405
10.348333333333334 5.174166666666667[2, 3, 4, 6] [18, 19, 20, 21, 22, 23, 24, 25, 26, 27, 28, 29, 30, 31, 32, 33, 34, 35] 20160405
10.223333333333331 5.1116666666666655[3, 5, 6, 7] [40, 41, 42, 43, 44, 45, 46, 47, 48, 49, 50, 51, 52, 53, 54, 55, 56] 20160405
9.549404761904759 4.774702380952379[3, 4, 5, 7] [48, 49, 50, 51, 52, 53, 54, 55, 56, 57, 58, 59, 60, 61, 62] 20160405
9.100000000000001 4.550000000000001[5, 7, 8, 9] [80, 81, 82, 83, 84, 85, 86, 87, 88, 89, 90, 91, 92, 93] 20160405
7.337159670951493 3.4857142857142853[5, 7, 8, 9] [90, 91, 92, 93, 94, 95, 96, 97, 98, 99, 100, 101, 102, 103, 104, 105] 20160405
7.023430735930738 3.511715367965369[5, 6, 7, 9] [182, 183, 184, 185, 186, 187, 188, 189, 190, 191, 192, 193, 194, 195, 196, 197, 198, 199] 20160405
6.7501501188654265 4.773076923076923[5, 6] [109, 110, 111, 112, 113, 114, 115, 116, 117, 118, 119, 120, 121, 122, 123, 124, 125, 126] 20160405
6.724755992561071 3.6973214285714286[5, 7, 8, 9] [102, 103, 104, 105, 106, 107, 108, 109, 110, 111, 112, 113, 114, 115, 116, 117, 118, 119] 20160405
6.181060606060605 3.0905303030303024[5, 7, 8, 9] [99, 100, 101, 102, 103, 104, 105, 106, 107, 108, 109, 110] 20160405
5.510137085137087 2.7550685425685435[5, 6, 7, 9] [180, 181, 182, 183, 184, 185, 186, 187, 188, 189, 190, 191, 192] 20160405
5.275198412698412 2.637599206349206[6, 7, 8, 9] [271, 272, 273, 274, 275, 276, 277, 278, 279, 280, 281, 282, 283, 284, 285, 286, 287] 20160405
4.024583333333338 2.012291666666669[5, 7, 8, 9] [211, 212, 213, 214, 215, 216, 217, 218, 219, 220, 221, 222, 223, 224, 225, 226, 227, 228] 20160405
