16.120634920634927 [3, 5, 7, 9] [272, 273, 274, 275, 276, 277, 278, 279, 280, 281, 282, 283, 284, 285, 286, 287] 20160306
15.144116300366301 [3, 4, 5, 6] [151, 152, 153, 154, 155, 156, 157, 158, 159, 160, 161, 162, 163, 164, 165, 166, 167] 20160306
5.985197790599121 [2, 3, 4] [82, 83, 84, 85, 86, 87, 88, 89, 90, 91, 92, 93, 94, 95, 96, 97, 98, 99] 20160306
5.535119047619046 [2, 3, 4, 5] [106, 107, 108, 109, 110, 111, 112, 113, 114, 115, 116, 117, 118, 119, 120, 121] 20160306
5.429761904761906 [5, 6, 7, 8] [121, 122, 123, 124, 125, 126, 127, 128, 129, 130, 131, 132, 133, 134, 135, 136, 137, 138] 20160306
5.416666666666668 [2, 3, 4, 5] [95, 96, 97, 98, 99, 100, 101, 102, 103, 104, 105, 106, 107, 108, 109, 110, 111, 112] 20160306
5.168055555555556 [5, 6, 7, 9] [2, 3, 4, 5, 6, 7, 8, 9, 10, 11, 12, 13, 14, 15, 16, 17, 18, 19] 20160306
4.626666666666662 [0, 1, 2, 3] [223, 224, 225, 226, 227, 228, 229, 230, 231, 232, 233, 234, 235, 236, 237, 238, 239, 240] 20160306
4.336921591277486 [4, 6, 7, 8] [206, 207, 208, 209, 210, 211, 212, 213] 20160306
4.191081829092358 [0, 1, 2, 3] [215, 216, 217, 218, 219, 220, 221, 222, 223, 224, 225, 226, 227, 228, 229, 230, 231] 20160306
4.045238095238098 [3, 4, 5, 7] [45, 46, 47, 48, 49, 50, 51, 52, 53, 54, 55, 56, 57, 58, 59, 60] 20160306
3.9640834702882204 [6, 7] [27, 28, 29, 30, 31, 32, 33, 34, 35, 36, 37, 38, 39, 40, 41, 42, 43, 44] 20160306
1.7833333333333314 [0] [245, 246, 247, 248, 249, 250, 251, 252, 253, 254, 255, 256, 257] 20160306
