168.573573032 [5] [0, 1, 2] 20160813
90.78570306543332 [5, 7, 8, 9] [239, 240, 241, 242, 243, 244, 245, 246, 247, 248, 249] 20160309
75.43345273895 [3, 5, 7, 9] [118, 119, 120, 121, 122, 123, 124, 125, 126, 127, 128] 20160405
74.48678607228334 [3, 5, 7, 9] [115, 116, 117, 118, 119] 20160405
69.38429240001666 [0, 1, 2, 3] [247, 248, 249, 250] 20160308
62.69315355575 [0, 1, 2, 3] [95, 96, 97, 98] 20160309
61.69595906668333 [0, 1, 2, 3] [198, 199, 200, 201, 202, 203, 204] 20160308
60.54306825495 [0, 1, 2, 3] [244, 245, 246, 247] 20160312
60.50973492161666 [0, 1, 2, 3] [239, 240, 241, 242, 243, 244, 245] 20160312
60.0164262602697 [1, 2, 3, 5] [243, 244, 245, 246, 247, 248, 249, 250, 251, 252, 253, 254, 255, 256, 257, 258, 259, 260, 261, 262, 263, 264, 265, 266, 267, 268, 269, 270, 271, 272, 273, 274, 275, 276, 277, 278] 20160324
55.353942095549996 [5, 6, 7, 8] [229, 230, 231, 232, 233, 234, 235, 236, 237, 238] 20160421
51.40579432141112 [6, 7, 8, 9] [260, 261, 262, 263, 264, 265, 266, 267, 268, 269, 270] 20160421
50.0756596804 [6, 7, 8, 9] [223, 224, 225, 226, 227, 228, 229, 230] 20160313
49.89232634706667 [6, 7, 8, 9] [226, 227, 228, 229, 230, 231] 20160313
49.7792863865246 [5, 6, 7, 9] [231, 232, 233, 234, 235, 236, 237, 238, 239, 240, 241, 242, 243, 244, 245, 246, 247, 248] 20160313
49.643059533599995 [1, 2, 3, 5] [231, 232, 233, 234, 235, 236] 20160922
49.3555595336 [1, 2, 3, 5] [230, 231, 232, 233, 234] 20160922
49.278762715166955 [1, 2, 3] [1, 2, 3] 20160325
49.033737691700004 [6, 7, 8, 9] [188, 189, 190] 20160529
45.8372049852 [0, 1, 2, 3] [9, 10, 11] 20160313
45.76637165186668 [0, 1, 2, 3] [6, 7, 8, 9, 10] 20160313
45.13689624210919 [1, 2, 3, 5] [46, 47, 48, 49, 50, 51, 52, 53, 54, 55, 56, 57, 58, 59, 60, 61, 62, 63, 64, 65, 66, 67, 68, 69, 70, 71, 72, 73, 74, 75, 76, 77, 78, 79, 80, 81] 20160325
43.35394209555 [5, 6, 7, 8] [285, 286, 287] 20160421
42.58698366004999 [0, 1, 2, 3] [0, 1, 2, 3] 20160911
36.55288677345 [2, 3, 4, 6] [1, 2, 3, 4, 5, 6, 7] 20160529
35.79262573335001 [0, 1, 2, 3] [0, 1, 2, 3, 4] 20160308
35.675888423649994 [1, 2, 3, 5] [105, 106, 107, 108, 109, 110, 111, 112] 20160325
35.650888423649995 [1, 2, 3, 5] [112, 113, 114] 20160325
35.55362278531264 [5, 7, 8, 9] [95, 96, 97, 98, 99, 100, 101] 20160302
35.36188642179014 [3, 5, 7, 9] [89, 90, 91, 92, 93, 94, 95, 96, 97, 98, 99, 100, 101, 102, 103, 104, 105, 106, 107, 108, 109, 110, 111, 112, 113, 114, 115, 116, 117, 118, 119, 120, 121] 20160421
35.35332394782053 [4, 6, 7] [0, 1, 2, 3, 4] 20160529
35.106217864207125 [7, 8, 9] [182, 183, 184, 185, 186, 187, 188, 189, 190, 191, 192, 193, 194, 195, 196, 197, 198, 199, 200, 201, 202, 203, 204, 205, 206, 207, 208, 209, 210, 211, 212] 20160325
34.813795171736025 [6, 7, 8, 9] [103, 104, 105, 106, 107, 108, 109, 110, 111, 112, 113] 20160302
34.64802505433334 [4, 5, 7, 9] [87, 88, 89, 90, 91, 92, 93, 94, 95, 96, 97, 98, 99, 100, 101, 102, 103, 104] 20160421
34.101150123033335 [6, 7, 8, 9] [127, 128, 129, 130, 131] 20160421
33.58336680489091 [6, 7, 8, 9] [170, 171, 172, 173, 174, 175, 176, 177, 178, 179, 180, 181, 182, 183, 184, 185, 186] 20160325
33.18257712059762 [5, 6, 7, 8] [0, 1, 2, 3, 4, 5, 6, 7, 8, 9, 10, 11, 12, 13, 14, 15] 20160419
32.76183003974452 [0, 1, 2, 3] [2, 3, 4, 5, 6, 7, 8, 9, 10, 11, 12, 13, 14, 15, 16, 17, 18, 19, 20, 21, 22, 23, 24, 25, 26, 27, 28, 29, 30, 31, 32, 33, 34, 35, 36] 20160328
32.733446760566665 [3, 4, 5, 6] [0, 1, 2, 3, 4] 20160328
32.43336427785001 [0, 1, 2, 3] [0, 1, 2, 3, 4, 5] 20160621
32.24623663370001 [1, 2, 3, 5] [2, 3, 4] 20160301
32.174089106883336 [1, 2, 3, 5] [217, 218, 219, 220, 221, 222] 20160328
31.36026186414617 [0, 1, 2, 3] [51, 52, 53, 54, 55, 56, 57, 58, 59, 60, 61, 62, 63, 64, 65, 66, 67, 68, 69, 70, 71, 72, 73, 74, 75, 76, 77, 78, 79, 80, 81, 82, 83, 84] 20160328
30.509423850592853 [1, 2, 3, 5] [272, 273, 274, 275, 276, 277, 278, 279, 280, 281, 282, 283, 284, 285, 286, 287] 20160405
29.745235523149997 [0, 1, 2, 3] [120, 121, 122, 123] 20160328
25.726029501550006 [5, 6, 7, 8] [67, 68, 69, 70, 71, 72] 20160419
25.085920200722228 [0, 1, 2, 3] [65, 66, 67, 68, 69, 70, 71, 72, 73, 74, 75, 76, 77, 78, 79] 20160529
24.600876702083333 [5, 7, 8, 9] [118, 119, 120, 121, 122, 123, 124, 125, 126, 127, 128] 20160514
24.555332396400004 [5, 7, 8, 9] [237, 238, 239] 20160419
24.457619547127457 [0, 1, 2, 3] [76, 77, 78, 79, 80, 81, 82, 83, 84, 85, 86, 87, 88, 89, 90, 91, 92, 93, 94, 95, 96, 97, 98, 99, 100, 101, 102, 103, 104, 105, 106, 107] 20160529
24.133510847688886 [5, 6, 7, 9] [215, 216, 217, 218, 219, 220, 221, 222, 223, 224, 225, 226, 227] 20160514
24.097878041200005 [5, 6, 7, 9] [107, 108, 109, 110, 111, 112, 113, 114, 115, 116, 117, 118, 119] 20160514
23.996288625466672 [5, 6, 7, 9] [212, 213, 214, 215, 216, 217, 218] 20160514
23.49078996458333 [5, 7, 8, 9] [231, 232, 233, 234, 235, 236, 237, 238] 20160514
23.36620265695001 [5, 7, 8, 9] [213, 214, 215, 216, 217, 218, 219] 20160628
23.34284396665 [6, 7, 8, 9] [191, 192, 193, 194, 195, 196, 197, 198, 199, 200, 201, 202, 203, 204, 205, 206, 207, 208, 209, 210, 211, 212, 213, 214, 215, 216] 20160628
22.374630136669843 [3, 4, 5, 6] [139, 140, 141, 142, 143, 144, 145, 146, 147, 148, 149, 150] 20160301
21.911129113415377 [0, 1] [79, 80, 81, 82, 83, 84] 20160308
19.955349025016673 [6, 7, 8, 9] [221, 222, 223, 224] 20160911
19.60167707806111 [0, 1, 2, 3] [0, 1, 2, 3, 4, 5, 6, 7, 8, 9, 10] 20160628
19.091326218729364 [0, 1, 2, 3] [145, 146, 147, 148, 149, 150, 151, 152, 153, 154, 155, 156, 157, 158, 159] 20160302
18.725468201569413 [4, 5, 6, 7] [126, 127, 128, 129, 130, 131, 132, 133, 134, 135, 136, 137, 138, 139, 140, 141, 142, 143] 20160412
18.228892408122228 [5, 6, 7, 8] [143, 144, 145, 146, 147, 148, 149, 150, 151, 152, 153, 154] 20160412
18.128925893912818 [0, 1, 2, 3] [91, 92, 93, 94, 95, 96, 97, 98, 99, 100, 101, 102, 103, 104, 105, 106, 107, 108, 109, 110, 111, 112, 113, 114, 115, 116, 117, 118, 119, 120, 121, 122, 123, 124] 20160412
17.579716428847615 [3, 5, 7, 9] [123, 124, 125, 126, 127, 128, 129, 130, 131, 132, 133] 20160922
17.51495452408571 [3, 5, 7, 9] [110, 111, 112, 113, 114, 115, 116, 117, 118, 119, 120, 121, 122, 123] 20160922
16.75372142070715 [0, 1, 2, 3] [235, 236, 237, 238, 239, 240, 241, 242, 243] 20160621
16.712530944516672 [0, 1, 2, 3] [233, 234, 235, 236] 20160621
16.288562690548424 [0, 1, 2, 3] [245, 246, 247, 248, 249, 250, 251, 252, 253, 254, 255, 256, 257, 258, 259, 260] 20160621
16.023175902134128 [3, 4, 5, 6] [108, 109, 110, 111, 112, 113, 114, 115, 116, 117, 118, 119, 120, 121, 122, 123, 124] 20160621
15.691586926600003 [0, 1, 2, 3] [0, 1, 2] 20160412
15.638553383268963 [6, 7, 8, 9] [257, 258, 259, 260, 261] 20160301
15.55195084289052 [6, 7, 8, 9] [260, 261, 262] 20160301
15.493428927237861 [3, 4, 5] [120, 121, 122, 123, 124, 125] 20160621
15.25025449242918 [3, 4, 5] [122, 123, 124, 125, 126, 127, 128, 129, 130] 20160621
15.108023309550001 [4, 5, 6, 7] [281, 282, 283, 284, 285, 286, 287] 20160302
14.11062377827143 [3, 5, 7, 9] [112, 113, 114, 115, 116, 117, 118, 119, 120, 121, 122, 123, 124, 125, 126, 127, 128, 129, 130, 131, 132, 133, 134, 135, 136] 20160312
13.479472867950001 [1, 2, 3, 4] [0, 1, 2] 20160514
13.461766740016667 [3, 4, 5, 7] [86, 87, 88, 89, 90, 91, 92, 93, 94, 95, 96, 97, 98, 99, 100, 101, 102, 103, 104] 20160312
13.453433406683331 [3, 4, 5, 7] [92, 93, 94, 95, 96, 97, 98, 99, 100, 101, 102, 103, 104, 105] 20160312
11.866316292927802 [0, 1, 2] [1, 2, 3, 4] 20160922
11.809490416149998 [5, 7, 8, 9] [1, 2, 3, 4] 20160312
11.587263662819481 [0, 1, 2] [4, 5, 6] 20160922
11.189663073399998 [0, 1, 2, 3] [261, 262, 263, 264, 265, 266, 267, 268, 269, 270, 271, 272, 273, 274, 275, 276, 277, 278, 279, 280, 281, 282, 283, 284, 285, 286] 20160412
10.9860991406 [1, 2, 3, 5] [285, 286, 287] 20160911
10.33549640673333 [0, 1, 2, 3] [235, 236, 237, 238, 239, 240, 241, 242, 243, 244, 245, 246, 247, 248, 249, 250, 251, 252, 253, 254, 255, 256, 257, 258, 259, 260, 261, 262, 263, 264, 265, 266] 20160412
9.661406781319226 [4, 5, 7, 8] [99, 100, 101, 102, 103, 104, 105, 106, 107, 108, 109, 110, 111, 112, 113] 20160628
9.659633889692856 [0, 1, 2, 3] [147, 148, 149, 150, 151, 152, 153, 154, 155] 20160419
9.361143261400002 [3, 4, 5, 6] [281, 282, 283, 284, 285, 286, 287] 20160325
8.251446872716336 [3, 5, 7] [64, 65, 66, 67, 68, 69, 70, 71, 72, 73, 74, 75, 76] 20160628
8.008249952716278 [4, 5, 7, 8] [108, 109, 110, 111, 112, 113, 114, 115, 116, 117, 118, 119, 120, 121, 122, 123, 124, 125, 126, 127, 128, 129, 130, 131, 132, 133, 134, 135, 136, 137, 138, 139, 140, 141] 20160324
7.1323687310000015 [0, 1, 2, 3] [64, 65, 66, 67] 20160324
