#################################################################
#APDM Input Graph, this input graph includes 3 sections:
#section1 : general information
#section2 : nodes
#section3 : edges
#section4 : trueSubGraph (Optional)
#
#if nodes haven't information set weight to null
#################################################################
SECTION1 (General Information)
numNodes = 10
numEdges = 65
usedAlgorithm = NULL
dataSource = TransWeatherRealData
END
#################################################################
SECTION2 (Nodes Information)
NodeID windDir  mean  std 
0 157.4 151.9 148.3 142.3 135.4 134.0 138.2 136.5 146.5 158.8 159.4 177.6 166.2 169.3 173.3 179.3 194.9 166.8 168.4 168.8 163.5 166.8 171.1 167.8 169.7 178.1 182.9 180.0 173.6 176.9 183.5 182.0 187.0 198.5 189.5 168.0 149.6 153.2 136.8 131.3 146.6 169.9 180.0 175.5 183.1 176.2 172.1 162.6 150.8 149.1 148.9 149.2 297.0 296.5 1.9 42.2 51.0 63.3 73.1 66.8 59.8 93.5 74.7 62.6 111.1 115.0 90.0 95.8 63.3 70.8 66.6 65.7 57.8 61.6 58.5 61.6 71.0 80.8 75.9 53.4 74.5 82.3 94.1 100.8 98.1 78.9 70.8 48.6 9.1 15.5 1.9 326.2 313.6 334.1 358.5 333.9 320.5 315.2 340.6 3.7 21.2 20.8 22.0 31.8 42.3 64.7 115.7 115.4 116.2 125.7 118.2 93.3 111.7 108.3 96.2 99.0 105.3 100.6 106.5 97.5 92.9 87.9 90.2 83.8 74.6 82.7 86.2 90.0 100.5 106.1 100.2 102.4 95.0 91.4 83.6 87.6 76.9 84.9 75.7 92.7 86.2 91.6 101.5 99.4 101.2 94.9 78.0 79.5 81.0 70.8 81.6 81.1 73.2 70.7 63.9 71.7 69.1 65.2 67.8 67.7 68.9 70.3 61.6 66.3 74.0 67.4 64.5 55.7 63.5 64.3 60.6 54.9 49.8 66.2 56.5 56.7 59.2 60.9 61.2 60.8 64.2 60.9 59.5 56.4 61.8 48.4 46.1 43.2 39.6 46.2 36.5 32.6 45.8 46.6 47.9 48.6 35.8 32.1 30.3 23.5 26.6 29.0 30.0 27.9 26.4 24.9 21.5 21.8 24.4 23.4 23.3 7.7 359.4 3.7 358.3 7.6 19.5 25.2 18.8 21.8 22.9 19.6 23.2 24.4 22.1 14.7 18.5 13.5 15.3 17.9 13.0 16.3 21.3 22.8 28.4 32.0 27.0 28.6 28.2 33.4 27.9 31.9 29.4 28.2 31.2 37.1 40.4 30.9 29.1 25.5 24.8 28.3 28.4 31.0 27.2 20.1 26.4 25.9 20.2 23.5 24.4 21.1 28.8 20.1 14.1 16.7 22.3 26.0 26.2 22.2 15.2 21.9 25.0 27.5 33.4 28.1 23.2 15.1 17.7 23.9 24.4 21.6 17.5 19.5 28.5 25.3 27.8 26.8 84.19583333333335 72.59426108281755
1 179.1 181.3 166.5 144.3 0.0 292.6 307.5 272.5 136.1 198.5 209.6 294.4 343.0 329.0 267.4 248.1 149.3 109.4 323.1 291.7 301.0 308.3 315.6 293.7 281.0 159.8 153.4 178.3 258.3 266.2 160.1 168.3 293.0 302.0 281.2 265.3 156.1 160.8 142.6 43.0 17.5 7.6 321.6 317.2 311.8 309.5 310.0 307.4 317.2 333.6 338.0 323.5 303.6 263.5 277.1 165.8 153.4 1.6 303.3 270.4 308.6 293.2 199.0 193.0 176.0 259.8 284.5 191.4 138.1 158.4 218.0 253.3 327.8 341.5 58.5 296.3 279.7 321.3 298.6 278.7 223.0 174.7 159.4 173.8 172.8 161.5 161.6 302.8 1.0 351.4 328.5 301.7 303.0 304.2 315.3 9.2 173.9 40.8 174.6 124.3 132.3 108.6 191.4 327.0 255.8 282.2 316.4 322.6 325.7 337.5 343.1 323.0 341.3 337.5 340.7 151.2 86.3 50.6 35.7 23.9 68.6 90.8 74.2 95.1 92.7 102.3 82.5 98.4 105.7 94.3 98.1 110.6 98.4 96.8 102.7 116.4 120.5 96.9 91.7 82.1 79.4 74.4 84.1 72.6 87.7 104.4 99.0 113.2 115.1 108.8 123.8 119.4 102.1 104.8 109.5 119.1 115.7 112.0 116.8 120.3 133.6 111.6 132.6 136.2 119.8 106.8 107.0 122.8 107.4 95.1 105.6 101.9 95.0 101.5 95.8 99.7 97.9 93.5 98.5 101.6 92.9 75.9 93.0 86.8 74.3 74.2 81.0 48.3 50.9 58.1 54.0 82.1 90.4 99.6 93.3 92.5 83.2 84.4 88.5 99.5 97.2 94.2 99.3 90.1 72.2 73.6 86.8 94.4 92.5 63.6 358.1 15.2 53.9 346.6 349.3 340.7 304.1 292.5 306.3 310.5 340.2 36.1 73.2 14.1 2.8 358.9 350.1 20.3 9.6 351.6 341.6 343.9 307.2 302.9 316.4 326.2 335.9 313.0 326.0 320.8 318.5 323.0 320.0 318.9 329.6 339.4 330.6 360.0 29.4 94.6 198.4 125.9 184.6 314.4 316.7 304.9 341.1 330.6 323.6 335.8 331.5 314.2 298.4 251.1 274.9 306.3 126.6 243.4 317.7 349.4 340.4 314.2 304.3 310.8 304.2 310.6 310.6 305.2 302.9 291.7 314.2 297.4 295.2 348.4 331.5 328.0 326.7 326.9 199.53958333333335 110.12208316781656
2 0.0 0.0 324.5 178.6 143.5 137.3 130.1 99.6 91.1 94.2 91.3 72.9 58.8 134.3 127.5 149.1 127.5 0.0 83.6 83.6 0.0 0.0 67.8 44.8 282.4 273.6 269.1 282.0 300.9 0.0 62.9 80.0 97.3 105.3 109.6 122.0 167.7 188.1 195.3 194.0 191.6 180.2 173.6 176.0 177.1 181.8 175.8 162.0 168.2 150.6 46.0 8.1 5.7 75.4 106.9 88.6 48.8 40.6 180.1 182.4 127.9 83.5 134.6 205.5 240.7 251.1 227.7 195.5 128.9 40.6 62.5 132.8 138.3 125.7 113.9 124.5 127.1 107.3 126.4 98.3 66.7 35.8 62.5 68.1 88.9 154.1 138.2 145.9 145.1 149.6 145.5 141.7 131.4 134.2 128.6 122.1 151.1 158.8 156.2 181.9 174.5 145.1 139.4 132.8 135.3 115.2 63.6 359.4 301.4 294.0 348.4 0.5 4.5 2.9 8.4 22.6 27.8 12.0 7.9 19.9 11.8 354.8 13.1 30.6 50.2 51.7 60.2 23.1 353.1 53.0 57.6 51.0 59.3 56.1 61.6 57.1 69.8 77.9 84.3 78.2 91.1 92.4 104.3 96.3 93.2 96.3 87.0 87.9 80.8 77.3 80.0 76.2 89.1 79.2 65.6 49.6 76.0 71.6 77.4 94.3 102.9 102.5 102.2 116.5 128.0 111.9 93.2 94.7 90.9 84.5 54.6 24.8 25.2 48.2 50.6 36.8 39.2 40.2 39.0 40.9 37.1 27.6 33.3 39.8 27.3 35.3 34.0 30.3 27.6 37.9 33.5 47.2 41.7 42.0 51.3 45.5 51.4 40.2 34.7 28.9 35.0 55.5 53.0 52.0 59.7 57.4 62.7 62.2 59.6 63.3 64.4 44.7 53.0 58.4 51.5 29.6 358.0 6.4 359.1 357.0 3.8 358.3 339.4 324.5 318.9 318.1 336.0 339.5 352.8 352.7 343.4 334.4 341.9 342.0 334.3 322.8 315.6 314.7 323.4 310.7 310.7 329.7 330.1 318.1 329.5 331.3 326.7 315.8 308.7 304.2 323.8 327.0 318.8 332.7 330.1 2.9 4.0 12.2 9.5 0.5 35.1 31.0 31.4 32.4 89.5 69.0 38.8 9.0 297.4 322.5 327.7 309.3 315.5 299.7 339.2 21.9 22.0 348.9 263.0 231.2 289.6 317.1 311.3 336.0 2.6 336.9 333.7 316.8 136.84930555555556 113.04417285706357
3 136.7 136.6 136.5 136.6 136.3 116.0 114.0 79.9 78.4 89.3 93.8 62.6 75.0 55.7 0.0 50.5 50.9 82.0 56.1 49.2 47.8 56.6 83.5 117.4 87.7 38.1 18.5 21.3 0.0 0.0 0.0 0.0 79.4 38.9 13.4 35.6 0.0 0.0 103.4 96.8 83.7 83.9 88.6 94.9 123.0 130.7 135.1 0.0 0.0 286.2 297.6 312.2 315.4 315.4 358.0 95.0 58.4 99.8 104.1 84.3 50.2 64.8 126.1 123.8 126.6 124.8 59.4 68.3 45.3 48.4 115.3 116.9 80.7 71.2 71.5 77.6 78.9 93.4 26.9 96.2 40.5 345.1 343.6 57.0 98.8 100.6 104.2 96.2 100.3 124.4 127.2 116.7 25.5 34.2 12.0 6.0 10.2 11.0 22.8 16.5 360.0 355.8 44.8 40.4 5.6 349.7 34.5 154.9 51.4 34.6 335.6 346.3 297.9 269.0 292.5 352.8 9.0 35.6 85.3 55.8 29.2 58.1 54.1 93.9 92.5 101.9 133.9 101.0 77.8 62.6 86.6 78.5 74.2 94.1 83.1 79.7 83.6 77.5 64.8 91.3 91.4 111.4 100.3 78.7 100.5 98.0 104.9 98.9 98.7 91.5 91.8 84.0 81.3 85.7 93.9 85.3 77.5 76.4 72.7 79.1 78.6 81.4 81.7 78.2 76.8 90.4 83.5 78.5 85.5 88.3 73.6 62.6 82.8 77.8 80.5 64.3 66.6 64.9 59.2 65.3 52.4 62.9 68.0 67.6 68.1 61.2 61.0 52.6 60.8 70.4 70.5 69.2 66.4 61.9 66.6 61.9 71.6 69.5 82.6 74.7 74.3 68.4 81.2 70.6 81.9 82.3 65.8 73.6 79.7 73.3 74.1 67.5 67.1 71.4 72.1 74.6 79.4 76.4 72.2 69.8 59.9 66.0 86.6 85.5 62.6 67.1 79.8 85.3 82.7 86.6 75.7 63.7 74.2 57.3 63.6 40.7 42.3 33.1 38.6 47.9 34.3 68.8 84.0 89.8 86.1 85.2 93.1 325.5 299.3 305.1 339.5 329.6 326.1 324.2 324.4 302.9 296.6 301.1 347.7 11.9 345.7 353.0 310.2 347.4 8.2 26.8 271.2 348.6 74.7 93.3 108.0 80.8 68.9 96.6 79.7 73.9 92.8 81.7 69.2 46.8 309.8 281.0 275.4 311.5 2.4 264.1 241.4 244.4 107.3951388888889 91.64542475610165
4 66.1 344.9 24.5 59.9 52.0 10.6 340.6 337.7 109.1 100.7 348.0 5.2 81.1 83.7 78.0 37.9 54.2 52.2 58.9 56.1 65.1 81.1 104.4 136.4 135.0 132.2 112.7 106.3 110.3 124.9 71.4 69.0 87.6 77.4 57.1 51.8 64.6 70.4 75.2 71.1 54.9 62.1 74.9 113.9 117.5 87.2 63.7 58.7 138.4 148.6 138.8 124.3 131.1 142.1 149.0 158.1 132.7 131.9 107.8 110.0 86.4 69.8 115.6 115.8 65.0 84.7 81.9 57.0 56.1 41.1 36.4 61.9 189.1 174.9 158.0 124.0 55.7 68.8 124.2 75.9 98.6 132.1 119.1 254.1 134.9 131.6 122.2 112.1 115.8 108.4 104.0 101.7 84.4 77.5 78.8 107.4 100.3 112.8 107.3 113.7 94.2 86.8 87.9 77.5 67.7 52.8 43.6 30.0 90.3 89.5 67.0 55.0 69.3 79.4 93.2 86.6 81.8 84.5 85.1 113.8 119.1 85.7 95.5 94.4 83.3 71.9 67.9 77.4 78.6 81.3 95.4 119.7 89.0 84.9 97.5 116.1 99.2 101.6 104.9 109.7 103.1 110.3 104.1 90.5 110.7 100.6 105.9 119.1 104.7 99.7 108.2 108.1 103.4 113.4 119.5 116.3 129.8 111.1 114.9 122.7 126.5 116.0 115.8 115.9 117.0 119.9 110.3 105.3 109.7 107.1 115.4 115.7 110.6 99.8 115.5 117.3 113.4 111.2 115.5 111.3 107.7 116.9 90.2 103.3 102.7 96.6 103.0 101.2 99.3 95.4 98.6 94.4 94.0 101.9 98.0 93.6 94.5 97.1 101.5 97.4 98.6 99.4 98.7 94.6 96.8 97.2 93.6 97.7 97.2 98.0 98.9 95.9 91.1 99.0 94.2 91.2 95.0 89.9 99.7 100.7 90.3 96.3 89.9 90.2 97.1 94.5 92.0 97.2 97.3 96.0 97.9 95.7 99.1 98.7 95.4 99.1 100.3 103.0 98.5 69.8 14.0 325.9 310.9 342.3 61.8 80.3 65.7 65.3 50.6 322.1 303.6 320.3 327.5 343.8 304.0 309.0 298.4 323.6 326.0 326.6 33.9 31.4 69.2 327.6 27.7 309.8 325.7 336.6 342.8 24.1 67.7 41.6 64.6 349.8 309.6 54.5 59.1 72.6 40.8 73.3 74.8 60.7 46.4 46.8 47.2 35.1 73.1 49.7 112.55381944444444 72.07091687034196
5 0.0 0.0 0.0 116.0 116.2 0.0 172.2 168.9 151.5 130.2 126.6 114.6 105.4 92.9 91.9 92.4 101.1 100.1 98.2 99.0 96.2 97.9 104.3 109.8 122.1 110.8 103.1 81.8 83.3 103.3 96.4 86.4 62.6 44.1 74.6 98.1 90.1 99.7 97.7 92.4 93.4 100.7 105.0 105.9 102.3 89.4 83.7 82.9 93.5 97.1 121.7 120.6 123.9 111.9 90.2 121.3 106.0 116.2 96.6 102.8 74.1 39.7 27.1 59.2 83.3 82.8 87.4 100.0 109.9 109.4 100.5 92.5 71.2 92.9 80.8 72.8 68.8 79.4 72.5 96.2 97.8 92.3 99.9 103.8 97.4 107.2 116.7 108.2 82.5 62.4 75.5 93.0 94.8 99.8 101.0 96.4 98.4 100.2 98.6 99.4 100.9 93.7 88.8 90.5 89.8 93.1 88.2 76.4 61.5 67.8 289.8 26.8 68.5 75.9 66.6 57.0 47.0 58.6 66.4 75.5 67.7 53.0 55.0 57.0 67.9 60.8 107.9 122.1 63.7 54.7 57.0 64.0 81.5 92.4 90.3 88.3 87.0 88.4 81.0 85.0 60.8 87.9 95.7 95.5 96.7 83.0 88.3 90.7 96.5 89.7 86.4 95.3 97.6 97.3 99.7 99.3 90.0 66.9 70.8 82.5 80.4 94.2 98.1 96.7 94.2 85.3 81.7 94.2 96.5 93.8 90.5 95.4 95.9 97.8 95.3 98.5 96.3 96.3 97.0 97.9 96.4 96.4 100.0 102.3 100.6 100.6 99.8 100.9 99.2 102.1 95.2 99.5 96.2 92.1 93.1 94.5 100.5 102.6 104.5 97.3 102.7 99.1 95.7 98.1 94.6 98.0 93.5 90.8 91.0 92.7 84.3 84.9 91.3 93.7 88.6 84.7 89.2 96.1 89.5 77.4 76.6 84.4 84.9 86.1 86.9 90.7 92.3 92.2 82.6 81.8 82.0 79.6 87.4 89.1 93.3 91.5 92.8 96.4 92.3 92.4 94.5 93.7 96.4 96.9 96.3 94.9 100.0 96.3 97.9 94.4 94.1 92.3 86.9 98.7 84.8 85.6 92.1 93.2 96.0 92.5 92.5 93.2 90.0 85.8 86.5 80.6 76.9 78.6 83.9 92.5 89.4 93.3 92.2 93.0 96.0 95.0 93.3 96.8 96.7 98.1 97.7 96.0 92.4 94.2 91.9 89.1 89.6 88.8 90.84513888888888 22.933042454449364
6 -1.0 -1.0 -1.0 -1.0 -1.0 -1.0 -1.0 -1.0 -1.0 -1.0 -1.0 -1.0 -1.0 -1.0 -1.0 -1.0 -1.0 -1.0 -1.0 -1.0 -1.0 -1.0 -1.0 -1.0 -1.0 -1.0 -1.0 -1.0 -1.0 -1.0 -1.0 -1.0 -1.0 -1.0 -1.0 -1.0 -1.0 -1.0 -1.0 -1.0 -1.0 -1.0 -1.0 -1.0 -1.0 -1.0 -1.0 -1.0 -1.0 -1.0 -1.0 -1.0 -1.0 -1.0 -1.0 -1.0 -1.0 -1.0 -1.0 -1.0 -1.0 -1.0 -1.0 -1.0 -1.0 -1.0 -1.0 -1.0 -1.0 -1.0 -1.0 -1.0 -1.0 -1.0 -1.0 -1.0 -1.0 -1.0 -1.0 -1.0 -1.0 -1.0 -1.0 -1.0 -1.0 -1.0 -1.0 -1.0 -1.0 -1.0 -1.0 -1.0 -1.0 -1.0 -1.0 -1.0 -1.0 -1.0 -1.0 -1.0 -1.0 -1.0 -1.0 -1.0 -1.0 -1.0 -1.0 -1.0 -1.0 -1.0 -1.0 -1.0 -1.0 -1.0 -1.0 -1.0 -1.0 -1.0 -1.0 -1.0 -1.0 -1.0 -1.0 -1.0 -1.0 -1.0 -1.0 -1.0 -1.0 -1.0 -1.0 -1.0 -1.0 -1.0 -1.0 -1.0 -1.0 -1.0 -1.0 -1.0 -1.0 -1.0 -1.0 -1.0 -1.0 -1.0 -1.0 -1.0 -1.0 -1.0 -1.0 -1.0 -1.0 -1.0 -1.0 -1.0 -1.0 -1.0 -1.0 -1.0 -1.0 -1.0 -1.0 -1.0 -1.0 -1.0 -1.0 -1.0 -1.0 -1.0 -1.0 -1.0 -1.0 -1.0 -1.0 -1.0 -1.0 -1.0 -1.0 -1.0 -1.0 -1.0 -1.0 -1.0 -1.0 -1.0 -1.0 -1.0 -1.0 -1.0 -1.0 -1.0 -1.0 -1.0 -1.0 -1.0 -1.0 -1.0 -1.0 -1.0 -1.0 -1.0 -1.0 -1.0 -1.0 -1.0 -1.0 -1.0 -1.0 -1.0 -1.0 -1.0 -1.0 -1.0 -1.0 -1.0 -1.0 -1.0 -1.0 -1.0 -1.0 -1.0 -1.0 -1.0 -1.0 -1.0 -1.0 -1.0 -1.0 -1.0 -1.0 -1.0 -1.0 -1.0 -1.0 -1.0 -1.0 -1.0 -1.0 -1.0 -1.0 -1.0 -1.0 -1.0 -1.0 -1.0 -1.0 -1.0 -1.0 -1.0 -1.0 -1.0 -1.0 -1.0 -1.0 -1.0 -1.0 -1.0 -1.0 -1.0 -1.0 -1.0 -1.0 -1.0 -1.0 -1.0 -1.0 -1.0 -1.0 -1.0 -1.0 -1.0 -1.0 -1.0 -1.0 -1.0 -1.0 -1.0 -1.0 -1.0 -1.0 -1.0 -1.0 -1.0 -1.0 -1.0 -1.0 -1.0 -1.0 0.0
7 239.3 182.5 265.5 275.2 232.4 210.9 160.0 0.0 0.0 214.1 0.0 189.6 95.7 203.6 152.9 206.3 212.7 80.5 87.4 177.1 199.9 188.1 177.8 155.0 178.4 210.2 217.3 216.2 192.2 47.4 12.9 50.4 44.3 58.6 66.2 208.5 169.2 137.3 143.1 142.7 137.0 136.8 9.5 214.6 227.7 171.5 95.7 111.1 90.3 88.0 65.7 87.4 26.5 90.6 202.2 228.6 184.5 182.9 183.2 135.7 96.4 93.9 210.6 247.5 152.4 199.5 179.4 148.2 143.6 142.3 194.2 75.1 70.2 108.5 117.9 94.7 23.6 312.3 273.7 308.9 232.0 141.2 117.2 119.5 116.9 96.8 86.8 106.9 55.4 276.6 199.5 181.5 107.9 46.0 36.7 25.5 72.1 51.1 24.6 320.6 319.6 350.0 334.5 308.5 310.7 0.0 19.7 50.7 59.5 63.5 68.3 76.9 72.0 83.9 69.3 66.0 77.5 63.4 67.8 133.7 102.4 80.8 94.1 82.3 79.7 77.6 75.2 79.8 68.1 24.1 50.1 33.7 2.9 317.8 251.6 34.1 314.2 49.5 66.7 289.4 329.9 43.3 60.7 62.8 29.3 46.5 59.5 62.3 358.2 66.2 80.6 86.8 77.3 74.4 76.2 73.7 68.1 77.8 79.5 88.4 79.4 82.9 79.8 82.9 83.1 78.1 81.7 77.0 83.7 75.7 78.5 82.4 78.1 81.0 89.0 89.1 80.7 86.9 87.2 82.4 84.0 85.2 80.1 84.1 87.4 85.2 84.2 84.4 77.1 77.5 84.6 86.7 84.3 84.3 87.6 79.1 78.4 78.1 82.0 78.7 80.9 78.2 78.5 80.6 87.3 80.7 81.8 78.0 79.3 78.4 80.9 80.2 76.6 79.1 86.5 85.5 84.9 80.8 85.2 86.9 88.3 88.1 88.5 80.8 84.7 84.8 83.3 86.2 92.1 83.6 81.8 88.2 72.7 75.7 77.1 80.6 82.7 78.4 67.9 75.3 77.2 80.4 77.6 72.2 74.0 81.0 82.7 78.7 74.0 82.4 84.5 79.4 83.1 74.0 70.7 69.8 75.7 77.5 72.1 74.9 71.1 86.0 81.0 79.3 83.7 80.3 77.4 76.5 76.7 77.2 77.4 81.3 81.7 79.5 81.1 84.3 84.7 79.5 80.3 95.1 96.6 85.6 90.4 93.6 97.1 93.9 86.5 82.8 109.01354166666665 70.01330229971408
8 300.9 295.9 283.5 2.5 23.2 11.2 5.4 264.0 255.5 255.5 318.2 318.2 288.2 219.3 232.6 348.8 298.1 248.3 229.4 223.6 57.0 26.9 18.7 56.6 49.4 49.4 354.8 355.0 307.5 255.3 227.2 221.7 0.0 0.0 221.9 0.0 3.1 342.1 58.0 238.6 0.0 247.0 289.8 294.0 308.3 270.6 42.1 37.1 64.8 23.9 340.2 276.3 236.1 43.5 0.4 168.5 64.4 31.7 58.6 30.9 327.2 1.6 356.9 209.7 213.4 216.5 215.8 240.7 0.0 352.5 351.3 80.8 86.9 27.2 46.2 132.7 0.0 0.0 0.0 0.0 0.0 153.2 153.2 16.5 35.3 348.3 330.4 347.4 9.4 10.7 0.0 0.0 149.3 196.5 205.9 312.7 0.0 166.1 179.7 177.2 203.3 108.0 86.2 167.7 184.8 65.5 65.1 103.3 43.7 72.2 181.8 243.0 171.9 100.3 143.8 165.8 213.1 302.5 352.8 7.9 86.3 98.4 98.1 80.0 35.5 17.0 14.9 52.1 57.8 41.8 267.6 296.1 26.3 49.5 306.7 343.2 350.9 92.1 159.4 242.6 124.4 196.4 82.5 190.7 193.5 341.9 100.9 190.3 263.2 230.4 233.6 126.3 19.5 90.1 148.1 104.4 59.8 69.8 68.1 43.5 41.6 42.7 45.7 45.4 43.4 44.0 48.9 37.2 42.7 48.3 49.0 46.8 56.5 59.3 62.9 62.8 55.0 58.1 56.4 53.2 56.9 56.9 56.9 56.9 56.9 56.9 56.9 56.9 56.9 56.9 56.9 56.9 56.9 56.9 56.9 56.9 56.9 56.9 56.9 56.9 56.9 56.9 56.9 56.9 56.9 56.9 56.9 56.9 56.9 56.9 56.9 56.9 56.9 56.9 56.9 56.9 56.9 56.9 56.9 56.9 56.9 56.9 56.9 56.9 56.9 56.9 56.9 56.9 56.9 56.9 56.9 56.9 56.9 56.9 56.9 56.9 56.9 56.9 56.9 56.9 56.9 56.9 56.9 56.9 56.9 56.9 56.9 56.9 56.9 56.9 56.9 56.9 56.9 56.9 56.9 56.9 56.9 56.9 56.9 56.9 56.9 56.9 56.9 56.9 56.9 56.9 56.9 56.9 56.9 56.9 56.9 56.9 56.9 56.9 56.9 56.9 56.9 56.9 56.9 56.9 56.9 56.9 56.9 56.9 56.9 56.9 56.9 56.9 109.25833333333333 99.67765992689527
9 356.0 332.4 330.3 101.3 58.1 173.8 138.1 143.5 45.1 356.9 313.3 291.8 336.3 346.5 84.4 52.9 310.3 58.9 31.8 27.3 27.8 27.1 27.6 27.6 313.7 20.5 358.7 5.2 2.6 27.6 32.3 63.6 19.3 2.4 329.5 353.9 355.6 341.0 356.0 27.2 27.1 0.0 225.4 206.4 40.0 4.8 0.9 40.6 323.0 208.6 124.7 125.0 124.8 0.0 23.7 23.7 14.5 19.8 23.3 161.9 189.0 246.1 226.2 169.0 149.6 144.4 174.7 295.6 9.1 62.3 320.3 282.2 214.0 112.0 325.9 41.8 174.3 221.1 189.7 218.1 247.8 193.5 258.6 211.1 217.4 190.5 238.0 107.2 194.8 282.8 276.0 307.0 320.1 310.4 349.4 31.4 35.2 3.5 15.9 348.0 335.3 322.0 111.5 96.2 80.4 94.0 86.7 93.0 101.2 122.6 98.3 115.5 110.9 94.7 108.7 97.9 104.1 106.2 109.7 102.1 110.9 115.7 160.0 241.6 238.8 245.5 238.1 309.9 291.9 308.9 318.6 312.4 316.5 317.6 307.5 350.4 338.8 285.3 266.0 351.0 340.2 325.6 288.6 289.4 289.4 138.3 157.2 249.9 105.9 82.9 209.2 148.9 16.4 287.0 268.6 294.1 298.2 261.3 259.9 299.3 190.3 186.3 163.5 222.3 115.1 99.3 336.0 352.8 57.5 86.9 17.3 355.0 21.1 22.7 5.3 73.5 90.8 63.6 52.2 74.1 66.9 61.1 8.6 340.0 27.6 65.5 64.3 62.5 44.6 31.5 21.6 36.3 35.8 34.1 10.9 12.7 7.7 5.6 16.2 20.2 20.2 351.0 355.5 0.6 344.3 330.4 341.4 351.4 340.5 345.5 350.2 355.9 360.0 355.4 345.0 349.2 341.6 349.9 347.0 333.7 340.9 335.0 332.9 354.2 355.4 338.6 278.5 302.1 308.4 283.4 293.3 304.4 290.8 277.2 325.9 351.2 8.1 337.8 292.1 310.5 349.2 355.1 313.4 351.8 346.1 324.5 306.4 298.9 315.5 320.3 356.5 338.7 331.4 350.8 326.0 324.4 326.5 349.5 356.7 352.9 358.1 317.8 335.7 349.3 6.5 321.5 356.8 339.2 346.0 342.5 310.1 340.1 299.4 312.3 322.2 292.9 277.3 272.6 279.8 354.4 74.1 138.7 122.2 293.2 276.7 14.7 19.3 346.1 203.8885416666667 129.01623823719365
END
#################################################################
SECTION3 (Edges Information)
EndPoint0 EndPoint1 Weight
0 1 1.000000
1 2 1.000000
2 3 1.000000
3 4 1.000000
3 5 1.000000
4 5 1.000000
4 6 1.000000
5 6 1.000000
5 7 1.000000
6 7 1.000000
7 8 1.000000
7 9 1.000000
8 9 1.000000
0 1 1.000000
1 2 1.000000
2 3 1.000000
3 4 1.000000
3 5 1.000000
4 5 1.000000
4 6 1.000000
5 6 1.000000
5 7 1.000000
6 7 1.000000
7 8 1.000000
7 9 1.000000
8 9 1.000000
0 1 1.000000
1 2 1.000000
2 3 1.000000
3 4 1.000000
3 5 1.000000
4 5 1.000000
4 6 1.000000
5 6 1.000000
5 7 1.000000
6 7 1.000000
7 8 1.000000
7 9 1.000000
8 9 1.000000
0 1 1.000000
1 2 1.000000
2 3 1.000000
3 4 1.000000
3 5 1.000000
4 5 1.000000
4 6 1.000000
5 6 1.000000
5 7 1.000000
6 7 1.000000
7 8 1.000000
7 9 1.000000
8 9 1.000000
0 1 1.000000
1 2 1.000000
2 3 1.000000
3 4 1.000000
3 5 1.000000
4 5 1.000000
4 6 1.000000
5 6 1.000000
5 7 1.000000
6 7 1.000000
7 8 1.000000
7 9 1.000000
8 9 1.000000
END
#################################################################
SECTION4 (TrueSubGraph Information)
EndPoint0 EndPoint1 Weight
END
#################################################################
