#################################################################
#APDM Input Graph, this input graph includes 3 sections:
#section1 : general information
#section2 : nodes
#section3 : edges
#section4 : trueSubGraph (Optional)
#
#if nodes haven't information set weight to null
#################################################################
SECTION1 (General Information)
numNodes = 10
numEdges = 13
usedAlgorithm = NULL
dataSource = TransWeatherRealData
END
#################################################################
SECTION2 (Nodes Information)
NodeID windDir  mean  std 
0 288.7 296.8 296.0 298.6 291.4 291.8 290.0 284.1 291.9 292.6 283.1 284.6 286.8 288.2 283.1 280.8 281.9 286.4 287.2 292.2 299.3 292.8 290.2 284.6 289.5 292.7 282.6 277.0 281.6 300.5 295.8 299.1 287.6 303.3 295.9 290.2 289.4 297.0 282.0 296.3 290.0 295.6 296.3 296.0 292.3 291.8 284.6 277.2 281.5 279.9 284.4 286.0 290.3 280.7 297.8 279.6 279.7 296.1 300.6 307.4 300.6 307.9 345.5 357.3 353.1 356.9 357.3 2.9 321.3 292.0 302.4 334.6 345.1 328.1 323.7 352.5 16.1 17.9 52.5 50.9 36.6 30.1 357.2 1.6 17.4 47.1 53.0 68.0 62.3 65.1 72.0 67.5 64.7 75.8 59.2 80.0 70.2 47.9 39.9 42.1 30.3 29.3 12.5 66.2 71.6 18.5 46.0 49.9 112.9 168.7 153.6 147.4 117.7 129.7 232.2 251.5 53.3 78.5 63.0 61.3 88.1 46.4 51.7 44.4 97.8 63.8 38.0 49.6 63.5 13.5 47.0 56.3 118.8 78.2 96.3 107.6 110.0 112.8 104.9 111.9 108.9 115.1 102.3 96.4 95.1 113.6 111.3 106.3 107.2 94.8 106.1 89.6 96.9 99.0 143.2 118.7 125.5 131.4 128.7 118.4 135.8 149.6 178.4 179.7 165.0 145.4 112.2 112.2 90.5 97.8 93.9 93.6 99.2 97.5 98.0 95.0 101.0 94.1 100.9 107.2 111.4 86.3 92.8 72.2 68.1 65.2 60.4 74.0 73.4 77.3 77.6 79.2 80.7 82.4 86.3 81.4 84.0 85.9 88.8 93.6 87.9 86.1 82.4 85.5 87.6 93.6 90.4 87.4 78.6 85.1 90.0 91.5 94.0 90.4 101.4 88.3 93.9 87.9 84.2 93.4 107.1 102.7 99.5 105.6 101.9 108.2 108.4 110.8 110.9 107.5 101.4 101.8 106.8 103.2 103.0 106.4 106.2 99.4 92.6 91.7 97.5 99.7 96.2 97.4 99.9 96.8 94.2 97.2 97.3 100.0 98.8 100.2 104.8 119.2 122.6 116.9 118.4 112.6 110.3 109.2 112.8 117.1 104.9 98.3 94.0 96.9 98.4 92.6 87.3 91.3 92.5 91.9 100.7 97.0 94.1 93.9 96.6 104.7 101.4 100.5 96.0 275.3 90.8 107.1 97.5 92.8 95.7 90.8 146.86006944444443 96.77162978016206
1 294.3 320.1 316.8 314.9 303.5 303.5 308.3 300.3 306.7 308.6 307.7 301.9 298.0 307.0 301.5 296.7 302.8 319.2 300.6 314.6 306.7 310.1 305.2 305.4 313.3 302.9 312.0 313.7 315.4 296.1 305.4 305.8 299.8 309.6 313.2 306.9 306.8 302.2 302.7 320.4 308.8 311.8 322.6 315.3 318.3 323.1 321.7 314.7 313.0 317.9 326.3 322.9 304.0 301.2 306.2 316.0 323.5 320.2 310.1 296.9 313.6 323.2 328.5 323.1 321.0 332.3 334.6 337.9 327.2 327.5 324.6 330.8 326.2 338.8 334.5 340.6 334.9 315.8 318.6 317.8 321.1 327.8 355.1 337.3 332.6 346.6 336.7 319.7 332.5 333.1 325.7 342.3 332.4 6.4 356.7 17.4 351.1 296.6 285.2 325.0 329.6 336.2 328.5 292.6 330.9 327.5 291.0 334.2 308.4 320.7 340.3 342.5 296.1 313.1 347.9 328.7 355.3 358.2 337.7 346.2 15.6 29.2 38.0 356.7 290.6 11.0 8.3 358.9 80.4 97.4 131.7 142.9 160.6 178.4 191.6 143.6 139.3 115.8 84.1 100.6 120.8 117.6 105.1 86.9 96.6 126.5 123.9 67.5 81.9 120.2 98.5 93.3 134.1 101.5 134.2 139.1 151.0 92.5 100.9 147.7 158.6 135.3 118.6 129.5 134.4 136.4 137.8 112.1 119.9 132.0 133.1 94.8 86.1 106.7 92.3 53.2 50.4 54.3 52.2 51.9 38.8 41.5 41.4 37.3 54.5 70.4 69.4 56.4 67.8 61.4 58.8 67.3 65.4 105.2 26.7 91.4 116.4 94.7 64.4 74.4 89.3 98.8 86.4 28.3 17.7 60.6 55.5 53.9 47.2 43.4 53.1 54.9 59.0 67.6 66.7 68.9 106.8 83.2 78.2 72.6 58.0 62.2 102.8 96.6 89.3 104.6 132.1 85.6 87.4 63.6 106.3 167.5 171.2 170.3 161.0 147.3 120.6 145.4 144.1 156.4 153.0 128.7 154.1 150.9 152.0 132.7 96.4 134.8 163.8 161.7 156.9 179.0 180.6 174.1 190.1 175.9 211.5 205.3 215.9 236.3 261.7 0.0 4.6 24.0 29.6 10.6 347.0 354.3 22.0 305.6 216.4 227.6 272.4 298.2 283.7 250.0 279.1 284.6 309.4 333.5 86.7 93.2 331.7 325.4 334.6 329.0 309.9 302.1 205.64652777777775 115.48604296756317
2 313.8 310.0 313.8 311.5 315.3 312.9 316.3 314.1 320.6 303.5 317.8 304.8 312.3 317.8 320.7 323.5 328.1 324.1 313.0 314.9 314.9 317.1 313.7 318.7 314.2 319.4 322.8 317.6 313.5 318.1 317.3 312.8 315.4 314.8 323.1 331.7 331.1 333.5 328.5 328.6 332.7 341.6 339.5 336.6 341.5 341.9 333.0 333.0 336.7 337.3 334.2 329.9 330.8 327.8 322.2 320.4 317.7 314.5 316.3 313.6 318.4 315.2 321.1 332.0 333.6 334.7 326.9 325.6 337.5 323.6 316.2 318.1 321.1 326.7 308.9 304.4 309.3 308.9 302.5 302.5 297.9 292.3 307.4 327.4 306.8 313.7 319.8 330.9 4.6 9.8 358.6 334.7 355.3 24.9 15.1 52.4 60.3 50.6 65.7 64.0 67.3 114.3 106.4 237.8 261.1 245.1 253.1 254.3 280.2 266.1 269.1 277.5 288.0 270.8 261.1 261.2 259.2 234.4 235.1 272.8 279.5 285.2 0.3 313.5 239.7 336.7 305.2 329.1 350.6 354.8 342.9 330.9 1.3 348.9 342.9 4.8 50.1 41.7 359.5 314.7 319.3 325.3 316.6 301.3 279.3 277.0 254.4 140.7 127.4 121.6 141.2 143.6 184.7 165.7 175.3 155.8 154.6 139.6 151.5 149.7 143.4 154.5 172.1 178.2 224.0 235.2 193.3 150.3 97.3 87.9 91.0 84.3 89.3 99.0 77.3 97.0 106.0 93.0 77.3 88.2 89.6 80.5 65.8 85.0 98.3 94.7 87.0 87.4 92.9 96.4 86.4 82.0 75.2 78.8 78.9 80.1 79.8 80.3 76.9 78.0 78.1 68.2 71.7 67.1 71.2 72.9 75.8 73.9 76.9 73.9 72.9 70.9 69.0 68.7 67.0 70.3 62.2 60.3 61.1 62.3 54.7 64.6 64.6 69.0 59.9 83.0 83.1 76.6 0.0 0.0 25.3 41.5 45.4 54.7 75.1 100.7 148.3 183.7 183.4 191.0 174.9 22.2 34.8 42.3 49.6 44.0 205.3 127.1 45.4 0.0 95.0 67.6 67.7 100.5 81.9 70.7 65.7 61.3 52.6 58.5 58.9 71.3 81.3 80.0 90.4 97.6 89.9 74.5 66.9 70.4 78.3 91.3 93.0 90.3 99.1 105.6 103.0 90.2 87.0 96.9 103.6 105.5 95.5 88.1 82.4 83.2 90.5 88.1 188.88715277777783 118.12628248980664
3 301.7 305.3 306.9 319.2 314.9 311.0 313.7 312.5 311.9 300.2 306.5 301.5 299.7 298.3 306.4 305.1 294.9 301.9 295.8 286.3 282.8 293.4 296.4 277.2 285.5 290.4 294.1 290.6 278.5 283.7 277.6 282.6 283.5 267.6 276.1 269.3 263.9 281.2 270.0 272.8 272.0 268.3 273.1 272.3 288.6 279.7 276.3 282.8 293.5 280.4 292.6 289.2 277.5 286.4 302.7 287.3 272.2 265.0 271.0 277.8 277.8 269.2 268.1 254.9 254.7 269.7 260.0 259.9 265.4 262.4 261.2 267.5 269.7 271.0 269.5 275.0 280.0 278.9 278.8 271.9 270.0 265.8 268.7 254.5 259.5 260.2 249.0 259.5 245.4 265.4 271.3 252.8 257.8 251.2 242.7 261.3 248.3 250.6 255.4 265.7 258.2 261.8 250.7 257.2 274.2 279.8 282.5 281.2 283.3 320.8 298.5 284.4 279.7 275.4 280.4 292.6 318.1 304.2 297.7 261.0 280.2 279.8 258.1 254.5 296.7 292.1 346.5 241.2 280.5 293.2 292.4 279.7 290.5 279.4 281.5 307.0 1.6 338.6 310.4 252.7 284.9 298.0 325.9 341.7 329.4 291.8 294.8 338.3 352.1 25.7 29.6 42.6 27.1 55.3 44.1 24.8 137.3 175.8 169.3 150.0 154.2 136.7 49.0 319.0 272.4 85.6 95.8 122.6 121.1 206.3 209.6 218.6 200.7 244.2 247.4 232.3 213.2 224.7 274.3 257.7 248.5 271.2 268.4 264.3 268.3 280.6 257.3 242.5 230.8 242.8 230.1 209.9 219.5 245.1 232.3 211.2 212.4 208.6 106.3 126.7 134.4 118.9 80.8 68.6 74.4 71.9 94.7 99.1 101.6 108.0 111.4 105.9 101.3 108.2 84.0 72.5 82.4 91.1 82.1 64.2 64.9 67.8 71.8 66.5 62.2 64.9 69.7 72.3 79.5 78.4 80.9 79.3 82.5 93.2 110.7 117.9 107.8 116.1 95.8 87.8 88.8 95.7 75.2 91.1 78.7 88.2 104.5 99.0 101.5 105.9 112.0 95.1 100.3 122.3 125.7 126.2 96.2 95.7 89.8 98.9 83.7 77.7 88.7 85.8 82.9 76.8 83.2 56.0 82.6 77.5 76.7 87.0 72.7 69.9 71.7 67.5 78.4 76.3 79.3 76.9 84.9 96.7 96.5 89.8 86.6 94.2 80.2 80.8 204.57152777777782 94.80505886558974
4 330.8 331.3 335.7 326.1 329.0 307.4 311.1 321.9 313.5 298.0 299.9 303.9 302.7 316.3 315.0 309.3 311.5 308.5 303.5 296.9 301.6 300.2 297.3 301.1 307.7 308.1 311.6 311.7 304.1 307.6 314.3 312.7 291.8 292.0 290.2 290.1 300.9 299.5 297.7 317.7 24.5 329.8 349.8 5.0 342.0 344.7 341.8 13.7 329.2 341.9 355.8 329.6 342.9 8.6 351.3 20.9 355.5 350.6 357.7 335.8 353.5 342.9 330.8 329.1 344.1 333.3 345.2 342.3 327.5 333.3 330.2 330.2 332.0 330.8 322.1 334.0 329.9 325.7 326.2 335.4 333.1 327.6 316.3 321.3 317.3 332.3 328.4 320.8 327.4 327.5 326.5 318.6 319.4 320.4 338.0 342.5 335.4 340.2 34.5 9.9 33.3 21.7 34.1 58.5 62.9 61.4 45.3 30.0 63.9 51.4 49.8 35.9 58.8 59.8 52.2 60.0 6.0 308.1 123.3 142.6 100.6 124.3 119.2 139.4 193.5 199.6 222.5 187.2 255.0 273.1 271.2 0.0 147.3 240.8 274.4 196.1 164.7 165.4 111.9 119.8 171.4 170.0 164.3 147.0 177.3 286.7 315.7 355.4 157.5 161.9 154.3 149.9 153.4 159.7 154.8 169.6 155.7 165.7 168.2 167.8 163.3 171.5 159.5 141.9 116.2 125.9 150.9 179.2 251.9 246.4 267.4 260.3 263.6 272.9 37.1 44.0 81.4 93.4 110.5 122.2 0.0 143.1 133.2 163.2 107.4 101.2 113.1 127.8 136.1 136.2 136.1 0.0 135.9 130.9 116.4 109.3 103.7 84.8 83.5 94.8 95.0 62.8 59.8 63.6 69.7 68.9 72.6 75.3 79.5 74.9 69.5 70.1 65.3 65.5 68.8 71.4 70.3 64.1 61.3 64.2 65.7 62.6 68.1 71.1 66.8 73.4 65.8 66.2 70.4 72.0 73.8 62.7 60.2 81.2 94.1 77.9 95.0 71.4 68.1 74.3 98.0 114.9 110.2 89.8 96.5 111.3 117.9 127.4 140.4 128.8 188.9 150.0 134.5 133.3 77.6 83.0 83.0 106.0 113.0 108.1 110.9 111.4 114.4 115.3 123.1 136.6 118.0 99.1 86.3 77.8 75.3 80.2 90.2 89.5 95.6 88.5 94.1 92.6 94.4 90.2 97.1 91.1 90.5 100.8 98.6 92.2 94.5 100.3 180.76145833333334 112.52479993297683
5 311.4 310.4 315.7 311.5 312.2 312.3 310.7 316.1 310.2 316.9 312.1 312.3 321.6 312.6 313.2 317.2 313.1 306.4 311.5 309.6 313.4 312.7 313.9 313.4 317.0 322.0 315.5 317.0 312.5 314.5 319.3 310.2 316.8 310.5 321.8 311.5 300.7 310.7 315.9 313.4 311.2 317.6 316.2 315.4 318.9 314.4 311.6 302.2 326.3 309.7 317.3 304.1 309.5 315.4 311.6 300.4 311.5 309.1 307.2 316.8 313.3 308.8 309.5 309.2 312.0 323.0 321.0 320.0 321.3 325.7 325.8 319.9 329.4 335.9 337.3 329.6 338.5 333.9 338.4 330.0 322.0 319.8 322.9 324.8 320.7 313.3 306.9 307.5 296.8 285.3 294.0 294.8 289.0 289.6 302.2 292.7 303.8 318.4 311.5 307.2 319.0 299.1 307.5 300.7 297.2 306.5 326.6 305.6 301.2 312.6 326.1 303.7 313.0 307.9 286.6 311.7 312.9 327.2 334.8 323.0 343.7 311.6 253.5 259.3 267.4 270.3 261.3 268.1 272.3 277.5 276.0 283.0 272.2 269.3 269.5 272.2 267.7 265.7 267.1 271.8 285.9 290.3 296.9 297.4 277.5 277.9 281.2 281.5 283.4 298.6 290.1 287.8 288.9 288.7 266.5 263.9 274.5 267.9 266.4 278.7 289.7 292.1 275.2 291.9 286.9 288.9 300.9 313.2 300.7 315.8 303.9 292.6 278.3 279.6 293.9 290.2 267.8 283.0 295.4 283.6 282.8 281.1 291.8 281.5 273.4 293.0 292.6 302.9 287.5 291.6 296.2 292.9 308.9 326.9 301.5 287.3 276.3 281.4 297.2 289.2 285.6 285.6 306.8 306.8 308.1 318.6 326.4 326.4 0.0 326.6 128.1 0.0 0.0 0.0 0.0 0.0 0.0 0.0 0.0 133.1 134.9 130.9 119.8 106.0 99.7 106.4 97.0 89.6 89.8 96.2 110.0 122.4 126.2 145.7 148.9 87.7 98.7 104.5 107.2 138.4 203.5 225.1 164.7 90.7 105.7 122.4 128.3 116.2 113.5 146.9 165.9 194.4 141.5 131.1 0.0 0.0 0.0 0.0 0.0 247.3 251.6 244.7 219.1 218.4 214.0 169.7 142.2 150.8 132.4 137.7 130.7 113.8 83.3 66.1 79.1 86.9 88.9 88.3 84.4 80.6 82.9 82.3 93.5 81.4 84.7 88.2 91.6 88.0 248.2722222222222 95.78296928369166
6 -1.0 -1.0 -1.0 -1.0 -1.0 -1.0 -1.0 -1.0 -1.0 -1.0 -1.0 -1.0 -1.0 -1.0 -1.0 -1.0 -1.0 -1.0 -1.0 -1.0 -1.0 -1.0 -1.0 -1.0 -1.0 -1.0 -1.0 -1.0 -1.0 -1.0 -1.0 -1.0 -1.0 -1.0 -1.0 -1.0 -1.0 -1.0 -1.0 -1.0 -1.0 -1.0 -1.0 -1.0 -1.0 -1.0 -1.0 -1.0 -1.0 -1.0 -1.0 -1.0 -1.0 -1.0 -1.0 -1.0 -1.0 -1.0 -1.0 -1.0 -1.0 -1.0 -1.0 -1.0 -1.0 -1.0 -1.0 -1.0 -1.0 -1.0 -1.0 -1.0 -1.0 -1.0 -1.0 -1.0 -1.0 -1.0 -1.0 -1.0 -1.0 -1.0 -1.0 -1.0 -1.0 -1.0 -1.0 -1.0 -1.0 -1.0 -1.0 -1.0 -1.0 -1.0 -1.0 -1.0 -1.0 -1.0 -1.0 -1.0 -1.0 -1.0 -1.0 -1.0 -1.0 -1.0 -1.0 -1.0 -1.0 -1.0 -1.0 -1.0 -1.0 -1.0 -1.0 -1.0 -1.0 -1.0 -1.0 -1.0 -1.0 -1.0 -1.0 -1.0 -1.0 -1.0 -1.0 -1.0 -1.0 -1.0 -1.0 -1.0 -1.0 -1.0 -1.0 -1.0 -1.0 -1.0 -1.0 -1.0 -1.0 -1.0 -1.0 -1.0 -1.0 -1.0 -1.0 -1.0 -1.0 -1.0 -1.0 -1.0 -1.0 -1.0 -1.0 -1.0 -1.0 -1.0 -1.0 -1.0 -1.0 -1.0 -1.0 -1.0 -1.0 -1.0 -1.0 -1.0 -1.0 -1.0 -1.0 -1.0 -1.0 -1.0 -1.0 -1.0 -1.0 -1.0 -1.0 -1.0 -1.0 -1.0 -1.0 -1.0 -1.0 -1.0 -1.0 -1.0 -1.0 -1.0 -1.0 -1.0 -1.0 -1.0 -1.0 -1.0 -1.0 -1.0 -1.0 -1.0 -1.0 -1.0 -1.0 -1.0 -1.0 -1.0 -1.0 -1.0 -1.0 -1.0 -1.0 -1.0 -1.0 -1.0 -1.0 -1.0 -1.0 -1.0 -1.0 -1.0 -1.0 -1.0 -1.0 -1.0 -1.0 -1.0 -1.0 -1.0 -1.0 -1.0 -1.0 -1.0 -1.0 -1.0 -1.0 -1.0 -1.0 -1.0 -1.0 -1.0 -1.0 -1.0 -1.0 -1.0 -1.0 -1.0 -1.0 -1.0 -1.0 -1.0 -1.0 -1.0 -1.0 -1.0 -1.0 -1.0 -1.0 -1.0 -1.0 -1.0 -1.0 -1.0 -1.0 -1.0 -1.0 -1.0 -1.0 -1.0 -1.0 -1.0 -1.0 -1.0 -1.0 -1.0 -1.0 -1.0 -1.0 -1.0 -1.0 -1.0 -1.0 -1.0 -1.0 -1.0 -1.0 -1.0 -1.0 -1.0 -1.0 0.0
7 314.7 317.0 315.2 305.4 312.1 312.9 312.5 312.2 310.8 311.4 302.7 287.7 285.9 297.0 287.7 290.1 283.2 285.8 275.4 288.4 285.7 280.7 278.4 285.5 281.1 279.9 283.2 279.9 287.6 282.2 285.3 288.4 283.5 290.7 298.0 311.5 308.6 303.8 304.0 300.3 296.9 287.5 294.8 283.2 286.3 281.4 299.5 312.3 316.2 312.7 313.0 310.3 307.2 313.0 312.5 308.9 311.8 321.4 309.7 314.5 307.7 304.6 319.0 312.1 314.7 315.6 290.2 292.3 283.4 297.7 296.4 283.8 284.2 285.7 287.5 281.1 275.7 273.6 286.2 287.1 288.5 294.6 283.6 291.1 293.3 288.0 297.3 295.5 298.4 285.0 292.0 289.1 287.5 290.6 277.2 288.4 284.3 278.8 283.9 274.6 278.2 284.8 278.8 270.6 279.7 277.7 283.9 285.5 293.7 292.7 299.9 287.2 289.8 282.9 293.7 271.7 284.4 277.9 283.5 285.1 295.1 287.5 296.6 282.5 268.3 274.1 265.3 269.4 268.6 277.6 294.5 281.1 291.3 278.0 280.5 287.9 282.2 294.3 278.7 286.8 287.3 286.2 284.8 286.7 289.9 268.6 281.6 283.7 275.2 286.2 272.5 292.7 287.8 274.7 279.5 280.1 272.1 270.5 281.1 290.3 285.9 291.2 274.7 266.5 262.8 294.5 291.2 287.0 280.4 282.9 289.2 287.0 302.2 289.0 287.3 289.4 293.2 284.8 279.8 302.8 302.2 297.1 281.5 294.4 288.7 294.1 296.1 283.7 284.3 291.5 284.8 287.1 284.1 297.7 281.1 278.3 293.7 298.7 283.2 276.1 279.3 281.1 267.2 266.4 276.6 280.2 284.3 291.2 279.8 266.7 267.2 277.7 280.0 274.3 264.8 267.3 271.2 275.0 259.9 256.1 269.2 260.7 250.6 255.5 256.1 257.8 262.2 253.8 250.0 260.9 262.8 255.3 245.2 244.7 248.9 252.3 252.1 243.7 242.8 252.3 271.9 235.8 218.5 224.2 219.7 210.6 204.1 206.6 197.3 199.3 196.4 180.1 179.2 187.8 202.8 204.4 201.8 193.6 189.7 184.7 185.4 179.7 179.7 181.2 185.9 197.2 189.2 172.9 149.5 156.3 159.7 182.0 175.9 162.5 218.5 252.9 256.9 0.0 353.0 328.4 354.1 22.1 17.6 17.5 90.9 80.8 72.9 71.0 268.190625 51.62831194925866
8 298.9 299.2 322.1 285.4 276.6 269.4 313.1 301.0 307.0 309.2 315.6 302.6 304.6 313.5 292.9 305.9 321.9 312.4 336.3 316.8 305.5 312.6 330.5 344.2 327.9 325.7 314.2 299.9 326.3 289.7 318.9 320.0 294.1 300.7 289.7 290.8 290.8 296.8 301.4 310.5 302.7 306.1 320.3 328.3 319.0 324.4 304.6 310.5 316.6 291.6 311.3 304.9 289.5 303.9 302.9 275.3 285.0 305.5 303.2 240.5 259.3 309.8 278.1 295.6 247.7 282.2 250.7 231.6 274.5 272.7 257.9 279.2 298.7 257.1 221.7 269.2 290.0 230.5 212.5 265.6 229.2 294.7 297.2 286.5 298.3 297.3 25.9 274.6 233.4 321.5 286.8 288.3 292.9 294.4 288.1 308.4 287.9 294.0 306.9 300.7 311.0 308.0 283.8 295.7 276.2 272.3 278.9 253.7 261.1 239.1 289.7 319.8 299.3 261.6 346.5 334.6 341.6 314.6 302.4 291.6 321.8 324.7 314.6 305.6 314.7 334.1 319.8 292.5 340.2 319.9 306.4 299.8 316.8 319.5 314.4 300.3 237.0 216.4 224.1 254.6 264.4 233.1 212.8 215.9 226.3 270.1 275.0 266.4 289.2 290.0 296.3 218.6 264.8 265.6 266.4 227.4 264.1 302.0 299.2 305.2 306.6 327.9 318.7 311.8 321.6 316.4 314.8 256.2 272.1 285.9 285.3 304.2 294.9 311.3 318.9 302.7 322.3 326.6 319.1 310.4 305.2 317.0 307.5 322.4 319.0 319.4 320.1 312.7 324.4 321.1 315.1 284.5 304.1 303.9 320.4 315.4 332.4 335.1 338.5 353.7 306.6 329.4 329.3 276.0 279.3 318.1 57.1 193.3 259.8 255.9 254.3 276.5 214.2 217.6 216.3 224.1 236.2 238.6 234.5 226.5 235.2 244.0 242.8 236.4 245.3 251.9 256.9 262.6 310.8 300.3 307.4 301.7 259.5 304.2 357.0 25.7 304.3 310.7 125.1 209.8 282.3 278.7 277.9 293.2 281.9 275.5 282.6 340.8 71.5 117.1 197.6 280.8 1.9 239.6 237.3 251.3 273.9 344.2 26.6 330.1 334.1 326.8 245.2 225.7 231.7 21.6 22.0 21.8 318.9 267.4 308.7 299.6 254.2 253.8 246.2 241.5 353.2 284.9 336.6 358.9 261.8 263.6 0.0 13.9 6.1 0.1 24.7 23.3 274.3392361111111 69.24001749788789
9 293.1 300.7 309.3 287.0 311.1 289.3 296.8 300.0 303.3 303.3 314.5 317.8 313.9 311.2 314.0 307.7 295.2 303.5 308.4 309.0 304.8 313.0 298.5 311.6 305.9 310.4 316.7 313.3 300.7 300.4 305.9 305.7 308.2 296.3 303.9 297.6 298.4 315.8 305.7 301.4 293.8 303.5 298.4 309.7 298.6 286.6 295.8 303.5 301.9 318.7 314.4 308.9 312.6 316.8 310.6 319.2 318.0 318.9 310.5 305.6 318.3 311.6 315.9 327.4 316.2 314.5 314.4 314.8 314.4 318.7 322.6 318.5 323.7 315.3 328.5 335.3 328.7 323.2 323.6 335.1 349.7 339.9 333.5 330.5 320.8 320.6 312.9 326.2 324.2 310.2 323.4 325.4 323.9 322.9 336.8 327.9 331.3 344.8 345.3 336.2 332.7 324.1 319.1 327.0 319.0 336.4 327.4 313.7 338.2 322.2 330.8 329.5 340.6 315.2 328.2 325.9 328.0 333.9 323.9 333.4 330.6 324.3 337.5 340.1 307.2 329.1 312.5 324.2 328.0 320.7 321.8 328.8 321.6 338.6 307.3 318.5 324.7 314.3 313.3 359.0 357.7 352.5 354.9 330.0 310.9 335.0 340.5 331.9 349.8 332.7 319.0 321.6 281.8 292.3 297.0 311.3 318.7 313.6 305.7 320.9 307.2 323.8 321.8 322.6 289.1 264.9 314.2 296.2 282.4 300.4 296.2 305.7 296.9 286.2 313.9 295.1 316.9 332.9 334.9 328.8 318.9 330.2 330.4 341.4 333.2 0.5 4.9 10.9 345.0 351.0 350.4 346.4 333.5 310.9 322.2 313.5 291.5 304.3 314.9 321.7 316.8 305.4 314.6 309.2 313.8 341.4 33.8 40.3 35.5 39.9 34.4 45.2 17.8 344.2 5.2 351.1 0.0 0.0 351.2 169.1 131.5 46.9 14.1 49.1 24.8 13.5 337.7 359.7 5.4 348.3 341.7 345.4 0.0 0.0 0.0 32.9 25.2 0.0 0.0 162.2 162.1 14.3 344.2 346.5 345.3 301.0 212.2 6.7 119.4 186.3 220.6 86.6 117.1 58.9 338.6 359.3 108.0 304.7 225.7 2.4 355.0 268.4 298.6 11.2 28.1 45.8 17.8 345.7 26.2 336.5 287.6 263.4 110.3 33.9 347.0 333.1 2.5 68.7 56.2 37.1 21.5 2.8 15.1 24.1 27.0 18.1 1.8 345.5 263.15104166666663 114.05701856190925
END
#################################################################
SECTION3 (Edges Information)
EndPoint0 EndPoint1 Weight
0 1 1.000000
1 2 1.000000
2 3 1.000000
3 4 1.000000
3 5 1.000000
4 5 1.000000
4 6 1.000000
5 6 1.000000
5 7 1.000000
6 7 1.000000
7 8 1.000000
7 9 1.000000
8 9 1.000000
END
#################################################################
SECTION4 (TrueSubGraph Information)
EndPoint0 EndPoint1 Weight
END
#################################################################
