#################################################################
#APDM Input Graph, this input graph includes 3 sections:
#section1 : general information
#section2 : nodes
#section3 : edges
#section4 : trueSubGraph (Optional)
#
#if nodes haven't information set weight to null
#################################################################
SECTION1 (General Information)
numNodes = 10
numEdges = 39
usedAlgorithm = NULL
dataSource = TransWeatherRealData
END
#################################################################
SECTION2 (Nodes Information)
NodeID windDir  mean  std 
0 54.0 42.0 34.0 33.0 26.0 27.0 22.0 9.0 2.0 2.0 4.0 358.0 355.0 359.0 345.0 337.0 326.0 326.0 327.0 328.0 327.0 323.0 319.0 319.0 319.0 324.0 321.0 318.0 321.0 323.0 322.0 324.0 326.0 321.0 318.0 314.0 314.0 313.0 308.0 306.0 301.0 300.0 298.0 298.0 302.0 302.0 304.0 305.0 302.0 302.0 302.0 303.0 304.0 305.0 306.0 306.0 306.0 308.0 309.0 310.0 310.0 311.0 312.0 312.0 311.0 310.0 309.0 311.0 316.0 315.0 316.0 316.0 314.0 314.0 316.0 319.0 323.0 321.0 314.0 314.0 313.0 313.0 315.0 316.0 314.0 312.0 311.0 314.0 316.0 316.0 322.0 323.0 325.0 324.0 326.0 327.0 325.0 326.0 325.0 323.0 323.0 321.0 321.0 321.0 322.0 319.0 317.0 317.0 317.0 317.0 318.0 317.0 317.0 319.0 321.0 321.0 322.0 323.0 323.0 319.0 319.0 322.0 320.0 323.0 323.0 325.0 323.0 321.0 322.0 322.0 322.0 322.0 329.0 331.0 342.0 353.0 359.0 2.0 5.0 6.0 2.0 2.0 12.0 31.0 39.0 31.0 32.0 35.0 30.0 28.0 23.0 30.0 29.0 33.0 35.0 39.0 18.0 37.0 29.0 30.0 27.0 42.0 49.0 41.0 40.0 39.0 52.0 32.0 34.0 49.0 43.0 36.0 34.0 30.0 46.0 28.0 56.0 35.0 45.0 40.0 41.0 56.0 25.0 28.0 12.0 18.0 28.0 17.0 34.0 35.0 39.0 51.0 36.0 42.0 37.0 34.0 34.0 32.0 32.0 34.0 29.0 41.0 27.0 20.0 29.0 28.0 34.0 33.0 30.0 30.0 33.0 41.0 45.0 36.0 44.0 37.0 37.0 40.0 37.0 36.0 50.0 37.0 59.0 51.0 41.0 35.0 40.0 40.0 35.0 33.0 46.0 43.0 44.0 31.0 36.0 33.0 28.0 40.0 36.0 36.0 44.0 54.0 62.0 67.0 64.0 83.0 87.0 78.0 76.0 72.0 70.0 75.0 74.0 73.0 76.0 67.0 67.0 57.0 67.0 69.0 65.0 58.0 65.0 74.0 69.0 79.0 71.0 76.0 72.0 60.0 73.0 79.0 85.0 95.0 95.0 94.0 92.0 89.0 89.0 90.0 94.0 87.0 96.0 96.0 94.0 86.0 82.0 81.0 165.21527777777803 136.93090214008743
1 11.0 25.0 17.0 12.0 7.0 11.0 15.0 6.0 10.0 360.0 0.0 353.0 354.0 354.0 355.0 350.0 356.0 353.0 359.0 357.0 351.0 356.0 357.0 353.0 360.0 341.0 4.0 359.0 5.0 15.0 8.0 2.0 351.0 342.0 1.0 330.0 324.0 341.0 326.0 333.0 331.0 327.0 358.0 335.0 334.0 333.0 333.0 348.0 327.0 326.0 336.0 337.0 326.0 340.0 336.0 316.0 341.0 357.0 324.0 337.0 324.0 332.0 323.0 319.0 319.0 337.0 326.0 326.0 319.0 327.0 351.0 330.0 334.0 326.0 333.0 325.0 341.0 360.0 339.0 336.0 334.0 354.0 342.0 323.0 319.0 321.0 341.0 335.0 334.0 341.0 344.0 334.0 338.0 334.0 330.0 330.0 327.0 336.0 332.0 326.0 331.0 329.0 333.0 329.0 329.0 331.0 328.0 330.0 335.0 338.0 341.0 339.0 341.0 336.0 341.0 342.0 341.0 341.0 336.0 337.0 338.0 339.0 345.0 344.0 344.0 346.0 343.0 348.0 350.0 345.0 357.0 354.0 360.0 356.0 1.0 5.0 0.0 5.0 9.0 0.0 5.0 14.0 9.0 10.0 16.0 12.0 22.0 38.0 20.0 25.0 29.0 6.0 26.0 20.0 11.0 6.0 1.0 4.0 5.0 5.0 2.0 8.0 11.0 11.0 13.0 20.0 5.0 6.0 30.0 35.0 13.0 8.0 23.0 9.0 20.0 3.0 18.0 28.0 11.0 3.0 1.0 3.0 4.0 5.0 9.0 17.0 9.0 18.0 6.0 3.0 3.0 352.0 351.0 0.0 7.0 359.0 0.0 5.0 27.0 354.0 9.0 3.0 1.0 18.0 8.0 12.0 0.0 11.0 18.0 14.0 35.0 29.0 10.0 9.0 15.0 20.0 29.0 5.0 25.0 15.0 2.0 16.0 0.0 12.0 33.0 25.0 10.0 37.0 33.0 42.0 46.0 25.0 20.0 47.0 37.0 34.0 32.0 39.0 39.0 47.0 42.0 33.0 46.0 40.0 21.0 2.0 356.0 10.0 21.0 354.0 3.0 1.0 327.0 304.0 318.0 336.0 323.0 324.0 347.0 346.0 351.0 347.0 356.0 342.0 349.0 351.0 357.0 2.0 348.0 354.0 4.0 0.0 22.0 20.0 16.0 13.0 15.0 13.0 352.0 342.0 350.0 349.0 343.0 340.0 340.0 335.0 342.0 1.0 183.9895833333332 163.06937204813838
2 345.0 339.0 336.0 339.0 338.0 342.0 346.0 346.0 345.0 344.0 344.0 351.0 352.0 350.0 353.0 353.0 354.0 351.0 353.0 352.0 356.0 355.0 352.0 351.0 349.0 350.0 344.0 349.0 343.0 330.0 327.0 325.0 324.0 326.0 325.0 327.0 332.0 334.0 336.0 336.0 339.0 336.0 327.0 324.0 323.0 323.0 323.0 314.0 316.0 312.0 319.0 319.0 313.0 314.0 311.0 315.0 316.0 314.0 311.0 313.0 318.0 314.0 312.0 308.0 307.0 308.0 300.0 300.0 302.0 298.0 296.0 293.0 295.0 299.0 303.0 308.0 303.0 309.0 304.0 306.0 310.0 315.0 316.0 318.0 315.0 314.0 303.0 308.0 301.0 303.0 307.0 310.0 315.0 316.0 316.0 326.0 331.0 336.0 335.0 333.0 335.0 333.0 331.0 329.0 334.0 339.0 350.0 4.0 12.0 5.0 359.0 356.0 0.0 353.0 349.0 343.0 344.0 337.0 342.0 342.0 344.0 343.0 346.0 337.0 331.0 328.0 324.0 314.0 323.0 321.0 316.0 325.0 331.0 333.0 338.0 333.0 339.0 341.0 339.0 343.0 341.0 344.0 353.0 351.0 356.0 358.0 357.0 7.0 12.0 14.0 8.0 2.0 359.0 359.0 4.0 13.0 14.0 0.0 1.0 1.0 5.0 8.0 12.0 12.0 8.0 7.0 10.0 8.0 7.0 8.0 360.0 358.0 354.0 1.0 355.0 10.0 359.0 357.0 2.0 9.0 4.0 359.0 2.0 2.0 1.0 357.0 352.0 346.0 353.0 352.0 351.0 352.0 347.0 352.0 347.0 347.0 2.0 11.0 11.0 358.0 9.0 360.0 354.0 358.0 5.0 5.0 9.0 6.0 3.0 8.0 6.0 356.0 1.0 356.0 359.0 359.0 5.0 356.0 3.0 10.0 7.0 6.0 8.0 355.0 353.0 358.0 360.0 353.0 2.0 2.0 358.0 352.0 1.0 7.0 7.0 5.0 4.0 358.0 352.0 7.0 360.0 359.0 355.0 347.0 347.0 345.0 341.0 338.0 337.0 332.0 327.0 328.0 337.0 336.0 340.0 343.0 342.0 343.0 346.0 353.0 347.0 352.0 345.0 346.0 348.0 350.0 353.0 354.0 360.0 2.0 2.0 3.0 6.0 4.0 356.0 351.0 349.0 345.0 352.0 357.0 356.0 347.0 350.0 353.0 3.0 339.0 331.0 332.0 262.1006944444445 139.46043461073728
3 14.0 16.0 22.0 24.0 29.0 39.0 35.0 24.0 8.0 12.0 12.0 2.0 360.0 355.0 333.0 343.0 356.0 353.0 350.0 347.0 346.0 349.0 345.0 352.0 354.0 348.0 1.0 351.0 350.0 343.0 342.0 351.0 347.0 346.0 2.0 355.0 354.0 357.0 351.0 356.0 338.0 347.0 13.0 8.0 26.0 27.0 295.0 0.0 294.0 258.0 189.0 189.0 226.0 227.0 216.0 234.0 258.0 266.0 252.0 229.0 219.0 218.0 215.0 216.0 226.0 230.0 258.0 0.0 163.0 159.0 229.0 236.0 214.0 214.0 241.0 0.0 248.0 217.0 217.0 218.0 259.0 247.0 236.0 248.0 249.0 258.0 273.0 282.0 283.0 277.0 268.0 260.0 247.0 269.0 253.0 271.0 272.0 285.0 296.0 309.0 318.0 342.0 325.0 331.0 12.0 2.0 31.0 54.0 63.0 139.0 0.0 224.0 241.0 247.0 263.0 352.0 332.0 340.0 345.0 348.0 340.0 344.0 316.0 351.0 353.0 15.0 7.0 40.0 38.0 76.0 353.0 333.0 333.0 339.0 344.0 353.0 2.0 349.0 351.0 7.0 6.0 4.0 359.0 332.0 345.0 354.0 345.0 353.0 351.0 12.0 358.0 2.0 14.0 13.0 354.0 350.0 352.0 346.0 359.0 355.0 2.0 349.0 345.0 1.0 354.0 6.0 9.0 5.0 1.0 349.0 356.0 342.0 357.0 346.0 335.0 334.0 337.0 333.0 333.0 338.0 334.0 335.0 338.0 352.0 338.0 333.0 4.0 345.0 348.0 335.0 332.0 330.0 333.0 339.0 348.0 351.0 358.0 349.0 345.0 334.0 331.0 335.0 334.0 335.0 336.0 337.0 336.0 349.0 344.0 350.0 342.0 335.0 340.0 335.0 341.0 337.0 343.0 337.0 332.0 338.0 328.0 338.0 336.0 336.0 352.0 340.0 334.0 336.0 332.0 346.0 343.0 338.0 346.0 345.0 337.0 355.0 4.0 338.0 329.0 328.0 320.0 248.0 219.0 229.0 245.0 265.0 236.0 195.0 188.0 210.0 13.0 345.0 1.0 10.0 10.0 41.0 50.0 68.0 64.0 46.0 56.0 51.0 40.0 48.0 60.0 51.0 38.0 37.0 38.0 46.0 42.0 44.0 55.0 78.0 84.0 86.0 83.0 75.0 77.0 66.0 69.0 84.0 88.0 88.0 90.0 79.0 82.0 80.0 228.3402777777778 134.58627600584387
4 43.0 42.0 41.0 37.0 35.0 40.0 29.0 46.0 34.0 39.0 37.0 29.0 34.0 4.0 6.0 7.0 22.0 11.0 13.0 1.0 9.0 17.0 359.0 19.0 20.0 27.0 23.0 24.0 21.0 349.0 350.0 336.0 332.0 331.0 340.0 334.0 334.0 354.0 21.0 338.0 329.0 333.0 351.0 18.0 330.0 8.0 4.0 303.0 13.0 289.0 337.0 338.0 320.0 341.0 331.0 330.0 341.0 345.0 319.0 328.0 311.0 354.0 195.0 269.0 318.0 318.0 324.0 332.0 320.0 330.0 326.0 321.0 322.0 331.0 330.0 325.0 327.0 323.0 321.0 322.0 326.0 310.0 319.0 329.0 333.0 333.0 331.0 336.0 331.0 328.0 332.0 330.0 329.0 327.0 328.0 327.0 342.0 329.0 331.0 327.0 330.0 332.0 331.0 339.0 349.0 330.0 332.0 320.0 333.0 329.0 314.0 330.0 328.0 332.0 336.0 326.0 334.0 334.0 332.0 340.0 349.0 349.0 7.0 340.0 345.0 333.0 335.0 332.0 352.0 15.0 355.0 335.0 350.0 342.0 337.0 334.0 330.0 332.0 331.0 342.0 351.0 352.0 334.0 343.0 332.0 327.0 328.0 329.0 329.0 323.0 324.0 330.0 332.0 336.0 340.0 331.0 327.0 331.0 331.0 322.0 335.0 338.0 334.0 6.0 5.0 352.0 350.0 322.0 320.0 317.0 314.0 318.0 326.0 316.0 301.0 317.0 314.0 314.0 318.0 330.0 326.0 44.0 62.0 65.0 71.0 61.0 17.0 30.0 29.0 45.0 51.0 56.0 14.0 3.0 42.0 39.0 36.0 32.0 39.0 45.0 50.0 9.0 24.0 45.0 55.0 15.0 17.0 22.0 27.0 12.0 26.0 355.0 5.0 38.0 57.0 61.0 21.0 52.0 59.0 51.0 62.0 57.0 46.0 46.0 21.0 29.0 61.0 49.0 54.0 56.0 61.0 92.0 94.0 87.0 66.0 60.0 59.0 67.0 79.0 86.0 92.0 78.0 50.0 38.0 27.0 9.0 108.0 110.0 108.0 109.0 106.0 111.0 113.0 105.0 120.0 114.0 80.0 85.0 111.0 121.0 141.0 127.0 123.0 120.0 122.0 121.0 116.0 140.0 159.0 146.0 142.0 114.0 123.0 109.0 97.0 74.0 34.0 36.0 94.0 80.0 78.0 155.0 318.0 308.0 285.0 284.0 281.0 185.0 198.66319444444434 139.47245466138526
5 349.0 11.0 20.0 10.0 30.0 47.0 47.0 45.0 42.0 40.0 42.0 30.0 33.0 30.0 33.0 28.0 24.0 24.0 23.0 27.0 37.0 42.0 42.0 34.0 34.0 26.0 19.0 18.0 17.0 22.0 22.0 21.0 29.0 25.0 30.0 33.0 33.0 35.0 32.0 32.0 26.0 20.0 4.0 360.0 357.0 6.0 6.0 6.0 10.0 12.0 20.0 10.0 0.0 1.0 346.0 350.0 346.0 338.0 343.0 350.0 360.0 8.0 5.0 357.0 1.0 1.0 357.0 353.0 10.0 11.0 10.0 13.0 18.0 28.0 24.0 31.0 44.0 36.0 29.0 26.0 21.0 14.0 17.0 10.0 3.0 358.0 351.0 336.0 328.0 326.0 338.0 346.0 341.0 344.0 348.0 349.0 352.0 357.0 360.0 354.0 340.0 350.0 346.0 335.0 337.0 347.0 347.0 358.0 2.0 1.0 340.0 331.0 343.0 349.0 354.0 356.0 358.0 355.0 353.0 348.0 343.0 345.0 1.0 6.0 7.0 6.0 7.0 3.0 8.0 19.0 12.0 20.0 29.0 44.0 25.0 9.0 15.0 26.0 35.0 36.0 36.0 30.0 36.0 34.0 40.0 4.0 17.0 25.0 35.0 27.0 5.0 13.0 9.0 21.0 35.0 27.0 38.0 34.0 1.0 35.0 60.0 40.0 71.0 39.0 36.0 42.0 63.0 49.0 29.0 28.0 51.0 74.0 29.0 29.0 351.0 341.0 66.0 38.0 45.0 40.0 63.0 74.0 84.0 279.0 312.0 307.0 346.0 309.0 312.0 323.0 353.0 4.0 360.0 220.0 215.0 230.0 248.0 201.0 215.0 206.0 175.0 167.0 164.0 102.0 129.0 216.0 125.0 73.0 97.0 183.0 162.0 129.0 115.0 106.0 107.0 129.0 140.0 141.0 144.0 131.0 129.0 131.0 133.0 132.0 116.0 107.0 103.0 116.0 123.0 120.0 123.0 131.0 132.0 137.0 127.0 132.0 121.0 102.0 97.0 107.0 132.0 134.0 123.0 94.0 122.0 108.0 109.0 128.0 118.0 129.0 124.0 118.0 86.0 105.0 131.0 103.0 76.0 47.0 14.0 78.0 105.0 91.0 48.0 33.0 19.0 355.0 1.0 348.0 342.0 320.0 300.0 298.0 229.0 216.0 224.0 162.0 167.0 161.0 151.0 152.0 176.0 240.0 258.0 258.0 280.0 297.0 332.0 354.0 133.625 129.4077570929147
6 15.0 19.0 20.0 21.0 14.0 18.0 17.0 20.0 16.0 17.0 20.0 21.0 25.0 27.0 23.0 25.0 22.0 25.0 21.0 17.0 22.0 21.0 17.0 17.0 18.0 12.0 16.0 15.0 19.0 18.0 17.0 14.0 8.0 4.0 356.0 359.0 0.0 5.0 7.0 5.0 7.0 9.0 6.0 8.0 8.0 6.0 6.0 8.0 8.0 6.0 3.0 358.0 354.0 353.0 355.0 357.0 357.0 354.0 348.0 349.0 348.0 350.0 353.0 349.0 351.0 346.0 263.0 170.0 177.0 197.0 242.0 277.0 296.0 312.0 232.0 192.0 217.0 230.0 276.0 291.0 295.0 320.0 303.0 322.0 329.0 310.0 20.0 2.0 343.0 338.0 324.0 328.0 332.0 356.0 316.0 297.0 325.0 318.0 329.0 342.0 325.0 329.0 330.0 341.0 340.0 332.0 325.0 328.0 328.0 323.0 322.0 328.0 332.0 332.0 337.0 336.0 332.0 333.0 327.0 333.0 334.0 332.0 334.0 338.0 339.0 347.0 345.0 349.0 350.0 352.0 358.0 355.0 353.0 360.0 4.0 355.0 358.0 354.0 353.0 356.0 358.0 6.0 17.0 15.0 17.0 4.0 1.0 1.0 8.0 18.0 15.0 21.0 33.0 26.0 8.0 50.0 19.0 25.0 7.0 26.0 30.0 55.0 360.0 8.0 34.0 45.0 36.0 349.0 46.0 34.0 80.0 63.0 76.0 84.0 88.0 94.0 90.0 84.0 74.0 75.0 93.0 97.0 72.0 82.0 81.0 73.0 72.0 75.0 71.0 67.0 66.0 46.0 55.0 81.0 77.0 73.0 78.0 69.0 57.0 81.0 92.0 79.0 62.0 74.0 90.0 78.0 86.0 89.0 100.0 194.0 179.0 193.0 187.0 195.0 194.0 198.0 192.0 198.0 198.0 199.0 206.0 217.0 185.0 110.0 35.0 7.0 2.0 4.0 2.0 167.0 171.0 194.0 212.0 209.0 202.0 212.0 216.0 221.0 221.0 226.0 228.0 240.0 266.0 266.0 266.0 258.0 257.0 305.0 339.0 353.0 351.0 353.0 350.0 8.0 10.0 14.0 13.0 13.0 12.0 16.0 357.0 359.0 353.0 349.0 341.0 347.0 351.0 333.0 4.0 15.0 5.0 353.0 352.0 356.0 0.0 17.0 29.0 28.0 28.0 19.0 43.0 110.0 178.0 186.0 193.0 190.0 184.0 188.0 167.35416666666663 140.625405922759
7 61.0 69.0 65.0 70.0 73.0 78.0 97.0 96.0 246.0 239.0 218.0 202.0 196.0 201.0 215.0 219.0 225.0 216.0 212.0 222.0 215.0 210.0 208.0 216.0 212.0 206.0 207.0 219.0 213.0 234.0 228.0 199.0 216.0 222.0 214.0 218.0 210.0 210.0 203.0 206.0 217.0 227.0 229.0 247.0 247.0 242.0 244.0 252.0 271.0 262.0 243.0 223.0 220.0 239.0 246.0 263.0 255.0 277.0 240.0 228.0 214.0 224.0 253.0 276.0 307.0 272.0 217.0 241.0 241.0 245.0 240.0 244.0 258.0 307.0 309.0 311.0 305.0 303.0 316.0 312.0 315.0 300.0 294.0 288.0 284.0 286.0 172.0 198.0 205.0 228.0 238.0 215.0 217.0 233.0 228.0 228.0 222.0 220.0 216.0 223.0 128.0 139.0 247.0 204.0 180.0 0.0 78.0 71.0 281.0 243.0 230.0 202.0 75.0 296.0 295.0 162.0 270.0 205.0 212.0 225.0 206.0 204.0 195.0 204.0 187.0 208.0 144.0 210.0 264.0 223.0 245.0 242.0 199.0 199.0 196.0 199.0 227.0 218.0 215.0 254.0 238.0 248.0 322.0 330.0 315.0 214.0 205.0 336.0 336.0 3.0 15.0 0.0 44.0 88.0 62.0 73.0 65.0 38.0 29.0 40.0 21.0 14.0 18.0 45.0 67.0 104.0 86.0 61.0 87.0 119.0 134.0 141.0 130.0 121.0 111.0 114.0 90.0 84.0 89.0 75.0 104.0 97.0 111.0 87.0 32.0 67.0 107.0 134.0 111.0 117.0 127.0 142.0 144.0 161.0 164.0 165.0 182.0 185.0 190.0 183.0 176.0 169.0 175.0 168.0 169.0 139.0 116.0 95.0 83.0 101.0 121.0 78.0 21.0 19.0 77.0 59.0 49.0 128.0 131.0 150.0 182.0 193.0 201.0 205.0 198.0 191.0 181.0 255.0 226.0 169.0 78.0 292.0 98.0 67.0 100.0 102.0 313.0 321.0 318.0 320.0 309.0 308.0 306.0 317.0 316.0 307.0 327.0 320.0 282.0 282.0 270.0 306.0 294.0 307.0 287.0 326.0 314.0 323.0 319.0 316.0 313.0 344.0 354.0 344.0 338.0 262.0 238.0 197.0 166.0 157.0 135.0 10.0 6.0 7.0 16.0 352.0 335.0 338.0 218.0 199.0 198.0 198.0 169.0 166.0 162.0 0.0 0.0 26.0 192.65625 89.27920751552011
8 358.0 357.0 352.0 353.0 55.0 40.0 64.0 36.0 33.0 37.0 56.0 49.0 60.0 47.0 67.0 54.0 58.0 79.0 51.0 90.0 109.0 131.0 55.0 15.0 355.0 335.0 334.0 337.0 299.0 289.0 316.0 331.0 341.0 341.0 25.0 6.0 6.0 352.0 21.0 88.0 202.0 329.0 323.0 341.0 356.0 335.0 330.0 191.0 195.0 217.0 248.0 349.0 316.0 318.0 328.0 186.0 198.0 194.0 211.0 0.0 336.0 236.0 217.0 306.0 4.0 7.0 271.0 231.0 252.0 270.0 345.0 187.0 298.0 308.0 341.0 2.0 1.0 1.0 1.0 350.0 353.0 354.0 6.0 355.0 5.0 351.0 352.0 338.0 340.0 343.0 355.0 348.0 344.0 335.0 339.0 331.0 327.0 342.0 350.0 351.0 352.0 358.0 358.0 357.0 351.0 355.0 359.0 360.0 356.0 358.0 356.0 351.0 354.0 1.0 4.0 357.0 355.0 349.0 3.0 352.0 339.0 6.0 5.0 12.0 18.0 7.0 2.0 12.0 10.0 14.0 10.0 11.0 12.0 16.0 38.0 59.0 62.0 70.0 62.0 51.0 61.0 57.0 64.0 59.0 61.0 49.0 48.0 62.0 55.0 57.0 50.0 44.0 51.0 52.0 49.0 55.0 48.0 49.0 47.0 51.0 62.0 55.0 46.0 51.0 53.0 50.0 46.0 65.0 63.0 60.0 56.0 51.0 47.0 46.0 46.0 53.0 45.0 62.0 61.0 54.0 59.0 66.0 66.0 56.0 58.0 70.0 62.0 76.0 74.0 81.0 72.0 61.0 46.0 30.0 21.0 46.0 65.0 72.0 2.0 30.0 46.0 52.0 47.0 47.0 48.0 55.0 52.0 36.0 41.0 83.0 67.0 58.0 61.0 96.0 144.0 80.0 66.0 87.0 98.0 71.0 40.0 45.0 93.0 61.0 66.0 193.0 156.0 198.0 189.0 196.0 206.0 218.0 209.0 196.0 194.0 174.0 183.0 193.0 210.0 202.0 205.0 204.0 201.0 203.0 206.0 200.0 202.0 197.0 204.0 186.0 175.0 182.0 190.0 185.0 182.0 194.0 188.0 194.0 205.0 197.0 203.0 216.0 225.0 228.0 280.0 252.0 307.0 341.0 326.0 316.0 230.0 244.0 319.0 354.0 15.0 60.0 75.0 72.0 82.0 101.0 114.0 114.0 115.0 59.0 312.0 332.0 324.0 75.0 159.70833333333337 127.07666620617907
9 36.0 35.0 17.0 21.0 22.0 23.0 1.0 18.0 25.0 28.0 41.0 30.0 50.0 27.0 39.0 25.0 32.0 37.0 25.0 33.0 44.0 41.0 40.0 42.0 27.0 34.0 34.0 27.0 26.0 26.0 10.0 18.0 39.0 39.0 44.0 284.0 157.0 124.0 102.0 67.0 265.0 0.0 63.0 56.0 28.0 37.0 37.0 53.0 63.0 75.0 72.0 80.0 121.0 233.0 196.0 126.0 202.0 226.0 213.0 224.0 189.0 180.0 233.0 239.0 187.0 184.0 183.0 358.0 60.0 46.0 33.0 34.0 50.0 235.0 218.0 178.0 172.0 160.0 198.0 192.0 211.0 318.0 290.0 327.0 12.0 105.0 169.0 316.0 3.0 11.0 19.0 52.0 39.0 326.0 291.0 309.0 299.0 104.0 128.0 0.0 246.0 199.0 194.0 238.0 91.0 87.0 77.0 53.0 64.0 121.0 321.0 309.0 317.0 166.0 174.0 59.0 16.0 14.0 33.0 41.0 350.0 335.0 330.0 332.0 342.0 345.0 318.0 315.0 341.0 333.0 344.0 349.0 351.0 354.0 10.0 23.0 28.0 1.0 354.0 343.0 337.0 340.0 2.0 353.0 9.0 16.0 26.0 25.0 45.0 45.0 41.0 16.0 31.0 46.0 24.0 27.0 1.0 18.0 20.0 27.0 349.0 347.0 358.0 339.0 334.0 325.0 338.0 6.0 9.0 14.0 40.0 54.0 54.0 345.0 1.0 354.0 7.0 2.0 345.0 16.0 17.0 16.0 23.0 24.0 18.0 29.0 49.0 61.0 24.0 35.0 42.0 40.0 35.0 36.0 48.0 37.0 39.0 42.0 27.0 28.0 45.0 39.0 39.0 45.0 38.0 56.0 74.0 68.0 41.0 106.0 104.0 74.0 75.0 79.0 65.0 65.0 65.0 114.0 55.0 77.0 72.0 103.0 84.0 91.0 149.0 107.0 107.0 117.0 91.0 72.0 88.0 70.0 94.0 74.0 85.0 91.0 92.0 84.0 89.0 110.0 95.0 87.0 99.0 100.0 96.0 96.0 87.0 120.0 134.0 137.0 126.0 128.0 158.0 147.0 162.0 159.0 138.0 119.0 113.0 97.0 97.0 99.0 114.0 114.0 63.0 91.0 12.0 39.0 57.0 91.0 98.0 92.0 101.0 83.0 126.0 99.0 130.0 116.0 130.0 125.0 94.0 118.0 110.0 134.0 143.0 134.0 113.0 127.0 115.7430555555555 105.97736570701782
END
#################################################################
SECTION3 (Edges Information)
EndPoint0 EndPoint1 Weight
0 1 1.000000
1 2 1.000000
2 3 1.000000
3 4 1.000000
3 5 1.000000
4 5 1.000000
4 6 1.000000
5 6 1.000000
5 7 1.000000
6 7 1.000000
7 8 1.000000
7 9 1.000000
8 9 1.000000
0 1 1.000000
1 2 1.000000
2 3 1.000000
3 4 1.000000
3 5 1.000000
4 5 1.000000
4 6 1.000000
5 6 1.000000
5 7 1.000000
6 7 1.000000
7 8 1.000000
7 9 1.000000
8 9 1.000000
0 1 1.000000
1 2 1.000000
2 3 1.000000
3 4 1.000000
3 5 1.000000
4 5 1.000000
4 6 1.000000
5 6 1.000000
5 7 1.000000
6 7 1.000000
7 8 1.000000
7 9 1.000000
8 9 1.000000
END
#################################################################
SECTION4 (TrueSubGraph Information)
EndPoint0 EndPoint1 Weight
END
#################################################################
