#################################################################
#APDM Input Graph, this input graph includes 3 sections:
#section1 : general information
#section2 : nodes
#section3 : edges
#section4 : trueSubGraph (Optional)
#
#if nodes haven't information set weight to null
#################################################################
SECTION1 (General Information)
numNodes = 10
numEdges = 13
usedAlgorithm = NULL
dataSource = TransWeatherRealData
END
#################################################################
SECTION2 (Nodes Information)
NodeID windDir  mean  std 
0 65.0 68.0 67.0 64.0 65.0 65.0 71.0 68.0 79.0 84.0 82.0 82.0 83.0 85.0 74.0 77.0 88.0 94.0 100.0 104.0 107.0 109.0 106.0 104.0 108.0 106.0 108.0 109.0 116.0 122.0 117.0 119.0 114.0 115.0 121.0 125.0 120.0 122.0 126.0 131.0 140.0 138.0 134.0 131.0 126.0 130.0 132.0 134.0 133.0 133.0 133.0 136.0 131.0 128.0 128.0 129.0 136.0 139.0 138.0 134.0 135.0 132.0 124.0 118.0 127.0 132.0 126.0 126.0 144.0 150.0 145.0 137.0 139.0 137.0 114.0 116.0 146.0 156.0 157.0 163.0 160.0 162.0 163.0 157.0 160.0 171.0 166.0 170.0 177.0 185.0 189.0 183.0 184.0 182.0 189.0 183.0 169.0 172.0 182.0 186.0 181.0 160.0 134.0 133.0 116.0 125.0 117.0 111.0 98.0 95.0 94.0 94.0 98.0 92.0 96.0 98.0 105.0 108.0 101.0 105.0 99.0 107.0 145.0 138.0 130.0 127.0 145.0 138.0 136.0 139.0 148.0 143.0 146.0 132.0 120.0 164.0 170.0 149.0 160.0 172.0 156.0 131.0 155.0 140.0 128.0 113.0 126.0 131.0 135.0 135.0 131.0 128.0 126.0 133.0 160.0 149.0 120.0 106.0 79.0 107.0 131.0 127.0 125.0 127.0 128.0 137.0 135.0 126.0 125.0 128.0 117.0 125.0 118.0 101.0 103.0 118.0 116.0 128.0 138.0 155.0 126.0 132.0 126.0 132.0 147.0 133.0 139.0 141.0 151.0 139.0 160.0 147.0 161.0 147.0 144.0 147.0 170.0 161.0 170.0 189.0 187.0 186.0 195.0 179.0 196.0 178.0 160.0 198.0 216.0 210.0 194.0 171.0 177.0 197.0 198.0 182.0 223.0 239.0 222.0 198.0 184.0 216.0 218.0 192.0 201.0 226.0 221.0 192.0 210.0 214.0 210.0 230.0 271.0 266.0 222.0 238.0 216.0 251.0 245.0 227.0 260.0 274.0 278.0 268.0 289.0 286.0 282.0 199.0 281.0 283.0 336.0 325.0 343.0 336.0 326.0 335.0 344.0 330.0 334.0 337.0 331.0 340.0 333.0 337.0 330.0 339.0 344.0 347.0 345.0 343.0 343.0 343.0 340.0 341.0 344.0 353.0 360.0 355.0 350.0 360.0 4.0 10.0 18.0 14.0 357.0 357.0 6.0 355.0 167.625 78.8494684570428
1 4.0 6.0 102.0 238.0 226.0 227.0 242.0 270.0 301.0 275.0 314.0 322.0 310.0 293.0 295.0 279.0 282.0 250.0 256.0 251.0 249.0 259.0 246.0 242.0 241.0 238.0 240.0 244.0 249.0 243.0 255.0 237.0 244.0 240.0 234.0 231.0 230.0 219.0 216.0 231.0 218.0 216.0 227.0 221.0 224.0 223.0 224.0 219.0 208.0 225.0 237.0 221.0 234.0 236.0 235.0 237.0 232.0 230.0 234.0 246.0 242.0 232.0 232.0 238.0 251.0 239.0 242.0 233.0 236.0 243.0 252.0 258.0 229.0 242.0 251.0 244.0 245.0 247.0 184.0 121.0 122.0 212.0 198.0 233.0 231.0 136.0 0.0 0.0 288.0 281.0 300.0 295.0 292.0 286.0 298.0 308.0 305.0 141.0 155.0 165.0 289.0 285.0 288.0 279.0 292.0 283.0 276.0 281.0 276.0 251.0 242.0 146.0 155.0 231.0 312.0 307.0 286.0 280.0 280.0 170.0 162.0 92.0 100.0 306.0 298.0 295.0 273.0 214.0 124.0 144.0 151.0 316.0 340.0 332.0 303.0 320.0 321.0 321.0 321.0 339.0 343.0 357.0 78.0 116.0 112.0 127.0 56.0 65.0 69.0 88.0 95.0 97.0 119.0 108.0 103.0 106.0 92.0 94.0 101.0 104.0 112.0 111.0 107.0 113.0 112.0 99.0 106.0 106.0 117.0 125.0 117.0 123.0 146.0 135.0 152.0 158.0 163.0 166.0 160.0 166.0 162.0 163.0 170.0 175.0 181.0 164.0 169.0 180.0 177.0 150.0 158.0 169.0 163.0 156.0 164.0 176.0 161.0 163.0 179.0 165.0 160.0 153.0 142.0 153.0 175.0 153.0 169.0 189.0 183.0 179.0 170.0 168.0 148.0 155.0 158.0 168.0 151.0 145.0 151.0 156.0 153.0 157.0 166.0 148.0 145.0 143.0 141.0 151.0 166.0 170.0 152.0 175.0 167.0 160.0 179.0 178.0 159.0 151.0 163.0 184.0 165.0 163.0 168.0 168.0 160.0 160.0 158.0 152.0 168.0 217.0 193.0 180.0 174.0 158.0 162.0 189.0 166.0 175.0 179.0 168.0 176.0 175.0 166.0 176.0 177.0 178.0 176.0 174.0 192.0 164.0 171.0 169.0 167.0 171.0 183.0 178.0 175.0 177.0 176.0 181.0 174.0 171.0 179.0 184.0 184.0 182.0 176.0 177.0 195.90625 66.3774569418691
2 347.0 346.0 357.0 2.0 358.0 354.0 354.0 349.0 343.0 338.0 325.0 326.0 310.0 296.0 289.0 300.0 325.0 333.0 236.0 213.0 213.0 222.0 250.0 259.0 261.0 261.0 261.0 261.0 261.0 0.0 202.0 199.0 217.0 237.0 256.0 311.0 289.0 260.0 272.0 265.0 252.0 264.0 255.0 260.0 266.0 254.0 263.0 258.0 269.0 265.0 255.0 264.0 258.0 243.0 237.0 249.0 252.0 256.0 284.0 269.0 262.0 230.0 230.0 235.0 267.0 0.0 0.0 274.0 100.0 113.0 88.0 84.0 101.0 177.0 216.0 245.0 237.0 268.0 275.0 250.0 0.0 163.0 159.0 148.0 202.0 179.0 114.0 114.0 0.0 0.0 48.0 44.0 46.0 0.0 68.0 51.0 56.0 96.0 232.0 227.0 222.0 222.0 261.0 288.0 26.0 32.0 47.0 105.0 140.0 137.0 124.0 168.0 204.0 283.0 42.0 35.0 350.0 359.0 311.0 275.0 247.0 225.0 211.0 216.0 113.0 150.0 190.0 216.0 192.0 148.0 122.0 146.0 152.0 167.0 171.0 161.0 149.0 151.0 152.0 157.0 160.0 168.0 164.0 159.0 161.0 163.0 151.0 157.0 159.0 169.0 165.0 149.0 176.0 173.0 180.0 170.0 161.0 162.0 162.0 167.0 169.0 155.0 165.0 154.0 150.0 151.0 152.0 157.0 165.0 178.0 169.0 156.0 166.0 168.0 164.0 164.0 164.0 159.0 153.0 158.0 169.0 148.0 188.0 184.0 192.0 143.0 141.0 158.0 152.0 163.0 175.0 151.0 172.0 163.0 150.0 140.0 156.0 139.0 140.0 139.0 156.0 156.0 154.0 156.0 155.0 150.0 144.0 144.0 168.0 167.0 170.0 170.0 154.0 151.0 166.0 160.0 149.0 153.0 165.0 146.0 144.0 142.0 138.0 142.0 154.0 136.0 139.0 139.0 132.0 134.0 133.0 149.0 147.0 131.0 152.0 146.0 134.0 151.0 153.0 153.0 150.0 151.0 164.0 149.0 155.0 144.0 146.0 150.0 154.0 140.0 141.0 140.0 154.0 157.0 149.0 152.0 147.0 145.0 169.0 176.0 159.0 170.0 157.0 164.0 170.0 174.0 173.0 178.0 181.0 185.0 185.0 182.0 179.0 179.0 170.0 171.0 158.0 160.0 146.0 151.0 152.0 149.0 150.0 155.0 151.0 157.0 158.0 165.0 180.548611111111 71.7727083962848
3 356.0 9.0 15.0 9.0 2.0 29.0 108.0 114.0 134.0 0.0 111.0 0.0 0.0 0.0 0.0 0.0 111.0 111.0 111.0 122.0 143.0 142.0 161.0 170.0 181.0 143.0 142.0 123.0 142.0 146.0 158.0 147.0 167.0 122.0 130.0 133.0 123.0 113.0 124.0 123.0 169.0 138.0 156.0 164.0 129.0 126.0 104.0 102.0 133.0 140.0 140.0 140.0 140.0 95.0 125.0 129.0 131.0 131.0 130.0 125.0 120.0 139.0 138.0 149.0 167.0 167.0 242.0 248.0 242.0 232.0 0.0 232.0 106.0 101.0 75.0 86.0 89.0 96.0 103.0 193.0 195.0 77.0 0.0 0.0 54.0 88.0 128.0 115.0 183.0 245.0 246.0 246.0 0.0 245.0 125.0 111.0 169.0 86.0 108.0 122.0 181.0 158.0 84.0 89.0 80.0 67.0 0.0 156.0 149.0 95.0 92.0 0.0 0.0 92.0 104.0 93.0 128.0 135.0 126.0 133.0 156.0 89.0 88.0 122.0 126.0 120.0 107.0 92.0 90.0 109.0 85.0 72.0 65.0 65.0 65.0 65.0 65.0 73.0 73.0 62.0 21.0 56.0 64.0 74.0 75.0 41.0 49.0 38.0 44.0 34.0 32.0 6.0 38.0 36.0 37.0 41.0 48.0 44.0 49.0 58.0 73.0 49.0 67.0 38.0 39.0 62.0 63.0 14.0 24.0 16.0 31.0 6.0 26.0 31.0 355.0 1.0 295.0 157.0 103.0 349.0 60.0 292.0 336.0 331.0 32.0 333.0 78.0 161.0 198.0 178.0 168.0 177.0 147.0 136.0 162.0 133.0 164.0 113.0 138.0 132.0 127.0 155.0 150.0 140.0 171.0 186.0 187.0 145.0 145.0 151.0 141.0 139.0 144.0 169.0 177.0 143.0 171.0 161.0 131.0 133.0 138.0 145.0 163.0 140.0 151.0 123.0 111.0 139.0 144.0 157.0 162.0 205.0 218.0 169.0 207.0 192.0 189.0 191.0 190.0 194.0 206.0 209.0 197.0 198.0 197.0 216.0 185.0 154.0 160.0 156.0 158.0 138.0 142.0 155.0 170.0 183.0 185.0 184.0 178.0 156.0 171.0 175.0 162.0 154.0 169.0 161.0 162.0 152.0 150.0 170.0 154.0 169.0 171.0 157.0 161.0 168.0 172.0 182.0 173.0 160.0 164.0 179.0 176.0 175.0 178.0 171.0 170.0 172.0 127.75347222222224 68.11001288722154
4 336.0 333.0 337.0 332.0 334.0 337.0 335.0 334.0 336.0 340.0 331.0 334.0 329.0 336.0 336.0 331.0 327.0 329.0 336.0 320.0 359.0 13.0 335.0 329.0 338.0 58.0 332.0 102.0 36.0 288.0 312.0 0.0 327.0 324.0 28.0 348.0 333.0 0.0 0.0 0.0 0.0 59.0 59.0 149.0 128.0 114.0 116.0 120.0 120.0 120.0 120.0 33.0 0.0 0.0 44.0 28.0 16.0 28.0 26.0 11.0 67.0 39.0 19.0 28.0 33.0 1.0 43.0 6.0 267.0 36.0 15.0 314.0 34.0 29.0 11.0 27.0 23.0 22.0 9.0 49.0 48.0 80.0 78.0 74.0 324.0 324.0 324.0 324.0 324.0 324.0 324.0 324.0 328.0 0.0 332.0 45.0 139.0 0.0 0.0 0.0 0.0 0.0 0.0 0.0 0.0 0.0 0.0 105.0 96.0 93.0 95.0 97.0 92.0 103.0 0.0 84.0 75.0 74.0 82.0 92.0 87.0 80.0 89.0 96.0 95.0 80.0 265.0 119.0 107.0 64.0 75.0 86.0 81.0 86.0 88.0 87.0 92.0 107.0 103.0 104.0 105.0 108.0 115.0 113.0 122.0 120.0 124.0 138.0 132.0 132.0 127.0 135.0 123.0 129.0 129.0 125.0 133.0 132.0 127.0 131.0 139.0 139.0 112.0 109.0 116.0 132.0 136.0 126.0 130.0 109.0 114.0 121.0 131.0 168.0 160.0 171.0 170.0 166.0 179.0 185.0 167.0 180.0 169.0 172.0 178.0 176.0 168.0 158.0 161.0 157.0 163.0 150.0 158.0 166.0 152.0 157.0 153.0 177.0 163.0 164.0 172.0 174.0 165.0 171.0 185.0 169.0 159.0 178.0 161.0 165.0 148.0 139.0 137.0 154.0 185.0 160.0 153.0 110.0 121.0 137.0 136.0 142.0 169.0 162.0 129.0 159.0 162.0 156.0 161.0 161.0 166.0 138.0 171.0 165.0 190.0 183.0 174.0 148.0 149.0 111.0 120.0 123.0 131.0 138.0 161.0 152.0 169.0 162.0 167.0 131.0 154.0 153.0 148.0 145.0 159.0 153.0 122.0 136.0 169.0 165.0 154.0 165.0 152.0 155.0 157.0 161.0 157.0 181.0 143.0 145.0 156.0 157.0 148.0 156.0 159.0 156.0 156.0 142.0 146.0 153.0 150.0 126.0 120.0 124.0 121.0 122.0 117.0 115.0 144.4861111111111 93.06361288581276
5 269.0 280.0 283.0 269.0 264.0 268.0 281.0 291.0 294.0 286.0 315.0 335.0 237.0 223.0 169.0 0.0 0.0 142.0 257.0 275.0 266.0 254.0 261.0 263.0 248.0 270.0 265.0 268.0 298.0 275.0 280.0 240.0 76.0 294.0 340.0 340.0 281.0 297.0 284.0 273.0 261.0 265.0 283.0 222.0 194.0 0.0 189.0 273.0 253.0 236.0 277.0 283.0 209.0 0.0 209.0 209.0 208.0 0.0 0.0 135.0 133.0 128.0 129.0 93.0 116.0 154.0 56.0 0.0 0.0 57.0 154.0 150.0 135.0 163.0 161.0 156.0 156.0 169.0 140.0 182.0 183.0 159.0 79.0 79.0 93.0 91.0 159.0 186.0 193.0 76.0 75.0 83.0 75.0 74.0 81.0 79.0 130.0 137.0 97.0 119.0 101.0 119.0 166.0 162.0 145.0 162.0 168.0 138.0 170.0 81.0 80.0 89.0 113.0 104.0 93.0 103.0 150.0 161.0 91.0 92.0 126.0 116.0 100.0 117.0 187.0 154.0 120.0 93.0 98.0 102.0 144.0 99.0 99.0 85.0 91.0 90.0 95.0 88.0 95.0 91.0 92.0 101.0 105.0 104.0 94.0 99.0 98.0 97.0 95.0 99.0 103.0 105.0 106.0 110.0 103.0 129.0 135.0 77.0 85.0 83.0 88.0 101.0 89.0 95.0 91.0 87.0 85.0 94.0 88.0 81.0 84.0 87.0 90.0 95.0 79.0 77.0 79.0 84.0 77.0 79.0 95.0 86.0 85.0 65.0 81.0 83.0 93.0 89.0 101.0 50.0 97.0 73.0 189.0 140.0 185.0 171.0 181.0 155.0 159.0 177.0 182.0 156.0 165.0 187.0 176.0 198.0 202.0 181.0 197.0 213.0 214.0 188.0 168.0 156.0 154.0 159.0 148.0 149.0 235.0 238.0 208.0 216.0 197.0 228.0 223.0 208.0 221.0 195.0 214.0 200.0 183.0 156.0 157.0 207.0 198.0 194.0 194.0 180.0 177.0 187.0 183.0 188.0 175.0 142.0 152.0 182.0 123.0 107.0 142.0 157.0 152.0 146.0 173.0 180.0 186.0 184.0 187.0 198.0 185.0 166.0 173.0 179.0 160.0 147.0 152.0 145.0 140.0 140.0 144.0 132.0 146.0 144.0 131.0 123.0 110.0 108.0 95.0 89.0 96.0 97.0 89.0 99.0 105.0 113.0 111.0 102.0 106.0 100.0 151.64236111111106 70.24531834796132
6 276.0 271.0 269.0 270.0 270.0 274.0 286.0 287.0 276.0 273.0 289.0 292.0 275.0 262.0 290.0 326.0 335.0 342.0 330.0 325.0 328.0 337.0 344.0 326.0 306.0 304.0 313.0 325.0 336.0 338.0 337.0 333.0 333.0 338.0 346.0 357.0 355.0 11.0 24.0 51.0 72.0 95.0 192.0 156.0 94.0 121.0 124.0 139.0 124.0 107.0 94.0 115.0 132.0 164.0 90.0 102.0 90.0 85.0 95.0 101.0 106.0 107.0 107.0 98.0 102.0 104.0 100.0 106.0 99.0 118.0 121.0 106.0 107.0 104.0 105.0 128.0 106.0 104.0 102.0 107.0 108.0 111.0 110.0 109.0 118.0 117.0 109.0 107.0 118.0 140.0 133.0 160.0 165.0 162.0 164.0 163.0 172.0 166.0 164.0 88.0 97.0 97.0 96.0 86.0 79.0 89.0 95.0 97.0 102.0 105.0 102.0 103.0 103.0 97.0 96.0 98.0 91.0 99.0 105.0 106.0 101.0 103.0 131.0 140.0 219.0 76.0 65.0 70.0 91.0 99.0 284.0 343.0 22.0 40.0 62.0 80.0 88.0 92.0 94.0 90.0 88.0 97.0 103.0 103.0 97.0 110.0 113.0 125.0 105.0 109.0 110.0 109.0 108.0 109.0 117.0 118.0 123.0 122.0 143.0 125.0 131.0 149.0 158.0 149.0 142.0 152.0 168.0 188.0 183.0 125.0 106.0 125.0 148.0 125.0 193.0 184.0 171.0 169.0 185.0 176.0 176.0 193.0 185.0 175.0 174.0 195.0 195.0 170.0 173.0 188.0 207.0 226.0 215.0 184.0 195.0 204.0 233.0 218.0 198.0 177.0 221.0 206.0 165.0 185.0 167.0 178.0 197.0 194.0 152.0 168.0 201.0 210.0 180.0 183.0 191.0 179.0 189.0 197.0 171.0 191.0 171.0 174.0 176.0 170.0 179.0 185.0 206.0 176.0 171.0 176.0 195.0 190.0 238.0 179.0 170.0 148.0 148.0 112.0 182.0 173.0 187.0 175.0 123.0 154.0 172.0 172.0 167.0 175.0 179.0 161.0 169.0 188.0 176.0 175.0 170.0 199.0 155.0 173.0 174.0 185.0 194.0 174.0 174.0 181.0 169.0 178.0 178.0 173.0 179.0 173.0 173.0 172.0 179.0 159.0 160.0 154.0 149.0 138.0 166.0 165.0 155.0 153.0 109.0 134.0 134.0 118.0 138.0 125.0 164.14930555555551 70.95276388801793
7 148.0 148.0 102.0 94.0 81.0 88.0 113.0 117.0 117.0 78.0 245.0 251.0 336.0 262.0 78.0 63.0 66.0 147.0 359.0 245.0 245.0 167.0 137.0 129.0 111.0 103.0 100.0 101.0 96.0 82.0 80.0 87.0 87.0 95.0 118.0 121.0 123.0 118.0 119.0 130.0 135.0 126.0 120.0 128.0 136.0 144.0 141.0 146.0 145.0 130.0 122.0 119.0 132.0 141.0 139.0 142.0 147.0 145.0 146.0 143.0 145.0 149.0 151.0 157.0 160.0 152.0 157.0 158.0 157.0 146.0 153.0 140.0 148.0 154.0 155.0 158.0 150.0 148.0 137.0 138.0 134.0 134.0 133.0 137.0 142.0 137.0 130.0 128.0 125.0 132.0 148.0 59.0 119.0 147.0 130.0 117.0 140.0 221.0 214.0 254.0 232.0 54.0 62.0 77.0 75.0 106.0 107.0 167.0 146.0 184.0 170.0 137.0 190.0 179.0 124.0 109.0 217.0 65.0 120.0 92.0 107.0 131.0 156.0 167.0 196.0 207.0 202.0 140.0 83.0 92.0 83.0 85.0 102.0 230.0 263.0 271.0 248.0 253.0 321.0 41.0 60.0 65.0 60.0 76.0 63.0 55.0 37.0 49.0 5.0 19.0 360.0 341.0 351.0 341.0 360.0 9.0 355.0 354.0 9.0 63.0 63.0 72.0 58.0 43.0 49.0 59.0 56.0 47.0 43.0 57.0 61.0 52.0 63.0 54.0 56.0 46.0 42.0 50.0 50.0 41.0 46.0 40.0 52.0 53.0 41.0 54.0 42.0 28.0 27.0 30.0 50.0 58.0 24.0 27.0 35.0 32.0 43.0 21.0 58.0 24.0 24.0 23.0 41.0 15.0 18.0 36.0 51.0 45.0 44.0 53.0 46.0 35.0 53.0 30.0 40.0 43.0 41.0 43.0 42.0 42.0 42.0 45.0 46.0 38.0 37.0 39.0 51.0 32.0 38.0 43.0 34.0 45.0 35.0 48.0 42.0 58.0 57.0 64.0 82.0 78.0 84.0 57.0 71.0 65.0 56.0 70.0 76.0 71.0 71.0 75.0 66.0 62.0 69.0 56.0 50.0 72.0 64.0 64.0 75.0 60.0 57.0 64.0 75.0 67.0 65.0 74.0 70.0 72.0 77.0 75.0 70.0 71.0 78.0 74.0 73.0 75.0 81.0 81.0 84.0 93.0 99.0 93.0 94.0 91.0 95.0 84.0 73.0 72.0 104.888888888889 71.79253997438504
8 326.0 332.0 326.0 318.0 299.0 232.0 231.0 247.0 292.0 323.0 353.0 51.0 323.0 353.0 337.0 332.0 300.0 2.0 24.0 34.0 33.0 83.0 49.0 34.0 47.0 286.0 253.0 275.0 336.0 217.0 9.0 351.0 305.0 305.0 4.0 222.0 345.0 336.0 8.0 12.0 28.0 352.0 352.0 32.0 29.0 33.0 33.0 33.0 14.0 12.0 1.0 211.0 247.0 354.0 357.0 350.0 309.0 16.0 355.0 353.0 351.0 283.0 300.0 315.0 348.0 344.0 338.0 309.0 94.0 106.0 122.0 131.0 0.0 271.0 101.0 306.0 37.0 323.0 327.0 345.0 342.0 25.0 51.0 19.0 108.0 239.0 343.0 323.0 260.0 341.0 38.0 43.0 63.0 23.0 19.0 340.0 350.0 42.0 335.0 16.0 142.0 217.0 269.0 212.0 347.0 319.0 339.0 274.0 258.0 313.0 256.0 265.0 39.0 117.0 358.0 329.0 272.0 5.0 328.0 31.0 359.0 284.0 65.0 127.0 43.0 38.0 90.0 0.0 6.0 350.0 27.0 51.0 140.0 159.0 0.0 0.0 96.0 56.0 57.0 78.0 50.0 22.0 37.0 56.0 106.0 44.0 57.0 66.0 52.0 85.0 119.0 57.0 98.0 58.0 56.0 99.0 60.0 41.0 53.0 83.0 83.0 72.0 59.0 100.0 74.0 72.0 78.0 84.0 96.0 93.0 75.0 69.0 75.0 72.0 80.0 72.0 74.0 72.0 63.0 64.0 58.0 65.0 68.0 73.0 74.0 74.0 59.0 41.0 69.0 61.0 67.0 60.0 71.0 58.0 63.0 43.0 40.0 46.0 44.0 44.0 53.0 40.0 56.0 47.0 55.0 52.0 59.0 48.0 58.0 52.0 57.0 61.0 59.0 46.0 70.0 55.0 74.0 72.0 69.0 71.0 58.0 74.0 77.0 48.0 60.0 59.0 71.0 65.0 68.0 49.0 65.0 54.0 59.0 52.0 55.0 49.0 54.0 60.0 65.0 45.0 45.0 45.0 62.0 69.0 55.0 45.0 46.0 55.0 41.0 56.0 53.0 55.0 64.0 58.0 64.0 64.0 57.0 47.0 55.0 52.0 50.0 52.0 42.0 46.0 36.0 42.0 44.0 48.0 39.0 14.0 339.0 64.0 359.0 14.0 32.0 21.0 25.0 15.0 13.0 29.0 0.0 352.0 331.0 328.0 350.0 7.0 16.0 16.0 128.33333333333334 121.13729360704347
9 104.0 237.0 0.0 68.0 14.0 348.0 353.0 356.0 340.0 336.0 348.0 337.0 352.0 35.0 60.0 0.0 35.0 16.0 296.0 189.0 82.0 33.0 20.0 264.0 190.0 174.0 56.0 57.0 5.0 13.0 140.0 195.0 208.0 272.0 343.0 329.0 6.0 93.0 145.0 12.0 327.0 28.0 25.0 18.0 1.0 353.0 349.0 353.0 16.0 17.0 10.0 7.0 330.0 344.0 360.0 357.0 38.0 26.0 6.0 341.0 13.0 43.0 41.0 344.0 161.0 0.0 33.0 4.0 346.0 336.0 42.0 356.0 19.0 20.0 358.0 88.0 342.0 351.0 12.0 16.0 147.0 92.0 341.0 331.0 331.0 329.0 334.0 356.0 35.0 11.0 17.0 1.0 5.0 2.0 19.0 12.0 349.0 42.0 11.0 346.0 137.0 87.0 40.0 44.0 27.0 275.0 207.0 234.0 65.0 39.0 359.0 23.0 25.0 36.0 355.0 353.0 354.0 355.0 63.0 70.0 345.0 14.0 17.0 23.0 13.0 21.0 25.0 1.0 316.0 117.0 65.0 54.0 25.0 65.0 46.0 278.0 274.0 206.0 191.0 161.0 131.0 157.0 134.0 129.0 85.0 70.0 29.0 86.0 83.0 50.0 69.0 29.0 37.0 7.0 349.0 14.0 7.0 12.0 5.0 32.0 15.0 324.0 197.0 246.0 228.0 183.0 278.0 266.0 253.0 214.0 235.0 208.0 209.0 111.0 174.0 200.0 197.0 163.0 204.0 185.0 238.0 270.0 262.0 199.0 237.0 283.0 221.0 149.0 97.0 242.0 232.0 249.0 178.0 205.0 156.0 185.0 194.0 37.0 174.0 185.0 187.0 179.0 192.0 200.0 209.0 207.0 188.0 229.0 229.0 195.0 211.0 215.0 179.0 178.0 203.0 199.0 205.0 140.0 186.0 169.0 277.0 233.0 312.0 261.0 259.0 333.0 269.0 177.0 288.0 264.0 266.0 206.0 195.0 234.0 203.0 190.0 235.0 248.0 266.0 222.0 202.0 201.0 234.0 249.0 193.0 221.0 243.0 264.0 330.0 252.0 210.0 242.0 200.0 201.0 190.0 199.0 199.0 237.0 200.0 208.0 212.0 230.0 202.0 208.0 207.0 215.0 207.0 223.0 206.0 202.0 180.0 171.0 177.0 194.0 182.0 195.0 212.0 222.0 218.0 210.0 220.0 188.0 183.0 144.0 145.0 147.0 147.0 159.0 171.9618055555555 112.48499055679106
END
#################################################################
SECTION3 (Edges Information)
EndPoint0 EndPoint1 Weight
0 1 1.000000
1 2 1.000000
2 3 1.000000
3 4 1.000000
3 5 1.000000
4 5 1.000000
4 6 1.000000
5 6 1.000000
5 7 1.000000
6 7 1.000000
7 8 1.000000
7 9 1.000000
8 9 1.000000
END
#################################################################
SECTION4 (TrueSubGraph Information)
EndPoint0 EndPoint1 Weight
END
#################################################################
