#################################################################
#APDM Input Graph, this input graph includes 3 sections:
#section1 : general information
#section2 : nodes
#section3 : edges
#section4 : trueSubGraph (Optional)
#
#if nodes haven't information set weight to null
#################################################################
SECTION1 (General Information)
numNodes = 10
numEdges = 65
usedAlgorithm = NULL
dataSource = TransWeatherRealData
END
#################################################################
SECTION2 (Nodes Information)
NodeID windDir  mean  std 
0 62.0 64.0 59.0 55.0 50.0 53.0 62.0 71.0 81.0 86.0 74.0 102.0 84.0 86.0 83.0 82.0 91.0 89.0 79.0 100.0 90.0 92.0 99.0 95.0 99.0 97.0 101.0 103.0 95.0 98.0 102.0 106.0 105.0 108.0 120.0 131.0 140.0 131.0 129.0 130.0 130.0 137.0 139.0 137.0 137.0 147.0 142.0 140.0 149.0 159.0 159.0 157.0 158.0 154.0 155.0 154.0 151.0 148.0 149.0 158.0 160.0 157.0 158.0 154.0 157.0 161.0 165.0 163.0 167.0 170.0 182.0 182.0 183.0 183.0 186.0 178.0 173.0 176.0 168.0 170.0 174.0 183.0 186.0 187.0 191.0 194.0 196.0 199.0 190.0 188.0 186.0 184.0 187.0 186.0 186.0 190.0 185.0 181.0 190.0 196.0 200.0 199.0 194.0 191.0 189.0 188.0 185.0 180.0 178.0 180.0 180.0 180.0 179.0 182.0 182.0 180.0 184.0 185.0 188.0 185.0 181.0 180.0 182.0 181.0 178.0 179.0 181.0 179.0 179.0 178.0 176.0 181.0 187.0 192.0 195.0 198.0 202.0 204.0 204.0 204.0 203.0 195.0 197.0 200.0 208.0 209.0 210.0 209.0 211.0 215.0 211.0 202.0 192.0 192.0 193.0 192.0 187.0 180.0 178.0 173.0 171.0 166.0 183.0 195.0 195.0 193.0 193.0 198.0 195.0 197.0 197.0 197.0 187.0 195.0 203.0 193.0 191.0 191.0 196.0 203.0 191.0 203.0 206.0 192.0 197.0 208.0 223.0 203.0 198.0 207.0 206.0 227.0 228.0 205.0 208.0 200.0 222.0 238.0 223.0 229.0 217.0 211.0 204.0 207.0 223.0 224.0 238.0 250.0 224.0 234.0 252.0 210.0 222.0 232.0 266.0 266.0 210.0 237.0 241.0 277.0 243.0 222.0 246.0 234.0 214.0 217.0 210.0 192.0 197.0 229.0 187.0 237.0 168.0 210.0 225.0 227.0 235.0 226.0 238.0 225.0 202.0 209.0 253.0 250.0 220.0 211.0 231.0 222.0 230.0 251.0 259.0 268.0 255.0 245.0 247.0 227.0 241.0 225.0 204.0 191.0 203.0 226.0 228.0 228.0 232.0 226.0 236.0 235.0 207.0 216.0 211.0 197.0 203.0 193.0 199.0 205.0 223.0 200.0 192.0 191.0 196.0 186.0 187.0 190.0 189.0 191.0 192.0 192.0 182.9791666666666 45.18525070787039
1 265.0 256.0 259.0 272.0 279.0 269.0 276.0 258.0 259.0 257.0 251.0 263.0 259.0 274.0 284.0 266.0 265.0 254.0 257.0 247.0 244.0 250.0 257.0 253.0 252.0 261.0 256.0 250.0 248.0 233.0 232.0 238.0 249.0 251.0 262.0 289.0 297.0 264.0 263.0 266.0 253.0 229.0 198.0 276.0 274.0 284.0 288.0 301.0 286.0 293.0 287.0 261.0 248.0 251.0 265.0 310.0 293.0 298.0 273.0 245.0 150.0 147.0 278.0 317.0 324.0 338.0 345.0 292.0 294.0 291.0 285.0 295.0 287.0 288.0 282.0 286.0 246.0 147.0 140.0 135.0 278.0 307.0 324.0 332.0 331.0 307.0 285.0 262.0 157.0 76.0 151.0 131.0 108.0 326.0 350.0 327.0 319.0 327.0 342.0 318.0 294.0 306.0 301.0 273.0 219.0 253.0 243.0 236.0 253.0 312.0 320.0 253.0 201.0 144.0 304.0 298.0 298.0 279.0 284.0 287.0 282.0 279.0 259.0 302.0 316.0 310.0 297.0 299.0 320.0 350.0 329.0 332.0 334.0 319.0 326.0 337.0 340.0 347.0 352.0 331.0 330.0 329.0 331.0 325.0 329.0 335.0 330.0 330.0 329.0 320.0 335.0 340.0 339.0 335.0 315.0 286.0 212.0 178.0 166.0 154.0 116.0 107.0 43.0 48.0 10.0 355.0 2.0 19.0 27.0 11.0 301.0 0.0 329.0 90.0 78.0 72.0 79.0 117.0 177.0 207.0 223.0 202.0 173.0 154.0 156.0 164.0 169.0 168.0 172.0 168.0 159.0 157.0 165.0 148.0 153.0 169.0 173.0 171.0 181.0 168.0 176.0 171.0 171.0 153.0 153.0 162.0 155.0 262.0 209.0 175.0 181.0 153.0 185.0 180.0 258.0 217.0 277.0 229.0 227.0 243.0 176.0 150.0 217.0 220.0 167.0 165.0 174.0 282.0 243.0 242.0 242.0 205.0 236.0 176.0 206.0 249.0 186.0 146.0 204.0 215.0 205.0 183.0 211.0 158.0 208.0 210.0 165.0 167.0 220.0 216.0 195.0 186.0 181.0 183.0 194.0 203.0 205.0 205.0 194.0 198.0 193.0 195.0 204.0 226.0 231.0 209.0 187.0 208.0 210.0 229.0 252.0 240.0 205.0 206.0 184.0 200.0 205.0 209.0 209.0 211.0 209.0 225.0 246.0 246.0 241.0 249.0 261.0 256.0 234.8680555555555 72.53457630653831
2 20.0 19.0 14.0 6.0 356.0 3.0 1.0 2.0 17.0 217.0 204.0 260.0 317.0 0.0 189.0 189.0 189.0 189.0 186.0 185.0 179.0 201.0 243.0 0.0 0.0 0.0 0.0 0.0 0.0 0.0 0.0 243.0 243.0 231.0 201.0 188.0 190.0 193.0 202.0 208.0 199.0 155.0 143.0 136.0 132.0 149.0 161.0 164.0 166.0 165.0 158.0 159.0 157.0 158.0 157.0 158.0 159.0 171.0 171.0 170.0 168.0 171.0 178.0 177.0 183.0 180.0 172.0 172.0 168.0 170.0 173.0 181.0 183.0 185.0 189.0 194.0 188.0 183.0 180.0 176.0 178.0 181.0 183.0 179.0 175.0 177.0 185.0 183.0 185.0 184.0 184.0 178.0 162.0 139.0 139.0 138.0 237.0 167.0 135.0 135.0 135.0 151.0 166.0 162.0 158.0 165.0 170.0 170.0 181.0 183.0 170.0 169.0 167.0 173.0 176.0 180.0 180.0 177.0 168.0 169.0 171.0 171.0 168.0 161.0 168.0 164.0 156.0 162.0 160.0 159.0 150.0 160.0 158.0 163.0 158.0 169.0 171.0 178.0 182.0 180.0 178.0 163.0 153.0 154.0 153.0 162.0 163.0 170.0 164.0 162.0 161.0 164.0 172.0 174.0 174.0 176.0 173.0 177.0 184.0 190.0 186.0 176.0 167.0 152.0 176.0 169.0 166.0 181.0 174.0 173.0 157.0 183.0 161.0 185.0 170.0 187.0 182.0 176.0 155.0 171.0 185.0 153.0 175.0 147.0 163.0 167.0 173.0 149.0 159.0 143.0 152.0 149.0 154.0 173.0 186.0 215.0 193.0 216.0 241.0 228.0 226.0 235.0 205.0 205.0 223.0 213.0 209.0 202.0 218.0 203.0 178.0 192.0 246.0 191.0 221.0 246.0 184.0 162.0 155.0 196.0 195.0 188.0 201.0 211.0 205.0 215.0 217.0 217.0 205.0 216.0 210.0 223.0 188.0 204.0 201.0 163.0 178.0 176.0 201.0 207.0 237.0 218.0 170.0 175.0 172.0 140.0 151.0 140.0 130.0 113.0 124.0 140.0 122.0 133.0 130.0 140.0 139.0 119.0 122.0 136.0 153.0 144.0 150.0 174.0 140.0 126.0 140.0 148.0 131.0 147.0 148.0 145.0 148.0 150.0 149.0 151.0 150.0 150.0 159.0 156.0 155.0 154.0 153.0 158.0 154.0 153.0 154.0 155.0 165.13541666666663 49.467327011246965
3 78.0 74.0 76.0 70.0 52.0 54.0 69.0 73.0 91.0 70.0 70.0 0.0 0.0 70.0 70.0 70.0 113.0 127.0 122.0 118.0 118.0 117.0 117.0 112.0 100.0 92.0 93.0 94.0 97.0 90.0 88.0 85.0 85.0 77.0 71.0 76.0 104.0 74.0 46.0 48.0 51.0 53.0 70.0 58.0 57.0 55.0 39.0 39.0 62.0 55.0 51.0 41.0 45.0 71.0 58.0 61.0 67.0 36.0 15.0 0.0 345.0 331.0 326.0 20.0 32.0 32.0 32.0 78.0 0.0 0.0 7.0 9.0 325.0 305.0 305.0 295.0 291.0 299.0 337.0 37.0 37.0 0.0 37.0 0.0 37.0 0.0 0.0 37.0 266.0 249.0 197.0 100.0 100.0 100.0 22.0 28.0 70.0 88.0 104.0 114.0 108.0 102.0 95.0 94.0 94.0 94.0 94.0 94.0 94.0 94.0 94.0 94.0 88.0 120.0 123.0 133.0 124.0 113.0 112.0 111.0 123.0 151.0 100.0 97.0 100.0 114.0 13.0 8.0 107.0 46.0 82.0 122.0 101.0 103.0 112.0 112.0 115.0 99.0 99.0 99.0 43.0 73.0 66.0 71.0 80.0 80.0 58.0 51.0 56.0 58.0 61.0 77.0 83.0 72.0 63.0 48.0 95.0 53.0 15.0 1.0 28.0 359.0 17.0 342.0 324.0 311.0 221.0 227.0 241.0 209.0 215.0 190.0 164.0 173.0 178.0 224.0 224.0 239.0 211.0 174.0 183.0 131.0 160.0 193.0 196.0 163.0 177.0 244.0 186.0 206.0 233.0 255.0 172.0 220.0 216.0 247.0 167.0 205.0 216.0 246.0 270.0 262.0 229.0 246.0 209.0 244.0 263.0 244.0 257.0 240.0 230.0 211.0 230.0 211.0 201.0 243.0 219.0 201.0 207.0 246.0 252.0 221.0 265.0 258.0 211.0 182.0 216.0 258.0 136.0 208.0 242.0 215.0 192.0 185.0 201.0 257.0 245.0 241.0 262.0 246.0 256.0 224.0 255.0 194.0 210.0 229.0 150.0 197.0 239.0 254.0 214.0 235.0 215.0 218.0 232.0 224.0 219.0 268.0 215.0 251.0 168.0 146.0 159.0 212.0 226.0 234.0 194.0 172.0 206.0 164.0 169.0 195.0 170.0 141.0 200.0 171.0 179.0 172.0 162.0 166.0 157.0 138.0 133.0 97.0 77.0 93.0 115.0 129.0 142.0 85.88599525641342
4 62.0 56.0 33.0 43.0 48.0 36.0 38.0 0.0 25.0 23.0 7.0 7.0 0.0 0.0 7.0 7.0 0.0 7.0 0.0 0.0 0.0 341.0 329.0 27.0 19.0 24.0 24.0 24.0 0.0 0.0 0.0 62.0 79.0 82.0 81.0 19.0 28.0 31.0 33.0 22.0 35.0 42.0 0.0 28.0 28.0 0.0 35.0 78.0 74.0 69.0 76.0 71.0 40.0 45.0 71.0 69.0 61.0 36.0 33.0 0.0 15.0 31.0 27.0 34.0 53.0 64.0 57.0 66.0 72.0 82.0 75.0 63.0 63.0 63.0 73.0 70.0 73.0 76.0 77.0 81.0 82.0 100.0 72.0 68.0 65.0 77.0 74.0 83.0 77.0 85.0 90.0 87.0 79.0 78.0 77.0 71.0 78.0 74.0 77.0 71.0 74.0 87.0 81.0 79.0 77.0 77.0 77.0 84.0 91.0 90.0 95.0 92.0 90.0 94.0 89.0 91.0 85.0 82.0 89.0 74.0 79.0 96.0 84.0 79.0 82.0 82.0 84.0 95.0 97.0 88.0 89.0 95.0 94.0 91.0 100.0 100.0 99.0 106.0 100.0 117.0 107.0 100.0 99.0 100.0 106.0 109.0 110.0 97.0 114.0 109.0 88.0 95.0 90.0 104.0 99.0 96.0 97.0 110.0 114.0 113.0 119.0 129.0 114.0 112.0 145.0 139.0 117.0 118.0 106.0 123.0 130.0 113.0 116.0 122.0 146.0 128.0 133.0 106.0 104.0 138.0 118.0 139.0 190.0 183.0 169.0 162.0 157.0 162.0 167.0 171.0 172.0 163.0 168.0 170.0 153.0 163.0 156.0 155.0 189.0 140.0 138.0 141.0 137.0 167.0 189.0 130.0 132.0 183.0 184.0 196.0 193.0 168.0 130.0 167.0 167.0 159.0 140.0 158.0 159.0 190.0 215.0 265.0 285.0 170.0 153.0 165.0 190.0 203.0 145.0 116.0 220.0 255.0 209.0 286.0 297.0 180.0 107.0 45.0 9.0 237.0 189.0 185.0 202.0 220.0 233.0 247.0 247.0 222.0 221.0 211.0 219.0 268.0 142.0 147.0 152.0 163.0 165.0 124.0 192.0 114.0 125.0 147.0 143.0 153.0 160.0 147.0 136.0 153.0 191.0 166.0 136.0 160.0 165.0 163.0 167.0 137.0 122.0 116.0 115.0 115.0 112.0 128.0 122.0 119.0 126.0 124.0 100.0 81.0 108.625 63.83344780938477
5 -1.0 -1.0 -1.0 -1.0 -1.0 -1.0 -1.0 -1.0 -1.0 -1.0 -1.0 -1.0 -1.0 -1.0 -1.0 -1.0 -1.0 -1.0 -1.0 -1.0 -1.0 -1.0 -1.0 -1.0 -1.0 -1.0 -1.0 -1.0 -1.0 -1.0 -1.0 -1.0 -1.0 -1.0 -1.0 -1.0 -1.0 -1.0 -1.0 -1.0 -1.0 -1.0 -1.0 -1.0 -1.0 -1.0 -1.0 -1.0 -1.0 -1.0 -1.0 -1.0 -1.0 -1.0 -1.0 -1.0 -1.0 -1.0 -1.0 -1.0 -1.0 -1.0 -1.0 -1.0 -1.0 -1.0 -1.0 -1.0 -1.0 -1.0 -1.0 -1.0 -1.0 -1.0 -1.0 -1.0 -1.0 -1.0 -1.0 -1.0 -1.0 -1.0 -1.0 -1.0 -1.0 -1.0 -1.0 -1.0 -1.0 -1.0 -1.0 -1.0 -1.0 -1.0 -1.0 -1.0 -1.0 -1.0 -1.0 -1.0 -1.0 -1.0 -1.0 -1.0 -1.0 -1.0 -1.0 -1.0 -1.0 -1.0 -1.0 -1.0 -1.0 -1.0 -1.0 -1.0 -1.0 -1.0 -1.0 -1.0 -1.0 -1.0 -1.0 -1.0 -1.0 -1.0 -1.0 -1.0 -1.0 -1.0 -1.0 -1.0 -1.0 -1.0 -1.0 -1.0 -1.0 -1.0 -1.0 -1.0 -1.0 -1.0 -1.0 -1.0 -1.0 -1.0 -1.0 -1.0 -1.0 -1.0 -1.0 -1.0 -1.0 -1.0 -1.0 -1.0 -1.0 -1.0 -1.0 -1.0 -1.0 -1.0 -1.0 -1.0 -1.0 -1.0 -1.0 -1.0 -1.0 -1.0 -1.0 -1.0 -1.0 -1.0 -1.0 -1.0 -1.0 -1.0 -1.0 -1.0 -1.0 -1.0 -1.0 -1.0 -1.0 -1.0 -1.0 -1.0 -1.0 -1.0 -1.0 -1.0 -1.0 -1.0 -1.0 -1.0 -1.0 -1.0 -1.0 -1.0 -1.0 -1.0 -1.0 -1.0 -1.0 -1.0 -1.0 -1.0 -1.0 -1.0 -1.0 -1.0 -1.0 -1.0 -1.0 -1.0 -1.0 -1.0 -1.0 -1.0 -1.0 -1.0 -1.0 -1.0 -1.0 -1.0 -1.0 -1.0 -1.0 -1.0 -1.0 -1.0 -1.0 -1.0 -1.0 -1.0 -1.0 -1.0 -1.0 -1.0 -1.0 -1.0 -1.0 -1.0 -1.0 -1.0 -1.0 -1.0 -1.0 -1.0 -1.0 -1.0 -1.0 -1.0 -1.0 -1.0 -1.0 -1.0 -1.0 -1.0 -1.0 -1.0 -1.0 -1.0 -1.0 -1.0 -1.0 -1.0 -1.0 -1.0 -1.0 -1.0 -1.0 -1.0 -1.0 -1.0 -1.0 -1.0 -1.0 -1.0 -1.0 -1.0 -1.0 -1.0 -1.0 -1.0 -1.0 -1.0 -1.0 0.0
6 225.0 211.0 204.0 210.0 211.0 210.0 218.0 227.0 229.0 225.0 212.0 208.0 202.0 203.0 207.0 210.0 209.0 203.0 189.0 197.0 193.0 199.0 188.0 177.0 103.0 91.0 104.0 131.0 0.0 127.0 122.0 0.0 102.0 102.0 179.0 171.0 0.0 0.0 0.0 0.0 0.0 95.0 98.0 127.0 150.0 0.0 24.0 83.0 91.0 88.0 87.0 100.0 104.0 98.0 98.0 90.0 91.0 88.0 93.0 92.0 89.0 92.0 84.0 88.0 75.0 74.0 75.0 65.0 74.0 84.0 96.0 155.0 108.0 106.0 107.0 108.0 96.0 83.0 85.0 95.0 108.0 109.0 113.0 109.0 92.0 95.0 99.0 105.0 102.0 109.0 98.0 97.0 90.0 101.0 143.0 97.0 90.0 98.0 96.0 95.0 96.0 91.0 105.0 106.0 98.0 89.0 82.0 87.0 94.0 86.0 84.0 91.0 95.0 100.0 101.0 101.0 102.0 100.0 101.0 103.0 104.0 118.0 109.0 110.0 99.0 77.0 76.0 97.0 102.0 100.0 100.0 98.0 93.0 95.0 94.0 95.0 100.0 95.0 92.0 92.0 93.0 91.0 91.0 89.0 88.0 86.0 88.0 92.0 100.0 93.0 93.0 90.0 92.0 92.0 94.0 99.0 98.0 106.0 97.0 150.0 158.0 174.0 171.0 184.0 184.0 182.0 183.0 180.0 177.0 184.0 185.0 177.0 183.0 191.0 179.0 180.0 198.0 195.0 171.0 180.0 168.0 163.0 177.0 167.0 189.0 196.0 194.0 183.0 172.0 198.0 188.0 168.0 154.0 180.0 184.0 170.0 180.0 161.0 189.0 204.0 198.0 181.0 188.0 182.0 187.0 195.0 172.0 189.0 177.0 195.0 176.0 204.0 219.0 215.0 203.0 219.0 185.0 215.0 222.0 222.0 205.0 250.0 212.0 196.0 215.0 208.0 227.0 211.0 178.0 190.0 218.0 214.0 198.0 239.0 183.0 184.0 183.0 192.0 209.0 217.0 224.0 173.0 222.0 224.0 184.0 189.0 274.0 209.0 209.0 218.0 234.0 209.0 227.0 231.0 255.0 228.0 209.0 187.0 177.0 188.0 201.0 220.0 204.0 256.0 237.0 233.0 183.0 109.0 142.0 225.0 213.0 194.0 215.0 173.0 173.0 182.0 173.0 173.0 179.0 191.0 180.0 158.0 163.0 158.0 139.0 134.0 165.0 166.0 146.68402777777786 57.79135385363592
7 196.0 180.0 169.0 171.0 174.0 168.0 173.0 175.0 173.0 173.0 173.0 163.0 160.0 156.0 159.0 162.0 165.0 165.0 163.0 157.0 153.0 141.0 171.0 231.0 175.0 224.0 226.0 95.0 94.0 85.0 88.0 83.0 208.0 92.0 88.0 74.0 0.0 203.0 0.0 0.0 140.0 172.0 142.0 182.0 229.0 93.0 87.0 99.0 131.0 165.0 149.0 247.0 192.0 181.0 0.0 78.0 64.0 132.0 183.0 190.0 206.0 213.0 137.0 153.0 185.0 178.0 134.0 74.0 102.0 0.0 0.0 0.0 0.0 0.0 253.0 253.0 251.0 231.0 215.0 196.0 119.0 335.0 210.0 200.0 178.0 194.0 154.0 120.0 118.0 158.0 188.0 259.0 228.0 182.0 95.0 79.0 95.0 111.0 39.0 43.0 213.0 231.0 252.0 292.0 300.0 0.0 0.0 0.0 0.0 352.0 89.0 70.0 93.0 123.0 125.0 160.0 141.0 0.0 163.0 180.0 195.0 211.0 182.0 180.0 180.0 180.0 214.0 232.0 206.0 202.0 160.0 0.0 0.0 0.0 0.0 43.0 41.0 34.0 40.0 63.0 64.0 59.0 55.0 30.0 25.0 31.0 25.0 56.0 49.0 61.0 38.0 51.0 46.0 59.0 57.0 68.0 54.0 47.0 45.0 57.0 51.0 66.0 70.0 66.0 58.0 52.0 37.0 39.0 21.0 35.0 42.0 46.0 45.0 61.0 59.0 52.0 52.0 60.0 59.0 66.0 63.0 61.0 52.0 35.0 58.0 58.0 64.0 51.0 63.0 59.0 59.0 60.0 61.0 61.0 57.0 110.0 114.0 92.0 91.0 79.0 65.0 60.0 111.0 85.0 100.0 77.0 77.0 77.0 77.0 47.0 41.0 49.0 46.0 26.0 29.0 33.0 54.0 53.0 56.0 61.0 25.0 40.0 24.0 22.0 30.0 30.0 26.0 30.0 39.0 22.0 55.0 48.0 46.0 37.0 32.0 43.0 49.0 52.0 58.0 44.0 77.0 36.0 56.0 66.0 80.0 61.0 51.0 64.0 49.0 62.0 64.0 45.0 57.0 60.0 64.0 54.0 50.0 56.0 75.0 79.0 61.0 61.0 59.0 71.0 68.0 71.0 73.0 73.0 73.0 73.0 73.0 73.0 73.0 73.0 73.0 69.0 61.0 60.0 60.0 73.0 75.0 77.0 84.0 92.0 99.0 105.0 115.0 109.0 98.49305555555547 70.17553863978293
8 324.0 323.0 311.0 318.0 284.0 258.0 284.0 312.0 316.0 334.0 324.0 326.0 326.0 297.0 301.0 270.0 292.0 266.0 258.0 288.0 301.0 258.0 319.0 10.0 292.0 240.0 245.0 293.0 299.0 330.0 318.0 273.0 236.0 298.0 347.0 328.0 262.0 225.0 338.0 298.0 297.0 310.0 341.0 327.0 248.0 258.0 308.0 302.0 320.0 309.0 298.0 289.0 305.0 300.0 295.0 249.0 240.0 284.0 327.0 318.0 273.0 309.0 352.0 344.0 19.0 32.0 0.0 266.0 279.0 291.0 287.0 316.0 306.0 75.0 43.0 35.0 35.0 9.0 316.0 295.0 244.0 222.0 313.0 308.0 277.0 263.0 299.0 297.0 287.0 318.0 283.0 247.0 314.0 359.0 310.0 226.0 267.0 305.0 310.0 307.0 299.0 285.0 1.0 16.0 10.0 17.0 277.0 4.0 344.0 43.0 47.0 32.0 46.0 293.0 314.0 92.0 37.0 23.0 22.0 47.0 76.0 6.0 8.0 8.0 33.0 18.0 15.0 15.0 15.0 15.0 0.0 15.0 80.0 65.0 56.0 64.0 69.0 57.0 66.0 56.0 49.0 66.0 60.0 78.0 44.0 70.0 89.0 55.0 35.0 46.0 54.0 56.0 71.0 74.0 73.0 64.0 54.0 68.0 65.0 80.0 84.0 82.0 80.0 80.0 58.0 54.0 54.0 98.0 72.0 84.0 62.0 51.0 41.0 69.0 82.0 35.0 47.0 116.0 104.0 40.0 70.0 85.0 69.0 88.0 51.0 74.0 67.0 39.0 91.0 72.0 54.0 73.0 41.0 52.0 45.0 51.0 47.0 56.0 50.0 46.0 66.0 34.0 28.0 63.0 38.0 67.0 3.0 53.0 67.0 38.0 46.0 42.0 176.0 170.0 29.0 36.0 15.0 31.0 23.0 12.0 28.0 41.0 29.0 36.0 64.0 61.0 48.0 32.0 68.0 70.0 138.0 229.0 11.0 5.0 248.0 230.0 239.0 295.0 251.0 253.0 242.0 249.0 261.0 323.0 278.0 314.0 300.0 217.0 191.0 220.0 300.0 316.0 11.0 55.0 44.0 30.0 58.0 47.0 25.0 359.0 23.0 17.0 13.0 5.0 5.0 22.0 3.0 326.0 320.0 322.0 356.0 11.0 6.0 3.0 330.0 314.0 320.0 328.0 354.0 344.0 341.0 327.0 325.0 316.0 4.0 16.0 20.0 9.0 159.61458333333326 127.63681896937206
9 -1.0 -1.0 -1.0 -1.0 -1.0 -1.0 -1.0 -1.0 -1.0 -1.0 -1.0 -1.0 -1.0 -1.0 -1.0 -1.0 -1.0 -1.0 -1.0 -1.0 -1.0 -1.0 -1.0 -1.0 -1.0 -1.0 -1.0 -1.0 -1.0 -1.0 -1.0 -1.0 -1.0 -1.0 -1.0 -1.0 -1.0 -1.0 -1.0 -1.0 -1.0 -1.0 -1.0 -1.0 -1.0 -1.0 -1.0 -1.0 -1.0 -1.0 -1.0 -1.0 -1.0 -1.0 -1.0 -1.0 -1.0 -1.0 -1.0 -1.0 -1.0 -1.0 -1.0 -1.0 -1.0 -1.0 -1.0 -1.0 -1.0 -1.0 -1.0 -1.0 -1.0 -1.0 -1.0 -1.0 -1.0 -1.0 -1.0 -1.0 -1.0 -1.0 -1.0 -1.0 -1.0 -1.0 -1.0 -1.0 -1.0 -1.0 -1.0 -1.0 -1.0 -1.0 -1.0 -1.0 -1.0 -1.0 -1.0 -1.0 -1.0 -1.0 -1.0 -1.0 -1.0 -1.0 -1.0 -1.0 -1.0 -1.0 -1.0 -1.0 -1.0 -1.0 -1.0 -1.0 -1.0 -1.0 -1.0 -1.0 -1.0 -1.0 -1.0 -1.0 -1.0 -1.0 -1.0 -1.0 -1.0 -1.0 -1.0 -1.0 -1.0 -1.0 -1.0 -1.0 -1.0 -1.0 -1.0 -1.0 -1.0 -1.0 -1.0 -1.0 -1.0 -1.0 -1.0 -1.0 -1.0 -1.0 -1.0 -1.0 -1.0 -1.0 -1.0 -1.0 -1.0 -1.0 -1.0 -1.0 -1.0 -1.0 -1.0 -1.0 -1.0 -1.0 -1.0 -1.0 -1.0 -1.0 -1.0 -1.0 -1.0 -1.0 -1.0 -1.0 -1.0 -1.0 -1.0 -1.0 -1.0 -1.0 -1.0 -1.0 -1.0 -1.0 -1.0 -1.0 -1.0 -1.0 -1.0 -1.0 -1.0 -1.0 -1.0 -1.0 -1.0 -1.0 -1.0 -1.0 -1.0 -1.0 -1.0 -1.0 -1.0 -1.0 -1.0 -1.0 -1.0 -1.0 -1.0 -1.0 -1.0 -1.0 -1.0 -1.0 -1.0 -1.0 -1.0 -1.0 -1.0 -1.0 -1.0 -1.0 -1.0 -1.0 -1.0 -1.0 -1.0 -1.0 -1.0 -1.0 -1.0 -1.0 -1.0 -1.0 -1.0 -1.0 -1.0 -1.0 -1.0 -1.0 -1.0 -1.0 -1.0 -1.0 -1.0 -1.0 -1.0 -1.0 -1.0 -1.0 -1.0 -1.0 -1.0 -1.0 -1.0 -1.0 -1.0 -1.0 -1.0 -1.0 -1.0 -1.0 -1.0 -1.0 -1.0 -1.0 -1.0 -1.0 -1.0 -1.0 -1.0 -1.0 -1.0 -1.0 -1.0 -1.0 -1.0 -1.0 -1.0 -1.0 -1.0 -1.0 -1.0 -1.0 -1.0 -1.0 -1.0 0.0
END
#################################################################
SECTION3 (Edges Information)
EndPoint0 EndPoint1 Weight
0 1 1.000000
1 2 1.000000
2 3 1.000000
3 4 1.000000
3 5 1.000000
4 5 1.000000
4 6 1.000000
5 6 1.000000
5 7 1.000000
6 7 1.000000
7 8 1.000000
7 9 1.000000
8 9 1.000000
0 1 1.000000
1 2 1.000000
2 3 1.000000
3 4 1.000000
3 5 1.000000
4 5 1.000000
4 6 1.000000
5 6 1.000000
5 7 1.000000
6 7 1.000000
7 8 1.000000
7 9 1.000000
8 9 1.000000
0 1 1.000000
1 2 1.000000
2 3 1.000000
3 4 1.000000
3 5 1.000000
4 5 1.000000
4 6 1.000000
5 6 1.000000
5 7 1.000000
6 7 1.000000
7 8 1.000000
7 9 1.000000
8 9 1.000000
0 1 1.000000
1 2 1.000000
2 3 1.000000
3 4 1.000000
3 5 1.000000
4 5 1.000000
4 6 1.000000
5 6 1.000000
5 7 1.000000
6 7 1.000000
7 8 1.000000
7 9 1.000000
8 9 1.000000
0 1 1.000000
1 2 1.000000
2 3 1.000000
3 4 1.000000
3 5 1.000000
4 5 1.000000
4 6 1.000000
5 6 1.000000
5 7 1.000000
6 7 1.000000
7 8 1.000000
7 9 1.000000
8 9 1.000000
END
#################################################################
SECTION4 (TrueSubGraph Information)
EndPoint0 EndPoint1 Weight
END
#################################################################
