#################################################################
#APDM Input Graph, this input graph includes 3 sections:
#section1 : general information
#section2 : nodes
#section3 : edges
#section4 : trueSubGraph (Optional)
#
#if nodes haven't information set weight to null
#################################################################
SECTION1 (General Information)
numNodes = 10
numEdges = 39
usedAlgorithm = NULL
dataSource = TransWeatherRealData
END
#################################################################
SECTION2 (Nodes Information)
NodeID windDir  mean  std 
0 346.0 336.0 334.0 319.0 313.0 321.0 322.0 309.0 312.0 293.0 289.0 279.0 272.0 268.0 272.0 275.0 278.0 280.0 286.0 285.0 285.0 290.0 292.0 298.0 299.0 307.0 313.0 317.0 314.0 311.0 305.0 297.0 298.0 297.0 302.0 299.0 301.0 301.0 301.0 305.0 307.0 306.0 307.0 310.0 309.0 310.0 312.0 313.0 312.0 315.0 312.0 313.0 313.0 308.0 312.0 315.0 312.0 313.0 319.0 312.0 320.0 319.0 316.0 319.0 322.0 320.0 319.0 322.0 322.0 324.0 320.0 323.0 330.0 323.0 328.0 334.0 337.0 340.0 341.0 350.0 338.0 355.0 8.0 6.0 360.0 359.0 353.0 344.0 343.0 348.0 350.0 354.0 347.0 337.0 360.0 1.0 359.0 351.0 342.0 338.0 347.0 351.0 351.0 354.0 359.0 348.0 346.0 345.0 347.0 353.0 351.0 346.0 340.0 339.0 336.0 335.0 338.0 338.0 337.0 339.0 340.0 340.0 341.0 338.0 336.0 334.0 335.0 336.0 339.0 340.0 340.0 342.0 339.0 337.0 330.0 325.0 322.0 320.0 327.0 330.0 336.0 334.0 337.0 332.0 330.0 336.0 333.0 338.0 339.0 339.0 339.0 344.0 351.0 349.0 6.0 2.0 12.0 359.0 349.0 10.0 10.0 348.0 347.0 346.0 9.0 1.0 342.0 335.0 338.0 342.0 347.0 344.0 339.0 357.0 348.0 3.0 358.0 351.0 349.0 352.0 4.0 18.0 346.0 331.0 321.0 0.0 324.0 325.0 336.0 335.0 341.0 354.0 348.0 353.0 1.0 338.0 343.0 343.0 351.0 342.0 342.0 349.0 332.0 338.0 346.0 335.0 322.0 351.0 329.0 339.0 342.0 349.0 352.0 345.0 337.0 355.0 353.0 328.0 333.0 337.0 346.0 336.0 334.0 338.0 333.0 333.0 334.0 346.0 346.0 356.0 347.0 347.0 359.0 359.0 2.0 356.0 5.0 348.0 0.0 7.0 358.0 352.0 339.0 326.0 334.0 346.0 346.0 324.0 353.0 330.0 333.0 332.0 321.0 312.0 332.0 354.0 348.0 345.0 330.0 335.0 339.0 339.0 344.0 337.0 348.0 345.0 357.0 350.0 344.0 345.0 345.0 346.0 338.0 335.0 335.0 342.0 332.0 335.0 329.0 329.0 330.0 323.0 317.0 312.0 309.0 311.0 308.0 314.0 309.90625 83.13543102140616
1 292.0 284.0 269.0 263.0 265.0 277.0 284.0 281.0 284.0 279.0 277.0 272.0 284.0 287.0 296.0 294.0 289.0 287.0 292.0 308.0 318.0 305.0 298.0 290.0 293.0 303.0 299.0 295.0 294.0 300.0 303.0 302.0 308.0 305.0 309.0 310.0 316.0 308.0 304.0 295.0 302.0 305.0 306.0 315.0 308.0 309.0 311.0 306.0 303.0 304.0 304.0 304.0 304.0 307.0 307.0 305.0 307.0 312.0 312.0 311.0 310.0 310.0 305.0 308.0 302.0 318.0 310.0 314.0 305.0 308.0 313.0 319.0 317.0 318.0 306.0 312.0 298.0 305.0 314.0 314.0 318.0 314.0 319.0 313.0 310.0 302.0 297.0 303.0 308.0 310.0 313.0 318.0 315.0 320.0 330.0 332.0 330.0 334.0 329.0 331.0 331.0 334.0 329.0 330.0 329.0 323.0 319.0 327.0 326.0 323.0 321.0 328.0 328.0 324.0 319.0 322.0 317.0 323.0 327.0 322.0 318.0 330.0 327.0 322.0 321.0 318.0 319.0 316.0 312.0 316.0 308.0 311.0 322.0 316.0 314.0 310.0 305.0 301.0 299.0 291.0 299.0 311.0 315.0 313.0 318.0 316.0 313.0 313.0 331.0 321.0 330.0 355.0 345.0 351.0 356.0 359.0 330.0 343.0 346.0 320.0 9.0 6.0 341.0 319.0 304.0 301.0 303.0 340.0 305.0 318.0 300.0 317.0 325.0 326.0 317.0 336.0 334.0 308.0 5.0 342.0 328.0 319.0 323.0 322.0 317.0 313.0 308.0 316.0 317.0 329.0 340.0 335.0 327.0 335.0 311.0 306.0 318.0 304.0 320.0 323.0 312.0 320.0 311.0 316.0 310.0 352.0 341.0 342.0 357.0 340.0 336.0 322.0 326.0 345.0 351.0 342.0 327.0 344.0 6.0 351.0 332.0 323.0 312.0 311.0 345.0 333.0 350.0 343.0 339.0 358.0 357.0 355.0 353.0 356.0 344.0 330.0 345.0 342.0 326.0 329.0 336.0 339.0 337.0 351.0 327.0 328.0 330.0 342.0 320.0 338.0 329.0 325.0 337.0 0.0 359.0 3.0 332.0 335.0 342.0 319.0 318.0 332.0 344.0 337.0 333.0 339.0 337.0 341.0 343.0 335.0 333.0 339.0 340.0 335.0 340.0 343.0 344.0 336.0 325.0 329.0 325.0 310.0 311.0 314.0 309.0 299.0 300.0 303.0 312.5 48.44854305386089
2 165.0 159.0 158.0 192.0 198.0 185.0 186.0 212.0 204.0 171.0 184.0 207.0 196.0 0.0 187.0 180.0 168.0 194.0 213.0 347.0 3.0 40.0 120.0 143.0 107.0 93.0 94.0 98.0 121.0 178.0 178.0 161.0 159.0 162.0 185.0 235.0 259.0 241.0 211.0 234.0 251.0 237.0 251.0 254.0 245.0 243.0 227.0 213.0 227.0 206.0 216.0 223.0 224.0 211.0 222.0 222.0 273.0 273.0 300.0 314.0 334.0 337.0 345.0 345.0 341.0 346.0 353.0 354.0 358.0 1.0 2.0 7.0 6.0 354.0 351.0 346.0 328.0 296.0 311.0 311.0 302.0 314.0 308.0 313.0 317.0 336.0 341.0 336.0 337.0 317.0 307.0 293.0 297.0 308.0 301.0 297.0 307.0 323.0 360.0 5.0 318.0 325.0 331.0 332.0 326.0 332.0 339.0 335.0 332.0 332.0 332.0 332.0 324.0 328.0 325.0 321.0 289.0 290.0 288.0 287.0 274.0 292.0 312.0 306.0 316.0 324.0 322.0 313.0 312.0 313.0 312.0 311.0 313.0 311.0 313.0 318.0 316.0 314.0 309.0 313.0 311.0 314.0 319.0 320.0 321.0 326.0 327.0 332.0 336.0 338.0 339.0 352.0 343.0 350.0 1.0 357.0 7.0 2.0 13.0 3.0 11.0 17.0 17.0 3.0 356.0 8.0 7.0 341.0 355.0 357.0 357.0 17.0 339.0 341.0 330.0 360.0 6.0 334.0 301.0 319.0 357.0 356.0 354.0 338.0 334.0 351.0 351.0 359.0 335.0 333.0 351.0 355.0 342.0 352.0 4.0 2.0 325.0 354.0 345.0 336.0 336.0 341.0 334.0 326.0 342.0 335.0 344.0 345.0 345.0 332.0 345.0 353.0 331.0 352.0 332.0 331.0 360.0 356.0 350.0 355.0 345.0 352.0 353.0 342.0 351.0 345.0 353.0 339.0 343.0 347.0 342.0 342.0 4.0 358.0 342.0 336.0 356.0 341.0 326.0 327.0 348.0 359.0 350.0 340.0 347.0 338.0 323.0 355.0 358.0 337.0 331.0 334.0 346.0 356.0 3.0 339.0 339.0 334.0 345.0 331.0 331.0 328.0 329.0 316.0 324.0 311.0 319.0 318.0 349.0 345.0 346.0 337.0 341.0 336.0 342.0 339.0 332.0 328.0 329.0 338.0 340.0 332.0 332.0 324.0 323.0 322.0 315.0 312.0 278.46527777777794 101.99114624376811
3 164.0 159.0 175.0 76.0 55.0 47.0 116.0 159.0 221.0 178.0 143.0 155.0 155.0 0.0 0.0 0.0 0.0 155.0 0.0 314.0 310.0 314.0 330.0 306.0 237.0 221.0 231.0 270.0 217.0 210.0 210.0 250.0 259.0 262.0 265.0 262.0 270.0 247.0 225.0 0.0 0.0 349.0 335.0 302.0 282.0 282.0 271.0 262.0 254.0 259.0 303.0 275.0 260.0 264.0 260.0 258.0 257.0 250.0 269.0 357.0 338.0 344.0 9.0 5.0 0.0 3.0 9.0 12.0 355.0 2.0 343.0 0.0 354.0 357.0 6.0 13.0 9.0 16.0 78.0 67.0 115.0 114.0 101.0 101.0 101.0 102.0 0.0 116.0 137.0 130.0 154.0 161.0 196.0 227.0 227.0 227.0 227.0 234.0 240.0 216.0 191.0 191.0 191.0 221.0 222.0 212.0 214.0 191.0 146.0 116.0 16.0 9.0 262.0 262.0 154.0 234.0 213.0 209.0 190.0 190.0 190.0 199.0 168.0 162.0 153.0 149.0 158.0 158.0 158.0 158.0 158.0 0.0 0.0 0.0 158.0 158.0 158.0 158.0 157.0 157.0 157.0 157.0 157.0 33.0 5.0 35.0 14.0 15.0 15.0 356.0 18.0 13.0 5.0 346.0 9.0 337.0 343.0 357.0 354.0 9.0 10.0 335.0 315.0 339.0 327.0 323.0 326.0 329.0 338.0 339.0 340.0 14.0 341.0 345.0 311.0 13.0 353.0 342.0 336.0 336.0 13.0 13.0 10.0 5.0 5.0 3.0 327.0 315.0 350.0 341.0 314.0 313.0 315.0 327.0 321.0 323.0 345.0 340.0 314.0 317.0 325.0 311.0 323.0 322.0 296.0 313.0 315.0 332.0 324.0 315.0 313.0 320.0 326.0 324.0 325.0 351.0 339.0 336.0 339.0 346.0 331.0 343.0 335.0 334.0 334.0 353.0 341.0 337.0 307.0 318.0 331.0 324.0 325.0 335.0 349.0 347.0 330.0 330.0 310.0 327.0 338.0 329.0 321.0 344.0 339.0 324.0 327.0 321.0 322.0 312.0 308.0 332.0 345.0 345.0 334.0 336.0 335.0 351.0 350.0 341.0 344.0 334.0 336.0 318.0 304.0 285.0 290.0 283.0 285.0 285.0 275.0 278.0 276.0 271.0 280.0 283.0 277.0 279.0 273.0 284.0 287.0 276.0 269.0 258.0 265.0 261.0 252.0 247.0 226.23958333333334 117.85833444915532
4 48.0 137.0 151.0 152.0 152.0 116.0 82.0 73.0 0.0 72.0 72.0 106.0 320.0 40.0 0.0 0.0 0.0 0.0 0.0 0.0 0.0 61.0 61.0 24.0 14.0 22.0 250.0 0.0 0.0 248.0 35.0 49.0 0.0 0.0 49.0 37.0 24.0 308.0 360.0 339.0 0.0 256.0 0.0 0.0 0.0 150.0 9.0 328.0 326.0 326.0 337.0 332.0 330.0 336.0 328.0 324.0 325.0 323.0 317.0 319.0 321.0 322.0 314.0 323.0 333.0 351.0 333.0 323.0 318.0 329.0 319.0 320.0 320.0 321.0 320.0 320.0 321.0 314.0 312.0 324.0 324.0 323.0 325.0 329.0 325.0 328.0 326.0 325.0 325.0 328.0 325.0 314.0 325.0 314.0 318.0 339.0 309.0 317.0 326.0 328.0 325.0 326.0 328.0 322.0 324.0 322.0 322.0 322.0 322.0 327.0 323.0 329.0 328.0 327.0 326.0 331.0 331.0 329.0 325.0 330.0 328.0 328.0 324.0 329.0 327.0 331.0 333.0 329.0 327.0 324.0 325.0 326.0 327.0 328.0 326.0 329.0 333.0 332.0 329.0 331.0 327.0 336.0 334.0 329.0 337.0 332.0 333.0 341.0 331.0 337.0 349.0 342.0 321.0 345.0 341.0 329.0 329.0 329.0 332.0 339.0 313.0 321.0 308.0 314.0 302.0 337.0 326.0 323.0 337.0 332.0 319.0 322.0 319.0 317.0 302.0 309.0 311.0 318.0 353.0 320.0 318.0 295.0 298.0 299.0 314.0 322.0 315.0 322.0 320.0 321.0 318.0 303.0 298.0 306.0 313.0 318.0 326.0 332.0 329.0 311.0 323.0 323.0 314.0 331.0 315.0 317.0 297.0 306.0 316.0 312.0 307.0 330.0 319.0 318.0 325.0 328.0 322.0 312.0 316.0 303.0 318.0 322.0 319.0 326.0 334.0 316.0 313.0 327.0 343.0 314.0 323.0 323.0 323.0 307.0 316.0 300.0 295.0 303.0 300.0 308.0 302.0 301.0 293.0 305.0 308.0 310.0 321.0 314.0 318.0 326.0 309.0 312.0 306.0 314.0 329.0 337.0 321.0 318.0 316.0 312.0 307.0 326.0 312.0 317.0 322.0 325.0 306.0 319.0 320.0 319.0 321.0 319.0 307.0 318.0 319.0 320.0 315.0 318.0 316.0 316.0 309.0 307.0 305.0 307.0 306.0 304.0 305.0 302.0 281.87847222222206 98.56084179297568
5 -1.0 -1.0 -1.0 -1.0 -1.0 -1.0 -1.0 -1.0 -1.0 -1.0 -1.0 -1.0 -1.0 -1.0 -1.0 -1.0 -1.0 -1.0 -1.0 -1.0 -1.0 -1.0 -1.0 -1.0 -1.0 -1.0 -1.0 -1.0 -1.0 -1.0 -1.0 -1.0 -1.0 -1.0 -1.0 -1.0 -1.0 -1.0 -1.0 -1.0 -1.0 -1.0 -1.0 -1.0 -1.0 -1.0 -1.0 -1.0 -1.0 -1.0 -1.0 -1.0 -1.0 -1.0 -1.0 -1.0 -1.0 -1.0 -1.0 -1.0 -1.0 -1.0 -1.0 -1.0 -1.0 -1.0 -1.0 -1.0 -1.0 -1.0 -1.0 -1.0 -1.0 -1.0 -1.0 -1.0 -1.0 -1.0 -1.0 -1.0 -1.0 -1.0 -1.0 -1.0 -1.0 -1.0 -1.0 -1.0 -1.0 -1.0 -1.0 -1.0 -1.0 -1.0 -1.0 -1.0 -1.0 -1.0 -1.0 -1.0 -1.0 -1.0 -1.0 -1.0 -1.0 -1.0 -1.0 -1.0 -1.0 -1.0 -1.0 -1.0 -1.0 -1.0 -1.0 -1.0 -1.0 -1.0 -1.0 -1.0 -1.0 -1.0 -1.0 -1.0 -1.0 -1.0 -1.0 -1.0 -1.0 -1.0 -1.0 -1.0 -1.0 -1.0 -1.0 -1.0 -1.0 -1.0 -1.0 -1.0 -1.0 -1.0 -1.0 -1.0 -1.0 -1.0 -1.0 -1.0 -1.0 -1.0 -1.0 -1.0 -1.0 -1.0 -1.0 -1.0 -1.0 -1.0 -1.0 -1.0 -1.0 -1.0 -1.0 -1.0 -1.0 -1.0 -1.0 -1.0 -1.0 -1.0 -1.0 -1.0 -1.0 -1.0 -1.0 -1.0 -1.0 -1.0 -1.0 -1.0 -1.0 -1.0 -1.0 -1.0 -1.0 -1.0 -1.0 -1.0 -1.0 -1.0 -1.0 -1.0 -1.0 -1.0 -1.0 -1.0 -1.0 -1.0 -1.0 -1.0 -1.0 -1.0 -1.0 -1.0 -1.0 -1.0 -1.0 -1.0 -1.0 -1.0 -1.0 -1.0 -1.0 -1.0 -1.0 -1.0 -1.0 -1.0 -1.0 -1.0 -1.0 -1.0 -1.0 -1.0 -1.0 -1.0 -1.0 -1.0 -1.0 -1.0 -1.0 -1.0 -1.0 -1.0 -1.0 -1.0 -1.0 -1.0 -1.0 -1.0 -1.0 -1.0 -1.0 -1.0 -1.0 -1.0 -1.0 -1.0 -1.0 -1.0 -1.0 -1.0 -1.0 -1.0 -1.0 -1.0 -1.0 -1.0 -1.0 -1.0 -1.0 -1.0 -1.0 -1.0 -1.0 -1.0 -1.0 -1.0 -1.0 -1.0 -1.0 -1.0 -1.0 -1.0 -1.0 -1.0 -1.0 -1.0 -1.0 -1.0 -1.0 -1.0 -1.0 -1.0 -1.0 -1.0 -1.0 -1.0 -1.0 0.0
6 222.0 250.0 254.0 245.0 248.0 253.0 241.0 245.0 271.0 280.0 223.0 230.0 241.0 233.0 237.0 237.0 238.0 247.0 241.0 234.0 225.0 214.0 212.0 228.0 231.0 228.0 248.0 236.0 230.0 227.0 224.0 222.0 224.0 236.0 215.0 211.0 191.0 78.0 93.0 0.0 94.0 127.0 104.0 125.0 157.0 36.0 102.0 182.0 75.0 104.0 180.0 198.0 194.0 87.0 144.0 205.0 143.0 88.0 351.0 209.0 294.0 175.0 102.0 354.0 354.0 244.0 299.0 285.0 265.0 275.0 315.0 346.0 354.0 340.0 336.0 330.0 322.0 321.0 327.0 339.0 341.0 343.0 346.0 338.0 343.0 354.0 358.0 354.0 352.0 349.0 349.0 351.0 350.0 353.0 349.0 351.0 348.0 347.0 346.0 346.0 349.0 349.0 346.0 348.0 348.0 346.0 346.0 349.0 356.0 359.0 357.0 1.0 354.0 358.0 2.0 1.0 3.0 6.0 6.0 9.0 5.0 8.0 5.0 5.0 4.0 354.0 342.0 346.0 348.0 353.0 350.0 344.0 348.0 337.0 347.0 346.0 348.0 343.0 337.0 339.0 342.0 341.0 341.0 341.0 343.0 337.0 338.0 330.0 342.0 325.0 316.0 327.0 334.0 353.0 325.0 310.0 318.0 321.0 331.0 323.0 318.0 324.0 319.0 349.0 330.0 318.0 336.0 357.0 10.0 326.0 346.0 352.0 334.0 343.0 349.0 315.0 346.0 341.0 339.0 345.0 350.0 341.0 335.0 351.0 343.0 328.0 335.0 351.0 1.0 351.0 331.0 329.0 327.0 349.0 351.0 322.0 315.0 352.0 9.0 352.0 325.0 314.0 331.0 336.0 321.0 310.0 330.0 336.0 341.0 339.0 326.0 307.0 309.0 339.0 350.0 352.0 328.0 324.0 327.0 323.0 317.0 323.0 323.0 319.0 332.0 310.0 310.0 328.0 357.0 359.0 1.0 348.0 348.0 336.0 347.0 341.0 352.0 350.0 356.0 353.0 357.0 356.0 348.0 2.0 342.0 357.0 358.0 8.0 341.0 317.0 336.0 355.0 348.0 353.0 357.0 347.0 357.0 0.0 350.0 348.0 346.0 351.0 351.0 352.0 347.0 343.0 351.0 350.0 354.0 355.0 354.0 357.0 1.0 355.0 350.0 352.0 347.0 354.0 358.0 351.0 352.0 349.0 349.0 350.0 341.0 340.0 332.0 335.0 284.704861111111 102.79206563142439
7 234.0 232.0 231.0 239.0 227.0 232.0 211.0 158.0 137.0 102.0 99.0 92.0 149.0 155.0 173.0 8.0 133.0 145.0 158.0 164.0 120.0 141.0 161.0 164.0 150.0 150.0 148.0 159.0 154.0 212.0 60.0 53.0 103.0 147.0 164.0 249.0 320.0 356.0 356.0 18.0 24.0 95.0 145.0 223.0 0.0 100.0 98.0 101.0 115.0 138.0 143.0 141.0 123.0 149.0 174.0 187.0 189.0 171.0 114.0 37.0 149.0 220.0 195.0 165.0 129.0 212.0 186.0 84.0 84.0 167.0 240.0 261.0 192.0 273.0 153.0 150.0 166.0 183.0 199.0 176.0 183.0 221.0 222.0 206.0 200.0 205.0 218.0 236.0 206.0 0.0 0.0 340.0 316.0 256.0 211.0 220.0 226.0 223.0 191.0 184.0 177.0 181.0 175.0 157.0 0.0 228.0 269.0 259.0 258.0 231.0 0.0 218.0 218.0 235.0 243.0 243.0 0.0 243.0 228.0 243.0 257.0 267.0 294.0 280.0 276.0 282.0 284.0 289.0 273.0 283.0 288.0 288.0 298.0 319.0 324.0 314.0 352.0 315.0 304.0 270.0 274.0 306.0 298.0 294.0 302.0 320.0 316.0 315.0 299.0 295.0 287.0 311.0 305.0 314.0 306.0 311.0 298.0 296.0 307.0 299.0 332.0 320.0 295.0 301.0 318.0 304.0 311.0 318.0 319.0 303.0 304.0 314.0 309.0 318.0 319.0 313.0 315.0 297.0 297.0 307.0 283.0 291.0 290.0 292.0 293.0 288.0 295.0 299.0 301.0 294.0 292.0 275.0 318.0 291.0 295.0 288.0 292.0 286.0 272.0 297.0 300.0 268.0 276.0 296.0 299.0 273.0 278.0 286.0 293.0 272.0 272.0 281.0 284.0 299.0 300.0 282.0 287.0 307.0 281.0 299.0 285.0 279.0 295.0 291.0 293.0 277.0 296.0 308.0 298.0 287.0 301.0 292.0 290.0 276.0 292.0 304.0 299.0 296.0 303.0 309.0 290.0 300.0 294.0 286.0 306.0 308.0 306.0 310.0 310.0 302.0 301.0 295.0 299.0 306.0 302.0 306.0 309.0 300.0 284.0 280.0 288.0 283.0 281.0 296.0 294.0 293.0 294.0 298.0 285.0 288.0 268.0 272.0 267.0 269.0 280.0 273.0 274.0 277.0 273.0 266.0 268.0 271.0 274.0 270.0 272.0 273.0 272.0 272.0 242.8125 78.37215504508696
8 254.0 250.0 257.0 262.0 280.0 273.0 295.0 268.0 0.0 0.0 347.0 289.0 246.0 242.0 262.0 248.0 203.0 245.0 263.0 268.0 270.0 272.0 277.0 278.0 304.0 257.0 283.0 210.0 207.0 253.0 311.0 1.0 2.0 39.0 343.0 335.0 343.0 352.0 242.0 260.0 274.0 243.0 242.0 234.0 211.0 225.0 239.0 276.0 293.0 263.0 323.0 296.0 250.0 237.0 233.0 230.0 230.0 244.0 252.0 266.0 288.0 312.0 71.0 181.0 288.0 297.0 284.0 275.0 265.0 256.0 264.0 282.0 315.0 285.0 269.0 271.0 277.0 230.0 254.0 339.0 317.0 323.0 327.0 324.0 305.0 277.0 253.0 279.0 310.0 347.0 26.0 87.0 246.0 253.0 8.0 349.0 56.0 0.0 105.0 253.0 230.0 0.0 323.0 333.0 326.0 311.0 294.0 191.0 120.0 88.0 74.0 341.0 328.0 315.0 207.0 193.0 194.0 269.0 0.0 342.0 342.0 289.0 228.0 278.0 311.0 320.0 335.0 291.0 274.0 280.0 71.0 89.0 77.0 57.0 71.0 234.0 212.0 224.0 210.0 205.0 177.0 187.0 203.0 200.0 215.0 217.0 210.0 199.0 356.0 331.0 312.0 332.0 320.0 314.0 321.0 327.0 329.0 342.0 336.0 15.0 15.0 30.0 6.0 15.0 22.0 19.0 6.0 360.0 20.0 9.0 357.0 21.0 37.0 9.0 9.0 19.0 2.0 5.0 1.0 18.0 14.0 10.0 4.0 1.0 358.0 12.0 347.0 355.0 323.0 337.0 332.0 311.0 305.0 299.0 332.0 329.0 291.0 283.0 328.0 320.0 326.0 320.0 304.0 317.0 291.0 312.0 332.0 320.0 353.0 340.0 333.0 310.0 316.0 341.0 4.0 314.0 325.0 315.0 7.0 345.0 325.0 351.0 352.0 11.0 329.0 353.0 340.0 326.0 315.0 302.0 330.0 312.0 317.0 319.0 294.0 281.0 332.0 303.0 329.0 333.0 337.0 318.0 295.0 317.0 308.0 325.0 333.0 332.0 319.0 322.0 332.0 323.0 330.0 316.0 311.0 339.0 289.0 302.0 318.0 286.0 277.0 285.0 277.0 286.0 316.0 297.0 307.0 285.0 293.0 285.0 288.0 298.0 280.0 280.0 272.0 257.0 265.0 257.0 268.0 259.0 270.0 258.0 260.0 263.0 253.0 260.0 266.0 270.0 244.63194444444449 106.38165114687575
9 0.0 0.0 0.0 0.0 0.0 356.0 360.0 357.0 350.0 316.0 312.0 30.0 42.0 43.0 134.0 15.0 286.0 235.0 175.0 0.0 74.0 87.0 46.0 51.0 68.0 11.0 9.0 5.0 358.0 345.0 359.0 354.0 342.0 343.0 343.0 343.0 343.0 343.0 342.0 341.0 215.0 234.0 207.0 195.0 184.0 0.0 2.0 9.0 9.0 164.0 190.0 288.0 321.0 2.0 43.0 115.0 147.0 157.0 207.0 312.0 327.0 31.0 31.0 56.0 17.0 5.0 9.0 37.0 43.0 164.0 215.0 233.0 269.0 247.0 353.0 52.0 67.0 232.0 238.0 142.0 34.0 358.0 317.0 305.0 305.0 191.0 275.0 254.0 193.0 138.0 160.0 163.0 165.0 339.0 66.0 77.0 0.0 285.0 158.0 148.0 355.0 3.0 147.0 341.0 348.0 16.0 56.0 347.0 21.0 352.0 341.0 343.0 343.0 204.0 228.0 228.0 239.0 35.0 61.0 352.0 8.0 21.0 27.0 173.0 230.0 272.0 272.0 34.0 48.0 20.0 343.0 332.0 256.0 228.0 228.0 227.0 0.0 0.0 227.0 0.0 0.0 0.0 222.0 0.0 0.0 0.0 0.0 209.0 198.0 260.0 270.0 178.0 136.0 145.0 211.0 205.0 192.0 163.0 149.0 95.0 42.0 52.0 56.0 88.0 49.0 355.0 54.0 12.0 73.0 266.0 353.0 351.0 356.0 356.0 19.0 17.0 360.0 342.0 7.0 321.0 4.0 354.0 357.0 355.0 348.0 4.0 4.0 10.0 335.0 32.0 18.0 19.0 30.0 341.0 340.0 357.0 7.0 18.0 17.0 22.0 9.0 4.0 349.0 352.0 351.0 14.0 352.0 29.0 359.0 12.0 340.0 355.0 332.0 338.0 356.0 324.0 330.0 345.0 332.0 329.0 354.0 360.0 14.0 352.0 320.0 330.0 333.0 348.0 353.0 353.0 340.0 342.0 355.0 355.0 11.0 350.0 353.0 359.0 338.0 340.0 344.0 1.0 8.0 6.0 2.0 359.0 14.0 16.0 5.0 7.0 355.0 10.0 358.0 353.0 354.0 8.0 4.0 8.0 1.0 355.0 12.0 9.0 12.0 14.0 6.0 11.0 349.0 319.0 330.0 339.0 355.0 353.0 336.0 329.0 336.0 342.0 341.0 334.0 330.0 320.0 334.0 332.0 295.0 306.0 67.0 70.0 80.0 80.0 187.63541666666669 144.00784820306367
END
#################################################################
SECTION3 (Edges Information)
EndPoint0 EndPoint1 Weight
0 1 1.000000
1 2 1.000000
2 3 1.000000
3 4 1.000000
3 5 1.000000
4 5 1.000000
4 6 1.000000
5 6 1.000000
5 7 1.000000
6 7 1.000000
7 8 1.000000
7 9 1.000000
8 9 1.000000
0 1 1.000000
1 2 1.000000
2 3 1.000000
3 4 1.000000
3 5 1.000000
4 5 1.000000
4 6 1.000000
5 6 1.000000
5 7 1.000000
6 7 1.000000
7 8 1.000000
7 9 1.000000
8 9 1.000000
0 1 1.000000
1 2 1.000000
2 3 1.000000
3 4 1.000000
3 5 1.000000
4 5 1.000000
4 6 1.000000
5 6 1.000000
5 7 1.000000
6 7 1.000000
7 8 1.000000
7 9 1.000000
8 9 1.000000
END
#################################################################
SECTION4 (TrueSubGraph Information)
EndPoint0 EndPoint1 Weight
END
#################################################################
