#################################################################
#APDM Input Graph, this input graph includes 3 sections:
#section1 : general information
#section2 : nodes
#section3 : edges
#section4 : trueSubGraph (Optional)
#
#if nodes haven't information set weight to null
#################################################################
SECTION1 (General Information)
numNodes = 10
numEdges = 39
usedAlgorithm = NULL
dataSource = TransWeatherRealData
END
#################################################################
SECTION2 (Nodes Information)
NodeID windDir  mean  std 
0 70.0 0.0 0.0 0.0 0.0 0.0 0.0 0.0 0.0 69.0 69.0 69.0 0.0 189.0 185.0 198.0 210.0 214.0 215.0 214.0 222.0 220.0 221.0 216.0 213.0 215.0 212.0 214.0 214.0 224.0 228.0 233.0 237.0 231.0 227.0 225.0 222.0 225.0 240.0 243.0 236.0 230.0 232.0 240.0 242.0 242.0 246.0 246.0 244.0 242.0 237.0 236.0 245.0 240.0 239.0 238.0 235.0 243.0 233.0 226.0 224.0 224.0 220.0 221.0 226.0 223.0 226.0 227.0 228.0 222.0 223.0 223.0 220.0 224.0 226.0 227.0 228.0 229.0 231.0 229.0 226.0 226.0 226.0 228.0 230.0 227.0 223.0 222.0 224.0 226.0 224.0 224.0 225.0 225.0 227.0 231.0 232.0 235.0 232.0 237.0 236.0 238.0 237.0 236.0 235.0 232.0 231.0 230.0 231.0 233.0 238.0 236.0 236.0 234.0 235.0 235.0 239.0 239.0 236.0 235.0 233.0 234.0 233.0 237.0 235.0 232.0 230.0 231.0 232.0 229.0 229.0 231.0 232.0 234.0 236.0 239.0 243.0 244.0 248.0 249.0 251.0 253.0 255.0 252.0 250.0 253.0 251.0 254.0 254.0 255.0 261.0 257.0 257.0 261.0 264.0 262.0 266.0 271.0 282.0 273.0 261.0 253.0 251.0 281.0 287.0 263.0 274.0 268.0 260.0 239.0 266.0 245.0 267.0 269.0 288.0 306.0 284.0 265.0 282.0 263.0 286.0 298.0 288.0 285.0 283.0 287.0 298.0 312.0 297.0 292.0 281.0 266.0 291.0 278.0 301.0 299.0 295.0 315.0 307.0 334.0 285.0 291.0 299.0 264.0 320.0 323.0 336.0 336.0 318.0 339.0 331.0 298.0 310.0 4.0 334.0 290.0 281.0 233.0 293.0 302.0 301.0 300.0 303.0 337.0 286.0 264.0 304.0 304.0 302.0 306.0 305.0 307.0 305.0 44.0 56.0 12.0 356.0 340.0 336.0 339.0 1.0 339.0 312.0 357.0 34.0 44.0 338.0 338.0 286.0 298.0 291.0 288.0 284.0 236.0 229.0 232.0 320.0 313.0 346.0 350.0 321.0 298.0 292.0 297.0 308.0 332.0 320.0 298.0 301.0 293.0 299.0 298.0 287.0 269.0 273.0 278.0 277.0 270.0 263.0 266.0 263.0 257.0 262.0 255.0 252.0 253.0 257.0 255.0 243.71875 70.26367013323696
1 259.0 251.0 247.0 254.0 259.0 256.0 258.0 264.0 264.0 257.0 263.0 268.0 260.0 263.0 259.0 261.0 256.0 262.0 263.0 257.0 244.0 247.0 264.0 270.0 268.0 277.0 264.0 252.0 255.0 254.0 263.0 286.0 282.0 259.0 252.0 264.0 232.0 194.0 249.0 285.0 287.0 290.0 274.0 279.0 272.0 256.0 246.0 242.0 187.0 201.0 258.0 285.0 279.0 276.0 263.0 264.0 277.0 283.0 279.0 273.0 249.0 265.0 265.0 249.0 185.0 141.0 136.0 273.0 281.0 289.0 300.0 315.0 289.0 261.0 262.0 260.0 257.0 246.0 228.0 202.0 238.0 272.0 278.0 301.0 300.0 293.0 292.0 292.0 297.0 312.0 297.0 292.0 289.0 280.0 289.0 296.0 289.0 270.0 270.0 250.0 219.0 319.0 296.0 295.0 318.0 341.0 343.0 351.0 358.0 2.0 1.0 28.0 18.0 359.0 343.0 323.0 309.0 310.0 321.0 330.0 340.0 346.0 350.0 4.0 40.0 34.0 75.0 25.0 17.0 27.0 35.0 46.0 99.0 87.0 75.0 200.0 208.0 208.0 218.0 179.0 73.0 84.0 98.0 102.0 87.0 89.0 79.0 101.0 91.0 114.0 101.0 115.0 145.0 120.0 115.0 123.0 120.0 117.0 122.0 134.0 136.0 133.0 32.0 320.0 308.0 310.0 299.0 297.0 301.0 303.0 296.0 295.0 293.0 309.0 303.0 308.0 313.0 309.0 292.0 302.0 305.0 298.0 289.0 312.0 316.0 289.0 325.0 327.0 341.0 294.0 294.0 337.0 316.0 320.0 351.0 358.0 358.0 351.0 345.0 334.0 325.0 325.0 353.0 1.0 1.0 329.0 344.0 15.0 317.0 351.0 352.0 350.0 355.0 318.0 326.0 335.0 335.0 300.0 298.0 16.0 5.0 350.0 336.0 324.0 314.0 332.0 15.0 5.0 14.0 9.0 329.0 354.0 19.0 45.0 8.0 336.0 350.0 348.0 346.0 17.0 16.0 44.0 30.0 5.0 43.0 45.0 341.0 334.0 343.0 19.0 22.0 358.0 10.0 9.0 24.0 2.0 6.0 4.0 16.0 39.0 26.0 14.0 6.0 17.0 32.0 41.0 54.0 61.0 59.0 48.0 53.0 52.0 40.0 2.0 297.0 283.0 282.0 288.0 280.0 279.0 271.0 250.0 261.0 270.0 273.0 277.0 276.0 273.0 220.09027777777783 115.67317971099517
2 311.0 316.0 317.0 321.0 319.0 327.0 329.0 273.0 262.0 274.0 295.0 310.0 199.0 192.0 219.0 259.0 287.0 297.0 296.0 0.0 296.0 0.0 0.0 0.0 0.0 0.0 0.0 0.0 0.0 188.0 179.0 120.0 92.0 101.0 161.0 175.0 205.0 208.0 173.0 178.0 138.0 142.0 162.0 217.0 210.0 211.0 211.0 211.0 211.0 303.0 303.0 303.0 233.0 233.0 233.0 229.0 224.0 216.0 166.0 137.0 137.0 308.0 308.0 60.0 0.0 248.0 245.0 209.0 177.0 177.0 174.0 171.0 121.0 142.0 174.0 196.0 188.0 202.0 215.0 207.0 207.0 219.0 208.0 196.0 191.0 204.0 231.0 228.0 235.0 237.0 229.0 206.0 190.0 183.0 187.0 193.0 194.0 193.0 195.0 188.0 190.0 188.0 190.0 182.0 181.0 169.0 171.0 180.0 177.0 162.0 152.0 158.0 163.0 160.0 162.0 149.0 164.0 169.0 189.0 188.0 168.0 171.0 177.0 174.0 182.0 171.0 124.0 135.0 148.0 170.0 148.0 151.0 169.0 176.0 164.0 167.0 145.0 142.0 150.0 171.0 155.0 160.0 185.0 174.0 185.0 162.0 168.0 181.0 181.0 178.0 171.0 168.0 187.0 166.0 173.0 174.0 176.0 174.0 185.0 189.0 208.0 192.0 221.0 192.0 336.0 269.0 271.0 249.0 333.0 282.0 292.0 257.0 307.0 281.0 333.0 314.0 277.0 271.0 305.0 271.0 327.0 352.0 327.0 285.0 282.0 328.0 332.0 276.0 301.0 322.0 248.0 277.0 8.0 306.0 244.0 320.0 292.0 294.0 265.0 303.0 333.0 331.0 338.0 29.0 351.0 5.0 352.0 348.0 3.0 27.0 16.0 31.0 21.0 358.0 1.0 2.0 6.0 4.0 321.0 297.0 323.0 10.0 16.0 355.0 5.0 5.0 7.0 13.0 335.0 354.0 335.0 317.0 306.0 316.0 352.0 4.0 352.0 357.0 1.0 354.0 353.0 3.0 351.0 351.0 4.0 358.0 5.0 13.0 12.0 341.0 343.0 17.0 2.0 7.0 7.0 26.0 9.0 20.0 8.0 2.0 5.0 13.0 11.0 11.0 9.0 8.0 12.0 11.0 12.0 8.0 9.0 354.0 344.0 355.0 8.0 3.0 354.0 342.0 350.0 344.0 314.0 313.0 302.0 318.0 315.0 294.0 304.0 347.0 192.45486111111111 112.40983089043804
3 284.0 284.0 0.0 0.0 0.0 0.0 0.0 0.0 0.0 284.0 284.0 284.0 0.0 0.0 284.0 104.0 149.0 155.0 0.0 155.0 0.0 117.0 124.0 134.0 136.0 136.0 136.0 135.0 130.0 98.0 92.0 95.0 102.0 105.0 98.0 90.0 94.0 112.0 116.0 104.0 99.0 97.0 103.0 93.0 92.0 101.0 94.0 96.0 95.0 72.0 50.0 110.0 91.0 95.0 75.0 63.0 43.0 96.0 108.0 109.0 109.0 109.0 0.0 0.0 109.0 0.0 0.0 0.0 0.0 0.0 0.0 0.0 0.0 0.0 0.0 108.0 108.0 108.0 268.0 269.0 253.0 251.0 249.0 249.0 89.0 85.0 85.0 85.0 85.0 0.0 85.0 96.0 59.0 333.0 317.0 282.0 237.0 217.0 216.0 217.0 217.0 217.0 217.0 0.0 0.0 0.0 0.0 0.0 0.0 217.0 217.0 125.0 97.0 90.0 90.0 0.0 90.0 90.0 0.0 0.0 90.0 90.0 90.0 90.0 0.0 90.0 85.0 44.0 44.0 88.0 88.0 85.0 94.0 88.0 57.0 49.0 63.0 78.0 78.0 72.0 54.0 49.0 54.0 65.0 59.0 46.0 27.0 17.0 19.0 18.0 34.0 29.0 37.0 65.0 14.0 9.0 110.0 100.0 75.0 350.0 269.0 116.0 94.0 28.0 3.0 338.0 303.0 306.0 286.0 226.0 206.0 246.0 223.0 282.0 288.0 297.0 316.0 269.0 265.0 225.0 9.0 98.0 324.0 261.0 317.0 277.0 211.0 241.0 313.0 243.0 256.0 148.0 286.0 202.0 246.0 261.0 325.0 159.0 236.0 261.0 247.0 121.0 318.0 254.0 299.0 318.0 287.0 265.0 258.0 264.0 250.0 224.0 154.0 335.0 312.0 356.0 51.0 4.0 337.0 332.0 347.0 350.0 335.0 346.0 20.0 48.0 60.0 50.0 36.0 41.0 46.0 61.0 41.0 359.0 356.0 19.0 303.0 5.0 349.0 358.0 55.0 26.0 20.0 350.0 15.0 23.0 348.0 329.0 327.0 294.0 290.0 279.0 337.0 356.0 334.0 292.0 270.0 292.0 325.0 327.0 14.0 324.0 312.0 265.0 300.0 280.0 296.0 289.0 272.0 279.0 279.0 296.0 284.0 276.0 275.0 277.0 287.0 286.0 280.0 278.0 284.0 277.0 280.0 292.0 296.0 296.0 0.0 296.0 157.55902777777803 118.66018879986724
4 343.0 4.0 342.0 347.0 341.0 354.0 341.0 342.0 338.0 300.0 28.0 330.0 335.0 354.0 63.0 7.0 14.0 24.0 10.0 6.0 26.0 19.0 31.0 21.0 22.0 0.0 0.0 323.0 347.0 54.0 11.0 340.0 340.0 15.0 53.0 40.0 22.0 37.0 53.0 349.0 36.0 36.0 21.0 347.0 28.0 59.0 351.0 330.0 320.0 320.0 320.0 139.0 130.0 0.0 130.0 130.0 123.0 104.0 95.0 43.0 2.0 0.0 15.0 38.0 38.0 63.0 35.0 40.0 24.0 21.0 15.0 296.0 35.0 47.0 65.0 57.0 53.0 37.0 13.0 17.0 17.0 0.0 0.0 0.0 0.0 17.0 17.0 0.0 17.0 17.0 19.0 27.0 19.0 9.0 9.0 68.0 51.0 38.0 0.0 315.0 335.0 0.0 0.0 0.0 0.0 0.0 85.0 44.0 7.0 21.0 20.0 3.0 0.0 0.0 0.0 0.0 296.0 296.0 69.0 24.0 24.0 6.0 0.0 50.0 37.0 57.0 11.0 25.0 131.0 130.0 53.0 71.0 107.0 86.0 96.0 121.0 134.0 153.0 147.0 148.0 153.0 157.0 149.0 154.0 141.0 141.0 140.0 149.0 148.0 147.0 143.0 140.0 134.0 128.0 140.0 142.0 151.0 159.0 163.0 155.0 149.0 163.0 183.0 193.0 192.0 215.0 155.0 184.0 182.0 234.0 190.0 190.0 203.0 234.0 131.0 162.0 185.0 170.0 121.0 4.0 131.0 99.0 159.0 102.0 101.0 118.0 208.0 152.0 146.0 168.0 153.0 164.0 188.0 132.0 123.0 153.0 146.0 138.0 168.0 99.0 133.0 146.0 135.0 156.0 52.0 52.0 158.0 54.0 22.0 131.0 225.0 225.0 298.0 320.0 19.0 258.0 288.0 260.0 220.0 208.0 263.0 282.0 302.0 243.0 278.0 256.0 224.0 231.0 287.0 268.0 252.0 267.0 247.0 305.0 268.0 291.0 345.0 19.0 341.0 308.0 336.0 318.0 298.0 298.0 314.0 306.0 314.0 322.0 309.0 330.0 330.0 318.0 334.0 333.0 330.0 336.0 357.0 324.0 343.0 330.0 332.0 319.0 335.0 326.0 335.0 333.0 337.0 328.0 318.0 321.0 327.0 326.0 2.0 338.0 325.0 320.0 354.0 352.0 351.0 339.0 326.0 350.0 4.0 6.0 9.0 7.0 13.0 5.0 156.607638888889 125.66326697242411
5 306.0 306.0 294.0 291.0 288.0 296.0 301.0 301.0 293.0 301.0 304.0 300.0 298.0 298.0 306.0 302.0 291.0 302.0 291.0 231.0 190.0 202.0 213.0 232.0 260.0 267.0 256.0 267.0 268.0 269.0 276.0 266.0 279.0 295.0 104.0 116.0 157.0 173.0 98.0 74.0 270.0 283.0 292.0 284.0 281.0 278.0 286.0 204.0 241.0 120.0 148.0 111.0 138.0 157.0 0.0 297.0 281.0 297.0 303.0 303.0 347.0 29.0 0.0 283.0 285.0 298.0 37.0 0.0 46.0 159.0 159.0 0.0 0.0 159.0 205.0 268.0 280.0 284.0 284.0 283.0 283.0 282.0 251.0 253.0 0.0 0.0 101.0 92.0 88.0 87.0 93.0 0.0 0.0 0.0 102.0 104.0 113.0 65.0 221.0 249.0 252.0 242.0 229.0 229.0 98.0 95.0 86.0 95.0 101.0 106.0 116.0 103.0 101.0 110.0 105.0 97.0 97.0 95.0 84.0 115.0 109.0 122.0 97.0 82.0 75.0 79.0 82.0 80.0 84.0 85.0 77.0 88.0 90.0 91.0 101.0 123.0 119.0 107.0 96.0 99.0 102.0 88.0 104.0 100.0 105.0 104.0 100.0 99.0 99.0 100.0 103.0 99.0 85.0 75.0 81.0 66.0 78.0 82.0 52.0 114.0 135.0 97.0 168.0 110.0 123.0 246.0 80.0 95.0 58.0 73.0 135.0 141.0 46.0 246.0 211.0 243.0 31.0 59.0 121.0 161.0 354.0 20.0 287.0 246.0 56.0 88.0 113.0 287.0 300.0 99.0 235.0 284.0 245.0 50.0 271.0 255.0 280.0 357.0 336.0 314.0 15.0 325.0 295.0 247.0 265.0 320.0 348.0 359.0 8.0 19.0 352.0 356.0 307.0 17.0 58.0 269.0 269.0 308.0 304.0 282.0 248.0 232.0 197.0 246.0 309.0 324.0 323.0 6.0 14.0 6.0 307.0 312.0 328.0 331.0 20.0 316.0 338.0 5.0 339.0 342.0 347.0 351.0 355.0 356.0 35.0 10.0 44.0 47.0 72.0 31.0 42.0 323.0 298.0 292.0 270.0 270.0 287.0 297.0 280.0 276.0 297.0 311.0 316.0 253.0 254.0 248.0 260.0 261.0 265.0 248.0 263.0 229.0 228.0 241.0 235.0 238.0 242.0 256.0 270.0 290.0 296.0 287.0 286.0 284.0 288.0 301.0 295.0 298.0 190.795138888889 107.60750905100365
6 145.0 132.0 142.0 180.0 59.0 128.0 195.0 199.0 172.0 71.0 290.0 130.0 113.0 94.0 102.0 101.0 163.0 112.0 114.0 113.0 142.0 148.0 103.0 112.0 97.0 113.0 138.0 81.0 69.0 88.0 92.0 97.0 103.0 94.0 91.0 80.0 78.0 5.0 41.0 13.0 18.0 44.0 42.0 70.0 90.0 109.0 94.0 92.0 32.0 344.0 358.0 351.0 351.0 344.0 348.0 9.0 43.0 39.0 64.0 89.0 93.0 99.0 89.0 95.0 87.0 76.0 26.0 28.0 63.0 88.0 96.0 98.0 97.0 99.0 97.0 104.0 102.0 100.0 91.0 78.0 89.0 95.0 105.0 132.0 102.0 96.0 94.0 93.0 93.0 87.0 96.0 99.0 101.0 112.0 132.0 130.0 80.0 28.0 69.0 95.0 109.0 104.0 88.0 73.0 84.0 124.0 68.0 46.0 84.0 96.0 79.0 69.0 25.0 13.0 15.0 24.0 49.0 83.0 99.0 87.0 63.0 70.0 34.0 36.0 105.0 139.0 68.0 61.0 86.0 84.0 64.0 58.0 47.0 66.0 85.0 68.0 70.0 76.0 72.0 54.0 59.0 76.0 80.0 80.0 85.0 90.0 96.0 91.0 88.0 96.0 93.0 93.0 87.0 43.0 46.0 99.0 219.0 164.0 26.0 33.0 86.0 57.0 28.0 8.0 12.0 357.0 38.0 25.0 339.0 238.0 209.0 223.0 247.0 207.0 224.0 224.0 201.0 219.0 234.0 227.0 206.0 214.0 228.0 225.0 213.0 212.0 226.0 210.0 242.0 238.0 253.0 252.0 215.0 198.0 243.0 290.0 339.0 213.0 262.0 262.0 217.0 292.0 256.0 218.0 254.0 210.0 228.0 241.0 297.0 240.0 245.0 262.0 265.0 235.0 243.0 294.0 212.0 220.0 223.0 237.0 232.0 224.0 226.0 236.0 228.0 212.0 210.0 251.0 246.0 244.0 267.0 297.0 303.0 209.0 218.0 210.0 238.0 218.0 205.0 216.0 215.0 218.0 207.0 201.0 206.0 228.0 216.0 221.0 228.0 212.0 217.0 254.0 226.0 235.0 229.0 238.0 236.0 246.0 268.0 257.0 262.0 250.0 263.0 255.0 223.0 225.0 230.0 230.0 232.0 238.0 242.0 244.0 259.0 260.0 255.0 248.0 237.0 238.0 231.0 232.0 241.0 265.0 260.0 250.0 252.0 239.0 229.0 217.0 155.42361111111097 87.5538325084313
7 129.0 132.0 137.0 134.0 117.0 117.0 119.0 119.0 125.0 127.0 126.0 115.0 113.0 128.0 128.0 114.0 118.0 131.0 134.0 148.0 287.0 198.0 255.0 215.0 104.0 88.0 239.0 240.0 79.0 49.0 340.0 311.0 147.0 70.0 100.0 75.0 36.0 10.0 130.0 163.0 57.0 57.0 31.0 10.0 338.0 65.0 89.0 86.0 351.0 46.0 68.0 69.0 54.0 50.0 342.0 292.0 238.0 183.0 199.0 165.0 139.0 126.0 133.0 193.0 203.0 179.0 123.0 111.0 137.0 139.0 168.0 172.0 186.0 171.0 162.0 206.0 206.0 212.0 183.0 48.0 77.0 51.0 23.0 82.0 72.0 81.0 130.0 74.0 96.0 262.0 223.0 214.0 242.0 313.0 334.0 341.0 326.0 212.0 195.0 175.0 183.0 168.0 144.0 127.0 125.0 202.0 195.0 237.0 228.0 191.0 1.0 186.0 222.0 270.0 272.0 181.0 206.0 189.0 145.0 149.0 155.0 188.0 212.0 194.0 188.0 188.0 193.0 193.0 255.0 239.0 220.0 208.0 204.0 184.0 230.0 237.0 331.0 5.0 9.0 18.0 18.0 341.0 103.0 59.0 40.0 32.0 2.0 344.0 328.0 346.0 28.0 60.0 69.0 48.0 49.0 40.0 36.0 73.0 72.0 346.0 335.0 340.0 339.0 28.0 14.0 34.0 343.0 296.0 44.0 36.0 20.0 0.0 39.0 337.0 337.0 48.0 50.0 339.0 348.0 359.0 332.0 359.0 2.0 2.0 359.0 355.0 337.0 339.0 355.0 342.0 15.0 4.0 34.0 16.0 9.0 357.0 37.0 340.0 30.0 20.0 30.0 29.0 28.0 73.0 121.0 33.0 6.0 352.0 336.0 344.0 340.0 33.0 330.0 310.0 298.0 324.0 349.0 309.0 317.0 9.0 359.0 345.0 330.0 31.0 349.0 328.0 289.0 280.0 322.0 248.0 321.0 281.0 285.0 315.0 308.0 315.0 334.0 315.0 338.0 358.0 326.0 307.0 331.0 317.0 336.0 306.0 310.0 299.0 320.0 265.0 263.0 235.0 275.0 290.0 281.0 271.0 302.0 276.0 309.0 291.0 316.0 299.0 316.0 299.0 292.0 306.0 332.0 314.0 317.0 311.0 312.0 308.0 297.0 290.0 282.0 282.0 283.0 298.0 291.0 0.0 192.0 170.0 178.0 174.0 174.0 171.0 166.0 160.0 191.85763888888903 114.85220260485308
8 341.0 335.0 324.0 333.0 324.0 328.0 301.0 264.0 281.0 311.0 312.0 302.0 293.0 264.0 316.0 318.0 286.0 285.0 288.0 335.0 314.0 306.0 286.0 292.0 320.0 283.0 260.0 328.0 329.0 328.0 304.0 306.0 266.0 9.0 32.0 227.0 252.0 347.0 272.0 252.0 42.0 334.0 302.0 55.0 217.0 239.0 245.0 310.0 350.0 18.0 340.0 282.0 282.0 282.0 276.0 336.0 354.0 292.0 319.0 31.0 28.0 278.0 329.0 319.0 330.0 338.0 50.0 50.0 212.0 334.0 343.0 229.0 290.0 17.0 304.0 5.0 54.0 296.0 65.0 47.0 304.0 304.0 3.0 43.0 0.0 342.0 308.0 338.0 60.0 65.0 61.0 84.0 65.0 46.0 56.0 53.0 42.0 340.0 335.0 11.0 216.0 224.0 212.0 222.0 226.0 248.0 263.0 303.0 322.0 322.0 337.0 328.0 298.0 334.0 314.0 318.0 315.0 300.0 327.0 349.0 349.0 349.0 349.0 349.0 349.0 349.0 46.0 42.0 356.0 13.0 340.0 320.0 197.0 198.0 190.0 0.0 212.0 228.0 208.0 200.0 212.0 213.0 182.0 174.0 169.0 150.0 162.0 190.0 194.0 198.0 196.0 219.0 178.0 197.0 193.0 181.0 198.0 167.0 147.0 186.0 179.0 200.0 199.0 161.0 122.0 170.0 176.0 203.0 58.0 68.0 64.0 67.0 66.0 26.0 25.0 80.0 140.0 139.0 33.0 109.0 78.0 15.0 58.0 140.0 191.0 152.0 80.0 3.0 38.0 288.0 40.0 16.0 57.0 94.0 82.0 327.0 351.0 359.0 40.0 355.0 62.0 79.0 56.0 42.0 36.0 22.0 37.0 20.0 347.0 8.0 345.0 10.0 41.0 336.0 9.0 34.0 341.0 356.0 326.0 4.0 8.0 14.0 32.0 85.0 34.0 29.0 23.0 8.0 331.0 344.0 10.0 328.0 24.0 4.0 8.0 51.0 20.0 249.0 229.0 63.0 316.0 329.0 230.0 225.0 254.0 190.0 225.0 150.0 352.0 347.0 354.0 346.0 311.0 276.0 260.0 227.0 234.0 336.0 208.0 212.0 277.0 281.0 263.0 254.0 217.0 241.0 265.0 296.0 258.0 276.0 296.0 302.0 316.0 316.0 322.0 321.0 317.0 322.0 309.0 308.0 314.0 309.0 316.0 320.0 319.0 322.0 318.0 285.0 209.59027777777777 119.80779689916673
9 322.0 345.0 302.0 244.0 247.0 243.0 217.0 257.0 1.0 30.0 313.0 10.0 37.0 333.0 290.0 277.0 11.0 0.0 0.0 0.0 214.0 0.0 291.0 336.0 48.0 349.0 335.0 327.0 179.0 0.0 0.0 61.0 25.0 32.0 54.0 0.0 0.0 0.0 0.0 0.0 0.0 0.0 0.0 0.0 0.0 54.0 54.0 9.0 14.0 39.0 8.0 8.0 0.0 0.0 0.0 203.0 179.0 183.0 202.0 61.0 355.0 39.0 357.0 49.0 348.0 352.0 354.0 4.0 357.0 354.0 355.0 44.0 73.0 39.0 356.0 274.0 194.0 310.0 80.0 0.0 338.0 343.0 359.0 36.0 119.0 85.0 230.0 235.0 20.0 8.0 343.0 314.0 219.0 161.0 177.0 188.0 132.0 359.0 9.0 44.0 31.0 11.0 344.0 353.0 1.0 132.0 333.0 156.0 217.0 76.0 101.0 7.0 74.0 219.0 353.0 308.0 8.0 48.0 137.0 176.0 318.0 356.0 25.0 4.0 316.0 0.0 172.0 165.0 167.0 119.0 12.0 11.0 6.0 345.0 331.0 22.0 21.0 29.0 42.0 342.0 13.0 13.0 4.0 4.0 34.0 78.0 32.0 287.0 20.0 324.0 321.0 312.0 43.0 14.0 133.0 113.0 48.0 79.0 299.0 301.0 248.0 326.0 1.0 324.0 131.0 238.0 202.0 197.0 218.0 164.0 209.0 250.0 234.0 277.0 251.0 169.0 330.0 330.0 284.0 31.0 242.0 349.0 5.0 16.0 99.0 99.0 79.0 20.0 24.0 33.0 38.0 42.0 328.0 258.0 261.0 347.0 277.0 288.0 276.0 299.0 277.0 243.0 241.0 345.0 41.0 209.0 276.0 345.0 294.0 294.0 46.0 321.0 329.0 292.0 314.0 349.0 20.0 14.0 297.0 294.0 294.0 211.0 144.0 122.0 280.0 224.0 262.0 262.0 239.0 317.0 349.0 357.0 351.0 336.0 321.0 317.0 323.0 316.0 294.0 306.0 313.0 281.0 259.0 252.0 286.0 336.0 324.0 291.0 269.0 275.0 312.0 338.0 276.0 246.0 231.0 302.0 317.0 310.0 39.0 354.0 9.0 41.0 74.0 105.0 175.0 172.0 94.0 347.0 349.0 321.0 316.0 331.0 333.0 344.0 336.0 327.0 258.0 232.0 232.0 220.0 189.0 185.0 181.0 207.0 201.0 231.0 358.0 356.0 185.80555555555546 131.09484173682756
END
#################################################################
SECTION3 (Edges Information)
EndPoint0 EndPoint1 Weight
0 1 1.000000
1 2 1.000000
2 3 1.000000
3 4 1.000000
3 5 1.000000
4 5 1.000000
4 6 1.000000
5 6 1.000000
5 7 1.000000
6 7 1.000000
7 8 1.000000
7 9 1.000000
8 9 1.000000
0 1 1.000000
1 2 1.000000
2 3 1.000000
3 4 1.000000
3 5 1.000000
4 5 1.000000
4 6 1.000000
5 6 1.000000
5 7 1.000000
6 7 1.000000
7 8 1.000000
7 9 1.000000
8 9 1.000000
0 1 1.000000
1 2 1.000000
2 3 1.000000
3 4 1.000000
3 5 1.000000
4 5 1.000000
4 6 1.000000
5 6 1.000000
5 7 1.000000
6 7 1.000000
7 8 1.000000
7 9 1.000000
8 9 1.000000
END
#################################################################
SECTION4 (TrueSubGraph Information)
EndPoint0 EndPoint1 Weight
END
#################################################################
