#################################################################
#APDM Input Graph, this input graph includes 3 sections:
#section1 : general information
#section2 : nodes
#section3 : edges
#section4 : trueSubGraph (Optional)
#
#if nodes haven't information set weight to null
#################################################################
SECTION1 (General Information)
numNodes = 10
numEdges = 65
usedAlgorithm = NULL
dataSource = TransWeatherRealData
END
#################################################################
SECTION2 (Nodes Information)
NodeID windDir  mean  std 
0 304.0 280.0 254.0 251.0 272.0 307.0 305.0 299.0 299.0 293.0 293.0 269.0 286.0 277.0 277.0 278.0 270.0 262.0 255.0 254.0 255.0 263.0 260.0 255.0 260.0 264.0 265.0 262.0 261.0 256.0 262.0 268.0 267.0 271.0 279.0 275.0 269.0 274.0 259.0 260.0 269.0 259.0 245.0 238.0 229.0 226.0 229.0 228.0 237.0 238.0 247.0 246.0 239.0 237.0 234.0 225.0 218.0 221.0 226.0 223.0 220.0 235.0 243.0 245.0 244.0 240.0 239.0 241.0 239.0 242.0 236.0 236.0 240.0 238.0 233.0 232.0 233.0 235.0 231.0 229.0 229.0 227.0 231.0 229.0 222.0 218.0 221.0 224.0 230.0 230.0 229.0 227.0 230.0 233.0 232.0 237.0 245.0 246.0 247.0 239.0 235.0 232.0 229.0 225.0 223.0 226.0 229.0 227.0 229.0 223.0 229.0 234.0 234.0 230.0 222.0 223.0 231.0 237.0 248.0 256.0 274.0 280.0 280.0 283.0 285.0 286.0 288.0 299.0 298.0 290.0 289.0 284.0 282.0 287.0 293.0 302.0 309.0 316.0 315.0 318.0 317.0 319.0 346.0 16.0 28.0 50.0 37.0 55.0 66.0 57.0 65.0 73.0 94.0 83.0 106.0 109.0 87.0 89.0 92.0 97.0 42.0 99.0 87.0 63.0 42.0 38.0 42.0 82.0 105.0 89.0 80.0 90.0 103.0 85.0 51.0 76.0 68.0 68.0 124.0 62.0 59.0 121.0 38.0 91.0 116.0 155.0 198.0 182.0 55.0 104.0 69.0 328.0 33.0 174.0 174.0 75.0 111.0 136.0 16.0 27.0 48.0 23.0 29.0 28.0 323.0 325.0 357.0 23.0 321.0 297.0 343.0 350.0 321.0 333.0 321.0 341.0 343.0 353.0 329.0 238.0 340.0 336.0 323.0 290.0 299.0 309.0 310.0 283.0 270.0 271.0 287.0 295.0 319.0 311.0 309.0 283.0 318.0 299.0 338.0 310.0 342.0 322.0 318.0 316.0 326.0 329.0 312.0 316.0 298.0 315.0 317.0 325.0 291.0 303.0 311.0 330.0 299.0 320.0 315.0 299.0 305.0 295.0 287.0 298.0 305.0 296.0 297.0 300.0 297.0 306.0 299.0 297.0 297.0 301.0 288.0 280.0 286.0 294.0 289.0 292.0 288.0 288.0 289.0 282.0 282.0 283.0 285.0 286.0 232.66319444444454 88.41303784420093
1 323.0 305.0 310.0 326.0 331.0 321.0 322.0 329.0 311.0 311.0 330.0 331.0 313.0 320.0 307.0 294.0 306.0 318.0 293.0 299.0 280.0 336.0 318.0 310.0 315.0 315.0 294.0 304.0 318.0 315.0 292.0 256.0 252.0 301.0 328.0 297.0 286.0 292.0 282.0 286.0 280.0 244.0 247.0 239.0 232.0 239.0 251.0 279.0 290.0 318.0 308.0 293.0 246.0 232.0 195.0 170.0 232.0 266.0 286.0 296.0 269.0 249.0 267.0 290.0 298.0 300.0 245.0 240.0 236.0 273.0 310.0 316.0 312.0 296.0 251.0 167.0 150.0 167.0 143.0 152.0 148.0 237.0 324.0 341.0 340.0 324.0 256.0 237.0 270.0 231.0 189.0 173.0 231.0 288.0 327.0 330.0 310.0 316.0 290.0 237.0 167.0 160.0 230.0 235.0 234.0 202.0 297.0 298.0 314.0 318.0 309.0 308.0 303.0 312.0 297.0 304.0 327.0 322.0 290.0 277.0 267.0 28.0 71.0 132.0 110.0 39.0 73.0 156.0 122.0 86.0 88.0 73.0 61.0 83.0 101.0 108.0 111.0 89.0 96.0 66.0 28.0 354.0 350.0 349.0 341.0 335.0 325.0 321.0 313.0 310.0 320.0 314.0 304.0 315.0 318.0 315.0 311.0 305.0 316.0 297.0 294.0 334.0 305.0 320.0 313.0 13.0 51.0 101.0 93.0 83.0 82.0 42.0 55.0 45.0 62.0 21.0 315.0 102.0 138.0 60.0 146.0 19.0 25.0 45.0 61.0 77.0 70.0 76.0 69.0 78.0 96.0 99.0 110.0 112.0 100.0 82.0 68.0 35.0 57.0 37.0 48.0 63.0 91.0 97.0 92.0 86.0 89.0 91.0 92.0 87.0 98.0 102.0 78.0 95.0 88.0 94.0 92.0 86.0 107.0 94.0 105.0 57.0 128.0 123.0 143.0 170.0 157.0 109.0 113.0 147.0 306.0 247.0 306.0 310.0 285.0 270.0 289.0 269.0 268.0 265.0 304.0 298.0 261.0 260.0 307.0 287.0 294.0 262.0 270.0 319.0 278.0 264.0 290.0 313.0 289.0 263.0 287.0 272.0 292.0 280.0 283.0 305.0 296.0 297.0 316.0 319.0 324.0 318.0 319.0 307.0 306.0 304.0 318.0 319.0 325.0 311.0 312.0 327.0 329.0 342.0 329.0 338.0 326.0 311.0 316.0 308.0 310.0 326.0 229.21527777777783 100.88971197205443
2 321.0 327.0 327.0 319.0 321.0 328.0 322.0 327.0 313.0 299.0 306.0 296.0 286.0 286.0 284.0 289.0 274.0 258.0 252.0 260.0 272.0 280.0 270.0 279.0 286.0 276.0 260.0 235.0 242.0 255.0 259.0 268.0 264.0 257.0 259.0 275.0 286.0 284.0 284.0 275.0 260.0 224.0 232.0 236.0 247.0 266.0 273.0 270.0 254.0 256.0 273.0 272.0 281.0 269.0 245.0 242.0 244.0 243.0 250.0 265.0 262.0 238.0 231.0 241.0 256.0 252.0 265.0 279.0 269.0 255.0 243.0 231.0 231.0 246.0 241.0 252.0 243.0 228.0 242.0 222.0 0.0 205.0 192.0 200.0 205.0 186.0 180.0 161.0 152.0 160.0 162.0 177.0 181.0 182.0 190.0 188.0 191.0 176.0 183.0 182.0 184.0 182.0 182.0 181.0 189.0 191.0 192.0 184.0 185.0 190.0 193.0 182.0 194.0 196.0 188.0 199.0 204.0 193.0 210.0 0.0 235.0 211.0 225.0 222.0 208.0 227.0 235.0 246.0 219.0 196.0 194.0 198.0 198.0 193.0 200.0 211.0 224.0 224.0 225.0 228.0 236.0 252.0 265.0 266.0 264.0 281.0 274.0 286.0 275.0 268.0 291.0 297.0 284.0 318.0 336.0 322.0 318.0 356.0 3.0 354.0 360.0 357.0 347.0 20.0 1.0 343.0 15.0 348.0 43.0 61.0 50.0 10.0 80.0 143.0 97.0 18.0 326.0 35.0 71.0 77.0 19.0 355.0 301.0 147.0 295.0 260.0 248.0 282.0 309.0 55.0 116.0 79.0 329.0 321.0 360.0 347.0 303.0 251.0 176.0 277.0 338.0 323.0 340.0 338.0 340.0 357.0 326.0 52.0 325.0 1.0 342.0 290.0 321.0 342.0 299.0 352.0 304.0 261.0 338.0 330.0 340.0 336.0 322.0 292.0 279.0 318.0 343.0 248.0 322.0 313.0 318.0 87.0 177.0 288.0 274.0 232.0 272.0 287.0 301.0 309.0 309.0 304.0 326.0 299.0 266.0 261.0 328.0 296.0 313.0 279.0 308.0 297.0 305.0 327.0 330.0 298.0 314.0 313.0 333.0 333.0 295.0 330.0 311.0 345.0 330.0 17.0 12.0 354.0 346.0 332.0 337.0 333.0 327.0 330.0 324.0 328.0 331.0 331.0 337.0 352.0 357.0 5.0 11.0 356.0 345.0 356.0 1.0 4.0 246.91666666666666 88.45050191603549
3 291.0 286.0 276.0 272.0 267.0 253.0 260.0 259.0 267.0 248.0 223.0 235.0 261.0 252.0 263.0 264.0 267.0 259.0 256.0 251.0 237.0 223.0 222.0 221.0 218.0 224.0 235.0 250.0 271.0 0.0 248.0 297.0 267.0 258.0 138.0 138.0 0.0 138.0 135.0 124.0 110.0 98.0 97.0 98.0 135.0 149.0 146.0 146.0 146.0 146.0 146.0 158.0 160.0 149.0 123.0 115.0 115.0 115.0 115.0 115.0 115.0 153.0 165.0 177.0 183.0 210.0 210.0 0.0 211.0 200.0 186.0 132.0 128.0 124.0 124.0 124.0 124.0 124.0 124.0 125.0 124.0 124.0 125.0 136.0 160.0 172.0 165.0 137.0 121.0 118.0 117.0 110.0 109.0 0.0 110.0 110.0 110.0 110.0 110.0 110.0 0.0 0.0 175.0 192.0 186.0 179.0 160.0 158.0 158.0 158.0 160.0 169.0 165.0 53.0 152.0 51.0 43.0 99.0 68.0 315.0 288.0 3.0 302.0 198.0 209.0 211.0 243.0 249.0 252.0 252.0 240.0 243.0 248.0 248.0 248.0 235.0 255.0 261.0 251.0 252.0 259.0 268.0 265.0 254.0 246.0 252.0 264.0 267.0 275.0 285.0 284.0 293.0 294.0 329.0 6.0 353.0 299.0 312.0 326.0 6.0 99.0 82.0 62.0 84.0 70.0 107.0 68.0 68.0 165.0 71.0 67.0 89.0 118.0 128.0 185.0 332.0 249.0 324.0 354.0 10.0 57.0 104.0 337.0 11.0 277.0 339.0 3.0 309.0 243.0 52.0 131.0 341.0 282.0 235.0 223.0 212.0 329.0 31.0 275.0 306.0 304.0 321.0 292.0 272.0 345.0 319.0 291.0 23.0 302.0 269.0 305.0 336.0 339.0 280.0 356.0 286.0 336.0 314.0 296.0 300.0 296.0 284.0 311.0 349.0 325.0 324.0 296.0 320.0 329.0 325.0 312.0 330.0 316.0 330.0 270.0 288.0 289.0 296.0 299.0 306.0 324.0 300.0 296.0 349.0 314.0 326.0 320.0 342.0 334.0 339.0 334.0 333.0 308.0 301.0 296.0 302.0 333.0 336.0 303.0 314.0 301.0 332.0 319.0 306.0 317.0 327.0 321.0 307.0 309.0 325.0 334.0 320.0 330.0 319.0 288.0 307.0 307.0 292.0 305.0 318.0 322.0 317.0 287.0 292.0 304.0 302.0 313.0 301.0 220.32986111111097 96.70681406030768
4 302.0 313.0 310.0 301.0 317.0 306.0 301.0 300.0 314.0 320.0 325.0 110.0 0.0 0.0 0.0 0.0 277.0 309.0 297.0 0.0 209.0 0.0 0.0 0.0 302.0 310.0 306.0 300.0 286.0 292.0 328.0 326.0 319.0 320.0 330.0 348.0 320.0 48.0 73.0 62.0 53.0 52.0 30.0 24.0 27.0 23.0 42.0 42.0 42.0 42.0 0.0 43.0 43.0 43.0 0.0 0.0 0.0 0.0 43.0 43.0 43.0 43.0 42.0 0.0 42.0 42.0 25.0 0.0 0.0 0.0 0.0 0.0 0.0 0.0 0.0 0.0 0.0 0.0 18.0 18.0 0.0 53.0 53.0 48.0 28.0 27.0 25.0 16.0 18.0 18.0 18.0 18.0 28.0 55.0 127.0 141.0 143.0 143.0 143.0 143.0 355.0 96.0 97.0 0.0 26.0 26.0 26.0 24.0 30.0 27.0 102.0 92.0 111.0 123.0 123.0 123.0 0.0 0.0 0.0 123.0 123.0 133.0 112.0 117.0 115.0 160.0 166.0 0.0 166.0 166.0 166.0 166.0 250.0 318.0 305.0 103.0 0.0 334.0 322.0 298.0 297.0 304.0 297.0 293.0 290.0 288.0 284.0 292.0 317.0 309.0 327.0 342.0 309.0 322.0 323.0 328.0 305.0 338.0 138.0 101.0 97.0 22.0 93.0 284.0 277.0 324.0 357.0 303.0 281.0 277.0 280.0 289.0 316.0 283.0 293.0 283.0 294.0 292.0 296.0 258.0 3.0 320.0 316.0 298.0 306.0 324.0 317.0 298.0 325.0 299.0 288.0 295.0 322.0 293.0 294.0 317.0 311.0 295.0 292.0 276.0 302.0 289.0 299.0 304.0 274.0 289.0 301.0 289.0 287.0 308.0 302.0 303.0 302.0 296.0 296.0 285.0 302.0 295.0 300.0 305.0 283.0 287.0 292.0 276.0 284.0 295.0 302.0 309.0 301.0 284.0 280.0 303.0 277.0 300.0 310.0 320.0 306.0 310.0 298.0 301.0 286.0 287.0 283.0 283.0 298.0 286.0 289.0 303.0 286.0 291.0 282.0 300.0 293.0 297.0 314.0 288.0 276.0 303.0 304.0 309.0 302.0 290.0 281.0 304.0 305.0 307.0 301.0 303.0 297.0 297.0 298.0 294.0 320.0 325.0 319.0 301.0 293.0 301.0 297.0 299.0 294.0 306.0 317.0 310.0 298.0 299.0 297.0 291.0 204.71180555555583 126.74517054845043
5 26.0 9.0 321.0 308.0 307.0 284.0 268.0 278.0 300.0 282.0 296.0 295.0 294.0 313.0 328.0 344.0 355.0 356.0 346.0 348.0 331.0 338.0 328.0 314.0 290.0 286.0 236.0 226.0 227.0 0.0 227.0 227.0 248.0 252.0 252.0 259.0 267.0 267.0 267.0 267.0 267.0 267.0 271.0 265.0 268.0 261.0 278.0 266.0 276.0 274.0 266.0 267.0 273.0 268.0 265.0 267.0 266.0 265.0 264.0 267.0 266.0 265.0 273.0 277.0 276.0 275.0 269.0 267.0 269.0 265.0 269.0 271.0 264.0 266.0 266.0 268.0 269.0 272.0 272.0 272.0 270.0 271.0 270.0 269.0 270.0 269.0 268.0 258.0 252.0 259.0 260.0 264.0 263.0 253.0 253.0 255.0 251.0 254.0 257.0 250.0 248.0 259.0 252.0 251.0 252.0 253.0 249.0 237.0 237.0 245.0 245.0 243.0 250.0 242.0 244.0 253.0 251.0 243.0 256.0 270.0 276.0 263.0 252.0 262.0 266.0 246.0 255.0 261.0 257.0 258.0 260.0 266.0 271.0 261.0 267.0 261.0 265.0 255.0 243.0 240.0 253.0 249.0 252.0 265.0 269.0 272.0 276.0 266.0 273.0 269.0 279.0 288.0 275.0 254.0 269.0 298.0 291.0 300.0 323.0 15.0 349.0 357.0 286.0 266.0 339.0 5.0 283.0 297.0 274.0 265.0 256.0 253.0 253.0 222.0 310.0 270.0 247.0 269.0 307.0 286.0 259.0 275.0 259.0 268.0 320.0 272.0 283.0 292.0 273.0 252.0 239.0 260.0 272.0 265.0 279.0 265.0 258.0 287.0 248.0 266.0 273.0 254.0 267.0 286.0 281.0 292.0 295.0 305.0 288.0 265.0 297.0 292.0 295.0 292.0 286.0 273.0 297.0 263.0 268.0 275.0 265.0 266.0 263.0 254.0 281.0 282.0 265.0 272.0 291.0 275.0 266.0 268.0 269.0 270.0 281.0 293.0 283.0 285.0 301.0 304.0 300.0 272.0 276.0 295.0 282.0 301.0 304.0 292.0 290.0 272.0 281.0 279.0 282.0 277.0 277.0 297.0 285.0 292.0 287.0 279.0 279.0 281.0 293.0 302.0 287.0 289.0 302.0 297.0 299.0 292.0 302.0 299.0 298.0 305.0 305.0 300.0 295.0 299.0 310.0 315.0 295.0 300.0 307.0 300.0 309.0 312.0 316.0 314.0 271.60416666666663 42.04199306865296
6 329.0 335.0 345.0 341.0 327.0 323.0 328.0 332.0 325.0 320.0 315.0 323.0 316.0 327.0 334.0 340.0 327.0 333.0 319.0 321.0 329.0 326.0 331.0 343.0 339.0 339.0 339.0 323.0 325.0 336.0 358.0 20.0 33.0 24.0 18.0 25.0 44.0 60.0 203.0 189.0 195.0 219.0 231.0 234.0 219.0 211.0 201.0 203.0 200.0 198.0 195.0 202.0 210.0 208.0 207.0 196.0 190.0 205.0 212.0 266.0 274.0 273.0 264.0 301.0 303.0 31.0 21.0 13.0 10.0 356.0 339.0 337.0 325.0 332.0 358.0 358.0 360.0 359.0 12.0 26.0 63.0 65.0 76.0 39.0 5.0 349.0 0.0 8.0 14.0 17.0 37.0 34.0 46.0 53.0 45.0 27.0 28.0 37.0 45.0 68.0 88.0 228.0 329.0 347.0 341.0 332.0 335.0 335.0 340.0 338.0 272.0 224.0 240.0 233.0 239.0 241.0 248.0 253.0 248.0 238.0 219.0 224.0 230.0 228.0 232.0 231.0 227.0 228.0 230.0 226.0 223.0 222.0 224.0 225.0 222.0 224.0 226.0 239.0 238.0 232.0 225.0 223.0 230.0 255.0 265.0 281.0 283.0 269.0 272.0 214.0 205.0 214.0 210.0 216.0 228.0 229.0 220.0 222.0 222.0 218.0 206.0 200.0 204.0 227.0 305.0 340.0 322.0 284.0 333.0 331.0 340.0 276.0 272.0 288.0 327.0 305.0 311.0 300.0 311.0 314.0 304.0 302.0 297.0 281.0 316.0 278.0 287.0 282.0 312.0 315.0 310.0 344.0 346.0 296.0 255.0 240.0 282.0 262.0 241.0 260.0 254.0 259.0 293.0 272.0 241.0 242.0 257.0 259.0 287.0 256.0 254.0 277.0 250.0 259.0 249.0 251.0 237.0 254.0 247.0 249.0 269.0 284.0 273.0 275.0 276.0 270.0 275.0 255.0 288.0 280.0 290.0 234.0 272.0 255.0 238.0 250.0 272.0 252.0 250.0 261.0 279.0 270.0 271.0 255.0 276.0 254.0 264.0 269.0 254.0 246.0 255.0 275.0 280.0 250.0 258.0 264.0 262.0 275.0 283.0 277.0 284.0 270.0 271.0 268.0 266.0 264.0 281.0 298.0 295.0 297.0 280.0 276.0 290.0 279.0 295.0 302.0 281.0 284.0 285.0 292.0 297.0 295.0 292.0 291.0 303.0 301.0 296.0 292.0 246.13888888888897 86.99426158423846
7 128.0 137.0 156.0 163.0 173.0 167.0 169.0 0.0 0.0 0.0 0.0 0.0 143.0 107.0 105.0 107.0 105.0 48.0 2.0 23.0 29.0 36.0 346.0 301.0 291.0 301.0 315.0 329.0 318.0 341.0 327.0 318.0 321.0 303.0 312.0 299.0 290.0 297.0 298.0 295.0 304.0 313.0 307.0 303.0 315.0 311.0 326.0 337.0 330.0 314.0 309.0 299.0 282.0 275.0 272.0 261.0 238.0 209.0 235.0 290.0 293.0 270.0 265.0 259.0 269.0 264.0 267.0 265.0 262.0 264.0 267.0 275.0 283.0 275.0 287.0 291.0 282.0 286.0 287.0 288.0 276.0 284.0 293.0 291.0 287.0 278.0 277.0 275.0 281.0 274.0 284.0 275.0 274.0 280.0 277.0 285.0 286.0 282.0 286.0 285.0 285.0 286.0 271.0 255.0 244.0 230.0 227.0 228.0 237.0 242.0 243.0 240.0 252.0 254.0 249.0 244.0 247.0 251.0 263.0 265.0 269.0 268.0 278.0 279.0 259.0 247.0 266.0 282.0 281.0 256.0 237.0 226.0 250.0 236.0 307.0 321.0 334.0 324.0 326.0 323.0 321.0 324.0 324.0 325.0 320.0 322.0 323.0 330.0 309.0 307.0 286.0 295.0 294.0 280.0 295.0 301.0 272.0 266.0 290.0 313.0 310.0 306.0 304.0 299.0 295.0 294.0 282.0 278.0 260.0 265.0 284.0 280.0 295.0 296.0 267.0 275.0 288.0 267.0 269.0 260.0 255.0 283.0 255.0 270.0 281.0 249.0 264.0 278.0 258.0 268.0 261.0 256.0 256.0 281.0 256.0 255.0 273.0 273.0 283.0 306.0 273.0 289.0 299.0 271.0 261.0 280.0 274.0 281.0 259.0 265.0 280.0 267.0 280.0 255.0 273.0 257.0 256.0 306.0 304.0 306.0 290.0 277.0 276.0 299.0 269.0 268.0 287.0 297.0 299.0 258.0 248.0 268.0 243.0 279.0 298.0 294.0 270.0 268.0 273.0 295.0 284.0 268.0 251.0 265.0 253.0 253.0 253.0 263.0 266.0 270.0 276.0 279.0 275.0 275.0 278.0 280.0 281.0 279.0 281.0 283.0 303.0 283.0 292.0 284.0 284.0 278.0 289.0 293.0 277.0 286.0 293.0 290.0 292.0 286.0 293.0 302.0 304.0 293.0 308.0 286.0 289.0 292.0 293.0 296.0 291.0 290.0 287.0 293.0 266.40625 60.57170912946168
8 148.0 148.0 191.0 204.0 194.0 188.0 187.0 184.0 208.0 197.0 203.0 212.0 211.0 214.0 219.0 214.0 222.0 230.0 219.0 202.0 206.0 221.0 215.0 212.0 224.0 215.0 222.0 217.0 215.0 210.0 220.0 261.0 290.0 287.0 286.0 309.0 311.0 308.0 309.0 301.0 303.0 309.0 315.0 302.0 314.0 312.0 327.0 332.0 321.0 313.0 301.0 306.0 312.0 315.0 317.0 317.0 323.0 332.0 333.0 324.0 323.0 322.0 326.0 319.0 309.0 313.0 310.0 299.0 152.0 186.0 251.0 293.0 262.0 307.0 319.0 312.0 310.0 303.0 303.0 302.0 310.0 311.0 297.0 298.0 290.0 249.0 163.0 158.0 220.0 236.0 248.0 242.0 222.0 234.0 240.0 234.0 238.0 237.0 239.0 240.0 249.0 244.0 233.0 235.0 236.0 226.0 240.0 232.0 229.0 260.0 265.0 257.0 264.0 254.0 253.0 241.0 241.0 221.0 239.0 332.0 298.0 274.0 272.0 259.0 268.0 242.0 257.0 242.0 221.0 235.0 233.0 226.0 215.0 133.0 176.0 179.0 188.0 204.0 193.0 198.0 215.0 284.0 263.0 309.0 327.0 248.0 203.0 212.0 236.0 230.0 234.0 239.0 236.0 298.0 266.0 277.0 248.0 303.0 274.0 228.0 265.0 299.0 294.0 313.0 287.0 291.0 265.0 265.0 259.0 222.0 340.0 298.0 225.0 293.0 278.0 347.0 343.0 341.0 332.0 354.0 292.0 333.0 311.0 331.0 317.0 313.0 320.0 318.0 318.0 319.0 320.0 320.0 317.0 315.0 323.0 333.0 303.0 292.0 281.0 282.0 282.0 293.0 286.0 257.0 251.0 298.0 277.0 286.0 299.0 297.0 316.0 289.0 257.0 328.0 320.0 276.0 256.0 301.0 318.0 315.0 303.0 276.0 292.0 273.0 300.0 268.0 291.0 224.0 224.0 279.0 305.0 268.0 300.0 307.0 314.0 228.0 252.0 287.0 299.0 297.0 269.0 285.0 276.0 212.0 224.0 261.0 274.0 253.0 273.0 281.0 256.0 237.0 256.0 279.0 299.0 295.0 296.0 219.0 269.0 304.0 285.0 291.0 289.0 288.0 280.0 255.0 221.0 232.0 296.0 296.0 287.0 297.0 303.0 306.0 286.0 297.0 298.0 299.0 297.0 306.0 306.0 304.0 310.0 299.0 296.0 298.0 302.0 316.0 269.7881944444445 44.19871503410358
9 349.0 358.0 353.0 347.0 0.0 0.0 2.0 4.0 359.0 358.0 5.0 7.0 7.0 8.0 16.0 20.0 28.0 17.0 19.0 14.0 16.0 8.0 357.0 2.0 7.0 357.0 360.0 352.0 345.0 349.0 345.0 333.0 347.0 346.0 341.0 341.0 343.0 354.0 5.0 7.0 16.0 28.0 2.0 335.0 312.0 312.0 304.0 306.0 312.0 336.0 344.0 355.0 343.0 347.0 353.0 328.0 314.0 301.0 84.0 67.0 1.0 43.0 3.0 341.0 352.0 14.0 22.0 44.0 74.0 73.0 82.0 104.0 0.0 0.0 206.0 199.0 198.0 78.0 67.0 6.0 339.0 297.0 194.0 195.0 186.0 199.0 195.0 185.0 202.0 212.0 0.0 0.0 74.0 47.0 4.0 355.0 3.0 28.0 24.0 246.0 191.0 157.0 182.0 185.0 0.0 0.0 70.0 86.0 74.0 127.0 179.0 179.0 190.0 170.0 198.0 226.0 227.0 212.0 186.0 166.0 104.0 84.0 81.0 68.0 58.0 55.0 82.0 72.0 68.0 70.0 125.0 62.0 55.0 20.0 6.0 354.0 27.0 4.0 336.0 240.0 278.0 318.0 318.0 358.0 17.0 40.0 54.0 57.0 51.0 32.0 46.0 357.0 353.0 354.0 16.0 8.0 297.0 158.0 172.0 359.0 359.0 232.0 271.0 282.0 352.0 344.0 30.0 30.0 271.0 347.0 7.0 218.0 313.0 307.0 236.0 286.0 314.0 305.0 293.0 316.0 335.0 313.0 297.0 285.0 257.0 267.0 260.0 246.0 254.0 264.0 280.0 281.0 281.0 320.0 317.0 294.0 282.0 292.0 292.0 303.0 302.0 312.0 278.0 291.0 297.0 283.0 280.0 226.0 289.0 283.0 289.0 285.0 286.0 323.0 297.0 300.0 287.0 260.0 286.0 311.0 322.0 331.0 293.0 298.0 303.0 289.0 276.0 286.0 290.0 272.0 319.0 299.0 283.0 281.0 286.0 286.0 270.0 287.0 287.0 270.0 299.0 293.0 289.0 303.0 299.0 297.0 336.0 314.0 303.0 324.0 293.0 280.0 277.0 317.0 311.0 335.0 326.0 288.0 324.0 302.0 309.0 302.0 317.0 319.0 312.0 289.0 322.0 321.0 327.0 336.0 338.0 327.0 321.0 319.0 304.0 302.0 306.0 316.0 313.0 316.0 328.0 319.0 319.0 357.0 103.0 284.0 239.0 191.0 218.01388888888903 125.50580513864615
END
#################################################################
SECTION3 (Edges Information)
EndPoint0 EndPoint1 Weight
0 1 1.000000
1 2 1.000000
2 3 1.000000
3 4 1.000000
3 5 1.000000
4 5 1.000000
4 6 1.000000
5 6 1.000000
5 7 1.000000
6 7 1.000000
7 8 1.000000
7 9 1.000000
8 9 1.000000
0 1 1.000000
1 2 1.000000
2 3 1.000000
3 4 1.000000
3 5 1.000000
4 5 1.000000
4 6 1.000000
5 6 1.000000
5 7 1.000000
6 7 1.000000
7 8 1.000000
7 9 1.000000
8 9 1.000000
0 1 1.000000
1 2 1.000000
2 3 1.000000
3 4 1.000000
3 5 1.000000
4 5 1.000000
4 6 1.000000
5 6 1.000000
5 7 1.000000
6 7 1.000000
7 8 1.000000
7 9 1.000000
8 9 1.000000
0 1 1.000000
1 2 1.000000
2 3 1.000000
3 4 1.000000
3 5 1.000000
4 5 1.000000
4 6 1.000000
5 6 1.000000
5 7 1.000000
6 7 1.000000
7 8 1.000000
7 9 1.000000
8 9 1.000000
0 1 1.000000
1 2 1.000000
2 3 1.000000
3 4 1.000000
3 5 1.000000
4 5 1.000000
4 6 1.000000
5 6 1.000000
5 7 1.000000
6 7 1.000000
7 8 1.000000
7 9 1.000000
8 9 1.000000
END
#################################################################
SECTION4 (TrueSubGraph Information)
EndPoint0 EndPoint1 Weight
END
#################################################################
