#################################################################
#APDM Input Graph, this input graph includes 3 sections:
#section1 : general information
#section2 : nodes
#section3 : edges
#section4 : trueSubGraph (Optional)
#
#if nodes haven't information set weight to null
#################################################################
SECTION1 (General Information)
numNodes = 10
numEdges = 13
usedAlgorithm = NULL
dataSource = TransWeatherRealData
END
#################################################################
SECTION2 (Nodes Information)
NodeID windDir  mean  std 
0 253.0 277.0 307.0 308.0 288.0 302.0 298.0 296.0 303.0 299.0 318.0 328.0 324.0 325.0 326.0 323.0 314.0 311.0 308.0 313.0 315.0 318.0 322.0 323.0 318.0 312.0 303.0 300.0 296.0 283.0 290.0 299.0 294.0 283.0 282.0 289.0 294.0 294.0 287.0 283.0 278.0 278.0 279.0 282.0 282.0 284.0 280.0 279.0 278.0 275.0 279.0 279.0 277.0 274.0 271.0 268.0 269.0 274.0 277.0 277.0 270.0 274.0 276.0 274.0 270.0 272.0 275.0 271.0 270.0 272.0 275.0 276.0 275.0 273.0 265.0 267.0 265.0 267.0 268.0 267.0 269.0 264.0 259.0 259.0 256.0 253.0 247.0 245.0 244.0 244.0 245.0 243.0 246.0 249.0 248.0 246.0 248.0 249.0 252.0 249.0 248.0 252.0 258.0 262.0 263.0 261.0 262.0 263.0 265.0 259.0 256.0 258.0 256.0 246.0 242.0 241.0 250.0 252.0 247.0 247.0 247.0 254.0 264.0 267.0 271.0 259.0 252.0 249.0 246.0 249.0 256.0 256.0 253.0 250.0 246.0 246.0 251.0 260.0 259.0 253.0 255.0 257.0 264.0 273.0 266.0 264.0 263.0 258.0 259.0 257.0 258.0 263.0 260.0 261.0 260.0 257.0 266.0 273.0 262.0 282.0 260.0 252.0 264.0 272.0 281.0 261.0 286.0 264.0 248.0 249.0 264.0 252.0 269.0 263.0 260.0 287.0 278.0 286.0 264.0 273.0 277.0 253.0 282.0 282.0 280.0 282.0 277.0 298.0 312.0 307.0 295.0 291.0 293.0 296.0 289.0 306.0 334.0 299.0 309.0 303.0 295.0 296.0 321.0 313.0 310.0 315.0 320.0 320.0 317.0 315.0 308.0 299.0 304.0 322.0 314.0 284.0 319.0 321.0 328.0 305.0 320.0 309.0 306.0 309.0 279.0 265.0 321.0 310.0 325.0 294.0 282.0 321.0 308.0 318.0 295.0 301.0 310.0 319.0 290.0 280.0 299.0 328.0 316.0 297.0 301.0 339.0 296.0 313.0 331.0 311.0 311.0 306.0 287.0 295.0 312.0 296.0 294.0 307.0 315.0 295.0 300.0 315.0 315.0 299.0 309.0 338.0 311.0 307.0 293.0 286.0 263.0 292.0 300.0 299.0 303.0 299.0 293.0 291.0 290.0 297.0 285.0 287.0 310.0 292.0 300.0 303.0 301.0 301.0 283.09375 24.393869449612513
1 288.0 290.0 289.0 285.0 296.0 289.0 281.0 282.0 283.0 292.0 300.0 319.0 331.0 333.0 327.0 316.0 320.0 323.0 327.0 327.0 329.0 322.0 313.0 313.0 312.0 303.0 308.0 321.0 316.0 310.0 314.0 305.0 300.0 309.0 312.0 305.0 302.0 299.0 304.0 299.0 306.0 308.0 316.0 314.0 314.0 312.0 311.0 315.0 316.0 316.0 316.0 312.0 310.0 308.0 308.0 304.0 303.0 301.0 301.0 298.0 299.0 306.0 302.0 303.0 304.0 304.0 304.0 305.0 303.0 306.0 303.0 302.0 301.0 302.0 297.0 295.0 298.0 300.0 303.0 301.0 301.0 306.0 300.0 301.0 299.0 306.0 304.0 304.0 306.0 305.0 301.0 303.0 307.0 308.0 304.0 304.0 306.0 308.0 307.0 308.0 306.0 308.0 308.0 313.0 305.0 307.0 305.0 307.0 303.0 307.0 307.0 301.0 303.0 306.0 303.0 302.0 303.0 307.0 309.0 306.0 306.0 303.0 304.0 300.0 297.0 304.0 306.0 302.0 297.0 298.0 298.0 300.0 298.0 298.0 302.0 304.0 302.0 307.0 308.0 308.0 308.0 302.0 304.0 305.0 302.0 300.0 296.0 292.0 309.0 303.0 302.0 300.0 304.0 302.0 314.0 297.0 287.0 302.0 302.0 304.0 320.0 322.0 299.0 288.0 296.0 288.0 307.0 286.0 286.0 301.0 334.0 328.0 278.0 302.0 305.0 303.0 294.0 289.0 287.0 282.0 280.0 325.0 325.0 324.0 333.0 320.0 298.0 303.0 293.0 299.0 321.0 309.0 343.0 299.0 294.0 299.0 295.0 337.0 330.0 334.0 320.0 330.0 321.0 310.0 322.0 300.0 308.0 302.0 320.0 321.0 317.0 330.0 321.0 305.0 325.0 330.0 331.0 9.0 340.0 302.0 291.0 333.0 331.0 295.0 271.0 321.0 310.0 336.0 302.0 318.0 303.0 304.0 296.0 306.0 292.0 304.0 318.0 335.0 311.0 306.0 318.0 305.0 287.0 332.0 325.0 311.0 333.0 324.0 312.0 340.0 340.0 351.0 344.0 352.0 4.0 323.0 337.0 325.0 346.0 353.0 349.0 352.0 348.0 338.0 343.0 352.0 338.0 348.0 353.0 330.0 311.0 306.0 323.0 340.0 340.0 338.0 333.0 355.0 318.0 332.0 317.0 278.0 288.0 283.0 280.0 278.0 253.0 252.0 307.44097222222223 30.257604597609642
2 326.0 331.0 323.0 327.0 327.0 325.0 323.0 327.0 322.0 322.0 322.0 314.0 312.0 309.0 309.0 310.0 309.0 304.0 307.0 305.0 302.0 305.0 302.0 293.0 280.0 275.0 272.0 277.0 284.0 281.0 284.0 282.0 289.0 289.0 283.0 282.0 282.0 285.0 282.0 281.0 288.0 295.0 294.0 290.0 284.0 284.0 284.0 290.0 292.0 291.0 290.0 283.0 285.0 285.0 288.0 291.0 286.0 285.0 288.0 286.0 284.0 286.0 286.0 286.0 290.0 290.0 293.0 297.0 296.0 294.0 292.0 294.0 304.0 313.0 307.0 302.0 302.0 294.0 298.0 299.0 295.0 288.0 285.0 284.0 286.0 276.0 282.0 285.0 280.0 281.0 283.0 283.0 283.0 279.0 275.0 269.0 268.0 268.0 269.0 278.0 278.0 268.0 275.0 278.0 285.0 280.0 282.0 276.0 281.0 282.0 283.0 301.0 297.0 284.0 283.0 290.0 288.0 289.0 288.0 287.0 289.0 288.0 292.0 289.0 286.0 292.0 289.0 285.0 286.0 287.0 291.0 290.0 287.0 284.0 287.0 287.0 287.0 285.0 286.0 288.0 305.0 308.0 303.0 319.0 298.0 308.0 312.0 311.0 298.0 297.0 307.0 306.0 290.0 312.0 300.0 301.0 293.0 312.0 312.0 306.0 307.0 299.0 293.0 315.0 341.0 332.0 354.0 327.0 323.0 310.0 307.0 332.0 294.0 294.0 295.0 324.0 339.0 325.0 310.0 331.0 346.0 331.0 311.0 324.0 340.0 326.0 324.0 337.0 342.0 329.0 322.0 334.0 333.0 321.0 312.0 317.0 320.0 315.0 306.0 323.0 343.0 319.0 330.0 309.0 318.0 314.0 326.0 331.0 324.0 339.0 313.0 300.0 317.0 307.0 306.0 313.0 313.0 325.0 311.0 281.0 307.0 332.0 336.0 327.0 346.0 323.0 294.0 312.0 316.0 301.0 328.0 326.0 334.0 343.0 329.0 342.0 343.0 336.0 321.0 323.0 332.0 348.0 338.0 337.0 326.0 331.0 338.0 342.0 335.0 335.0 345.0 331.0 319.0 316.0 356.0 0.0 346.0 341.0 336.0 341.0 327.0 332.0 339.0 334.0 350.0 357.0 356.0 3.0 5.0 7.0 2.0 356.0 9.0 3.0 5.0 357.0 7.0 4.0 0.0 7.0 16.0 8.0 21.0 25.0 17.0 24.0 27.0 27.0 285.75 78.19015506080069
3 280.0 277.0 285.0 277.0 277.0 272.0 277.0 273.0 268.0 273.0 274.0 272.0 259.0 263.0 264.0 266.0 267.0 263.0 269.0 268.0 260.0 262.0 264.0 261.0 263.0 259.0 251.0 242.0 253.0 248.0 252.0 251.0 259.0 257.0 254.0 250.0 245.0 251.0 239.0 256.0 250.0 253.0 252.0 252.0 243.0 247.0 256.0 254.0 250.0 259.0 254.0 256.0 254.0 255.0 252.0 241.0 245.0 253.0 268.0 248.0 253.0 251.0 240.0 237.0 294.0 288.0 235.0 241.0 248.0 242.0 242.0 241.0 218.0 249.0 257.0 256.0 251.0 83.0 113.0 123.0 138.0 143.0 119.0 127.0 111.0 112.0 108.0 112.0 115.0 118.0 121.0 121.0 121.0 224.0 218.0 211.0 208.0 208.0 208.0 0.0 0.0 0.0 208.0 252.0 241.0 243.0 283.0 252.0 250.0 256.0 246.0 241.0 248.0 260.0 254.0 258.0 248.0 251.0 262.0 246.0 239.0 247.0 244.0 239.0 237.0 241.0 234.0 243.0 242.0 241.0 247.0 244.0 248.0 235.0 250.0 249.0 260.0 251.0 259.0 253.0 252.0 244.0 254.0 263.0 271.0 243.0 237.0 247.0 247.0 255.0 253.0 283.0 279.0 281.0 285.0 282.0 276.0 270.0 278.0 288.0 283.0 277.0 262.0 283.0 323.0 323.0 293.0 311.0 309.0 312.0 289.0 328.0 328.0 330.0 309.0 339.0 331.0 325.0 290.0 294.0 302.0 282.0 289.0 281.0 281.0 312.0 311.0 324.0 314.0 307.0 326.0 327.0 316.0 276.0 286.0 304.0 317.0 293.0 289.0 306.0 318.0 296.0 320.0 307.0 332.0 315.0 297.0 282.0 297.0 316.0 304.0 299.0 318.0 322.0 307.0 305.0 303.0 302.0 304.0 285.0 280.0 286.0 292.0 285.0 303.0 278.0 291.0 291.0 269.0 320.0 302.0 332.0 322.0 306.0 327.0 308.0 332.0 310.0 298.0 323.0 329.0 324.0 337.0 308.0 280.0 298.0 322.0 280.0 278.0 290.0 289.0 293.0 298.0 308.0 293.0 326.0 283.0 285.0 283.0 275.0 299.0 298.0 279.0 301.0 324.0 284.0 288.0 292.0 291.0 279.0 292.0 268.0 283.0 275.0 277.0 274.0 281.0 272.0 278.0 3.0 306.0 295.0 289.0 24.0 276.0 269.0 318.0 5.0 261.12152777777777 59.13725682423976
4 283.0 285.0 281.0 281.0 281.0 285.0 279.0 282.0 282.0 280.0 279.0 279.0 280.0 285.0 279.0 278.0 279.0 279.0 280.0 278.0 282.0 281.0 281.0 284.0 285.0 285.0 293.0 290.0 292.0 296.0 298.0 297.0 296.0 293.0 295.0 297.0 295.0 299.0 295.0 297.0 291.0 289.0 306.0 294.0 299.0 296.0 301.0 300.0 298.0 306.0 303.0 311.0 0.0 330.0 320.0 310.0 306.0 306.0 305.0 304.0 309.0 306.0 306.0 307.0 304.0 304.0 302.0 302.0 304.0 302.0 304.0 302.0 303.0 306.0 302.0 308.0 308.0 306.0 311.0 314.0 319.0 313.0 316.0 316.0 309.0 309.0 307.0 310.0 306.0 291.0 274.0 252.0 252.0 0.0 0.0 0.0 0.0 0.0 0.0 0.0 0.0 0.0 0.0 0.0 0.0 0.0 0.0 252.0 252.0 252.0 251.0 252.0 252.0 252.0 0.0 0.0 0.0 246.0 247.0 0.0 0.0 0.0 0.0 307.0 307.0 308.0 308.0 308.0 302.0 284.0 258.0 262.0 282.0 286.0 292.0 289.0 288.0 286.0 284.0 291.0 282.0 279.0 275.0 269.0 290.0 293.0 307.0 306.0 323.0 337.0 334.0 314.0 318.0 319.0 321.0 312.0 313.0 298.0 299.0 301.0 302.0 303.0 304.0 292.0 305.0 313.0 317.0 310.0 325.0 326.0 317.0 307.0 320.0 319.0 318.0 304.0 304.0 310.0 307.0 304.0 315.0 305.0 314.0 321.0 323.0 318.0 331.0 324.0 307.0 304.0 301.0 322.0 321.0 323.0 298.0 302.0 314.0 304.0 312.0 313.0 314.0 295.0 318.0 315.0 311.0 311.0 314.0 298.0 293.0 294.0 296.0 307.0 314.0 309.0 293.0 302.0 301.0 312.0 294.0 300.0 302.0 288.0 305.0 317.0 326.0 323.0 330.0 326.0 299.0 306.0 312.0 311.0 312.0 300.0 291.0 295.0 294.0 284.0 293.0 293.0 291.0 282.0 290.0 324.0 287.0 296.0 293.0 298.0 315.0 315.0 321.0 319.0 312.0 312.0 336.0 308.0 301.0 313.0 309.0 302.0 283.0 311.0 304.0 300.0 302.0 294.0 273.0 264.0 280.0 284.0 271.0 303.0 306.0 313.0 288.0 310.0 294.0 290.0 294.0 295.0 290.0 283.0 296.0 297.0 301.0 302.0 297.0 303.0 276.1180555555555 81.23292071600433
5 284.0 290.0 288.0 285.0 285.0 284.0 282.0 285.0 283.0 280.0 282.0 281.0 279.0 281.0 280.0 281.0 280.0 278.0 282.0 279.0 280.0 284.0 279.0 275.0 273.0 278.0 282.0 285.0 315.0 297.0 277.0 264.0 274.0 285.0 283.0 280.0 286.0 283.0 282.0 279.0 277.0 275.0 270.0 269.0 267.0 281.0 302.0 263.0 260.0 268.0 258.0 262.0 265.0 267.0 270.0 269.0 263.0 263.0 266.0 273.0 268.0 267.0 265.0 259.0 257.0 259.0 269.0 267.0 272.0 268.0 270.0 267.0 267.0 268.0 269.0 269.0 266.0 265.0 264.0 262.0 268.0 279.0 290.0 277.0 284.0 275.0 271.0 269.0 270.0 273.0 278.0 275.0 279.0 280.0 280.0 281.0 281.0 278.0 275.0 270.0 271.0 273.0 274.0 272.0 272.0 272.0 273.0 268.0 267.0 267.0 272.0 268.0 264.0 261.0 264.0 262.0 298.0 276.0 249.0 281.0 359.0 348.0 348.0 329.0 247.0 253.0 255.0 270.0 271.0 265.0 271.0 267.0 269.0 279.0 281.0 282.0 287.0 287.0 285.0 286.0 293.0 292.0 292.0 293.0 291.0 302.0 298.0 291.0 302.0 308.0 297.0 293.0 294.0 300.0 317.0 317.0 307.0 304.0 301.0 296.0 311.0 293.0 287.0 295.0 304.0 300.0 293.0 287.0 289.0 307.0 309.0 310.0 319.0 308.0 296.0 300.0 282.0 286.0 303.0 290.0 298.0 307.0 301.0 287.0 294.0 283.0 290.0 290.0 301.0 300.0 305.0 293.0 283.0 300.0 305.0 287.0 278.0 282.0 308.0 289.0 294.0 301.0 295.0 282.0 288.0 296.0 306.0 303.0 293.0 286.0 305.0 284.0 283.0 280.0 281.0 293.0 309.0 304.0 293.0 294.0 297.0 288.0 294.0 311.0 290.0 286.0 289.0 293.0 278.0 284.0 287.0 270.0 303.0 312.0 303.0 306.0 301.0 280.0 279.0 285.0 291.0 293.0 289.0 273.0 288.0 316.0 281.0 292.0 311.0 317.0 300.0 286.0 293.0 291.0 323.0 298.0 290.0 292.0 281.0 294.0 285.0 281.0 267.0 283.0 276.0 274.0 273.0 272.0 271.0 272.0 277.0 266.0 276.0 282.0 284.0 288.0 294.0 283.0 279.0 293.0 291.0 290.0 291.0 300.0 297.0 291.0 291.0 290.0 284.83333333333337 15.974718702708415
6 276.0 281.0 283.0 288.0 284.0 279.0 270.0 276.0 277.0 279.0 274.0 273.0 273.0 273.0 275.0 281.0 285.0 284.0 285.0 293.0 295.0 284.0 278.0 277.0 283.0 283.0 284.0 280.0 278.0 273.0 276.0 267.0 266.0 261.0 260.0 264.0 274.0 279.0 285.0 289.0 288.0 288.0 290.0 291.0 292.0 302.0 311.0 319.0 311.0 306.0 316.0 315.0 314.0 320.0 339.0 332.0 315.0 311.0 301.0 295.0 297.0 309.0 317.0 322.0 311.0 314.0 323.0 325.0 325.0 324.0 350.0 356.0 336.0 328.0 317.0 308.0 310.0 313.0 313.0 312.0 319.0 313.0 311.0 308.0 304.0 309.0 314.0 314.0 321.0 319.0 324.0 319.0 313.0 305.0 301.0 307.0 311.0 314.0 318.0 325.0 321.0 323.0 323.0 323.0 323.0 322.0 320.0 306.0 302.0 307.0 304.0 297.0 300.0 318.0 322.0 311.0 289.0 278.0 269.0 293.0 292.0 288.0 280.0 284.0 286.0 287.0 290.0 291.0 300.0 303.0 302.0 298.0 300.0 297.0 295.0 305.0 301.0 309.0 303.0 301.0 311.0 315.0 315.0 315.0 308.0 307.0 316.0 321.0 321.0 324.0 316.0 307.0 313.0 318.0 313.0 317.0 307.0 316.0 319.0 327.0 310.0 306.0 321.0 314.0 298.0 306.0 324.0 299.0 307.0 310.0 311.0 307.0 313.0 320.0 293.0 304.0 307.0 298.0 292.0 299.0 295.0 300.0 324.0 297.0 300.0 315.0 330.0 327.0 284.0 324.0 323.0 289.0 310.0 299.0 335.0 331.0 308.0 302.0 296.0 291.0 309.0 320.0 295.0 297.0 290.0 309.0 330.0 311.0 304.0 311.0 293.0 286.0 291.0 328.0 327.0 307.0 302.0 273.0 284.0 296.0 278.0 267.0 299.0 305.0 292.0 281.0 292.0 297.0 311.0 277.0 324.0 316.0 288.0 264.0 305.0 311.0 297.0 313.0 277.0 292.0 311.0 294.0 302.0 291.0 285.0 321.0 323.0 312.0 312.0 319.0 312.0 292.0 301.0 291.0 297.0 300.0 293.0 309.0 308.0 288.0 294.0 295.0 301.0 288.0 289.0 300.0 334.0 349.0 330.0 318.0 336.0 337.0 343.0 348.0 342.0 349.0 357.0 338.0 310.0 316.0 303.0 295.0 287.0 275.0 264.0 254.0 256.0 255.0 303.19791666666663 19.125454038016414
7 274.0 280.0 279.0 273.0 273.0 271.0 270.0 266.0 268.0 266.0 256.0 256.0 259.0 259.0 252.0 254.0 256.0 256.0 267.0 262.0 257.0 257.0 260.0 257.0 265.0 259.0 255.0 258.0 252.0 248.0 244.0 244.0 243.0 248.0 251.0 263.0 255.0 257.0 261.0 269.0 279.0 272.0 272.0 269.0 266.0 272.0 271.0 272.0 272.0 272.0 273.0 270.0 272.0 274.0 275.0 278.0 272.0 275.0 273.0 269.0 272.0 269.0 278.0 295.0 298.0 298.0 287.0 291.0 4.0 62.0 28.0 343.0 345.0 328.0 308.0 307.0 304.0 302.0 296.0 287.0 287.0 286.0 290.0 278.0 278.0 280.0 275.0 270.0 277.0 276.0 281.0 299.0 301.0 310.0 314.0 296.0 288.0 288.0 285.0 277.0 269.0 268.0 284.0 41.0 332.0 300.0 286.0 298.0 307.0 298.0 293.0 297.0 329.0 321.0 318.0 308.0 286.0 270.0 270.0 260.0 209.0 79.0 106.0 95.0 76.0 72.0 350.0 326.0 323.0 315.0 324.0 322.0 319.0 304.0 299.0 310.0 309.0 305.0 303.0 307.0 297.0 309.0 299.0 295.0 306.0 314.0 308.0 307.0 307.0 292.0 298.0 301.0 311.0 298.0 309.0 306.0 311.0 294.0 293.0 306.0 311.0 303.0 302.0 310.0 300.0 295.0 303.0 293.0 292.0 298.0 297.0 284.0 298.0 286.0 301.0 291.0 293.0 295.0 281.0 306.0 300.0 315.0 318.0 301.0 285.0 292.0 286.0 281.0 280.0 277.0 273.0 286.0 273.0 276.0 293.0 261.0 279.0 289.0 283.0 287.0 279.0 291.0 283.0 295.0 275.0 297.0 293.0 283.0 299.0 300.0 272.0 270.0 274.0 274.0 272.0 279.0 274.0 288.0 305.0 270.0 277.0 279.0 291.0 272.0 291.0 284.0 288.0 287.0 281.0 270.0 278.0 272.0 283.0 292.0 279.0 271.0 273.0 277.0 266.0 265.0 287.0 281.0 297.0 271.0 285.0 283.0 277.0 266.0 281.0 272.0 282.0 287.0 284.0 287.0 285.0 282.0 268.0 270.0 288.0 270.0 282.0 278.0 282.0 282.0 295.0 273.0 278.0 272.0 272.0 281.0 267.0 262.0 280.0 281.0 273.0 278.0 275.0 281.0 279.0 276.0 275.0 277.0 281.0 282.0 288.0 275.0 268.0 258.0 277.125 43.28913809897254
8 230.0 303.0 294.0 301.0 296.0 283.0 258.0 290.0 266.0 241.0 270.0 262.0 243.0 256.0 209.0 192.0 197.0 210.0 201.0 193.0 249.0 174.0 180.0 204.0 195.0 202.0 193.0 207.0 203.0 196.0 209.0 217.0 191.0 241.0 223.0 198.0 226.0 212.0 233.0 217.0 232.0 206.0 228.0 216.0 222.0 223.0 222.0 230.0 224.0 223.0 228.0 231.0 233.0 233.0 234.0 245.0 234.0 241.0 241.0 238.0 232.0 229.0 231.0 229.0 224.0 235.0 227.0 230.0 232.0 240.0 236.0 232.0 238.0 237.0 228.0 226.0 232.0 232.0 230.0 230.0 244.0 234.0 238.0 233.0 235.0 245.0 243.0 231.0 234.0 242.0 245.0 229.0 229.0 234.0 239.0 230.0 244.0 246.0 241.0 227.0 231.0 235.0 231.0 230.0 238.0 233.0 234.0 234.0 233.0 244.0 232.0 245.0 236.0 234.0 230.0 233.0 240.0 236.0 242.0 235.0 227.0 235.0 207.0 215.0 224.0 231.0 204.0 214.0 239.0 202.0 204.0 190.0 209.0 208.0 209.0 212.0 227.0 268.0 313.0 289.0 323.0 302.0 302.0 250.0 88.0 313.0 314.0 319.0 324.0 313.0 291.0 333.0 324.0 330.0 318.0 321.0 339.0 331.0 304.0 324.0 302.0 338.0 319.0 305.0 356.0 355.0 324.0 325.0 320.0 350.0 327.0 329.0 321.0 267.0 290.0 289.0 284.0 274.0 273.0 238.0 290.0 245.0 314.0 302.0 273.0 299.0 308.0 278.0 321.0 316.0 316.0 311.0 285.0 284.0 274.0 273.0 259.0 308.0 310.0 314.0 292.0 326.0 261.0 323.0 307.0 291.0 291.0 325.0 288.0 308.0 264.0 270.0 306.0 274.0 296.0 322.0 306.0 284.0 254.0 310.0 311.0 307.0 322.0 325.0 321.0 297.0 302.0 308.0 259.0 332.0 305.0 303.0 311.0 307.0 291.0 258.0 304.0 307.0 296.0 311.0 301.0 282.0 315.0 306.0 302.0 270.0 328.0 302.0 283.0 313.0 308.0 248.0 273.0 260.0 230.0 256.0 249.0 248.0 305.0 283.0 269.0 264.0 272.0 239.0 267.0 278.0 253.0 240.0 272.0 292.0 273.0 271.0 273.0 285.0 258.0 281.0 260.0 281.0 264.0 264.0 230.0 254.0 259.0 239.0 258.0 273.0 263.0 284.0 262.28125 41.50656800172992
9 299.0 310.0 297.0 309.0 302.0 275.0 278.0 279.0 264.0 284.0 285.0 264.0 250.0 302.0 272.0 265.0 257.0 243.0 263.0 250.0 265.0 236.0 243.0 247.0 257.0 249.0 262.0 269.0 247.0 214.0 198.0 258.0 262.0 270.0 75.0 144.0 152.0 170.0 138.0 1.0 180.0 262.0 239.0 130.0 186.0 186.0 179.0 188.0 184.0 163.0 174.0 199.0 229.0 200.0 254.0 332.0 143.0 162.0 189.0 182.0 163.0 189.0 54.0 310.0 5.0 13.0 353.0 359.0 7.0 334.0 11.0 328.0 5.0 22.0 3.0 42.0 48.0 27.0 9.0 354.0 6.0 22.0 23.0 0.0 345.0 359.0 9.0 9.0 9.0 187.0 228.0 151.0 161.0 149.0 145.0 165.0 188.0 182.0 149.0 149.0 191.0 203.0 199.0 153.0 166.0 154.0 130.0 144.0 150.0 179.0 190.0 192.0 192.0 182.0 170.0 168.0 154.0 159.0 142.0 115.0 110.0 172.0 162.0 178.0 192.0 161.0 192.0 196.0 209.0 217.0 226.0 212.0 217.0 252.0 234.0 328.0 342.0 303.0 339.0 269.0 318.0 296.0 315.0 337.0 332.0 331.0 338.0 339.0 336.0 336.0 342.0 334.0 337.0 325.0 333.0 336.0 321.0 336.0 330.0 344.0 340.0 320.0 320.0 313.0 304.0 293.0 312.0 312.0 308.0 291.0 289.0 315.0 326.0 287.0 325.0 288.0 297.0 316.0 316.0 328.0 312.0 313.0 334.0 333.0 300.0 334.0 288.0 322.0 305.0 334.0 338.0 329.0 356.0 330.0 305.0 327.0 310.0 328.0 333.0 307.0 338.0 315.0 299.0 303.0 326.0 300.0 285.0 304.0 309.0 341.0 323.0 315.0 288.0 342.0 333.0 333.0 303.0 330.0 320.0 333.0 332.0 291.0 271.0 281.0 296.0 290.0 315.0 313.0 281.0 311.0 341.0 334.0 321.0 325.0 308.0 316.0 323.0 322.0 338.0 326.0 286.0 278.0 284.0 286.0 311.0 301.0 290.0 302.0 334.0 327.0 273.0 259.0 307.0 299.0 259.0 254.0 292.0 294.0 280.0 299.0 299.0 254.0 272.0 285.0 281.0 275.0 257.0 265.0 292.0 297.0 287.0 270.0 263.0 270.0 290.0 245.0 238.0 246.0 237.0 248.0 262.0 222.0 232.0 230.0 224.0 192.0 12.0 133.0 247.58333333333343 89.87300370202999
END
#################################################################
SECTION3 (Edges Information)
EndPoint0 EndPoint1 Weight
0 1 1.000000
1 2 1.000000
2 3 1.000000
3 4 1.000000
3 5 1.000000
4 5 1.000000
4 6 1.000000
5 6 1.000000
5 7 1.000000
6 7 1.000000
7 8 1.000000
7 9 1.000000
8 9 1.000000
END
#################################################################
SECTION4 (TrueSubGraph Information)
EndPoint0 EndPoint1 Weight
END
#################################################################
