#################################################################
#APDM Input Graph, this input graph includes 3 sections:
#section1 : general information
#section2 : nodes
#section3 : edges
#section4 : trueSubGraph (Optional)
#
#if nodes haven't information set weight to null
#################################################################
SECTION1 (General Information)
numNodes = 10
numEdges = 65
usedAlgorithm = NULL
dataSource = TransWeatherRealData
END
#################################################################
SECTION2 (Nodes Information)
NodeID windDir  mean  std 
0 322.0 323.0 319.0 320.0 321.0 319.0 320.0 317.0 319.0 323.0 322.0 319.0 320.0 311.0 310.0 309.0 304.0 290.0 292.0 306.0 310.0 303.0 307.0 302.0 285.0 261.0 266.0 279.0 290.0 312.0 306.0 287.0 263.0 248.0 259.0 295.0 269.0 290.0 292.0 294.0 295.0 298.0 296.0 287.0 277.0 259.0 239.0 214.0 271.0 267.0 269.0 289.0 293.0 297.0 296.0 296.0 296.0 293.0 293.0 294.0 297.0 295.0 296.0 288.0 277.0 280.0 290.0 287.0 280.0 285.0 295.0 295.0 303.0 297.0 289.0 289.0 301.0 306.0 305.0 305.0 301.0 304.0 310.0 310.0 312.0 310.0 300.0 301.0 302.0 295.0 292.0 294.0 294.0 289.0 295.0 295.0 295.0 298.0 300.0 294.0 296.0 289.0 292.0 299.0 300.0 298.0 298.0 296.0 298.0 295.0 301.0 300.0 306.0 297.0 298.0 286.0 292.0 295.0 285.0 282.0 282.0 282.0 290.0 295.0 293.0 294.0 295.0 299.0 296.0 293.0 297.0 293.0 294.0 294.0 289.0 291.0 294.0 295.0 293.0 297.0 296.0 291.0 292.0 297.0 303.0 307.0 296.0 302.0 304.0 302.0 299.0 296.0 295.0 293.0 301.0 301.0 305.0 305.0 305.0 302.0 300.0 306.0 301.0 299.0 297.0 299.0 301.0 304.0 301.0 309.0 303.0 293.0 298.0 276.0 272.0 273.0 272.0 278.0 271.0 278.0 289.0 283.0 290.0 290.0 280.0 288.0 291.0 292.0 293.0 289.0 299.0 289.0 290.0 283.0 281.0 289.0 293.0 284.0 289.0 294.0 281.0 286.0 291.0 295.0 302.0 291.0 290.0 277.0 279.0 279.0 296.0 300.0 286.0 276.0 278.0 284.0 275.0 276.0 282.0 284.0 283.0 290.0 286.0 292.0 290.0 285.0 292.0 302.0 301.0 302.0 292.0 284.0 282.0 282.0 301.0 289.0 283.0 278.0 292.0 297.0 281.0 280.0 294.0 290.0 291.0 264.0 287.0 283.0 289.0 295.0 278.0 278.0 276.0 255.0 275.0 256.0 283.0 286.0 282.0 281.0 284.0 285.0 285.0 284.0 280.0 288.0 298.0 286.0 292.0 285.0 289.0 300.0 286.0 299.0 290.0 284.0 295.0 290.0 281.0 280.0 277.0 273.0 270.0 262.0 245.0 236.0 243.0 248.0 290.84027777777777 14.753804538308978
1 295.0 300.0 305.0 305.0 311.0 311.0 315.0 300.0 308.0 319.0 334.0 325.0 324.0 324.0 325.0 318.0 314.0 308.0 308.0 309.0 314.0 315.0 318.0 314.0 325.0 318.0 185.0 67.0 45.0 344.0 333.0 333.0 323.0 311.0 308.0 302.0 278.0 190.0 149.0 84.0 342.0 297.0 293.0 284.0 284.0 260.0 223.0 176.0 155.0 162.0 135.0 344.0 327.0 336.0 328.0 318.0 321.0 315.0 322.0 322.0 314.0 318.0 312.0 318.0 303.0 286.0 318.0 331.0 327.0 326.0 322.0 325.0 320.0 312.0 306.0 318.0 319.0 316.0 311.0 324.0 338.0 336.0 328.0 324.0 333.0 328.0 326.0 328.0 322.0 331.0 317.0 325.0 332.0 336.0 327.0 316.0 318.0 309.0 317.0 319.0 305.0 300.0 314.0 313.0 314.0 306.0 295.0 300.0 301.0 297.0 301.0 302.0 305.0 309.0 298.0 302.0 302.0 299.0 292.0 308.0 299.0 308.0 311.0 315.0 308.0 310.0 312.0 306.0 302.0 316.0 313.0 310.0 314.0 311.0 306.0 316.0 318.0 324.0 313.0 314.0 296.0 316.0 302.0 319.0 315.0 320.0 315.0 312.0 311.0 302.0 310.0 308.0 322.0 313.0 314.0 305.0 309.0 319.0 303.0 320.0 305.0 311.0 305.0 317.0 312.0 309.0 319.0 315.0 328.0 329.0 331.0 325.0 307.0 304.0 307.0 304.0 315.0 321.0 313.0 283.0 288.0 327.0 297.0 289.0 292.0 334.0 313.0 307.0 324.0 289.0 302.0 327.0 332.0 316.0 317.0 300.0 277.0 326.0 290.0 304.0 306.0 335.0 311.0 302.0 303.0 317.0 286.0 302.0 312.0 322.0 316.0 302.0 291.0 341.0 310.0 302.0 290.0 285.0 311.0 304.0 294.0 297.0 315.0 277.0 285.0 282.0 299.0 292.0 319.0 308.0 315.0 311.0 296.0 285.0 301.0 294.0 295.0 284.0 301.0 312.0 286.0 280.0 297.0 312.0 275.0 280.0 280.0 288.0 283.0 306.0 300.0 279.0 293.0 302.0 288.0 289.0 270.0 297.0 283.0 291.0 259.0 279.0 249.0 245.0 302.0 285.0 284.0 272.0 284.0 291.0 314.0 305.0 298.0 300.0 304.0 261.0 216.0 228.0 215.0 226.0 237.0 272.0 273.0 288.0 298.0 285.0 285.0 261.0 299.40972222222223 38.41773204022079
2 320.0 324.0 318.0 321.0 316.0 308.0 310.0 312.0 312.0 324.0 322.0 323.0 320.0 317.0 315.0 314.0 313.0 318.0 322.0 321.0 322.0 336.0 333.0 338.0 328.0 320.0 320.0 307.0 279.0 289.0 315.0 319.0 318.0 324.0 315.0 265.0 204.0 269.0 303.0 313.0 314.0 309.0 317.0 303.0 280.0 260.0 227.0 191.0 186.0 235.0 310.0 311.0 310.0 299.0 306.0 310.0 303.0 310.0 303.0 294.0 292.0 299.0 286.0 277.0 283.0 280.0 299.0 298.0 302.0 311.0 310.0 303.0 301.0 315.0 333.0 337.0 321.0 317.0 322.0 321.0 323.0 321.0 325.0 319.0 321.0 323.0 318.0 318.0 317.0 317.0 316.0 316.0 311.0 308.0 307.0 313.0 311.0 310.0 322.0 320.0 324.0 328.0 328.0 324.0 324.0 322.0 320.0 321.0 322.0 320.0 315.0 313.0 320.0 315.0 314.0 312.0 317.0 316.0 302.0 304.0 306.0 305.0 306.0 315.0 309.0 311.0 304.0 318.0 316.0 318.0 318.0 311.0 302.0 311.0 315.0 319.0 304.0 296.0 297.0 300.0 304.0 306.0 297.0 298.0 299.0 303.0 300.0 304.0 306.0 305.0 296.0 309.0 303.0 305.0 303.0 304.0 310.0 308.0 304.0 316.0 306.0 315.0 303.0 308.0 317.0 302.0 301.0 304.0 311.0 305.0 296.0 304.0 309.0 301.0 296.0 308.0 318.0 315.0 316.0 320.0 319.0 321.0 319.0 311.0 312.0 311.0 314.0 305.0 315.0 316.0 331.0 316.0 319.0 321.0 311.0 316.0 301.0 308.0 312.0 308.0 304.0 299.0 304.0 309.0 332.0 327.0 325.0 313.0 321.0 321.0 323.0 329.0 330.0 321.0 327.0 327.0 332.0 327.0 319.0 331.0 333.0 323.0 333.0 324.0 326.0 330.0 324.0 315.0 328.0 321.0 303.0 336.0 338.0 326.0 337.0 318.0 321.0 326.0 334.0 336.0 332.0 332.0 313.0 345.0 343.0 329.0 345.0 343.0 325.0 350.0 337.0 343.0 330.0 335.0 289.0 336.0 347.0 358.0 332.0 327.0 334.0 340.0 343.0 2.0 341.0 8.0 347.0 326.0 324.0 329.0 324.0 335.0 7.0 350.0 6.0 4.0 2.0 19.0 29.0 30.0 40.0 43.0 28.0 39.0 70.0 73.0 77.0 68.0 296.9895833333333 69.65822409305243
3 285.0 281.0 274.0 280.0 276.0 277.0 284.0 290.0 296.0 291.0 287.0 275.0 278.0 284.0 288.0 285.0 279.0 282.0 311.0 298.0 297.0 293.0 296.0 277.0 274.0 273.0 259.0 240.0 210.0 205.0 299.0 288.0 272.0 271.0 226.0 216.0 261.0 253.0 283.0 280.0 269.0 271.0 245.0 239.0 224.0 213.0 193.0 224.0 259.0 287.0 280.0 293.0 295.0 303.0 306.0 283.0 284.0 285.0 276.0 257.0 253.0 271.0 284.0 300.0 303.0 301.0 277.0 283.0 288.0 291.0 290.0 283.0 285.0 280.0 276.0 269.0 269.0 281.0 290.0 296.0 295.0 300.0 298.0 291.0 290.0 302.0 296.0 298.0 292.0 283.0 275.0 286.0 285.0 295.0 296.0 296.0 301.0 294.0 289.0 293.0 299.0 286.0 300.0 287.0 287.0 281.0 288.0 291.0 291.0 279.0 275.0 274.0 273.0 271.0 272.0 281.0 286.0 303.0 304.0 307.0 295.0 284.0 294.0 296.0 299.0 292.0 300.0 310.0 312.0 307.0 305.0 307.0 314.0 305.0 310.0 303.0 294.0 289.0 292.0 294.0 283.0 277.0 275.0 272.0 290.0 287.0 284.0 273.0 279.0 277.0 269.0 281.0 276.0 276.0 282.0 283.0 275.0 275.0 275.0 276.0 277.0 293.0 284.0 287.0 293.0 287.0 284.0 293.0 292.0 288.0 280.0 293.0 291.0 280.0 292.0 280.0 282.0 287.0 290.0 291.0 290.0 290.0 295.0 297.0 276.0 306.0 293.0 288.0 279.0 288.0 278.0 296.0 288.0 297.0 292.0 284.0 294.0 293.0 307.0 299.0 295.0 308.0 311.0 301.0 289.0 284.0 292.0 302.0 282.0 281.0 290.0 296.0 290.0 286.0 282.0 294.0 297.0 289.0 292.0 303.0 291.0 283.0 285.0 282.0 288.0 280.0 278.0 286.0 299.0 288.0 284.0 310.0 305.0 306.0 311.0 309.0 310.0 301.0 288.0 293.0 283.0 273.0 295.0 308.0 302.0 312.0 296.0 283.0 276.0 289.0 288.0 287.0 292.0 315.0 298.0 297.0 288.0 280.0 282.0 298.0 274.0 290.0 293.0 312.0 315.0 309.0 342.0 348.0 338.0 269.0 304.0 340.0 352.0 13.0 6.0 16.0 7.0 18.0 50.0 53.0 54.0 26.0 97.0 121.0 123.0 126.0 154.0 176.0 275.59027777777777 53.55285424542728
4 261.0 258.0 263.0 274.0 285.0 289.0 297.0 293.0 297.0 299.0 297.0 292.0 296.0 299.0 305.0 311.0 300.0 303.0 318.0 294.0 278.0 260.0 248.0 201.0 297.0 307.0 303.0 291.0 287.0 309.0 310.0 315.0 288.0 261.0 221.0 265.0 298.0 308.0 295.0 278.0 271.0 277.0 278.0 287.0 258.0 280.0 306.0 315.0 308.0 302.0 302.0 298.0 293.0 292.0 282.0 273.0 298.0 294.0 291.0 287.0 290.0 299.0 319.0 327.0 340.0 326.0 304.0 317.0 266.0 283.0 280.0 257.0 262.0 269.0 296.0 309.0 315.0 316.0 301.0 305.0 320.0 315.0 315.0 314.0 315.0 324.0 310.0 314.0 317.0 309.0 301.0 292.0 296.0 315.0 309.0 297.0 296.0 300.0 303.0 303.0 310.0 304.0 309.0 306.0 316.0 317.0 318.0 303.0 308.0 320.0 310.0 312.0 308.0 309.0 313.0 318.0 316.0 322.0 312.0 317.0 324.0 313.0 321.0 321.0 316.0 313.0 313.0 316.0 307.0 312.0 318.0 320.0 319.0 317.0 323.0 322.0 329.0 324.0 321.0 325.0 323.0 316.0 328.0 323.0 328.0 324.0 330.0 319.0 319.0 315.0 320.0 322.0 308.0 313.0 321.0 327.0 326.0 342.0 328.0 326.0 321.0 323.0 310.0 327.0 323.0 325.0 325.0 314.0 314.0 319.0 318.0 315.0 327.0 318.0 312.0 322.0 319.0 317.0 314.0 322.0 328.0 328.0 326.0 320.0 319.0 322.0 321.0 318.0 322.0 324.0 315.0 315.0 306.0 322.0 317.0 319.0 323.0 331.0 332.0 339.0 318.0 308.0 329.0 330.0 330.0 330.0 322.0 327.0 318.0 329.0 327.0 317.0 322.0 314.0 307.0 322.0 321.0 325.0 323.0 330.0 317.0 322.0 320.0 326.0 314.0 308.0 309.0 310.0 283.0 296.0 297.0 305.0 305.0 315.0 309.0 309.0 314.0 304.0 278.0 279.0 299.0 292.0 297.0 297.0 300.0 303.0 285.0 279.0 285.0 294.0 280.0 268.0 286.0 266.0 269.0 260.0 266.0 271.0 268.0 253.0 264.0 261.0 259.0 252.0 264.0 246.0 259.0 273.0 273.0 267.0 279.0 278.0 269.0 278.0 290.0 297.0 314.0 318.0 329.0 350.0 6.0 327.0 347.0 0.0 9.0 13.0 34.0 44.0 298.22222222222223 46.57143094656182
5 292.0 291.0 292.0 294.0 290.0 278.0 282.0 283.0 287.0 288.0 283.0 283.0 280.0 269.0 269.0 271.0 281.0 282.0 282.0 285.0 268.0 285.0 289.0 293.0 284.0 279.0 283.0 289.0 292.0 282.0 268.0 261.0 245.0 254.0 273.0 293.0 293.0 295.0 296.0 297.0 291.0 277.0 272.0 272.0 270.0 276.0 283.0 288.0 280.0 272.0 260.0 249.0 238.0 230.0 234.0 274.0 277.0 286.0 287.0 285.0 297.0 297.0 285.0 285.0 284.0 278.0 274.0 270.0 274.0 277.0 281.0 282.0 292.0 290.0 291.0 281.0 279.0 271.0 268.0 270.0 271.0 278.0 286.0 293.0 292.0 291.0 290.0 294.0 285.0 294.0 288.0 284.0 276.0 273.0 279.0 280.0 278.0 268.0 274.0 272.0 272.0 285.0 288.0 283.0 281.0 289.0 291.0 285.0 281.0 282.0 278.0 275.0 279.0 283.0 282.0 281.0 288.0 282.0 286.0 291.0 278.0 280.0 278.0 284.0 286.0 290.0 276.0 278.0 280.0 281.0 281.0 279.0 281.0 282.0 279.0 280.0 279.0 283.0 278.0 276.0 282.0 283.0 281.0 284.0 285.0 285.0 283.0 284.0 289.0 279.0 281.0 282.0 283.0 279.0 276.0 278.0 280.0 276.0 274.0 277.0 282.0 275.0 267.0 271.0 270.0 271.0 280.0 278.0 270.0 279.0 284.0 278.0 278.0 277.0 272.0 272.0 276.0 274.0 283.0 285.0 284.0 286.0 293.0 292.0 288.0 291.0 283.0 285.0 285.0 286.0 286.0 284.0 289.0 280.0 288.0 288.0 289.0 290.0 293.0 297.0 303.0 286.0 287.0 288.0 281.0 290.0 295.0 289.0 299.0 284.0 291.0 291.0 293.0 297.0 300.0 301.0 301.0 295.0 294.0 304.0 298.0 304.0 298.0 289.0 293.0 289.0 281.0 275.0 284.0 274.0 275.0 279.0 274.0 273.0 275.0 272.0 267.0 271.0 264.0 274.0 279.0 278.0 281.0 281.0 268.0 268.0 283.0 284.0 286.0 274.0 286.0 275.0 282.0 296.0 284.0 285.0 290.0 288.0 289.0 287.0 291.0 293.0 296.0 299.0 300.0 301.0 297.0 298.0 289.0 287.0 289.0 297.0 304.0 291.0 289.0 281.0 286.0 288.0 280.0 285.0 289.0 276.0 277.0 283.0 280.0 271.0 273.0 277.0 282.34027777777777 10.338294021139
6 274.0 266.0 264.0 261.0 256.0 258.0 255.0 259.0 265.0 269.0 262.0 260.0 248.0 258.0 252.0 242.0 229.0 219.0 221.0 234.0 241.0 242.0 246.0 251.0 257.0 250.0 227.0 207.0 228.0 217.0 219.0 215.0 238.0 237.0 235.0 254.0 261.0 274.0 271.0 257.0 259.0 263.0 253.0 239.0 235.0 220.0 235.0 243.0 231.0 229.0 234.0 225.0 218.0 218.0 248.0 243.0 245.0 243.0 251.0 241.0 240.0 263.0 269.0 264.0 273.0 267.0 269.0 261.0 245.0 255.0 258.0 250.0 266.0 262.0 267.0 269.0 264.0 254.0 257.0 231.0 252.0 242.0 254.0 256.0 268.0 278.0 267.0 263.0 275.0 284.0 271.0 276.0 275.0 280.0 285.0 270.0 269.0 267.0 265.0 262.0 262.0 272.0 276.0 285.0 285.0 285.0 273.0 283.0 301.0 308.0 320.0 312.0 310.0 315.0 312.0 307.0 307.0 313.0 320.0 309.0 310.0 310.0 321.0 330.0 318.0 312.0 311.0 308.0 313.0 317.0 310.0 313.0 312.0 318.0 321.0 308.0 300.0 303.0 309.0 319.0 324.0 315.0 305.0 313.0 314.0 313.0 306.0 310.0 312.0 308.0 300.0 304.0 301.0 316.0 304.0 306.0 309.0 296.0 295.0 293.0 290.0 294.0 291.0 296.0 301.0 309.0 308.0 313.0 314.0 314.0 318.0 319.0 317.0 315.0 315.0 307.0 316.0 316.0 308.0 312.0 310.0 310.0 315.0 331.0 322.0 325.0 316.0 320.0 311.0 320.0 312.0 324.0 327.0 320.0 327.0 332.0 323.0 333.0 324.0 314.0 318.0 311.0 332.0 321.0 302.0 310.0 323.0 306.0 308.0 317.0 312.0 324.0 316.0 295.0 299.0 315.0 312.0 302.0 306.0 302.0 300.0 289.0 284.0 277.0 285.0 275.0 273.0 284.0 285.0 277.0 264.0 264.0 263.0 256.0 279.0 275.0 273.0 275.0 292.0 295.0 280.0 270.0 272.0 269.0 267.0 272.0 264.0 271.0 266.0 266.0 264.0 268.0 261.0 264.0 260.0 273.0 266.0 257.0 258.0 268.0 268.0 264.0 258.0 253.0 248.0 252.0 267.0 271.0 266.0 257.0 259.0 255.0 260.0 268.0 265.0 260.0 262.0 268.0 262.0 259.0 266.0 270.0 268.0 269.0 274.0 276.0 273.0 273.0 280.1006944444445 29.51548816008153
7 254.0 268.0 264.0 268.0 275.0 273.0 279.0 283.0 286.0 287.0 284.0 282.0 291.0 289.0 287.0 296.0 298.0 294.0 279.0 275.0 281.0 279.0 280.0 284.0 280.0 262.0 258.0 226.0 204.0 209.0 207.0 208.0 203.0 199.0 199.0 195.0 193.0 191.0 126.0 152.0 170.0 181.0 191.0 192.0 182.0 176.0 176.0 183.0 187.0 191.0 199.0 197.0 212.0 346.0 327.0 292.0 271.0 268.0 279.0 259.0 238.0 253.0 263.0 250.0 232.0 206.0 227.0 273.0 223.0 211.0 224.0 252.0 308.0 316.0 302.0 296.0 299.0 311.0 298.0 288.0 292.0 284.0 282.0 285.0 283.0 274.0 264.0 245.0 229.0 240.0 287.0 292.0 287.0 306.0 312.0 291.0 294.0 292.0 292.0 289.0 288.0 275.0 282.0 278.0 272.0 269.0 271.0 273.0 276.0 279.0 280.0 277.0 283.0 277.0 276.0 268.0 273.0 273.0 273.0 278.0 275.0 274.0 272.0 277.0 283.0 292.0 287.0 280.0 286.0 292.0 297.0 301.0 297.0 288.0 298.0 290.0 282.0 284.0 277.0 282.0 277.0 278.0 285.0 281.0 278.0 285.0 289.0 288.0 284.0 291.0 279.0 291.0 277.0 282.0 271.0 286.0 286.0 287.0 278.0 275.0 278.0 283.0 273.0 275.0 279.0 285.0 282.0 281.0 283.0 286.0 291.0 285.0 288.0 288.0 284.0 285.0 286.0 287.0 288.0 290.0 283.0 280.0 284.0 282.0 273.0 285.0 280.0 299.0 293.0 293.0 283.0 272.0 283.0 274.0 277.0 293.0 298.0 292.0 294.0 309.0 280.0 300.0 294.0 289.0 286.0 283.0 297.0 292.0 280.0 274.0 283.0 280.0 286.0 287.0 276.0 284.0 294.0 294.0 280.0 269.0 286.0 285.0 276.0 293.0 301.0 274.0 279.0 285.0 276.0 273.0 280.0 279.0 278.0 273.0 281.0 276.0 261.0 265.0 262.0 274.0 279.0 269.0 273.0 266.0 267.0 277.0 278.0 282.0 269.0 282.0 288.0 285.0 291.0 286.0 285.0 290.0 286.0 286.0 285.0 294.0 279.0 275.0 278.0 272.0 278.0 275.0 275.0 276.0 271.0 276.0 279.0 277.0 277.0 277.0 284.0 281.0 278.0 272.0 269.0 264.0 269.0 267.0 274.0 273.0 280.0 286.0 290.0 295.0 271.9930555555555 30.32058592278084
8 266.0 257.0 227.0 230.0 225.0 230.0 234.0 243.0 250.0 268.0 262.0 255.0 250.0 250.0 245.0 243.0 253.0 246.0 252.0 255.0 256.0 253.0 243.0 240.0 243.0 250.0 270.0 254.0 254.0 261.0 42.0 36.0 0.0 0.0 0.0 0.0 0.0 253.0 229.0 230.0 229.0 236.0 237.0 227.0 239.0 237.0 242.0 232.0 226.0 211.0 214.0 208.0 224.0 235.0 251.0 260.0 269.0 282.0 254.0 229.0 223.0 212.0 235.0 260.0 249.0 233.0 217.0 212.0 198.0 199.0 185.0 206.0 193.0 198.0 339.0 327.0 279.0 260.0 205.0 181.0 208.0 212.0 191.0 206.0 203.0 297.0 316.0 334.0 311.0 307.0 292.0 294.0 265.0 264.0 210.0 238.0 269.0 315.0 341.0 317.0 296.0 305.0 289.0 300.0 315.0 313.0 297.0 289.0 270.0 262.0 268.0 274.0 257.0 281.0 271.0 264.0 268.0 256.0 242.0 225.0 251.0 239.0 286.0 272.0 264.0 284.0 282.0 266.0 291.0 262.0 266.0 288.0 274.0 239.0 284.0 279.0 298.0 274.0 229.0 335.0 310.0 288.0 259.0 257.0 216.0 239.0 277.0 305.0 280.0 272.0 306.0 294.0 290.0 298.0 295.0 298.0 291.0 315.0 245.0 294.0 256.0 267.0 274.0 280.0 256.0 248.0 265.0 272.0 281.0 254.0 231.0 314.0 297.0 261.0 282.0 279.0 289.0 311.0 303.0 295.0 287.0 260.0 312.0 286.0 265.0 278.0 264.0 309.0 269.0 292.0 267.0 284.0 288.0 253.0 270.0 261.0 240.0 257.0 291.0 233.0 313.0 267.0 234.0 269.0 232.0 243.0 249.0 259.0 258.0 267.0 250.0 312.0 315.0 251.0 278.0 276.0 247.0 269.0 265.0 276.0 276.0 253.0 260.0 240.0 244.0 273.0 243.0 289.0 260.0 269.0 309.0 303.0 299.0 287.0 315.0 294.0 292.0 297.0 304.0 298.0 304.0 308.0 304.0 297.0 296.0 295.0 295.0 305.0 297.0 268.0 275.0 274.0 304.0 310.0 306.0 269.0 269.0 307.0 280.0 277.0 282.0 285.0 276.0 277.0 272.0 274.0 295.0 286.0 296.0 268.0 260.0 286.0 294.0 270.0 295.0 299.0 297.0 310.0 303.0 306.0 298.0 301.0 310.0 331.0 311.0 247.0 261.0 270.0 261.9722222222223 50.407806547182545
9 316.0 204.0 183.0 236.0 342.0 279.0 181.0 347.0 330.0 162.0 136.0 211.0 214.0 221.0 242.0 252.0 221.0 253.0 269.0 258.0 270.0 340.0 330.0 340.0 334.0 334.0 321.0 323.0 320.0 313.0 314.0 317.0 327.0 6.0 48.0 37.0 40.0 43.0 49.0 45.0 19.0 231.0 214.0 221.0 228.0 277.0 303.0 311.0 13.0 11.0 324.0 37.0 48.0 69.0 164.0 169.0 211.0 196.0 171.0 154.0 152.0 142.0 168.0 217.0 215.0 237.0 238.0 3.0 340.0 321.0 299.0 57.0 137.0 155.0 172.0 192.0 178.0 141.0 127.0 123.0 148.0 325.0 299.0 186.0 186.0 218.0 180.0 171.0 166.0 213.0 0.0 193.0 0.0 137.0 143.0 177.0 187.0 182.0 40.0 284.0 313.0 282.0 201.0 202.0 219.0 166.0 175.0 125.0 62.0 330.0 331.0 326.0 321.0 307.0 310.0 294.0 294.0 293.0 286.0 283.0 285.0 276.0 292.0 290.0 296.0 305.0 308.0 318.0 318.0 312.0 320.0 281.0 277.0 280.0 291.0 292.0 282.0 311.0 315.0 326.0 320.0 311.0 294.0 325.0 294.0 280.0 291.0 287.0 290.0 286.0 283.0 287.0 289.0 308.0 305.0 319.0 322.0 315.0 319.0 308.0 330.0 327.0 313.0 309.0 317.0 313.0 323.0 329.0 337.0 325.0 338.0 0.0 7.0 7.0 347.0 360.0 355.0 352.0 342.0 357.0 17.0 15.0 0.0 340.0 338.0 350.0 357.0 350.0 328.0 0.0 338.0 337.0 8.0 10.0 6.0 339.0 341.0 331.0 327.0 337.0 348.0 348.0 322.0 299.0 311.0 330.0 314.0 286.0 250.0 262.0 262.0 249.0 247.0 256.0 276.0 256.0 260.0 266.0 283.0 294.0 259.0 271.0 291.0 285.0 284.0 277.0 269.0 282.0 307.0 305.0 306.0 286.0 287.0 300.0 286.0 287.0 278.0 310.0 313.0 312.0 314.0 290.0 278.0 303.0 292.0 295.0 298.0 267.0 280.0 306.0 276.0 283.0 317.0 309.0 307.0 295.0 296.0 307.0 280.0 304.0 323.0 285.0 275.0 286.0 292.0 291.0 286.0 306.0 308.0 293.0 298.0 307.0 268.0 282.0 267.0 255.0 266.0 288.0 268.0 277.0 269.0 328.0 315.0 289.0 253.0 260.0 265.0 255.0 251.31597222222217 93.02572134150445
END
#################################################################
SECTION3 (Edges Information)
EndPoint0 EndPoint1 Weight
0 1 1.000000
1 2 1.000000
2 3 1.000000
3 4 1.000000
3 5 1.000000
4 5 1.000000
4 6 1.000000
5 6 1.000000
5 7 1.000000
6 7 1.000000
7 8 1.000000
7 9 1.000000
8 9 1.000000
0 1 1.000000
1 2 1.000000
2 3 1.000000
3 4 1.000000
3 5 1.000000
4 5 1.000000
4 6 1.000000
5 6 1.000000
5 7 1.000000
6 7 1.000000
7 8 1.000000
7 9 1.000000
8 9 1.000000
0 1 1.000000
1 2 1.000000
2 3 1.000000
3 4 1.000000
3 5 1.000000
4 5 1.000000
4 6 1.000000
5 6 1.000000
5 7 1.000000
6 7 1.000000
7 8 1.000000
7 9 1.000000
8 9 1.000000
0 1 1.000000
1 2 1.000000
2 3 1.000000
3 4 1.000000
3 5 1.000000
4 5 1.000000
4 6 1.000000
5 6 1.000000
5 7 1.000000
6 7 1.000000
7 8 1.000000
7 9 1.000000
8 9 1.000000
0 1 1.000000
1 2 1.000000
2 3 1.000000
3 4 1.000000
3 5 1.000000
4 5 1.000000
4 6 1.000000
5 6 1.000000
5 7 1.000000
6 7 1.000000
7 8 1.000000
7 9 1.000000
8 9 1.000000
END
#################################################################
SECTION4 (TrueSubGraph Information)
EndPoint0 EndPoint1 Weight
END
#################################################################
