#################################################################
#APDM Input Graph, this input graph includes 3 sections:
#section1 : general information
#section2 : nodes
#section3 : edges
#section4 : trueSubGraph (Optional)
#
#if nodes haven't information set weight to null
#################################################################
SECTION1 (General Information)
numNodes = 10
numEdges = 65
usedAlgorithm = NULL
dataSource = TransWeatherRealData
END
#################################################################
SECTION2 (Nodes Information)
NodeID windDir  mean  std 
0 272.0 265.5 261.0 263.9 269.5 268.5 270.9 263.3 266.2 261.4 264.7 262.3 267.9 259.1 266.0 263.8 270.1 265.7 260.8 264.2 266.0 262.3 262.4 263.0 255.4 262.6 273.4 266.8 261.4 261.9 261.4 259.2 260.0 262.9 260.4 268.3 267.1 265.4 265.5 270.8 273.7 265.3 264.1 268.0 267.6 264.6 263.8 262.4 260.8 265.6 265.8 260.3 263.9 259.2 264.2 269.6 269.8 274.6 273.6 270.8 270.3 270.6 269.8 269.7 269.6 273.2 271.7 277.0 277.5 276.6 278.9 278.2 279.8 280.0 276.8 276.0 276.5 273.9 277.4 278.0 274.4 276.8 277.4 273.1 268.6 273.9 274.9 274.2 280.0 279.7 283.3 279.3 281.0 278.7 281.7 278.7 278.8 265.4 270.3 269.3 262.3 255.6 264.9 272.7 270.6 268.6 270.6 267.5 263.3 261.6 261.1 258.5 260.0 263.8 264.7 266.5 266.7 270.6 268.4 264.3 266.4 267.3 272.0 271.5 280.2 282.2 283.8 289.1 292.5 283.4 297.2 291.1 299.8 299.6 296.7 292.5 291.3 289.8 304.4 302.8 319.3 315.9 298.3 297.6 300.4 301.5 291.1 299.3 285.5 297.7 292.5 308.8 289.3 289.3 277.2 286.6 279.8 281.7 277.8 287.3 289.5 295.4 286.4 290.0 294.6 295.3 276.7 290.8 287.2 298.9 301.4 288.1 290.4 303.5 287.9 285.9 291.8 282.9 280.9 301.2 288.5 282.8 291.5 291.7 279.5 281.9 266.1 260.3 284.2 279.2 261.5 267.6 278.2 278.5 288.9 285.4 283.3 275.7 245.7 259.5 251.5 246.2 266.7 257.8 265.2 262.9 254.0 255.3 262.2 256.8 251.0 246.2 248.8 244.6 226.0 227.8 232.8 235.8 235.4 242.6 243.4 240.8 236.2 239.0 244.5 238.8 249.2 241.3 235.3 229.9 212.2 198.0 196.0 187.4 181.2 182.9 190.5 200.7 199.1 197.2 195.5 197.6 191.0 187.3 183.1 184.5 180.9 179.9 177.8 170.1 177.0 179.1 179.3 179.0 176.1 177.0 174.5 172.3 165.3 162.3 164.6 161.8 154.5 155.0 156.1 146.8 153.9 167.3 174.8 184.1 180.7 178.0 175.9 171.2 153.5 144.2 145.1 146.5 144.7 148.0 149.8 156.8 165.3 160.7 156.6 151.0 153.7 150.7 251.97013888888893 43.42836799856714
1 287.7 298.5 268.7 234.0 260.8 311.6 291.1 289.9 282.2 298.3 294.3 287.4 301.6 305.4 288.5 284.6 284.3 250.6 296.5 291.7 281.4 270.1 271.3 263.1 277.4 300.7 282.9 280.5 289.4 283.7 291.1 295.6 285.8 279.3 282.2 272.0 266.3 276.7 273.3 290.0 270.4 284.4 286.1 288.0 297.0 269.5 276.3 284.0 272.9 281.9 290.5 289.3 292.7 288.1 291.4 281.8 295.5 281.8 286.0 278.0 281.4 283.2 287.7 285.6 282.2 295.7 295.9 298.7 296.6 279.9 288.4 289.5 287.0 281.8 293.4 293.6 302.0 289.3 293.5 296.3 296.7 294.7 292.7 288.9 290.4 292.5 292.4 285.7 289.7 290.3 293.3 299.4 296.5 304.3 302.5 292.7 303.7 294.7 300.5 296.9 300.7 290.3 300.4 291.5 295.5 290.3 293.4 299.8 301.0 308.0 297.9 302.9 312.2 310.1 304.8 304.7 296.2 296.6 300.6 310.2 308.9 299.7 310.9 303.3 297.7 306.6 298.3 310.9 312.1 308.3 294.3 311.0 302.8 303.0 294.6 328.0 314.4 312.3 300.7 305.2 306.7 313.0 305.2 292.8 299.5 292.0 303.4 305.8 316.8 277.8 310.2 312.0 280.9 308.8 307.8 326.2 314.6 284.1 311.9 300.1 292.7 308.3 284.5 288.2 283.9 282.5 294.2 285.1 283.0 290.1 284.8 289.6 290.4 285.2 286.9 290.9 282.7 277.7 273.5 273.6 277.6 277.7 281.8 280.1 278.3 290.0 286.7 286.5 268.3 287.9 309.2 298.8 301.2 291.6 284.6 294.1 301.7 278.2 289.2 292.9 285.1 293.0 294.8 296.6 292.1 292.2 305.6 297.7 305.0 308.5 296.0 301.8 295.6 271.6 268.1 265.1 269.2 227.9 247.0 232.6 242.6 253.5 261.6 243.2 238.5 249.5 243.6 249.1 255.8 270.9 283.4 292.9 277.8 271.8 257.9 252.4 252.6 257.1 246.5 223.2 208.2 233.0 242.8 226.6 256.5 269.0 274.1 291.6 275.9 259.0 252.4 255.5 239.7 183.0 211.8 243.7 256.6 276.5 257.7 260.7 258.5 282.7 283.4 272.1 254.4 253.2 278.5 282.5 293.3 321.0 288.8 263.6 267.9 282.9 331.7 349.6 292.6 285.8 302.6 282.6 286.3 268.2 259.7 225.4 162.9 165.1 178.4 180.9 283.29340277777777 25.163537407558476
2 271.4 281.7 275.4 275.3 269.3 266.5 259.2 262.6 258.0 261.2 266.0 266.7 273.1 283.3 281.9 281.0 270.0 277.5 280.9 275.9 271.4 273.5 276.3 278.6 279.1 272.3 270.1 274.4 276.9 273.7 275.6 269.1 271.4 269.9 269.3 271.9 278.1 274.2 275.1 277.0 272.0 272.9 271.0 265.7 266.3 268.6 272.5 267.5 277.3 272.2 269.1 271.1 267.0 265.3 268.5 273.4 267.0 269.0 265.3 269.3 267.9 263.2 270.4 269.8 267.8 264.7 268.3 274.2 269.4 265.6 268.8 266.0 262.7 267.3 275.5 275.2 274.1 274.9 274.2 273.3 271.2 267.5 274.2 274.1 276.0 277.5 275.0 276.5 279.1 275.0 276.5 270.6 278.2 272.7 282.3 282.0 274.9 281.3 272.6 272.7 271.6 276.1 275.0 277.0 267.1 269.5 267.3 270.3 272.5 276.3 274.4 284.1 284.7 280.5 290.8 293.8 286.5 296.4 294.5 292.6 294.2 294.5 293.3 291.5 298.3 288.5 283.1 283.1 289.8 283.4 293.3 285.5 285.6 284.8 292.9 292.0 292.2 297.8 307.7 302.3 317.0 299.9 304.3 313.1 310.1 315.1 307.8 295.3 298.5 299.0 298.4 303.0 304.7 299.2 305.5 294.7 302.3 306.8 293.8 297.7 304.8 305.1 304.6 299.7 297.7 308.9 304.0 322.1 309.4 318.6 332.1 331.5 326.8 325.6 334.9 332.6 336.4 341.5 345.2 341.2 337.2 331.1 342.9 331.6 310.8 290.0 309.3 329.7 323.7 311.5 316.4 309.3 302.5 290.1 313.1 301.9 302.8 297.4 304.0 307.7 306.3 313.1 318.3 320.4 329.6 326.6 333.2 333.7 331.0 345.5 327.7 329.2 338.3 330.3 331.3 345.5 338.1 344.8 338.8 338.6 343.2 323.8 20.9 36.0 86.1 133.8 127.8 141.4 181.0 188.1 181.1 186.1 189.7 220.0 233.6 0.0 129.7 168.3 183.1 145.1 177.7 181.9 191.3 182.0 168.4 146.5 155.1 167.8 173.1 175.9 180.3 183.4 194.4 202.8 191.2 183.9 208.0 209.5 205.5 201.1 199.2 204.1 196.2 177.5 171.5 182.3 185.5 185.8 184.7 184.8 181.1 178.0 176.3 171.9 170.4 172.2 166.7 170.4 170.8 173.7 169.8 167.9 162.8 164.6 162.9 162.2 159.4 164.0 263.303125 58.70590278293344
3 261.8 258.4 255.1 255.5 261.0 253.9 265.6 263.3 250.8 247.9 243.2 250.6 247.4 259.7 259.2 256.5 256.8 246.2 249.4 255.7 263.9 266.7 261.8 257.2 258.6 251.4 255.7 243.9 248.8 246.6 242.3 245.8 232.7 239.4 245.6 240.9 243.7 232.2 247.9 245.3 252.1 250.7 261.0 260.9 262.7 259.1 264.3 272.7 262.1 265.9 262.0 258.6 256.4 262.4 251.8 255.3 252.9 254.9 250.0 250.5 248.8 252.0 255.8 262.6 261.5 257.9 266.5 255.6 265.1 254.2 265.5 265.0 253.7 258.6 247.7 254.0 259.4 253.1 245.0 244.7 254.7 248.9 256.3 254.1 244.4 266.3 259.0 257.1 265.8 270.0 261.5 254.3 249.6 258.6 254.2 252.4 255.3 243.7 253.3 241.7 246.5 256.1 256.9 268.4 257.2 258.0 258.2 256.5 249.0 257.9 255.9 255.4 244.8 248.7 255.7 246.3 246.8 255.6 251.3 255.8 260.1 273.3 259.9 271.0 266.7 275.7 269.7 276.2 276.9 271.3 276.6 270.5 266.8 271.8 264.5 279.4 279.4 275.1 281.6 277.1 273.6 277.5 275.3 274.6 279.9 288.4 278.6 283.1 272.0 277.2 270.3 272.0 286.6 288.4 285.1 296.6 293.2 280.6 287.3 293.0 284.2 287.7 296.0 304.7 301.1 294.0 282.0 289.8 292.9 285.7 279.0 289.6 274.1 279.0 276.4 275.8 286.5 297.9 278.4 269.4 278.7 275.1 269.5 273.7 283.5 288.3 288.4 296.0 291.1 278.6 277.2 277.5 282.7 271.1 278.1 277.3 288.6 295.6 289.8 281.8 278.3 283.0 285.1 296.8 298.8 308.1 304.5 278.4 302.0 294.0 300.1 316.2 313.1 334.2 348.2 349.7 355.9 334.1 4.1 193.2 193.1 0.0 218.0 233.0 220.4 139.2 126.0 115.4 145.4 150.5 160.3 167.2 144.9 126.3 142.4 134.1 112.4 117.4 111.4 119.2 127.9 95.9 85.6 115.6 103.3 110.9 114.8 106.5 98.9 85.2 85.7 96.0 99.3 84.6 99.4 95.3 119.5 119.7 104.4 83.8 96.2 95.3 91.4 113.5 124.9 87.5 105.0 65.1 98.7 115.1 119.9 160.4 170.0 164.7 151.0 30.7 57.9 76.9 124.2 125.8 114.5 107.2 111.1 120.8 107.6 91.4 52.6 93.6 231.41319444444443 71.21652437787036
4 231.4 240.8 249.2 249.4 242.0 239.9 243.2 251.4 253.2 255.8 256.9 261.6 257.9 252.9 259.1 263.2 257.2 260.8 265.6 261.9 256.3 253.6 253.8 238.9 248.0 255.1 264.8 268.5 265.2 263.5 256.2 251.4 253.2 259.3 255.2 258.7 247.5 245.2 244.6 248.4 247.5 239.7 245.4 239.8 237.5 242.9 244.8 252.9 252.1 261.9 265.3 264.0 273.1 267.6 265.8 275.1 267.4 269.3 278.2 277.1 276.7 277.1 270.8 273.2 267.0 263.7 250.3 241.2 232.9 241.2 235.2 240.6 243.5 241.4 240.5 238.6 243.1 249.7 248.3 237.7 240.7 242.2 247.8 250.4 248.9 264.3 281.7 274.1 273.5 271.9 261.3 274.2 271.1 261.3 259.5 257.6 252.1 254.6 259.8 259.5 271.1 270.2 276.9 284.4 288.6 285.2 287.0 286.7 283.9 281.3 279.9 285.4 286.6 282.2 285.7 281.4 284.0 289.4 283.8 292.4 287.2 283.5 293.8 285.5 292.3 287.3 296.0 298.7 285.1 286.6 283.0 286.9 284.3 288.1 292.8 280.8 286.8 287.4 276.7 281.6 282.1 289.3 281.6 281.1 281.6 279.5 288.8 296.4 277.9 279.6 286.8 282.8 286.5 290.1 281.8 291.1 287.8 280.0 285.5 291.7 288.3 296.9 286.6 280.2 280.4 278.7 293.6 293.3 297.7 294.8 291.8 291.9 288.8 293.1 293.2 290.8 296.7 290.5 291.2 300.3 300.7 302.8 293.0 297.9 296.0 295.6 295.8 290.3 307.3 308.3 304.7 299.8 302.8 297.0 304.8 296.7 302.2 295.8 294.5 289.7 285.8 286.1 292.5 281.9 282.3 279.5 283.9 279.0 273.5 281.6 285.9 273.0 270.0 274.1 279.0 282.1 268.9 265.2 275.3 269.6 275.9 284.5 277.1 283.1 268.0 254.1 274.0 0.0 76.0 71.7 152.1 176.2 223.5 206.9 200.7 198.9 198.9 198.9 0.0 142.9 142.5 142.7 142.1 0.0 142.7 139.3 129.8 143.4 119.8 119.8 122.3 67.1 80.1 111.1 111.6 115.5 101.0 94.1 60.4 100.8 91.1 0.0 77.3 44.2 74.2 116.7 101.0 73.8 122.3 98.8 111.2 100.0 111.8 0.0 0.0 0.0 97.4 97.2 0.0 94.3 85.0 96.1 99.6 112.7 112.7 112.8 102.9 42.1 236.5565972222222 76.27726809999737
5 65.8 92.1 109.0 102.9 109.1 110.2 104.4 124.2 103.0 109.3 104.8 102.7 126.6 117.6 116.3 125.3 108.8 91.4 106.5 100.7 80.6 19.7 358.9 80.0 271.1 282.7 275.7 275.9 278.7 280.8 277.2 272.2 276.5 276.2 275.8 279.6 278.5 278.6 271.7 268.8 268.0 268.3 266.6 262.4 262.0 262.0 263.2 264.7 259.2 257.8 261.5 257.8 265.5 269.9 265.2 266.1 257.2 262.4 263.2 263.2 266.7 258.8 262.0 266.4 264.5 262.7 259.3 260.3 261.3 267.5 259.6 266.5 260.9 261.6 259.5 266.2 261.5 263.6 261.1 257.5 267.0 264.1 262.7 264.8 259.8 260.5 262.2 260.3 264.8 263.4 263.8 269.3 270.2 262.5 263.8 264.4 266.9 271.6 281.1 288.9 284.2 278.8 279.5 284.9 280.7 275.6 277.8 282.9 285.6 279.8 279.1 274.9 280.6 275.9 274.0 270.8 278.0 280.6 274.6 276.1 276.9 276.6 276.2 278.3 275.9 283.4 281.2 280.5 277.3 280.1 279.4 278.9 277.5 276.5 282.5 280.3 284.2 276.6 282.8 281.9 282.6 285.2 286.5 290.5 308.4 307.6 305.3 301.1 303.7 304.3 292.8 294.2 305.2 313.0 307.0 302.2 306.8 296.0 290.8 288.8 287.0 283.4 282.9 292.2 293.0 295.8 291.4 302.4 309.3 304.0 295.6 305.6 310.7 308.3 302.0 297.2 305.4 308.0 303.2 319.8 341.1 330.8 314.8 302.0 308.2 307.9 320.1 314.8 305.6 301.3 304.8 303.0 315.6 312.4 320.4 327.4 331.6 324.9 322.4 308.0 315.3 307.3 302.5 300.2 292.8 299.0 304.0 298.3 299.4 299.8 296.4 303.5 301.8 298.7 298.1 303.1 299.0 296.4 289.9 293.0 286.7 295.8 290.8 286.5 282.6 281.4 286.4 271.8 261.8 258.8 240.0 255.7 261.8 268.3 275.0 249.9 0.0 111.7 113.7 301.9 255.1 281.1 294.9 274.4 277.1 293.6 220.6 239.5 0.0 0.0 0.0 252.3 237.8 0.0 0.0 0.0 0.0 0.0 0.0 0.0 0.0 203.3 206.6 0.0 0.0 0.0 0.0 231.2 214.3 164.0 0.0 105.5 105.6 105.8 105.7 105.7 106.6 0.0 287.4 301.0 301.1 107.8 111.3 209.3 192.9 129.7 124.5 112.6 241.04444444444442 88.26053827794098
6 -1.0 -1.0 -1.0 -1.0 -1.0 -1.0 -1.0 -1.0 -1.0 -1.0 -1.0 -1.0 -1.0 -1.0 -1.0 -1.0 -1.0 -1.0 -1.0 -1.0 -1.0 -1.0 -1.0 -1.0 -1.0 -1.0 -1.0 -1.0 -1.0 -1.0 -1.0 -1.0 -1.0 -1.0 -1.0 -1.0 -1.0 -1.0 -1.0 -1.0 -1.0 -1.0 -1.0 -1.0 -1.0 -1.0 -1.0 -1.0 -1.0 -1.0 -1.0 -1.0 -1.0 -1.0 -1.0 -1.0 -1.0 -1.0 -1.0 -1.0 -1.0 -1.0 -1.0 -1.0 -1.0 -1.0 -1.0 -1.0 -1.0 -1.0 -1.0 -1.0 -1.0 -1.0 -1.0 -1.0 -1.0 -1.0 -1.0 -1.0 -1.0 -1.0 -1.0 -1.0 -1.0 -1.0 -1.0 -1.0 -1.0 -1.0 -1.0 -1.0 -1.0 -1.0 -1.0 -1.0 -1.0 -1.0 -1.0 -1.0 -1.0 -1.0 -1.0 -1.0 -1.0 -1.0 -1.0 -1.0 -1.0 -1.0 -1.0 -1.0 -1.0 -1.0 -1.0 -1.0 -1.0 -1.0 -1.0 -1.0 -1.0 -1.0 -1.0 -1.0 -1.0 -1.0 -1.0 -1.0 -1.0 -1.0 -1.0 -1.0 -1.0 -1.0 -1.0 -1.0 -1.0 -1.0 -1.0 -1.0 -1.0 -1.0 -1.0 -1.0 -1.0 -1.0 -1.0 -1.0 -1.0 -1.0 -1.0 -1.0 -1.0 -1.0 -1.0 -1.0 -1.0 -1.0 -1.0 -1.0 -1.0 -1.0 -1.0 -1.0 -1.0 -1.0 -1.0 -1.0 -1.0 -1.0 -1.0 -1.0 -1.0 -1.0 -1.0 -1.0 -1.0 -1.0 -1.0 -1.0 -1.0 -1.0 -1.0 -1.0 -1.0 -1.0 -1.0 -1.0 -1.0 -1.0 -1.0 -1.0 -1.0 -1.0 -1.0 -1.0 -1.0 -1.0 -1.0 -1.0 -1.0 -1.0 -1.0 -1.0 -1.0 -1.0 -1.0 -1.0 -1.0 -1.0 -1.0 -1.0 -1.0 -1.0 -1.0 -1.0 -1.0 -1.0 -1.0 -1.0 -1.0 -1.0 -1.0 -1.0 -1.0 -1.0 -1.0 -1.0 -1.0 -1.0 -1.0 -1.0 -1.0 -1.0 -1.0 -1.0 -1.0 -1.0 -1.0 -1.0 -1.0 -1.0 -1.0 -1.0 -1.0 -1.0 -1.0 -1.0 -1.0 -1.0 -1.0 -1.0 -1.0 -1.0 -1.0 -1.0 -1.0 -1.0 -1.0 -1.0 -1.0 -1.0 -1.0 -1.0 -1.0 -1.0 -1.0 -1.0 -1.0 -1.0 -1.0 -1.0 -1.0 -1.0 -1.0 -1.0 -1.0 -1.0 -1.0 -1.0 -1.0 -1.0 -1.0 -1.0 -1.0 -1.0 -1.0 -1.0 -1.0 0.0
7 74.9 81.4 88.2 69.1 83.9 53.0 57.7 70.0 88.2 79.8 98.5 93.0 93.3 91.2 90.8 87.9 81.2 66.9 62.1 41.9 17.9 303.0 300.2 302.8 322.3 343.2 19.8 344.9 335.7 143.3 168.4 197.0 198.8 201.5 201.0 207.9 222.9 217.8 214.9 232.8 246.4 259.8 280.5 274.8 303.5 275.9 239.2 233.4 222.2 224.2 242.1 272.8 284.8 278.3 278.9 297.2 274.5 231.3 233.4 243.6 262.5 258.4 269.7 264.5 268.2 273.4 278.4 251.9 258.9 256.2 249.3 251.7 258.9 256.0 260.1 263.6 256.8 259.5 264.0 276.8 281.5 296.2 296.4 298.9 294.8 303.6 300.7 289.7 290.5 284.0 288.3 287.1 289.5 283.8 286.5 287.3 279.8 284.0 275.4 281.3 279.3 281.4 282.3 282.5 283.6 284.9 277.0 279.7 287.8 289.9 290.6 291.9 283.8 272.7 278.2 275.5 272.8 267.9 272.3 274.9 289.1 282.6 278.6 279.5 286.1 280.9 287.5 286.5 284.7 286.2 285.0 284.6 282.0 284.5 284.8 282.1 284.0 283.6 286.1 276.7 276.5 291.1 288.3 285.9 283.4 283.4 289.5 293.8 285.9 290.2 288.5 291.3 288.4 294.4 297.3 290.9 281.5 288.8 286.6 286.4 294.2 290.8 305.6 292.9 318.2 323.0 318.2 306.8 314.5 308.2 301.2 301.6 309.0 309.1 302.3 292.2 306.4 306.6 304.5 308.3 308.4 303.4 298.3 294.1 313.0 300.3 303.4 306.7 288.0 284.8 291.1 287.0 285.7 291.7 284.6 279.8 283.5 282.8 288.6 278.7 287.2 286.0 286.5 286.4 285.0 284.5 282.1 286.2 287.9 292.2 289.5 289.6 283.5 278.9 279.6 278.6 284.2 288.4 287.5 288.9 283.2 286.8 287.5 285.1 284.8 285.5 286.1 291.4 288.9 295.1 291.6 289.3 293.7 282.7 280.4 284.3 293.0 276.7 281.7 280.9 286.1 284.5 281.1 275.3 275.8 272.2 281.9 278.8 273.4 274.7 281.8 277.4 268.4 273.3 257.3 260.7 257.7 253.5 249.9 241.7 246.4 232.8 248.7 258.7 257.4 259.6 254.7 251.4 254.6 260.9 256.6 254.8 246.6 246.3 251.6 252.4 249.4 254.8 251.5 254.8 244.8 238.2 247.3 201.6 238.5 288.4 260.2 264.4 260.94444444444446 60.050540592689536
8 18.7 57.5 50.4 352.5 359.0 312.7 359.7 346.9 329.4 306.3 238.8 249.3 245.4 175.0 154.2 0.0 0.0 0.0 0.0 202.6 210.0 207.4 211.2 212.9 345.8 349.7 332.2 329.9 311.1 158.3 108.5 61.2 91.2 0.0 30.5 33.8 48.2 48.2 327.9 329.2 316.1 320.3 303.8 250.9 316.2 320.4 282.0 223.3 227.8 230.1 233.6 249.0 270.8 244.7 277.3 166.8 237.8 224.0 25.6 39.3 12.1 303.0 297.3 15.5 73.0 86.0 275.5 203.1 202.4 276.0 285.3 283.0 261.4 251.9 264.9 287.1 298.6 274.2 237.9 243.2 253.7 279.4 243.0 250.6 266.3 301.2 299.7 275.3 261.7 263.2 315.2 266.4 262.8 254.0 233.3 199.8 246.3 254.8 277.7 258.9 244.1 237.4 257.6 274.6 264.3 312.4 279.6 255.9 265.3 259.7 291.2 229.7 295.1 164.5 256.6 268.6 294.8 214.8 269.3 272.3 278.2 252.0 239.7 266.1 283.2 300.8 278.1 244.1 288.2 298.6 245.8 264.6 276.1 293.0 246.5 311.4 254.5 249.8 285.5 268.0 272.9 290.3 256.8 276.4 285.7 296.7 280.5 272.4 275.9 282.1 276.2 309.5 297.6 276.4 267.1 301.9 292.4 307.9 314.5 283.0 281.8 279.1 282.6 275.5 276.7 293.8 268.9 301.5 46.4 316.9 316.1 320.2 259.4 309.3 285.3 316.1 312.1 273.7 268.4 286.8 273.9 294.8 262.7 292.7 272.5 289.9 296.9 283.4 274.9 292.8 280.7 291.0 271.7 275.0 294.1 291.6 304.0 288.2 293.6 295.7 290.2 292.0 299.6 299.6 299.6 299.6 299.6 299.6 299.6 299.6 299.6 299.6 299.6 299.6 299.6 299.6 299.6 299.6 299.6 299.6 299.6 299.6 299.6 299.6 299.6 299.6 299.6 299.6 299.6 299.6 299.6 299.6 299.6 299.6 299.6 299.6 299.6 299.6 299.6 299.6 299.6 299.6 299.6 299.6 299.6 299.6 299.6 299.6 299.6 299.6 299.6 299.6 299.6 299.6 299.6 299.6 299.6 299.6 299.6 299.6 299.6 299.6 299.6 299.6 299.6 299.6 299.6 299.6 299.6 299.6 299.6 299.6 299.6 299.6 299.6 299.6 299.6 299.6 299.6 299.6 299.6 299.6 299.6 299.6 299.6 299.6 299.6 299.6 263.70416666666665 72.48432619231568
9 342.9 344.7 316.2 334.2 320.5 269.4 285.1 267.3 273.7 288.6 333.7 23.6 346.7 325.1 302.6 305.6 254.4 273.2 280.3 277.5 261.8 331.3 0.5 65.0 279.5 57.3 44.9 44.9 25.7 37.7 45.9 74.5 165.7 112.1 97.7 87.0 72.4 73.8 81.9 77.8 71.1 81.1 66.2 14.8 24.0 332.7 152.0 204.1 120.0 223.8 109.9 99.8 48.3 55.2 284.0 289.2 303.4 286.1 214.3 272.8 310.5 332.8 317.0 334.9 345.1 4.1 31.2 46.1 17.1 359.0 353.7 356.4 341.2 164.5 185.9 195.8 227.5 219.6 312.1 324.6 318.8 319.7 323.0 323.3 327.6 330.8 324.8 322.2 329.6 334.3 338.0 336.1 326.6 327.8 328.3 331.9 324.3 340.3 321.4 325.7 329.1 320.0 312.6 316.6 329.0 330.5 322.1 323.8 326.2 322.9 316.1 323.1 297.4 310.3 314.1 325.0 319.2 320.9 311.7 318.4 310.8 313.6 318.5 315.5 313.7 300.9 291.3 297.3 301.1 289.5 296.2 317.8 323.4 325.4 320.1 330.3 332.1 316.6 310.3 317.1 327.6 308.6 310.8 318.3 312.7 312.6 315.9 322.3 323.1 304.1 319.9 324.7 330.3 324.6 317.6 325.2 325.7 309.3 310.1 308.5 318.2 318.5 330.6 311.4 313.7 309.1 319.3 327.3 314.5 317.1 323.0 331.6 320.9 330.5 330.1 323.1 307.9 290.6 311.2 305.8 303.4 304.0 302.2 317.7 310.6 312.1 301.5 301.6 302.8 305.5 307.1 310.2 317.2 321.8 321.5 326.8 314.6 308.7 293.9 305.2 312.6 299.2 310.8 308.4 309.3 316.1 304.2 297.3 303.7 301.4 297.0 293.5 300.2 308.6 321.5 318.6 315.3 313.4 319.3 318.9 320.0 331.2 325.2 331.3 317.0 315.1 318.8 319.4 324.8 331.6 325.4 319.7 323.4 331.2 344.1 324.9 351.4 350.2 356.1 358.6 356.4 3.2 22.1 6.5 3.4 7.6 54.9 66.3 27.6 60.1 107.8 30.9 17.0 355.5 321.2 321.3 40.5 355.0 2.9 5.0 11.2 336.1 336.6 324.7 309.2 331.5 334.3 327.1 313.1 343.3 355.2 36.5 0.7 15.5 0.1 352.9 346.9 340.2 300.8 0.0 251.7 319.8 327.7 341.8 343.6 348.6 343.7 328.4 264.5465277777778 108.11324164625047
END
#################################################################
SECTION3 (Edges Information)
EndPoint0 EndPoint1 Weight
0 1 1.000000
1 2 1.000000
2 3 1.000000
3 4 1.000000
3 5 1.000000
4 5 1.000000
4 6 1.000000
5 6 1.000000
5 7 1.000000
6 7 1.000000
7 8 1.000000
7 9 1.000000
8 9 1.000000
0 1 1.000000
1 2 1.000000
2 3 1.000000
3 4 1.000000
3 5 1.000000
4 5 1.000000
4 6 1.000000
5 6 1.000000
5 7 1.000000
6 7 1.000000
7 8 1.000000
7 9 1.000000
8 9 1.000000
0 1 1.000000
1 2 1.000000
2 3 1.000000
3 4 1.000000
3 5 1.000000
4 5 1.000000
4 6 1.000000
5 6 1.000000
5 7 1.000000
6 7 1.000000
7 8 1.000000
7 9 1.000000
8 9 1.000000
0 1 1.000000
1 2 1.000000
2 3 1.000000
3 4 1.000000
3 5 1.000000
4 5 1.000000
4 6 1.000000
5 6 1.000000
5 7 1.000000
6 7 1.000000
7 8 1.000000
7 9 1.000000
8 9 1.000000
0 1 1.000000
1 2 1.000000
2 3 1.000000
3 4 1.000000
3 5 1.000000
4 5 1.000000
4 6 1.000000
5 6 1.000000
5 7 1.000000
6 7 1.000000
7 8 1.000000
7 9 1.000000
8 9 1.000000
END
#################################################################
SECTION4 (TrueSubGraph Information)
EndPoint0 EndPoint1 Weight
END
#################################################################
