#################################################################
#APDM Input Graph, this input graph includes 3 sections:
#section1 : general information
#section2 : nodes
#section3 : edges
#section4 : trueSubGraph (Optional)
#
#if nodes haven't information set weight to null
#################################################################
SECTION1 (General Information)
numNodes = 10
numEdges = 39
usedAlgorithm = NULL
dataSource = TransWeatherRealData
END
#################################################################
SECTION2 (Nodes Information)
NodeID windDir  mean  std 
0 325.0 317.0 311.0 309.0 305.0 304.0 305.0 306.0 303.0 294.0 283.0 290.0 292.0 299.0 302.0 301.0 289.0 285.0 293.0 295.0 293.0 289.0 282.0 281.0 286.0 291.0 290.0 288.0 290.0 294.0 297.0 301.0 293.0 290.0 290.0 290.0 291.0 291.0 291.0 289.0 286.0 286.0 284.0 286.0 291.0 292.0 299.0 302.0 298.0 299.0 302.0 300.0 305.0 303.0 301.0 300.0 300.0 300.0 294.0 293.0 289.0 286.0 285.0 282.0 282.0 286.0 283.0 281.0 280.0 276.0 270.0 267.0 268.0 269.0 270.0 274.0 280.0 280.0 277.0 279.0 278.0 279.0 278.0 278.0 278.0 279.0 280.0 279.0 277.0 277.0 275.0 276.0 275.0 278.0 277.0 272.0 267.0 271.0 270.0 269.0 268.0 268.0 269.0 265.0 267.0 272.0 272.0 268.0 262.0 271.0 273.0 271.0 266.0 260.0 255.0 269.0 275.0 272.0 273.0 276.0 274.0 275.0 280.0 278.0 275.0 276.0 278.0 278.0 282.0 282.0 282.0 278.0 273.0 265.0 256.0 245.0 244.0 249.0 241.0 244.0 244.0 250.0 240.0 236.0 241.0 236.0 280.0 30.0 53.0 47.0 68.0 65.0 102.0 95.0 133.0 99.0 112.0 99.0 107.0 123.0 126.0 64.0 58.0 59.0 59.0 55.0 93.0 41.0 7.0 135.0 118.0 64.0 143.0 163.0 75.0 81.0 123.0 57.0 349.0 329.0 317.0 312.0 240.0 161.0 277.0 1.0 354.0 300.0 308.0 263.0 259.0 310.0 284.0 326.0 302.0 275.0 189.0 297.0 300.0 337.0 44.0 6.0 340.0 335.0 37.0 326.0 315.0 275.0 315.0 339.0 338.0 309.0 319.0 310.0 313.0 312.0 329.0 359.0 304.0 267.0 305.0 302.0 343.0 336.0 318.0 335.0 12.0 317.0 347.0 318.0 323.0 285.0 308.0 337.0 279.0 309.0 300.0 348.0 354.0 323.0 338.0 355.0 351.0 336.0 343.0 331.0 0.0 10.0 359.0 351.0 25.0 6.0 5.0 20.0 39.0 8.0 357.0 12.0 7.0 26.0 16.0 32.0 32.0 23.0 19.0 24.0 33.0 34.0 21.0 2.0 16.0 35.0 33.0 23.0 25.0 34.0 36.0 34.0 34.0 33.0 34.0 35.0 38.0 35.0 40.0 52.0 51.0 53.0 228.32638888888906 110.37792726506761
1 322.0 319.0 304.0 299.0 296.0 290.0 292.0 293.0 296.0 293.0 291.0 289.0 290.0 291.0 291.0 294.0 295.0 297.0 293.0 295.0 298.0 298.0 296.0 297.0 300.0 302.0 302.0 303.0 306.0 304.0 302.0 299.0 297.0 299.0 301.0 303.0 300.0 302.0 302.0 304.0 306.0 303.0 304.0 306.0 304.0 305.0 304.0 308.0 308.0 310.0 307.0 302.0 302.0 300.0 302.0 301.0 303.0 307.0 304.0 301.0 304.0 303.0 300.0 299.0 295.0 297.0 294.0 289.0 289.0 291.0 295.0 290.0 289.0 290.0 294.0 293.0 295.0 295.0 296.0 294.0 295.0 299.0 294.0 294.0 297.0 302.0 311.0 313.0 321.0 318.0 311.0 312.0 311.0 313.0 309.0 309.0 309.0 307.0 308.0 306.0 307.0 310.0 308.0 308.0 306.0 308.0 306.0 309.0 305.0 307.0 306.0 304.0 300.0 301.0 299.0 300.0 295.0 290.0 293.0 282.0 295.0 285.0 278.0 289.0 332.0 319.0 329.0 331.0 315.0 305.0 293.0 295.0 295.0 299.0 312.0 308.0 273.0 143.0 124.0 132.0 158.0 123.0 106.0 134.0 89.0 335.0 336.0 321.0 322.0 1.0 30.0 26.0 50.0 51.0 56.0 47.0 82.0 16.0 57.0 110.0 110.0 105.0 75.0 103.0 81.0 105.0 110.0 87.0 119.0 106.0 115.0 88.0 82.0 36.0 35.0 57.0 60.0 72.0 111.0 99.0 107.0 111.0 95.0 106.0 107.0 94.0 89.0 96.0 114.0 80.0 88.0 85.0 62.0 53.0 60.0 50.0 58.0 60.0 66.0 65.0 79.0 73.0 90.0 67.0 66.0 33.0 56.0 24.0 91.0 78.0 85.0 100.0 90.0 74.0 93.0 76.0 93.0 95.0 82.0 94.0 72.0 98.0 100.0 359.0 341.0 292.0 307.0 292.0 296.0 310.0 341.0 339.0 300.0 299.0 315.0 327.0 262.0 281.0 280.0 291.0 303.0 299.0 337.0 330.0 353.0 10.0 350.0 9.0 329.0 339.0 337.0 342.0 348.0 322.0 327.0 346.0 3.0 359.0 1.0 12.0 24.0 356.0 11.0 21.0 34.0 26.0 31.0 35.0 23.0 20.0 29.0 37.0 35.0 48.0 43.0 46.0 44.0 45.0 35.0 40.0 44.0 43.0 29.0 20.0 22.0 36.0 24.0 34.0 211.26041666666677 119.61592818011428
2 329.0 330.0 326.0 331.0 332.0 334.0 3.0 12.0 26.0 19.0 7.0 342.0 319.0 343.0 359.0 8.0 8.0 339.0 345.0 359.0 0.0 142.0 176.0 149.0 104.0 112.0 193.0 232.0 307.0 310.0 0.0 268.0 268.0 236.0 138.0 174.0 160.0 186.0 163.0 171.0 148.0 184.0 185.0 186.0 197.0 222.0 255.0 236.0 264.0 278.0 248.0 243.0 254.0 267.0 257.0 243.0 260.0 236.0 244.0 255.0 228.0 215.0 250.0 251.0 268.0 277.0 0.0 47.0 47.0 357.0 329.0 340.0 324.0 0.0 274.0 0.0 139.0 139.0 121.0 100.0 91.0 106.0 110.0 0.0 219.0 254.0 256.0 260.0 268.0 259.0 256.0 281.0 296.0 265.0 241.0 234.0 233.0 236.0 247.0 224.0 248.0 258.0 259.0 252.0 257.0 263.0 255.0 259.0 253.0 259.0 268.0 265.0 283.0 274.0 240.0 253.0 288.0 287.0 292.0 298.0 316.0 310.0 0.0 310.0 304.0 289.0 288.0 269.0 235.0 252.0 264.0 274.0 283.0 284.0 267.0 279.0 286.0 285.0 287.0 286.0 268.0 266.0 268.0 270.0 277.0 281.0 279.0 282.0 311.0 330.0 346.0 9.0 358.0 344.0 4.0 341.0 330.0 235.0 208.0 72.0 66.0 130.0 110.0 250.0 121.0 80.0 64.0 94.0 72.0 88.0 37.0 101.0 106.0 71.0 14.0 27.0 104.0 97.0 110.0 89.0 64.0 66.0 125.0 147.0 142.0 109.0 76.0 47.0 65.0 317.0 303.0 308.0 30.0 330.0 262.0 157.0 326.0 323.0 300.0 335.0 335.0 265.0 232.0 270.0 237.0 179.0 192.0 221.0 178.0 258.0 12.0 2.0 350.0 25.0 42.0 93.0 53.0 72.0 55.0 13.0 262.0 321.0 327.0 321.0 289.0 300.0 329.0 310.0 9.0 13.0 29.0 339.0 312.0 350.0 25.0 335.0 345.0 5.0 358.0 9.0 21.0 41.0 34.0 40.0 21.0 7.0 15.0 2.0 1.0 1.0 10.0 10.0 11.0 21.0 12.0 360.0 14.0 1.0 358.0 351.0 3.0 17.0 18.0 13.0 7.0 6.0 8.0 11.0 21.0 5.0 359.0 4.0 1.0 7.0 11.0 9.0 17.0 14.0 16.0 12.0 8.0 6.0 8.0 9.0 10.0 13.0 13.0 1.0 179.56597222222206 124.11272198262557
3 304.0 311.0 307.0 303.0 306.0 323.0 291.0 249.0 247.0 247.0 0.0 0.0 173.0 205.0 202.0 136.0 154.0 217.0 226.0 238.0 230.0 161.0 229.0 211.0 143.0 160.0 210.0 205.0 98.0 144.0 152.0 162.0 171.0 152.0 119.0 117.0 128.0 129.0 130.0 126.0 111.0 122.0 128.0 128.0 128.0 128.0 124.0 124.0 107.0 98.0 115.0 120.0 111.0 96.0 92.0 94.0 104.0 114.0 110.0 98.0 85.0 81.0 138.0 147.0 144.0 161.0 0.0 147.0 157.0 0.0 157.0 157.0 157.0 0.0 0.0 0.0 240.0 193.0 0.0 0.0 116.0 106.0 0.0 104.0 96.0 154.0 0.0 167.0 121.0 127.0 126.0 129.0 143.0 152.0 227.0 233.0 233.0 238.0 0.0 0.0 0.0 0.0 0.0 0.0 0.0 0.0 0.0 0.0 0.0 143.0 131.0 128.0 138.0 138.0 0.0 181.0 164.0 150.0 0.0 143.0 130.0 126.0 126.0 62.0 43.0 0.0 0.0 0.0 0.0 0.0 0.0 0.0 0.0 41.0 0.0 147.0 147.0 0.0 0.0 0.0 0.0 0.0 0.0 0.0 0.0 0.0 163.0 120.0 96.0 202.0 222.0 242.0 231.0 222.0 234.0 352.0 194.0 137.0 83.0 95.0 18.0 353.0 221.0 175.0 108.0 205.0 205.0 205.0 182.0 137.0 13.0 314.0 299.0 331.0 330.0 346.0 299.0 297.0 306.0 1.0 17.0 89.0 360.0 350.0 324.0 343.0 356.0 56.0 127.0 4.0 342.0 350.0 77.0 242.0 313.0 352.0 277.0 273.0 237.0 235.0 176.0 175.0 133.0 132.0 181.0 256.0 339.0 278.0 288.0 249.0 270.0 12.0 355.0 26.0 337.0 328.0 330.0 356.0 348.0 349.0 331.0 354.0 328.0 326.0 351.0 309.0 347.0 339.0 337.0 332.0 348.0 13.0 11.0 16.0 349.0 357.0 339.0 9.0 343.0 359.0 347.0 350.0 349.0 325.0 6.0 14.0 1.0 10.0 339.0 9.0 3.0 360.0 4.0 339.0 359.0 8.0 338.0 342.0 356.0 7.0 7.0 3.0 359.0 12.0 350.0 5.0 359.0 346.0 353.0 2.0 11.0 8.0 324.0 3.0 318.0 298.0 308.0 281.0 295.0 323.0 324.0 304.0 302.0 292.0 292.0 297.0 317.0 331.0 169.47916666666657 125.37400320418305
4 319.0 316.0 321.0 333.0 325.0 326.0 332.0 336.0 339.0 334.0 329.0 329.0 333.0 341.0 340.0 341.0 345.0 358.0 20.0 22.0 7.0 15.0 18.0 360.0 0.0 334.0 354.0 9.0 52.0 41.0 42.0 41.0 0.0 313.0 313.0 313.0 313.0 313.0 313.0 313.0 314.0 313.0 313.0 313.0 313.0 314.0 313.0 4.0 0.0 0.0 0.0 0.0 0.0 0.0 0.0 31.0 31.0 31.0 31.0 31.0 31.0 31.0 0.0 31.0 0.0 31.0 21.0 14.0 17.0 25.0 0.0 0.0 0.0 0.0 0.0 319.0 327.0 340.0 340.0 340.0 339.0 339.0 339.0 339.0 310.0 305.0 326.0 331.0 331.0 331.0 118.0 117.0 0.0 351.0 340.0 338.0 338.0 338.0 339.0 339.0 339.0 339.0 35.0 11.0 0.0 2.0 0.0 330.0 330.0 329.0 329.0 330.0 330.0 330.0 330.0 329.0 330.0 329.0 5.0 27.0 343.0 330.0 44.0 41.0 20.0 1.0 330.0 330.0 303.0 293.0 61.0 33.0 24.0 22.0 21.0 15.0 0.0 17.0 0.0 0.0 0.0 0.0 313.0 313.0 313.0 101.0 197.0 321.0 344.0 11.0 338.0 348.0 340.0 335.0 14.0 86.0 122.0 136.0 155.0 200.0 210.0 208.0 85.0 96.0 3.0 262.0 338.0 333.0 51.0 317.0 298.0 320.0 11.0 332.0 307.0 303.0 306.0 280.0 344.0 346.0 351.0 336.0 312.0 323.0 323.0 314.0 317.0 315.0 321.0 325.0 318.0 308.0 302.0 331.0 314.0 311.0 327.0 345.0 331.0 331.0 337.0 321.0 326.0 308.0 321.0 300.0 329.0 329.0 302.0 318.0 339.0 333.0 333.0 314.0 318.0 339.0 330.0 350.0 337.0 327.0 323.0 353.0 337.0 312.0 326.0 340.0 346.0 323.0 326.0 318.0 338.0 339.0 347.0 337.0 326.0 312.0 338.0 320.0 333.0 335.0 322.0 311.0 311.0 336.0 315.0 314.0 333.0 325.0 318.0 326.0 329.0 312.0 323.0 319.0 312.0 306.0 323.0 316.0 303.0 307.0 322.0 333.0 338.0 312.0 329.0 339.0 320.0 331.0 309.0 288.0 314.0 286.0 305.0 322.0 324.0 329.0 334.0 334.0 328.0 319.0 313.0 313.0 306.0 324.0 310.0 306.0 312.0 299.0 242.4791666666666 134.10651384533514
5 302.0 308.0 303.0 307.0 309.0 306.0 311.0 309.0 311.0 313.0 312.0 315.0 311.0 310.0 309.0 310.0 307.0 301.0 301.0 300.0 300.0 297.0 295.0 293.0 291.0 284.0 286.0 290.0 292.0 288.0 290.0 290.0 291.0 291.0 294.0 284.0 274.0 265.0 257.0 221.0 216.0 217.0 241.0 253.0 265.0 252.0 260.0 259.0 257.0 258.0 194.0 176.0 116.0 246.0 244.0 286.0 262.0 257.0 261.0 251.0 258.0 265.0 275.0 265.0 259.0 253.0 257.0 254.0 251.0 257.0 263.0 271.0 298.0 277.0 275.0 258.0 248.0 249.0 246.0 246.0 259.0 249.0 266.0 253.0 161.0 232.0 267.0 277.0 253.0 248.0 251.0 272.0 273.0 260.0 268.0 272.0 273.0 257.0 258.0 251.0 168.0 0.0 5.0 259.0 259.0 278.0 252.0 311.0 271.0 275.0 74.0 250.0 229.0 218.0 252.0 279.0 276.0 271.0 256.0 253.0 250.0 0.0 0.0 0.0 0.0 0.0 0.0 257.0 264.0 261.0 258.0 239.0 216.0 0.0 0.0 219.0 211.0 221.0 218.0 240.0 235.0 238.0 234.0 237.0 255.0 275.0 275.0 266.0 276.0 272.0 270.0 306.0 256.0 264.0 315.0 286.0 294.0 319.0 313.0 321.0 329.0 299.0 263.0 273.0 319.0 288.0 2.0 278.0 269.0 319.0 348.0 4.0 326.0 314.0 317.0 355.0 323.0 289.0 319.0 304.0 288.0 291.0 290.0 304.0 307.0 302.0 301.0 270.0 309.0 294.0 266.0 277.0 286.0 301.0 294.0 289.0 277.0 313.0 295.0 294.0 279.0 290.0 299.0 314.0 288.0 297.0 291.0 305.0 297.0 279.0 274.0 300.0 278.0 287.0 279.0 278.0 289.0 269.0 259.0 271.0 259.0 280.0 287.0 274.0 266.0 268.0 271.0 268.0 275.0 287.0 270.0 272.0 275.0 289.0 285.0 285.0 295.0 285.0 271.0 273.0 281.0 276.0 288.0 293.0 301.0 273.0 277.0 282.0 278.0 268.0 284.0 288.0 285.0 282.0 282.0 295.0 299.0 281.0 286.0 284.0 289.0 289.0 282.0 280.0 289.0 302.0 301.0 291.0 292.0 296.0 286.0 287.0 290.0 291.0 289.0 286.0 282.0 282.0 287.0 286.0 289.0 290.0 288.0 281.0 281.0 284.0 279.0 281.0 264.2291666666667 62.83513284668553
6 325.0 323.0 326.0 321.0 325.0 324.0 325.0 325.0 329.0 334.0 336.0 336.0 338.0 334.0 338.0 335.0 334.0 335.0 334.0 340.0 339.0 346.0 344.0 338.0 349.0 343.0 330.0 323.0 311.0 320.0 322.0 322.0 326.0 337.0 338.0 336.0 327.0 321.0 327.0 322.0 302.0 293.0 300.0 294.0 297.0 310.0 305.0 298.0 298.0 302.0 309.0 309.0 318.0 322.0 329.0 326.0 318.0 320.0 321.0 324.0 328.0 325.0 327.0 329.0 334.0 332.0 332.0 325.0 324.0 326.0 329.0 329.0 334.0 330.0 331.0 329.0 327.0 334.0 333.0 330.0 328.0 331.0 327.0 327.0 336.0 345.0 345.0 347.0 348.0 353.0 360.0 3.0 358.0 4.0 7.0 354.0 7.0 1.0 3.0 11.0 13.0 14.0 22.0 18.0 10.0 18.0 8.0 9.0 5.0 1.0 356.0 357.0 358.0 15.0 20.0 46.0 50.0 57.0 53.0 43.0 39.0 31.0 27.0 35.0 23.0 13.0 9.0 5.0 344.0 258.0 242.0 239.0 267.0 279.0 276.0 261.0 242.0 252.0 264.0 280.0 289.0 296.0 304.0 292.0 299.0 298.0 302.0 312.0 280.0 306.0 297.0 295.0 300.0 311.0 310.0 355.0 347.0 356.0 340.0 322.0 328.0 341.0 346.0 277.0 312.0 308.0 309.0 291.0 323.0 317.0 335.0 298.0 336.0 300.0 343.0 328.0 324.0 10.0 279.0 310.0 357.0 317.0 330.0 340.0 290.0 284.0 303.0 305.0 296.0 264.0 324.0 280.0 283.0 294.0 298.0 334.0 316.0 272.0 300.0 303.0 294.0 281.0 337.0 304.0 297.0 319.0 309.0 305.0 296.0 304.0 297.0 315.0 329.0 308.0 319.0 281.0 353.0 287.0 290.0 337.0 343.0 335.0 7.0 352.0 315.0 328.0 343.0 345.0 320.0 340.0 331.0 339.0 323.0 339.0 339.0 314.0 271.0 259.0 239.0 218.0 223.0 255.0 226.0 225.0 268.0 231.0 261.0 227.0 277.0 299.0 290.0 307.0 293.0 311.0 310.0 299.0 323.0 329.0 331.0 325.0 302.0 303.0 308.0 310.0 290.0 299.0 302.0 319.0 279.0 284.0 276.0 268.0 272.0 284.0 260.0 265.0 263.0 274.0 266.0 271.0 261.0 269.0 271.0 262.0 268.0 258.0 263.0 268.0 275.2708333333333 98.32614567522195
7 285.0 285.0 287.0 290.0 280.0 292.0 288.0 292.0 287.0 285.0 285.0 288.0 294.0 292.0 291.0 287.0 296.0 298.0 291.0 298.0 295.0 292.0 298.0 295.0 300.0 307.0 307.0 307.0 298.0 302.0 301.0 299.0 298.0 299.0 299.0 299.0 302.0 292.0 291.0 282.0 278.0 254.0 252.0 267.0 280.0 286.0 300.0 296.0 302.0 298.0 302.0 307.0 307.0 310.0 306.0 303.0 292.0 300.0 290.0 286.0 274.0 275.0 272.0 277.0 254.0 213.0 209.0 215.0 222.0 223.0 228.0 231.0 237.0 238.0 248.0 268.0 243.0 232.0 236.0 240.0 236.0 229.0 223.0 232.0 232.0 236.0 245.0 261.0 246.0 237.0 233.0 235.0 235.0 241.0 238.0 238.0 241.0 243.0 251.0 255.0 244.0 241.0 237.0 230.0 223.0 219.0 212.0 214.0 206.0 205.0 215.0 225.0 235.0 226.0 217.0 233.0 234.0 226.0 232.0 223.0 244.0 236.0 226.0 232.0 238.0 249.0 257.0 257.0 252.0 247.0 240.0 238.0 239.0 255.0 307.0 279.0 301.0 262.0 261.0 301.0 315.0 321.0 305.0 274.0 300.0 323.0 346.0 353.0 350.0 353.0 352.0 344.0 339.0 322.0 321.0 322.0 329.0 336.0 348.0 325.0 309.0 312.0 336.0 331.0 311.0 306.0 283.0 289.0 277.0 270.0 272.0 277.0 286.0 313.0 315.0 286.0 269.0 286.0 279.0 318.0 309.0 330.0 298.0 318.0 305.0 288.0 298.0 268.0 286.0 283.0 298.0 294.0 292.0 259.0 280.0 271.0 286.0 289.0 295.0 262.0 311.0 301.0 285.0 271.0 287.0 283.0 284.0 288.0 275.0 266.0 296.0 276.0 273.0 305.0 284.0 291.0 297.0 269.0 274.0 266.0 269.0 278.0 271.0 281.0 261.0 273.0 279.0 300.0 300.0 296.0 279.0 289.0 298.0 268.0 274.0 264.0 267.0 300.0 300.0 282.0 290.0 291.0 285.0 289.0 292.0 253.0 255.0 288.0 296.0 289.0 296.0 298.0 277.0 287.0 276.0 295.0 307.0 303.0 298.0 301.0 310.0 305.0 297.0 302.0 300.0 296.0 293.0 296.0 291.0 281.0 286.0 280.0 280.0 283.0 275.0 278.0 278.0 280.0 280.0 278.0 283.0 280.0 276.0 268.0 274.0 285.0 280.0 286.0 278.47222222222223 30.582143783414995
8 289.0 311.0 290.0 279.0 302.0 297.0 295.0 301.0 314.0 299.0 315.0 301.0 304.0 302.0 305.0 293.0 304.0 297.0 300.0 295.0 297.0 298.0 299.0 291.0 300.0 291.0 285.0 302.0 295.0 302.0 296.0 294.0 296.0 297.0 300.0 308.0 314.0 315.0 313.0 314.0 314.0 320.0 319.0 318.0 322.0 319.0 319.0 323.0 321.0 321.0 325.0 318.0 290.0 298.0 286.0 289.0 289.0 291.0 301.0 293.0 301.0 291.0 290.0 301.0 290.0 298.0 308.0 301.0 307.0 302.0 301.0 292.0 300.0 312.0 310.0 309.0 310.0 314.0 314.0 309.0 316.0 299.0 327.0 330.0 334.0 320.0 311.0 309.0 288.0 307.0 305.0 298.0 294.0 302.0 302.0 298.0 315.0 324.0 71.0 72.0 77.0 155.0 189.0 195.0 223.0 0.0 223.0 236.0 227.0 234.0 219.0 218.0 219.0 218.0 224.0 220.0 219.0 232.0 217.0 229.0 224.0 228.0 228.0 296.0 328.0 319.0 286.0 235.0 214.0 179.0 100.0 47.0 45.0 48.0 68.0 55.0 40.0 47.0 152.0 188.0 198.0 175.0 114.0 182.0 196.0 184.0 197.0 187.0 180.0 175.0 143.0 91.0 39.0 21.0 339.0 326.0 302.0 347.0 13.0 12.0 4.0 27.0 9.0 14.0 4.0 359.0 353.0 6.0 21.0 40.0 20.0 14.0 333.0 316.0 249.0 326.0 326.0 345.0 322.0 289.0 294.0 311.0 332.0 349.0 348.0 336.0 315.0 310.0 317.0 286.0 334.0 350.0 314.0 308.0 315.0 318.0 342.0 344.0 303.0 283.0 285.0 322.0 330.0 324.0 318.0 354.0 358.0 333.0 309.0 299.0 310.0 359.0 311.0 345.0 304.0 316.0 337.0 332.0 308.0 308.0 293.0 293.0 327.0 308.0 276.0 344.0 345.0 318.0 316.0 294.0 241.0 254.0 318.0 296.0 317.0 334.0 324.0 306.0 285.0 301.0 261.0 276.0 320.0 319.0 331.0 286.0 279.0 316.0 323.0 299.0 308.0 316.0 317.0 324.0 318.0 276.0 305.0 292.0 276.0 257.0 236.0 248.0 298.0 321.0 283.0 278.0 258.0 255.0 291.0 254.0 285.0 296.0 291.0 303.0 306.0 290.0 287.0 265.0 289.0 294.0 294.0 281.0 302.0 287.0 294.0 290.0 299.0 271.0 267.23263888888897 84.98283108413555
9 4.0 360.0 356.0 358.0 2.0 359.0 350.0 359.0 355.0 351.0 350.0 345.0 347.0 355.0 355.0 353.0 354.0 355.0 354.0 348.0 340.0 349.0 351.0 345.0 346.0 347.0 341.0 343.0 348.0 355.0 4.0 6.0 5.0 359.0 355.0 353.0 355.0 351.0 352.0 358.0 4.0 2.0 0.0 360.0 1.0 348.0 350.0 353.0 26.0 12.0 353.0 330.0 342.0 354.0 29.0 30.0 59.0 54.0 114.0 129.0 143.0 143.0 143.0 197.0 262.0 8.0 355.0 357.0 355.0 343.0 336.0 322.0 174.0 151.0 36.0 4.0 1.0 359.0 353.0 19.0 18.0 47.0 23.0 24.0 35.0 19.0 29.0 20.0 16.0 354.0 351.0 359.0 354.0 352.0 348.0 14.0 8.0 24.0 8.0 20.0 16.0 354.0 6.0 357.0 346.0 348.0 345.0 354.0 339.0 331.0 332.0 352.0 9.0 20.0 29.0 34.0 31.0 20.0 3.0 29.0 25.0 37.0 47.0 23.0 0.0 337.0 334.0 335.0 340.0 344.0 339.0 344.0 340.0 344.0 336.0 340.0 336.0 333.0 337.0 337.0 337.0 334.0 334.0 335.0 333.0 333.0 344.0 346.0 343.0 335.0 341.0 356.0 358.0 2.0 358.0 356.0 6.0 354.0 7.0 14.0 22.0 21.0 8.0 17.0 0.0 14.0 359.0 4.0 30.0 11.0 359.0 11.0 15.0 5.0 356.0 2.0 1.0 33.0 28.0 357.0 7.0 351.0 4.0 30.0 9.0 322.0 24.0 12.0 349.0 353.0 344.0 12.0 8.0 348.0 8.0 342.0 336.0 342.0 318.0 333.0 333.0 328.0 317.0 334.0 325.0 342.0 345.0 342.0 349.0 354.0 1.0 357.0 4.0 18.0 357.0 339.0 324.0 320.0 12.0 352.0 15.0 325.0 343.0 331.0 316.0 318.0 337.0 333.0 345.0 330.0 315.0 338.0 341.0 313.0 345.0 334.0 352.0 338.0 316.0 321.0 327.0 338.0 339.0 343.0 330.0 318.0 339.0 328.0 1.0 336.0 270.0 282.0 334.0 332.0 298.0 342.0 343.0 315.0 286.0 338.0 279.0 318.0 348.0 339.0 335.0 296.0 283.0 314.0 279.0 304.0 320.0 295.0 336.0 329.0 305.0 304.0 298.0 307.0 302.0 294.0 293.0 284.0 321.0 328.0 342.0 155.0 135.0 176.0 236.3819444444445 147.0571718696391
END
#################################################################
SECTION3 (Edges Information)
EndPoint0 EndPoint1 Weight
0 1 1.000000
1 2 1.000000
2 3 1.000000
3 4 1.000000
3 5 1.000000
4 5 1.000000
4 6 1.000000
5 6 1.000000
5 7 1.000000
6 7 1.000000
7 8 1.000000
7 9 1.000000
8 9 1.000000
0 1 1.000000
1 2 1.000000
2 3 1.000000
3 4 1.000000
3 5 1.000000
4 5 1.000000
4 6 1.000000
5 6 1.000000
5 7 1.000000
6 7 1.000000
7 8 1.000000
7 9 1.000000
8 9 1.000000
0 1 1.000000
1 2 1.000000
2 3 1.000000
3 4 1.000000
3 5 1.000000
4 5 1.000000
4 6 1.000000
5 6 1.000000
5 7 1.000000
6 7 1.000000
7 8 1.000000
7 9 1.000000
8 9 1.000000
END
#################################################################
SECTION4 (TrueSubGraph Information)
EndPoint0 EndPoint1 Weight
END
#################################################################
