#################################################################
#APDM Input Graph, this input graph includes 3 sections:
#section1 : general information
#section2 : nodes
#section3 : edges
#section4 : trueSubGraph (Optional)
#
#if nodes haven't information set weight to null
#################################################################
SECTION1 (General Information)
numNodes = 10
numEdges = 39
usedAlgorithm = NULL
dataSource = TransWeatherRealData
END
#################################################################
SECTION2 (Nodes Information)
NodeID windDir  mean  std 
0 124.0 124.0 122.0 112.0 116.0 115.0 124.0 131.0 130.0 131.0 131.0 132.0 137.0 134.0 131.0 130.0 131.0 129.0 132.0 134.0 135.0 135.0 125.0 122.0 128.0 136.0 147.0 160.0 167.0 172.0 164.0 165.0 171.0 172.0 166.0 157.0 157.0 163.0 164.0 162.0 161.0 165.0 167.0 159.0 145.0 141.0 135.0 140.0 167.0 137.0 180.0 180.0 191.0 166.0 155.0 161.0 167.0 179.0 188.0 201.0 195.0 187.0 185.0 183.0 178.0 170.0 182.0 192.0 184.0 174.0 179.0 174.0 173.0 174.0 179.0 178.0 175.0 174.0 175.0 177.0 179.0 184.0 180.0 179.0 181.0 184.0 179.0 179.0 188.0 195.0 197.0 204.0 195.0 189.0 190.0 194.0 192.0 186.0 187.0 188.0 188.0 188.0 185.0 181.0 187.0 187.0 184.0 185.0 188.0 191.0 192.0 195.0 199.0 194.0 190.0 191.0 200.0 201.0 204.0 208.0 208.0 212.0 215.0 217.0 218.0 217.0 218.0 223.0 220.0 220.0 223.0 223.0 223.0 224.0 222.0 221.0 218.0 217.0 218.0 218.0 217.0 218.0 217.0 215.0 213.0 217.0 220.0 222.0 222.0 222.0 224.0 228.0 226.0 227.0 227.0 221.0 222.0 221.0 222.0 222.0 221.0 220.0 222.0 231.0 229.0 226.0 229.0 225.0 219.0 222.0 227.0 239.0 231.0 226.0 221.0 225.0 237.0 230.0 233.0 244.0 233.0 235.0 230.0 231.0 265.0 259.0 250.0 248.0 247.0 245.0 243.0 243.0 243.0 249.0 261.0 261.0 242.0 248.0 235.0 230.0 247.0 263.0 251.0 248.0 245.0 260.0 246.0 249.0 244.0 256.0 243.0 251.0 253.0 266.0 265.0 245.0 240.0 248.0 264.0 242.0 260.0 275.0 240.0 246.0 272.0 284.0 277.0 278.0 260.0 263.0 264.0 260.0 265.0 275.0 263.0 238.0 257.0 269.0 254.0 258.0 261.0 278.0 271.0 282.0 273.0 273.0 265.0 282.0 286.0 269.0 257.0 263.0 274.0 281.0 284.0 279.0 268.0 262.0 262.0 280.0 279.0 269.0 263.0 280.0 277.0 274.0 269.0 268.0 265.0 268.0 271.0 266.0 263.0 262.0 256.0 243.0 231.0 224.0 223.0 223.0 227.0 231.0 239.0 241.0 240.0 241.0 239.0 237.0 212.27430555555546 44.33737185569387
1 274.0 266.0 267.0 248.0 232.0 242.0 281.0 269.0 258.0 271.0 254.0 238.0 229.0 244.0 277.0 259.0 255.0 255.0 274.0 290.0 286.0 287.0 289.0 276.0 212.0 203.0 237.0 254.0 271.0 262.0 253.0 235.0 162.0 149.0 0.0 238.0 238.0 0.0 121.0 163.0 289.0 293.0 295.0 271.0 272.0 284.0 301.0 264.0 0.0 156.0 151.0 137.0 11.0 329.0 297.0 312.0 319.0 314.0 312.0 328.0 349.0 349.0 337.0 315.0 306.0 308.0 288.0 225.0 170.0 152.0 155.0 140.0 187.0 329.0 346.0 336.0 327.0 342.0 337.0 275.0 210.0 181.0 194.0 198.0 123.0 53.0 151.0 344.0 78.0 105.0 111.0 138.0 316.0 19.0 57.0 90.0 301.0 323.0 343.0 345.0 334.0 345.0 336.0 72.0 127.0 134.0 110.0 343.0 343.0 334.0 333.0 330.0 331.0 343.0 320.0 334.0 344.0 338.0 356.0 339.0 355.0 339.0 339.0 346.0 344.0 359.0 345.0 349.0 351.0 347.0 355.0 343.0 1.0 349.0 350.0 349.0 343.0 1.0 1.0 344.0 351.0 348.0 336.0 323.0 351.0 1.0 14.0 355.0 350.0 349.0 125.0 105.0 116.0 148.0 119.0 111.0 115.0 127.0 143.0 133.0 140.0 144.0 147.0 153.0 165.0 188.0 154.0 151.0 140.0 152.0 150.0 158.0 161.0 162.0 162.0 163.0 156.0 160.0 159.0 159.0 158.0 141.0 135.0 351.0 260.0 242.0 246.0 237.0 238.0 232.0 247.0 223.0 267.0 254.0 261.0 239.0 247.0 225.0 273.0 237.0 248.0 228.0 191.0 220.0 227.0 223.0 211.0 199.0 228.0 199.0 249.0 227.0 230.0 227.0 224.0 275.0 259.0 258.0 224.0 215.0 233.0 245.0 210.0 217.0 232.0 247.0 266.0 244.0 215.0 257.0 221.0 259.0 262.0 255.0 282.0 277.0 264.0 246.0 268.0 276.0 258.0 275.0 283.0 286.0 276.0 241.0 231.0 273.0 255.0 257.0 245.0 231.0 258.0 270.0 267.0 282.0 273.0 282.0 270.0 270.0 261.0 223.0 250.0 261.0 258.0 259.0 260.0 255.0 247.0 244.0 243.0 251.0 270.0 316.0 279.0 270.0 267.0 265.0 260.0 262.0 261.0 247.0 314.0 276.0 272.0 276.0 265.0 242.0 240.60763888888886 82.87391588718017
2 154.0 161.0 162.0 161.0 157.0 154.0 129.0 126.0 0.0 85.0 91.0 171.0 194.0 194.0 186.0 179.0 200.0 195.0 189.0 173.0 179.0 192.0 0.0 0.0 0.0 0.0 184.0 183.0 161.0 156.0 163.0 172.0 175.0 178.0 174.0 18.0 19.0 96.0 146.0 126.0 113.0 133.0 13.0 30.0 350.0 235.0 218.0 206.0 174.0 174.0 181.0 187.0 183.0 178.0 180.0 180.0 172.0 176.0 182.0 187.0 188.0 184.0 185.0 185.0 184.0 182.0 176.0 179.0 178.0 180.0 183.0 175.0 177.0 182.0 173.0 168.0 169.0 169.0 173.0 172.0 172.0 178.0 182.0 176.0 174.0 177.0 183.0 194.0 196.0 207.0 312.0 267.0 260.0 218.0 201.0 0.0 0.0 0.0 143.0 141.0 137.0 26.0 36.0 73.0 127.0 158.0 166.0 170.0 172.0 148.0 151.0 160.0 334.0 323.0 145.0 161.0 180.0 168.0 148.0 156.0 160.0 176.0 198.0 180.0 181.0 190.0 187.0 179.0 182.0 181.0 176.0 182.0 178.0 166.0 166.0 170.0 170.0 169.0 164.0 161.0 159.0 159.0 162.0 166.0 179.0 183.0 172.0 162.0 158.0 157.0 155.0 156.0 157.0 165.0 157.0 155.0 162.0 165.0 166.0 170.0 174.0 171.0 165.0 169.0 169.0 166.0 175.0 172.0 155.0 150.0 161.0 162.0 152.0 150.0 150.0 147.0 150.0 153.0 155.0 162.0 161.0 165.0 164.0 162.0 172.0 180.0 173.0 199.0 182.0 215.0 199.0 214.0 213.0 216.0 193.0 229.0 223.0 188.0 198.0 215.0 215.0 216.0 200.0 200.0 202.0 239.0 239.0 224.0 210.0 191.0 188.0 221.0 201.0 197.0 185.0 200.0 191.0 228.0 234.0 205.0 214.0 212.0 206.0 207.0 214.0 214.0 205.0 202.0 199.0 215.0 215.0 215.0 196.0 204.0 197.0 211.0 204.0 203.0 203.0 228.0 241.0 227.0 227.0 224.0 214.0 218.0 218.0 248.0 266.0 267.0 267.0 276.0 268.0 259.0 243.0 257.0 253.0 253.0 253.0 271.0 269.0 265.0 284.0 307.0 295.0 304.0 304.0 295.0 301.0 325.0 327.0 6.0 348.0 352.0 7.0 7.0 358.0 4.0 12.0 4.0 356.0 352.0 250.0 190.0 162.0 171.0 186.0 196.0 181.61111111111097 66.06981959096028
3 106.0 106.0 129.0 144.0 0.0 79.0 80.0 55.0 59.0 74.0 85.0 77.0 80.0 63.0 89.0 102.0 58.0 68.0 75.0 61.0 48.0 47.0 51.0 55.0 56.0 55.0 50.0 67.0 57.0 68.0 48.0 54.0 62.0 74.0 82.0 97.0 113.0 112.0 118.0 125.0 110.0 104.0 89.0 92.0 89.0 6.0 4.0 0.0 0.0 0.0 126.0 129.0 0.0 129.0 96.0 332.0 338.0 0.0 207.0 194.0 193.0 0.0 193.0 0.0 0.0 0.0 0.0 0.0 0.0 0.0 194.0 0.0 193.0 193.0 193.0 149.0 143.0 0.0 0.0 143.0 0.0 16.0 344.0 344.0 348.0 348.0 348.0 349.0 94.0 137.0 0.0 185.0 185.0 186.0 186.0 0.0 116.0 97.0 74.0 0.0 79.0 79.0 152.0 155.0 0.0 152.0 152.0 152.0 152.0 152.0 132.0 121.0 106.0 112.0 128.0 127.0 85.0 109.0 116.0 112.0 98.0 98.0 108.0 104.0 110.0 110.0 84.0 111.0 106.0 100.0 107.0 110.0 102.0 77.0 118.0 110.0 88.0 58.0 47.0 114.0 98.0 72.0 72.0 94.0 93.0 67.0 92.0 115.0 100.0 53.0 82.0 113.0 84.0 52.0 58.0 51.0 59.0 54.0 60.0 73.0 87.0 82.0 80.0 76.0 66.0 54.0 43.0 47.0 50.0 65.0 79.0 103.0 59.0 110.0 188.0 202.0 167.0 174.0 178.0 203.0 192.0 205.0 199.0 180.0 202.0 215.0 241.0 226.0 209.0 217.0 218.0 219.0 195.0 207.0 206.0 186.0 175.0 184.0 211.0 215.0 187.0 178.0 199.0 172.0 189.0 242.0 218.0 208.0 197.0 242.0 253.0 233.0 219.0 193.0 192.0 213.0 213.0 244.0 206.0 222.0 242.0 260.0 236.0 213.0 224.0 243.0 203.0 205.0 216.0 233.0 238.0 233.0 207.0 213.0 235.0 208.0 200.0 203.0 206.0 204.0 207.0 209.0 217.0 204.0 199.0 199.0 212.0 204.0 207.0 199.0 205.0 212.0 209.0 206.0 223.0 212.0 263.0 256.0 257.0 257.0 252.0 268.0 279.0 281.0 281.0 283.0 279.0 306.0 315.0 320.0 328.0 319.0 318.0 289.0 270.0 267.0 264.0 116.0 126.0 127.0 223.0 155.0 137.0 130.0 126.0 199.0 185.0 151.0 144.81944444444454 86.35266421548259
4 154.0 27.0 0.0 0.0 0.0 22.0 23.0 21.0 28.0 21.0 29.0 0.0 0.0 89.0 0.0 89.0 45.0 38.0 19.0 343.0 0.0 0.0 105.0 31.0 239.0 183.0 0.0 183.0 131.0 113.0 83.0 62.0 0.0 0.0 71.0 79.0 75.0 90.0 71.0 84.0 98.0 82.0 75.0 69.0 71.0 64.0 63.0 55.0 51.0 59.0 49.0 58.0 71.0 64.0 74.0 80.0 104.0 77.0 111.0 70.0 49.0 73.0 79.0 66.0 58.0 55.0 0.0 0.0 0.0 0.0 0.0 0.0 0.0 118.0 97.0 69.0 55.0 51.0 51.0 61.0 66.0 67.0 51.0 58.0 37.0 38.0 30.0 39.0 29.0 91.0 0.0 89.0 89.0 0.0 89.0 30.0 29.0 0.0 29.0 47.0 67.0 67.0 53.0 67.0 65.0 66.0 55.0 61.0 68.0 70.0 72.0 71.0 75.0 52.0 61.0 61.0 77.0 92.0 80.0 64.0 55.0 68.0 78.0 71.0 64.0 69.0 81.0 76.0 72.0 75.0 71.0 71.0 59.0 59.0 73.0 96.0 96.0 83.0 76.0 85.0 73.0 67.0 77.0 99.0 126.0 145.0 138.0 139.0 153.0 172.0 166.0 164.0 158.0 145.0 130.0 137.0 133.0 135.0 136.0 136.0 132.0 125.0 126.0 136.0 133.0 124.0 147.0 143.0 135.0 143.0 145.0 148.0 153.0 146.0 126.0 128.0 133.0 131.0 129.0 120.0 124.0 125.0 133.0 137.0 135.0 143.0 125.0 135.0 130.0 140.0 174.0 171.0 166.0 157.0 159.0 160.0 165.0 174.0 170.0 165.0 156.0 161.0 165.0 160.0 153.0 174.0 170.0 160.0 164.0 160.0 190.0 158.0 181.0 159.0 142.0 144.0 129.0 162.0 140.0 146.0 164.0 170.0 162.0 166.0 157.0 160.0 185.0 206.0 164.0 192.0 193.0 190.0 207.0 198.0 196.0 190.0 202.0 152.0 170.0 215.0 239.0 226.0 283.0 273.0 280.0 277.0 257.0 236.0 240.0 245.0 259.0 278.0 295.0 279.0 292.0 297.0 302.0 316.0 330.0 354.0 344.0 348.0 14.0 8.0 9.0 9.0 2.0 9.0 7.0 10.0 6.0 7.0 356.0 9.0 5.0 22.0 358.0 349.0 64.0 30.0 64.0 15.0 53.0 326.0 213.0 67.0 46.0 0.0 111.27083333333346 82.67043160238154
5 260.0 260.0 260.0 260.0 260.0 260.0 260.0 0.0 260.0 260.0 0.0 0.0 260.0 0.0 260.0 260.0 260.0 260.0 260.0 260.0 260.0 260.0 0.0 260.0 260.0 260.0 260.0 260.0 260.0 260.0 0.0 260.0 260.0 260.0 114.0 95.0 81.0 82.0 0.0 83.0 254.0 232.0 181.0 114.0 99.0 99.0 87.0 0.0 74.0 163.0 165.0 175.0 151.0 144.0 141.0 138.0 0.0 43.0 349.0 337.0 337.0 93.0 99.0 92.0 162.0 162.0 153.0 157.0 178.0 183.0 184.0 0.0 0.0 0.0 215.0 0.0 77.0 84.0 105.0 129.0 132.0 145.0 137.0 143.0 122.0 88.0 124.0 116.0 121.0 131.0 147.0 147.0 147.0 0.0 0.0 70.0 26.0 359.0 45.0 250.0 287.0 311.0 358.0 5.0 352.0 17.0 49.0 53.0 26.0 282.0 78.0 86.0 97.0 152.0 0.0 0.0 0.0 147.0 155.0 154.0 158.0 153.0 140.0 137.0 132.0 126.0 89.0 76.0 87.0 116.0 112.0 95.0 84.0 104.0 99.0 83.0 66.0 62.0 92.0 94.0 87.0 84.0 96.0 126.0 110.0 105.0 102.0 124.0 112.0 120.0 118.0 107.0 108.0 101.0 100.0 116.0 112.0 121.0 116.0 119.0 107.0 108.0 108.0 93.0 94.0 96.0 97.0 95.0 94.0 92.0 99.0 87.0 92.0 102.0 105.0 105.0 97.0 109.0 94.0 109.0 120.0 103.0 80.0 100.0 86.0 80.0 92.0 93.0 99.0 82.0 95.0 106.0 109.0 92.0 82.0 88.0 77.0 49.0 61.0 53.0 60.0 81.0 62.0 80.0 67.0 66.0 61.0 80.0 62.0 64.0 113.0 188.0 187.0 198.0 196.0 205.0 224.0 216.0 218.0 224.0 226.0 220.0 231.0 247.0 243.0 246.0 241.0 248.0 241.0 229.0 233.0 231.0 227.0 224.0 231.0 229.0 223.0 219.0 227.0 221.0 237.0 226.0 218.0 213.0 221.0 220.0 218.0 211.0 215.0 223.0 216.0 227.0 211.0 224.0 227.0 239.0 236.0 222.0 219.0 207.0 206.0 215.0 203.0 214.0 213.0 221.0 238.0 249.0 264.0 276.0 275.0 276.0 276.0 276.0 276.0 276.0 283.0 287.0 287.0 287.0 287.0 287.0 305.0 310.0 327.0 305.0 283.0 274.0 157.51388888888897 88.32743060943342
6 252.0 266.0 270.0 0.0 0.0 0.0 0.0 0.0 95.0 86.0 91.0 107.0 96.0 124.0 129.0 147.0 0.0 0.0 83.0 0.0 201.0 186.0 86.0 108.0 140.0 0.0 0.0 104.0 129.0 73.0 81.0 97.0 0.0 0.0 0.0 0.0 101.0 110.0 84.0 85.0 83.0 91.0 114.0 101.0 104.0 104.0 98.0 103.0 104.0 100.0 93.0 86.0 49.0 65.0 81.0 68.0 82.0 96.0 94.0 80.0 68.0 87.0 100.0 109.0 109.0 107.0 92.0 42.0 43.0 358.0 330.0 297.0 5.0 46.0 63.0 113.0 49.0 103.0 119.0 81.0 0.0 103.0 88.0 130.0 92.0 87.0 81.0 94.0 93.0 130.0 49.0 36.0 27.0 38.0 73.0 89.0 96.0 99.0 95.0 105.0 122.0 0.0 0.0 14.0 114.0 128.0 82.0 73.0 64.0 48.0 27.0 51.0 69.0 79.0 82.0 92.0 82.0 58.0 41.0 20.0 3.0 351.0 345.0 343.0 354.0 320.0 337.0 356.0 5.0 44.0 7.0 53.0 188.0 196.0 175.0 154.0 45.0 83.0 76.0 64.0 89.0 102.0 130.0 169.0 230.0 301.0 341.0 10.0 20.0 19.0 29.0 39.0 52.0 74.0 78.0 79.0 75.0 84.0 88.0 86.0 82.0 94.0 89.0 82.0 101.0 104.0 106.0 107.0 108.0 152.0 167.0 143.0 177.0 177.0 176.0 191.0 188.0 179.0 175.0 179.0 177.0 169.0 176.0 177.0 184.0 179.0 199.0 185.0 170.0 170.0 190.0 176.0 184.0 177.0 198.0 192.0 176.0 204.0 193.0 169.0 162.0 201.0 213.0 206.0 192.0 209.0 207.0 175.0 186.0 197.0 189.0 207.0 177.0 184.0 178.0 175.0 188.0 182.0 183.0 188.0 195.0 195.0 199.0 188.0 180.0 175.0 180.0 180.0 175.0 195.0 191.0 189.0 184.0 198.0 199.0 172.0 181.0 192.0 178.0 197.0 200.0 178.0 192.0 188.0 192.0 197.0 192.0 190.0 201.0 211.0 208.0 205.0 203.0 210.0 202.0 207.0 210.0 212.0 214.0 218.0 211.0 211.0 228.0 216.0 224.0 231.0 233.0 223.0 225.0 242.0 244.0 226.0 208.0 191.0 196.0 188.0 191.0 192.0 195.0 195.0 199.0 192.0 185.0 184.0 191.0 191.0 176.0 165.0 137.63888888888903 79.14659015558347
7 149.0 150.0 155.0 155.0 160.0 169.0 174.0 175.0 184.0 173.0 166.0 174.0 202.0 184.0 214.0 202.0 182.0 166.0 225.0 225.0 233.0 232.0 229.0 243.0 226.0 251.0 228.0 203.0 185.0 172.0 189.0 210.0 215.0 210.0 210.0 211.0 192.0 183.0 168.0 0.0 139.0 51.0 58.0 131.0 189.0 191.0 206.0 205.0 186.0 138.0 86.0 125.0 131.0 198.0 186.0 159.0 175.0 170.0 185.0 181.0 19.0 352.0 344.0 346.0 344.0 220.0 216.0 213.0 176.0 194.0 200.0 179.0 210.0 198.0 204.0 212.0 218.0 205.0 176.0 164.0 0.0 164.0 265.0 215.0 162.0 149.0 151.0 142.0 171.0 133.0 34.0 95.0 151.0 151.0 152.0 0.0 151.0 158.0 171.0 180.0 184.0 168.0 226.0 222.0 202.0 186.0 185.0 0.0 48.0 0.0 162.0 0.0 249.0 224.0 210.0 179.0 172.0 172.0 0.0 253.0 240.0 229.0 249.0 246.0 206.0 192.0 215.0 213.0 227.0 185.0 152.0 143.0 124.0 62.0 69.0 351.0 324.0 351.0 22.0 28.0 0.0 350.0 332.0 330.0 320.0 115.0 150.0 173.0 186.0 184.0 211.0 217.0 206.0 226.0 236.0 231.0 214.0 198.0 225.0 219.0 213.0 215.0 185.0 204.0 203.0 198.0 204.0 168.0 249.0 46.0 54.0 161.0 151.0 148.0 41.0 28.0 117.0 60.0 88.0 125.0 135.0 32.0 17.0 353.0 346.0 357.0 357.0 358.0 351.0 342.0 359.0 4.0 360.0 20.0 11.0 56.0 70.0 62.0 40.0 65.0 52.0 25.0 38.0 44.0 16.0 36.0 66.0 66.0 53.0 45.0 66.0 55.0 45.0 15.0 39.0 20.0 31.0 29.0 46.0 78.0 59.0 56.0 65.0 65.0 59.0 60.0 69.0 43.0 45.0 24.0 39.0 40.0 34.0 50.0 42.0 38.0 53.0 72.0 38.0 8.0 22.0 10.0 35.0 49.0 6.0 46.0 43.0 356.0 89.0 83.0 57.0 80.0 80.0 73.0 96.0 98.0 113.0 99.0 84.0 73.0 89.0 83.0 84.0 95.0 118.0 118.0 104.0 118.0 74.0 335.0 0.0 0.0 220.0 178.0 172.0 178.0 160.0 159.0 146.0 149.0 151.0 249.0 271.0 179.0 151.0 160.0 172.0 181.0 149.670138888889 91.70057438282991
8 232.0 216.0 245.0 269.0 297.0 297.0 307.0 291.0 281.0 340.0 357.0 306.0 226.0 239.0 332.0 324.0 339.0 303.0 278.0 294.0 235.0 234.0 258.0 314.0 324.0 5.0 63.0 79.0 44.0 50.0 192.0 0.0 269.0 292.0 314.0 251.0 257.0 256.0 10.0 0.0 51.0 51.0 304.0 285.0 283.0 241.0 272.0 305.0 305.0 319.0 329.0 327.0 35.0 61.0 61.0 0.0 282.0 315.0 269.0 7.0 15.0 293.0 280.0 268.0 239.0 340.0 337.0 270.0 253.0 258.0 231.0 258.0 270.0 320.0 316.0 31.0 35.0 27.0 55.0 57.0 57.0 0.0 0.0 0.0 261.0 246.0 0.0 0.0 315.0 283.0 41.0 104.0 0.0 0.0 94.0 302.0 317.0 203.0 291.0 15.0 87.0 307.0 297.0 318.0 327.0 16.0 2.0 321.0 306.0 275.0 255.0 258.0 255.0 305.0 4.0 0.0 50.0 50.0 45.0 28.0 54.0 48.0 29.0 21.0 15.0 14.0 14.0 0.0 0.0 0.0 0.0 0.0 13.0 14.0 245.0 233.0 233.0 233.0 0.0 210.0 209.0 0.0 0.0 90.0 77.0 55.0 44.0 66.0 65.0 89.0 47.0 67.0 100.0 96.0 73.0 43.0 56.0 50.0 58.0 46.0 28.0 69.0 45.0 46.0 29.0 40.0 32.0 61.0 64.0 38.0 58.0 109.0 49.0 96.0 77.0 57.0 38.0 69.0 56.0 68.0 69.0 64.0 49.0 60.0 64.0 55.0 69.0 52.0 53.0 65.0 79.0 56.0 46.0 64.0 79.0 52.0 65.0 61.0 64.0 66.0 59.0 83.0 54.0 59.0 62.0 80.0 56.0 87.0 71.0 35.0 69.0 85.0 41.0 61.0 79.0 46.0 46.0 53.0 62.0 56.0 80.0 15.0 57.0 71.0 63.0 58.0 46.0 64.0 120.0 102.0 137.0 141.0 102.0 83.0 195.0 221.0 224.0 197.0 185.0 191.0 205.0 227.0 219.0 209.0 231.0 207.0 240.0 229.0 220.0 212.0 226.0 232.0 250.0 241.0 253.0 252.0 227.0 273.0 253.0 255.0 243.0 229.0 231.0 232.0 243.0 239.0 243.0 256.0 255.0 267.0 261.0 247.0 252.0 260.0 264.0 233.0 243.0 239.0 234.0 227.0 226.0 310.0 323.0 336.0 346.0 329.0 295.0 259.0 153.3229166666666 114.1459266642566
9 54.0 13.0 44.0 23.0 355.0 1.0 161.0 199.0 229.0 75.0 49.0 22.0 0.0 0.0 0.0 7.0 199.0 251.0 250.0 250.0 50.0 20.0 39.0 14.0 349.0 349.0 8.0 9.0 20.0 19.0 12.0 27.0 21.0 14.0 351.0 9.0 41.0 43.0 53.0 53.0 137.0 156.0 199.0 192.0 186.0 200.0 44.0 43.0 39.0 355.0 296.0 186.0 163.0 167.0 171.0 0.0 85.0 43.0 32.0 35.0 23.0 17.0 26.0 26.0 45.0 18.0 353.0 353.0 353.0 354.0 354.0 353.0 353.0 346.0 356.0 20.0 352.0 12.0 30.0 180.0 253.0 150.0 60.0 5.0 355.0 346.0 332.0 332.0 159.0 145.0 145.0 0.0 0.0 9.0 33.0 39.0 359.0 7.0 327.0 344.0 347.0 347.0 347.0 347.0 347.0 347.0 347.0 347.0 352.0 24.0 4.0 2.0 13.0 12.0 265.0 260.0 268.0 73.0 64.0 31.0 40.0 332.0 331.0 358.0 0.0 0.0 0.0 0.0 0.0 0.0 0.0 0.0 0.0 0.0 0.0 0.0 0.0 26.0 358.0 3.0 9.0 30.0 8.0 6.0 5.0 0.0 0.0 14.0 0.0 0.0 30.0 46.0 29.0 30.0 28.0 29.0 26.0 10.0 354.0 197.0 153.0 137.0 137.0 82.0 85.0 82.0 323.0 211.0 20.0 357.0 165.0 162.0 162.0 277.0 266.0 266.0 6.0 327.0 352.0 98.0 100.0 121.0 163.0 129.0 205.0 176.0 188.0 178.0 227.0 290.0 292.0 308.0 262.0 240.0 222.0 237.0 254.0 210.0 229.0 216.0 277.0 198.0 226.0 187.0 196.0 255.0 263.0 263.0 274.0 245.0 274.0 259.0 253.0 218.0 268.0 275.0 254.0 233.0 242.0 225.0 231.0 229.0 244.0 237.0 224.0 239.0 261.0 271.0 251.0 234.0 272.0 271.0 299.0 270.0 306.0 315.0 280.0 279.0 293.0 289.0 295.0 303.0 274.0 279.0 322.0 329.0 273.0 245.0 253.0 256.0 238.0 233.0 233.0 218.0 221.0 223.0 214.0 220.0 230.0 213.0 205.0 199.0 188.0 166.0 166.0 0.0 0.0 0.0 164.0 164.0 0.0 0.0 164.0 186.0 173.0 0.0 0.0 175.0 175.0 48.0 44.0 44.0 45.0 44.0 44.0 44.0 44.0 146.0 159.63194444444454 125.30218506581868
END
#################################################################
SECTION3 (Edges Information)
EndPoint0 EndPoint1 Weight
0 1 1.000000
1 2 1.000000
2 3 1.000000
3 4 1.000000
3 5 1.000000
4 5 1.000000
4 6 1.000000
5 6 1.000000
5 7 1.000000
6 7 1.000000
7 8 1.000000
7 9 1.000000
8 9 1.000000
0 1 1.000000
1 2 1.000000
2 3 1.000000
3 4 1.000000
3 5 1.000000
4 5 1.000000
4 6 1.000000
5 6 1.000000
5 7 1.000000
6 7 1.000000
7 8 1.000000
7 9 1.000000
8 9 1.000000
0 1 1.000000
1 2 1.000000
2 3 1.000000
3 4 1.000000
3 5 1.000000
4 5 1.000000
4 6 1.000000
5 6 1.000000
5 7 1.000000
6 7 1.000000
7 8 1.000000
7 9 1.000000
8 9 1.000000
END
#################################################################
SECTION4 (TrueSubGraph Information)
EndPoint0 EndPoint1 Weight
END
#################################################################
