#################################################################
#APDM Input Graph, this input graph includes 3 sections:
#section1 : general information
#section2 : nodes
#section3 : edges
#section4 : trueSubGraph (Optional)
#
#if nodes haven't information set weight to null
#################################################################
SECTION1 (General Information)
numNodes = 10
numEdges = 65
usedAlgorithm = NULL
dataSource = TransWeatherRealData
END
#################################################################
SECTION2 (Nodes Information)
NodeID windDir  mean  std 
0 155.0 158.0 161.0 162.0 162.0 163.0 162.0 160.0 161.0 159.0 158.0 161.0 163.0 159.0 160.0 158.0 165.0 160.0 161.0 159.0 158.0 159.0 161.0 158.0 164.0 160.0 164.0 163.0 166.0 163.0 159.0 167.0 166.0 167.0 164.0 157.0 160.0 157.0 165.0 158.0 160.0 160.0 163.0 164.0 165.0 164.0 167.0 167.0 166.0 163.0 166.0 166.0 162.0 161.0 163.0 165.0 169.0 180.0 176.0 185.0 185.0 174.0 177.0 175.0 193.0 198.0 186.0 180.0 173.0 171.0 165.0 167.0 168.0 166.0 156.0 133.0 126.0 146.0 141.0 139.0 139.0 144.0 135.0 128.0 134.0 144.0 144.0 144.0 152.0 147.0 144.0 147.0 150.0 151.0 158.0 152.0 152.0 158.0 152.0 155.0 155.0 151.0 156.0 152.0 160.0 164.0 162.0 162.0 158.0 156.0 156.0 159.0 169.0 166.0 168.0 166.0 169.0 169.0 166.0 167.0 160.0 159.0 157.0 164.0 164.0 168.0 164.0 150.0 133.0 130.0 102.0 97.0 97.0 98.0 0.0 97.0 93.0 41.0 40.0 40.0 46.0 38.0 41.0 37.0 39.0 46.0 37.0 56.0 54.0 49.0 57.0 50.0 52.0 55.0 61.0 59.0 56.0 54.0 50.0 51.0 53.0 59.0 64.0 68.0 67.0 67.0 67.0 74.0 80.0 96.0 107.0 114.0 111.0 119.0 170.0 135.0 176.0 174.0 197.0 220.0 198.0 199.0 247.0 270.0 273.0 263.0 263.0 251.0 247.0 257.0 254.0 264.0 258.0 260.0 258.0 264.0 261.0 269.0 266.0 271.0 272.0 283.0 272.0 273.0 267.0 269.0 271.0 273.0 267.0 269.0 267.0 272.0 266.0 260.0 266.0 276.0 280.0 280.0 278.0 278.0 267.0 277.0 276.0 270.0 282.0 291.0 291.0 305.0 308.0 299.0 304.0 306.0 310.0 318.0 329.0 321.0 318.0 319.0 317.0 310.0 310.0 324.0 329.0 322.0 318.0 314.0 312.0 305.0 310.0 305.0 306.0 305.0 300.0 292.0 300.0 302.0 302.0 294.0 283.0 298.0 303.0 305.0 297.0 295.0 298.0 289.0 292.0 288.0 283.0 270.0 273.0 279.0 293.0 288.0 282.0 283.0 284.0 289.0 293.0 294.0 293.0 293.0 287.0 285.0 288.0 303.0 300.0 298.0 192.78125 81.25786413295317
1 174.0 176.0 173.0 179.0 176.0 173.0 171.0 165.0 169.0 168.0 169.0 165.0 170.0 167.0 171.0 164.0 168.0 167.0 170.0 162.0 159.0 169.0 171.0 170.0 171.0 173.0 179.0 176.0 176.0 169.0 168.0 166.0 168.0 165.0 170.0 172.0 168.0 169.0 167.0 167.0 168.0 162.0 159.0 156.0 160.0 158.0 157.0 153.0 153.0 152.0 150.0 161.0 167.0 164.0 156.0 155.0 155.0 162.0 166.0 171.0 180.0 183.0 161.0 155.0 151.0 163.0 173.0 166.0 168.0 166.0 168.0 175.0 161.0 163.0 157.0 152.0 153.0 159.0 154.0 163.0 160.0 160.0 165.0 171.0 159.0 152.0 161.0 160.0 165.0 163.0 169.0 169.0 177.0 179.0 184.0 177.0 173.0 173.0 168.0 169.0 164.0 168.0 170.0 157.0 164.0 179.0 176.0 169.0 164.0 168.0 174.0 174.0 175.0 173.0 167.0 165.0 170.0 163.0 160.0 160.0 162.0 167.0 168.0 154.0 154.0 158.0 168.0 165.0 147.0 154.0 155.0 160.0 163.0 157.0 156.0 157.0 162.0 161.0 158.0 145.0 134.0 142.0 152.0 152.0 152.0 132.0 134.0 144.0 154.0 153.0 146.0 151.0 135.0 142.0 155.0 173.0 171.0 175.0 165.0 173.0 173.0 171.0 171.0 170.0 162.0 151.0 159.0 157.0 158.0 164.0 167.0 159.0 147.0 151.0 143.0 155.0 165.0 168.0 164.0 158.0 163.0 166.0 166.0 152.0 146.0 154.0 172.0 156.0 148.0 156.0 174.0 163.0 163.0 169.0 167.0 167.0 176.0 149.0 146.0 133.0 129.0 126.0 123.0 127.0 153.0 199.0 297.0 268.0 224.0 176.0 166.0 134.0 129.0 101.0 95.0 22.0 21.0 72.0 80.0 114.0 135.0 117.0 138.0 129.0 148.0 152.0 155.0 104.0 162.0 146.0 129.0 149.0 179.0 327.0 316.0 305.0 308.0 301.0 293.0 303.0 292.0 307.0 297.0 295.0 286.0 299.0 292.0 311.0 296.0 284.0 293.0 296.0 292.0 285.0 289.0 293.0 291.0 313.0 308.0 299.0 291.0 307.0 332.0 324.0 316.0 307.0 298.0 302.0 299.0 304.0 311.0 324.0 334.0 332.0 340.0 337.0 353.0 340.0 332.0 332.0 324.0 319.0 318.0 330.0 337.0 342.0 349.0 344.0 188.58680555555546 64.27938338562316
2 154.0 155.0 157.0 157.0 158.0 156.0 156.0 157.0 159.0 159.0 157.0 158.0 156.0 156.0 156.0 153.0 157.0 155.0 155.0 158.0 159.0 158.0 161.0 159.0 161.0 157.0 158.0 159.0 156.0 160.0 156.0 155.0 150.0 153.0 154.0 152.0 153.0 155.0 152.0 159.0 160.0 162.0 166.0 162.0 163.0 159.0 157.0 157.0 157.0 156.0 151.0 150.0 153.0 157.0 154.0 160.0 156.0 157.0 155.0 153.0 154.0 154.0 155.0 164.0 160.0 160.0 159.0 153.0 145.0 142.0 143.0 144.0 140.0 150.0 160.0 164.0 169.0 159.0 154.0 154.0 143.0 143.0 151.0 157.0 152.0 153.0 153.0 144.0 146.0 147.0 145.0 151.0 155.0 149.0 149.0 161.0 156.0 154.0 154.0 150.0 153.0 153.0 152.0 152.0 146.0 149.0 150.0 153.0 150.0 154.0 149.0 151.0 151.0 148.0 150.0 154.0 149.0 152.0 153.0 154.0 157.0 156.0 160.0 157.0 160.0 157.0 154.0 152.0 151.0 147.0 149.0 154.0 152.0 150.0 152.0 152.0 153.0 153.0 157.0 153.0 151.0 151.0 148.0 151.0 148.0 149.0 146.0 146.0 150.0 150.0 149.0 150.0 158.0 155.0 158.0 162.0 162.0 157.0 162.0 162.0 163.0 160.0 160.0 158.0 166.0 162.0 163.0 162.0 167.0 164.0 159.0 163.0 160.0 161.0 159.0 156.0 152.0 158.0 160.0 159.0 163.0 158.0 161.0 161.0 158.0 164.0 162.0 163.0 158.0 163.0 164.0 160.0 153.0 156.0 167.0 163.0 157.0 156.0 161.0 158.0 153.0 168.0 158.0 167.0 173.0 176.0 174.0 164.0 164.0 149.0 154.0 169.0 183.0 183.0 184.0 196.0 197.0 183.0 190.0 206.0 203.0 197.0 194.0 196.0 189.0 186.0 187.0 178.0 168.0 181.0 182.0 179.0 176.0 186.0 181.0 181.0 197.0 195.0 190.0 207.0 218.0 215.0 238.0 225.0 222.0 216.0 231.0 232.0 233.0 224.0 206.0 197.0 222.0 281.0 1.0 15.0 62.0 30.0 333.0 331.0 309.0 311.0 311.0 293.0 309.0 310.0 317.0 324.0 332.0 343.0 350.0 16.0 355.0 350.0 14.0 7.0 297.0 282.0 275.0 288.0 293.0 84.0 319.0 323.0 306.0 237.0 239.0 249.0 172.5625 52.40996510692133
3 111.0 107.0 101.0 98.0 93.0 94.0 104.0 106.0 111.0 107.0 86.0 89.0 101.0 106.0 110.0 125.0 119.0 119.0 117.0 119.0 120.0 121.0 125.0 97.0 79.0 95.0 87.0 107.0 103.0 110.0 120.0 118.0 121.0 118.0 134.0 126.0 120.0 94.0 45.0 48.0 49.0 47.0 49.0 60.0 52.0 61.0 68.0 55.0 63.0 61.0 55.0 51.0 59.0 73.0 79.0 72.0 59.0 61.0 63.0 65.0 65.0 69.0 67.0 59.0 57.0 55.0 68.0 67.0 80.0 88.0 60.0 47.0 50.0 64.0 69.0 70.0 74.0 81.0 76.0 65.0 65.0 73.0 65.0 63.0 75.0 58.0 77.0 80.0 81.0 68.0 27.0 66.0 56.0 54.0 80.0 78.0 74.0 70.0 66.0 55.0 48.0 51.0 47.0 45.0 47.0 56.0 59.0 61.0 67.0 75.0 84.0 71.0 79.0 70.0 71.0 76.0 90.0 103.0 55.0 53.0 46.0 68.0 66.0 42.0 71.0 79.0 75.0 78.0 84.0 90.0 86.0 80.0 86.0 87.0 91.0 83.0 71.0 67.0 61.0 78.0 112.0 97.0 92.0 79.0 89.0 93.0 86.0 72.0 71.0 71.0 61.0 56.0 66.0 58.0 64.0 69.0 52.0 67.0 76.0 83.0 83.0 84.0 75.0 57.0 61.0 59.0 62.0 57.0 70.0 70.0 84.0 81.0 78.0 77.0 86.0 73.0 56.0 46.0 47.0 77.0 74.0 81.0 58.0 43.0 51.0 74.0 60.0 61.0 45.0 55.0 51.0 56.0 59.0 54.0 52.0 52.0 72.0 84.0 84.0 82.0 78.0 75.0 64.0 55.0 51.0 51.0 91.0 70.0 38.0 33.0 351.0 8.0 4.0 7.0 38.0 40.0 61.0 62.0 102.0 79.0 51.0 49.0 13.0 10.0 7.0 357.0 341.0 236.0 327.0 255.0 313.0 305.0 338.0 311.0 338.0 334.0 141.0 356.0 330.0 334.0 343.0 8.0 358.0 349.0 331.0 359.0 0.0 9.0 6.0 331.0 340.0 307.0 258.0 256.0 261.0 276.0 275.0 272.0 278.0 292.0 344.0 353.0 7.0 353.0 10.0 3.0 0.0 0.0 0.0 290.0 276.0 269.0 287.0 291.0 291.0 288.0 291.0 45.0 53.0 53.0 0.0 0.0 0.0 53.0 53.0 56.0 55.0 48.0 103.46875 90.50265591324884
4 109.0 105.0 107.0 106.0 110.0 105.0 112.0 110.0 111.0 111.0 112.0 111.0 110.0 113.0 110.0 113.0 106.0 115.0 109.0 110.0 107.0 109.0 109.0 112.0 113.0 105.0 105.0 105.0 110.0 107.0 107.0 115.0 115.0 112.0 108.0 111.0 107.0 108.0 110.0 110.0 113.0 117.0 111.0 112.0 114.0 110.0 107.0 111.0 111.0 106.0 110.0 109.0 116.0 107.0 115.0 102.0 110.0 108.0 110.0 109.0 112.0 114.0 114.0 108.0 108.0 107.0 103.0 106.0 109.0 108.0 112.0 112.0 113.0 112.0 115.0 121.0 115.0 114.0 106.0 108.0 111.0 105.0 110.0 107.0 107.0 112.0 106.0 112.0 109.0 111.0 109.0 111.0 111.0 113.0 111.0 113.0 108.0 114.0 109.0 108.0 108.0 117.0 111.0 116.0 115.0 114.0 109.0 109.0 113.0 112.0 107.0 109.0 118.0 113.0 111.0 107.0 109.0 113.0 111.0 110.0 110.0 113.0 103.0 107.0 107.0 109.0 109.0 109.0 113.0 114.0 117.0 111.0 115.0 120.0 115.0 115.0 118.0 111.0 113.0 112.0 112.0 101.0 106.0 107.0 103.0 107.0 101.0 103.0 110.0 109.0 105.0 101.0 102.0 96.0 109.0 109.0 108.0 103.0 115.0 115.0 110.0 108.0 110.0 110.0 113.0 102.0 112.0 107.0 106.0 103.0 112.0 107.0 111.0 103.0 107.0 104.0 114.0 110.0 107.0 115.0 102.0 113.0 102.0 97.0 93.0 101.0 119.0 118.0 114.0 123.0 111.0 123.0 98.0 109.0 114.0 124.0 115.0 131.0 129.0 111.0 108.0 135.0 128.0 131.0 135.0 123.0 116.0 101.0 108.0 125.0 136.0 137.0 136.0 125.0 125.0 111.0 113.0 141.0 130.0 94.0 112.0 130.0 140.0 130.0 125.0 127.0 117.0 152.0 164.0 148.0 145.0 178.0 185.0 234.0 148.0 132.0 133.0 133.0 118.0 88.0 70.0 90.0 95.0 93.0 103.0 100.0 120.0 86.0 131.0 170.0 240.0 256.0 123.0 115.0 109.0 110.0 85.0 59.0 332.0 332.0 26.0 65.0 72.0 0.0 350.0 350.0 351.0 351.0 351.0 36.0 43.0 42.0 0.0 314.0 313.0 313.0 313.0 313.0 313.0 313.0 243.0 233.0 233.0 233.0 0.0 0.0 0.0 0.0 122.57638888888893 55.7418864721309
5 98.0 94.0 96.0 99.0 102.0 95.0 96.0 98.0 97.0 96.0 92.0 90.0 92.0 97.0 95.0 93.0 90.0 91.0 89.0 86.0 89.0 93.0 94.0 93.0 93.0 95.0 97.0 96.0 98.0 96.0 98.0 98.0 99.0 99.0 94.0 94.0 96.0 95.0 95.0 98.0 101.0 97.0 99.0 98.0 96.0 94.0 91.0 88.0 92.0 90.0 92.0 92.0 90.0 88.0 89.0 92.0 95.0 94.0 95.0 95.0 91.0 92.0 92.0 90.0 93.0 89.0 88.0 89.0 92.0 89.0 89.0 91.0 96.0 96.0 95.0 97.0 96.0 100.0 100.0 97.0 97.0 96.0 94.0 92.0 90.0 92.0 89.0 91.0 93.0 94.0 98.0 97.0 96.0 96.0 96.0 95.0 93.0 98.0 99.0 92.0 94.0 96.0 97.0 97.0 97.0 98.0 99.0 94.0 98.0 97.0 98.0 99.0 100.0 102.0 102.0 109.0 107.0 110.0 103.0 103.0 100.0 103.0 102.0 96.0 93.0 90.0 93.0 93.0 90.0 91.0 94.0 96.0 94.0 92.0 91.0 99.0 95.0 96.0 97.0 92.0 88.0 97.0 93.0 88.0 93.0 95.0 90.0 90.0 88.0 90.0 88.0 87.0 93.0 99.0 92.0 96.0 95.0 90.0 91.0 91.0 88.0 95.0 97.0 97.0 93.0 94.0 92.0 95.0 98.0 97.0 96.0 92.0 91.0 99.0 96.0 94.0 96.0 99.0 86.0 83.0 88.0 80.0 83.0 84.0 90.0 89.0 92.0 87.0 84.0 88.0 85.0 90.0 88.0 90.0 91.0 87.0 95.0 88.0 91.0 88.0 97.0 92.0 89.0 87.0 89.0 80.0 83.0 81.0 93.0 93.0 85.0 86.0 96.0 78.0 84.0 93.0 87.0 87.0 88.0 82.0 88.0 74.0 85.0 80.0 74.0 66.0 74.0 70.0 65.0 71.0 71.0 84.0 80.0 85.0 82.0 79.0 76.0 76.0 78.0 85.0 89.0 91.0 92.0 89.0 88.0 101.0 91.0 94.0 99.0 92.0 99.0 93.0 89.0 89.0 90.0 87.0 71.0 53.0 61.0 63.0 52.0 29.0 337.0 357.0 8.0 24.0 42.0 53.0 46.0 22.0 25.0 39.0 36.0 25.0 360.0 0.0 3.0 7.0 7.0 7.0 292.0 292.0 292.0 292.0 292.0 292.0 292.0 292.0 95.86805555555556 46.25979455987285
6 112.0 111.0 106.0 116.0 115.0 110.0 111.0 106.0 106.0 110.0 114.0 109.0 110.0 119.0 121.0 119.0 123.0 131.0 128.0 119.0 119.0 125.0 113.0 115.0 115.0 120.0 124.0 124.0 125.0 128.0 120.0 123.0 123.0 121.0 129.0 117.0 119.0 111.0 117.0 113.0 118.0 121.0 122.0 121.0 126.0 135.0 147.0 122.0 131.0 128.0 128.0 125.0 124.0 123.0 132.0 125.0 123.0 117.0 114.0 131.0 131.0 129.0 130.0 123.0 126.0 128.0 135.0 138.0 133.0 127.0 113.0 130.0 115.0 127.0 129.0 132.0 118.0 125.0 131.0 140.0 132.0 133.0 120.0 139.0 133.0 142.0 138.0 132.0 129.0 147.0 147.0 127.0 134.0 124.0 118.0 129.0 117.0 123.0 122.0 142.0 111.0 127.0 115.0 124.0 109.0 126.0 131.0 131.0 129.0 113.0 118.0 137.0 115.0 119.0 135.0 125.0 114.0 125.0 159.0 156.0 143.0 130.0 110.0 120.0 122.0 122.0 131.0 115.0 115.0 123.0 113.0 118.0 109.0 125.0 132.0 118.0 118.0 121.0 119.0 131.0 120.0 111.0 121.0 112.0 110.0 114.0 111.0 117.0 120.0 111.0 127.0 117.0 116.0 111.0 103.0 100.0 104.0 104.0 106.0 113.0 106.0 112.0 120.0 116.0 106.0 124.0 121.0 112.0 117.0 114.0 112.0 106.0 110.0 114.0 111.0 109.0 128.0 119.0 121.0 111.0 111.0 112.0 105.0 114.0 117.0 109.0 108.0 107.0 104.0 121.0 142.0 126.0 111.0 145.0 154.0 149.0 131.0 122.0 160.0 128.0 133.0 130.0 128.0 124.0 140.0 114.0 112.0 134.0 136.0 110.0 110.0 117.0 104.0 109.0 105.0 106.0 102.0 104.0 109.0 142.0 161.0 125.0 122.0 127.0 143.0 162.0 180.0 165.0 168.0 167.0 175.0 173.0 172.0 178.0 174.0 178.0 148.0 95.0 98.0 90.0 99.0 98.0 110.0 100.0 100.0 94.0 127.0 112.0 158.0 178.0 175.0 176.0 183.0 193.0 204.0 180.0 149.0 169.0 180.0 192.0 197.0 174.0 188.0 193.0 196.0 204.0 212.0 208.0 197.0 198.0 194.0 192.0 224.0 235.0 206.0 172.0 162.0 186.0 264.0 0.0 325.0 325.0 325.0 265.0 260.0 252.0 247.0 256.0 134.61458333333331 37.90839034253987
7 86.0 81.0 78.0 80.0 81.0 83.0 78.0 75.0 78.0 84.0 81.0 79.0 76.0 76.0 77.0 75.0 77.0 75.0 71.0 71.0 70.0 73.0 79.0 82.0 83.0 83.0 82.0 85.0 81.0 68.0 71.0 73.0 74.0 72.0 67.0 66.0 69.0 73.0 70.0 70.0 72.0 71.0 73.0 77.0 71.0 69.0 71.0 71.0 70.0 64.0 72.0 76.0 71.0 67.0 69.0 73.0 74.0 72.0 72.0 76.0 75.0 72.0 73.0 74.0 75.0 76.0 75.0 77.0 77.0 75.0 76.0 78.0 78.0 80.0 79.0 75.0 73.0 73.0 72.0 74.0 77.0 78.0 81.0 77.0 76.0 76.0 80.0 79.0 79.0 82.0 77.0 74.0 74.0 73.0 75.0 76.0 76.0 84.0 78.0 75.0 81.0 80.0 81.0 83.0 83.0 82.0 84.0 88.0 83.0 86.0 85.0 85.0 87.0 96.0 98.0 98.0 82.0 107.0 96.0 93.0 94.0 88.0 93.0 90.0 84.0 75.0 70.0 75.0 74.0 72.0 89.0 74.0 82.0 84.0 83.0 81.0 94.0 91.0 88.0 86.0 78.0 79.0 87.0 87.0 92.0 90.0 96.0 98.0 97.0 99.0 95.0 88.0 83.0 78.0 74.0 72.0 75.0 79.0 74.0 75.0 74.0 78.0 77.0 76.0 86.0 80.0 79.0 78.0 66.0 64.0 71.0 75.0 75.0 87.0 77.0 71.0 60.0 59.0 64.0 78.0 68.0 75.0 65.0 68.0 60.0 63.0 66.0 58.0 53.0 51.0 44.0 68.0 54.0 45.0 49.0 36.0 27.0 75.0 63.0 69.0 80.0 67.0 40.0 76.0 79.0 59.0 51.0 60.0 61.0 72.0 92.0 71.0 75.0 60.0 62.0 77.0 77.0 64.0 75.0 62.0 64.0 50.0 67.0 98.0 66.0 52.0 51.0 5.0 10.0 6.0 45.0 358.0 2.0 346.0 348.0 337.0 330.0 333.0 335.0 335.0 23.0 8.0 3.0 350.0 360.0 2.0 359.0 346.0 339.0 11.0 30.0 11.0 25.0 34.0 67.0 60.0 17.0 24.0 340.0 282.0 250.0 236.0 283.0 271.0 269.0 278.0 282.0 288.0 285.0 291.0 287.0 284.0 283.0 304.0 20.0 18.0 48.0 238.0 255.0 272.0 284.0 290.0 266.0 238.0 226.0 210.0 227.0 253.0 101.79166666666664 80.75500653296594
8 66.0 64.0 71.0 72.0 66.0 71.0 63.0 67.0 64.0 63.0 62.0 64.0 68.0 69.0 62.0 65.0 62.0 63.0 58.0 57.0 60.0 63.0 67.0 67.0 63.0 73.0 72.0 70.0 65.0 73.0 74.0 70.0 63.0 75.0 71.0 66.0 75.0 75.0 69.0 79.0 67.0 74.0 70.0 77.0 69.0 72.0 74.0 69.0 77.0 70.0 68.0 62.0 68.0 74.0 68.0 71.0 75.0 74.0 67.0 67.0 71.0 71.0 72.0 75.0 74.0 73.0 71.0 74.0 67.0 64.0 62.0 56.0 61.0 59.0 62.0 60.0 56.0 61.0 57.0 55.0 57.0 55.0 59.0 56.0 52.0 53.0 50.0 49.0 55.0 53.0 50.0 54.0 53.0 49.0 47.0 48.0 51.0 45.0 48.0 48.0 53.0 54.0 52.0 51.0 52.0 49.0 55.0 51.0 49.0 48.0 44.0 49.0 48.0 49.0 51.0 47.0 44.0 50.0 51.0 54.0 64.0 58.0 57.0 72.0 71.0 66.0 61.0 54.0 54.0 53.0 53.0 52.0 53.0 56.0 53.0 54.0 59.0 53.0 51.0 52.0 44.0 41.0 42.0 31.0 43.0 45.0 59.0 89.0 75.0 85.0 72.0 71.0 72.0 65.0 66.0 83.0 63.0 70.0 69.0 69.0 75.0 62.0 52.0 54.0 59.0 54.0 47.0 56.0 50.0 62.0 59.0 58.0 62.0 56.0 53.0 49.0 51.0 39.0 38.0 40.0 45.0 43.0 56.0 57.0 47.0 42.0 56.0 49.0 51.0 45.0 54.0 49.0 52.0 46.0 55.0 56.0 57.0 52.0 50.0 61.0 44.0 54.0 47.0 50.0 42.0 33.0 38.0 44.0 46.0 62.0 54.0 43.0 58.0 74.0 75.0 98.0 96.0 98.0 116.0 98.0 41.0 50.0 47.0 38.0 0.0 41.0 41.0 74.0 49.0 55.0 109.0 83.0 28.0 29.0 55.0 354.0 337.0 313.0 293.0 57.0 61.0 68.0 70.0 81.0 77.0 62.0 53.0 67.0 78.0 102.0 107.0 85.0 69.0 55.0 67.0 73.0 55.0 56.0 35.0 46.0 56.0 29.0 43.0 45.0 50.0 36.0 19.0 46.0 9.0 14.0 1.0 359.0 355.0 8.0 13.0 9.0 346.0 340.0 326.0 328.0 336.0 333.0 331.0 335.0 330.0 324.0 317.0 304.0 75.3680555555555 68.11751953268778
9 349.0 349.0 349.0 348.0 331.0 351.0 327.0 329.0 304.0 319.0 354.0 351.0 343.0 357.0 337.0 342.0 0.0 338.0 355.0 348.0 347.0 354.0 353.0 2.0 357.0 357.0 319.0 21.0 347.0 352.0 339.0 8.0 351.0 335.0 9.0 343.0 2.0 5.0 21.0 34.0 337.0 12.0 329.0 337.0 341.0 348.0 353.0 337.0 335.0 339.0 344.0 332.0 348.0 342.0 340.0 348.0 4.0 349.0 29.0 25.0 18.0 50.0 69.0 45.0 47.0 63.0 72.0 222.0 127.0 69.0 72.0 67.0 75.0 75.0 87.0 82.0 73.0 82.0 78.0 80.0 72.0 84.0 72.0 79.0 83.0 80.0 74.0 71.0 63.0 53.0 44.0 6.0 10.0 355.0 328.0 348.0 355.0 4.0 31.0 52.0 48.0 47.0 58.0 43.0 45.0 48.0 36.0 40.0 34.0 36.0 17.0 33.0 26.0 29.0 45.0 63.0 73.0 69.0 72.0 72.0 71.0 74.0 78.0 72.0 71.0 72.0 75.0 50.0 54.0 66.0 56.0 50.0 37.0 31.0 20.0 11.0 27.0 37.0 48.0 51.0 50.0 53.0 71.0 62.0 66.0 64.0 64.0 59.0 69.0 70.0 68.0 67.0 71.0 72.0 72.0 64.0 62.0 64.0 67.0 64.0 65.0 66.0 63.0 58.0 68.0 66.0 61.0 50.0 52.0 51.0 34.0 24.0 31.0 28.0 12.0 25.0 27.0 24.0 33.0 33.0 43.0 51.0 54.0 51.0 56.0 68.0 59.0 55.0 52.0 56.0 62.0 60.0 50.0 56.0 53.0 54.0 57.0 53.0 51.0 51.0 51.0 48.0 62.0 50.0 53.0 49.0 56.0 66.0 65.0 58.0 99.0 99.0 62.0 72.0 96.0 80.0 101.0 75.0 82.0 98.0 80.0 78.0 65.0 76.0 102.0 109.0 59.0 50.0 95.0 105.0 92.0 101.0 92.0 78.0 48.0 52.0 51.0 64.0 76.0 84.0 85.0 58.0 60.0 64.0 59.0 59.0 59.0 74.0 45.0 45.0 38.0 62.0 68.0 57.0 69.0 77.0 61.0 71.0 54.0 58.0 70.0 76.0 76.0 71.0 54.0 50.0 58.0 45.0 31.0 66.0 56.0 64.0 49.0 60.0 59.0 58.0 61.0 65.0 59.0 61.0 61.0 60.0 71.0 63.0 99.0 81.0 70.0 69.0 108.66319444444433 111.08148012156164
END
#################################################################
SECTION3 (Edges Information)
EndPoint0 EndPoint1 Weight
0 1 1.000000
1 2 1.000000
2 3 1.000000
3 4 1.000000
3 5 1.000000
4 5 1.000000
4 6 1.000000
5 6 1.000000
5 7 1.000000
6 7 1.000000
7 8 1.000000
7 9 1.000000
8 9 1.000000
0 1 1.000000
1 2 1.000000
2 3 1.000000
3 4 1.000000
3 5 1.000000
4 5 1.000000
4 6 1.000000
5 6 1.000000
5 7 1.000000
6 7 1.000000
7 8 1.000000
7 9 1.000000
8 9 1.000000
0 1 1.000000
1 2 1.000000
2 3 1.000000
3 4 1.000000
3 5 1.000000
4 5 1.000000
4 6 1.000000
5 6 1.000000
5 7 1.000000
6 7 1.000000
7 8 1.000000
7 9 1.000000
8 9 1.000000
0 1 1.000000
1 2 1.000000
2 3 1.000000
3 4 1.000000
3 5 1.000000
4 5 1.000000
4 6 1.000000
5 6 1.000000
5 7 1.000000
6 7 1.000000
7 8 1.000000
7 9 1.000000
8 9 1.000000
0 1 1.000000
1 2 1.000000
2 3 1.000000
3 4 1.000000
3 5 1.000000
4 5 1.000000
4 6 1.000000
5 6 1.000000
5 7 1.000000
6 7 1.000000
7 8 1.000000
7 9 1.000000
8 9 1.000000
END
#################################################################
SECTION4 (TrueSubGraph Information)
EndPoint0 EndPoint1 Weight
END
#################################################################
