#################################################################
#APDM Input Graph, this input graph includes 3 sections:
#section1 : general information
#section2 : nodes
#section3 : edges
#section4 : trueSubGraph (Optional)
#
#if nodes haven't information set weight to null
#################################################################
SECTION1 (General Information)
numNodes = 10
numEdges = 39
usedAlgorithm = NULL
dataSource = TransWeatherRealData
END
#################################################################
SECTION2 (Nodes Information)
NodeID windDir  mean  std 
0 69.0 74.0 77.0 80.0 73.0 77.0 79.0 82.0 74.0 74.0 72.0 69.0 71.0 71.0 64.0 65.0 64.0 58.0 59.0 58.0 73.0 73.0 85.0 90.0 103.0 102.0 99.0 97.0 101.0 99.0 100.0 102.0 99.0 97.0 95.0 100.0 87.0 90.0 89.0 89.0 90.0 84.0 84.0 87.0 85.0 79.0 75.0 76.0 73.0 72.0 74.0 78.0 80.0 77.0 76.0 75.0 78.0 72.0 67.0 65.0 63.0 65.0 64.0 66.0 69.0 71.0 69.0 78.0 78.0 88.0 90.0 93.0 93.0 91.0 87.0 94.0 92.0 92.0 93.0 98.0 95.0 91.0 98.0 96.0 99.0 102.0 98.0 100.0 97.0 95.0 101.0 94.0 93.0 92.0 96.0 102.0 94.0 86.0 81.0 85.0 87.0 89.0 98.0 101.0 102.0 99.0 102.0 101.0 102.0 100.0 101.0 104.0 102.0 102.0 98.0 95.0 97.0 97.0 95.0 98.0 96.0 98.0 97.0 93.0 86.0 80.0 82.0 81.0 83.0 86.0 86.0 77.0 62.0 59.0 54.0 53.0 66.0 67.0 69.0 68.0 59.0 54.0 64.0 63.0 61.0 62.0 62.0 69.0 75.0 80.0 84.0 83.0 72.0 71.0 67.0 79.0 88.0 79.0 77.0 88.0 94.0 94.0 99.0 83.0 91.0 90.0 91.0 82.0 80.0 68.0 82.0 87.0 86.0 76.0 79.0 95.0 91.0 74.0 71.0 72.0 73.0 65.0 64.0 51.0 65.0 93.0 73.0 90.0 76.0 77.0 87.0 69.0 77.0 70.0 69.0 72.0 73.0 58.0 60.0 82.0 69.0 63.0 46.0 78.0 96.0 94.0 82.0 75.0 102.0 76.0 59.0 47.0 49.0 32.0 54.0 70.0 50.0 48.0 45.0 43.0 28.0 36.0 64.0 84.0 46.0 52.0 80.0 59.0 36.0 50.0 41.0 27.0 53.0 40.0 39.0 57.0 67.0 76.0 12.0 17.0 30.0 31.0 31.0 14.0 37.0 37.0 44.0 16.0 359.0 358.0 26.0 17.0 33.0 63.0 41.0 42.0 29.0 8.0 25.0 24.0 22.0 8.0 5.0 30.0 27.0 27.0 19.0 24.0 22.0 13.0 13.0 20.0 29.0 31.0 26.0 23.0 20.0 17.0 16.0 14.0 13.0 14.0 14.0 19.0 20.0 22.0 22.0 21.0 71.15625 35.393948613174764
1 106.0 105.0 103.0 99.0 99.0 108.0 114.0 107.0 82.0 86.0 87.0 91.0 110.0 101.0 92.0 106.0 108.0 106.0 110.0 108.0 97.0 84.0 103.0 101.0 101.0 102.0 94.0 91.0 81.0 79.0 85.0 94.0 85.0 91.0 108.0 77.0 72.0 83.0 85.0 82.0 81.0 87.0 84.0 90.0 94.0 84.0 81.0 95.0 95.0 88.0 91.0 91.0 103.0 99.0 95.0 102.0 103.0 94.0 97.0 104.0 103.0 100.0 102.0 91.0 105.0 92.0 85.0 86.0 100.0 102.0 106.0 94.0 112.0 101.0 94.0 75.0 90.0 76.0 94.0 78.0 90.0 64.0 105.0 73.0 83.0 84.0 74.0 73.0 58.0 75.0 78.0 80.0 80.0 76.0 78.0 58.0 50.0 56.0 0.0 56.0 55.0 42.0 40.0 38.0 40.0 63.0 57.0 52.0 43.0 35.0 32.0 29.0 36.0 40.0 43.0 52.0 53.0 0.0 0.0 39.0 42.0 45.0 49.0 34.0 34.0 34.0 39.0 58.0 25.0 32.0 34.0 22.0 358.0 20.0 345.0 355.0 349.0 338.0 347.0 320.0 296.0 328.0 340.0 346.0 355.0 355.0 360.0 32.0 34.0 68.0 51.0 52.0 56.0 33.0 17.0 15.0 43.0 34.0 41.0 49.0 65.0 63.0 40.0 55.0 37.0 29.0 24.0 36.0 61.0 47.0 27.0 56.0 38.0 35.0 45.0 65.0 37.0 47.0 54.0 60.0 48.0 51.0 51.0 27.0 29.0 66.0 44.0 30.0 41.0 45.0 52.0 77.0 58.0 58.0 53.0 45.0 65.0 71.0 16.0 38.0 61.0 67.0 79.0 53.0 61.0 60.0 62.0 89.0 77.0 82.0 64.0 85.0 72.0 98.0 78.0 70.0 66.0 100.0 74.0 83.0 54.0 59.0 85.0 97.0 99.0 84.0 74.0 76.0 85.0 105.0 124.0 105.0 112.0 118.0 112.0 99.0 1.0 64.0 70.0 100.0 100.0 80.0 61.0 35.0 3.0 227.0 163.0 13.0 357.0 349.0 5.0 350.0 331.0 2.0 309.0 324.0 331.0 329.0 311.0 327.0 331.0 350.0 346.0 360.0 11.0 1.0 1.0 5.0 336.0 348.0 9.0 19.0 15.0 357.0 360.0 3.0 357.0 355.0 357.0 5.0 13.0 6.0 360.0 352.0 351.0 353.0 348.0 342.0 106.52777777777781 101.43513362598031
2 74.0 66.0 65.0 73.0 63.0 68.0 63.0 70.0 67.0 64.0 64.0 59.0 62.0 65.0 65.0 68.0 71.0 67.0 58.0 61.0 59.0 69.0 68.0 55.0 73.0 70.0 69.0 70.0 66.0 67.0 66.0 71.0 69.0 70.0 68.0 73.0 69.0 65.0 60.0 66.0 61.0 60.0 60.0 58.0 60.0 61.0 61.0 60.0 56.0 56.0 61.0 62.0 56.0 61.0 61.0 55.0 52.0 54.0 56.0 59.0 60.0 55.0 54.0 55.0 50.0 48.0 45.0 40.0 46.0 39.0 49.0 54.0 54.0 53.0 53.0 62.0 64.0 62.0 50.0 51.0 46.0 41.0 44.0 53.0 54.0 55.0 49.0 54.0 49.0 54.0 53.0 57.0 72.0 84.0 85.0 83.0 84.0 85.0 70.0 67.0 66.0 69.0 65.0 69.0 67.0 70.0 70.0 60.0 64.0 62.0 54.0 49.0 50.0 41.0 41.0 49.0 52.0 52.0 47.0 52.0 55.0 56.0 46.0 44.0 52.0 47.0 46.0 48.0 46.0 47.0 50.0 50.0 51.0 46.0 46.0 48.0 49.0 42.0 40.0 35.0 36.0 32.0 39.0 36.0 31.0 39.0 38.0 41.0 46.0 39.0 49.0 51.0 58.0 51.0 48.0 48.0 44.0 35.0 31.0 49.0 51.0 44.0 55.0 53.0 42.0 47.0 61.0 55.0 51.0 69.0 40.0 29.0 37.0 45.0 29.0 44.0 52.0 48.0 38.0 18.0 33.0 42.0 59.0 23.0 17.0 17.0 31.0 17.0 40.0 25.0 1.0 21.0 12.0 1.0 18.0 21.0 17.0 40.0 18.0 29.0 45.0 9.0 21.0 48.0 27.0 18.0 23.0 37.0 18.0 4.0 16.0 1.0 13.0 29.0 42.0 24.0 23.0 32.0 5.0 354.0 344.0 8.0 34.0 3.0 355.0 20.0 14.0 20.0 44.0 10.0 38.0 46.0 52.0 16.0 42.0 36.0 58.0 26.0 46.0 354.0 335.0 22.0 11.0 30.0 11.0 5.0 6.0 19.0 360.0 348.0 353.0 353.0 359.0 8.0 10.0 16.0 349.0 13.0 9.0 5.0 11.0 351.0 2.0 345.0 1.0 3.0 352.0 348.0 346.0 5.0 347.0 340.0 342.0 336.0 334.0 339.0 338.0 336.0 337.0 340.0 339.0 343.0 341.0 340.0 341.0 345.0 339.0 344.0 80.88541666666659 98.58241248515746
3 74.0 63.0 68.0 71.0 83.0 86.0 82.0 71.0 86.0 77.0 80.0 82.0 80.0 70.0 77.0 83.0 83.0 95.0 91.0 93.0 86.0 77.0 85.0 91.0 92.0 89.0 81.0 85.0 84.0 81.0 78.0 85.0 92.0 89.0 88.0 77.0 75.0 80.0 96.0 94.0 89.0 77.0 91.0 76.0 74.0 70.0 74.0 73.0 72.0 85.0 77.0 80.0 83.0 83.0 75.0 81.0 70.0 67.0 61.0 69.0 76.0 75.0 78.0 83.0 94.0 76.0 73.0 77.0 79.0 78.0 75.0 78.0 75.0 78.0 79.0 73.0 76.0 74.0 78.0 71.0 74.0 79.0 78.0 74.0 84.0 82.0 82.0 80.0 71.0 81.0 72.0 69.0 70.0 76.0 70.0 67.0 74.0 79.0 79.0 90.0 82.0 91.0 95.0 92.0 88.0 82.0 79.0 83.0 94.0 78.0 73.0 77.0 70.0 82.0 76.0 73.0 76.0 71.0 73.0 78.0 80.0 76.0 78.0 76.0 75.0 68.0 69.0 63.0 65.0 71.0 66.0 75.0 76.0 73.0 70.0 72.0 57.0 70.0 58.0 59.0 60.0 58.0 67.0 68.0 63.0 48.0 56.0 68.0 72.0 77.0 67.0 73.0 70.0 75.0 83.0 76.0 96.0 78.0 82.0 81.0 54.0 54.0 74.0 68.0 53.0 56.0 65.0 62.0 64.0 65.0 52.0 49.0 68.0 66.0 71.0 53.0 57.0 47.0 83.0 75.0 65.0 57.0 45.0 60.0 58.0 43.0 48.0 93.0 74.0 46.0 47.0 47.0 62.0 62.0 62.0 75.0 69.0 32.0 41.0 53.0 88.0 36.0 19.0 56.0 37.0 47.0 29.0 19.0 70.0 83.0 75.0 57.0 34.0 45.0 19.0 57.0 59.0 45.0 63.0 356.0 11.0 47.0 34.0 154.0 58.0 54.0 70.0 20.0 64.0 58.0 68.0 22.0 12.0 113.0 195.0 27.0 30.0 25.0 135.0 25.0 36.0 13.0 335.0 321.0 339.0 333.0 331.0 336.0 16.0 4.0 328.0 4.0 355.0 14.0 23.0 25.0 10.0 345.0 340.0 354.0 346.0 337.0 349.0 339.0 332.0 320.0 311.0 309.0 339.0 341.0 343.0 336.0 342.0 335.0 336.0 335.0 339.0 341.0 344.0 333.0 330.0 333.0 327.0 334.0 331.0 334.0 319.0 328.0 105.65277777777791 94.80148482675843
4 63.0 56.0 58.0 60.0 64.0 62.0 63.0 64.0 65.0 60.0 52.0 55.0 47.0 47.0 49.0 67.0 100.0 92.0 68.0 67.0 65.0 65.0 62.0 57.0 59.0 60.0 58.0 68.0 58.0 51.0 52.0 55.0 58.0 52.0 54.0 53.0 56.0 55.0 58.0 52.0 56.0 62.0 73.0 71.0 82.0 87.0 95.0 96.0 89.0 82.0 79.0 82.0 83.0 82.0 82.0 81.0 84.0 77.0 64.0 62.0 64.0 61.0 62.0 67.0 72.0 75.0 73.0 71.0 59.0 69.0 84.0 83.0 82.0 77.0 86.0 86.0 95.0 94.0 103.0 101.0 100.0 101.0 104.0 101.0 101.0 103.0 107.0 108.0 103.0 85.0 75.0 87.0 88.0 103.0 103.0 101.0 108.0 115.0 117.0 110.0 112.0 110.0 116.0 116.0 118.0 116.0 110.0 115.0 110.0 112.0 112.0 115.0 116.0 117.0 114.0 115.0 108.0 116.0 114.0 113.0 121.0 114.0 114.0 104.0 111.0 109.0 108.0 112.0 103.0 85.0 88.0 80.0 72.0 62.0 72.0 80.0 88.0 77.0 85.0 84.0 77.0 76.0 62.0 72.0 77.0 80.0 78.0 74.0 81.0 84.0 82.0 83.0 83.0 96.0 87.0 83.0 76.0 96.0 91.0 94.0 89.0 86.0 94.0 96.0 96.0 77.0 81.0 75.0 95.0 107.0 100.0 105.0 103.0 103.0 96.0 94.0 93.0 103.0 115.0 115.0 122.0 123.0 52.0 52.0 58.0 114.0 93.0 79.0 79.0 94.0 107.0 77.0 77.0 106.0 105.0 57.0 55.0 83.0 51.0 114.0 102.0 81.0 85.0 101.0 138.0 121.0 308.0 44.0 341.0 19.0 48.0 184.0 201.0 170.0 104.0 76.0 28.0 129.0 340.0 352.0 335.0 15.0 338.0 287.0 344.0 266.0 273.0 270.0 343.0 0.0 51.0 269.0 270.0 35.0 336.0 333.0 67.0 340.0 285.0 283.0 273.0 24.0 20.0 45.0 119.0 272.0 318.0 328.0 325.0 338.0 326.0 324.0 333.0 324.0 312.0 319.0 313.0 323.0 320.0 323.0 329.0 321.0 320.0 322.0 315.0 312.0 320.0 325.0 316.0 323.0 318.0 317.0 328.0 314.0 318.0 323.0 321.0 320.0 324.0 315.0 319.0 322.0 322.0 317.0 320.0 316.0 322.0 318.0 135.08680555555569 99.48608065160929
5 302.0 314.0 314.0 146.0 170.0 0.0 0.0 0.0 0.0 0.0 0.0 0.0 156.0 99.0 74.0 148.0 0.0 0.0 0.0 0.0 0.0 235.0 336.0 263.0 0.0 0.0 20.0 53.0 40.0 53.0 53.0 94.0 123.0 177.0 148.0 160.0 161.0 161.0 0.0 0.0 0.0 0.0 0.0 0.0 0.0 0.0 0.0 0.0 0.0 0.0 0.0 0.0 0.0 0.0 0.0 0.0 0.0 71.0 95.0 87.0 75.0 68.0 65.0 84.0 110.0 108.0 101.0 99.0 95.0 99.0 97.0 95.0 94.0 88.0 90.0 87.0 78.0 82.0 79.0 78.0 82.0 79.0 79.0 81.0 78.0 83.0 86.0 82.0 81.0 78.0 74.0 82.0 81.0 83.0 85.0 86.0 82.0 89.0 87.0 86.0 88.0 96.0 93.0 92.0 93.0 92.0 94.0 86.0 94.0 95.0 90.0 81.0 87.0 91.0 83.0 88.0 86.0 84.0 85.0 78.0 82.0 75.0 80.0 81.0 80.0 79.0 84.0 85.0 81.0 90.0 85.0 80.0 89.0 86.0 90.0 93.0 90.0 85.0 84.0 81.0 86.0 84.0 84.0 82.0 79.0 81.0 77.0 82.0 83.0 82.0 85.0 85.0 86.0 99.0 99.0 99.0 94.0 107.0 105.0 96.0 110.0 110.0 112.0 109.0 103.0 98.0 82.0 103.0 98.0 83.0 110.0 101.0 74.0 72.0 89.0 85.0 104.0 84.0 71.0 91.0 79.0 96.0 114.0 105.0 98.0 66.0 67.0 77.0 79.0 95.0 108.0 58.0 54.0 85.0 107.0 125.0 44.0 46.0 42.0 4.0 11.0 6.0 16.0 21.0 56.0 89.0 54.0 78.0 62.0 69.0 46.0 50.0 31.0 1.0 337.0 311.0 350.0 354.0 336.0 335.0 31.0 313.0 354.0 10.0 331.0 356.0 11.0 299.0 312.0 293.0 309.0 306.0 298.0 317.0 313.0 326.0 356.0 340.0 315.0 304.0 283.0 296.0 292.0 285.0 302.0 295.0 308.0 298.0 309.0 325.0 326.0 0.0 332.0 321.0 345.0 355.0 352.0 356.0 1.0 14.0 26.0 28.0 22.0 351.0 349.0 1.0 356.0 17.0 17.0 4.0 5.0 354.0 358.0 23.0 43.0 58.0 54.0 47.0 16.0 355.0 350.0 345.0 357.0 1.0 346.0 353.0 347.0 329.0 119.97222222222203 111.0596377094107
6 315.0 320.0 317.0 330.0 331.0 300.0 0.0 202.0 191.0 270.0 300.0 348.0 357.0 190.0 190.0 51.0 86.0 103.0 130.0 188.0 137.0 131.0 117.0 103.0 93.0 97.0 89.0 91.0 92.0 64.0 80.0 99.0 112.0 106.0 98.0 93.0 125.0 0.0 100.0 83.0 94.0 77.0 91.0 71.0 59.0 60.0 57.0 72.0 59.0 41.0 53.0 81.0 110.0 108.0 107.0 99.0 97.0 76.0 74.0 90.0 89.0 93.0 103.0 94.0 78.0 51.0 62.0 72.0 68.0 61.0 77.0 98.0 96.0 107.0 103.0 111.0 102.0 91.0 94.0 92.0 88.0 80.0 77.0 53.0 45.0 45.0 39.0 37.0 52.0 35.0 35.0 37.0 50.0 64.0 103.0 95.0 129.0 149.0 132.0 117.0 124.0 121.0 114.0 125.0 129.0 129.0 115.0 109.0 104.0 99.0 89.0 99.0 94.0 104.0 134.0 154.0 173.0 123.0 150.0 131.0 133.0 129.0 116.0 126.0 122.0 136.0 134.0 121.0 120.0 137.0 133.0 125.0 125.0 128.0 128.0 126.0 124.0 119.0 117.0 111.0 119.0 132.0 115.0 100.0 100.0 99.0 94.0 64.0 50.0 52.0 35.0 31.0 52.0 63.0 87.0 100.0 100.0 101.0 104.0 107.0 116.0 104.0 106.0 107.0 107.0 117.0 105.0 108.0 105.0 102.0 111.0 106.0 97.0 95.0 104.0 109.0 101.0 127.0 135.0 91.0 106.0 101.0 100.0 110.0 100.0 95.0 94.0 91.0 101.0 155.0 172.0 177.0 175.0 204.0 203.0 131.0 157.0 166.0 33.0 9.0 223.0 232.0 218.0 212.0 17.0 5.0 2.0 358.0 351.0 274.0 298.0 239.0 216.0 288.0 265.0 258.0 176.0 169.0 104.0 343.0 47.0 354.0 335.0 310.0 358.0 10.0 325.0 261.0 331.0 306.0 358.0 320.0 322.0 276.0 300.0 323.0 321.0 278.0 311.0 309.0 278.0 245.0 298.0 289.0 285.0 308.0 288.0 292.0 296.0 286.0 294.0 311.0 308.0 315.0 302.0 318.0 311.0 302.0 297.0 294.0 295.0 295.0 296.0 300.0 312.0 311.0 316.0 317.0 311.0 303.0 301.0 299.0 295.0 293.0 302.0 310.0 301.0 295.0 292.0 299.0 298.0 300.0 300.0 300.0 305.0 305.0 302.0 305.0 162.690972222222 99.92166786616416
7 243.0 225.0 216.0 218.0 219.0 226.0 242.0 228.0 225.0 233.0 242.0 257.0 255.0 223.0 213.0 220.0 225.0 230.0 232.0 226.0 221.0 235.0 225.0 184.0 161.0 173.0 187.0 179.0 177.0 185.0 188.0 194.0 186.0 188.0 190.0 189.0 189.0 205.0 195.0 207.0 186.0 104.0 107.0 135.0 145.0 155.0 141.0 131.0 91.0 160.0 64.0 122.0 145.0 148.0 117.0 114.0 133.0 140.0 125.0 146.0 153.0 121.0 81.0 104.0 121.0 131.0 49.0 66.0 33.0 55.0 83.0 96.0 97.0 93.0 100.0 111.0 97.0 85.0 79.0 78.0 88.0 93.0 109.0 97.0 96.0 96.0 81.0 100.0 93.0 94.0 104.0 115.0 92.0 81.0 86.0 123.0 104.0 118.0 120.0 116.0 92.0 80.0 76.0 76.0 66.0 59.0 74.0 89.0 84.0 84.0 80.0 75.0 69.0 71.0 72.0 68.0 68.0 73.0 84.0 88.0 80.0 79.0 73.0 75.0 75.0 77.0 72.0 73.0 77.0 69.0 68.0 65.0 63.0 65.0 74.0 72.0 69.0 70.0 72.0 69.0 80.0 80.0 80.0 80.0 72.0 68.0 68.0 73.0 71.0 64.0 69.0 67.0 72.0 74.0 77.0 87.0 80.0 74.0 83.0 73.0 74.0 82.0 76.0 68.0 80.0 67.0 77.0 63.0 72.0 83.0 88.0 71.0 78.0 62.0 69.0 65.0 90.0 81.0 65.0 64.0 58.0 65.0 74.0 60.0 78.0 54.0 38.0 69.0 60.0 64.0 70.0 69.0 24.0 46.0 27.0 25.0 41.0 22.0 27.0 42.0 38.0 21.0 41.0 8.0 27.0 41.0 54.0 32.0 7.0 7.0 10.0 19.0 360.0 68.0 358.0 339.0 355.0 356.0 72.0 9.0 351.0 358.0 87.0 111.0 76.0 84.0 24.0 61.0 337.0 310.0 304.0 344.0 6.0 338.0 325.0 9.0 1.0 336.0 328.0 321.0 331.0 325.0 354.0 313.0 328.0 354.0 280.0 224.0 220.0 285.0 295.0 283.0 251.0 268.0 281.0 289.0 268.0 299.0 290.0 321.0 337.0 334.0 329.0 342.0 322.0 317.0 339.0 316.0 297.0 280.0 292.0 286.0 295.0 290.0 286.0 291.0 290.0 300.0 302.0 293.0 306.0 310.0 300.0 304.0 291.0 294.0 293.0 287.0 147.79166666666666 102.35937068266163
8 265.0 263.0 245.0 212.0 196.0 208.0 210.0 229.0 246.0 211.0 215.0 218.0 220.0 240.0 218.0 186.0 122.0 110.0 0.0 0.0 110.0 225.0 265.0 274.0 300.0 300.0 297.0 316.0 319.0 317.0 327.0 329.0 332.0 327.0 321.0 328.0 293.0 284.0 306.0 310.0 300.0 305.0 318.0 315.0 310.0 308.0 301.0 292.0 289.0 295.0 314.0 337.0 316.0 302.0 307.0 303.0 303.0 310.0 300.0 308.0 326.0 334.0 328.0 319.0 330.0 335.0 352.0 12.0 29.0 28.0 30.0 42.0 44.0 50.0 35.0 33.0 32.0 32.0 44.0 74.0 57.0 46.0 62.0 78.0 93.0 70.0 83.0 94.0 70.0 41.0 360.0 354.0 353.0 3.0 24.0 57.0 58.0 46.0 35.0 44.0 53.0 60.0 64.0 69.0 69.0 78.0 67.0 66.0 80.0 69.0 73.0 73.0 62.0 58.0 60.0 52.0 45.0 52.0 52.0 55.0 52.0 48.0 51.0 54.0 61.0 62.0 57.0 64.0 65.0 79.0 70.0 62.0 60.0 64.0 60.0 52.0 51.0 53.0 51.0 48.0 47.0 43.0 36.0 55.0 55.0 53.0 46.0 52.0 48.0 57.0 60.0 54.0 48.0 49.0 39.0 58.0 56.0 71.0 57.0 58.0 62.0 69.0 53.0 59.0 61.0 56.0 52.0 51.0 50.0 47.0 66.0 43.0 57.0 49.0 54.0 62.0 78.0 72.0 62.0 62.0 54.0 68.0 57.0 54.0 55.0 43.0 51.0 58.0 63.0 84.0 83.0 72.0 63.0 80.0 59.0 96.0 103.0 83.0 72.0 92.0 89.0 56.0 56.0 51.0 32.0 38.0 26.0 41.0 58.0 83.0 60.0 51.0 37.0 35.0 50.0 56.0 52.0 42.0 32.0 345.0 339.0 309.0 345.0 359.0 64.0 78.0 38.0 38.0 38.0 135.0 36.0 329.0 339.0 293.0 342.0 353.0 350.0 10.0 16.0 0.0 358.0 15.0 18.0 25.0 24.0 16.0 344.0 36.0 354.0 35.0 339.0 352.0 352.0 341.0 345.0 349.0 355.0 346.0 345.0 0.0 44.0 51.0 5.0 354.0 333.0 325.0 360.0 319.0 320.0 328.0 337.0 332.0 324.0 336.0 334.0 321.0 336.0 335.0 333.0 333.0 326.0 318.0 314.0 316.0 314.0 319.0 315.0 310.0 154.25 128.60495110794668
9 122.0 0.0 290.0 159.0 164.0 161.0 183.0 196.0 197.0 198.0 206.0 283.0 356.0 9.0 15.0 12.0 7.0 15.0 134.0 209.0 144.0 152.0 182.0 0.0 45.0 355.0 352.0 11.0 357.0 352.0 356.0 347.0 186.0 188.0 213.0 317.0 38.0 63.0 0.0 30.0 27.0 37.0 0.0 0.0 145.0 142.0 142.0 142.0 0.0 0.0 0.0 344.0 349.0 14.0 42.0 159.0 164.0 169.0 0.0 0.0 0.0 48.0 30.0 60.0 39.0 21.0 9.0 21.0 12.0 0.0 343.0 345.0 344.0 342.0 332.0 334.0 342.0 349.0 340.0 341.0 352.0 356.0 354.0 350.0 350.0 355.0 356.0 342.0 11.0 36.0 357.0 330.0 337.0 341.0 330.0 346.0 349.0 345.0 351.0 334.0 209.0 167.0 183.0 299.0 24.0 3.0 358.0 349.0 349.0 347.0 8.0 357.0 359.0 5.0 14.0 16.0 9.0 11.0 340.0 320.0 335.0 321.0 334.0 4.0 277.0 213.0 170.0 125.0 19.0 338.0 277.0 79.0 51.0 34.0 36.0 32.0 42.0 43.0 46.0 36.0 25.0 31.0 25.0 39.0 43.0 43.0 49.0 36.0 39.0 46.0 46.0 45.0 38.0 47.0 50.0 54.0 53.0 63.0 70.0 65.0 67.0 70.0 70.0 69.0 69.0 72.0 87.0 59.0 60.0 52.0 57.0 58.0 49.0 48.0 63.0 43.0 41.0 39.0 38.0 35.0 66.0 92.0 148.0 141.0 83.0 74.0 90.0 127.0 107.0 119.0 122.0 136.0 142.0 120.0 104.0 64.0 19.0 22.0 24.0 11.0 19.0 20.0 30.0 19.0 13.0 14.0 10.0 77.0 148.0 73.0 67.0 49.0 56.0 14.0 92.0 96.0 118.0 158.0 358.0 73.0 30.0 16.0 60.0 67.0 32.0 72.0 69.0 85.0 48.0 31.0 26.0 10.0 7.0 32.0 85.0 77.0 63.0 104.0 98.0 90.0 87.0 97.0 114.0 69.0 77.0 59.0 78.0 74.0 72.0 40.0 53.0 49.0 69.0 58.0 68.0 65.0 65.0 55.0 51.0 53.0 38.0 23.0 28.0 30.0 23.0 32.0 38.0 43.0 29.0 30.0 26.0 34.0 29.0 28.0 27.0 24.0 35.0 25.0 24.0 30.0 29.0 32.0 29.0 30.0 18.0 19.0 22.0 22.0 116.57291666666661 120.00680103767542
END
#################################################################
SECTION3 (Edges Information)
EndPoint0 EndPoint1 Weight
0 1 1.000000
1 2 1.000000
2 3 1.000000
3 4 1.000000
3 5 1.000000
4 5 1.000000
4 6 1.000000
5 6 1.000000
5 7 1.000000
6 7 1.000000
7 8 1.000000
7 9 1.000000
8 9 1.000000
0 1 1.000000
1 2 1.000000
2 3 1.000000
3 4 1.000000
3 5 1.000000
4 5 1.000000
4 6 1.000000
5 6 1.000000
5 7 1.000000
6 7 1.000000
7 8 1.000000
7 9 1.000000
8 9 1.000000
0 1 1.000000
1 2 1.000000
2 3 1.000000
3 4 1.000000
3 5 1.000000
4 5 1.000000
4 6 1.000000
5 6 1.000000
5 7 1.000000
6 7 1.000000
7 8 1.000000
7 9 1.000000
8 9 1.000000
END
#################################################################
SECTION4 (TrueSubGraph Information)
EndPoint0 EndPoint1 Weight
END
#################################################################
