#################################################################
#APDM Input Graph, this input graph includes 3 sections:
#section1 : general information
#section2 : nodes
#section3 : edges
#section4 : trueSubGraph (Optional)
#
#if nodes haven't information set weight to null
#################################################################
SECTION1 (General Information)
numNodes = 10
numEdges = 65
usedAlgorithm = NULL
dataSource = TransWeatherRealData
END
#################################################################
SECTION2 (Nodes Information)
NodeID windDir  mean  std 
0 218.0 222.0 217.0 214.0 206.0 200.0 208.0 222.0 222.0 220.0 216.0 212.0 216.0 212.0 203.0 201.0 212.0 210.0 214.0 207.0 217.0 227.0 224.0 220.0 221.0 231.0 229.0 227.0 233.0 224.0 227.0 228.0 232.0 235.0 232.0 236.0 246.0 267.0 275.0 273.0 276.0 310.0 321.0 325.0 321.0 319.0 317.0 318.0 320.0 317.0 321.0 329.0 323.0 324.0 319.0 316.0 313.0 308.0 309.0 305.0 308.0 302.0 302.0 296.0 294.0 293.0 293.0 297.0 299.0 293.0 295.0 294.0 290.0 290.0 290.0 290.0 279.0 289.0 294.0 289.0 286.0 291.0 291.0 292.0 294.0 291.0 292.0 293.0 289.0 286.0 287.0 277.0 282.0 282.0 280.0 282.0 278.0 276.0 284.0 284.0 280.0 278.0 281.0 279.0 282.0 280.0 277.0 279.0 276.0 274.0 269.0 269.0 268.0 267.0 269.0 267.0 263.0 263.0 262.0 260.0 261.0 261.0 258.0 262.0 263.0 265.0 266.0 264.0 265.0 263.0 261.0 258.0 260.0 258.0 259.0 259.0 257.0 256.0 261.0 262.0 257.0 254.0 255.0 258.0 256.0 262.0 260.0 269.0 272.0 278.0 275.0 273.0 273.0 274.0 278.0 274.0 276.0 278.0 280.0 275.0 281.0 278.0 276.0 281.0 275.0 268.0 272.0 269.0 280.0 277.0 278.0 277.0 284.0 282.0 280.0 282.0 283.0 272.0 271.0 273.0 281.0 286.0 266.0 263.0 269.0 267.0 274.0 281.0 273.0 270.0 281.0 263.0 266.0 283.0 279.0 273.0 269.0 283.0 278.0 282.0 271.0 269.0 272.0 263.0 257.0 270.0 269.0 271.0 264.0 254.0 255.0 260.0 259.0 268.0 258.0 246.0 268.0 264.0 262.0 268.0 269.0 267.0 268.0 267.0 268.0 269.0 266.0 274.0 262.0 248.0 246.0 249.0 245.0 250.0 253.0 259.0 257.0 250.0 239.0 246.0 247.0 247.0 249.0 263.0 263.0 285.0 260.0 259.0 254.0 253.0 242.0 241.0 232.0 235.0 239.0 249.0 244.0 260.0 265.0 262.0 266.0 264.0 265.0 273.0 276.0 280.0 299.0 303.0 301.0 301.0 297.0 297.0 298.0 298.0 304.0 306.0 306.0 306.0 299.0 296.0 298.0 302.0 304.0 303.0 305.0 304.0 303.0 305.0 269.63194444444446 26.648897062971695
1 189.0 192.0 174.0 180.0 200.0 186.0 190.0 188.0 177.0 172.0 195.0 170.0 188.0 176.0 172.0 173.0 170.0 166.0 163.0 167.0 172.0 180.0 183.0 181.0 180.0 177.0 177.0 168.0 169.0 161.0 168.0 163.0 156.0 145.0 154.0 165.0 184.0 183.0 180.0 173.0 218.0 252.0 235.0 229.0 295.0 283.0 278.0 244.0 255.0 259.0 259.0 257.0 259.0 263.0 264.0 256.0 259.0 262.0 266.0 314.0 309.0 307.0 302.0 312.0 303.0 304.0 303.0 307.0 305.0 300.0 297.0 298.0 298.0 299.0 302.0 296.0 298.0 304.0 305.0 307.0 299.0 301.0 306.0 306.0 302.0 299.0 300.0 306.0 299.0 288.0 294.0 284.0 293.0 295.0 290.0 293.0 305.0 296.0 304.0 290.0 294.0 310.0 304.0 306.0 310.0 327.0 316.0 306.0 329.0 314.0 325.0 307.0 317.0 328.0 334.0 328.0 306.0 301.0 305.0 290.0 302.0 311.0 301.0 289.0 301.0 307.0 299.0 302.0 302.0 308.0 301.0 308.0 306.0 296.0 295.0 309.0 308.0 233.0 264.0 304.0 289.0 297.0 283.0 279.0 288.0 275.0 300.0 288.0 290.0 305.0 270.0 311.0 292.0 303.0 291.0 290.0 269.0 273.0 297.0 297.0 310.0 307.0 297.0 276.0 287.0 268.0 278.0 298.0 295.0 303.0 293.0 276.0 306.0 297.0 295.0 284.0 258.0 303.0 317.0 294.0 300.0 301.0 291.0 295.0 280.0 265.0 262.0 253.0 261.0 266.0 293.0 307.0 294.0 288.0 271.0 261.0 299.0 305.0 266.0 263.0 253.0 262.0 266.0 292.0 279.0 275.0 269.0 275.0 303.0 278.0 279.0 271.0 256.0 274.0 283.0 287.0 295.0 292.0 295.0 294.0 304.0 293.0 294.0 288.0 289.0 266.0 279.0 286.0 285.0 270.0 288.0 289.0 267.0 280.0 277.0 310.0 291.0 270.0 296.0 286.0 283.0 285.0 306.0 298.0 277.0 277.0 270.0 290.0 282.0 277.0 275.0 263.0 279.0 277.0 266.0 293.0 279.0 273.0 272.0 301.0 311.0 315.0 319.0 311.0 287.0 297.0 295.0 288.0 288.0 295.0 301.0 302.0 282.0 275.0 304.0 295.0 294.0 303.0 285.0 280.0 291.0 295.0 307.0 304.0 298.0 301.0 313.0 309.0 274.0520833333333 43.573247984233014
2 177.0 173.0 174.0 168.0 169.0 168.0 169.0 169.0 173.0 173.0 171.0 179.0 186.0 181.0 179.0 182.0 183.0 183.0 183.0 182.0 178.0 174.0 166.0 157.0 162.0 161.0 160.0 166.0 169.0 169.0 169.0 169.0 164.0 163.0 162.0 165.0 165.0 158.0 157.0 160.0 163.0 164.0 161.0 160.0 165.0 166.0 171.0 170.0 167.0 166.0 172.0 178.0 190.0 196.0 184.0 178.0 175.0 178.0 190.0 195.0 197.0 198.0 196.0 192.0 223.0 299.0 314.0 315.0 311.0 316.0 321.0 320.0 321.0 326.0 317.0 319.0 328.0 314.0 318.0 319.0 326.0 323.0 317.0 305.0 286.0 291.0 301.0 309.0 296.0 301.0 302.0 301.0 295.0 297.0 305.0 299.0 305.0 289.0 300.0 295.0 267.0 251.0 276.0 273.0 255.0 267.0 305.0 301.0 292.0 287.0 295.0 307.0 307.0 310.0 305.0 299.0 314.0 305.0 310.0 309.0 320.0 322.0 319.0 319.0 316.0 304.0 311.0 299.0 267.0 236.0 276.0 259.0 229.0 324.0 235.0 234.0 254.0 257.0 273.0 279.0 282.0 283.0 275.0 271.0 271.0 285.0 289.0 281.0 283.0 275.0 268.0 279.0 268.0 277.0 270.0 278.0 280.0 271.0 274.0 271.0 268.0 272.0 273.0 271.0 286.0 289.0 275.0 274.0 278.0 284.0 276.0 268.0 270.0 288.0 289.0 268.0 281.0 282.0 278.0 275.0 277.0 297.0 281.0 278.0 272.0 270.0 269.0 266.0 271.0 288.0 302.0 295.0 289.0 284.0 275.0 285.0 272.0 304.0 287.0 265.0 277.0 292.0 298.0 283.0 267.0 269.0 279.0 265.0 276.0 284.0 271.0 272.0 269.0 272.0 274.0 284.0 273.0 270.0 275.0 280.0 291.0 276.0 263.0 264.0 284.0 287.0 289.0 287.0 286.0 281.0 271.0 277.0 273.0 280.0 278.0 276.0 258.0 275.0 275.0 277.0 283.0 281.0 270.0 268.0 270.0 274.0 269.0 276.0 286.0 286.0 292.0 274.0 280.0 282.0 280.0 275.0 281.0 287.0 289.0 274.0 298.0 326.0 328.0 315.0 309.0 290.0 283.0 283.0 281.0 277.0 281.0 287.0 288.0 300.0 301.0 299.0 295.0 291.0 297.0 299.0 287.0 292.0 290.0 294.0 292.0 270.0 259.0 253.0 260.7743055555555 50.058861863650165
3 191.0 187.0 184.0 178.0 179.0 178.0 176.0 179.0 177.0 183.0 180.0 182.0 182.0 189.0 185.0 185.0 186.0 189.0 187.0 187.0 186.0 182.0 179.0 184.0 181.0 178.0 174.0 178.0 176.0 177.0 177.0 168.0 167.0 171.0 168.0 160.0 158.0 157.0 160.0 166.0 166.0 163.0 160.0 170.0 177.0 170.0 167.0 157.0 170.0 172.0 169.0 172.0 170.0 171.0 179.0 183.0 187.0 185.0 189.0 188.0 188.0 189.0 184.0 181.0 185.0 185.0 192.0 194.0 270.0 297.0 284.0 294.0 298.0 292.0 289.0 291.0 288.0 284.0 273.0 273.0 280.0 283.0 290.0 290.0 285.0 281.0 288.0 294.0 279.0 276.0 277.0 276.0 278.0 262.0 279.0 278.0 276.0 267.0 243.0 251.0 266.0 274.0 249.0 242.0 260.0 247.0 261.0 253.0 279.0 274.0 276.0 285.0 295.0 277.0 283.0 283.0 269.0 257.0 257.0 248.0 271.0 280.0 274.0 275.0 274.0 281.0 273.0 269.0 264.0 275.0 276.0 273.0 276.0 274.0 276.0 276.0 273.0 273.0 266.0 277.0 262.0 264.0 262.0 250.0 249.0 254.0 264.0 275.0 264.0 262.0 281.0 269.0 259.0 267.0 280.0 270.0 277.0 281.0 266.0 259.0 266.0 263.0 267.0 260.0 241.0 256.0 269.0 256.0 256.0 241.0 260.0 268.0 256.0 256.0 275.0 281.0 271.0 262.0 260.0 272.0 271.0 261.0 242.0 255.0 257.0 260.0 265.0 280.0 279.0 281.0 292.0 291.0 268.0 263.0 298.0 289.0 283.0 277.0 272.0 262.0 262.0 276.0 279.0 303.0 292.0 305.0 290.0 272.0 269.0 285.0 272.0 279.0 289.0 268.0 260.0 272.0 282.0 275.0 268.0 262.0 272.0 279.0 274.0 273.0 259.0 276.0 286.0 267.0 279.0 283.0 283.0 277.0 273.0 267.0 265.0 268.0 282.0 287.0 288.0 302.0 289.0 272.0 276.0 275.0 273.0 271.0 261.0 273.0 267.0 268.0 252.0 271.0 257.0 242.0 259.0 253.0 266.0 292.0 289.0 298.0 308.0 299.0 287.0 286.0 276.0 267.0 270.0 261.0 251.0 250.0 256.0 254.0 256.0 274.0 264.0 277.0 267.0 276.0 275.0 284.0 294.0 283.0 286.0 287.0 284.0 286.0 287.0 284.0 250.28125 42.38714134902424
4 139.0 134.0 122.0 120.0 130.0 135.0 138.0 144.0 143.0 145.0 142.0 148.0 149.0 145.0 146.0 149.0 146.0 149.0 156.0 152.0 152.0 151.0 153.0 153.0 158.0 159.0 161.0 166.0 162.0 161.0 154.0 152.0 149.0 150.0 144.0 148.0 151.0 154.0 149.0 140.0 134.0 130.0 132.0 138.0 139.0 137.0 143.0 135.0 123.0 130.0 127.0 121.0 135.0 152.0 147.0 139.0 130.0 126.0 138.0 158.0 162.0 155.0 145.0 142.0 138.0 148.0 146.0 159.0 165.0 142.0 136.0 143.0 159.0 242.0 255.0 281.0 292.0 315.0 322.0 316.0 324.0 324.0 319.0 320.0 317.0 328.0 314.0 317.0 317.0 316.0 312.0 312.0 315.0 315.0 311.0 315.0 305.0 299.0 300.0 310.0 300.0 295.0 294.0 290.0 291.0 287.0 279.0 287.0 284.0 273.0 265.0 263.0 265.0 246.0 260.0 267.0 279.0 281.0 281.0 282.0 283.0 279.0 289.0 290.0 286.0 292.0 290.0 283.0 277.0 281.0 281.0 290.0 295.0 288.0 284.0 288.0 290.0 296.0 286.0 299.0 295.0 294.0 294.0 298.0 294.0 288.0 292.0 278.0 288.0 286.0 287.0 288.0 284.0 286.0 288.0 282.0 268.0 269.0 277.0 279.0 286.0 294.0 286.0 272.0 261.0 267.0 273.0 273.0 270.0 283.0 293.0 291.0 286.0 266.0 279.0 288.0 272.0 275.0 283.0 282.0 288.0 286.0 285.0 284.0 282.0 290.0 294.0 290.0 306.0 309.0 298.0 297.0 293.0 286.0 280.0 298.0 280.0 289.0 291.0 290.0 294.0 284.0 297.0 277.0 293.0 286.0 275.0 281.0 283.0 286.0 290.0 295.0 275.0 285.0 290.0 280.0 296.0 293.0 293.0 272.0 273.0 273.0 267.0 267.0 284.0 295.0 285.0 284.0 284.0 290.0 285.0 278.0 288.0 274.0 277.0 273.0 269.0 283.0 285.0 273.0 276.0 270.0 279.0 302.0 286.0 273.0 278.0 283.0 275.0 280.0 277.0 282.0 286.0 293.0 286.0 281.0 280.0 287.0 292.0 281.0 267.0 276.0 267.0 267.0 287.0 275.0 291.0 271.0 264.0 269.0 272.0 298.0 301.0 281.0 279.0 276.0 293.0 288.0 289.0 282.0 280.0 289.0 292.0 285.0 285.0 286.0 294.0 291.0 250.51041666666657 63.262848848475684
5 187.0 188.0 192.0 194.0 186.0 198.0 183.0 173.0 192.0 209.0 182.0 192.0 184.0 189.0 189.0 184.0 189.0 195.0 182.0 190.0 186.0 185.0 192.0 193.0 191.0 197.0 184.0 184.0 188.0 184.0 188.0 186.0 184.0 187.0 182.0 217.0 238.0 230.0 193.0 210.0 222.0 245.0 238.0 202.0 202.0 201.0 193.0 193.0 191.0 187.0 196.0 179.0 154.0 159.0 163.0 167.0 159.0 145.0 140.0 145.0 173.0 192.0 189.0 186.0 190.0 186.0 193.0 187.0 195.0 197.0 196.0 187.0 207.0 216.0 207.0 215.0 201.0 211.0 238.0 277.0 233.0 232.0 293.0 251.0 256.0 245.0 232.0 216.0 225.0 241.0 265.0 278.0 275.0 273.0 276.0 280.0 279.0 280.0 267.0 267.0 267.0 271.0 277.0 287.0 285.0 271.0 275.0 274.0 277.0 276.0 281.0 279.0 285.0 287.0 284.0 282.0 275.0 280.0 287.0 284.0 278.0 281.0 276.0 275.0 271.0 275.0 267.0 254.0 262.0 264.0 269.0 269.0 274.0 262.0 258.0 264.0 267.0 265.0 260.0 274.0 272.0 272.0 277.0 281.0 268.0 280.0 273.0 287.0 285.0 292.0 292.0 289.0 288.0 289.0 286.0 281.0 291.0 298.0 301.0 290.0 290.0 289.0 294.0 290.0 285.0 279.0 283.0 291.0 272.0 272.0 273.0 284.0 283.0 271.0 292.0 295.0 296.0 294.0 279.0 286.0 285.0 286.0 286.0 292.0 292.0 283.0 292.0 282.0 297.0 291.0 286.0 285.0 282.0 298.0 290.0 291.0 300.0 282.0 287.0 282.0 286.0 287.0 287.0 296.0 291.0 286.0 281.0 279.0 266.0 264.0 286.0 289.0 287.0 288.0 277.0 276.0 273.0 272.0 266.0 279.0 294.0 279.0 276.0 275.0 267.0 278.0 279.0 274.0 275.0 287.0 285.0 282.0 270.0 286.0 290.0 283.0 281.0 290.0 281.0 286.0 283.0 290.0 280.0 281.0 282.0 289.0 283.0 280.0 280.0 276.0 275.0 285.0 277.0 274.0 269.0 272.0 274.0 267.0 270.0 274.0 276.0 258.0 260.0 258.0 256.0 273.0 273.0 274.0 278.0 285.0 281.0 285.0 293.0 292.0 301.0 284.0 286.0 289.0 292.0 287.0 282.0 285.0 283.0 284.0 276.0 282.0 277.0 274.0 254.486111111111 41.62701248943978
6 170.0 162.0 164.0 173.0 180.0 184.0 179.0 180.0 176.0 180.0 178.0 180.0 185.0 191.0 182.0 183.0 186.0 185.0 180.0 184.0 185.0 181.0 184.0 184.0 183.0 180.0 183.0 177.0 180.0 180.0 184.0 181.0 183.0 176.0 173.0 176.0 173.0 173.0 172.0 173.0 178.0 183.0 174.0 165.0 218.0 160.0 174.0 171.0 178.0 193.0 180.0 179.0 175.0 171.0 184.0 173.0 178.0 173.0 171.0 173.0 170.0 165.0 167.0 170.0 161.0 178.0 166.0 172.0 172.0 177.0 178.0 171.0 175.0 176.0 179.0 180.0 178.0 178.0 180.0 181.0 177.0 180.0 179.0 181.0 180.0 179.0 180.0 187.0 192.0 213.0 207.0 211.0 202.0 216.0 242.0 224.0 223.0 217.0 217.0 232.0 237.0 229.0 247.0 253.0 249.0 251.0 246.0 245.0 243.0 242.0 251.0 290.0 290.0 304.0 305.0 306.0 288.0 285.0 290.0 292.0 306.0 303.0 296.0 295.0 305.0 311.0 312.0 314.0 311.0 309.0 304.0 298.0 289.0 287.0 274.0 281.0 286.0 278.0 272.0 282.0 275.0 273.0 273.0 269.0 267.0 263.0 277.0 268.0 265.0 268.0 263.0 274.0 277.0 280.0 276.0 283.0 288.0 285.0 283.0 286.0 280.0 284.0 299.0 260.0 277.0 274.0 280.0 288.0 276.0 273.0 280.0 281.0 285.0 291.0 289.0 292.0 293.0 302.0 298.0 294.0 291.0 285.0 276.0 273.0 293.0 292.0 285.0 289.0 280.0 278.0 297.0 291.0 291.0 292.0 285.0 290.0 278.0 267.0 279.0 273.0 282.0 289.0 286.0 279.0 284.0 289.0 281.0 281.0 276.0 275.0 269.0 255.0 282.0 286.0 268.0 268.0 282.0 274.0 277.0 279.0 272.0 287.0 290.0 300.0 275.0 277.0 284.0 279.0 279.0 276.0 288.0 287.0 296.0 291.0 283.0 280.0 292.0 280.0 291.0 284.0 284.0 286.0 290.0 280.0 276.0 295.0 288.0 287.0 286.0 284.0 292.0 283.0 288.0 286.0 285.0 285.0 290.0 283.0 273.0 272.0 272.0 277.0 270.0 276.0 259.0 270.0 271.0 277.0 279.0 281.0 279.0 295.0 288.0 283.0 290.0 287.0 285.0 289.0 288.0 289.0 281.0 277.0 288.0 282.0 288.0 290.0 291.0 289.0 247.20138888888903 49.55988597359595
7 79.0 84.0 80.0 86.0 93.0 97.0 101.0 97.0 98.0 84.0 84.0 100.0 111.0 111.0 134.0 211.0 200.0 205.0 210.0 213.0 221.0 221.0 223.0 225.0 229.0 237.0 215.0 207.0 224.0 228.0 228.0 227.0 191.0 119.0 108.0 106.0 89.0 83.0 85.0 83.0 86.0 87.0 90.0 89.0 83.0 83.0 82.0 81.0 80.0 82.0 87.0 89.0 84.0 87.0 94.0 92.0 95.0 83.0 79.0 91.0 91.0 75.0 93.0 83.0 73.0 79.0 96.0 107.0 104.0 91.0 91.0 93.0 88.0 94.0 115.0 136.0 112.0 100.0 102.0 98.0 85.0 72.0 82.0 120.0 121.0 93.0 83.0 45.0 4.0 10.0 82.0 64.0 44.0 95.0 119.0 105.0 114.0 108.0 121.0 105.0 79.0 78.0 130.0 138.0 150.0 162.0 287.0 264.0 199.0 215.0 214.0 300.0 308.0 283.0 281.0 274.0 276.0 281.0 277.0 264.0 274.0 273.0 279.0 277.0 276.0 280.0 278.0 278.0 276.0 275.0 278.0 273.0 272.0 272.0 270.0 266.0 269.0 262.0 272.0 275.0 278.0 274.0 274.0 277.0 278.0 280.0 277.0 269.0 277.0 271.0 267.0 275.0 268.0 270.0 272.0 272.0 264.0 260.0 274.0 277.0 275.0 264.0 270.0 267.0 270.0 289.0 269.0 275.0 276.0 291.0 271.0 293.0 299.0 290.0 285.0 305.0 294.0 291.0 286.0 300.0 295.0 297.0 284.0 290.0 279.0 302.0 324.0 304.0 297.0 285.0 286.0 303.0 287.0 288.0 297.0 292.0 305.0 292.0 310.0 301.0 294.0 305.0 301.0 297.0 281.0 290.0 298.0 283.0 285.0 296.0 303.0 296.0 287.0 281.0 289.0 280.0 286.0 299.0 292.0 297.0 284.0 293.0 286.0 288.0 310.0 305.0 292.0 292.0 284.0 287.0 300.0 300.0 301.0 298.0 294.0 287.0 294.0 290.0 279.0 284.0 285.0 293.0 286.0 286.0 295.0 282.0 281.0 303.0 292.0 288.0 276.0 277.0 274.0 275.0 268.0 272.0 276.0 278.0 286.0 293.0 289.0 281.0 293.0 296.0 314.0 302.0 313.0 297.0 289.0 291.0 281.0 280.0 278.0 272.0 280.0 285.0 280.0 276.0 274.0 268.0 262.0 268.0 268.0 270.0 274.0 279.0 277.0 272.0 220.7430555555557 88.29269083419386
8 208.0 203.0 207.0 205.0 203.0 206.0 208.0 199.0 205.0 205.0 213.0 212.0 208.0 212.0 216.0 214.0 222.0 235.0 243.0 237.0 241.0 242.0 225.0 222.0 248.0 253.0 259.0 269.0 253.0 281.0 296.0 314.0 291.0 284.0 290.0 295.0 274.0 293.0 301.0 308.0 282.0 317.0 44.0 32.0 13.0 21.0 26.0 24.0 8.0 343.0 334.0 333.0 336.0 337.0 336.0 339.0 337.0 332.0 312.0 268.0 291.0 218.0 107.0 147.0 196.0 278.0 315.0 313.0 288.0 0.0 0.0 0.0 274.0 274.0 274.0 160.0 327.0 328.0 339.0 346.0 316.0 345.0 314.0 315.0 16.0 84.0 91.0 91.0 97.0 110.0 116.0 30.0 52.0 45.0 44.0 44.0 45.0 45.0 142.0 281.0 312.0 306.0 266.0 127.0 302.0 340.0 227.0 238.0 155.0 105.0 90.0 24.0 312.0 274.0 224.0 234.0 321.0 325.0 314.0 311.0 308.0 311.0 302.0 295.0 293.0 286.0 288.0 290.0 291.0 299.0 322.0 259.0 258.0 244.0 241.0 244.0 255.0 260.0 246.0 256.0 255.0 237.0 232.0 232.0 223.0 222.0 259.0 188.0 192.0 262.0 185.0 196.0 212.0 215.0 213.0 222.0 207.0 207.0 214.0 248.0 210.0 220.0 219.0 226.0 223.0 217.0 233.0 253.0 291.0 234.0 237.0 293.0 278.0 256.0 283.0 278.0 244.0 267.0 305.0 255.0 320.0 319.0 290.0 318.0 295.0 302.0 311.0 301.0 283.0 290.0 294.0 294.0 286.0 257.0 296.0 313.0 247.0 298.0 296.0 322.0 272.0 286.0 263.0 309.0 271.0 257.0 262.0 304.0 287.0 300.0 303.0 306.0 288.0 300.0 276.0 303.0 272.0 311.0 301.0 283.0 273.0 297.0 281.0 288.0 255.0 308.0 278.0 278.0 278.0 284.0 273.0 279.0 253.0 256.0 265.0 291.0 284.0 269.0 296.0 305.0 292.0 305.0 277.0 315.0 190.0 288.0 328.0 301.0 262.0 277.0 320.0 313.0 318.0 233.0 299.0 302.0 262.0 296.0 306.0 319.0 286.0 297.0 288.0 297.0 301.0 314.0 290.0 304.0 306.0 322.0 290.0 298.0 293.0 291.0 291.0 301.0 283.0 289.0 301.0 270.0 273.0 283.0 268.0 269.0 164.0 270.0 276.0 292.0 250.19791666666669 77.89400729164731
9 190.0 173.0 183.0 178.0 192.0 187.0 186.0 180.0 187.0 183.0 180.0 186.0 196.0 190.0 186.0 190.0 187.0 181.0 176.0 177.0 189.0 196.0 183.0 182.0 186.0 179.0 215.0 185.0 184.0 260.0 250.0 228.0 241.0 225.0 239.0 215.0 302.0 339.0 351.0 354.0 173.0 177.0 173.0 178.0 177.0 194.0 161.0 180.0 154.0 322.0 185.0 182.0 184.0 177.0 190.0 214.0 205.0 214.0 210.0 193.0 179.0 196.0 189.0 197.0 198.0 209.0 192.0 216.0 212.0 221.0 204.0 194.0 185.0 184.0 189.0 192.0 181.0 175.0 176.0 170.0 179.0 185.0 177.0 189.0 197.0 193.0 194.0 185.0 185.0 179.0 182.0 186.0 177.0 175.0 174.0 178.0 167.0 174.0 182.0 182.0 182.0 185.0 179.0 172.0 185.0 182.0 192.0 189.0 181.0 179.0 182.0 183.0 189.0 189.0 193.0 196.0 205.0 220.0 203.0 201.0 201.0 194.0 199.0 198.0 201.0 188.0 210.0 194.0 188.0 191.0 201.0 194.0 193.0 191.0 189.0 186.0 194.0 191.0 191.0 188.0 197.0 266.0 302.0 290.0 288.0 281.0 277.0 283.0 289.0 292.0 245.0 227.0 141.0 195.0 192.0 237.0 278.0 293.0 324.0 315.0 315.0 295.0 289.0 299.0 321.0 333.0 336.0 307.0 323.0 308.0 320.0 317.0 322.0 328.0 307.0 293.0 298.0 303.0 263.0 317.0 320.0 320.0 318.0 308.0 289.0 325.0 315.0 333.0 314.0 283.0 315.0 286.0 281.0 268.0 282.0 304.0 330.0 321.0 330.0 325.0 327.0 315.0 294.0 320.0 322.0 320.0 315.0 333.0 318.0 311.0 306.0 284.0 293.0 284.0 304.0 301.0 294.0 285.0 285.0 334.0 318.0 319.0 306.0 312.0 304.0 310.0 297.0 317.0 298.0 326.0 334.0 341.0 334.0 341.0 341.0 314.0 335.0 328.0 327.0 292.0 292.0 299.0 330.0 320.0 317.0 324.0 341.0 328.0 320.0 319.0 329.0 337.0 324.0 327.0 321.0 340.0 335.0 313.0 293.0 330.0 331.0 332.0 331.0 322.0 317.0 320.0 332.0 324.0 335.0 316.0 321.0 325.0 322.0 322.0 331.0 335.0 323.0 326.0 332.0 341.0 318.0 317.0 335.0 328.0 312.0 329.0 332.0 310.0 253.72222222222203 64.20909272117058
END
#################################################################
SECTION3 (Edges Information)
EndPoint0 EndPoint1 Weight
0 1 1.000000
1 2 1.000000
2 3 1.000000
3 4 1.000000
3 5 1.000000
4 5 1.000000
4 6 1.000000
5 6 1.000000
5 7 1.000000
6 7 1.000000
7 8 1.000000
7 9 1.000000
8 9 1.000000
0 1 1.000000
1 2 1.000000
2 3 1.000000
3 4 1.000000
3 5 1.000000
4 5 1.000000
4 6 1.000000
5 6 1.000000
5 7 1.000000
6 7 1.000000
7 8 1.000000
7 9 1.000000
8 9 1.000000
0 1 1.000000
1 2 1.000000
2 3 1.000000
3 4 1.000000
3 5 1.000000
4 5 1.000000
4 6 1.000000
5 6 1.000000
5 7 1.000000
6 7 1.000000
7 8 1.000000
7 9 1.000000
8 9 1.000000
0 1 1.000000
1 2 1.000000
2 3 1.000000
3 4 1.000000
3 5 1.000000
4 5 1.000000
4 6 1.000000
5 6 1.000000
5 7 1.000000
6 7 1.000000
7 8 1.000000
7 9 1.000000
8 9 1.000000
0 1 1.000000
1 2 1.000000
2 3 1.000000
3 4 1.000000
3 5 1.000000
4 5 1.000000
4 6 1.000000
5 6 1.000000
5 7 1.000000
6 7 1.000000
7 8 1.000000
7 9 1.000000
8 9 1.000000
END
#################################################################
SECTION4 (TrueSubGraph Information)
EndPoint0 EndPoint1 Weight
END
#################################################################
