#################################################################
#APDM Input Graph, this input graph includes 3 sections:
#section1 : general information
#section2 : nodes
#section3 : edges
#section4 : trueSubGraph (Optional)
#
#if nodes haven't information set weight to null
#################################################################
SECTION1 (General Information)
numNodes = 10
numEdges = 39
usedAlgorithm = NULL
dataSource = TransWeatherRealData
END
#################################################################
SECTION2 (Nodes Information)
NodeID windDir  mean  std 
0 340.0 17.0 38.0 47.0 59.0 73.0 88.0 25.0 39.0 76.0 100.0 122.0 121.0 106.0 126.0 132.0 126.0 127.0 139.0 141.0 144.0 147.0 151.0 169.0 175.0 177.0 177.0 175.0 172.0 171.0 177.0 180.0 176.0 179.0 181.0 187.0 178.0 171.0 171.0 177.0 179.0 177.0 184.0 173.0 161.0 161.0 178.0 194.0 195.0 201.0 201.0 190.0 185.0 181.0 184.0 190.0 192.0 197.0 192.0 190.0 189.0 188.0 185.0 173.0 173.0 170.0 173.0 181.0 186.0 190.0 193.0 193.0 201.0 206.0 201.0 193.0 187.0 184.0 185.0 180.0 174.0 176.0 178.0 174.0 181.0 185.0 178.0 177.0 175.0 171.0 170.0 173.0 175.0 170.0 177.0 192.0 209.0 218.0 241.0 287.0 277.0 268.0 288.0 269.0 273.0 286.0 292.0 285.0 275.0 272.0 261.0 262.0 266.0 264.0 261.0 256.0 247.0 233.0 242.0 243.0 239.0 230.0 228.0 234.0 233.0 241.0 234.0 237.0 240.0 242.0 245.0 247.0 247.0 248.0 244.0 244.0 248.0 245.0 242.0 241.0 246.0 242.0 249.0 243.0 239.0 240.0 241.0 239.0 250.0 250.0 251.0 252.0 255.0 246.0 248.0 242.0 247.0 246.0 242.0 246.0 242.0 247.0 245.0 243.0 241.0 239.0 239.0 243.0 247.0 244.0 233.0 246.0 241.0 243.0 247.0 252.0 255.0 256.0 256.0 259.0 258.0 247.0 247.0 246.0 255.0 257.0 258.0 262.0 253.0 246.0 241.0 252.0 258.0 251.0 248.0 253.0 252.0 253.0 251.0 247.0 246.0 241.0 246.0 247.0 248.0 249.0 256.0 249.0 246.0 242.0 247.0 257.0 253.0 245.0 251.0 248.0 246.0 253.0 258.0 261.0 251.0 243.0 246.0 261.0 257.0 253.0 263.0 252.0 251.0 246.0 246.0 260.0 260.0 247.0 256.0 259.0 256.0 261.0 263.0 270.0 254.0 261.0 265.0 261.0 254.0 265.0 282.0 276.0 257.0 265.0 269.0 249.0 254.0 249.0 248.0 250.0 258.0 258.0 257.0 252.0 256.0 254.0 258.0 261.0 263.0 262.0 262.0 257.0 253.0 254.0 260.0 266.0 259.0 255.0 247.0 256.0 261.0 251.0 262.0 255.0 254.0 256.0 255.0 256.0 256.0 252.0 249.0 245.0 222.70486111111097 50.097254307788646
1 170.0 179.0 180.0 175.0 179.0 180.0 194.0 197.0 198.0 200.0 192.0 205.0 193.0 197.0 196.0 196.0 191.0 182.0 187.0 180.0 178.0 172.0 177.0 171.0 176.0 177.0 168.0 173.0 169.0 168.0 170.0 176.0 179.0 174.0 173.0 181.0 175.0 182.0 184.0 182.0 188.0 185.0 180.0 183.0 185.0 176.0 181.0 177.0 183.0 188.0 186.0 189.0 177.0 173.0 169.0 180.0 176.0 171.0 181.0 185.0 182.0 178.0 181.0 176.0 182.0 182.0 168.0 172.0 176.0 175.0 170.0 182.0 170.0 172.0 179.0 176.0 173.0 176.0 172.0 182.0 179.0 183.0 181.0 184.0 177.0 184.0 182.0 169.0 170.0 170.0 171.0 176.0 177.0 168.0 170.0 165.0 172.0 180.0 165.0 183.0 182.0 181.0 179.0 182.0 182.0 185.0 183.0 182.0 186.0 183.0 185.0 189.0 191.0 193.0 187.0 186.0 184.0 178.0 181.0 188.0 198.0 182.0 185.0 172.0 181.0 180.0 198.0 272.0 287.0 290.0 293.0 293.0 296.0 295.0 290.0 294.0 291.0 267.0 237.0 206.0 176.0 218.0 239.0 213.0 214.0 226.0 246.0 206.0 173.0 156.0 172.0 273.0 177.0 180.0 131.0 81.0 103.0 148.0 157.0 53.0 294.0 245.0 247.0 248.0 229.0 227.0 244.0 212.0 246.0 282.0 255.0 263.0 264.0 240.0 241.0 238.0 231.0 239.0 290.0 281.0 282.0 258.0 258.0 259.0 263.0 259.0 271.0 276.0 252.0 265.0 255.0 261.0 232.0 244.0 243.0 251.0 281.0 276.0 285.0 288.0 273.0 277.0 254.0 285.0 281.0 281.0 280.0 278.0 276.0 290.0 295.0 293.0 266.0 275.0 296.0 285.0 293.0 283.0 287.0 284.0 268.0 264.0 299.0 270.0 302.0 283.0 290.0 291.0 289.0 279.0 264.0 270.0 304.0 306.0 310.0 309.0 306.0 306.0 307.0 299.0 283.0 281.0 305.0 304.0 301.0 301.0 301.0 301.0 308.0 308.0 298.0 285.0 271.0 278.0 293.0 281.0 277.0 283.0 292.0 303.0 302.0 294.0 306.0 305.0 310.0 289.0 302.0 292.0 278.0 296.0 301.0 284.0 286.0 291.0 270.0 255.0 273.0 254.0 252.0 252.0 264.0 262.0 273.0 266.0 258.0 271.0 266.0 285.0 227.32291666666654 53.17196376697252
2 166.0 167.0 171.0 176.0 174.0 172.0 179.0 173.0 175.0 169.0 165.0 163.0 162.0 166.0 166.0 172.0 173.0 172.0 171.0 163.0 161.0 159.0 160.0 161.0 161.0 162.0 160.0 166.0 166.0 161.0 161.0 161.0 164.0 166.0 166.0 167.0 163.0 164.0 163.0 160.0 163.0 162.0 162.0 162.0 166.0 162.0 164.0 163.0 170.0 170.0 166.0 166.0 170.0 168.0 170.0 167.0 176.0 171.0 170.0 171.0 168.0 167.0 165.0 170.0 168.0 168.0 164.0 166.0 166.0 172.0 167.0 166.0 164.0 167.0 162.0 158.0 154.0 162.0 161.0 160.0 164.0 162.0 158.0 163.0 161.0 160.0 160.0 161.0 159.0 158.0 163.0 170.0 156.0 158.0 160.0 160.0 161.0 168.0 161.0 162.0 160.0 163.0 163.0 161.0 166.0 160.0 168.0 164.0 163.0 160.0 157.0 160.0 159.0 166.0 162.0 166.0 158.0 162.0 163.0 166.0 158.0 158.0 163.0 162.0 162.0 170.0 173.0 168.0 161.0 158.0 163.0 164.0 163.0 164.0 166.0 167.0 167.0 165.0 170.0 179.0 240.0 256.0 267.0 262.0 253.0 250.0 258.0 234.0 202.0 205.0 192.0 174.0 189.0 204.0 211.0 211.0 200.0 192.0 189.0 180.0 180.0 178.0 174.0 182.0 198.0 198.0 198.0 193.0 198.0 199.0 192.0 191.0 198.0 189.0 200.0 217.0 211.0 209.0 212.0 242.0 224.0 239.0 226.0 226.0 240.0 245.0 247.0 247.0 242.0 240.0 240.0 232.0 203.0 211.0 210.0 212.0 209.0 227.0 238.0 239.0 256.0 258.0 269.0 248.0 250.0 246.0 259.0 266.0 265.0 269.0 267.0 267.0 280.0 284.0 281.0 271.0 272.0 275.0 281.0 290.0 283.0 284.0 285.0 287.0 286.0 285.0 273.0 296.0 292.0 290.0 278.0 272.0 278.0 276.0 278.0 290.0 280.0 267.0 264.0 266.0 271.0 277.0 274.0 281.0 269.0 268.0 280.0 271.0 269.0 266.0 272.0 273.0 277.0 278.0 270.0 277.0 281.0 271.0 276.0 269.0 276.0 278.0 277.0 287.0 283.0 272.0 277.0 294.0 303.0 295.0 276.0 278.0 281.0 288.0 291.0 291.0 283.0 284.0 286.0 278.0 285.0 293.0 293.0 299.0 298.0 301.0 303.0 310.0 209.97569444444454 51.2221652078014
3 163.0 170.0 165.0 166.0 168.0 161.0 160.0 156.0 152.0 145.0 142.0 151.0 161.0 157.0 159.0 164.0 168.0 170.0 167.0 161.0 165.0 170.0 166.0 172.0 178.0 184.0 185.0 177.0 185.0 189.0 183.0 181.0 175.0 170.0 174.0 166.0 157.0 168.0 173.0 174.0 169.0 175.0 173.0 171.0 173.0 172.0 176.0 178.0 179.0 179.0 168.0 172.0 169.0 170.0 166.0 165.0 163.0 168.0 170.0 166.0 174.0 169.0 163.0 165.0 162.0 167.0 163.0 164.0 162.0 163.0 164.0 167.0 175.0 167.0 163.0 166.0 166.0 153.0 150.0 154.0 161.0 163.0 164.0 166.0 159.0 161.0 163.0 168.0 169.0 168.0 176.0 182.0 178.0 185.0 172.0 176.0 165.0 166.0 169.0 166.0 167.0 171.0 177.0 171.0 167.0 165.0 185.0 173.0 166.0 168.0 169.0 158.0 168.0 173.0 177.0 176.0 178.0 170.0 173.0 173.0 175.0 173.0 170.0 178.0 182.0 179.0 182.0 180.0 182.0 185.0 181.0 182.0 178.0 178.0 183.0 177.0 172.0 171.0 172.0 176.0 175.0 178.0 177.0 179.0 181.0 200.0 202.0 243.0 223.0 247.0 238.0 226.0 214.0 217.0 224.0 209.0 213.0 221.0 235.0 236.0 225.0 220.0 228.0 220.0 203.0 203.0 210.0 219.0 222.0 225.0 223.0 229.0 220.0 219.0 229.0 240.0 233.0 219.0 225.0 232.0 221.0 233.0 228.0 220.0 229.0 218.0 218.0 227.0 234.0 236.0 223.0 235.0 229.0 224.0 224.0 215.0 218.0 216.0 239.0 210.0 212.0 207.0 212.0 224.0 231.0 219.0 249.0 240.0 244.0 236.0 228.0 221.0 217.0 221.0 221.0 224.0 249.0 274.0 268.0 256.0 259.0 239.0 248.0 262.0 273.0 263.0 248.0 262.0 269.0 284.0 263.0 262.0 278.0 276.0 280.0 268.0 281.0 275.0 297.0 328.0 304.0 318.0 328.0 318.0 311.0 302.0 298.0 301.0 296.0 305.0 310.0 307.0 296.0 294.0 294.0 282.0 279.0 288.0 291.0 299.0 283.0 289.0 294.0 276.0 298.0 287.0 282.0 285.0 290.0 293.0 287.0 278.0 286.0 276.0 267.0 263.0 276.0 285.0 269.0 275.0 266.0 271.0 277.0 275.0 277.0 276.0 273.0 268.0 211.26736111111097 48.00255557927019
4 108.0 111.0 120.0 126.0 130.0 126.0 126.0 126.0 122.0 131.0 138.0 143.0 0.0 0.0 0.0 87.0 85.0 103.0 122.0 114.0 75.0 91.0 107.0 117.0 112.0 125.0 145.0 150.0 143.0 119.0 124.0 126.0 128.0 116.0 125.0 131.0 131.0 143.0 143.0 156.0 147.0 136.0 132.0 140.0 124.0 121.0 126.0 136.0 151.0 156.0 160.0 156.0 155.0 165.0 160.0 150.0 147.0 144.0 150.0 153.0 149.0 157.0 152.0 143.0 146.0 143.0 142.0 141.0 148.0 149.0 150.0 157.0 153.0 157.0 154.0 149.0 152.0 159.0 161.0 162.0 171.0 165.0 163.0 156.0 152.0 160.0 157.0 156.0 157.0 160.0 162.0 164.0 155.0 157.0 162.0 165.0 157.0 156.0 156.0 152.0 149.0 146.0 150.0 153.0 153.0 157.0 159.0 154.0 153.0 151.0 128.0 129.0 135.0 137.0 130.0 138.0 127.0 131.0 133.0 128.0 133.0 135.0 140.0 145.0 140.0 140.0 141.0 150.0 142.0 134.0 157.0 172.0 161.0 165.0 167.0 165.0 164.0 154.0 154.0 159.0 160.0 155.0 157.0 160.0 161.0 153.0 155.0 151.0 151.0 152.0 162.0 169.0 172.0 172.0 170.0 174.0 185.0 192.0 200.0 206.0 215.0 216.0 215.0 234.0 231.0 231.0 237.0 230.0 239.0 226.0 229.0 250.0 269.0 260.0 261.0 261.0 274.0 271.0 269.0 264.0 253.0 240.0 242.0 242.0 256.0 243.0 257.0 256.0 232.0 256.0 261.0 252.0 252.0 260.0 258.0 256.0 236.0 247.0 237.0 228.0 241.0 244.0 233.0 219.0 219.0 231.0 232.0 243.0 236.0 218.0 222.0 222.0 217.0 236.0 203.0 230.0 263.0 273.0 306.0 304.0 300.0 293.0 287.0 298.0 290.0 300.0 271.0 303.0 300.0 296.0 296.0 296.0 295.0 298.0 292.0 288.0 274.0 286.0 291.0 296.0 295.0 301.0 293.0 292.0 292.0 296.0 281.0 291.0 289.0 303.0 283.0 287.0 280.0 281.0 285.0 286.0 292.0 289.0 291.0 283.0 304.0 295.0 286.0 281.0 280.0 288.0 289.0 288.0 295.0 296.0 280.0 277.0 283.0 283.0 286.0 285.0 295.0 287.0 294.0 291.0 285.0 285.0 282.0 284.0 290.0 285.0 284.0 281.0 198.5208333333334 68.16816353081374
5 103.0 103.0 103.0 99.0 101.0 104.0 105.0 105.0 101.0 106.0 103.0 102.0 100.0 106.0 102.0 99.0 99.0 121.0 266.0 321.0 53.0 78.0 92.0 99.0 110.0 110.0 109.0 106.0 97.0 93.0 97.0 99.0 105.0 109.0 119.0 116.0 117.0 138.0 150.0 153.0 166.0 158.0 156.0 156.0 159.0 170.0 175.0 176.0 175.0 176.0 180.0 181.0 186.0 190.0 195.0 188.0 192.0 202.0 193.0 187.0 198.0 185.0 191.0 176.0 175.0 174.0 171.0 174.0 167.0 176.0 180.0 168.0 173.0 162.0 166.0 155.0 153.0 158.0 162.0 165.0 163.0 166.0 159.0 159.0 131.0 130.0 143.0 153.0 158.0 161.0 163.0 160.0 160.0 162.0 157.0 154.0 150.0 153.0 158.0 151.0 148.0 154.0 156.0 159.0 152.0 139.0 148.0 151.0 152.0 158.0 148.0 147.0 145.0 134.0 139.0 141.0 141.0 142.0 146.0 151.0 147.0 144.0 139.0 134.0 145.0 151.0 138.0 157.0 143.0 134.0 114.0 104.0 109.0 121.0 132.0 122.0 145.0 172.0 165.0 166.0 177.0 192.0 177.0 186.0 170.0 183.0 186.0 193.0 180.0 162.0 171.0 152.0 155.0 143.0 159.0 174.0 156.0 153.0 154.0 159.0 170.0 178.0 178.0 178.0 183.0 180.0 183.0 190.0 199.0 207.0 191.0 224.0 197.0 200.0 195.0 191.0 188.0 181.0 180.0 196.0 201.0 223.0 221.0 220.0 220.0 236.0 245.0 261.0 264.0 265.0 258.0 252.0 258.0 265.0 267.0 268.0 266.0 275.0 270.0 258.0 267.0 265.0 280.0 264.0 266.0 265.0 272.0 277.0 272.0 287.0 283.0 279.0 282.0 279.0 284.0 280.0 275.0 275.0 260.0 275.0 278.0 265.0 280.0 279.0 273.0 276.0 244.0 249.0 253.0 251.0 247.0 264.0 263.0 257.0 271.0 268.0 272.0 282.0 292.0 278.0 280.0 283.0 277.0 285.0 286.0 284.0 276.0 278.0 271.0 277.0 279.0 284.0 291.0 294.0 303.0 285.0 293.0 295.0 308.0 309.0 307.0 302.0 291.0 293.0 281.0 282.0 281.0 282.0 285.0 277.0 273.0 280.0 276.0 279.0 272.0 272.0 278.0 276.0 280.0 278.0 280.0 289.0 288.0 286.0 285.0 283.0 279.0 291.0 198.15972222222203 65.17376005130981
6 135.0 127.0 108.0 141.0 132.0 121.0 123.0 122.0 118.0 112.0 107.0 123.0 108.0 107.0 108.0 116.0 122.0 122.0 155.0 110.0 120.0 122.0 125.0 143.0 120.0 139.0 120.0 127.0 139.0 119.0 125.0 134.0 136.0 145.0 148.0 132.0 155.0 165.0 168.0 164.0 162.0 165.0 170.0 176.0 173.0 172.0 176.0 176.0 176.0 180.0 178.0 173.0 174.0 170.0 178.0 171.0 171.0 174.0 183.0 176.0 178.0 178.0 177.0 179.0 180.0 176.0 176.0 176.0 178.0 173.0 173.0 175.0 178.0 182.0 181.0 180.0 179.0 175.0 173.0 174.0 182.0 187.0 182.0 174.0 171.0 170.0 170.0 169.0 165.0 168.0 171.0 166.0 169.0 169.0 168.0 171.0 174.0 178.0 174.0 164.0 163.0 169.0 171.0 165.0 175.0 152.0 160.0 162.0 165.0 151.0 167.0 153.0 159.0 158.0 153.0 164.0 161.0 162.0 145.0 159.0 162.0 160.0 156.0 148.0 151.0 161.0 156.0 157.0 141.0 152.0 153.0 151.0 157.0 153.0 123.0 143.0 150.0 144.0 125.0 107.0 129.0 137.0 166.0 153.0 136.0 111.0 129.0 144.0 142.0 162.0 167.0 164.0 159.0 154.0 164.0 154.0 150.0 151.0 143.0 166.0 167.0 149.0 130.0 124.0 146.0 166.0 162.0 158.0 160.0 158.0 167.0 165.0 163.0 158.0 169.0 166.0 166.0 167.0 171.0 178.0 172.0 173.0 171.0 171.0 172.0 175.0 185.0 178.0 179.0 179.0 183.0 210.0 221.0 232.0 192.0 195.0 182.0 187.0 206.0 189.0 184.0 189.0 207.0 241.0 240.0 229.0 229.0 238.0 232.0 239.0 236.0 239.0 238.0 240.0 242.0 241.0 249.0 255.0 262.0 252.0 252.0 256.0 263.0 264.0 274.0 259.0 268.0 244.0 264.0 275.0 246.0 251.0 258.0 273.0 267.0 265.0 262.0 279.0 261.0 262.0 256.0 271.0 264.0 263.0 272.0 283.0 280.0 271.0 277.0 286.0 271.0 302.0 306.0 291.0 291.0 291.0 293.0 316.0 307.0 306.0 286.0 299.0 300.0 292.0 286.0 285.0 292.0 290.0 281.0 279.0 286.0 291.0 293.0 279.0 284.0 281.0 280.0 289.0 285.0 279.0 280.0 277.0 274.0 282.0 279.0 290.0 291.0 285.0 192.0972222222221 55.75229180076414
7 86.0 94.0 86.0 87.0 91.0 94.0 83.0 81.0 92.0 94.0 102.0 111.0 126.0 138.0 141.0 148.0 149.0 149.0 151.0 154.0 157.0 160.0 160.0 158.0 149.0 148.0 146.0 146.0 143.0 145.0 150.0 155.0 151.0 147.0 149.0 145.0 141.0 141.0 145.0 140.0 138.0 130.0 132.0 128.0 133.0 132.0 348.0 3.0 14.0 55.0 52.0 46.0 57.0 25.0 27.0 52.0 68.0 84.0 88.0 91.0 96.0 93.0 98.0 102.0 99.0 98.0 91.0 97.0 103.0 101.0 103.0 95.0 94.0 88.0 86.0 89.0 90.0 85.0 95.0 104.0 94.0 90.0 89.0 96.0 96.0 98.0 97.0 90.0 93.0 90.0 87.0 91.0 94.0 99.0 93.0 98.0 91.0 89.0 88.0 89.0 91.0 84.0 80.0 80.0 94.0 111.0 107.0 36.0 61.0 184.0 129.0 107.0 99.0 86.0 95.0 95.0 88.0 82.0 84.0 83.0 100.0 117.0 111.0 96.0 93.0 90.0 88.0 102.0 101.0 94.0 90.0 83.0 81.0 84.0 84.0 76.0 80.0 84.0 82.0 83.0 86.0 90.0 87.0 90.0 84.0 83.0 82.0 80.0 82.0 81.0 72.0 73.0 77.0 83.0 93.0 87.0 86.0 71.0 85.0 81.0 80.0 70.0 81.0 73.0 57.0 72.0 75.0 70.0 75.0 82.0 76.0 73.0 76.0 78.0 71.0 78.0 84.0 87.0 81.0 79.0 70.0 60.0 60.0 78.0 67.0 67.0 65.0 49.0 61.0 64.0 69.0 66.0 63.0 53.0 37.0 28.0 10.0 1.0 68.0 54.0 97.0 89.0 57.0 31.0 48.0 118.0 20.0 325.0 309.0 317.0 14.0 52.0 49.0 17.0 0.0 16.0 335.0 331.0 338.0 325.0 341.0 323.0 314.0 303.0 255.0 237.0 236.0 222.0 225.0 250.0 235.0 231.0 238.0 224.0 247.0 262.0 253.0 286.0 261.0 250.0 239.0 222.0 219.0 234.0 286.0 272.0 303.0 332.0 4.0 27.0 27.0 42.0 90.0 138.0 176.0 162.0 155.0 170.0 259.0 237.0 237.0 236.0 191.0 249.0 253.0 184.0 258.0 302.0 314.0 307.0 145.0 164.0 165.0 165.0 167.0 171.0 173.0 180.0 203.0 238.0 244.0 250.0 269.0 280.0 288.0 291.0 291.0 292.0 128.2395833333334 80.46594424847017
8 349.0 343.0 345.0 346.0 341.0 337.0 346.0 2.0 319.0 296.0 336.0 357.0 127.0 266.0 252.0 225.0 256.0 240.0 248.0 243.0 251.0 243.0 232.0 232.0 227.0 217.0 213.0 221.0 240.0 260.0 250.0 238.0 232.0 242.0 219.0 227.0 238.0 242.0 233.0 246.0 229.0 239.0 230.0 220.0 208.0 253.0 266.0 248.0 236.0 242.0 240.0 244.0 230.0 243.0 240.0 225.0 216.0 206.0 207.0 219.0 211.0 199.0 209.0 210.0 205.0 216.0 217.0 221.0 218.0 226.0 228.0 219.0 220.0 236.0 221.0 224.0 233.0 211.0 232.0 252.0 227.0 224.0 214.0 178.0 198.0 297.0 242.0 224.0 247.0 235.0 227.0 225.0 222.0 213.0 238.0 336.0 230.0 231.0 145.0 101.0 97.0 332.0 343.0 6.0 14.0 23.0 337.0 319.0 350.0 339.0 67.0 325.0 310.0 356.0 340.0 349.0 129.0 117.0 36.0 249.0 53.0 64.0 351.0 341.0 304.0 99.0 91.0 35.0 344.0 31.0 71.0 96.0 74.0 85.0 68.0 10.0 65.0 353.0 166.0 117.0 0.0 0.0 47.0 3.0 36.0 24.0 22.0 83.0 114.0 118.0 79.0 83.0 188.0 218.0 214.0 213.0 217.0 224.0 220.0 212.0 213.0 165.0 77.0 57.0 101.0 118.0 110.0 196.0 32.0 79.0 69.0 81.0 86.0 74.0 80.0 69.0 108.0 69.0 71.0 83.0 87.0 92.0 92.0 92.0 318.0 88.0 83.0 81.0 84.0 64.0 51.0 42.0 66.0 90.0 109.0 91.0 330.0 107.0 87.0 101.0 95.0 99.0 97.0 85.0 65.0 77.0 47.0 79.0 56.0 48.0 100.0 126.0 47.0 54.0 55.0 38.0 100.0 0.0 0.0 124.0 0.0 195.0 185.0 206.0 219.0 225.0 216.0 241.0 220.0 216.0 213.0 204.0 215.0 205.0 252.0 301.0 312.0 316.0 319.0 263.0 251.0 247.0 290.0 281.0 219.0 276.0 290.0 217.0 220.0 213.0 207.0 212.0 189.0 189.0 195.0 241.0 222.0 190.0 186.0 165.0 171.0 198.0 311.0 300.0 333.0 319.0 320.0 310.0 288.0 312.0 316.0 273.0 268.0 269.0 287.0 285.0 299.0 299.0 309.0 255.0 267.0 282.0 285.0 303.0 268.0 263.0 261.0 279.0 193.71180555555546 96.32684415799893
9 170.0 189.0 0.0 0.0 246.0 246.0 262.0 331.0 329.0 181.0 232.0 279.0 280.0 246.0 123.0 0.0 137.0 208.0 255.0 235.0 233.0 222.0 237.0 233.0 218.0 210.0 202.0 190.0 199.0 196.0 189.0 184.0 201.0 193.0 186.0 190.0 184.0 198.0 194.0 186.0 190.0 196.0 218.0 210.0 200.0 227.0 238.0 357.0 121.0 184.0 216.0 221.0 214.0 204.0 164.0 180.0 190.0 185.0 174.0 178.0 267.0 258.0 175.0 320.0 304.0 290.0 292.0 284.0 151.0 144.0 301.0 6.0 6.0 27.0 344.0 338.0 5.0 16.0 345.0 326.0 109.0 339.0 283.0 267.0 266.0 251.0 287.0 302.0 316.0 339.0 349.0 10.0 346.0 328.0 1.0 22.0 321.0 314.0 13.0 42.0 13.0 6.0 20.0 68.0 286.0 297.0 155.0 115.0 62.0 12.0 358.0 9.0 325.0 246.0 152.0 164.0 164.0 235.0 25.0 309.0 73.0 78.0 39.0 23.0 310.0 267.0 218.0 89.0 63.0 348.0 346.0 310.0 261.0 230.0 91.0 133.0 180.0 332.0 299.0 182.0 162.0 180.0 176.0 166.0 168.0 192.0 164.0 166.0 163.0 162.0 147.0 147.0 184.0 186.0 181.0 175.0 155.0 175.0 172.0 187.0 184.0 181.0 194.0 164.0 182.0 186.0 176.0 164.0 172.0 170.0 181.0 175.0 194.0 170.0 171.0 163.0 161.0 165.0 181.0 177.0 183.0 185.0 176.0 176.0 185.0 177.0 182.0 184.0 166.0 168.0 175.0 196.0 193.0 186.0 175.0 170.0 167.0 164.0 180.0 172.0 169.0 175.0 174.0 171.0 170.0 162.0 167.0 179.0 171.0 171.0 174.0 169.0 168.0 174.0 184.0 176.0 179.0 185.0 181.0 202.0 193.0 212.0 232.0 254.0 268.0 252.0 261.0 240.0 233.0 178.0 155.0 148.0 211.0 181.0 181.0 177.0 195.0 202.0 269.0 299.0 312.0 294.0 285.0 224.0 203.0 185.0 183.0 154.0 130.0 106.0 154.0 188.0 241.0 8.0 188.0 183.0 159.0 200.0 205.0 205.0 257.0 262.0 276.0 263.0 233.0 250.0 232.0 232.0 238.0 217.0 197.0 230.0 230.0 205.0 218.0 218.0 214.0 221.0 216.0 214.0 209.0 237.0 197.0 195.0 168.0 146.0 195.0 143.0 194.09375 76.96246582244089
END
#################################################################
SECTION3 (Edges Information)
EndPoint0 EndPoint1 Weight
0 1 1.000000
1 2 1.000000
2 3 1.000000
3 4 1.000000
3 5 1.000000
4 5 1.000000
4 6 1.000000
5 6 1.000000
5 7 1.000000
6 7 1.000000
7 8 1.000000
7 9 1.000000
8 9 1.000000
0 1 1.000000
1 2 1.000000
2 3 1.000000
3 4 1.000000
3 5 1.000000
4 5 1.000000
4 6 1.000000
5 6 1.000000
5 7 1.000000
6 7 1.000000
7 8 1.000000
7 9 1.000000
8 9 1.000000
0 1 1.000000
1 2 1.000000
2 3 1.000000
3 4 1.000000
3 5 1.000000
4 5 1.000000
4 6 1.000000
5 6 1.000000
5 7 1.000000
6 7 1.000000
7 8 1.000000
7 9 1.000000
8 9 1.000000
END
#################################################################
SECTION4 (TrueSubGraph Information)
EndPoint0 EndPoint1 Weight
END
#################################################################
