#################################################################
#APDM Input Graph, this input graph includes 3 sections:
#section1 : general information
#section2 : nodes
#section3 : edges
#section4 : trueSubGraph (Optional)
#
#if nodes haven't information set weight to null
#################################################################
SECTION1 (General Information)
numNodes = 10
numEdges = 65
usedAlgorithm = NULL
dataSource = TransWeatherRealData
END
#################################################################
SECTION2 (Nodes Information)
NodeID windDir  mean  std 
0 265.0 270.0 268.0 273.0 256.0 208.0 198.0 200.0 224.0 229.0 247.0 222.0 200.0 202.0 195.0 183.0 189.0 197.0 206.0 213.0 200.0 194.0 201.0 215.0 210.0 208.0 211.0 198.0 180.0 178.0 189.0 199.0 201.0 199.0 208.0 207.0 217.0 218.0 221.0 220.0 218.0 221.0 220.0 219.0 226.0 221.0 221.0 224.0 228.0 233.0 235.0 238.0 243.0 246.0 244.0 245.0 248.0 249.0 254.0 253.0 255.0 255.0 250.0 247.0 248.0 247.0 246.0 244.0 244.0 246.0 242.0 243.0 245.0 246.0 250.0 249.0 249.0 249.0 248.0 252.0 249.0 250.0 254.0 259.0 257.0 260.0 263.0 265.0 274.0 274.0 274.0 271.0 280.0 277.0 282.0 283.0 281.0 287.0 286.0 286.0 288.0 291.0 293.0 289.0 283.0 282.0 283.0 283.0 285.0 280.0 281.0 285.0 284.0 283.0 281.0 276.0 280.0 277.0 277.0 274.0 268.0 270.0 273.0 275.0 279.0 279.0 278.0 276.0 281.0 287.0 283.0 302.0 286.0 290.0 297.0 296.0 307.0 317.0 320.0 312.0 301.0 297.0 293.0 297.0 295.0 283.0 285.0 288.0 296.0 294.0 310.0 306.0 289.0 290.0 264.0 276.0 278.0 262.0 237.0 242.0 296.0 276.0 220.0 231.0 200.0 191.0 231.0 195.0 187.0 241.0 235.0 217.0 236.0 248.0 280.0 257.0 262.0 291.0 296.0 238.0 253.0 277.0 257.0 251.0 261.0 257.0 247.0 249.0 250.0 249.0 268.0 260.0 261.0 281.0 259.0 273.0 266.0 259.0 260.0 260.0 254.0 253.0 270.0 289.0 271.0 271.0 260.0 260.0 273.0 272.0 273.0 275.0 280.0 277.0 273.0 284.0 285.0 293.0 270.0 274.0 297.0 297.0 275.0 292.0 292.0 287.0 281.0 266.0 262.0 276.0 282.0 267.0 256.0 256.0 264.0 255.0 271.0 277.0 258.0 258.0 268.0 274.0 263.0 250.0 241.0 253.0 256.0 250.0 261.0 253.0 256.0 256.0 249.0 249.0 250.0 258.0 253.0 247.0 239.0 240.0 235.0 246.0 259.0 255.0 254.0 263.0 263.0 264.0 255.0 252.0 269.0 269.0 273.0 271.0 256.0 256.0 258.0 264.0 265.0 260.0 256.0 254.0 256.0 251.0 243.0 244.0 248.0 250.0 256.5729166666667 28.50444483647316
1 281.0 308.0 292.0 281.0 272.0 309.0 306.0 280.0 291.0 298.0 292.0 291.0 270.0 273.0 269.0 246.0 250.0 247.0 243.0 178.0 157.0 166.0 188.0 261.0 253.0 248.0 107.0 175.0 179.0 343.0 338.0 340.0 319.0 299.0 238.0 226.0 224.0 254.0 249.0 239.0 238.0 205.0 195.0 198.0 198.0 187.0 177.0 182.0 188.0 195.0 198.0 216.0 217.0 222.0 207.0 213.0 195.0 206.0 182.0 227.0 316.0 222.0 214.0 218.0 241.0 45.0 297.0 252.0 248.0 261.0 272.0 276.0 274.0 275.0 270.0 273.0 276.0 268.0 270.0 268.0 273.0 269.0 271.0 269.0 277.0 274.0 277.0 271.0 268.0 262.0 270.0 267.0 252.0 267.0 270.0 272.0 271.0 274.0 270.0 279.0 273.0 280.0 281.0 283.0 283.0 274.0 284.0 294.0 294.0 297.0 292.0 295.0 300.0 304.0 299.0 305.0 302.0 302.0 300.0 308.0 312.0 304.0 308.0 313.0 312.0 312.0 309.0 313.0 309.0 311.0 311.0 313.0 318.0 315.0 313.0 317.0 321.0 321.0 324.0 325.0 326.0 326.0 309.0 310.0 316.0 322.0 314.0 327.0 329.0 319.0 323.0 322.0 333.0 321.0 319.0 311.0 309.0 312.0 330.0 334.0 330.0 328.0 307.0 323.0 275.0 293.0 332.0 336.0 345.0 287.0 286.0 278.0 252.0 279.0 283.0 313.0 288.0 275.0 329.0 354.0 323.0 318.0 252.0 289.0 311.0 303.0 312.0 299.0 273.0 292.0 284.0 253.0 279.0 318.0 318.0 310.0 270.0 274.0 292.0 299.0 296.0 281.0 298.0 286.0 250.0 286.0 303.0 245.0 272.0 277.0 297.0 295.0 288.0 274.0 315.0 293.0 285.0 302.0 285.0 291.0 313.0 287.0 299.0 277.0 265.0 313.0 285.0 290.0 293.0 274.0 281.0 299.0 324.0 297.0 300.0 285.0 294.0 321.0 301.0 296.0 278.0 290.0 296.0 295.0 316.0 286.0 275.0 293.0 287.0 294.0 281.0 304.0 290.0 280.0 275.0 271.0 283.0 272.0 288.0 278.0 281.0 304.0 314.0 310.0 315.0 313.0 282.0 276.0 293.0 303.0 294.0 294.0 290.0 286.0 287.0 285.0 291.0 279.0 271.0 274.0 280.0 354.0 4.0 349.0 292.0 296.0 277.0 267.0 279.7777777777777 43.69668091023223
2 203.0 304.0 21.0 35.0 66.0 82.0 93.0 127.0 0.0 126.0 116.0 135.0 117.0 104.0 102.0 114.0 134.0 152.0 147.0 141.0 138.0 156.0 170.0 176.0 196.0 215.0 211.0 309.0 291.0 257.0 236.0 239.0 237.0 228.0 257.0 244.0 234.0 229.0 216.0 215.0 222.0 201.0 220.0 226.0 238.0 238.0 222.0 225.0 218.0 216.0 230.0 221.0 211.0 191.0 195.0 174.0 144.0 140.0 141.0 137.0 151.0 165.0 169.0 171.0 184.0 188.0 192.0 199.0 194.0 192.0 212.0 209.0 220.0 213.0 212.0 208.0 203.0 207.0 216.0 226.0 209.0 204.0 210.0 210.0 214.0 222.0 225.0 234.0 258.0 255.0 249.0 269.0 283.0 280.0 274.0 286.0 287.0 286.0 286.0 286.0 290.0 288.0 266.0 267.0 291.0 297.0 299.0 279.0 295.0 305.0 300.0 295.0 305.0 294.0 292.0 300.0 293.0 292.0 295.0 301.0 299.0 298.0 299.0 298.0 287.0 290.0 292.0 291.0 297.0 290.0 296.0 302.0 304.0 313.0 310.0 316.0 322.0 313.0 315.0 308.0 304.0 303.0 308.0 306.0 304.0 300.0 304.0 303.0 308.0 303.0 297.0 309.0 301.0 313.0 308.0 289.0 287.0 305.0 300.0 301.0 306.0 291.0 284.0 298.0 305.0 286.0 319.0 284.0 282.0 283.0 295.0 294.0 307.0 275.0 271.0 277.0 281.0 282.0 277.0 245.0 266.0 285.0 304.0 280.0 291.0 298.0 302.0 321.0 302.0 272.0 297.0 300.0 251.0 281.0 255.0 270.0 273.0 253.0 250.0 256.0 264.0 249.0 266.0 271.0 293.0 259.0 244.0 261.0 306.0 266.0 278.0 252.0 256.0 271.0 270.0 324.0 315.0 292.0 313.0 310.0 297.0 283.0 269.0 278.0 300.0 274.0 269.0 325.0 269.0 260.0 267.0 295.0 286.0 272.0 273.0 258.0 275.0 276.0 271.0 322.0 307.0 319.0 330.0 302.0 291.0 278.0 315.0 329.0 327.0 352.0 356.0 354.0 359.0 4.0 359.0 357.0 354.0 1.0 354.0 357.0 350.0 343.0 345.0 357.0 8.0 356.0 353.0 348.0 343.0 351.0 349.0 357.0 4.0 7.0 7.0 4.0 9.0 1.0 2.0 12.0 20.0 16.0 23.0 27.0 27.0 53.0 17.0 42.0 244.24305555555546 87.49476810861422
3 0.0 0.0 0.0 321.0 321.0 122.0 121.0 130.0 109.0 112.0 124.0 129.0 172.0 171.0 118.0 98.0 77.0 94.0 92.0 79.0 118.0 109.0 128.0 135.0 120.0 107.0 111.0 91.0 129.0 120.0 143.0 122.0 112.0 107.0 107.0 88.0 107.0 132.0 142.0 148.0 124.0 154.0 200.0 130.0 162.0 141.0 114.0 102.0 104.0 93.0 99.0 84.0 102.0 292.0 222.0 212.0 211.0 212.0 214.0 216.0 213.0 210.0 214.0 210.0 209.0 204.0 212.0 240.0 251.0 250.0 271.0 243.0 237.0 246.0 241.0 238.0 227.0 220.0 232.0 227.0 223.0 205.0 218.0 221.0 220.0 231.0 241.0 227.0 238.0 252.0 255.0 252.0 255.0 254.0 253.0 252.0 253.0 258.0 263.0 267.0 267.0 266.0 266.0 270.0 265.0 265.0 268.0 259.0 261.0 258.0 265.0 262.0 260.0 277.0 278.0 272.0 275.0 274.0 266.0 258.0 264.0 266.0 257.0 259.0 272.0 267.0 285.0 280.0 263.0 266.0 272.0 272.0 268.0 269.0 270.0 271.0 273.0 285.0 275.0 280.0 286.0 285.0 280.0 281.0 270.0 275.0 287.0 281.0 286.0 283.0 288.0 290.0 291.0 285.0 283.0 287.0 269.0 281.0 266.0 267.0 267.0 271.0 266.0 260.0 277.0 276.0 279.0 290.0 296.0 294.0 296.0 286.0 291.0 272.0 298.0 302.0 270.0 328.0 292.0 259.0 286.0 297.0 299.0 270.0 261.0 286.0 279.0 264.0 262.0 265.0 296.0 296.0 281.0 285.0 296.0 282.0 304.0 284.0 274.0 308.0 309.0 298.0 276.0 265.0 275.0 293.0 287.0 308.0 271.0 290.0 296.0 275.0 294.0 289.0 274.0 292.0 267.0 272.0 279.0 304.0 322.0 315.0 299.0 297.0 287.0 280.0 308.0 307.0 307.0 315.0 309.0 283.0 345.0 293.0 324.0 248.0 222.0 230.0 298.0 336.0 281.0 284.0 323.0 290.0 351.0 4.0 12.0 357.0 25.0 22.0 9.0 344.0 335.0 333.0 348.0 354.0 320.0 326.0 315.0 340.0 348.0 336.0 316.0 329.0 348.0 334.0 337.0 336.0 320.0 318.0 321.0 324.0 327.0 331.0 336.0 284.0 296.0 276.0 278.0 280.0 305.0 298.0 297.0 282.0 255.0 256.0 251.0 238.0 243.98611111111097 77.78658251695502
4 286.0 277.0 277.0 277.0 277.0 277.0 277.0 277.0 277.0 277.0 277.0 135.0 139.0 142.0 86.0 79.0 79.0 17.0 5.0 349.0 347.0 347.0 109.0 88.0 61.0 76.0 98.0 20.0 11.0 285.0 285.0 99.0 93.0 76.0 58.0 65.0 62.0 59.0 0.0 0.0 60.0 69.0 66.0 79.0 91.0 108.0 173.0 265.0 179.0 161.0 176.0 114.0 120.0 135.0 304.0 5.0 339.0 355.0 347.0 45.0 310.0 110.0 86.0 351.0 347.0 33.0 32.0 19.0 154.0 123.0 135.0 118.0 45.0 250.0 59.0 286.0 60.0 302.0 328.0 304.0 351.0 252.0 215.0 273.0 290.0 281.0 289.0 311.0 302.0 300.0 265.0 283.0 275.0 293.0 292.0 283.0 276.0 277.0 302.0 273.0 288.0 286.0 281.0 286.0 288.0 301.0 297.0 300.0 299.0 299.0 289.0 299.0 300.0 298.0 295.0 297.0 304.0 295.0 301.0 308.0 306.0 312.0 304.0 300.0 297.0 304.0 298.0 299.0 295.0 301.0 303.0 299.0 300.0 300.0 297.0 299.0 295.0 300.0 301.0 305.0 307.0 299.0 295.0 300.0 294.0 284.0 291.0 293.0 302.0 303.0 290.0 298.0 304.0 284.0 293.0 294.0 299.0 292.0 287.0 294.0 295.0 306.0 281.0 307.0 290.0 297.0 305.0 292.0 297.0 304.0 289.0 295.0 288.0 279.0 300.0 288.0 275.0 269.0 298.0 269.0 280.0 286.0 280.0 287.0 267.0 280.0 282.0 279.0 276.0 276.0 293.0 299.0 288.0 268.0 281.0 281.0 284.0 310.0 324.0 289.0 302.0 300.0 305.0 300.0 263.0 272.0 273.0 266.0 284.0 309.0 288.0 308.0 293.0 305.0 293.0 275.0 291.0 275.0 294.0 318.0 294.0 295.0 306.0 302.0 299.0 293.0 290.0 313.0 302.0 284.0 322.0 307.0 301.0 328.0 294.0 278.0 294.0 303.0 316.0 313.0 306.0 298.0 320.0 316.0 303.0 286.0 285.0 295.0 289.0 276.0 290.0 310.0 307.0 305.0 291.0 304.0 323.0 305.0 310.0 294.0 295.0 307.0 316.0 312.0 325.0 320.0 310.0 309.0 316.0 303.0 302.0 309.0 310.0 318.0 312.0 309.0 313.0 306.0 301.0 303.0 308.0 311.0 310.0 316.0 309.0 319.0 330.0 333.0 259.0555555555555 86.0201157721862
5 -1.0 -1.0 -1.0 -1.0 -1.0 -1.0 -1.0 -1.0 -1.0 -1.0 -1.0 -1.0 -1.0 -1.0 -1.0 -1.0 -1.0 -1.0 -1.0 -1.0 -1.0 -1.0 -1.0 -1.0 -1.0 -1.0 -1.0 -1.0 -1.0 -1.0 -1.0 -1.0 -1.0 -1.0 -1.0 -1.0 -1.0 -1.0 -1.0 -1.0 -1.0 -1.0 -1.0 -1.0 -1.0 -1.0 -1.0 -1.0 -1.0 -1.0 -1.0 -1.0 -1.0 -1.0 -1.0 -1.0 -1.0 -1.0 -1.0 -1.0 -1.0 -1.0 -1.0 -1.0 -1.0 -1.0 -1.0 -1.0 -1.0 -1.0 -1.0 -1.0 -1.0 -1.0 -1.0 -1.0 -1.0 -1.0 -1.0 -1.0 -1.0 -1.0 -1.0 -1.0 -1.0 -1.0 -1.0 -1.0 -1.0 -1.0 -1.0 -1.0 -1.0 -1.0 -1.0 -1.0 -1.0 -1.0 -1.0 -1.0 -1.0 -1.0 -1.0 -1.0 -1.0 -1.0 -1.0 -1.0 -1.0 -1.0 -1.0 -1.0 -1.0 -1.0 -1.0 -1.0 -1.0 -1.0 -1.0 -1.0 -1.0 -1.0 -1.0 -1.0 -1.0 -1.0 -1.0 -1.0 -1.0 -1.0 -1.0 -1.0 -1.0 -1.0 -1.0 -1.0 -1.0 -1.0 -1.0 -1.0 -1.0 -1.0 -1.0 -1.0 -1.0 -1.0 -1.0 -1.0 -1.0 -1.0 -1.0 -1.0 -1.0 -1.0 -1.0 -1.0 -1.0 -1.0 -1.0 -1.0 -1.0 -1.0 -1.0 -1.0 -1.0 -1.0 -1.0 -1.0 -1.0 -1.0 -1.0 -1.0 -1.0 -1.0 -1.0 -1.0 -1.0 -1.0 -1.0 -1.0 -1.0 -1.0 -1.0 -1.0 -1.0 -1.0 -1.0 -1.0 -1.0 -1.0 -1.0 -1.0 -1.0 -1.0 -1.0 -1.0 -1.0 -1.0 -1.0 -1.0 -1.0 -1.0 -1.0 -1.0 -1.0 -1.0 -1.0 -1.0 -1.0 -1.0 -1.0 -1.0 -1.0 -1.0 -1.0 -1.0 -1.0 -1.0 -1.0 -1.0 -1.0 -1.0 -1.0 -1.0 -1.0 -1.0 -1.0 -1.0 -1.0 -1.0 -1.0 -1.0 -1.0 -1.0 -1.0 -1.0 -1.0 -1.0 -1.0 -1.0 -1.0 -1.0 -1.0 -1.0 -1.0 -1.0 -1.0 -1.0 -1.0 -1.0 -1.0 -1.0 -1.0 -1.0 -1.0 -1.0 -1.0 -1.0 -1.0 -1.0 -1.0 -1.0 -1.0 -1.0 -1.0 -1.0 -1.0 -1.0 -1.0 -1.0 -1.0 -1.0 -1.0 -1.0 -1.0 -1.0 -1.0 -1.0 -1.0 -1.0 -1.0 -1.0 -1.0 -1.0 -1.0 -1.0 -1.0 -1.0 -1.0 0.0
6 111.0 139.0 109.0 126.0 112.0 103.0 112.0 90.0 112.0 102.0 106.0 106.0 160.0 120.0 146.0 181.0 174.0 176.0 175.0 175.0 168.0 166.0 165.0 163.0 168.0 111.0 118.0 105.0 150.0 155.0 169.0 180.0 178.0 184.0 181.0 180.0 169.0 156.0 164.0 157.0 109.0 102.0 96.0 99.0 101.0 122.0 243.0 101.0 184.0 87.0 112.0 96.0 99.0 113.0 165.0 138.0 150.0 172.0 144.0 157.0 165.0 161.0 179.0 190.0 174.0 177.0 175.0 176.0 165.0 166.0 162.0 173.0 173.0 166.0 161.0 172.0 164.0 170.0 160.0 189.0 157.0 175.0 177.0 182.0 183.0 179.0 177.0 180.0 178.0 181.0 181.0 182.0 191.0 188.0 194.0 199.0 201.0 192.0 203.0 201.0 202.0 204.0 212.0 206.0 204.0 209.0 214.0 215.0 216.0 216.0 219.0 215.0 222.0 232.0 234.0 239.0 233.0 245.0 244.0 240.0 259.0 251.0 251.0 263.0 282.0 295.0 282.0 270.0 267.0 271.0 266.0 264.0 274.0 291.0 289.0 283.0 277.0 281.0 277.0 271.0 284.0 273.0 277.0 278.0 283.0 302.0 304.0 307.0 317.0 319.0 318.0 316.0 320.0 320.0 325.0 331.0 307.0 311.0 311.0 318.0 326.0 321.0 324.0 330.0 325.0 325.0 331.0 313.0 309.0 315.0 327.0 318.0 319.0 304.0 296.0 322.0 316.0 278.0 312.0 300.0 300.0 307.0 308.0 299.0 285.0 293.0 295.0 283.0 277.0 286.0 265.0 280.0 282.0 277.0 278.0 269.0 278.0 298.0 290.0 286.0 278.0 275.0 313.0 328.0 323.0 321.0 322.0 310.0 310.0 291.0 295.0 324.0 334.0 319.0 318.0 278.0 274.0 264.0 286.0 290.0 308.0 298.0 307.0 288.0 327.0 296.0 284.0 289.0 279.0 294.0 277.0 282.0 275.0 300.0 290.0 284.0 282.0 305.0 303.0 296.0 273.0 268.0 274.0 258.0 276.0 258.0 259.0 273.0 255.0 262.0 266.0 256.0 278.0 279.0 281.0 277.0 283.0 278.0 267.0 272.0 282.0 291.0 292.0 291.0 288.0 289.0 294.0 288.0 288.0 280.0 282.0 283.0 286.0 290.0 284.0 286.0 289.0 282.0 278.0 286.0 280.0 271.0 268.0 276.0 283.0 276.0 281.0 287.0 239.04513888888903 68.3287404443573
7 98.0 166.0 98.0 112.0 104.0 110.0 147.0 163.0 169.0 158.0 162.0 169.0 159.0 170.0 196.0 204.0 131.0 148.0 160.0 163.0 163.0 157.0 146.0 137.0 136.0 117.0 113.0 121.0 117.0 121.0 127.0 135.0 140.0 141.0 125.0 107.0 118.0 128.0 128.0 129.0 133.0 133.0 131.0 106.0 4.0 104.0 110.0 99.0 100.0 111.0 127.0 51.0 32.0 25.0 26.0 53.0 102.0 104.0 97.0 94.0 86.0 81.0 98.0 106.0 118.0 52.0 55.0 60.0 46.0 57.0 23.0 29.0 19.0 0.0 202.0 265.0 244.0 222.0 159.0 110.0 119.0 114.0 147.0 161.0 335.0 341.0 356.0 11.0 31.0 53.0 64.0 327.0 308.0 260.0 178.0 136.0 112.0 126.0 127.0 126.0 133.0 142.0 140.0 339.0 335.0 330.0 319.0 329.0 339.0 111.0 63.0 35.0 22.0 69.0 72.0 83.0 136.0 134.0 35.0 113.0 147.0 181.0 226.0 234.0 212.0 189.0 89.0 71.0 90.0 130.0 222.0 240.0 221.0 207.0 199.0 197.0 204.0 231.0 241.0 263.0 313.0 332.0 314.0 281.0 261.0 262.0 262.0 266.0 255.0 260.0 262.0 260.0 270.0 275.0 276.0 292.0 292.0 294.0 299.0 294.0 296.0 285.0 295.0 292.0 288.0 283.0 278.0 299.0 283.0 283.0 290.0 291.0 289.0 285.0 285.0 292.0 279.0 295.0 292.0 303.0 262.0 263.0 270.0 271.0 275.0 272.0 279.0 304.0 257.0 285.0 286.0 274.0 273.0 290.0 298.0 287.0 269.0 266.0 275.0 287.0 287.0 290.0 279.0 276.0 273.0 277.0 281.0 285.0 291.0 294.0 285.0 275.0 299.0 302.0 274.0 279.0 291.0 295.0 296.0 281.0 289.0 284.0 283.0 287.0 280.0 289.0 270.0 275.0 291.0 279.0 282.0 271.0 272.0 277.0 282.0 285.0 269.0 270.0 279.0 282.0 300.0 286.0 278.0 288.0 286.0 285.0 277.0 295.0 296.0 284.0 287.0 269.0 277.0 263.0 266.0 269.0 267.0 271.0 263.0 263.0 262.0 270.0 281.0 280.0 280.0 281.0 279.0 287.0 280.0 281.0 283.0 277.0 275.0 280.0 269.0 274.0 274.0 274.0 267.0 271.0 270.0 258.0 257.0 256.0 260.0 254.0 260.0 266.0 212.847222222222 89.23623421841341
8 306.0 244.0 260.0 277.0 286.0 260.0 266.0 250.0 251.0 242.0 261.0 236.0 222.0 220.0 247.0 261.0 254.0 263.0 252.0 282.0 316.0 98.0 326.0 287.0 315.0 45.0 56.0 324.0 284.0 292.0 254.0 317.0 289.0 292.0 281.0 269.0 268.0 304.0 320.0 305.0 311.0 310.0 320.0 319.0 324.0 323.0 338.0 318.0 318.0 301.0 309.0 287.0 283.0 305.0 277.0 300.0 1.0 0.0 0.0 0.0 173.0 196.0 311.0 18.0 18.0 21.0 353.0 303.0 304.0 354.0 29.0 349.0 328.0 212.0 303.0 343.0 302.0 306.0 293.0 290.0 299.0 311.0 301.0 289.0 292.0 206.0 208.0 220.0 253.0 271.0 265.0 269.0 332.0 325.0 330.0 56.0 106.0 51.0 15.0 15.0 298.0 302.0 286.0 240.0 235.0 10.0 325.0 308.0 301.0 314.0 311.0 311.0 278.0 285.0 260.0 279.0 287.0 257.0 286.0 30.0 340.0 287.0 265.0 238.0 240.0 219.0 228.0 216.0 221.0 255.0 242.0 237.0 289.0 273.0 252.0 231.0 232.0 240.0 242.0 229.0 212.0 212.0 200.0 209.0 276.0 219.0 227.0 199.0 216.0 223.0 261.0 336.0 338.0 262.0 240.0 235.0 216.0 198.0 199.0 198.0 217.0 185.0 169.0 190.0 197.0 233.0 216.0 268.0 301.0 276.0 295.0 320.0 304.0 240.0 241.0 258.0 317.0 340.0 268.0 268.0 322.0 308.0 254.0 295.0 248.0 322.0 296.0 269.0 271.0 263.0 291.0 247.0 299.0 307.0 251.0 269.0 285.0 252.0 308.0 224.0 260.0 261.0 302.0 299.0 312.0 316.0 293.0 308.0 317.0 330.0 306.0 274.0 271.0 269.0 253.0 268.0 272.0 285.0 258.0 273.0 259.0 280.0 270.0 274.0 272.0 271.0 286.0 298.0 303.0 286.0 297.0 294.0 262.0 286.0 298.0 260.0 281.0 287.0 293.0 260.0 271.0 309.0 285.0 265.0 281.0 314.0 293.0 315.0 333.0 333.0 334.0 280.0 300.0 300.0 291.0 266.0 275.0 252.0 252.0 273.0 268.0 233.0 248.0 266.0 214.0 283.0 257.0 252.0 276.0 293.0 257.0 280.0 308.0 274.0 282.0 281.0 266.0 281.0 216.0 245.0 223.0 225.0 214.0 204.0 229.0 234.0 219.0 225.0 258.0 69.39354015060873
9 281.0 316.0 322.0 348.0 326.0 26.0 60.0 164.0 50.0 8.0 8.0 339.0 329.0 342.0 44.0 88.0 0.0 88.0 0.0 88.0 88.0 135.0 254.0 271.0 267.0 12.0 42.0 58.0 16.0 4.0 332.0 298.0 15.0 2.0 345.0 345.0 358.0 25.0 15.0 355.0 339.0 339.0 339.0 339.0 339.0 282.0 270.0 270.0 277.0 6.0 6.0 61.0 4.0 329.0 28.0 28.0 41.0 41.0 41.0 289.0 274.0 136.0 0.0 0.0 349.0 328.0 284.0 251.0 113.0 73.0 321.0 88.0 331.0 280.0 157.0 143.0 0.0 0.0 0.0 146.0 158.0 0.0 172.0 326.0 18.0 19.0 4.0 357.0 318.0 127.0 84.0 0.0 340.0 347.0 344.0 2.0 345.0 327.0 154.0 0.0 65.0 101.0 301.0 231.0 60.0 0.0 2.0 37.0 50.0 71.0 83.0 350.0 299.0 188.0 176.0 193.0 0.0 293.0 300.0 121.0 14.0 311.0 337.0 290.0 207.0 126.0 95.0 0.0 95.0 96.0 0.0 9.0 9.0 8.0 358.0 338.0 319.0 293.0 54.0 357.0 345.0 5.0 348.0 348.0 341.0 340.0 44.0 0.0 292.0 273.0 175.0 138.0 136.0 109.0 143.0 128.0 183.0 183.0 219.0 278.0 251.0 255.0 281.0 237.0 240.0 238.0 261.0 247.0 275.0 305.0 273.0 277.0 297.0 287.0 293.0 286.0 298.0 303.0 286.0 313.0 298.0 296.0 269.0 277.0 288.0 288.0 312.0 321.0 304.0 316.0 304.0 325.0 332.0 309.0 331.0 327.0 315.0 289.0 311.0 317.0 328.0 303.0 332.0 305.0 298.0 298.0 310.0 278.0 275.0 315.0 314.0 304.0 307.0 278.0 278.0 284.0 269.0 272.0 280.0 292.0 296.0 288.0 270.0 271.0 289.0 300.0 264.0 287.0 310.0 318.0 316.0 321.0 321.0 287.0 291.0 281.0 310.0 309.0 312.0 296.0 273.0 299.0 296.0 275.0 316.0 294.0 276.0 275.0 273.0 278.0 274.0 301.0 286.0 265.0 287.0 289.0 289.0 250.0 276.0 287.0 277.0 262.0 263.0 293.0 301.0 288.0 281.0 290.0 289.0 281.0 258.0 272.0 265.0 256.0 253.0 255.0 253.0 264.0 267.0 263.0 235.0 242.0 207.0 177.0 190.0 0.0 160.0 118.0 218.82291666666654 117.6250756756414
END
#################################################################
SECTION3 (Edges Information)
EndPoint0 EndPoint1 Weight
0 1 1.000000
1 2 1.000000
2 3 1.000000
3 4 1.000000
3 5 1.000000
4 5 1.000000
4 6 1.000000
5 6 1.000000
5 7 1.000000
6 7 1.000000
7 8 1.000000
7 9 1.000000
8 9 1.000000
0 1 1.000000
1 2 1.000000
2 3 1.000000
3 4 1.000000
3 5 1.000000
4 5 1.000000
4 6 1.000000
5 6 1.000000
5 7 1.000000
6 7 1.000000
7 8 1.000000
7 9 1.000000
8 9 1.000000
0 1 1.000000
1 2 1.000000
2 3 1.000000
3 4 1.000000
3 5 1.000000
4 5 1.000000
4 6 1.000000
5 6 1.000000
5 7 1.000000
6 7 1.000000
7 8 1.000000
7 9 1.000000
8 9 1.000000
0 1 1.000000
1 2 1.000000
2 3 1.000000
3 4 1.000000
3 5 1.000000
4 5 1.000000
4 6 1.000000
5 6 1.000000
5 7 1.000000
6 7 1.000000
7 8 1.000000
7 9 1.000000
8 9 1.000000
0 1 1.000000
1 2 1.000000
2 3 1.000000
3 4 1.000000
3 5 1.000000
4 5 1.000000
4 6 1.000000
5 6 1.000000
5 7 1.000000
6 7 1.000000
7 8 1.000000
7 9 1.000000
8 9 1.000000
END
#################################################################
SECTION4 (TrueSubGraph Information)
EndPoint0 EndPoint1 Weight
END
#################################################################
