#################################################################
#APDM Input Graph, this input graph includes 3 sections:
#section1 : general information
#section2 : nodes
#section3 : edges
#section4 : trueSubGraph (Optional)
#
#if nodes haven't information set weight to null
#################################################################
SECTION1 (General Information)
numNodes = 10
numEdges = 65
usedAlgorithm = NULL
dataSource = TransWeatherRealData
END
#################################################################
SECTION2 (Nodes Information)
NodeID windDir  mean  std 
0 282.7 283.4 282.5 280.6 283.6 282.5 285.2 282.8 285.6 281.2 283.6 283.5 288.2 288.9 286.6 288.3 291.6 293.2 293.5 290.1 288.9 292.2 290.4 287.2 290.0 286.7 277.1 270.7 280.1 277.8 253.9 258.6 257.1 255.1 260.4 263.7 253.4 253.5 245.3 252.2 261.7 261.0 254.6 253.2 250.9 250.0 257.1 252.3 248.7 247.6 250.0 249.0 245.4 246.0 242.8 242.9 243.3 247.7 245.9 244.6 248.2 238.0 243.4 244.2 246.1 247.0 247.0 244.4 244.3 245.1 241.7 243.9 245.5 246.7 243.8 241.3 244.2 248.8 248.4 247.7 248.3 251.3 253.6 256.5 252.5 251.3 250.8 250.2 247.7 246.3 247.5 245.2 244.8 244.8 245.8 245.9 246.9 246.4 245.2 245.3 244.7 244.4 246.5 247.3 247.2 245.6 244.5 240.5 235.3 236.7 241.0 243.6 237.4 236.0 240.9 235.4 235.6 239.9 235.4 247.9 236.5 235.9 239.1 242.3 258.7 273.8 290.1 296.4 276.0 256.5 245.9 267.8 262.4 262.6 246.9 239.9 260.9 247.5 242.5 213.0 273.0 258.8 270.1 276.6 288.9 304.9 198.3 201.3 200.0 249.1 304.2 273.1 251.5 223.8 189.0 211.3 223.5 259.3 273.2 252.8 250.7 236.2 291.2 276.2 269.7 225.6 256.2 266.3 267.9 269.8 249.0 214.0 202.8 209.6 238.3 238.6 226.2 211.0 199.8 192.7 199.4 227.9 185.6 207.2 209.8 190.7 173.2 176.2 186.5 206.4 208.8 221.5 200.0 193.2 201.2 201.9 217.6 222.8 214.2 209.5 209.7 192.3 186.0 188.9 186.7 172.6 172.6 172.6 179.6 209.0 188.3 187.6 179.9 150.9 98.4 118.1 139.2 167.9 159.7 147.3 147.1 144.0 115.5 117.2 119.8 133.7 147.8 145.3 131.4 120.6 125.0 127.7 131.5 132.6 134.7 140.2 161.1 170.1 166.0 163.1 157.7 150.3 173.5 181.4 174.3 175.0 176.3 181.3 172.3 168.2 161.3 168.9 180.1 175.6 164.7 162.2 159.2 141.6 129.5 143.7 151.4 148.3 135.4 157.6 159.6 144.7 148.0 162.2 172.2 170.8 184.8 181.1 178.7 173.2 166.8 157.7 154.5 162.1 163.4 171.8 180.4 189.9 199.8 216.3 203.2 191.3 181.7 165.0 222.1246527777778 47.53360941764534
1 297.5 295.8 288.3 299.0 290.0 293.4 300.3 297.6 300.1 296.1 300.1 300.2 292.0 290.9 292.8 292.9 294.8 297.4 293.1 299.7 300.6 294.1 296.3 289.2 298.1 297.9 290.5 292.3 299.8 299.5 296.4 289.0 286.9 293.3 288.6 292.8 291.9 287.9 287.5 288.7 287.0 289.9 301.3 294.1 289.6 289.4 288.8 291.5 284.0 291.7 291.7 296.7 301.6 305.4 297.2 294.5 299.7 303.4 305.4 295.4 311.4 317.6 315.7 311.4 322.5 327.8 7.6 347.7 340.1 322.2 313.4 318.1 317.7 314.8 312.3 320.2 319.8 319.8 315.7 305.7 312.1 306.7 305.0 307.4 306.8 292.6 298.3 323.9 304.6 313.7 299.2 296.1 302.3 302.0 320.5 311.7 306.2 298.0 301.8 302.6 306.3 333.4 310.5 300.6 306.7 311.0 314.0 295.0 282.6 288.0 292.7 289.5 279.5 274.3 294.0 297.0 298.9 307.8 312.1 307.7 286.7 292.9 286.9 253.5 247.6 304.4 337.8 332.4 330.8 337.8 272.6 314.4 300.5 269.6 251.8 276.6 292.5 290.6 294.4 296.2 287.1 282.5 266.2 249.3 264.3 269.9 286.3 293.2 272.4 273.6 300.9 332.7 335.3 320.3 341.2 290.2 283.9 277.9 300.7 333.9 311.8 331.4 305.8 276.7 316.2 294.0 313.2 286.8 340.1 329.7 317.5 336.0 337.9 343.6 332.2 327.6 323.7 317.3 323.8 328.1 346.2 341.5 347.9 347.6 48.3 97.0 85.6 116.1 97.8 111.6 85.3 76.3 49.0 302.6 283.5 240.3 234.4 215.3 232.7 243.9 256.8 263.8 275.5 280.6 280.1 281.7 270.3 261.1 241.6 243.1 225.5 230.4 245.2 251.9 248.2 244.8 232.6 243.0 265.8 260.1 253.4 278.4 241.3 205.0 230.1 234.9 235.2 226.9 249.9 272.1 267.6 257.4 242.5 241.2 244.2 244.0 243.8 232.3 207.9 208.5 228.2 290.4 291.2 289.1 271.3 273.2 279.2 263.4 162.2 147.6 141.4 141.0 280.2 285.2 290.8 284.1 296.6 140.1 107.8 0.0 0.0 289.6 285.4 0.0 319.7 306.2 301.6 337.1 326.0 334.6 324.0 312.2 313.8 332.6 305.8 329.2 317.5 317.2 289.0 293.2 301.1 308.8 302.4 294.8 320.6 304.2 321.4 312.7 279.0857638888889 60.17387673422984
2 282.6 279.8 276.3 270.7 270.9 268.8 268.7 273.0 275.4 270.2 271.9 270.6 274.0 273.0 280.1 278.8 276.6 283.9 290.5 278.4 278.3 280.4 274.1 269.4 262.9 262.4 263.1 260.1 259.9 257.2 267.3 264.8 269.1 270.1 269.5 268.2 271.6 268.8 266.1 263.3 262.4 258.1 258.1 254.9 251.2 254.2 260.0 266.5 269.6 270.7 273.2 276.9 273.5 279.9 278.0 274.8 274.3 274.0 273.7 269.5 266.3 262.3 265.9 263.3 272.3 274.3 276.7 269.8 271.1 266.0 266.9 268.5 265.1 262.4 269.7 257.7 275.3 273.3 268.9 262.9 267.4 266.7 264.1 258.3 254.3 258.4 264.5 268.7 260.7 250.5 249.1 250.7 254.5 258.7 258.5 265.5 259.6 258.1 265.2 267.1 275.9 277.0 271.8 274.0 270.1 263.6 264.2 280.3 275.7 267.6 266.4 263.2 279.1 286.1 284.2 288.3 285.4 271.5 285.5 279.7 284.6 278.7 280.7 297.2 282.4 285.9 291.5 285.5 319.6 313.8 325.4 323.9 335.2 308.2 272.1 266.0 255.6 268.1 271.6 255.6 294.9 299.8 312.2 253.3 245.3 255.9 266.3 258.4 259.3 264.1 259.3 264.4 260.0 263.6 273.5 269.9 280.1 269.2 264.8 271.7 272.1 254.5 293.7 290.1 280.0 327.5 316.3 329.8 352.4 316.4 346.9 8.7 355.9 8.7 21.5 31.9 323.1 348.4 340.6 1.7 270.5 247.0 275.9 191.4 174.3 272.0 309.0 160.8 179.2 181.6 116.8 116.1 122.2 114.2 110.0 114.3 111.0 108.7 121.5 131.1 126.6 123.1 122.5 134.9 145.7 98.4 131.2 136.4 151.0 154.7 151.8 152.3 151.9 144.2 147.0 154.2 156.4 154.7 152.4 144.5 140.1 140.2 144.7 146.6 156.2 161.2 169.8 180.0 186.2 206.5 212.5 212.6 0.0 185.3 168.1 163.1 181.8 173.7 177.6 170.3 148.0 133.0 129.9 130.8 138.8 148.8 148.8 139.3 113.7 114.3 157.3 188.8 186.7 178.3 173.8 173.9 167.6 173.3 170.7 157.5 152.2 153.8 156.8 169.7 158.7 158.3 158.2 157.6 164.7 170.9 171.8 172.6 173.6 170.9 171.6 170.2 168.3 163.2 161.0 159.0 159.5 159.0 163.5 164.3 164.9 170.4 185.0 188.1 227.56979166666665 68.6456656446941
3 273.9 287.3 277.5 284.1 271.5 288.5 277.9 284.8 280.7 284.4 279.6 278.9 280.3 276.3 288.7 282.9 276.4 284.4 277.9 278.3 280.3 281.7 285.4 275.9 267.0 274.6 268.9 270.5 268.3 269.1 264.4 272.9 267.7 256.9 267.4 265.7 265.2 266.2 264.2 262.3 268.2 259.9 264.4 265.8 265.5 262.3 265.6 265.8 269.7 267.3 271.6 273.1 271.7 269.2 274.7 271.9 265.2 273.2 273.6 272.1 271.1 269.0 266.9 268.3 270.8 266.0 259.9 261.0 265.3 268.9 269.6 266.0 252.6 253.5 254.0 251.1 248.0 246.8 251.0 251.3 248.0 251.6 252.6 247.8 249.9 244.6 240.3 235.3 232.3 239.9 246.6 247.1 246.3 249.2 251.3 253.2 247.1 243.9 257.9 253.1 251.1 255.5 251.0 270.1 260.9 252.4 235.2 252.3 256.8 246.4 251.3 245.0 231.1 252.2 260.7 255.0 274.7 277.9 274.2 270.8 266.4 253.4 242.9 265.8 296.2 277.9 276.9 269.7 255.4 246.3 266.6 279.0 285.2 269.7 284.3 281.4 272.7 287.5 278.2 272.5 268.9 272.3 289.6 288.2 283.9 267.6 251.8 245.6 286.1 276.6 265.6 288.4 293.2 281.1 308.8 300.9 261.8 269.6 289.8 278.9 290.1 284.6 264.5 273.7 269.6 266.8 273.9 271.4 269.5 278.0 300.6 193.5 221.2 222.8 233.5 268.4 280.8 150.2 178.6 228.3 227.5 309.2 324.3 300.7 295.6 276.3 284.4 287.4 283.9 283.8 261.3 244.7 225.0 214.6 232.0 229.2 207.1 223.8 220.4 208.5 148.9 136.4 124.0 119.9 117.5 117.7 117.8 117.8 117.5 117.7 117.7 117.8 117.9 117.6 81.8 107.6 128.4 142.7 211.4 139.4 159.2 126.7 116.4 130.9 138.0 134.8 115.2 103.2 89.7 0.0 164.1 149.4 149.4 144.7 139.4 123.5 131.8 130.5 115.5 97.2 120.1 135.2 117.9 111.9 136.4 123.6 122.1 121.9 127.9 109.2 111.8 107.3 109.1 102.9 99.9 134.1 130.5 131.4 93.4 101.8 108.2 114.2 109.8 106.7 118.3 116.2 65.8 91.5 93.4 77.5 51.9 75.7 77.2 60.0 128.8 120.8 121.3 139.3 145.0 144.5 121.1 113.9 113.6 126.7 133.9 133.8 0.0 0.0 218.5569444444444 73.18787970407931
4 301.3 298.9 305.4 314.9 306.1 305.5 299.7 304.4 305.5 302.7 304.6 301.6 302.1 301.3 299.5 304.3 300.8 308.8 300.9 297.6 299.6 297.2 303.0 310.6 309.6 310.4 307.0 311.7 300.4 312.6 309.8 309.3 305.5 302.0 301.7 302.2 304.7 308.8 308.2 300.5 312.1 313.0 317.9 317.3 316.3 303.5 301.8 300.2 309.0 303.7 303.1 303.6 300.6 303.7 296.7 298.5 301.5 298.8 299.3 320.1 322.6 302.6 301.2 328.8 330.5 317.3 306.1 309.3 322.6 319.5 329.7 332.9 336.0 330.8 329.9 333.3 354.6 345.9 352.5 322.4 322.3 4.6 318.8 322.1 300.5 282.5 312.3 328.7 337.2 334.7 320.4 312.3 300.4 309.3 311.7 306.8 321.5 322.6 326.7 324.9 7.2 38.6 25.7 28.8 29.4 29.3 18.4 333.7 332.0 331.4 335.0 333.0 340.6 324.1 5.6 337.1 4.1 7.6 0.7 68.1 2.4 14.4 338.6 338.2 344.7 311.0 315.1 333.0 3.0 40.7 312.6 12.3 32.0 36.8 22.1 24.2 345.7 337.7 357.0 5.1 321.7 326.2 298.2 316.7 326.9 333.8 326.2 315.4 317.1 316.0 324.3 322.1 296.0 300.7 321.1 299.0 307.9 320.7 315.2 326.4 326.6 315.3 327.9 311.9 309.4 324.0 333.7 332.2 332.1 342.9 342.2 325.7 329.6 334.8 7.5 323.9 330.8 0.5 24.4 321.2 341.9 46.2 27.3 332.2 343.5 281.2 307.4 328.3 328.3 349.3 343.1 343.6 337.8 334.2 339.9 2.5 336.5 331.7 337.9 335.4 343.3 335.3 339.0 349.8 31.3 35.6 43.6 29.7 48.3 55.0 47.3 35.4 36.0 0.0 5.6 48.8 59.0 52.5 59.0 53.6 42.2 28.8 41.7 41.6 54.5 48.8 41.5 47.5 56.3 61.7 49.1 19.0 1.1 30.5 19.0 272.9 269.4 0.0 38.5 48.5 356.8 303.4 303.5 0.0 0.0 303.3 0.0 303.4 64.6 46.5 41.1 88.1 88.4 0.0 0.0 0.0 0.0 0.0 122.7 90.0 0.0 75.0 81.4 104.8 107.5 100.4 62.2 50.8 43.6 47.9 351.4 358.5 5.9 48.1 9.9 315.2 330.4 62.6 55.1 57.2 36.5 42.2 51.0 58.9 64.3 65.1 57.9 320.2 219.65312500000002 136.34985331459347
5 276.5 275.4 274.3 272.2 274.3 272.2 271.8 278.3 278.6 275.8 276.1 285.9 283.3 285.3 282.6 280.0 274.5 282.7 280.1 281.3 275.1 277.4 278.9 281.5 276.6 282.4 280.3 277.4 276.2 279.9 281.7 280.3 266.9 259.9 271.2 278.3 282.2 277.1 278.4 277.7 284.1 282.1 284.1 280.1 280.0 280.9 283.2 287.9 284.6 283.8 287.5 287.4 285.9 285.8 287.5 286.0 282.5 287.0 286.5 290.3 291.6 295.9 293.7 299.4 294.3 293.9 288.9 290.6 291.6 284.6 286.7 289.7 292.4 297.0 299.0 295.0 292.1 290.8 293.4 289.0 291.4 289.3 292.6 297.0 290.3 296.1 302.4 295.7 296.1 294.9 290.4 288.5 295.2 287.0 297.6 294.9 294.3 298.0 297.9 299.2 294.4 302.8 297.7 299.6 300.9 305.1 307.2 308.2 305.9 301.1 303.5 303.3 297.5 305.5 298.2 294.5 299.0 309.7 298.4 315.9 323.6 328.1 317.8 302.0 304.7 311.8 317.1 307.6 312.1 297.2 293.5 301.9 329.9 319.5 318.2 336.7 300.0 323.8 321.2 293.4 312.9 291.5 287.1 289.7 308.9 320.3 331.3 301.0 318.7 312.0 307.6 307.9 292.3 278.1 281.9 290.0 286.3 294.3 283.8 294.3 301.3 307.0 300.7 298.9 288.3 293.4 284.8 295.6 281.8 287.5 278.0 280.3 288.6 281.7 284.7 294.5 298.0 292.5 302.5 286.9 293.5 292.2 290.2 289.4 281.7 286.9 289.2 289.6 281.2 275.4 276.8 271.9 277.4 274.2 292.4 286.0 285.0 282.7 275.0 278.3 277.3 276.0 271.2 268.8 274.8 277.4 286.1 265.7 263.7 273.5 279.5 290.6 298.7 289.3 287.4 322.1 334.9 350.7 344.4 330.2 338.3 332.3 330.4 334.1 338.2 345.4 352.1 358.4 10.8 75.8 143.0 0.0 0.0 0.0 0.0 208.2 0.0 0.0 0.0 0.0 0.0 0.0 291.2 290.4 0.0 289.8 0.0 0.0 0.0 0.0 0.0 0.0 289.9 289.9 290.1 290.1 0.0 0.0 290.1 290.1 290.0 290.0 0.0 0.0 0.0 0.0 0.0 0.0 0.0 0.0 0.0 285.3 264.3 262.9 264.1 266.0 266.0 0.0 0.0 0.0 0.0 266.2 0.0 266.3 266.3 0.0 0.0 0.0 253.32951388888893 99.97911069504784
6 -1.0 -1.0 -1.0 -1.0 -1.0 -1.0 -1.0 -1.0 -1.0 -1.0 -1.0 -1.0 -1.0 -1.0 -1.0 -1.0 -1.0 -1.0 -1.0 -1.0 -1.0 -1.0 -1.0 -1.0 -1.0 -1.0 -1.0 -1.0 -1.0 -1.0 -1.0 -1.0 -1.0 -1.0 -1.0 -1.0 -1.0 -1.0 -1.0 -1.0 -1.0 -1.0 -1.0 -1.0 -1.0 -1.0 -1.0 -1.0 -1.0 -1.0 -1.0 -1.0 -1.0 -1.0 -1.0 -1.0 -1.0 -1.0 -1.0 -1.0 -1.0 -1.0 -1.0 -1.0 -1.0 -1.0 -1.0 -1.0 -1.0 -1.0 -1.0 -1.0 -1.0 -1.0 -1.0 -1.0 -1.0 -1.0 -1.0 -1.0 -1.0 -1.0 -1.0 -1.0 -1.0 -1.0 -1.0 -1.0 -1.0 -1.0 -1.0 -1.0 -1.0 -1.0 -1.0 -1.0 -1.0 -1.0 -1.0 -1.0 -1.0 -1.0 -1.0 -1.0 -1.0 -1.0 -1.0 -1.0 -1.0 -1.0 -1.0 -1.0 -1.0 -1.0 -1.0 -1.0 -1.0 -1.0 -1.0 -1.0 -1.0 -1.0 -1.0 -1.0 -1.0 -1.0 -1.0 -1.0 -1.0 -1.0 -1.0 -1.0 -1.0 -1.0 -1.0 -1.0 -1.0 -1.0 -1.0 -1.0 -1.0 -1.0 -1.0 -1.0 -1.0 -1.0 -1.0 -1.0 -1.0 -1.0 -1.0 -1.0 -1.0 -1.0 -1.0 -1.0 -1.0 -1.0 -1.0 -1.0 -1.0 -1.0 -1.0 -1.0 -1.0 -1.0 -1.0 -1.0 -1.0 -1.0 -1.0 -1.0 -1.0 -1.0 -1.0 -1.0 -1.0 -1.0 -1.0 -1.0 -1.0 -1.0 -1.0 -1.0 -1.0 -1.0 -1.0 -1.0 -1.0 -1.0 -1.0 -1.0 -1.0 -1.0 -1.0 -1.0 -1.0 -1.0 -1.0 -1.0 -1.0 -1.0 -1.0 -1.0 -1.0 -1.0 -1.0 -1.0 -1.0 -1.0 -1.0 -1.0 -1.0 -1.0 -1.0 -1.0 -1.0 -1.0 -1.0 -1.0 -1.0 -1.0 -1.0 -1.0 -1.0 -1.0 -1.0 -1.0 -1.0 -1.0 -1.0 -1.0 -1.0 -1.0 -1.0 -1.0 -1.0 -1.0 -1.0 -1.0 -1.0 -1.0 -1.0 -1.0 -1.0 -1.0 -1.0 -1.0 -1.0 -1.0 -1.0 -1.0 -1.0 -1.0 -1.0 -1.0 -1.0 -1.0 -1.0 -1.0 -1.0 -1.0 -1.0 -1.0 -1.0 -1.0 -1.0 -1.0 -1.0 -1.0 -1.0 -1.0 -1.0 -1.0 -1.0 -1.0 -1.0 -1.0 -1.0 -1.0 -1.0 -1.0 -1.0 -1.0 -1.0 -1.0 -1.0 -1.0 -1.0 0.0
7 229.8 253.8 262.8 268.1 293.4 313.8 313.2 312.2 302.5 272.1 269.0 276.9 275.3 287.1 289.4 294.9 276.7 278.0 274.0 277.2 289.0 289.0 285.0 283.3 285.4 295.6 295.1 293.6 299.8 322.2 310.2 303.1 297.6 303.4 305.4 308.2 312.1 318.5 314.7 307.2 302.4 274.9 276.7 280.3 289.3 297.3 289.5 280.3 273.3 273.4 292.2 296.7 291.4 289.0 293.4 296.0 292.7 292.2 299.8 299.8 299.3 297.0 291.2 305.0 300.8 294.8 291.6 290.1 295.1 300.6 299.4 276.4 285.9 279.9 270.7 292.4 287.3 280.6 298.8 296.9 307.9 318.4 326.2 307.0 301.3 283.3 288.9 292.4 292.5 289.0 289.2 291.9 298.6 286.4 292.5 286.6 293.0 292.9 281.6 283.7 283.5 281.4 288.7 281.7 283.3 290.8 283.4 282.1 288.7 288.9 281.8 282.9 284.2 293.7 290.2 282.1 283.6 288.9 278.6 285.4 290.4 284.0 287.8 284.4 282.7 293.6 283.4 291.5 291.6 285.1 281.4 297.0 293.6 302.2 304.5 300.5 289.5 290.2 293.7 293.7 299.9 291.2 300.6 290.4 294.2 291.4 293.6 279.8 296.0 292.1 279.2 289.6 299.4 287.9 293.1 291.8 290.2 286.8 290.3 309.9 291.7 279.4 290.4 293.4 282.6 284.8 296.5 301.3 285.8 282.7 292.4 287.6 282.8 294.1 291.8 280.1 270.1 278.0 286.7 287.6 281.0 281.7 284.8 283.7 286.1 283.0 285.4 292.3 306.4 311.3 297.4 296.0 301.5 296.8 298.2 293.1 291.8 296.1 301.7 313.4 313.0 286.9 241.5 239.7 246.6 254.2 265.9 269.8 253.9 247.6 217.8 224.4 237.1 244.3 231.6 216.6 215.6 225.6 228.0 240.2 245.5 249.5 243.3 224.7 227.7 240.7 247.1 248.8 251.6 250.7 238.8 224.8 231.6 231.4 224.6 231.8 254.2 241.8 226.6 236.5 220.9 220.2 239.2 243.4 227.7 226.6 230.8 229.6 235.9 236.6 241.2 234.7 233.7 226.1 215.5 213.6 221.5 217.6 201.8 198.5 201.6 192.3 191.5 208.3 210.0 156.0 174.1 209.3 209.3 184.8 0.0 294.1 247.9 254.4 260.1 250.0 244.1 223.6 209.8 151.6 136.2 160.2 218.7 214.4 185.0 187.8 227.2 195.4 270.6065972222222 37.97510726325891
8 242.1 258.4 274.8 258.0 237.6 226.1 221.2 215.8 217.0 222.4 230.7 211.9 215.6 216.6 213.8 224.5 209.4 213.3 207.8 228.1 223.7 227.0 224.8 199.9 205.3 213.4 225.8 228.7 218.6 211.4 222.6 230.6 220.9 221.7 224.7 227.3 224.2 224.5 236.3 220.0 250.2 259.1 216.5 227.2 186.6 215.1 228.2 211.8 233.0 223.0 201.2 216.8 184.0 260.7 222.2 280.1 244.9 240.5 268.0 295.0 198.2 303.3 256.3 281.3 283.4 319.9 308.0 279.5 281.7 284.1 284.3 269.1 302.9 280.3 294.8 247.1 264.1 280.2 265.5 285.8 272.8 289.0 269.4 321.3 313.6 310.0 301.8 297.3 270.3 280.0 306.2 321.4 316.9 328.3 324.8 341.0 359.7 330.1 324.8 348.0 8.9 314.8 265.4 263.1 3.1 308.2 330.8 303.3 293.4 298.7 317.5 306.4 334.3 334.3 296.8 319.5 319.8 313.1 316.3 329.2 320.3 338.3 323.0 314.6 322.7 320.0 316.0 319.3 319.4 303.9 323.5 307.8 294.9 286.9 309.4 283.5 310.3 325.5 325.6 325.9 317.0 328.5 323.9 322.2 317.9 319.3 330.3 353.6 325.0 313.6 312.0 321.4 332.4 325.9 304.3 333.3 327.9 356.4 334.9 321.4 313.7 331.9 324.3 314.8 322.6 315.7 334.5 324.8 327.3 325.8 336.0 300.7 320.7 307.5 304.0 328.6 319.4 311.4 319.2 322.2 332.6 308.7 305.0 326.8 321.9 320.8 261.5 256.0 22.8 144.8 285.7 292.8 306.5 299.6 323.1 317.3 312.9 305.0 291.4 248.2 260.3 287.6 313.6 300.2 267.0 284.3 303.6 270.6 280.3 274.8 271.5 309.3 295.5 292.1 297.7 321.8 286.8 235.6 234.0 229.8 236.7 241.3 235.2 235.8 246.0 263.5 256.2 253.0 248.6 259.0 256.4 257.8 267.3 255.1 251.8 344.9 76.1 195.0 256.3 13.6 18.5 268.4 259.4 301.1 275.8 284.6 267.1 145.3 13.9 350.7 315.3 0.0 347.0 351.4 35.9 0.0 305.1 322.5 10.7 7.0 348.6 276.8 265.7 280.8 333.4 351.9 292.6 34.1 332.2 302.7 299.4 287.7 301.2 275.7 286.9 14.9 28.5 33.0 41.9 357.9 262.3 261.6 308.5 343.1 344.4 358.0 308.5 296.8 268.0184027777778 75.1560511834925
9 183.6 225.9 325.0 355.7 26.0 151.9 140.5 0.0 0.0 0.0 194.7 163.1 191.8 204.7 115.2 187.3 239.6 228.7 124.6 139.2 127.7 280.6 340.4 352.7 24.4 336.0 0.0 0.0 336.3 316.8 344.0 296.5 0.0 0.0 125.0 0.0 0.0 124.9 335.0 334.0 0.0 32.3 3.9 353.1 346.3 321.5 220.3 168.8 180.2 243.7 216.2 149.9 143.6 181.0 147.3 140.5 133.0 220.2 322.5 15.3 317.9 295.8 344.0 27.6 43.7 308.7 350.5 356.1 7.4 12.2 11.4 25.6 9.6 358.9 341.7 328.6 329.0 329.2 333.5 322.9 178.9 134.0 97.9 77.5 87.8 97.7 146.6 156.7 217.8 226.4 210.5 177.7 192.5 142.1 147.6 203.7 79.8 346.2 25.0 54.7 43.4 27.6 26.0 1.6 34.0 24.9 18.6 15.2 28.4 34.3 29.5 38.1 49.4 47.2 41.6 8.8 1.1 41.0 48.1 337.3 327.8 330.1 329.1 328.9 332.6 308.8 333.4 333.9 340.4 334.3 334.9 313.3 318.5 336.3 346.5 346.8 351.9 2.1 7.4 3.9 1.1 360.0 350.6 343.9 359.5 15.0 10.4 20.1 16.1 19.6 13.0 15.4 1.8 9.6 7.7 358.2 12.2 18.3 11.7 13.6 12.6 17.6 28.0 11.3 12.8 11.8 9.1 14.6 11.2 6.8 13.7 22.0 23.9 19.4 2.3 0.2 348.6 354.7 6.0 354.1 1.1 351.4 349.5 351.0 332.8 322.5 336.7 339.1 335.0 343.0 336.9 330.6 338.0 337.2 334.3 339.4 334.3 339.8 333.4 341.5 354.0 54.0 48.1 31.6 42.9 38.2 121.4 95.2 97.2 283.4 64.1 359.5 29.2 26.2 118.6 146.2 168.0 202.9 193.3 203.0 214.0 196.2 171.4 205.1 153.0 153.3 153.2 210.8 194.8 211.0 264.7 0.0 0.0 191.0 149.0 137.7 135.7 110.6 91.5 17.4 20.0 41.6 19.1 88.8 107.6 39.5 339.9 334.2 329.9 336.4 337.5 333.5 340.8 353.0 356.2 352.1 358.0 21.1 10.2 16.4 357.7 356.7 351.3 349.0 350.7 352.6 341.8 342.3 350.1 344.8 340.2 340.8 343.1 342.5 0.5 358.1 344.1 333.0 327.7 332.7 326.1 335.0 330.5 326.6 332.0 335.9 345.0 0.1 183.1732638888889 140.51182181633737
END
#################################################################
SECTION3 (Edges Information)
EndPoint0 EndPoint1 Weight
0 1 1.000000
1 2 1.000000
2 3 1.000000
3 4 1.000000
3 5 1.000000
4 5 1.000000
4 6 1.000000
5 6 1.000000
5 7 1.000000
6 7 1.000000
7 8 1.000000
7 9 1.000000
8 9 1.000000
0 1 1.000000
1 2 1.000000
2 3 1.000000
3 4 1.000000
3 5 1.000000
4 5 1.000000
4 6 1.000000
5 6 1.000000
5 7 1.000000
6 7 1.000000
7 8 1.000000
7 9 1.000000
8 9 1.000000
0 1 1.000000
1 2 1.000000
2 3 1.000000
3 4 1.000000
3 5 1.000000
4 5 1.000000
4 6 1.000000
5 6 1.000000
5 7 1.000000
6 7 1.000000
7 8 1.000000
7 9 1.000000
8 9 1.000000
0 1 1.000000
1 2 1.000000
2 3 1.000000
3 4 1.000000
3 5 1.000000
4 5 1.000000
4 6 1.000000
5 6 1.000000
5 7 1.000000
6 7 1.000000
7 8 1.000000
7 9 1.000000
8 9 1.000000
0 1 1.000000
1 2 1.000000
2 3 1.000000
3 4 1.000000
3 5 1.000000
4 5 1.000000
4 6 1.000000
5 6 1.000000
5 7 1.000000
6 7 1.000000
7 8 1.000000
7 9 1.000000
8 9 1.000000
END
#################################################################
SECTION4 (TrueSubGraph Information)
EndPoint0 EndPoint1 Weight
END
#################################################################
