#################################################################
#APDM Input Graph, this input graph includes 3 sections:
#section1 : general information
#section2 : nodes
#section3 : edges
#section4 : trueSubGraph (Optional)
#
#if nodes haven't information set weight to null
#################################################################
SECTION1 (General Information)
numNodes = 10
numEdges = 13
usedAlgorithm = NULL
dataSource = TransWeatherRealData
END
#################################################################
SECTION2 (Nodes Information)
NodeID windDir  mean  std 
0 226.0 225.0 223.0 234.0 232.0 231.0 233.0 230.0 234.0 236.0 232.0 230.0 228.0 225.0 221.0 223.0 221.0 228.0 227.0 224.0 230.0 231.0 229.0 232.0 237.0 231.0 232.0 230.0 228.0 227.0 227.0 229.0 243.0 255.0 248.0 247.0 248.0 249.0 249.0 246.0 252.0 243.0 249.0 250.0 248.0 246.0 254.0 253.0 252.0 251.0 249.0 255.0 254.0 249.0 252.0 254.0 252.0 248.0 255.0 259.0 266.0 265.0 258.0 256.0 259.0 262.0 260.0 259.0 258.0 252.0 249.0 251.0 248.0 252.0 248.0 249.0 243.0 249.0 242.0 239.0 244.0 240.0 243.0 244.0 248.0 239.0 241.0 240.0 244.0 236.0 226.0 230.0 232.0 235.0 234.0 242.0 239.0 238.0 240.0 238.0 242.0 244.0 240.0 245.0 238.0 240.0 236.0 236.0 240.0 232.0 225.0 219.0 217.0 218.0 219.0 220.0 220.0 219.0 214.0 208.0 207.0 203.0 200.0 202.0 203.0 203.0 197.0 202.0 201.0 197.0 204.0 206.0 209.0 205.0 207.0 212.0 209.0 213.0 213.0 221.0 218.0 218.0 220.0 223.0 237.0 227.0 232.0 232.0 245.0 233.0 244.0 244.0 243.0 243.0 252.0 248.0 249.0 251.0 250.0 259.0 255.0 250.0 253.0 253.0 253.0 257.0 248.0 249.0 246.0 240.0 244.0 239.0 243.0 244.0 246.0 248.0 247.0 244.0 244.0 253.0 260.0 252.0 253.0 257.0 260.0 250.0 256.0 254.0 263.0 260.0 250.0 260.0 251.0 256.0 259.0 246.0 249.0 266.0 250.0 243.0 242.0 248.0 256.0 261.0 249.0 256.0 243.0 255.0 238.0 247.0 245.0 246.0 238.0 241.0 230.0 236.0 234.0 240.0 244.0 246.0 250.0 242.0 247.0 244.0 240.0 240.0 238.0 236.0 237.0 246.0 247.0 262.0 249.0 241.0 235.0 235.0 251.0 258.0 242.0 233.0 256.0 248.0 244.0 247.0 239.0 248.0 250.0 241.0 231.0 236.0 255.0 255.0 232.0 233.0 237.0 242.0 247.0 240.0 221.0 237.0 246.0 235.0 246.0 238.0 247.0 243.0 234.0 247.0 239.0 241.0 245.0 224.0 235.0 234.0 223.0 220.0 231.0 222.0 230.0 222.0 224.0 234.0 224.0 224.0 232.0 226.0 222.0 224.0 238.88194444444446 14.478144782579527
1 198.0 216.0 212.0 211.0 217.0 214.0 217.0 218.0 213.0 214.0 218.0 218.0 223.0 222.0 227.0 221.0 217.0 228.0 217.0 221.0 219.0 217.0 221.0 217.0 237.0 235.0 231.0 224.0 229.0 228.0 230.0 232.0 238.0 241.0 239.0 238.0 234.0 232.0 236.0 234.0 226.0 229.0 230.0 231.0 227.0 227.0 231.0 252.0 250.0 257.0 252.0 247.0 259.0 252.0 230.0 244.0 240.0 255.0 240.0 240.0 245.0 251.0 238.0 238.0 240.0 236.0 225.0 239.0 253.0 235.0 242.0 236.0 238.0 226.0 235.0 243.0 249.0 238.0 242.0 231.0 245.0 252.0 243.0 232.0 227.0 232.0 234.0 237.0 248.0 245.0 232.0 222.0 229.0 226.0 233.0 225.0 236.0 223.0 224.0 215.0 222.0 227.0 229.0 227.0 209.0 214.0 210.0 223.0 208.0 224.0 227.0 224.0 228.0 229.0 229.0 208.0 227.0 200.0 212.0 210.0 200.0 191.0 203.0 220.0 212.0 205.0 202.0 206.0 205.0 218.0 201.0 208.0 199.0 212.0 204.0 196.0 217.0 207.0 197.0 211.0 200.0 191.0 189.0 174.0 195.0 196.0 206.0 205.0 216.0 227.0 217.0 220.0 244.0 244.0 239.0 245.0 240.0 249.0 238.0 254.0 235.0 258.0 252.0 253.0 263.0 260.0 265.0 254.0 250.0 273.0 268.0 267.0 263.0 248.0 265.0 270.0 269.0 267.0 257.0 263.0 251.0 258.0 251.0 248.0 242.0 260.0 267.0 256.0 250.0 253.0 255.0 261.0 279.0 287.0 281.0 278.0 272.0 267.0 279.0 284.0 269.0 270.0 275.0 250.0 254.0 252.0 273.0 266.0 245.0 271.0 268.0 268.0 254.0 265.0 262.0 250.0 274.0 288.0 262.0 258.0 279.0 282.0 258.0 253.0 283.0 260.0 245.0 284.0 257.0 250.0 269.0 263.0 265.0 277.0 275.0 266.0 272.0 259.0 254.0 238.0 259.0 269.0 275.0 256.0 260.0 258.0 265.0 249.0 244.0 277.0 268.0 250.0 239.0 275.0 264.0 291.0 269.0 263.0 271.0 275.0 257.0 270.0 268.0 261.0 263.0 256.0 259.0 268.0 259.0 249.0 270.0 259.0 261.0 259.0 252.0 253.0 259.0 249.0 248.0 253.0 243.0 239.0 226.0 222.0 227.0 239.0 245.0 243.0 241.24652777777774 22.878066160552386
2 165.0 175.0 169.0 174.0 200.0 214.0 220.0 226.0 219.0 223.0 223.0 217.0 215.0 211.0 217.0 217.0 213.0 214.0 213.0 217.0 204.0 206.0 210.0 211.0 208.0 208.0 209.0 214.0 216.0 219.0 221.0 219.0 217.0 226.0 223.0 223.0 219.0 219.0 216.0 214.0 211.0 203.0 203.0 198.0 199.0 194.0 191.0 192.0 197.0 198.0 197.0 205.0 208.0 208.0 199.0 201.0 202.0 202.0 206.0 205.0 207.0 197.0 190.0 188.0 183.0 179.0 182.0 188.0 190.0 193.0 194.0 198.0 199.0 199.0 204.0 205.0 215.0 209.0 202.0 203.0 212.0 202.0 200.0 200.0 198.0 201.0 198.0 195.0 196.0 197.0 191.0 192.0 197.0 198.0 195.0 197.0 192.0 195.0 191.0 189.0 189.0 192.0 198.0 196.0 200.0 210.0 208.0 212.0 210.0 210.0 213.0 214.0 217.0 219.0 216.0 216.0 211.0 215.0 213.0 210.0 210.0 209.0 206.0 202.0 207.0 203.0 203.0 204.0 206.0 206.0 205.0 205.0 209.0 210.0 212.0 210.0 207.0 202.0 202.0 207.0 210.0 200.0 202.0 206.0 199.0 197.0 196.0 200.0 203.0 206.0 204.0 195.0 195.0 192.0 203.0 193.0 199.0 199.0 203.0 197.0 201.0 206.0 222.0 229.0 235.0 232.0 235.0 243.0 247.0 239.0 251.0 247.0 244.0 261.0 238.0 241.0 246.0 260.0 260.0 265.0 248.0 249.0 243.0 251.0 249.0 246.0 250.0 250.0 271.0 244.0 262.0 260.0 262.0 270.0 272.0 271.0 260.0 269.0 272.0 268.0 259.0 272.0 271.0 259.0 262.0 249.0 254.0 269.0 268.0 264.0 247.0 250.0 279.0 271.0 273.0 273.0 265.0 269.0 261.0 281.0 267.0 267.0 262.0 253.0 265.0 286.0 264.0 250.0 269.0 266.0 273.0 257.0 256.0 253.0 260.0 249.0 268.0 259.0 271.0 269.0 264.0 258.0 241.0 244.0 259.0 259.0 239.0 252.0 258.0 261.0 255.0 258.0 255.0 235.0 249.0 241.0 258.0 246.0 250.0 259.0 243.0 244.0 265.0 259.0 265.0 261.0 252.0 255.0 263.0 271.0 266.0 255.0 255.0 249.0 256.0 240.0 247.0 241.0 237.0 233.0 236.0 222.0 210.0 215.0 215.0 212.0 214.0 212.0 225.625 27.891745684913957
3 174.0 164.0 157.0 155.0 131.0 186.0 199.0 193.0 186.0 193.0 217.0 203.0 203.0 202.0 212.0 208.0 212.0 215.0 210.0 215.0 210.0 208.0 205.0 206.0 206.0 204.0 208.0 218.0 218.0 211.0 216.0 219.0 210.0 209.0 213.0 209.0 216.0 214.0 219.0 213.0 208.0 216.0 208.0 212.0 210.0 214.0 210.0 208.0 209.0 207.0 212.0 218.0 222.0 213.0 216.0 232.0 207.0 200.0 228.0 210.0 218.0 215.0 212.0 206.0 217.0 217.0 208.0 202.0 205.0 206.0 208.0 203.0 211.0 212.0 209.0 211.0 208.0 209.0 212.0 208.0 212.0 212.0 216.0 214.0 224.0 222.0 224.0 222.0 225.0 227.0 221.0 221.0 222.0 225.0 226.0 221.0 219.0 216.0 222.0 220.0 221.0 219.0 219.0 223.0 234.0 231.0 233.0 229.0 222.0 219.0 213.0 213.0 216.0 221.0 225.0 220.0 213.0 201.0 217.0 219.0 220.0 219.0 222.0 222.0 225.0 228.0 229.0 218.0 216.0 215.0 216.0 219.0 220.0 210.0 208.0 209.0 202.0 210.0 212.0 210.0 207.0 206.0 210.0 208.0 210.0 211.0 196.0 195.0 199.0 197.0 201.0 204.0 208.0 212.0 212.0 211.0 219.0 206.0 211.0 207.0 203.0 221.0 211.0 203.0 217.0 207.0 225.0 229.0 215.0 217.0 220.0 219.0 223.0 237.0 252.0 254.0 235.0 249.0 226.0 228.0 237.0 225.0 235.0 230.0 239.0 243.0 219.0 237.0 230.0 236.0 241.0 264.0 256.0 236.0 250.0 266.0 259.0 242.0 253.0 250.0 244.0 264.0 265.0 265.0 263.0 263.0 239.0 246.0 247.0 243.0 247.0 227.0 261.0 252.0 242.0 257.0 262.0 262.0 265.0 253.0 264.0 265.0 263.0 275.0 274.0 255.0 258.0 271.0 268.0 260.0 273.0 260.0 258.0 268.0 257.0 256.0 242.0 251.0 263.0 259.0 219.0 256.0 250.0 269.0 256.0 256.0 269.0 276.0 251.0 268.0 270.0 267.0 263.0 241.0 233.0 244.0 249.0 255.0 244.0 268.0 254.0 256.0 250.0 239.0 251.0 255.0 255.0 257.0 251.0 259.0 247.0 249.0 237.0 244.0 243.0 244.0 243.0 236.0 239.0 231.0 228.0 220.0 222.0 223.0 223.0 210.0 198.0 193.0 226.4236111111111 23.102733705872893
4 141.0 139.0 149.0 148.0 138.0 143.0 138.0 124.0 99.0 116.0 126.0 114.0 160.0 149.0 145.0 147.0 162.0 170.0 171.0 184.0 189.0 194.0 209.0 191.0 198.0 193.0 195.0 196.0 186.0 192.0 195.0 203.0 209.0 202.0 234.0 225.0 211.0 206.0 220.0 248.0 214.0 221.0 219.0 217.0 223.0 232.0 232.0 224.0 221.0 235.0 226.0 222.0 220.0 228.0 222.0 227.0 227.0 226.0 228.0 223.0 221.0 222.0 225.0 227.0 223.0 232.0 234.0 236.0 233.0 233.0 237.0 235.0 226.0 228.0 227.0 226.0 223.0 228.0 219.0 222.0 224.0 233.0 228.0 237.0 239.0 242.0 234.0 237.0 239.0 241.0 242.0 234.0 234.0 238.0 237.0 227.0 224.0 222.0 216.0 213.0 213.0 212.0 216.0 225.0 224.0 217.0 225.0 232.0 231.0 237.0 237.0 246.0 237.0 237.0 235.0 235.0 239.0 239.0 236.0 252.0 251.0 247.0 256.0 249.0 261.0 262.0 264.0 261.0 263.0 251.0 258.0 251.0 259.0 264.0 263.0 264.0 267.0 262.0 270.0 254.0 253.0 247.0 239.0 240.0 227.0 249.0 228.0 238.0 226.0 222.0 245.0 219.0 212.0 225.0 214.0 219.0 215.0 210.0 222.0 224.0 196.0 215.0 203.0 206.0 208.0 192.0 193.0 184.0 216.0 203.0 218.0 201.0 206.0 207.0 238.0 235.0 243.0 253.0 248.0 243.0 240.0 249.0 252.0 244.0 256.0 249.0 239.0 249.0 259.0 264.0 257.0 257.0 243.0 256.0 267.0 250.0 252.0 259.0 270.0 279.0 293.0 296.0 297.0 308.0 290.0 298.0 280.0 279.0 305.0 284.0 276.0 291.0 291.0 296.0 294.0 288.0 284.0 281.0 260.0 265.0 281.0 284.0 293.0 286.0 294.0 284.0 284.0 278.0 277.0 281.0 290.0 293.0 292.0 278.0 288.0 294.0 302.0 269.0 287.0 303.0 290.0 293.0 291.0 287.0 277.0 292.0 297.0 278.0 258.0 296.0 290.0 283.0 281.0 274.0 249.0 280.0 280.0 275.0 276.0 280.0 257.0 246.0 237.0 274.0 264.0 264.0 269.0 257.0 255.0 260.0 272.0 249.0 252.0 269.0 258.0 267.0 262.0 254.0 241.0 252.0 245.0 246.0 249.0 240.0 242.0 205.0 199.0 219.0 238.0 38.36855928313461
5 177.0 166.0 171.0 164.0 137.0 138.0 151.0 172.0 164.0 155.0 154.0 153.0 170.0 172.0 171.0 156.0 139.0 149.0 178.0 197.0 192.0 202.0 198.0 198.0 183.0 179.0 178.0 173.0 175.0 168.0 174.0 177.0 180.0 188.0 186.0 190.0 191.0 200.0 197.0 188.0 217.0 256.0 230.0 241.0 214.0 227.0 236.0 240.0 240.0 238.0 237.0 243.0 248.0 245.0 242.0 241.0 243.0 237.0 242.0 238.0 239.0 240.0 238.0 240.0 238.0 236.0 236.0 228.0 221.0 223.0 214.0 231.0 242.0 245.0 244.0 239.0 242.0 247.0 245.0 239.0 244.0 244.0 245.0 240.0 244.0 239.0 238.0 239.0 235.0 232.0 225.0 217.0 223.0 233.0 235.0 228.0 223.0 230.0 219.0 219.0 223.0 215.0 228.0 232.0 223.0 222.0 221.0 230.0 228.0 223.0 225.0 226.0 222.0 228.0 233.0 222.0 229.0 223.0 232.0 243.0 249.0 250.0 261.0 259.0 261.0 255.0 237.0 220.0 230.0 215.0 216.0 220.0 226.0 230.0 242.0 240.0 238.0 246.0 257.0 256.0 256.0 259.0 259.0 258.0 254.0 250.0 258.0 258.0 259.0 263.0 257.0 256.0 253.0 253.0 255.0 258.0 260.0 247.0 243.0 251.0 246.0 263.0 244.0 245.0 238.0 249.0 252.0 233.0 243.0 246.0 235.0 242.0 200.0 198.0 209.0 208.0 261.0 262.0 235.0 254.0 249.0 241.0 256.0 262.0 267.0 277.0 264.0 266.0 263.0 255.0 261.0 255.0 256.0 238.0 249.0 259.0 254.0 253.0 257.0 253.0 272.0 274.0 265.0 268.0 279.0 271.0 254.0 265.0 265.0 259.0 237.0 248.0 260.0 277.0 257.0 259.0 254.0 247.0 252.0 256.0 261.0 278.0 279.0 297.0 278.0 275.0 279.0 275.0 276.0 283.0 291.0 292.0 288.0 289.0 288.0 291.0 288.0 290.0 291.0 289.0 276.0 279.0 285.0 282.0 278.0 284.0 284.0 274.0 264.0 287.0 281.0 279.0 284.0 276.0 292.0 268.0 287.0 275.0 285.0 271.0 284.0 284.0 279.0 284.0 279.0 283.0 293.0 290.0 296.0 289.0 284.0 285.0 280.0 277.0 273.0 265.0 268.0 264.0 258.0 267.0 272.0 265.0 290.0 264.0 251.0 247.0 250.0 255.0 241.63194444444454 34.56352965581902
6 164.0 140.0 168.0 177.0 174.0 179.0 181.0 166.0 168.0 155.0 162.0 158.0 150.0 132.0 149.0 157.0 174.0 176.0 163.0 167.0 171.0 167.0 158.0 170.0 182.0 182.0 189.0 186.0 186.0 190.0 180.0 190.0 184.0 184.0 189.0 191.0 189.0 193.0 187.0 193.0 191.0 194.0 190.0 193.0 183.0 188.0 196.0 197.0 201.0 203.0 201.0 221.0 217.0 209.0 216.0 210.0 228.0 223.0 218.0 215.0 217.0 216.0 215.0 220.0 223.0 217.0 219.0 221.0 222.0 215.0 213.0 214.0 211.0 214.0 232.0 228.0 215.0 208.0 220.0 217.0 220.0 219.0 221.0 225.0 233.0 232.0 234.0 236.0 227.0 227.0 231.0 228.0 220.0 226.0 230.0 229.0 227.0 233.0 227.0 233.0 238.0 234.0 231.0 233.0 239.0 237.0 230.0 230.0 229.0 225.0 225.0 228.0 230.0 226.0 231.0 231.0 231.0 225.0 231.0 237.0 232.0 227.0 231.0 232.0 234.0 239.0 234.0 235.0 237.0 233.0 233.0 237.0 230.0 234.0 248.0 242.0 254.0 253.0 270.0 248.0 251.0 291.0 264.0 236.0 237.0 240.0 236.0 248.0 238.0 239.0 247.0 247.0 234.0 244.0 255.0 241.0 245.0 251.0 248.0 242.0 244.0 255.0 249.0 252.0 241.0 261.0 252.0 254.0 239.0 226.0 232.0 249.0 255.0 242.0 241.0 218.0 217.0 243.0 266.0 248.0 212.0 224.0 235.0 244.0 217.0 250.0 231.0 246.0 250.0 244.0 238.0 249.0 235.0 214.0 230.0 229.0 245.0 248.0 247.0 252.0 254.0 249.0 261.0 256.0 246.0 270.0 248.0 259.0 257.0 259.0 252.0 257.0 267.0 242.0 252.0 257.0 239.0 250.0 268.0 259.0 258.0 269.0 269.0 270.0 268.0 259.0 248.0 249.0 256.0 271.0 269.0 275.0 281.0 287.0 287.0 280.0 274.0 267.0 268.0 271.0 267.0 252.0 262.0 272.0 274.0 273.0 284.0 276.0 280.0 273.0 274.0 253.0 270.0 259.0 254.0 257.0 265.0 255.0 243.0 262.0 263.0 258.0 269.0 278.0 259.0 265.0 266.0 249.0 257.0 267.0 250.0 263.0 261.0 253.0 268.0 260.0 263.0 255.0 255.0 259.0 253.0 252.0 263.0 258.0 256.0 257.0 257.0 252.0 232.43402777777771 31.249515482113036
7 323.0 300.0 187.0 193.0 334.0 345.0 193.0 190.0 174.0 0.0 0.0 167.0 149.0 142.0 111.0 106.0 107.0 112.0 267.0 256.0 237.0 208.0 177.0 90.0 120.0 142.0 128.0 126.0 133.0 144.0 153.0 158.0 317.0 323.0 339.0 13.0 103.0 86.0 90.0 114.0 113.0 100.0 73.0 71.0 51.0 77.0 133.0 120.0 98.0 89.0 73.0 42.0 81.0 95.0 64.0 67.0 63.0 108.0 147.0 104.0 121.0 153.0 166.0 219.0 193.0 200.0 206.0 205.0 216.0 219.0 223.0 219.0 221.0 220.0 220.0 222.0 233.0 231.0 228.0 237.0 228.0 230.0 235.0 240.0 243.0 243.0 250.0 244.0 248.0 245.0 236.0 234.0 236.0 233.0 236.0 242.0 238.0 238.0 234.0 236.0 234.0 232.0 233.0 229.0 234.0 229.0 231.0 217.0 221.0 220.0 219.0 224.0 225.0 224.0 231.0 224.0 220.0 222.0 231.0 245.0 249.0 245.0 248.0 243.0 240.0 237.0 240.0 235.0 237.0 237.0 243.0 238.0 236.0 233.0 238.0 244.0 237.0 244.0 241.0 245.0 251.0 252.0 247.0 249.0 253.0 261.0 254.0 251.0 240.0 253.0 248.0 249.0 248.0 254.0 240.0 251.0 237.0 245.0 260.0 238.0 238.0 235.0 246.0 258.0 241.0 239.0 248.0 246.0 243.0 266.0 261.0 246.0 248.0 252.0 243.0 239.0 252.0 258.0 261.0 274.0 245.0 228.0 238.0 244.0 264.0 246.0 218.0 242.0 243.0 259.0 258.0 266.0 244.0 267.0 260.0 242.0 238.0 246.0 240.0 256.0 237.0 242.0 230.0 241.0 249.0 247.0 247.0 259.0 255.0 249.0 252.0 272.0 260.0 251.0 270.0 265.0 257.0 260.0 260.0 258.0 261.0 267.0 271.0 275.0 258.0 273.0 272.0 261.0 265.0 279.0 281.0 282.0 264.0 272.0 261.0 273.0 267.0 269.0 265.0 268.0 265.0 275.0 278.0 284.0 279.0 273.0 274.0 266.0 264.0 278.0 272.0 262.0 267.0 273.0 281.0 279.0 281.0 285.0 284.0 286.0 279.0 288.0 287.0 298.0 290.0 288.0 282.0 279.0 277.0 286.0 285.0 285.0 285.0 280.0 281.0 282.0 282.0 283.0 279.0 271.0 278.0 278.0 277.0 271.0 275.0 279.0 270.0 253.0 227.84722222222206 61.91607441531408
8 275.0 255.0 298.0 289.0 290.0 284.0 282.0 289.0 300.0 270.0 274.0 291.0 198.0 336.0 319.0 295.0 320.0 270.0 292.0 285.0 270.0 297.0 261.0 241.0 265.0 286.0 226.0 248.0 278.0 227.0 225.0 221.0 226.0 223.0 230.0 237.0 228.0 223.0 218.0 200.0 202.0 212.0 210.0 222.0 231.0 206.0 201.0 197.0 225.0 206.0 201.0 214.0 210.0 200.0 211.0 198.0 199.0 192.0 195.0 199.0 189.0 191.0 204.0 221.0 222.0 230.0 198.0 352.0 57.0 28.0 174.0 204.0 286.0 305.0 339.0 320.0 32.0 40.0 337.0 8.0 356.0 213.0 206.0 278.0 211.0 208.0 238.0 244.0 224.0 267.0 240.0 221.0 225.0 240.0 224.0 230.0 225.0 229.0 231.0 236.0 240.0 228.0 219.0 211.0 230.0 281.0 254.0 255.0 230.0 226.0 224.0 221.0 222.0 223.0 224.0 222.0 219.0 225.0 228.0 218.0 219.0 215.0 215.0 215.0 212.0 216.0 217.0 219.0 214.0 221.0 218.0 220.0 220.0 211.0 216.0 214.0 220.0 216.0 220.0 220.0 218.0 216.0 217.0 219.0 224.0 218.0 213.0 219.0 217.0 216.0 221.0 221.0 222.0 225.0 223.0 218.0 230.0 227.0 245.0 226.0 223.0 225.0 219.0 227.0 255.0 224.0 226.0 220.0 237.0 211.0 215.0 224.0 224.0 224.0 224.0 223.0 241.0 222.0 230.0 232.0 233.0 213.0 214.0 228.0 222.0 225.0 214.0 210.0 216.0 226.0 229.0 215.0 239.0 220.0 221.0 219.0 221.0 217.0 219.0 223.0 222.0 220.0 231.0 235.0 220.0 232.0 227.0 229.0 215.0 224.0 222.0 225.0 220.0 220.0 219.0 214.0 220.0 217.0 223.0 221.0 206.0 224.0 217.0 216.0 215.0 223.0 219.0 224.0 217.0 227.0 226.0 220.0 226.0 212.0 272.0 282.0 211.0 262.0 220.0 219.0 216.0 229.0 234.0 223.0 225.0 219.0 223.0 243.0 266.0 214.0 222.0 225.0 230.0 278.0 296.0 197.0 247.0 301.0 290.0 262.0 263.0 272.0 284.0 214.0 272.0 228.0 226.0 255.0 278.0 277.0 287.0 268.0 259.0 286.0 268.0 291.0 190.0 212.0 228.0 260.0 278.0 282.0 261.0 277.0 297.0 286.0 301.0 304.0 232.35069444444446 41.14466616127821
9 348.0 19.0 51.0 72.0 265.0 269.0 209.0 183.0 257.0 214.0 257.0 272.0 131.0 154.0 105.0 125.0 152.0 189.0 184.0 170.0 201.0 203.0 191.0 169.0 166.0 175.0 174.0 182.0 178.0 181.0 173.0 197.0 193.0 214.0 128.0 86.0 94.0 351.0 341.0 342.0 337.0 157.0 160.0 137.0 0.0 20.0 151.0 174.0 195.0 224.0 252.0 285.0 283.0 241.0 271.0 267.0 257.0 247.0 254.0 257.0 212.0 184.0 217.0 332.0 309.0 282.0 230.0 163.0 153.0 163.0 215.0 246.0 125.0 259.0 227.0 170.0 83.0 47.0 358.0 281.0 207.0 191.0 189.0 231.0 236.0 350.0 355.0 25.0 37.0 64.0 96.0 123.0 62.0 326.0 327.0 239.0 277.0 178.0 133.0 103.0 223.0 200.0 185.0 139.0 0.0 0.0 0.0 0.0 0.0 138.0 189.0 197.0 202.0 205.0 216.0 207.0 231.0 255.0 119.0 128.0 150.0 161.0 186.0 331.0 349.0 7.0 74.0 83.0 133.0 122.0 54.0 175.0 182.0 203.0 163.0 170.0 306.0 351.0 8.0 353.0 73.0 131.0 280.0 253.0 213.0 189.0 241.0 238.0 240.0 224.0 216.0 208.0 230.0 230.0 229.0 250.0 256.0 213.0 231.0 235.0 234.0 236.0 219.0 219.0 229.0 257.0 238.0 273.0 234.0 240.0 246.0 248.0 244.0 281.0 255.0 252.0 220.0 243.0 233.0 256.0 258.0 228.0 225.0 242.0 245.0 205.0 267.0 238.0 270.0 248.0 234.0 229.0 191.0 270.0 311.0 210.0 190.0 215.0 229.0 231.0 218.0 246.0 239.0 245.0 249.0 207.0 217.0 280.0 291.0 226.0 229.0 211.0 227.0 210.0 207.0 248.0 212.0 216.0 190.0 203.0 248.0 231.0 253.0 223.0 232.0 232.0 190.0 193.0 200.0 207.0 198.0 227.0 221.0 213.0 213.0 244.0 224.0 201.0 204.0 231.0 220.0 210.0 246.0 254.0 218.0 223.0 224.0 207.0 199.0 198.0 195.0 229.0 215.0 215.0 251.0 239.0 242.0 248.0 242.0 245.0 232.0 245.0 220.0 246.0 270.0 257.0 283.0 264.0 281.0 273.0 273.0 253.0 244.0 277.0 250.0 250.0 277.0 262.0 266.0 250.0 247.0 255.0 266.0 258.0 256.0 237.0 236.0 241.0 210.9444444444445 70.76582353703621
END
#################################################################
SECTION3 (Edges Information)
EndPoint0 EndPoint1 Weight
0 1 1.000000
1 2 1.000000
2 3 1.000000
3 4 1.000000
3 5 1.000000
4 5 1.000000
4 6 1.000000
5 6 1.000000
5 7 1.000000
6 7 1.000000
7 8 1.000000
7 9 1.000000
8 9 1.000000
END
#################################################################
SECTION4 (TrueSubGraph Information)
EndPoint0 EndPoint1 Weight
END
#################################################################
