#################################################################
#APDM Input Graph, this input graph includes 3 sections:
#section1 : general information
#section2 : nodes
#section3 : edges
#section4 : trueSubGraph (Optional)
#
#if nodes haven't information set weight to null
#################################################################
SECTION1 (General Information)
numNodes = 10
numEdges = 65
usedAlgorithm = NULL
dataSource = TransWeatherRealData
END
#################################################################
SECTION2 (Nodes Information)
NodeID windDir  mean  std 
0 283.7 282.6 285.2 281.8 284.5 285.0 284.9 286.2 288.3 289.0 288.7 288.7 291.0 295.3 297.7 301.1 301.5 297.6 292.1 293.7 293.4 286.4 272.1 271.1 281.8 276.8 269.5 267.0 264.8 265.4 262.3 262.3 264.2 259.3 260.9 260.8 254.0 249.2 255.0 251.8 247.6 242.4 237.0 243.0 252.9 257.2 263.6 254.2 243.7 238.9 233.0 216.0 221.8 223.9 216.7 225.7 226.7 215.7 218.6 225.6 222.9 219.4 227.7 232.1 237.9 243.1 242.5 237.6 252.4 358.5 317.7 337.2 319.2 347.6 324.8 302.2 300.7 287.1 300.1 304.8 303.1 293.9 287.7 282.9 275.4 267.7 264.1 258.0 246.5 250.2 251.3 246.0 228.9 222.4 228.6 224.9 223.4 226.8 229.5 232.7 236.4 226.7 231.6 231.6 229.1 242.3 237.5 212.8 197.4 200.8 195.5 223.3 214.1 214.4 252.1 231.8 256.4 285.7 275.4 286.4 267.0 259.5 254.1 244.5 254.7 252.8 246.2 222.9 235.5 227.3 231.7 232.7 220.1 218.3 240.7 227.6 246.6 241.7 243.7 243.7 239.6 236.4 237.2 246.8 246.9 239.0 233.5 245.2 237.9 238.4 237.7 233.0 241.8 243.2 250.2 246.2 241.9 243.6 243.6 251.0 241.9 243.1 248.4 261.3 263.8 255.8 255.5 255.2 257.5 258.1 259.6 261.0 251.9 247.1 256.0 249.4 245.7 276.6 272.6 272.3 289.5 285.7 295.6 290.9 293.1 295.0 299.7 301.5 289.7 285.6 295.0 299.7 302.8 305.4 306.0 298.0 296.6 295.4 302.4 308.1 306.3 306.9 307.4 305.3 301.1 300.2 298.5 303.3 293.8 282.7 280.8 286.1 331.5 331.7 331.7 0.0 0.0 70.2 95.5 104.6 110.6 127.8 123.4 137.2 146.8 150.2 146.4 133.1 130.4 130.9 133.5 132.4 126.3 123.7 126.2 124.1 121.0 124.3 126.7 123.8 137.0 129.5 130.8 137.5 140.7 144.0 140.2 140.6 144.4 142.8 142.6 140.9 141.9 144.0 141.2 130.3 123.6 113.0 111.3 106.3 104.4 97.9 94.9 80.3 80.2 82.1 81.1 78.1 67.6 70.8 85.8 89.2 87.2 94.9 101.4 96.1 88.2 85.0 92.9 88.2 90.0 96.8 95.1 93.8 95.9 105.2 109.8 115.8 224.13993055555557 72.86521495076332
1 -1.0 -1.0 -1.0 -1.0 -1.0 -1.0 -1.0 -1.0 -1.0 -1.0 -1.0 -1.0 -1.0 -1.0 -1.0 -1.0 -1.0 -1.0 -1.0 -1.0 -1.0 -1.0 -1.0 -1.0 -1.0 -1.0 -1.0 -1.0 -1.0 -1.0 -1.0 -1.0 -1.0 -1.0 -1.0 -1.0 -1.0 -1.0 -1.0 -1.0 -1.0 -1.0 -1.0 -1.0 -1.0 -1.0 -1.0 -1.0 -1.0 -1.0 -1.0 -1.0 -1.0 -1.0 -1.0 -1.0 -1.0 -1.0 -1.0 -1.0 -1.0 -1.0 -1.0 -1.0 -1.0 -1.0 -1.0 -1.0 -1.0 -1.0 -1.0 -1.0 -1.0 -1.0 -1.0 -1.0 -1.0 -1.0 -1.0 -1.0 -1.0 -1.0 -1.0 -1.0 -1.0 -1.0 -1.0 -1.0 -1.0 -1.0 -1.0 -1.0 -1.0 -1.0 -1.0 -1.0 -1.0 -1.0 -1.0 -1.0 -1.0 -1.0 -1.0 -1.0 -1.0 -1.0 -1.0 -1.0 -1.0 -1.0 -1.0 -1.0 -1.0 -1.0 -1.0 -1.0 -1.0 -1.0 -1.0 -1.0 -1.0 -1.0 -1.0 -1.0 -1.0 -1.0 -1.0 -1.0 -1.0 -1.0 -1.0 -1.0 -1.0 -1.0 -1.0 -1.0 -1.0 -1.0 -1.0 -1.0 -1.0 -1.0 -1.0 -1.0 -1.0 -1.0 -1.0 -1.0 -1.0 -1.0 -1.0 -1.0 -1.0 -1.0 -1.0 -1.0 -1.0 -1.0 -1.0 -1.0 -1.0 -1.0 -1.0 -1.0 -1.0 -1.0 -1.0 -1.0 -1.0 -1.0 -1.0 -1.0 -1.0 -1.0 -1.0 -1.0 -1.0 -1.0 -1.0 -1.0 -1.0 -1.0 -1.0 -1.0 -1.0 -1.0 -1.0 -1.0 -1.0 -1.0 -1.0 -1.0 -1.0 -1.0 -1.0 -1.0 -1.0 -1.0 -1.0 -1.0 -1.0 -1.0 -1.0 -1.0 -1.0 -1.0 -1.0 -1.0 -1.0 -1.0 -1.0 -1.0 -1.0 -1.0 -1.0 -1.0 -1.0 -1.0 -1.0 -1.0 -1.0 -1.0 -1.0 -1.0 -1.0 -1.0 -1.0 -1.0 -1.0 -1.0 -1.0 -1.0 -1.0 -1.0 -1.0 -1.0 -1.0 -1.0 -1.0 -1.0 -1.0 -1.0 -1.0 -1.0 -1.0 -1.0 -1.0 -1.0 -1.0 -1.0 -1.0 -1.0 -1.0 -1.0 -1.0 -1.0 -1.0 -1.0 -1.0 -1.0 -1.0 -1.0 -1.0 -1.0 -1.0 -1.0 -1.0 -1.0 -1.0 -1.0 -1.0 -1.0 -1.0 -1.0 -1.0 -1.0 -1.0 -1.0 -1.0 -1.0 -1.0 -1.0 -1.0 -1.0 -1.0 -1.0 -1.0 -1.0 -1.0 0.0
2 301.0 311.0 312.5 310.5 313.3 312.5 307.4 304.9 299.4 309.9 293.9 294.3 291.8 300.6 305.3 287.7 296.9 294.4 298.1 296.9 305.2 301.8 303.1 307.7 304.4 303.7 307.9 322.3 331.8 325.2 319.7 319.6 326.1 338.1 330.7 352.9 337.6 336.4 334.1 336.9 342.2 336.5 337.4 346.6 343.3 336.0 336.6 335.0 336.2 336.6 337.9 335.1 350.2 344.5 333.3 330.7 333.2 335.0 343.6 351.2 351.4 353.1 355.5 352.4 347.7 357.7 8.6 357.2 0.2 357.5 356.5 355.9 345.2 338.7 356.7 13.9 21.7 11.1 7.2 20.3 23.5 13.9 23.6 17.6 19.0 14.6 25.9 19.1 23.2 11.6 19.5 5.4 12.2 17.1 5.7 13.4 22.5 22.0 21.1 18.5 36.7 8.0 12.6 14.6 25.4 53.4 57.6 33.8 52.7 35.5 37.1 49.5 73.5 84.8 68.4 74.3 66.2 106.2 143.3 155.7 170.7 134.3 147.4 136.0 129.3 104.3 122.7 115.2 127.4 121.7 128.7 126.7 105.7 56.8 63.9 68.1 86.9 101.5 131.6 127.7 100.7 104.9 117.7 122.6 138.0 100.7 108.9 143.3 126.5 133.8 105.4 122.9 129.6 145.1 119.7 145.5 134.3 138.4 149.7 145.3 139.1 124.7 132.3 144.1 113.1 121.8 128.0 136.3 122.6 107.2 95.4 88.5 109.0 120.9 102.1 102.2 102.1 101.2 106.6 80.7 78.9 78.2 54.8 70.9 77.4 68.6 70.6 69.0 71.2 64.5 59.4 55.0 48.9 66.2 60.1 45.1 55.4 40.2 50.6 63.4 51.5 68.9 74.9 60.4 68.2 72.2 80.0 86.5 84.3 68.0 65.3 66.3 68.9 71.4 74.7 56.3 60.5 67.1 55.5 70.6 65.0 61.7 65.3 62.8 77.2 80.0 102.5 124.5 147.6 154.8 148.1 141.0 141.0 132.5 122.2 123.1 92.8 54.9 42.6 37.5 46.7 47.9 46.8 42.0 60.1 202.2 179.3 155.3 128.9 98.5 106.1 139.6 151.8 155.9 110.5 96.7 112.9 137.5 91.5 73.9 80.2 107.8 101.2 79.1 50.2 45.6 62.7 37.2 65.8 35.7 44.0 39.7 48.0 51.3 34.3 35.1 26.1 43.0 59.3 51.6 48.6 41.1 50.6 50.2 60.3 83.6 81.4 117.7 142.38125000000002 114.45282153802032
3 292.7 294.0 282.7 297.2 296.9 297.2 289.5 289.3 290.9 280.7 296.3 293.9 294.1 289.5 284.8 289.3 298.4 299.8 294.4 306.8 310.2 306.6 303.7 302.3 297.0 302.4 308.8 315.5 330.7 328.8 321.3 320.9 299.2 316.5 331.9 324.0 337.7 312.7 319.8 303.1 327.0 330.7 325.9 318.3 328.2 306.5 303.6 305.5 305.4 317.2 317.8 312.1 332.5 325.7 317.4 309.2 311.0 324.1 321.3 329.2 308.5 299.2 307.2 294.5 297.5 307.3 290.4 293.3 336.4 322.2 296.9 311.6 327.8 311.1 300.9 303.8 306.6 312.6 301.7 310.5 327.8 342.4 318.4 329.3 322.4 333.2 336.3 328.9 328.6 323.4 340.9 315.3 313.3 313.4 308.5 285.4 303.6 331.7 336.4 329.5 325.0 344.4 300.6 331.5 339.5 359.3 282.0 287.3 311.4 340.8 8.4 340.9 3.5 54.2 81.9 149.6 241.0 258.4 124.3 290.2 322.0 296.8 337.3 359.8 348.0 7.3 339.2 235.9 248.7 259.0 242.0 253.4 329.6 273.0 256.6 250.6 254.4 278.2 239.6 282.8 270.8 270.5 268.4 235.1 189.2 159.1 210.6 215.9 230.8 175.9 192.4 238.5 236.4 195.8 196.5 167.3 188.2 245.4 243.6 195.7 189.5 177.5 215.2 199.9 174.5 136.2 174.9 183.9 168.0 178.0 176.8 142.6 55.3 276.6 5.2 96.5 77.1 76.0 76.0 76.0 76.0 84.4 76.8 50.6 45.7 37.2 48.0 55.0 46.9 48.7 54.3 59.9 62.0 42.3 60.2 60.6 46.0 64.8 73.3 75.7 73.4 54.7 65.1 82.5 81.5 69.5 72.0 80.0 90.0 98.9 94.1 87.0 90.4 102.6 100.0 113.6 94.6 109.2 108.4 90.5 105.8 121.3 124.7 112.5 106.7 107.1 77.3 80.3 73.4 83.0 79.5 71.1 81.3 70.7 70.4 66.8 48.9 51.0 60.6 63.8 86.8 84.2 72.1 79.7 90.2 63.3 71.2 73.7 87.8 93.0 86.1 67.9 70.8 101.4 91.6 72.8 67.4 77.0 60.1 74.1 67.3 72.4 54.6 68.1 69.4 79.6 71.7 73.3 78.4 63.4 62.2 80.2 77.6 76.3 57.7 64.6 68.6 72.7 79.2 87.1 75.5 85.6 73.2 87.6 78.0 70.2 84.6 84.6 196.93229166666666 112.56372921505246
4 293.2 298.6 299.8 295.4 301.5 298.2 303.3 300.3 301.0 307.5 310.1 306.1 319.6 317.3 321.3 317.6 314.4 320.7 318.0 317.4 320.3 316.4 319.2 316.0 324.9 321.0 324.0 315.9 315.7 315.2 317.9 313.7 319.2 318.4 307.4 315.4 315.1 310.1 317.0 321.5 310.1 312.9 316.3 310.4 311.0 305.8 313.1 297.1 307.1 314.6 306.9 317.7 313.5 316.4 307.2 312.9 304.9 316.4 304.0 314.1 320.6 330.2 329.7 329.7 333.4 326.0 327.5 330.9 333.7 332.1 12.8 16.5 20.5 31.1 33.4 2.9 347.4 330.4 332.9 342.4 1.7 42.7 344.5 331.0 336.9 358.4 322.6 339.4 315.7 30.8 0.0 0.0 0.0 287.1 321.0 342.1 311.1 93.6 63.5 349.7 37.3 24.3 41.3 62.5 62.1 102.9 92.1 214.0 155.5 150.8 106.5 117.2 107.0 93.0 105.0 143.7 188.9 88.9 122.3 124.4 143.7 177.2 153.3 158.0 150.7 189.5 180.7 173.4 164.4 156.9 144.3 147.5 161.9 163.2 128.8 146.3 168.2 199.8 183.9 196.2 159.6 162.7 155.1 149.6 147.9 157.5 153.0 154.4 154.2 160.6 142.9 152.5 137.0 155.4 146.9 161.6 163.5 154.1 165.7 159.2 138.2 158.6 160.5 155.4 157.4 164.8 165.4 171.9 165.9 158.4 155.4 155.0 136.2 156.0 145.6 139.8 142.2 154.0 140.8 136.7 141.6 139.0 123.8 132.1 111.3 94.2 108.9 99.7 89.3 76.9 72.7 98.8 101.2 129.2 155.1 164.5 164.6 153.4 144.6 138.4 137.3 120.4 93.7 91.8 124.1 142.9 143.2 128.5 142.9 133.1 125.2 107.1 106.4 105.1 90.6 63.2 104.7 118.1 140.8 153.4 154.9 144.0 125.6 128.5 125.0 139.9 140.7 145.2 136.2 127.1 121.1 125.2 126.9 112.7 94.7 106.8 113.5 105.8 114.9 112.5 113.9 102.0 102.0 94.4 92.8 102.4 105.2 106.3 108.9 92.0 100.9 96.6 111.4 103.8 112.3 102.2 98.2 104.7 103.6 106.8 107.5 105.5 106.0 97.9 96.4 83.7 87.7 86.9 96.2 94.3 94.4 101.7 91.2 104.7 102.6 115.8 125.0 114.1 103.9 88.7 88.0 74.0 72.8 72.7 100.9 74.9 82.7 77.7 178.03611111111115 97.83804552102603
5 284.2 290.1 286.9 288.3 290.8 289.8 285.7 287.9 292.7 286.2 289.1 292.0 294.8 295.2 299.7 291.0 297.8 294.2 295.4 299.2 306.7 297.8 302.9 309.2 307.6 314.4 309.5 318.7 323.0 320.6 320.0 313.9 310.6 315.3 309.5 304.5 311.3 310.7 311.3 302.8 304.0 311.8 305.2 308.6 309.5 304.5 300.3 298.8 300.3 309.6 305.8 302.1 293.4 296.8 299.5 295.8 294.2 293.7 301.3 302.5 306.3 298.4 296.1 301.0 306.4 301.0 308.3 307.9 306.0 306.7 297.0 300.8 298.5 296.4 301.2 305.5 301.2 305.5 312.0 304.7 303.3 310.8 309.4 308.0 309.1 301.9 294.6 303.1 312.8 300.3 302.4 309.9 302.4 294.2 296.3 291.2 290.8 297.3 303.5 299.2 312.6 317.6 313.7 316.8 318.8 323.7 312.5 314.1 308.5 278.7 283.9 292.5 284.2 288.9 278.5 289.8 295.3 306.5 283.2 275.3 262.8 281.7 247.7 262.1 289.4 279.8 270.3 289.8 242.1 237.7 271.0 280.5 292.5 307.4 298.2 283.9 268.2 230.6 225.2 240.6 284.8 244.5 236.7 228.2 268.8 243.2 244.5 291.1 298.7 294.1 252.7 267.8 276.3 297.2 277.7 298.5 315.4 299.7 248.1 279.9 292.7 303.6 260.5 253.8 254.2 262.3 300.3 292.0 287.6 269.9 5.8 326.1 345.0 32.7 19.1 334.5 296.3 346.6 36.6 43.6 59.1 75.2 68.7 60.0 64.7 51.9 41.4 36.9 46.8 60.5 58.0 61.4 57.3 57.6 58.6 56.5 61.4 79.7 78.0 56.5 74.4 58.9 77.7 116.0 111.5 98.4 96.5 106.4 112.1 100.8 74.0 66.6 82.1 96.8 99.4 96.2 91.3 78.8 83.7 86.6 86.1 95.1 90.2 100.9 101.4 91.1 98.2 86.2 69.9 72.5 81.2 102.6 94.3 74.3 81.4 90.2 85.0 79.7 82.6 82.4 88.1 92.5 100.3 94.6 90.4 93.2 88.8 86.1 91.9 83.8 87.2 96.3 94.4 91.1 94.3 99.5 93.6 93.3 86.7 89.5 87.9 97.8 79.5 92.0 89.8 96.8 99.9 98.8 94.7 95.7 95.7 98.0 90.6 92.2 79.7 84.8 90.8 84.6 86.8 86.6 83.1 82.9 83.8 79.3 90.5 90.8 88.0 86.8 210.57395833333337 105.78422938729791
6 301.7 309.4 306.9 299.7 299.8 296.7 296.2 297.5 297.8 294.7 293.6 298.4 299.4 301.3 292.9 295.5 296.7 300.1 294.4 301.0 293.4 297.2 295.5 294.9 299.9 294.4 298.7 294.6 310.8 322.7 332.1 328.8 323.4 330.6 330.0 327.0 331.3 329.5 330.0 328.6 329.0 333.3 327.7 325.7 328.0 323.3 329.8 324.7 324.9 314.7 315.8 328.0 324.6 329.0 323.6 330.6 323.0 334.0 332.3 337.3 339.2 331.9 319.9 309.7 306.7 316.1 315.6 315.7 316.2 317.6 314.6 321.3 318.7 313.1 313.5 317.8 310.4 315.2 311.8 316.0 316.5 317.9 327.8 315.9 317.8 304.4 293.6 288.3 294.6 307.6 321.3 320.5 316.7 307.4 308.9 308.8 322.0 312.4 317.6 314.9 298.3 289.2 276.4 282.4 301.3 286.2 258.3 272.8 252.0 228.3 246.0 248.9 250.8 262.3 273.1 289.6 273.0 293.3 293.5 306.8 302.5 309.7 311.6 291.6 286.7 293.0 288.5 292.5 297.3 239.3 242.6 241.1 248.0 247.5 250.8 254.6 240.9 245.9 244.0 259.5 263.4 267.3 237.5 232.6 233.0 229.3 252.1 261.3 250.1 241.6 252.0 239.3 228.0 228.9 251.0 237.7 252.4 248.5 255.1 253.8 255.4 255.9 252.4 254.1 258.1 252.6 257.2 249.4 249.9 252.1 257.9 253.8 272.7 266.3 242.5 245.4 249.1 249.7 250.2 258.9 260.0 264.7 257.9 252.2 262.7 251.9 263.7 275.0 241.0 246.6 250.7 288.5 275.1 257.2 259.3 277.9 271.5 267.8 291.9 308.0 0.0 0.0 347.3 340.0 0.0 287.8 275.5 230.2 0.0 105.7 118.0 105.8 120.1 134.8 130.7 115.1 94.7 100.3 106.9 94.8 90.5 98.4 113.2 111.6 124.8 133.7 110.7 98.8 98.1 94.8 95.1 84.1 78.2 98.0 98.9 97.2 91.4 94.8 90.9 94.1 85.3 68.2 83.1 91.4 86.7 85.9 89.7 97.6 101.1 90.9 101.4 103.5 101.6 97.8 101.7 95.4 94.5 88.9 89.8 100.6 101.5 117.5 105.8 100.8 103.9 113.5 108.2 107.4 101.9 109.7 117.9 118.1 118.2 125.7 100.6 123.8 122.1 123.8 122.9 112.7 113.4 115.9 103.6 106.0 103.4 103.1 105.1 107.1 233.50069444444446 90.99577276740374
7 292.2 284.7 284.7 285.6 287.4 280.2 278.2 281.5 288.4 279.9 280.7 277.9 284.4 281.6 280.6 286.8 278.2 283.8 285.8 283.3 279.0 283.4 283.8 280.0 288.3 284.6 287.3 287.9 288.6 284.2 289.5 294.0 286.7 285.8 286.7 284.5 280.8 279.3 282.3 286.6 292.7 281.7 285.3 294.7 304.1 293.4 300.5 295.9 301.9 300.4 294.4 291.1 289.2 289.7 290.7 281.1 291.2 290.2 285.5 291.9 284.5 282.4 274.6 281.6 281.9 284.9 280.5 289.9 307.9 306.6 302.5 302.5 306.0 302.5 301.2 297.9 304.0 306.6 307.9 311.0 310.1 303.2 298.8 293.9 295.1 301.7 296.7 301.3 295.2 295.5 292.4 302.4 291.0 290.8 292.3 283.7 283.1 282.4 276.1 285.1 281.1 279.1 286.4 284.8 279.5 286.8 286.2 281.7 289.6 294.2 280.3 279.5 290.3 276.0 273.1 263.3 281.2 296.3 290.2 289.9 289.8 295.0 287.7 308.1 284.0 312.5 304.2 297.9 310.8 315.8 283.5 277.5 285.4 302.6 295.5 289.9 312.8 291.5 281.0 265.9 276.8 255.6 288.1 299.6 300.1 298.5 292.8 291.1 293.1 315.2 297.7 291.8 299.4 283.6 288.5 295.6 301.8 284.8 289.7 300.8 298.3 306.2 300.8 277.0 291.0 304.6 302.3 293.5 332.4 319.4 309.2 319.1 328.7 319.1 328.1 329.1 318.6 339.6 339.7 337.9 318.5 310.2 316.6 321.1 308.0 308.4 309.9 318.6 312.2 295.5 299.2 332.9 340.1 341.2 333.5 340.9 338.8 321.0 324.4 338.9 357.5 30.5 0.8 8.0 359.6 0.0 0.0 223.0 228.0 242.8 260.4 228.0 195.8 193.8 185.4 175.5 163.4 155.3 159.3 171.2 162.5 165.0 158.4 137.4 94.0 56.1 51.0 148.2 148.7 149.9 140.3 105.0 119.9 135.2 143.2 144.6 137.4 53.2 55.0 30.2 7.7 23.9 37.2 58.0 49.7 73.5 29.5 82.2 62.0 63.5 89.9 126.4 125.2 124.3 100.6 102.8 99.0 122.2 113.9 119.2 123.2 96.9 98.1 93.6 87.2 66.3 92.5 70.1 98.2 122.9 130.2 141.8 71.0 88.1 88.9 91.3 91.2 72.3 77.8 88.7 72.6 55.2 74.0 74.8 91.6 70.2 68.5 76.9 239.20416666666668 94.02090610056959
8 308.1 276.0 286.8 296.9 295.7 293.8 317.2 288.3 274.5 281.8 308.6 258.6 265.2 303.4 294.3 282.0 300.4 293.3 284.8 291.3 287.2 298.4 281.8 293.6 282.0 272.7 259.3 281.5 280.8 283.0 293.8 285.6 283.4 289.3 280.2 268.4 286.1 274.2 262.6 261.1 273.4 257.2 285.7 290.6 288.4 277.0 274.8 272.8 282.3 290.1 294.7 306.7 306.4 277.2 273.5 293.8 274.2 279.4 265.9 277.9 292.7 253.3 263.6 256.6 269.1 280.6 286.7 271.8 273.7 259.4 256.1 240.8 281.3 259.3 272.9 277.1 273.2 284.0 255.0 297.5 271.6 302.9 279.7 303.8 286.0 290.9 278.4 267.4 277.7 282.3 275.0 285.8 276.9 132.6 306.4 246.8 248.1 162.8 249.8 297.5 254.6 227.1 210.3 237.8 292.8 298.9 325.4 235.7 272.3 230.3 297.4 280.6 265.0 274.7 274.9 303.0 213.5 228.3 258.5 276.1 221.6 219.0 291.3 269.9 276.0 277.2 289.4 301.0 319.4 228.4 241.6 313.1 294.7 288.4 287.5 285.2 282.6 238.3 263.6 306.5 267.8 262.5 234.7 245.1 281.4 225.7 224.8 215.2 263.0 234.3 245.8 279.5 226.2 216.7 235.8 229.5 225.1 223.0 227.1 222.1 242.1 225.8 232.8 237.6 263.5 249.4 228.8 220.4 208.8 227.5 219.6 222.4 266.9 219.4 222.1 221.3 242.6 233.2 207.5 233.2 206.9 252.5 223.0 226.6 265.7 212.8 268.0 241.8 256.1 273.9 235.3 203.2 217.3 243.8 234.9 278.2 242.5 308.3 287.7 307.1 289.9 276.9 308.5 303.9 350.4 23.5 339.0 349.9 2.1 355.8 324.0 329.2 350.1 5.5 343.7 326.1 326.5 19.1 99.1 112.8 88.5 117.9 97.4 75.3 67.2 60.2 47.1 40.2 78.3 53.6 50.6 44.7 54.4 46.2 12.5 24.4 102.2 70.4 57.2 55.2 63.1 50.4 48.3 41.1 18.7 48.6 45.8 32.4 56.0 42.3 29.6 25.8 16.2 8.1 47.4 45.3 54.0 57.6 53.2 45.9 43.0 30.6 39.7 35.3 30.9 16.5 26.9 28.0 31.0 26.1 31.8 44.3 46.7 36.5 38.9 37.3 49.6 49.2 36.8 35.0 34.8 47.6 37.4 30.1 40.9 42.5 32.6 32.6 211.26631944444438 102.70842705008764
9 286.2 276.9 300.8 320.4 311.5 319.7 288.3 298.2 305.9 264.2 312.6 309.2 284.1 311.1 304.1 298.0 311.7 313.2 294.1 293.3 292.5 297.8 281.6 298.5 303.3 284.3 290.1 293.6 306.1 315.4 310.1 297.5 306.3 297.6 305.4 322.9 312.0 322.1 307.4 319.7 293.8 305.8 312.5 303.7 318.2 280.9 300.5 296.8 311.1 291.0 300.7 303.2 293.1 314.6 297.7 300.8 314.3 308.2 301.6 307.9 298.4 303.6 272.6 292.2 289.2 307.1 301.4 303.6 293.0 307.0 304.5 319.6 319.8 319.5 318.6 332.6 323.4 321.7 330.5 321.8 313.0 289.0 310.4 291.4 302.2 309.8 291.5 292.5 286.9 286.1 280.4 309.8 297.1 291.4 297.8 309.7 316.2 323.9 308.1 298.8 287.4 293.9 301.1 302.3 325.9 324.1 300.7 313.2 271.2 278.0 297.6 326.6 322.3 285.6 284.6 254.2 305.8 312.7 314.5 314.0 286.0 271.2 275.3 304.0 301.2 286.3 291.7 313.4 313.2 303.0 285.1 289.5 321.6 320.4 317.5 324.2 310.7 312.8 285.8 260.6 248.9 266.6 281.1 295.3 290.0 278.7 238.8 265.3 306.6 286.5 263.3 280.0 288.9 282.4 281.6 290.8 308.1 309.6 300.8 323.6 254.1 259.8 269.1 289.4 274.4 290.9 272.0 245.8 226.0 273.2 269.9 262.0 248.6 255.8 272.6 242.6 308.6 264.9 254.0 318.6 301.6 317.5 317.7 329.9 281.6 289.0 267.3 319.1 298.3 290.2 267.2 272.2 274.1 305.6 293.0 296.3 290.5 327.2 303.1 308.1 316.2 320.7 332.2 310.2 285.1 272.2 275.7 261.2 295.2 246.3 250.2 260.1 301.2 331.7 335.3 344.2 352.2 6.3 12.3 23.4 27.5 31.7 59.5 58.8 56.6 80.2 67.3 18.1 20.4 23.6 25.2 28.1 0.0 8.7 0.0 0.0 187.1 213.3 191.2 167.6 260.0 248.0 180.5 183.6 0.0 0.0 0.0 0.0 100.9 52.7 37.7 6.1 354.5 0.0 6.6 14.2 30.6 12.8 55.5 71.3 290.6 244.1 211.3 207.5 177.7 167.8 160.5 174.5 20.9 116.6 128.7 19.6 96.1 6.7 359.4 3.9 310.3 351.9 72.5 136.7 355.7 334.1 3.8 54.2 127.9 355.5 359.7 22.4 250.59201388888897 100.58024604358432
END
#################################################################
SECTION3 (Edges Information)
EndPoint0 EndPoint1 Weight
0 1 1.000000
1 2 1.000000
2 3 1.000000
3 4 1.000000
3 5 1.000000
4 5 1.000000
4 6 1.000000
5 6 1.000000
5 7 1.000000
6 7 1.000000
7 8 1.000000
7 9 1.000000
8 9 1.000000
0 1 1.000000
1 2 1.000000
2 3 1.000000
3 4 1.000000
3 5 1.000000
4 5 1.000000
4 6 1.000000
5 6 1.000000
5 7 1.000000
6 7 1.000000
7 8 1.000000
7 9 1.000000
8 9 1.000000
0 1 1.000000
1 2 1.000000
2 3 1.000000
3 4 1.000000
3 5 1.000000
4 5 1.000000
4 6 1.000000
5 6 1.000000
5 7 1.000000
6 7 1.000000
7 8 1.000000
7 9 1.000000
8 9 1.000000
0 1 1.000000
1 2 1.000000
2 3 1.000000
3 4 1.000000
3 5 1.000000
4 5 1.000000
4 6 1.000000
5 6 1.000000
5 7 1.000000
6 7 1.000000
7 8 1.000000
7 9 1.000000
8 9 1.000000
0 1 1.000000
1 2 1.000000
2 3 1.000000
3 4 1.000000
3 5 1.000000
4 5 1.000000
4 6 1.000000
5 6 1.000000
5 7 1.000000
6 7 1.000000
7 8 1.000000
7 9 1.000000
8 9 1.000000
END
#################################################################
SECTION4 (TrueSubGraph Information)
EndPoint0 EndPoint1 Weight
END
#################################################################
