#################################################################
#APDM Input Graph, this input graph includes 3 sections:
#section1 : general information
#section2 : nodes
#section3 : edges
#section4 : trueSubGraph (Optional)
#
#if nodes haven't information set weight to null
#################################################################
SECTION1 (General Information)
numNodes = 10
numEdges = 13
usedAlgorithm = NULL
dataSource = TransWeatherRealData
END
#################################################################
SECTION2 (Nodes Information)
NodeID windDir  mean  std 
0 255.6 251.3 249.6 252.2 253.4 250.3 253.1 250.4 250.0 250.5 252.3 250.2 251.1 244.6 239.7 230.5 221.2 213.8 199.8 213.2 213.6 203.1 201.0 200.3 202.6 211.5 217.3 209.5 209.1 204.6 202.2 209.7 208.1 203.5 201.4 204.1 204.9 211.3 203.6 197.8 188.7 188.6 194.8 201.1 201.4 201.6 199.0 199.7 201.6 203.7 201.6 198.4 202.6 194.7 204.2 203.1 203.3 200.8 197.3 191.7 178.5 161.3 168.2 178.9 184.4 189.1 194.8 180.4 171.4 160.5 167.2 168.6 168.4 172.4 169.4 170.7 170.8 173.1 174.4 171.6 172.9 179.4 183.8 195.1 200.3 199.4 204.2 200.8 202.7 200.2 198.9 195.4 200.9 194.9 193.1 199.8 194.5 187.0 192.9 191.2 192.2 189.0 190.4 194.2 191.5 193.9 195.7 202.3 194.3 192.1 194.5 195.6 200.1 194.7 196.6 197.8 201.7 192.2 193.7 187.4 190.5 193.4 198.6 196.0 194.8 195.5 201.0 197.1 193.9 197.8 193.5 190.1 187.0 181.7 183.9 189.9 191.5 197.5 204.1 207.2 212.7 209.7 216.6 207.7 202.0 201.2 197.0 197.0 201.8 203.0 193.8 193.1 196.8 194.3 195.8 198.7 203.2 205.8 213.0 218.1 211.1 215.5 216.4 210.4 207.6 208.4 204.2 203.6 201.7 199.7 198.8 200.7 213.6 210.4 213.6 224.5 220.4 222.7 223.1 230.8 222.0 228.4 233.4 230.6 232.6 230.7 232.4 228.5 239.1 236.8 236.5 226.1 231.4 238.5 243.0 235.1 240.5 232.0 229.9 230.1 231.4 230.7 233.1 232.6 228.6 229.2 230.1 226.3 225.9 224.5 219.1 220.3 221.2 217.7 217.3 207.7 214.1 203.5 215.9 215.0 213.2 209.1 202.4 200.3 196.3 197.7 187.7 185.4 190.4 186.8 170.0 155.8 150.6 158.6 149.3 147.9 145.4 150.4 141.2 135.3 132.1 142.0 155.1 147.5 149.2 149.3 152.2 152.2 165.5 171.5 161.2 162.5 166.3 173.8 173.6 177.6 183.4 179.2 169.7 170.1 161.8 164.7 172.6 175.3 176.6 172.7 175.3 169.1 162.3 147.1 142.1 140.7 139.4 137.9 132.3 131.1 132.8 135.1 134.0 135.1 137.2 131.8 137.5 144.2 151.9 160.5 157.3 153.2 195.78472222222223 28.29382744874886
1 -1.0 -1.0 -1.0 -1.0 -1.0 -1.0 -1.0 -1.0 -1.0 -1.0 -1.0 -1.0 -1.0 -1.0 -1.0 -1.0 -1.0 -1.0 -1.0 -1.0 -1.0 -1.0 -1.0 -1.0 -1.0 -1.0 -1.0 -1.0 -1.0 -1.0 -1.0 -1.0 -1.0 -1.0 -1.0 -1.0 -1.0 -1.0 -1.0 -1.0 -1.0 -1.0 -1.0 -1.0 -1.0 -1.0 -1.0 -1.0 -1.0 -1.0 -1.0 -1.0 -1.0 -1.0 -1.0 -1.0 -1.0 -1.0 -1.0 -1.0 -1.0 -1.0 -1.0 -1.0 -1.0 -1.0 -1.0 -1.0 -1.0 -1.0 -1.0 -1.0 -1.0 -1.0 -1.0 -1.0 -1.0 -1.0 -1.0 -1.0 -1.0 -1.0 -1.0 -1.0 -1.0 -1.0 -1.0 -1.0 -1.0 -1.0 -1.0 -1.0 -1.0 -1.0 -1.0 -1.0 -1.0 -1.0 -1.0 -1.0 -1.0 -1.0 -1.0 -1.0 -1.0 -1.0 -1.0 -1.0 -1.0 -1.0 -1.0 -1.0 -1.0 -1.0 -1.0 -1.0 -1.0 -1.0 -1.0 -1.0 -1.0 -1.0 -1.0 -1.0 -1.0 -1.0 -1.0 -1.0 -1.0 -1.0 -1.0 -1.0 -1.0 -1.0 -1.0 -1.0 -1.0 -1.0 -1.0 -1.0 -1.0 -1.0 -1.0 -1.0 -1.0 -1.0 -1.0 -1.0 -1.0 -1.0 -1.0 -1.0 -1.0 -1.0 -1.0 -1.0 -1.0 -1.0 -1.0 -1.0 -1.0 -1.0 -1.0 -1.0 -1.0 -1.0 -1.0 -1.0 -1.0 -1.0 -1.0 -1.0 -1.0 -1.0 -1.0 -1.0 -1.0 -1.0 -1.0 -1.0 -1.0 -1.0 -1.0 -1.0 -1.0 -1.0 -1.0 -1.0 -1.0 -1.0 -1.0 -1.0 -1.0 -1.0 -1.0 -1.0 -1.0 -1.0 -1.0 -1.0 -1.0 -1.0 -1.0 -1.0 -1.0 -1.0 -1.0 -1.0 -1.0 -1.0 -1.0 -1.0 -1.0 -1.0 -1.0 -1.0 -1.0 -1.0 -1.0 -1.0 -1.0 -1.0 -1.0 -1.0 -1.0 -1.0 -1.0 -1.0 -1.0 -1.0 -1.0 -1.0 -1.0 -1.0 -1.0 -1.0 -1.0 -1.0 -1.0 -1.0 -1.0 -1.0 -1.0 -1.0 -1.0 -1.0 -1.0 -1.0 -1.0 -1.0 -1.0 -1.0 -1.0 -1.0 -1.0 -1.0 -1.0 -1.0 -1.0 -1.0 -1.0 -1.0 -1.0 -1.0 -1.0 -1.0 -1.0 -1.0 -1.0 -1.0 -1.0 -1.0 -1.0 -1.0 -1.0 -1.0 -1.0 -1.0 -1.0 -1.0 -1.0 -1.0 -1.0 -1.0 -1.0 -1.0 -1.0 -1.0 -1.0 0.0
2 273.3 273.9 272.1 272.8 269.7 264.3 266.8 261.0 263.5 264.9 269.5 271.0 279.4 275.3 261.3 265.4 260.8 262.0 269.6 271.8 271.2 268.3 269.2 266.0 269.2 272.0 269.1 266.8 266.3 269.1 269.7 263.5 265.7 259.6 259.3 262.4 258.2 244.4 238.1 233.2 234.3 236.3 230.5 221.3 221.2 228.8 229.5 229.3 232.5 233.8 231.3 228.6 231.4 228.5 229.8 229.7 236.9 244.9 236.9 234.3 231.9 227.8 221.1 212.2 214.2 212.5 213.5 215.8 218.8 218.5 213.3 211.2 210.9 207.8 209.1 202.7 203.2 201.6 197.3 201.0 199.8 200.5 199.7 195.6 191.3 189.9 189.7 183.1 181.6 184.3 184.4 180.9 182.4 180.3 181.8 182.5 178.4 178.3 178.6 178.6 187.3 183.2 181.0 183.3 184.5 189.7 194.3 193.6 193.9 200.2 199.7 199.3 204.2 203.3 199.6 189.6 190.3 187.4 187.1 179.7 180.0 177.1 180.8 175.2 180.3 182.6 175.6 185.3 187.8 192.0 181.3 179.4 176.7 183.3 181.5 187.6 187.4 181.5 176.0 180.6 178.2 183.8 179.1 179.7 177.3 177.7 175.6 171.0 171.3 174.2 177.2 177.1 177.0 175.0 179.3 176.5 181.0 175.4 178.1 181.3 170.7 176.8 179.4 174.1 176.8 172.9 175.4 174.1 164.5 175.7 178.1 177.9 176.8 172.9 178.1 175.7 182.1 178.8 177.7 176.8 175.7 171.0 170.9 169.2 175.2 173.8 173.8 173.2 177.4 179.6 177.6 176.6 180.8 177.8 180.9 174.3 178.1 179.3 178.6 178.2 180.4 180.3 179.0 180.4 178.0 180.4 180.4 182.2 183.2 183.7 182.3 184.0 183.1 182.4 182.4 181.7 182.1 179.7 181.5 180.5 175.6 178.9 176.0 175.2 173.5 169.2 170.9 169.3 172.5 170.8 167.1 167.8 167.6 170.9 168.3 167.0 167.6 169.3 169.6 166.1 165.5 167.8 170.7 170.5 172.5 172.1 172.1 168.7 166.1 160.2 165.8 168.8 165.3 167.0 171.4 167.9 169.3 175.0 174.4 172.3 167.9 171.0 168.9 166.3 161.5 161.0 165.6 164.8 164.3 166.5 165.2 167.4 165.9 162.1 163.8 163.7 166.5 169.7 167.8 165.6 162.9 161.9 164.0 162.7 162.3 159.3 162.6 161.8 195.44861111111112 33.384618474343945
3 243.1 236.9 225.1 239.8 236.8 241.7 240.0 235.0 234.5 237.1 235.3 234.9 240.8 239.9 240.1 250.9 247.6 247.6 244.4 247.0 250.5 239.0 237.8 241.1 258.9 262.6 252.5 264.2 254.1 258.4 256.5 251.1 258.1 243.7 224.7 228.0 255.3 256.4 249.0 218.4 264.3 284.9 256.5 230.8 233.7 235.1 254.4 290.1 271.2 256.4 239.4 205.7 225.2 224.7 171.4 194.2 184.9 194.9 209.6 199.7 189.4 186.2 183.1 183.7 189.3 191.5 191.9 187.0 185.8 193.4 198.2 201.3 197.1 200.3 195.8 200.2 200.9 200.5 197.9 197.9 197.7 203.2 195.0 190.0 192.1 190.4 194.1 191.3 186.5 197.2 202.0 204.7 203.3 204.2 199.6 192.6 188.1 186.0 184.6 182.4 178.3 178.1 169.6 160.9 172.0 167.5 167.3 177.3 176.4 177.4 184.6 183.6 186.6 181.8 183.8 182.3 178.0 182.4 184.9 186.6 189.6 184.6 172.8 171.7 163.2 164.0 168.2 165.4 157.4 158.8 161.6 157.3 158.6 152.3 173.6 158.8 155.2 158.3 140.4 178.7 167.3 180.8 176.6 169.2 175.3 183.0 174.5 173.8 173.3 201.0 195.2 182.6 180.5 171.5 170.2 173.9 174.3 182.5 168.1 177.1 172.3 174.7 168.8 171.4 169.9 173.6 169.3 165.1 171.7 168.0 170.0 168.9 188.6 168.8 165.7 165.8 165.2 163.0 174.5 169.6 170.7 164.3 163.8 163.1 166.9 172.5 173.3 164.5 175.7 170.5 179.5 185.4 193.8 185.5 187.1 186.9 186.1 183.0 177.2 175.8 178.1 171.7 176.8 174.1 175.2 177.7 186.4 177.7 173.2 176.2 168.7 173.2 172.2 176.3 172.1 172.4 170.0 177.5 178.2 173.4 176.2 180.9 183.2 173.9 173.9 167.0 171.1 166.0 169.7 173.6 172.2 167.2 178.5 173.7 180.3 170.8 168.2 175.1 171.9 174.6 173.7 174.1 174.4 168.9 172.8 175.7 170.3 167.3 176.3 190.6 174.1 186.2 173.7 167.9 147.1 170.2 175.6 175.7 222.8 217.1 204.9 187.7 200.9 210.8 210.9 186.0 188.6 195.9 190.6 191.0 187.6 185.5 187.5 174.4 174.6 163.7 159.3 165.3 158.0 156.5 145.2 138.1 127.7 111.2 107.5 104.2 104.8 110.0 189.67152777777778 31.47781623192645
4 147.1 154.6 141.0 142.6 142.2 130.6 136.6 124.3 145.3 124.5 95.8 98.8 110.4 134.7 137.1 132.1 100.6 59.0 46.6 78.1 78.8 65.0 66.6 57.1 67.7 77.1 77.6 86.4 106.7 91.2 75.2 85.9 103.3 83.0 59.9 91.1 102.8 120.2 93.3 66.4 96.2 101.0 146.2 147.0 109.4 112.4 119.1 123.8 127.4 121.6 126.1 127.6 114.9 86.9 85.9 96.6 91.1 96.1 96.5 85.0 98.0 119.7 125.3 129.1 132.2 113.8 115.6 105.0 108.0 119.9 110.8 88.8 99.9 104.4 97.0 92.7 115.5 128.6 113.2 98.8 97.0 101.6 103.5 93.8 108.7 112.4 118.0 118.1 115.1 138.0 131.8 131.7 142.2 134.0 136.7 138.5 135.6 137.1 134.0 138.2 141.2 142.1 141.2 134.7 135.5 138.7 135.2 133.5 135.5 139.0 137.4 132.9 129.6 134.6 135.5 135.5 132.1 141.0 133.9 132.2 129.1 139.9 137.7 130.2 145.8 140.1 142.1 132.0 138.9 138.8 142.2 147.8 162.8 162.4 162.8 156.6 157.2 164.9 165.1 168.0 160.0 157.0 151.5 148.7 144.3 134.5 118.0 136.9 152.0 151.4 157.6 150.4 144.8 143.7 153.1 140.1 146.0 152.7 156.4 151.9 144.0 148.0 137.3 140.7 142.5 150.2 136.7 136.3 139.7 138.2 137.8 137.5 141.2 138.8 139.3 138.8 140.3 142.5 142.2 142.5 141.9 142.6 136.3 145.3 132.1 133.5 131.8 131.9 133.0 135.1 131.5 134.1 136.0 135.4 136.5 139.8 140.8 137.4 142.2 141.8 138.6 137.8 136.6 133.5 129.5 131.7 129.3 127.5 125.3 128.0 127.6 123.4 126.5 133.6 128.9 133.2 133.9 132.3 122.8 122.6 123.7 122.1 135.4 128.3 132.5 119.0 116.9 114.5 109.6 102.4 108.7 112.9 119.2 116.9 123.6 124.0 121.3 122.0 122.8 119.1 119.2 115.6 119.3 115.5 121.6 121.4 119.9 118.6 118.9 121.9 129.6 124.4 121.8 119.0 116.4 123.2 120.2 115.1 115.1 122.0 126.3 124.2 120.7 137.0 124.6 119.9 124.0 122.2 121.5 118.8 116.1 121.0 119.5 121.5 120.2 123.8 125.8 117.4 126.1 135.2 130.2 127.2 126.6 133.7 140.2 132.6 131.0 130.9 125.12152777777777 20.770089265834265
5 231.5 277.4 260.4 249.3 256.5 257.0 242.8 254.2 246.0 249.6 259.6 250.9 279.5 283.4 280.7 255.0 0.0 0.0 0.0 254.8 213.8 212.9 87.7 87.4 0.0 0.0 0.0 0.0 0.0 0.0 87.4 103.1 105.1 263.2 280.1 281.6 281.8 131.7 168.4 208.3 0.0 0.0 0.0 209.9 215.4 116.4 102.7 86.5 85.8 0.0 85.1 101.8 128.0 108.9 95.7 87.5 164.2 133.4 125.7 120.1 105.4 92.6 101.0 133.6 123.8 113.3 110.6 101.0 105.9 96.0 88.7 97.2 100.6 113.1 99.2 87.4 95.5 83.3 107.6 122.7 110.6 114.2 110.1 79.9 88.8 89.8 92.1 88.6 78.5 86.5 111.7 105.5 101.9 93.8 98.9 122.6 116.8 111.4 95.3 103.2 98.1 101.7 94.4 87.9 109.0 111.6 112.2 111.1 112.3 113.0 109.9 110.7 116.5 113.7 111.3 108.8 104.9 105.5 100.9 105.8 117.4 114.2 104.2 104.0 109.7 96.7 108.3 100.5 104.1 94.1 96.9 112.5 103.6 98.5 110.5 152.5 161.5 166.7 162.8 173.1 163.7 160.0 144.4 147.2 159.2 142.8 137.4 168.1 169.2 167.0 166.6 168.0 169.2 178.3 160.0 172.2 166.9 166.1 161.5 160.7 174.3 175.0 163.8 164.5 175.7 158.9 168.0 167.4 169.5 161.7 157.0 152.4 145.8 171.7 175.9 162.0 163.3 162.6 155.3 164.9 153.9 157.4 146.0 147.4 157.3 152.5 152.8 146.8 143.9 147.7 156.3 151.1 163.2 167.8 164.0 170.2 170.7 157.2 146.8 135.3 135.9 139.6 148.0 136.5 89.3 84.3 80.2 80.7 88.4 89.8 87.6 133.9 132.0 149.8 154.8 139.2 150.6 169.8 173.6 171.9 178.9 183.2 177.1 179.4 171.4 195.4 196.3 188.9 177.6 209.1 172.8 261.3 205.8 209.6 232.2 170.4 201.8 184.8 191.1 199.2 205.3 197.3 180.4 182.3 179.2 181.8 188.9 182.6 184.6 191.8 188.6 180.8 181.1 172.3 186.0 183.9 192.5 186.8 184.3 182.5 180.3 166.4 195.8 209.9 196.9 186.4 200.2 186.8 162.6 178.5 179.1 180.1 181.5 164.9 181.4 173.2 178.3 163.7 175.2 155.9 169.2 158.0 182.9 142.1 185.5 195.3 171.4 197.1 146.59131944444445 57.152943178216496
6 274.1 266.8 265.5 262.1 267.9 275.6 275.9 269.5 277.4 279.5 287.1 275.3 252.6 248.9 250.4 253.4 240.6 214.1 235.7 239.7 233.8 169.0 168.6 0.0 0.0 210.9 228.3 235.2 242.6 239.3 238.6 248.1 255.1 244.9 251.5 278.6 327.7 28.0 30.5 72.8 109.8 118.5 107.3 149.9 160.1 114.9 115.4 120.3 108.1 108.9 92.3 98.0 105.6 108.2 100.4 83.0 105.5 131.0 136.4 174.9 121.8 125.1 106.6 107.2 104.9 111.2 159.2 57.4 55.1 45.5 68.7 102.8 139.0 93.9 101.8 113.6 98.4 117.5 97.6 95.6 102.3 114.6 124.2 101.6 98.4 107.0 108.1 98.4 125.0 102.4 97.5 106.3 122.8 100.1 98.9 89.6 69.7 87.0 76.2 101.8 106.8 111.0 88.1 62.8 85.4 108.4 107.1 107.7 90.1 92.2 101.4 108.2 80.5 100.3 106.6 115.3 119.4 113.8 114.3 107.6 111.2 112.7 101.5 100.1 98.7 98.5 112.6 128.8 136.5 119.7 124.6 129.7 141.0 149.8 167.8 166.6 173.7 170.7 171.2 178.0 157.9 167.6 180.1 174.5 174.1 172.0 171.1 176.5 180.3 182.5 174.8 173.0 179.2 173.2 176.1 170.6 165.7 174.0 176.9 177.2 179.6 175.9 179.1 176.2 168.4 160.4 163.3 154.5 162.5 168.0 168.0 171.5 148.8 170.7 174.0 172.3 161.5 154.6 156.8 145.2 150.3 165.4 172.7 168.8 159.4 152.3 152.5 164.9 164.3 145.5 168.1 163.8 153.9 156.1 155.3 145.9 164.0 143.5 159.8 166.8 147.4 161.8 138.9 145.5 134.2 142.0 143.1 145.1 137.7 106.3 122.0 117.8 115.4 111.4 110.7 104.6 101.0 103.5 114.5 128.1 129.9 146.7 141.4 156.5 162.8 170.4 152.6 160.6 154.2 163.2 165.3 157.4 134.1 122.4 127.4 137.6 161.9 173.8 168.7 170.9 168.0 170.9 171.8 167.7 143.5 156.2 142.9 145.6 105.0 104.7 105.0 112.2 124.4 112.1 107.8 105.7 106.1 101.8 103.8 107.4 122.3 116.9 123.4 132.3 139.0 139.3 128.8 122.2 117.5 132.0 151.8 124.2 105.2 100.4 106.5 116.9 149.4 162.2 178.7 180.0 176.7 181.4 178.6 182.0 178.3 179.4 173.4 173.6 146.61458333333334 51.776996989468145
7 248.4 243.9 239.0 241.7 234.5 227.2 213.4 217.8 219.1 219.3 225.8 229.1 231.5 228.7 220.7 224.8 233.8 236.0 233.6 229.1 220.4 225.0 242.1 205.6 217.1 198.5 183.6 177.4 187.3 191.4 211.2 312.2 229.1 193.8 206.6 203.9 213.1 215.7 224.0 196.2 224.6 339.6 326.6 325.2 0.0 350.0 3.7 295.6 233.6 215.3 205.0 204.7 202.4 211.6 223.2 213.0 199.5 194.8 185.3 182.8 182.0 221.4 179.7 170.6 197.1 0.0 163.7 0.0 0.0 0.0 130.2 166.8 211.4 184.3 0.0 79.5 122.0 155.9 160.2 150.0 324.8 337.1 0.0 202.4 216.8 239.0 248.0 229.7 212.6 0.0 128.8 102.9 166.9 197.9 212.9 185.3 120.3 115.7 159.3 214.1 220.8 210.6 214.9 213.2 226.3 279.6 335.5 350.6 1.5 353.0 335.8 336.6 39.2 57.6 30.7 348.9 345.4 3.0 14.8 27.5 27.4 42.2 31.4 4.3 24.8 33.3 20.9 357.0 33.9 46.0 51.7 63.1 63.5 66.0 42.2 45.5 61.0 62.2 55.1 59.9 64.3 66.6 59.4 45.8 50.6 66.3 64.0 48.7 59.9 66.0 70.6 69.3 63.5 69.6 53.9 55.5 64.5 64.7 64.6 59.8 60.2 59.7 68.0 71.3 73.6 79.9 84.6 62.0 25.4 4.9 41.6 49.2 57.1 68.1 75.4 73.0 74.0 82.0 84.7 81.6 73.4 66.5 65.6 67.5 67.1 73.9 70.5 66.3 65.8 69.2 71.7 76.9 73.1 73.6 81.1 74.9 73.9 72.8 77.4 79.0 77.1 64.0 79.6 78.5 75.6 78.1 76.9 58.6 76.2 97.4 108.6 89.1 84.7 89.8 102.7 96.6 92.2 91.8 95.1 100.4 91.8 98.2 103.3 100.6 92.1 72.9 341.9 305.7 349.6 93.8 104.4 108.9 122.9 109.6 111.5 86.2 84.8 102.8 98.9 104.6 111.9 124.6 132.0 139.3 106.6 132.6 102.9 118.9 118.9 115.1 121.2 128.1 134.2 153.8 109.9 116.7 136.4 117.6 110.9 107.0 112.6 109.6 111.0 110.9 115.8 101.6 121.0 107.0 104.3 133.6 155.0 118.5 126.7 123.0 104.4 97.0 123.1 102.1 86.9 48.0 108.8 124.4 186.8 96.2 94.6 80.8 87.3 48.7 132.7576388888889 85.85155049229958
8 261.8 254.2 253.4 255.6 249.0 237.1 227.3 231.1 228.9 243.3 244.1 239.3 234.0 225.4 226.6 226.5 234.1 251.3 246.0 242.3 233.3 216.2 222.8 228.3 235.9 243.4 245.0 245.5 244.3 231.7 232.0 245.4 245.3 234.6 230.6 231.0 236.9 226.3 261.4 259.2 268.7 244.8 250.8 246.5 260.3 258.6 261.8 265.3 253.6 234.9 236.7 230.9 218.5 222.0 216.6 217.7 213.6 210.9 219.5 231.4 222.0 218.6 239.2 231.6 242.3 231.5 238.6 188.6 331.7 228.2 218.0 202.7 214.3 235.7 231.4 227.9 216.6 215.8 225.3 215.8 219.6 213.0 228.7 233.2 227.9 225.0 235.1 234.7 230.1 233.7 240.7 248.4 228.5 232.7 239.6 236.7 246.0 250.4 259.1 247.1 256.5 243.1 226.3 223.9 220.3 221.2 225.9 230.9 228.1 238.9 227.9 227.9 225.1 228.4 232.6 228.8 228.9 224.9 229.2 209.1 191.8 177.2 186.3 208.7 192.2 183.1 190.7 198.7 196.7 190.3 196.9 200.6 230.0 244.2 161.5 222.2 220.6 216.0 216.8 209.3 213.6 211.4 220.7 216.5 223.8 213.8 207.1 217.5 216.5 206.9 203.5 187.6 191.0 203.3 212.1 201.1 162.6 110.5 164.5 167.9 165.6 204.2 203.1 197.1 187.5 187.5 178.2 139.8 127.3 102.0 196.1 211.4 216.1 209.8 215.6 214.4 177.9 195.9 193.6 191.0 179.4 209.6 198.5 187.3 201.2 197.0 204.5 216.7 218.3 212.6 202.6 190.4 190.0 217.4 200.8 195.8 204.4 189.9 188.4 192.4 192.0 192.1 122.4 150.6 164.7 36.8 350.2 327.9 330.2 329.0 336.5 28.8 255.9 204.8 219.3 115.7 136.8 129.6 164.2 212.4 222.1 290.1 320.9 330.0 320.3 249.8 234.9 236.8 232.1 218.0 214.3 223.7 190.2 205.3 211.0 205.6 206.2 182.9 115.6 173.8 139.4 139.3 49.4 299.1 233.1 229.7 227.7 219.2 219.9 242.7 230.8 224.5 242.9 234.8 232.3 218.3 213.8 219.5 220.3 210.7 216.9 202.4 203.6 201.3 203.8 204.3 201.3 222.2 210.7 208.5 199.1 203.6 202.3 196.4 180.0 190.8 201.0 238.2 256.6 211.5 205.1 208.1 184.9 244.0 10.3 148.5 122.2 88.9 215.56180555555557 42.61480660141902
9 296.7 276.3 279.7 281.8 279.3 286.8 276.7 281.0 266.3 282.8 271.1 275.7 273.1 253.3 259.2 280.5 270.8 224.3 314.4 285.9 260.7 283.6 278.0 269.1 231.8 173.2 191.0 329.6 9.7 292.3 348.4 352.7 345.6 356.2 348.0 347.0 353.7 21.1 41.2 45.8 68.5 0.0 0.0 0.0 0.0 0.0 208.5 2.2 38.8 51.9 41.3 35.3 33.3 34.2 29.2 22.8 10.5 4.6 14.2 58.0 44.6 53.9 62.1 0.0 71.3 203.1 176.6 190.1 245.8 262.8 271.3 0.0 0.0 271.0 0.0 345.0 3.8 25.8 355.0 339.0 6.8 352.4 322.0 0.0 321.5 321.3 0.0 25.5 36.5 30.7 18.2 358.2 326.5 0.0 349.5 2.4 355.9 352.8 21.3 37.2 31.5 27.4 38.2 35.4 51.8 57.1 0.0 27.7 45.5 50.4 62.4 38.0 30.6 36.1 72.0 84.1 64.8 21.2 356.1 8.4 27.0 12.0 19.1 29.3 42.7 36.2 46.7 31.4 21.6 52.4 358.7 319.2 40.1 0.0 163.1 135.9 187.8 175.9 187.5 174.1 182.6 186.1 183.4 206.9 215.2 187.4 186.4 175.3 204.7 185.1 174.4 188.2 175.9 183.7 196.6 180.1 185.5 176.5 180.3 174.6 181.8 182.6 184.5 207.7 213.2 197.1 222.0 230.3 184.1 216.7 199.0 198.9 210.0 176.9 173.5 187.4 161.1 152.2 163.7 179.7 186.3 197.2 187.2 170.4 163.1 176.8 175.2 182.6 170.3 176.7 160.2 163.4 170.4 175.4 176.0 184.7 158.9 164.0 142.9 144.1 138.7 146.5 153.7 138.0 142.3 145.1 142.1 126.2 200.0 194.7 198.1 172.8 177.8 176.7 157.3 143.3 154.4 171.3 194.2 196.5 195.0 172.0 182.4 184.2 175.2 177.7 175.0 176.4 173.1 166.4 171.2 181.0 175.5 174.8 174.2 174.6 176.1 161.0 162.4 160.6 161.8 160.9 165.9 165.0 191.1 185.1 188.4 193.6 232.6 159.4 187.2 196.3 176.8 205.6 210.6 222.9 202.0 203.6 247.9 233.2 255.1 221.9 187.6 205.6 212.9 245.3 248.5 316.5 347.2 9.3 56.5 59.7 323.4 321.4 317.4 310.5 315.3 293.5 306.4 322.8 19.3 16.9 6.9 2.8 342.6 347.1 351.9 347.5 167.8621527777778 104.8489010286581
END
#################################################################
SECTION3 (Edges Information)
EndPoint0 EndPoint1 Weight
0 1 1.000000
1 2 1.000000
2 3 1.000000
3 4 1.000000
3 5 1.000000
4 5 1.000000
4 6 1.000000
5 6 1.000000
5 7 1.000000
6 7 1.000000
7 8 1.000000
7 9 1.000000
8 9 1.000000
END
#################################################################
SECTION4 (TrueSubGraph Information)
EndPoint0 EndPoint1 Weight
END
#################################################################
