#################################################################
#APDM Input Graph, this input graph includes 3 sections:
#section1 : general information
#section2 : nodes
#section3 : edges
#section4 : trueSubGraph (Optional)
#
#if nodes haven't information set weight to null
#################################################################
SECTION1 (General Information)
numNodes = 10
numEdges = 65
usedAlgorithm = NULL
dataSource = TransWeatherRealData
END
#################################################################
SECTION2 (Nodes Information)
NodeID windDir  mean  std 
0 98.8 92.8 94.7 94.8 96.1 87.2 82.2 82.9 82.6 84.7 84.1 78.0 77.3 73.4 67.8 67.5 73.2 77.9 77.3 78.5 79.5 88.6 92.0 92.9 95.9 100.1 115.4 120.1 126.6 115.9 113.0 131.8 148.0 149.5 161.6 157.6 150.3 146.6 133.1 125.2 121.6 123.1 121.7 127.8 133.4 126.3 117.5 139.5 183.7 167.5 169.3 223.6 220.4 197.8 190.5 194.4 166.4 163.7 165.1 156.3 153.7 118.3 102.9 109.1 114.7 115.0 112.6 116.6 119.4 114.6 109.9 120.7 127.1 121.5 114.6 123.7 125.2 126.1 134.3 147.5 157.3 184.6 187.0 177.3 171.3 164.5 144.3 145.7 160.1 165.4 158.3 137.9 138.9 145.5 154.0 145.2 146.0 150.1 151.4 177.5 175.2 174.6 164.0 153.4 150.2 147.7 152.6 152.3 146.2 155.1 150.7 144.4 139.2 137.8 153.8 193.0 193.7 187.7 177.7 171.1 180.8 167.8 158.3 152.4 135.9 162.1 150.9 168.1 183.2 195.7 199.7 202.1 199.7 199.9 198.4 193.0 199.4 196.3 195.3 195.9 199.6 199.7 197.3 196.3 197.3 210.3 189.2 181.8 187.9 189.6 197.9 194.2 195.5 203.4 217.8 214.4 208.7 216.0 199.8 193.6 223.0 209.1 206.8 202.9 221.6 215.9 212.6 201.0 214.0 197.0 192.9 190.1 211.9 210.7 216.4 222.4 233.8 237.0 242.3 242.6 244.7 256.5 247.8 240.9 240.8 243.3 239.3 221.7 217.2 216.4 221.4 223.2 214.9 216.3 200.4 195.3 199.5 195.0 188.5 180.6 180.4 179.1 172.0 156.9 171.9 180.1 176.6 179.8 189.3 193.9 198.0 200.4 200.3 199.2 196.3 193.9 189.4 191.7 188.3 183.9 177.7 173.1 173.3 178.8 180.1 177.6 184.8 185.3 185.8 187.3 187.1 187.6 198.6 195.3 195.0 200.9 201.6 200.2 200.2 199.0 200.9 199.8 200.7 195.9 198.5 200.0 199.7 203.6 199.2 197.7 198.9 199.2 200.3 197.8 195.4 199.4 193.1 200.0 200.6 200.2 197.3 194.7 197.7 195.4 196.8 197.4 196.5 195.3 195.7 195.1 193.9 185.1 142.6 143.7 146.4 149.5 156.2 153.8 157.2 146.6 176.1 187.5 188.0 196.3 190.9 193.1 189.8 194.2 170.04375 41.01177058668708
1 346.3 66.0 100.5 109.0 116.3 94.7 245.3 266.7 295.2 331.0 72.0 132.1 160.8 150.6 70.2 62.0 331.6 320.5 307.9 334.6 321.7 329.6 333.5 340.8 328.5 307.9 332.3 323.4 330.6 327.9 281.2 293.9 295.9 343.4 333.2 280.8 307.8 337.9 300.9 276.5 271.7 264.7 262.7 307.7 325.8 330.5 289.9 278.5 309.9 314.5 310.7 295.8 280.7 309.3 267.0 189.1 215.6 180.6 143.7 227.9 260.0 244.6 229.1 314.4 22.0 299.7 253.5 295.2 333.3 355.7 316.3 302.5 323.5 314.8 314.9 299.9 310.1 307.9 307.8 282.8 305.1 334.4 267.9 254.2 298.1 345.7 312.9 307.0 331.7 328.1 328.6 344.0 353.3 27.0 22.0 342.0 318.3 310.0 310.9 323.7 346.4 357.4 12.9 327.1 297.9 298.4 301.4 317.6 337.9 340.7 308.6 290.9 293.8 294.0 328.6 351.0 340.9 332.2 317.6 270.7 307.4 94.1 58.2 120.8 127.6 139.8 150.4 145.2 162.2 155.7 137.4 153.0 144.5 140.8 138.5 131.2 118.9 162.9 191.0 194.5 192.8 192.3 180.3 189.4 223.9 195.7 193.5 187.4 195.6 200.4 201.9 191.2 200.1 196.2 197.5 199.7 200.4 204.7 208.7 191.6 184.8 179.6 167.8 171.2 178.3 167.1 167.3 167.8 162.7 164.4 155.8 171.0 175.8 172.0 166.4 172.3 177.6 163.7 159.4 169.2 175.4 170.5 174.2 163.5 166.0 166.9 169.6 160.4 163.1 173.5 182.0 190.2 199.2 208.4 197.6 232.9 225.4 217.6 225.3 214.7 221.6 227.5 224.2 224.8 222.1 201.6 187.5 173.7 172.3 187.0 191.4 181.2 175.0 183.6 192.3 189.4 192.4 194.2 198.6 194.4 193.3 187.7 183.7 180.6 178.3 184.7 181.1 182.7 189.6 188.0 193.8 186.4 189.8 186.4 190.5 184.7 189.2 189.4 189.1 186.9 191.3 190.1 182.3 185.5 186.2 186.8 188.6 184.0 187.7 182.7 179.6 184.6 182.6 181.5 178.6 182.2 185.6 185.4 182.5 190.8 189.0 190.0 174.3 179.3 176.3 165.1 158.7 160.5 163.4 174.2 187.2 170.9 169.0 160.5 158.0 168.1 166.5 169.5 165.7 171.0 171.1 174.3 175.2 171.0 167.8 167.1 166.5 168.0 220.04062499999998 74.2005436526826
2 155.7 161.6 164.0 162.8 164.5 163.5 170.0 168.3 157.1 156.8 154.6 147.6 151.2 148.1 148.6 146.3 137.5 141.1 145.8 142.2 144.5 146.7 142.4 140.7 135.6 133.3 136.0 138.4 143.9 142.2 142.0 141.2 144.1 146.8 148.9 147.1 150.2 150.4 154.8 152.3 156.8 154.8 157.7 153.9 151.9 148.1 147.7 147.8 154.7 148.2 155.2 157.1 158.2 154.9 156.7 155.3 156.8 157.3 158.0 159.9 151.7 158.0 157.5 151.7 154.2 151.8 150.1 154.4 151.9 158.0 156.9 172.7 171.5 157.7 159.9 165.6 167.0 164.3 157.8 166.4 164.5 169.1 165.5 163.6 160.3 155.1 165.2 161.9 155.7 157.3 161.1 160.5 159.3 159.3 157.0 158.4 156.2 156.4 159.6 158.1 159.9 155.9 164.7 161.6 164.2 163.8 159.9 156.5 161.8 161.8 165.0 164.5 162.1 159.1 160.2 164.0 161.9 161.6 161.1 160.6 167.7 159.9 160.1 173.0 165.8 165.3 161.7 163.3 159.5 161.3 162.0 161.5 163.9 162.1 165.8 156.7 159.0 161.1 162.1 168.6 162.5 155.9 152.9 159.8 159.4 159.7 159.1 156.9 162.0 156.6 161.4 163.2 162.7 161.3 157.4 154.3 159.6 150.3 152.4 151.5 148.2 146.2 146.1 146.2 150.2 150.0 151.6 153.4 154.0 151.4 155.4 155.6 150.6 152.3 150.4 152.3 152.9 153.2 153.9 158.1 158.9 160.2 160.4 163.4 161.4 162.0 162.2 158.8 155.8 149.6 151.4 149.3 150.7 151.9 150.6 150.4 153.2 155.3 156.9 157.1 155.7 157.1 154.2 155.6 154.9 153.7 154.2 156.5 156.6 157.8 156.8 156.9 156.3 158.1 156.7 156.1 155.6 159.1 161.7 164.9 159.7 160.8 159.8 163.5 162.7 159.6 161.7 161.6 159.4 161.9 163.7 162.2 162.2 168.1 170.0 171.5 169.1 167.9 164.2 163.5 164.2 159.8 162.0 164.5 160.0 160.1 160.0 163.5 165.7 168.0 166.1 166.5 161.5 167.3 170.6 172.8 170.5 174.6 178.1 174.3 178.7 178.2 180.1 178.6 173.6 175.7 174.3 172.3 174.1 173.9 175.2 176.4 173.1 169.6 173.8 172.2 175.9 175.9 176.7 177.0 178.7 179.3 180.7 172.5 174.5 169.7 172.9 172.6 159.34687499999998 8.823277968124287
3 75.1 81.0 81.0 80.4 90.3 74.5 66.3 73.7 31.3 44.3 66.3 70.5 96.5 98.1 88.9 61.2 82.0 88.7 87.1 93.9 91.5 83.7 85.9 88.1 75.1 77.5 80.4 93.3 85.4 80.8 90.4 83.3 70.2 84.4 86.3 72.1 76.9 75.2 79.0 72.5 80.1 80.5 76.3 79.7 79.2 73.4 71.9 74.4 75.3 81.0 81.5 85.7 80.7 79.5 81.9 66.3 66.1 69.1 77.1 81.7 77.5 80.4 81.7 86.5 90.7 91.4 97.6 84.2 83.7 81.3 84.1 87.3 88.2 87.6 84.0 92.6 95.4 182.7 51.1 62.1 76.5 73.8 62.2 60.4 88.0 105.4 99.9 88.1 78.8 84.0 82.3 88.5 96.9 93.9 88.8 93.3 92.8 87.1 77.7 61.2 63.9 58.1 66.4 75.7 68.7 65.1 64.4 73.6 65.6 69.3 56.6 46.2 59.5 52.7 60.7 48.7 50.6 42.3 39.3 55.2 48.7 66.5 67.6 76.1 72.9 73.4 63.1 33.9 34.2 40.3 41.1 42.5 40.9 45.0 51.4 52.8 46.0 41.6 35.5 39.9 39.4 56.7 62.1 39.3 41.3 55.2 40.9 51.2 74.9 84.3 100.7 64.9 60.3 63.6 163.1 158.9 121.1 129.6 119.3 120.0 128.7 149.7 135.8 133.6 128.1 136.3 162.4 113.2 145.6 115.9 137.8 153.8 127.7 132.3 129.1 129.7 162.4 168.5 144.9 138.8 138.4 123.6 141.3 150.0 153.6 150.4 158.4 140.0 140.6 137.2 137.8 133.8 129.7 120.0 120.8 127.8 132.3 129.6 140.5 141.3 130.3 127.2 117.7 125.0 124.2 112.9 87.3 81.0 86.5 78.2 90.3 80.4 93.7 110.2 111.6 104.2 105.5 114.7 115.6 111.3 116.2 114.2 113.4 106.7 121.9 112.1 121.5 128.3 142.9 141.4 146.6 147.4 155.1 147.4 145.5 153.0 158.6 162.4 168.2 167.5 166.9 167.4 169.3 174.6 169.6 169.6 165.7 169.6 171.8 170.0 175.6 178.8 177.5 177.2 176.9 175.4 180.2 177.8 184.4 177.6 194.6 170.1 198.0 182.5 167.8 171.1 161.7 156.1 176.2 166.9 169.7 194.3 174.6 178.1 191.5 184.2 179.4 173.5 176.3 180.1 175.2 171.6 166.3 178.3 177.5 171.7 175.5 172.8 106.97222222222221 43.77482522258104
4 105.9 114.6 110.6 114.2 101.1 96.3 96.3 93.7 96.5 101.1 104.3 109.4 107.4 110.1 105.6 102.4 105.8 96.7 112.5 107.0 108.9 119.7 115.1 118.3 119.6 123.9 116.3 114.9 118.2 112.4 112.2 105.9 117.2 110.2 104.6 105.2 107.3 102.6 99.0 92.5 95.7 94.9 98.5 103.3 103.1 100.6 100.2 99.8 95.4 92.1 103.8 101.0 100.3 99.4 100.7 95.5 101.5 102.0 98.4 92.6 91.3 98.5 100.1 101.9 104.9 109.3 103.3 104.0 102.8 103.1 93.2 92.2 95.2 102.9 104.5 123.1 118.6 107.0 105.9 101.5 97.4 96.5 103.1 106.4 109.6 124.5 117.6 116.7 127.0 120.9 121.7 118.7 120.3 117.8 129.0 119.6 112.0 113.5 109.2 109.1 112.3 114.3 113.8 110.7 115.6 112.1 108.3 111.7 109.4 111.3 111.9 108.8 109.0 115.0 106.8 97.1 98.3 107.3 110.6 103.8 108.0 111.3 109.5 111.3 111.6 107.8 110.0 104.5 100.5 105.1 108.4 110.6 113.6 102.8 106.0 110.1 110.9 109.8 99.7 102.2 109.8 118.9 111.1 124.1 123.9 120.2 130.9 121.9 129.7 134.8 126.5 123.8 132.3 135.2 133.5 135.4 127.2 134.2 122.9 127.9 132.8 127.8 121.7 128.0 120.9 116.4 113.4 113.0 119.1 126.2 135.0 133.1 121.0 116.8 112.5 122.7 123.7 123.7 127.5 123.4 114.7 112.3 125.5 125.4 114.7 129.0 127.1 118.8 119.2 121.2 112.8 116.4 117.9 118.5 112.8 108.8 107.6 112.0 109.2 99.9 107.8 99.9 103.8 106.2 112.7 108.8 104.2 98.3 104.9 100.9 103.2 102.3 107.1 110.2 102.1 107.8 105.8 105.8 110.0 109.3 109.2 112.5 108.6 106.2 104.5 101.0 98.7 104.7 100.8 100.6 106.0 107.0 106.6 107.2 101.4 102.5 99.9 102.7 103.7 104.6 105.7 107.3 106.1 109.7 113.0 99.4 90.4 92.7 99.9 105.9 104.3 93.1 98.4 95.1 100.8 100.6 106.3 114.5 114.2 121.1 111.4 116.9 114.1 112.8 114.9 120.2 120.7 123.2 128.6 114.1 121.6 123.6 126.2 126.8 120.0 116.3 117.6 119.2 124.4 106.5 122.5 115.8 120.7 121.5 113.7 131.4 117.2 114.4 110.80208333333333 10.054915200359034
5 115.8 117.9 81.3 86.8 89.4 89.8 83.7 78.8 80.6 86.7 91.9 91.5 93.3 96.3 93.1 100.7 94.4 88.1 86.8 86.4 89.9 110.5 100.6 98.5 101.5 90.1 84.5 88.8 98.4 90.7 100.8 102.0 97.2 96.9 92.6 97.2 93.9 85.5 81.3 85.2 84.0 84.4 80.2 85.9 88.2 89.1 95.6 92.4 93.6 93.5 94.6 95.0 93.4 86.7 88.9 87.8 85.2 96.8 96.5 93.8 92.2 96.4 93.6 97.1 99.4 96.1 93.5 92.9 92.6 94.2 97.4 97.3 96.9 100.8 102.2 102.0 102.0 102.1 102.0 103.9 97.8 98.3 93.1 90.0 92.1 86.0 101.8 93.7 99.5 92.7 95.2 94.3 97.7 95.3 91.5 101.7 98.7 98.6 111.3 104.0 98.5 101.2 99.4 97.2 97.2 94.7 99.2 101.2 98.4 100.5 98.4 99.9 96.2 99.8 98.1 98.5 97.2 85.5 92.1 97.8 99.5 83.5 85.5 92.9 86.1 99.6 96.9 95.2 94.7 95.6 95.1 94.7 85.3 99.3 101.5 100.4 92.9 100.4 96.5 86.3 104.1 98.8 92.8 91.0 92.5 96.9 98.4 97.8 101.4 97.8 97.2 104.7 104.0 97.0 98.0 100.2 107.5 102.0 100.2 87.1 99.6 96.8 101.6 97.8 93.8 87.8 96.6 100.0 99.4 89.8 99.6 90.2 88.0 93.3 86.5 95.7 95.7 95.4 98.0 93.3 83.6 87.8 91.8 95.4 97.5 87.3 85.9 93.1 95.1 104.1 105.4 102.2 105.2 99.5 94.5 91.0 92.7 92.2 93.0 93.1 85.0 81.2 84.4 88.9 88.5 96.0 96.8 96.5 92.8 93.1 93.7 95.0 94.8 96.5 96.1 95.2 95.9 96.9 94.6 91.7 96.9 96.6 96.7 95.4 96.1 96.9 96.1 95.9 92.2 95.9 95.2 101.1 98.1 97.5 99.4 99.3 96.0 94.8 93.5 88.2 91.7 89.7 90.1 91.3 90.3 89.9 88.7 87.2 87.4 90.5 81.4 91.3 95.5 83.9 93.7 103.5 105.8 108.9 99.5 98.5 100.9 102.1 99.5 97.7 98.3 97.3 89.2 90.3 90.0 99.6 88.1 90.0 96.0 93.0 92.1 96.3 89.8 88.1 96.5 97.1 92.3 93.6 89.1 95.3 93.8 97.9 83.2 93.8 94.68611111111112 6.0021089337929014
6 103.5 102.9 95.8 101.9 105.2 102.8 85.7 89.3 89.8 90.5 85.8 90.1 93.4 98.1 98.6 99.5 98.5 95.8 101.0 98.4 98.5 102.1 102.6 103.3 103.8 103.1 104.3 104.0 106.8 102.8 115.0 94.1 100.9 99.0 98.0 99.6 98.0 96.7 95.8 97.0 113.8 95.4 105.3 87.9 86.0 90.4 98.4 100.5 96.3 96.7 98.3 105.6 109.0 123.7 220.7 99.8 116.8 92.7 106.6 95.9 94.6 98.0 98.7 104.3 106.2 110.8 108.0 110.5 111.4 104.6 107.7 112.0 113.4 113.0 107.4 116.6 127.6 123.8 133.6 132.5 118.1 116.6 122.5 116.0 110.3 105.5 103.0 112.8 116.7 118.9 114.8 120.4 116.4 111.2 116.3 119.8 123.9 136.3 138.4 123.4 120.6 112.1 110.7 117.8 121.1 123.6 129.8 120.7 140.6 120.8 118.0 109.7 116.3 112.4 115.9 105.3 102.6 100.1 99.2 96.4 98.8 92.4 97.7 98.5 102.8 100.7 108.2 113.0 109.0 115.6 109.2 121.0 114.5 106.5 107.4 110.5 119.3 118.8 117.6 117.5 114.1 120.6 126.2 114.3 124.3 120.9 122.4 111.5 112.2 132.0 122.7 115.4 109.2 110.0 103.9 107.5 118.1 112.8 105.8 115.2 113.3 109.3 132.4 120.1 109.7 122.4 130.0 130.1 142.0 131.0 127.4 154.4 135.5 138.6 126.6 120.4 140.2 122.9 143.8 142.4 133.7 134.1 127.9 135.9 130.8 130.7 118.7 116.3 118.1 112.4 124.2 113.4 116.1 112.5 114.3 105.6 119.9 113.4 104.6 101.5 104.7 115.4 107.0 115.1 109.6 102.3 110.9 107.0 111.9 117.6 130.7 127.2 130.8 129.5 126.8 127.6 128.2 125.8 126.3 117.1 115.6 116.6 122.7 122.6 128.5 133.6 117.2 128.2 125.5 127.4 117.7 126.9 138.2 125.0 117.5 119.6 119.5 115.7 115.4 122.1 117.9 110.0 111.0 114.8 111.9 107.4 112.3 113.9 121.7 117.3 115.7 115.1 124.9 121.6 119.8 125.9 121.6 126.3 121.4 123.4 126.4 124.9 133.3 125.8 125.7 125.4 119.8 122.8 120.7 115.8 122.9 115.0 118.6 119.3 110.6 125.9 111.9 118.3 109.6 111.9 115.1 117.2 108.9 113.9 113.1 110.6 117.8 117.9 114.43124999999999 13.612803814804224
7 93.5 105.0 128.1 114.9 116.5 115.0 114.5 108.7 100.1 103.1 101.0 102.6 98.4 96.5 102.4 94.4 109.3 113.4 108.5 117.2 93.1 91.3 90.7 97.8 100.7 106.5 98.4 84.4 86.7 91.3 97.9 82.7 88.1 107.1 96.7 92.2 102.0 132.8 128.2 124.6 126.1 125.4 126.3 120.4 100.7 96.0 103.0 115.4 106.1 119.7 121.1 117.5 113.8 110.7 108.6 107.4 106.7 106.8 107.7 96.8 101.5 103.7 96.7 88.1 84.0 96.3 95.0 86.1 90.8 89.7 86.0 91.4 96.7 83.1 72.9 71.5 57.6 57.3 60.1 64.3 72.5 73.7 84.6 88.7 89.5 89.0 77.1 76.4 79.2 85.2 86.8 81.0 72.5 86.1 81.1 94.8 72.4 73.6 78.4 77.0 86.0 91.5 86.5 72.9 50.2 45.8 72.1 73.5 71.1 69.7 60.3 71.9 74.4 37.4 34.9 40.7 56.1 46.4 53.5 47.1 53.5 59.4 62.8 49.5 50.9 42.7 36.0 43.0 42.0 55.1 59.1 61.5 64.8 67.0 54.3 60.8 62.7 57.6 73.4 62.9 81.7 72.9 72.4 73.3 78.0 69.8 71.2 58.5 64.3 66.1 60.6 69.2 66.2 66.2 56.2 67.7 60.0 74.8 76.3 70.6 69.9 69.5 71.4 68.1 68.8 76.0 62.2 59.2 67.0 70.6 68.0 71.4 64.5 64.1 65.0 63.7 67.9 61.8 72.8 62.1 68.0 67.2 63.1 70.9 71.0 66.7 66.1 64.2 65.9 75.5 78.5 80.8 74.0 73.7 76.2 77.1 71.4 72.0 72.6 68.4 61.2 59.6 52.2 64.6 76.6 72.2 77.2 72.1 73.9 66.6 70.4 67.6 75.1 59.9 61.9 63.5 62.2 75.8 80.5 84.2 80.5 76.9 77.4 75.7 79.7 73.1 72.0 60.9 64.0 78.9 76.4 104.2 106.0 107.7 113.9 118.7 108.7 98.9 102.3 104.1 108.0 108.5 104.8 80.3 72.2 82.2 73.3 74.6 81.9 73.9 81.6 70.7 69.2 75.7 68.2 70.9 71.2 70.4 71.4 87.5 91.2 84.3 78.0 77.2 77.7 76.4 71.9 82.2 99.4 104.8 95.9 91.3 78.8 79.0 99.8 97.2 92.6 92.1 88.8 81.8 87.8 83.0 78.0 81.8 78.5 85.0 84.3 94.7 81.0295138888889 19.274324342423768
8 284.9 231.7 270.1 324.4 300.0 323.0 123.2 346.4 347.7 5.3 291.6 330.1 57.0 46.1 27.7 34.6 49.9 56.1 56.9 28.6 15.4 31.4 12.3 3.1 46.1 57.3 293.8 244.2 0.0 39.7 24.6 346.6 258.9 267.5 42.0 15.3 290.5 304.7 337.4 318.5 232.0 243.8 232.3 217.0 243.6 21.1 339.5 320.2 317.4 297.9 314.6 300.5 20.7 48.8 43.3 13.3 348.6 358.0 357.1 315.1 204.9 214.7 238.9 0.0 0.0 143.3 194.6 210.1 211.8 177.7 172.6 218.1 13.2 1.6 332.5 0.0 222.9 234.8 229.4 238.3 191.8 179.5 118.8 89.6 103.6 64.4 57.4 43.1 32.2 67.4 57.6 57.6 72.2 76.4 77.9 73.6 89.6 94.7 96.8 86.7 101.8 94.3 65.6 73.1 78.8 84.1 69.3 86.5 60.2 82.2 67.9 56.7 64.9 96.8 52.2 65.1 53.3 54.7 73.1 109.8 81.4 52.1 72.0 77.3 67.1 85.0 68.6 47.5 70.2 58.1 62.2 76.3 64.8 63.0 60.7 43.4 53.0 52.8 41.4 52.9 53.9 51.2 47.4 57.2 53.0 48.3 48.1 43.5 44.0 49.0 49.8 52.4 51.0 50.8 50.8 42.7 44.8 42.9 54.1 58.3 60.8 60.0 54.9 48.9 53.3 59.0 51.5 52.6 58.5 53.8 51.3 38.5 58.1 46.6 56.6 58.4 48.4 61.4 47.9 53.7 58.8 46.3 45.8 54.4 44.6 39.5 48.7 56.2 53.2 53.6 51.1 36.0 39.7 36.0 34.2 35.6 45.3 54.0 36.7 36.3 35.1 48.5 43.7 46.4 35.2 31.8 32.0 32.1 28.3 29.3 34.8 40.6 32.6 33.5 27.8 6.9 349.9 345.3 337.9 340.5 355.2 344.8 341.3 340.7 348.6 293.9 272.7 260.6 254.3 247.9 277.9 304.8 77.2 358.3 28.1 4.7 347.2 3.3 3.6 348.3 7.6 7.6 10.2 345.3 323.5 321.3 340.1 339.1 6.0 355.1 114.7 122.9 40.4 271.1 292.7 277.4 79.0 294.9 2.2 4.9 10.2 47.2 36.2 13.9 352.4 64.6 71.8 84.6 77.5 72.8 59.6 63.5 78.4 83.9 69.0 57.0 63.5 67.1 76.3 59.1 52.2 41.7 44.1 56.0 61.8 61.2 47.9 61.0 118.01875 112.5972623111466
9 225.9 216.6 199.0 0.0 151.3 236.0 222.9 208.9 198.9 202.5 202.5 199.4 196.9 152.8 0.0 151.8 0.0 151.8 0.0 0.0 0.0 151.8 41.7 36.4 336.4 358.8 356.0 320.1 28.9 357.8 7.6 7.2 6.0 5.6 355.4 330.9 334.8 21.4 34.1 83.5 108.3 91.0 105.5 71.4 54.1 31.1 25.5 341.5 265.6 231.9 249.1 141.6 124.1 107.9 263.8 287.6 265.6 140.2 162.2 27.5 22.5 220.1 207.5 144.2 205.7 0.0 133.9 58.0 0.0 13.5 351.6 238.8 220.4 180.3 149.7 118.4 90.3 129.5 0.0 0.0 17.5 346.3 335.5 318.4 20.8 46.8 31.6 0.0 89.4 31.1 20.1 117.5 88.1 356.4 84.7 157.0 155.4 164.1 190.8 251.4 258.5 164.0 344.3 14.1 150.4 170.7 187.1 182.2 129.0 148.5 53.3 348.1 23.7 5.1 328.1 310.9 83.8 166.6 181.9 180.2 174.9 214.9 178.8 189.9 149.0 185.7 179.8 213.1 176.7 177.9 171.3 187.4 203.0 259.1 206.8 168.5 164.8 164.2 169.3 63.8 177.0 136.6 199.3 222.5 173.1 178.4 219.1 192.4 219.0 173.3 213.2 198.5 186.4 224.2 210.0 239.9 202.2 210.1 228.7 202.8 214.4 221.6 232.5 226.5 215.1 214.3 255.2 204.3 202.4 220.0 178.0 214.7 239.4 240.3 214.0 181.8 206.3 187.8 157.4 157.8 247.4 148.9 224.9 234.3 200.2 188.2 190.3 187.0 160.4 156.3 158.6 147.3 154.5 158.4 183.6 155.4 161.7 155.2 168.7 181.1 183.6 174.7 156.3 173.7 175.7 183.9 188.7 190.1 259.9 265.0 245.8 248.2 257.9 60.0 45.9 45.1 26.5 341.1 23.1 217.6 188.4 98.3 111.1 44.9 19.0 345.2 231.4 174.4 164.0 115.3 122.1 67.7 351.8 5.3 7.6 300.7 161.1 125.3 111.6 0.0 91.4 204.7 231.5 186.3 177.4 269.3 329.4 287.7 242.3 251.1 320.7 304.9 258.2 215.2 157.7 157.9 144.3 161.7 158.5 154.6 290.3 283.0 251.7 201.3 161.0 177.6 203.3 219.2 240.1 213.3 244.6 174.8 184.6 186.5 172.5 167.3 165.4 179.7 171.6 181.4 170.0 175.5 178.1 182.2 176.0 160.4 175.4 172.9 171.00416666666666 88.7215755139215
END
#################################################################
SECTION3 (Edges Information)
EndPoint0 EndPoint1 Weight
0 1 1.000000
1 2 1.000000
2 3 1.000000
3 4 1.000000
3 5 1.000000
4 5 1.000000
4 6 1.000000
5 6 1.000000
5 7 1.000000
6 7 1.000000
7 8 1.000000
7 9 1.000000
8 9 1.000000
0 1 1.000000
1 2 1.000000
2 3 1.000000
3 4 1.000000
3 5 1.000000
4 5 1.000000
4 6 1.000000
5 6 1.000000
5 7 1.000000
6 7 1.000000
7 8 1.000000
7 9 1.000000
8 9 1.000000
0 1 1.000000
1 2 1.000000
2 3 1.000000
3 4 1.000000
3 5 1.000000
4 5 1.000000
4 6 1.000000
5 6 1.000000
5 7 1.000000
6 7 1.000000
7 8 1.000000
7 9 1.000000
8 9 1.000000
0 1 1.000000
1 2 1.000000
2 3 1.000000
3 4 1.000000
3 5 1.000000
4 5 1.000000
4 6 1.000000
5 6 1.000000
5 7 1.000000
6 7 1.000000
7 8 1.000000
7 9 1.000000
8 9 1.000000
0 1 1.000000
1 2 1.000000
2 3 1.000000
3 4 1.000000
3 5 1.000000
4 5 1.000000
4 6 1.000000
5 6 1.000000
5 7 1.000000
6 7 1.000000
7 8 1.000000
7 9 1.000000
8 9 1.000000
END
#################################################################
SECTION4 (TrueSubGraph Information)
EndPoint0 EndPoint1 Weight
END
#################################################################
