#################################################################
#APDM Input Graph, this input graph includes 3 sections:
#section1 : general information
#section2 : nodes
#section3 : edges
#section4 : trueSubGraph (Optional)
#
#if nodes haven't information set weight to null
#################################################################
SECTION1 (General Information)
numNodes = 10
numEdges = 65
usedAlgorithm = NULL
dataSource = TransWeatherRealData
END
#################################################################
SECTION2 (Nodes Information)
NodeID windDir  mean  std 
0 259.0 266.4 254.4 255.0 252.6 249.8 246.9 247.1 241.5 232.9 233.9 234.3 238.7 236.7 229.4 220.6 212.8 205.1 196.6 193.3 211.2 222.1 226.2 224.4 223.3 219.5 223.4 226.1 232.0 233.1 229.0 227.5 227.8 227.6 230.8 225.3 229.0 230.9 230.9 233.1 237.2 238.6 235.4 240.7 243.5 243.4 237.4 238.1 239.8 240.6 239.3 241.2 245.3 245.4 241.4 239.6 238.8 236.4 235.2 235.8 236.8 238.1 239.4 236.8 239.0 239.0 236.2 233.9 235.3 228.0 227.5 228.4 229.9 231.9 242.8 243.4 244.9 253.5 253.6 253.5 251.6 253.4 251.6 255.3 255.6 260.8 265.4 262.7 255.5 263.7 270.0 275.3 285.8 293.2 296.6 302.0 307.1 308.3 311.0 313.0 311.7 311.2 309.2 310.5 306.2 307.0 303.3 306.6 306.0 302.2 299.5 295.5 294.7 303.3 301.1 292.6 291.4 289.4 285.7 280.9 286.1 284.0 280.4 279.4 280.1 282.3 277.8 277.2 285.2 284.0 280.3 274.3 279.0 271.2 276.0 283.8 272.4 268.7 266.7 271.2 265.4 267.5 262.6 268.8 260.3 259.9 259.3 266.1 265.8 263.7 266.2 266.7 273.5 274.6 271.4 264.9 265.0 260.2 274.2 280.6 283.1 278.0 286.3 280.5 274.5 284.4 276.2 286.3 285.1 284.0 280.2 278.6 271.9 272.7 269.4 267.1 270.5 271.0 276.2 274.4 271.0 272.1 277.4 286.6 288.9 289.7 291.0 301.2 292.2 301.9 300.9 295.9 293.7 294.5 291.0 292.7 303.7 308.7 308.3 307.4 308.7 301.1 303.0 302.7 307.7 309.5 306.8 306.7 313.1 312.2 312.5 306.8 304.2 306.9 308.2 307.2 303.6 302.5 299.0 299.6 298.2 302.4 292.5 279.3 276.9 276.5 275.5 275.9 278.1 278.8 280.3 277.9 283.4 285.4 285.9 287.6 289.9 285.1 282.0 287.7 286.9 288.3 284.1 284.1 287.1 286.2 284.2 285.0 286.5 289.7 288.6 286.9 285.1 287.5 275.5 275.2 277.0 278.9 277.6 279.6 277.1 281.2 279.3 278.2 278.4 278.7 279.2 277.5 279.1 281.2 279.4 278.6 277.6 276.9 274.3 274.8 277.0 278.4 280.9 280.1 274.8 274.3 279.7 278.9 276.6 276.8 279.1 278.7 270.5875 26.102925130115825
1 -1.0 -1.0 -1.0 -1.0 -1.0 -1.0 -1.0 -1.0 -1.0 -1.0 -1.0 -1.0 -1.0 -1.0 -1.0 -1.0 -1.0 -1.0 -1.0 -1.0 -1.0 -1.0 -1.0 -1.0 -1.0 -1.0 -1.0 -1.0 -1.0 -1.0 -1.0 -1.0 -1.0 -1.0 -1.0 -1.0 -1.0 -1.0 -1.0 -1.0 -1.0 -1.0 -1.0 -1.0 -1.0 -1.0 -1.0 -1.0 -1.0 -1.0 -1.0 -1.0 -1.0 -1.0 -1.0 -1.0 -1.0 -1.0 -1.0 -1.0 -1.0 -1.0 -1.0 -1.0 -1.0 -1.0 -1.0 -1.0 -1.0 -1.0 -1.0 -1.0 -1.0 -1.0 -1.0 -1.0 -1.0 -1.0 -1.0 -1.0 -1.0 -1.0 -1.0 -1.0 -1.0 -1.0 -1.0 -1.0 -1.0 -1.0 -1.0 -1.0 -1.0 -1.0 -1.0 -1.0 -1.0 -1.0 -1.0 -1.0 -1.0 -1.0 -1.0 -1.0 -1.0 -1.0 -1.0 -1.0 -1.0 -1.0 -1.0 -1.0 -1.0 -1.0 -1.0 -1.0 -1.0 -1.0 -1.0 -1.0 -1.0 -1.0 -1.0 -1.0 -1.0 -1.0 -1.0 -1.0 -1.0 -1.0 -1.0 -1.0 -1.0 -1.0 -1.0 -1.0 -1.0 -1.0 -1.0 -1.0 -1.0 -1.0 -1.0 -1.0 -1.0 -1.0 -1.0 -1.0 -1.0 -1.0 -1.0 -1.0 -1.0 -1.0 -1.0 -1.0 -1.0 -1.0 -1.0 -1.0 -1.0 -1.0 -1.0 -1.0 -1.0 -1.0 -1.0 -1.0 -1.0 -1.0 -1.0 -1.0 -1.0 -1.0 -1.0 -1.0 -1.0 -1.0 -1.0 -1.0 -1.0 -1.0 -1.0 -1.0 -1.0 -1.0 -1.0 -1.0 -1.0 -1.0 -1.0 -1.0 -1.0 -1.0 -1.0 -1.0 -1.0 -1.0 -1.0 -1.0 -1.0 -1.0 -1.0 -1.0 -1.0 -1.0 -1.0 -1.0 -1.0 -1.0 -1.0 -1.0 -1.0 -1.0 -1.0 -1.0 -1.0 -1.0 -1.0 -1.0 -1.0 -1.0 -1.0 -1.0 -1.0 -1.0 -1.0 -1.0 -1.0 -1.0 -1.0 -1.0 -1.0 -1.0 -1.0 -1.0 -1.0 -1.0 -1.0 -1.0 -1.0 -1.0 -1.0 -1.0 -1.0 -1.0 -1.0 -1.0 -1.0 -1.0 -1.0 -1.0 -1.0 -1.0 -1.0 -1.0 -1.0 -1.0 -1.0 -1.0 -1.0 -1.0 -1.0 -1.0 -1.0 -1.0 -1.0 -1.0 -1.0 -1.0 -1.0 -1.0 -1.0 -1.0 -1.0 -1.0 -1.0 -1.0 -1.0 -1.0 -1.0 -1.0 -1.0 -1.0 -1.0 -1.0 -1.0 -1.0 -1.0 0.0
2 201.8 211.9 197.9 197.4 201.0 200.6 202.5 196.9 186.1 181.1 180.5 179.8 176.8 177.5 178.8 165.7 172.8 184.6 179.0 189.5 188.6 187.8 185.7 195.6 205.8 327.2 295.4 286.8 290.0 291.0 291.0 289.5 274.2 271.4 267.8 258.2 241.3 219.9 198.5 191.3 185.6 179.4 187.1 203.6 228.5 178.0 159.3 153.6 139.5 150.8 157.3 153.9 139.3 134.9 146.1 156.9 156.0 311.9 159.3 178.0 174.0 171.7 166.0 162.9 170.4 171.0 173.6 173.1 177.9 183.7 184.0 189.4 185.1 185.4 202.0 228.2 235.2 0.0 0.0 181.2 207.3 235.8 264.8 330.0 304.8 275.3 281.7 281.8 275.4 275.6 276.1 271.5 269.2 273.6 263.1 256.4 260.7 263.4 264.4 269.2 278.3 280.1 279.8 279.3 277.4 283.4 283.0 281.4 291.5 289.2 287.3 288.0 283.0 289.3 286.3 299.4 306.2 309.5 304.8 305.8 306.0 315.6 314.4 303.8 299.1 302.0 299.1 298.3 288.4 301.0 308.0 299.8 283.3 287.7 298.9 307.1 307.1 316.9 306.2 307.4 309.4 320.2 325.6 314.7 316.2 313.2 326.7 326.4 324.6 332.0 327.5 324.1 326.6 327.4 317.1 309.5 321.9 303.3 283.3 307.3 303.9 300.7 299.1 296.8 289.6 291.5 288.3 301.2 295.9 298.2 299.2 297.0 300.0 295.3 302.0 300.0 304.5 291.4 282.1 279.4 279.0 278.8 271.9 275.2 280.1 280.9 271.2 273.0 268.5 271.0 276.7 292.2 286.0 290.0 292.8 312.9 314.2 300.7 311.9 301.6 299.7 292.1 289.8 289.7 290.3 307.6 309.4 307.3 296.0 302.5 309.7 295.7 299.8 296.4 297.3 297.9 297.4 297.1 296.0 297.1 300.0 304.9 300.9 301.6 303.1 300.5 310.3 305.6 313.1 310.4 303.3 303.5 303.3 290.1 310.2 296.7 299.5 298.4 298.0 300.9 300.3 300.8 301.2 306.6 301.3 301.5 294.5 302.8 298.9 295.6 302.5 303.4 299.1 302.8 309.5 306.3 302.4 299.0 299.3 304.8 297.1 298.0 297.5 296.4 299.7 304.6 295.3 289.1 297.7 301.6 293.4 293.8 297.4 294.1 289.0 296.5 293.6 291.5 293.3 299.8 298.6 295.6 302.2 291.1 293.2 296.6 300.4 293.3 267.61805555555554 55.485996792960286
3 170.5 167.8 159.9 168.2 169.0 170.6 174.2 174.6 171.2 173.3 158.7 155.3 166.3 166.4 172.9 166.4 160.7 181.2 202.9 269.6 0.0 0.0 116.0 142.6 151.5 162.5 138.1 142.0 153.2 168.5 167.3 210.2 268.4 284.7 281.8 264.4 246.6 235.8 218.1 199.0 200.3 182.3 169.1 163.5 161.6 190.3 195.8 213.6 185.6 190.5 172.0 184.0 186.0 188.1 233.8 277.2 252.7 203.8 195.4 192.0 203.0 206.9 210.4 214.3 257.2 233.8 241.8 0.0 0.0 69.2 125.6 84.6 65.7 60.5 93.8 0.0 196.6 60.5 82.2 95.9 176.5 189.2 212.2 217.1 215.7 234.1 235.8 239.4 250.1 260.0 277.4 298.4 288.2 286.7 278.9 275.2 270.7 253.0 251.6 253.5 249.3 253.2 242.1 240.9 245.8 252.4 259.1 252.6 254.9 258.5 257.8 262.6 257.5 258.9 256.1 264.2 261.1 263.3 272.3 265.6 265.7 278.5 269.3 272.7 288.5 278.4 275.2 282.6 277.5 274.9 276.3 268.0 285.3 290.9 279.3 277.8 284.7 285.8 285.2 290.7 281.4 293.4 284.8 297.8 286.3 295.8 289.3 285.4 288.3 303.2 304.5 301.9 297.9 302.1 301.0 292.6 293.8 280.0 303.3 318.2 312.1 308.5 294.6 287.8 297.1 297.5 291.0 288.2 270.6 283.6 285.6 285.1 296.8 293.1 310.3 292.9 297.6 302.8 282.1 297.3 298.3 298.2 310.2 307.5 302.2 296.9 293.5 289.2 293.8 293.7 292.3 299.2 298.0 283.6 293.0 283.0 286.4 291.9 282.2 288.3 288.1 278.5 273.1 267.2 275.2 276.8 277.1 275.4 278.5 279.6 278.4 283.1 276.7 275.7 275.9 280.0 288.3 289.2 287.3 290.4 289.6 301.7 284.7 280.6 284.8 291.8 270.0 272.1 270.3 275.4 273.8 274.3 275.7 277.0 286.7 281.3 276.0 276.6 289.4 285.0 284.5 271.8 282.9 275.6 274.3 274.2 274.9 274.7 273.0 269.0 267.1 274.0 272.4 273.7 271.4 274.3 271.1 269.1 273.6 270.0 270.9 266.3 263.1 266.6 269.5 268.5 270.8 264.4 266.8 269.2 262.6 264.1 255.4 272.2 271.7 268.7 267.2 267.0 267.0 264.6 269.6 265.0 262.2 266.7 270.9 269.8 271.0 276.7 246.51944444444447 61.852467807730285
4 126.6 137.0 129.6 123.7 100.7 120.4 107.2 133.5 103.6 120.4 131.4 140.3 133.8 138.7 132.2 125.0 129.1 149.0 144.2 156.8 146.3 162.2 157.5 150.0 133.1 134.8 146.3 171.2 153.9 124.2 145.7 138.3 126.5 128.0 130.5 132.9 147.4 199.9 242.5 210.0 226.1 232.8 196.5 171.2 144.0 134.9 150.6 137.0 122.8 122.7 131.3 136.6 143.6 149.9 151.8 176.8 160.0 48.6 19.2 7.3 0.0 130.8 126.2 136.8 127.9 127.2 153.8 146.6 139.8 144.5 148.1 132.0 130.0 122.5 126.2 131.2 128.9 143.0 144.3 137.5 143.0 148.4 146.4 129.4 118.3 99.1 105.3 102.3 95.8 99.4 98.7 104.8 0.0 108.7 118.2 137.8 248.1 287.2 272.5 255.3 248.3 241.3 235.8 0.0 0.0 0.0 0.0 0.0 0.0 0.0 0.0 0.0 0.0 0.0 0.0 0.0 0.0 0.0 0.0 0.0 277.4 270.7 267.5 277.6 269.6 275.5 273.7 280.4 285.4 288.4 298.0 307.3 308.7 309.3 315.8 319.7 308.4 318.5 315.3 310.5 310.8 316.1 315.5 315.6 316.7 307.9 313.6 314.7 316.5 315.2 310.5 304.5 292.6 295.2 297.9 295.3 310.7 307.8 306.2 295.1 283.8 299.3 297.8 298.2 305.3 303.3 300.8 305.9 298.5 296.0 301.8 297.4 297.1 293.7 288.4 282.3 293.8 295.9 288.1 290.1 293.5 298.8 298.2 293.5 296.6 306.3 305.1 294.4 297.7 301.1 296.7 306.0 292.9 291.4 293.2 303.4 293.0 291.9 298.3 301.4 296.0 290.1 283.8 280.0 287.1 274.2 264.3 281.6 282.0 287.7 297.8 294.6 289.9 296.2 296.7 297.6 289.8 295.6 289.0 296.8 296.7 289.2 291.7 292.3 292.8 296.9 293.3 293.6 298.5 291.0 300.2 295.1 296.8 288.6 301.2 294.8 300.5 300.4 296.6 294.6 293.5 290.9 290.5 298.8 292.3 302.2 300.5 300.2 291.2 294.8 287.9 287.1 289.2 286.4 286.3 291.5 295.5 289.0 283.9 285.8 285.6 289.7 293.2 300.0 292.1 292.2 291.6 289.7 289.4 289.3 293.1 292.9 297.1 296.7 298.5 293.4 295.4 297.7 293.9 300.0 293.2 294.2 294.9 290.3 291.7 296.8 292.9 300.7 222.9020833333334 96.53613428206788
5 220.5 226.5 222.6 221.2 210.7 204.2 200.9 200.6 231.1 201.2 195.0 195.8 172.8 187.4 185.3 214.8 205.8 192.8 187.3 191.6 181.0 201.4 209.0 205.1 201.5 196.8 185.2 177.8 180.5 195.1 198.4 204.4 201.8 195.0 192.1 187.0 181.1 181.2 178.5 171.4 172.2 180.8 184.8 193.1 197.6 198.8 191.2 197.6 191.8 189.0 193.4 196.5 200.9 198.2 214.5 207.4 202.4 185.7 196.3 200.1 204.4 184.0 165.3 159.0 152.9 162.2 162.8 141.8 122.8 124.2 124.5 132.9 119.6 108.9 84.5 90.3 86.6 98.0 86.1 77.6 81.6 85.8 77.3 73.5 86.8 82.0 80.7 87.2 87.6 88.9 85.2 88.9 90.1 92.3 95.8 88.7 82.0 91.6 101.2 105.2 89.4 86.4 83.8 90.2 81.4 113.0 100.8 105.9 116.2 107.4 100.1 85.3 84.2 82.7 87.6 98.9 115.9 111.9 119.6 121.1 65.8 329.2 292.0 292.0 292.0 292.0 292.0 292.0 292.0 0.0 251.8 255.6 263.8 263.2 270.3 269.2 265.8 274.6 271.8 272.4 277.3 269.1 276.8 275.9 280.5 281.9 281.7 285.4 289.8 278.8 282.4 279.8 278.0 278.5 276.0 281.9 285.4 287.2 287.3 285.9 290.4 294.9 293.6 288.4 287.2 287.5 295.3 293.5 286.7 285.5 286.1 286.0 291.1 293.6 292.1 291.8 291.6 291.5 295.2 300.9 286.9 288.4 288.8 292.4 290.1 290.6 291.1 293.1 295.9 289.4 291.6 289.9 285.4 292.1 292.8 292.7 294.4 288.8 290.7 296.4 300.8 294.8 297.2 283.5 289.3 288.6 287.7 285.4 288.1 289.4 287.4 290.0 288.9 283.8 292.8 292.5 287.0 288.9 290.0 280.2 286.9 289.4 288.5 283.9 294.1 289.5 281.2 281.6 284.0 283.3 282.3 277.4 278.2 276.5 281.2 278.9 283.2 282.3 280.7 284.7 279.9 282.1 287.0 285.3 280.4 278.2 279.9 288.1 287.4 289.6 284.7 287.5 290.0 290.5 285.5 290.4 286.5 286.9 287.4 287.0 286.6 285.6 285.1 279.8 278.6 273.9 270.8 272.8 279.0 279.9 276.8 274.3 280.8 277.9 279.8 276.4 278.6 276.1 283.0 280.6 278.2 277.0 276.0 278.7 281.3 274.2 271.0 276.1 227.17395833333336 75.69076908740955
6 111.4 140.3 159.0 186.0 187.6 174.8 171.4 170.1 171.2 167.6 140.9 159.6 168.8 168.7 168.3 174.2 172.3 170.4 171.3 167.7 175.0 179.0 175.6 180.1 177.5 165.8 165.2 171.3 175.3 180.6 169.3 171.6 162.7 163.8 167.4 173.4 166.4 165.2 168.2 174.3 170.5 167.2 138.3 126.7 111.0 136.8 157.3 159.1 149.0 144.2 134.0 151.7 166.0 160.4 165.1 164.4 173.6 167.3 163.8 166.5 156.6 158.0 164.2 182.2 169.9 235.1 256.3 150.2 106.8 108.1 139.3 162.0 159.4 168.8 158.4 152.7 132.6 103.0 97.9 99.9 102.9 100.1 108.2 101.3 103.8 105.5 108.4 100.2 101.4 105.8 122.4 114.3 111.0 105.9 97.4 96.3 100.0 102.6 120.7 134.5 119.8 153.4 159.5 179.4 116.6 105.3 97.5 100.6 97.7 93.7 102.3 97.6 101.0 102.4 109.7 116.4 152.1 153.3 174.6 171.3 180.1 154.2 153.9 165.2 152.5 175.7 178.4 174.4 176.9 178.7 176.5 189.0 192.9 192.0 195.7 190.9 201.1 202.8 208.4 217.3 225.6 218.7 211.4 213.0 209.6 217.9 229.6 239.2 242.2 257.0 247.0 243.8 246.8 243.6 252.0 261.0 269.5 273.8 274.8 292.9 280.1 275.3 290.0 286.2 285.4 276.8 274.2 267.7 267.2 277.9 272.0 256.5 261.5 266.6 282.0 270.5 267.9 266.6 271.4 276.2 275.7 278.1 284.1 288.9 276.0 275.3 280.4 273.7 287.4 281.2 288.0 289.9 290.2 284.2 280.9 274.3 275.2 281.2 282.8 284.7 290.0 285.3 284.8 289.9 288.2 278.8 282.1 275.1 282.3 281.0 272.2 277.1 277.3 274.9 282.0 287.3 296.3 288.5 287.0 285.1 282.0 288.5 292.1 294.5 291.5 288.4 287.5 284.6 294.3 299.6 299.9 287.6 284.7 285.8 282.2 284.8 296.8 291.7 290.5 298.1 287.0 296.9 296.8 273.3 263.0 271.3 279.3 268.6 260.2 263.7 262.9 263.7 263.6 266.8 268.5 264.7 265.2 262.9 263.6 271.7 269.2 272.8 272.1 273.7 271.3 268.2 263.0 260.1 263.5 265.6 269.6 268.6 274.8 268.8 266.2 264.8 270.0 271.6 266.0 268.5 273.3 272.2 280.7 286.2 283.2 284.3 280.0 288.0 214.03124999999997 66.62037018711015
7 80.3 80.6 79.1 76.3 78.7 64.8 41.2 38.6 51.8 13.6 345.2 339.7 338.4 323.6 338.9 338.2 147.5 147.6 209.5 197.1 191.2 177.7 162.9 164.1 165.1 156.8 149.2 151.1 147.3 150.4 148.5 145.7 153.0 146.3 153.4 142.0 127.6 122.6 110.1 140.8 136.6 125.9 125.4 126.2 124.7 118.0 98.3 85.9 75.6 87.3 91.3 91.7 89.9 92.9 97.0 91.9 83.5 74.4 60.3 35.0 48.2 71.3 91.3 92.6 100.8 100.2 102.5 99.7 104.0 207.2 216.0 136.0 83.4 64.6 68.7 90.4 101.8 128.7 94.4 99.4 101.2 100.4 105.0 109.7 103.2 104.5 101.4 98.0 95.0 93.5 94.8 101.7 93.1 84.5 83.3 101.2 79.6 72.7 74.9 60.2 74.6 69.1 56.6 40.7 53.5 28.9 52.2 56.3 64.2 61.9 65.7 60.4 60.6 61.8 54.2 55.4 56.2 63.3 67.8 67.8 62.5 64.1 68.1 80.3 85.6 76.1 70.8 68.2 74.3 76.2 79.0 75.0 62.4 65.2 54.1 74.6 66.5 52.5 335.5 34.6 40.0 4.0 2.6 11.7 36.7 39.8 46.3 50.6 20.7 6.4 18.4 13.5 0.1 325.5 300.2 302.2 292.5 277.3 294.5 328.8 332.5 292.8 306.6 306.2 289.4 276.1 290.6 291.5 290.3 289.6 298.8 294.9 281.3 278.8 287.0 297.9 293.5 290.9 287.2 287.6 287.9 288.1 287.8 293.6 296.2 297.9 306.7 308.5 300.7 288.8 289.7 296.9 296.1 288.4 294.1 293.1 295.9 292.0 293.3 288.8 293.3 291.6 291.8 288.6 290.6 288.0 291.1 283.7 293.2 289.8 292.2 285.0 282.6 286.1 286.5 286.7 282.6 288.2 285.1 282.0 283.7 280.1 284.6 286.1 285.0 287.5 284.0 284.5 284.9 283.0 278.8 275.2 287.2 286.0 290.9 279.2 280.6 281.6 288.7 282.4 286.7 284.4 289.4 300.0 296.9 286.2 286.9 282.3 271.1 282.4 295.5 287.6 288.0 281.2 277.0 287.9 280.5 280.9 282.0 275.0 278.9 275.8 285.5 285.0 278.9 279.0 277.7 287.5 284.9 283.7 280.7 276.9 277.4 280.3 279.0 282.0 276.7 284.0 280.8 279.7 273.2 273.6 268.2 278.8 275.6 269.4 273.4 270.8 187.83333333333334 105.93526522418523
8 211.8 208.9 207.4 201.7 202.6 207.3 206.4 210.9 204.4 200.7 205.9 209.0 214.5 212.9 224.7 221.0 218.4 227.1 224.6 222.4 215.0 223.2 217.0 213.0 220.5 236.0 300.8 284.2 321.7 261.3 125.1 11.3 31.8 17.0 6.2 74.5 90.8 86.5 136.9 89.2 75.6 116.4 76.2 15.1 312.7 279.6 185.8 180.2 0.0 346.4 219.1 106.4 330.7 312.6 323.5 6.7 150.6 17.4 341.0 295.2 191.0 213.1 52.4 22.1 332.9 316.9 325.4 312.2 267.1 296.7 264.0 275.3 261.4 267.6 264.6 254.4 235.4 328.6 300.4 276.1 326.1 38.9 37.7 44.3 79.4 58.1 55.3 151.4 132.1 244.3 297.9 118.9 45.1 31.7 19.0 350.6 77.1 55.7 42.4 175.5 66.1 146.7 60.0 60.9 88.4 93.8 54.0 54.4 0.0 331.4 3.5 17.5 169.7 130.4 133.1 82.5 19.9 351.3 159.7 0.0 0.0 341.6 67.0 69.8 71.6 57.4 40.7 56.3 79.1 17.6 31.4 63.5 97.8 96.2 61.4 58.5 74.7 77.4 27.2 52.6 36.9 8.2 236.4 224.3 211.0 191.8 188.4 193.7 186.1 195.4 195.5 215.1 216.5 264.4 234.5 283.0 297.1 310.9 311.3 274.6 305.9 322.8 315.1 319.0 314.4 298.5 315.2 327.7 302.0 296.8 304.7 320.0 323.7 283.1 300.9 320.0 314.2 307.8 305.6 303.2 300.9 266.7 280.6 284.4 306.3 297.8 263.7 298.5 289.6 299.0 290.9 299.0 283.3 292.1 291.4 300.2 289.5 284.3 301.6 302.8 298.2 294.7 288.6 289.0 305.5 274.6 257.0 297.4 290.5 291.1 291.1 274.7 285.2 288.2 292.4 296.0 281.5 261.6 281.1 277.7 274.6 282.9 262.4 261.4 280.2 295.8 268.8 277.1 287.0 217.5 269.1 327.3 274.7 283.5 247.2 295.5 273.2 272.3 267.4 302.2 310.6 269.8 315.2 321.8 308.7 276.8 306.8 326.0 294.2 277.4 244.9 290.1 286.8 302.6 292.2 273.5 294.3 283.1 256.9 252.4 241.8 262.3 246.2 258.3 265.0 261.9 261.1 298.2 280.5 288.9 272.5 285.4 311.3 306.8 268.8 287.7 282.8 286.9 265.9 269.8 279.8 272.8 234.4 273.0 245.5 269.9 254.0 278.0 218.50034722222222 100.51068641444408
9 342.8 349.9 350.4 345.3 14.5 4.2 344.6 305.2 313.7 339.0 356.4 1.8 328.5 314.0 15.4 350.3 352.5 303.1 301.7 21.4 5.2 309.9 282.5 333.0 17.5 60.2 135.8 51.7 17.9 155.3 232.1 334.3 120.7 234.9 282.8 330.6 337.3 307.4 272.7 13.6 37.1 321.2 13.6 26.8 344.0 2.7 77.2 72.0 303.6 359.3 1.8 22.1 93.2 148.9 82.1 86.5 128.3 200.8 322.9 327.6 196.3 177.9 7.9 291.7 198.8 196.9 192.4 158.7 345.5 20.4 98.0 133.3 0.0 94.6 343.0 339.4 345.0 16.2 36.2 75.9 121.9 0.0 0.0 198.6 200.3 0.0 16.8 0.0 0.0 35.4 357.1 319.6 303.2 283.3 176.0 98.4 23.6 358.2 359.3 337.9 330.9 320.2 0.0 289.8 345.3 341.7 234.0 240.3 223.4 162.1 150.1 88.8 41.7 96.5 50.6 48.9 140.9 149.4 151.8 150.9 168.6 179.6 179.1 154.0 142.1 145.5 133.2 148.5 150.7 151.5 158.3 148.3 147.9 6.7 320.5 13.3 6.6 15.6 33.1 31.6 34.4 27.9 326.7 139.9 157.9 157.3 114.9 91.7 69.1 19.7 28.6 101.7 138.7 157.8 197.2 156.8 191.9 171.7 179.3 209.3 144.1 146.0 153.4 129.7 130.8 138.3 144.1 128.6 149.5 146.2 133.9 113.1 126.3 131.5 141.5 169.1 200.5 187.0 178.1 159.6 174.1 152.8 140.0 157.8 165.2 157.7 219.5 215.6 219.4 233.0 237.6 237.3 277.9 294.1 290.2 291.6 296.8 289.3 292.2 313.5 304.5 300.3 300.7 320.3 314.1 315.6 337.7 322.9 319.6 315.1 293.2 331.5 320.2 304.7 339.1 305.3 294.9 301.9 318.6 297.1 306.7 286.3 280.5 292.4 303.7 301.1 286.0 304.2 306.3 283.9 294.2 293.2 298.8 316.0 294.0 291.2 282.3 302.6 293.6 293.7 310.0 301.3 284.5 311.9 310.4 303.3 321.9 284.4 287.5 292.7 301.4 295.2 308.9 294.1 292.2 297.1 283.2 296.8 301.7 298.6 329.8 293.4 307.3 311.1 307.3 302.2 293.6 305.8 306.6 290.2 307.1 309.2 301.1 311.8 296.5 322.4 314.2 315.5 312.1 303.7 294.3 282.0 288.9 310.5 285.3 301.3 298.3 302.3 212.63819444444445 112.0079803631031
END
#################################################################
SECTION3 (Edges Information)
EndPoint0 EndPoint1 Weight
0 1 1.000000
1 2 1.000000
2 3 1.000000
3 4 1.000000
3 5 1.000000
4 5 1.000000
4 6 1.000000
5 6 1.000000
5 7 1.000000
6 7 1.000000
7 8 1.000000
7 9 1.000000
8 9 1.000000
0 1 1.000000
1 2 1.000000
2 3 1.000000
3 4 1.000000
3 5 1.000000
4 5 1.000000
4 6 1.000000
5 6 1.000000
5 7 1.000000
6 7 1.000000
7 8 1.000000
7 9 1.000000
8 9 1.000000
0 1 1.000000
1 2 1.000000
2 3 1.000000
3 4 1.000000
3 5 1.000000
4 5 1.000000
4 6 1.000000
5 6 1.000000
5 7 1.000000
6 7 1.000000
7 8 1.000000
7 9 1.000000
8 9 1.000000
0 1 1.000000
1 2 1.000000
2 3 1.000000
3 4 1.000000
3 5 1.000000
4 5 1.000000
4 6 1.000000
5 6 1.000000
5 7 1.000000
6 7 1.000000
7 8 1.000000
7 9 1.000000
8 9 1.000000
0 1 1.000000
1 2 1.000000
2 3 1.000000
3 4 1.000000
3 5 1.000000
4 5 1.000000
4 6 1.000000
5 6 1.000000
5 7 1.000000
6 7 1.000000
7 8 1.000000
7 9 1.000000
8 9 1.000000
END
#################################################################
SECTION4 (TrueSubGraph Information)
EndPoint0 EndPoint1 Weight
END
#################################################################
