#################################################################
#APDM Input Graph, this input graph includes 3 sections:
#section1 : general information
#section2 : nodes
#section3 : edges
#section4 : trueSubGraph (Optional)
#
#if nodes haven't information set weight to null
#################################################################
SECTION1 (General Information)
numNodes = 10
numEdges = 13
usedAlgorithm = NULL
dataSource = TransWeatherRealData
END
#################################################################
SECTION2 (Nodes Information)
NodeID windDir  mean  std 
0 231.5 234.6 233.7 234.8 231.7 230.4 230.1 226.5 226.4 230.7 227.4 227.4 225.6 228.4 229.4 228.1 231.9 232.0 230.5 230.3 231.6 228.6 227.0 237.1 233.1 228.9 229.2 233.5 236.8 238.0 238.1 241.9 238.6 242.4 240.3 242.3 235.7 239.5 236.8 234.7 234.1 237.1 235.5 234.1 234.4 230.3 232.8 235.5 232.0 234.4 233.1 234.7 229.9 230.0 229.1 226.2 227.1 228.3 226.5 223.7 222.5 223.5 228.2 223.9 226.5 225.7 225.0 225.3 225.1 226.7 224.6 224.5 229.4 225.9 225.6 228.7 236.4 244.6 242.0 240.7 245.3 244.9 245.2 249.3 249.3 254.6 248.6 247.7 246.3 244.5 248.5 247.3 246.2 243.9 240.6 237.7 243.3 240.7 238.8 235.5 241.1 244.0 240.0 240.3 239.5 240.3 237.4 245.6 238.1 240.7 235.2 231.5 237.3 229.4 233.9 237.7 239.1 239.2 237.3 231.0 220.1 216.1 208.8 197.6 191.9 195.7 183.4 181.8 185.4 183.0 178.8 166.7 177.7 197.4 206.5 225.1 229.9 228.3 222.5 226.7 215.2 224.7 220.2 229.6 195.4 197.1 211.4 207.9 218.0 219.8 222.7 220.6 224.8 233.2 230.2 232.6 246.9 259.8 264.5 263.0 270.2 278.0 278.1 272.9 268.1 263.1 263.1 252.4 254.6 249.1 250.1 255.2 258.0 252.8 251.8 249.1 262.4 254.1 253.8 253.8 253.7 250.3 258.1 257.2 246.7 253.4 259.7 260.9 261.0 253.6 261.2 254.7 260.9 254.4 257.5 260.3 255.4 255.1 247.3 246.3 251.4 248.0 241.2 241.7 251.0 245.1 247.2 248.4 250.7 241.8 237.4 236.8 246.9 245.2 233.2 236.3 240.6 241.7 241.6 243.7 240.3 243.8 246.2 246.0 251.8 248.1 251.0 252.7 247.5 254.1 248.4 260.7 262.8 259.6 255.2 256.8 255.1 263.3 264.2 254.0 256.3 255.2 249.8 256.6 255.5 253.8 258.1 257.4 255.7 251.6 250.2 253.7 251.1 249.5 252.1 253.7 255.1 252.0 249.4 242.7 241.0 239.2 236.5 229.2 226.0 221.8 218.7 214.9 216.6 214.6 215.1 217.8 216.6 220.4 225.0 227.7 221.0 218.8 213.4 199.8 200.6 203.9 220.4 206.4 201.8 211.9 220.2 229.0 236.64791666666667 18.015827221857027
1 190.8 185.2 197.0 207.0 207.8 208.8 210.4 206.7 201.8 197.5 207.0 211.0 219.9 218.4 218.6 216.4 217.3 221.1 224.6 226.1 222.8 222.7 220.3 220.8 224.3 219.7 224.4 220.0 223.8 217.0 221.6 233.7 227.4 228.1 234.7 236.9 231.9 238.8 241.4 235.0 232.4 237.1 238.5 234.5 233.7 233.1 239.7 240.9 248.7 242.0 244.2 256.8 247.9 239.8 242.0 233.4 235.5 233.8 237.0 232.2 236.8 234.2 230.7 234.1 240.5 239.9 241.1 239.7 243.2 240.3 243.2 240.1 239.5 245.0 238.8 237.6 236.0 234.0 231.6 232.5 231.5 229.4 232.9 231.5 241.5 242.4 246.8 249.4 249.2 260.0 267.1 258.6 267.3 270.7 269.8 269.2 268.6 277.1 259.7 253.3 265.4 264.1 243.8 267.2 254.5 203.5 192.0 188.7 177.0 145.1 173.1 180.3 189.5 187.8 194.8 192.9 177.3 171.7 172.3 173.5 145.7 146.9 147.2 140.0 144.7 151.4 149.0 158.6 159.3 195.6 206.4 207.2 221.4 214.4 216.8 222.3 217.3 213.6 201.7 195.2 200.1 173.0 188.3 189.3 208.7 190.9 191.8 190.2 203.3 203.1 199.1 214.7 222.7 228.0 224.2 210.5 221.2 222.2 220.9 223.5 218.9 218.0 242.3 235.1 244.8 234.1 246.7 231.4 228.9 247.4 254.9 258.0 285.0 288.9 275.5 291.3 291.4 282.4 295.9 302.8 291.5 292.1 279.5 287.4 290.8 294.7 292.7 283.5 265.2 289.2 293.0 294.5 296.8 291.8 295.1 275.0 291.3 314.4 283.7 286.1 260.9 266.6 262.2 270.6 288.1 314.8 278.7 273.3 256.8 224.0 178.2 115.6 108.1 138.4 180.6 338.3 93.6 115.2 178.8 153.4 186.2 201.7 203.7 170.8 247.2 216.8 260.0 284.4 283.4 268.7 288.9 282.5 315.1 285.0 311.1 314.6 53.7 167.8 223.1 285.5 249.8 280.1 270.6 272.1 234.0 290.5 286.9 292.3 271.8 275.4 302.8 267.8 267.0 258.1 267.1 262.3 269.0 255.6 243.2 250.1 256.8 219.2 113.8 281.6 287.3 275.2 256.2 244.8 248.9 292.3 296.9 291.6 283.8 283.5 287.5 262.0 156.5 213.2 259.4 277.6 291.1 305.3 271.8 252.2 248.4 175.2 243.8 279.5 235.35381944444444 43.980672655639864
2 167.2 171.1 177.0 180.6 180.0 183.9 179.9 180.6 183.7 189.3 188.9 188.1 189.7 190.0 189.4 191.2 192.6 191.6 191.0 190.2 188.7 188.3 186.8 189.4 191.3 191.9 194.6 192.8 197.8 193.1 193.4 191.1 194.0 193.7 189.1 182.9 181.0 181.5 179.3 179.3 181.4 183.8 182.9 183.5 179.6 180.1 179.2 174.5 177.5 176.8 179.2 174.4 175.8 166.8 165.1 148.4 157.4 157.6 160.2 162.0 167.7 169.2 167.0 165.8 160.5 160.4 160.4 161.1 167.1 169.1 173.6 180.0 180.7 179.2 180.2 177.3 175.7 180.9 181.2 176.1 173.9 174.3 174.3 180.9 183.3 177.0 171.2 170.5 167.0 171.4 179.2 195.1 189.8 199.8 214.8 205.7 207.7 205.6 201.4 202.5 228.8 251.1 238.8 252.8 248.2 256.3 266.1 265.1 286.8 298.9 296.4 265.1 249.6 258.8 200.4 179.5 137.5 150.9 138.4 149.2 167.3 162.8 168.6 179.9 170.2 162.7 180.4 195.8 198.0 175.4 173.2 190.3 197.0 181.6 174.2 169.5 165.3 136.7 143.3 146.7 152.7 145.8 172.2 179.2 233.5 283.1 242.7 138.4 150.8 164.0 149.5 150.2 205.0 225.0 218.8 220.9 223.5 227.6 226.0 236.7 241.2 226.7 225.1 220.3 216.1 218.0 235.2 236.5 212.9 217.0 220.4 224.1 224.6 216.7 207.3 212.4 208.8 212.9 228.0 292.0 291.1 299.7 298.1 288.8 291.7 301.0 288.6 282.6 273.6 266.1 268.2 269.3 271.9 287.0 284.3 281.5 277.0 280.2 286.4 289.2 283.0 294.3 291.9 283.6 281.5 286.3 267.4 269.8 292.3 294.8 288.6 284.0 280.1 272.4 277.1 286.9 267.9 272.0 269.6 258.3 271.0 255.0 271.5 259.4 266.0 255.9 263.6 267.7 262.2 265.2 253.4 270.8 265.6 273.1 278.1 272.2 279.7 291.7 300.9 306.2 311.0 307.5 304.3 308.8 312.2 325.0 333.7 320.8 323.9 163.3 130.2 106.4 132.6 151.9 160.5 185.2 189.5 190.1 187.2 194.4 191.7 141.6 161.9 134.9 169.8 179.9 170.2 175.7 163.3 155.8 167.1 166.9 169.1 174.5 166.4 142.4 152.1 164.4 177.8 167.5 146.6 151.4 162.9 169.6 164.9 154.0 155.1 159.7 210.08055555555555 50.61554178385883
3 182.8 186.4 183.9 187.0 183.0 183.9 187.3 181.5 182.3 184.9 183.1 184.7 186.7 184.4 186.8 185.6 187.7 184.6 189.3 188.3 188.9 188.4 195.9 198.5 198.2 194.6 196.3 205.2 198.5 204.1 192.1 197.2 190.5 198.0 199.2 195.5 205.1 210.7 202.4 191.3 175.0 179.6 191.4 195.3 184.6 186.2 180.3 183.8 205.5 211.0 200.8 190.8 185.0 189.0 191.3 220.7 200.5 191.8 199.3 200.2 202.5 203.6 205.4 209.5 205.8 203.9 213.0 201.2 194.3 197.5 193.7 186.4 191.9 187.3 205.3 196.6 212.2 195.7 197.3 189.5 195.9 190.4 186.9 185.4 190.6 195.2 196.2 189.4 192.3 188.3 196.1 204.1 213.1 202.5 211.2 203.8 203.7 201.5 210.1 207.3 210.6 203.4 203.6 200.8 209.6 225.4 221.3 230.0 223.9 221.1 226.3 213.8 216.5 212.4 290.2 240.9 225.3 192.7 192.7 208.1 200.9 202.1 189.4 210.6 214.6 242.1 259.0 236.0 220.6 242.9 272.6 221.2 191.1 249.6 221.8 140.5 180.0 161.2 165.2 150.2 170.8 173.2 147.2 151.3 176.8 185.4 241.0 255.2 256.3 162.6 259.9 316.2 259.0 292.7 272.0 106.8 37.8 6.2 23.5 62.4 95.2 64.7 63.2 105.9 145.4 275.3 299.2 256.0 147.1 135.3 162.2 267.3 276.9 223.3 204.7 214.7 219.5 217.6 214.5 213.3 227.4 221.7 247.4 273.4 271.7 255.5 223.3 261.1 270.5 284.7 285.5 285.7 288.1 274.9 275.2 275.1 272.9 263.0 256.9 247.5 269.1 236.0 242.8 230.5 232.8 254.6 263.6 250.5 230.5 246.2 255.3 273.9 258.0 258.9 267.2 263.8 277.7 271.6 268.5 261.3 261.0 261.1 248.3 264.3 249.6 256.9 266.9 263.2 246.5 259.6 276.3 261.3 260.5 272.0 264.5 264.4 260.8 269.3 255.1 244.3 231.0 226.5 229.4 231.4 267.0 283.8 266.3 244.4 96.0 108.1 131.4 123.0 123.3 130.3 131.6 123.2 123.4 123.3 176.2 165.5 167.6 153.4 0.0 0.0 106.0 76.9 99.9 129.5 112.2 84.4 112.1 141.7 166.5 134.6 112.1 133.2 159.1 156.6 141.4 143.1 160.3 162.0 160.8 148.4 139.8 156.7 166.7 161.3 201.6420138888889 54.00701727640476
4 92.3 80.6 97.0 109.4 100.5 97.7 107.0 101.7 101.2 110.7 120.3 134.5 149.9 156.8 166.7 177.8 188.3 196.1 175.2 154.3 167.9 219.8 211.7 194.1 197.2 219.3 221.5 223.8 229.0 234.1 261.5 211.6 210.4 215.3 222.3 212.6 210.2 220.3 221.6 209.5 213.5 221.3 218.2 262.3 220.2 209.8 268.4 228.9 218.2 321.5 237.7 234.1 209.9 186.9 217.2 196.7 240.1 233.2 219.9 223.3 244.8 0.0 164.0 0.0 126.4 114.5 108.9 0.0 0.0 150.6 132.9 118.4 113.9 76.0 95.2 114.6 92.7 97.0 89.0 69.7 65.9 74.2 71.9 77.9 80.5 75.2 88.9 75.0 85.8 50.1 66.4 56.6 0.0 158.2 145.0 195.0 223.4 232.0 216.3 212.8 223.4 228.1 211.8 218.0 220.5 224.7 239.1 209.9 231.0 231.5 238.2 229.5 241.1 251.3 260.8 277.6 278.1 285.9 285.3 307.9 313.2 332.4 15.6 62.2 94.2 90.9 87.9 93.6 132.9 149.3 157.8 154.9 124.9 156.1 154.8 146.6 159.8 155.6 156.5 154.5 158.0 157.3 163.1 162.0 156.0 156.0 170.1 154.1 143.0 268.5 293.5 350.4 2.9 64.9 28.3 78.1 54.9 83.9 58.3 264.4 134.1 115.9 126.5 117.9 94.0 86.7 90.8 105.8 129.6 162.8 166.5 150.1 154.8 124.0 113.1 112.0 125.5 149.4 153.8 143.0 137.0 169.3 202.9 207.1 180.0 166.9 150.2 146.2 148.9 175.9 200.0 203.9 296.0 286.1 292.7 279.9 265.2 259.1 268.1 255.7 256.4 256.3 245.6 251.0 270.2 288.4 268.0 267.6 271.8 266.0 258.1 293.0 304.4 288.9 272.3 274.3 284.7 263.3 244.2 227.4 243.8 242.6 279.5 258.4 283.5 277.6 259.0 264.1 271.5 271.0 281.6 288.9 306.7 319.8 317.0 311.3 337.9 340.8 0.0 146.7 145.5 141.9 57.1 65.7 0.0 9.7 223.7 264.9 265.1 89.4 60.8 49.2 38.3 43.1 85.8 122.6 134.5 109.3 120.8 109.3 109.7 115.9 313.3 0.0 0.0 91.1 126.2 128.3 119.9 120.2 89.8 92.2 137.0 129.8 129.3 145.9 118.3 122.3 117.8 116.1 104.3 131.6 154.8 160.3 183.9 0.0 238.7 105.4 171.76250000000002 81.89848511487558
5 192.4 194.3 196.9 188.6 194.7 194.5 189.0 201.8 197.4 186.8 194.9 191.1 190.3 191.9 192.6 201.7 192.2 192.8 191.8 192.6 194.1 185.2 187.8 188.9 195.7 194.9 188.7 186.9 190.7 195.3 211.7 190.0 188.5 185.2 191.7 187.0 186.5 208.5 196.2 226.6 210.5 215.4 230.7 201.3 209.5 197.2 236.2 219.2 197.2 192.2 210.7 188.3 190.2 199.8 193.1 224.2 201.7 210.1 210.2 204.9 199.2 194.0 205.6 197.1 196.7 196.6 191.7 194.6 192.3 179.9 176.0 174.6 189.8 190.6 189.1 193.4 212.3 220.9 235.7 221.8 225.6 213.2 219.3 207.7 207.3 195.1 195.0 203.0 196.9 192.2 191.9 181.5 190.1 209.9 195.3 194.7 180.2 188.7 203.2 223.6 215.6 201.5 186.6 188.5 188.3 204.8 205.1 208.5 234.3 251.7 253.5 250.5 247.5 245.3 243.3 252.9 240.5 250.5 257.4 256.8 233.6 242.7 280.4 280.7 266.1 245.7 229.4 231.7 230.3 267.3 262.0 253.8 258.8 268.3 260.6 260.9 264.6 254.6 253.8 249.7 243.5 251.7 263.4 264.0 265.5 287.9 266.5 274.5 252.1 277.0 101.3 43.7 75.1 63.7 90.6 58.4 37.2 32.8 5.8 48.1 47.5 39.6 39.3 13.7 11.0 16.1 15.2 17.1 10.5 311.2 296.7 276.3 187.1 270.7 287.7 350.3 7.0 359.4 293.8 303.8 301.4 330.9 353.5 111.5 143.1 142.1 160.1 141.6 150.5 140.5 107.2 122.4 91.8 89.8 77.0 50.9 82.8 85.9 82.1 59.9 28.1 35.4 57.9 63.8 29.4 329.0 331.0 304.9 315.0 310.0 293.6 291.7 278.7 270.7 267.7 273.0 269.7 273.9 269.6 265.8 279.1 265.5 279.8 283.5 286.7 299.1 289.1 297.4 277.5 269.8 271.2 262.4 292.7 260.6 262.8 256.5 242.5 252.2 271.2 283.1 278.0 274.3 266.7 265.3 256.2 219.2 152.1 140.5 109.7 101.0 97.0 93.3 0.0 242.0 0.0 100.5 137.7 0.0 0.0 0.0 0.0 0.0 0.0 0.0 212.4 0.0 0.0 150.7 150.5 132.2 258.7 161.4 138.0 148.2 0.0 309.2 0.0 0.0 0.0 159.2 0.0 154.5 153.1 209.4 214.7 180.9 183.3 157.1 189.46458333333334 85.76867435649851
6 201.6 199.4 199.7 196.8 202.5 237.6 268.7 271.7 173.0 180.7 183.4 187.9 181.6 180.1 178.4 184.0 181.2 178.5 175.5 188.0 188.7 194.0 198.6 202.6 206.0 206.2 200.0 201.9 193.2 194.7 190.8 200.3 181.7 188.1 195.9 201.2 203.6 211.6 213.6 206.6 208.8 206.3 209.8 215.6 225.5 210.9 211.5 208.9 214.3 216.7 217.8 219.3 218.2 217.6 215.7 209.7 213.9 215.8 213.1 212.7 216.6 215.1 214.3 210.2 210.2 198.6 199.3 196.2 198.7 208.7 212.3 205.4 195.4 203.7 197.0 196.7 200.2 203.0 204.8 210.7 205.8 208.1 205.9 203.4 199.5 209.8 208.7 210.1 214.3 210.2 204.3 209.6 211.6 210.7 212.6 209.9 222.0 214.7 212.1 201.6 210.4 209.8 204.4 201.0 198.1 199.4 214.4 227.8 214.2 224.2 229.1 230.5 222.7 228.1 233.4 236.8 231.5 218.3 237.6 228.4 227.1 230.2 232.6 235.9 229.9 236.8 232.9 230.0 249.9 237.9 235.5 243.9 255.6 248.0 247.6 249.9 255.6 246.3 249.9 248.3 246.6 255.0 262.5 248.5 231.5 190.5 183.7 101.6 144.1 199.7 225.6 209.4 171.1 226.4 216.9 198.1 194.5 185.8 201.5 181.5 176.4 207.5 170.0 168.0 185.1 228.3 51.9 151.6 102.7 79.1 24.9 24.7 18.2 29.9 16.2 2.0 319.8 253.5 235.1 23.9 39.2 308.9 327.6 257.2 165.8 177.9 204.0 184.0 187.8 188.2 186.5 179.3 173.1 186.4 185.5 182.4 202.1 197.5 198.7 182.0 209.9 189.5 180.6 209.6 213.7 213.5 217.2 206.1 213.8 210.6 201.8 185.9 202.4 212.4 255.8 284.7 261.7 249.9 249.6 250.2 241.4 248.1 240.4 242.0 251.2 272.6 273.2 282.2 249.9 241.4 233.8 244.1 236.4 234.9 233.3 224.3 235.6 251.6 241.5 224.0 222.8 225.2 234.0 256.8 264.0 271.3 264.5 242.5 229.1 239.6 247.8 252.3 257.9 232.8 218.8 229.8 212.5 211.1 236.5 261.1 253.5 239.4 231.2 227.6 212.1 199.4 199.1 206.2 204.2 197.7 195.0 191.9 198.1 210.9 215.2 198.2 186.6 198.8 211.6 126.6 113.6 109.9 113.0 169.4 179.1 174.8 164.1 181.9 206.99756944444445 45.46270011873199
7 213.7 213.8 208.0 210.2 210.5 208.4 208.8 203.3 205.5 204.9 210.4 207.5 207.9 220.0 214.0 221.1 221.7 213.2 213.9 211.5 215.4 219.4 220.7 221.4 219.7 218.9 220.5 217.2 217.4 215.9 219.9 227.8 219.7 230.3 221.8 217.7 220.9 221.1 217.7 220.7 217.1 224.9 225.1 219.8 221.8 222.2 221.8 217.7 227.4 224.9 224.8 219.1 219.5 223.1 220.0 224.1 223.6 217.7 222.5 218.3 222.7 215.5 217.1 212.7 212.7 217.8 220.8 228.8 235.1 242.9 230.1 229.7 240.8 231.3 233.9 230.0 239.2 237.1 2.8 329.2 59.2 28.7 324.9 309.0 308.4 29.4 343.3 47.2 88.3 51.4 68.5 89.5 88.7 139.4 137.1 332.2 324.1 347.2 13.0 339.0 273.6 290.4 312.4 324.5 274.5 263.6 232.5 239.9 252.0 255.3 233.7 229.2 242.5 245.0 236.7 233.9 243.9 243.1 241.7 237.4 231.2 233.6 233.0 230.0 247.5 252.5 229.0 240.1 241.2 242.1 252.0 261.5 261.5 237.5 242.6 247.0 246.0 252.7 248.8 231.8 231.9 233.0 221.0 218.5 223.8 226.6 235.2 204.4 195.1 232.6 222.8 172.0 236.5 271.7 199.5 188.8 252.7 225.5 175.2 322.6 276.5 260.5 240.2 9.5 11.4 34.6 50.9 48.8 49.5 32.3 52.3 72.8 68.6 75.6 95.4 71.0 82.1 58.5 69.1 95.1 96.1 139.0 225.6 259.5 223.8 213.2 212.0 217.5 236.6 284.7 303.0 285.9 305.8 303.4 330.8 280.5 323.4 335.9 336.8 356.3 355.7 318.6 341.2 3.6 354.0 19.6 28.0 45.8 65.9 95.5 118.8 113.0 113.7 87.7 83.8 44.2 29.8 31.2 344.5 312.1 206.5 202.9 212.7 177.7 173.0 194.9 254.3 9.4 356.2 51.4 39.9 60.9 353.4 312.5 259.7 256.6 265.6 286.7 293.8 297.6 264.0 267.7 265.1 231.5 238.4 350.7 16.4 37.1 41.4 81.1 174.2 173.1 116.0 131.9 165.8 146.4 159.0 197.1 202.8 196.7 180.8 151.4 146.1 160.8 160.5 157.0 159.9 179.4 167.0 170.6 166.3 162.1 175.3 166.1 161.9 161.2 168.0 173.6 174.9 170.7 172.6 173.5 171.6 171.9 163.9 171.3 185.4 320.5 201.11423611111113 82.08648179506228
8 214.6 214.1 213.7 213.4 212.0 214.3 214.2 210.8 214.0 206.6 202.9 201.9 201.9 201.2 202.3 205.7 209.0 209.3 202.6 208.8 212.9 213.3 213.1 215.2 212.1 214.1 215.3 215.8 212.0 216.7 215.3 213.5 213.3 214.9 209.0 211.1 211.7 213.0 216.5 215.9 221.7 220.2 220.7 217.8 215.8 217.0 213.0 210.2 211.7 213.0 209.7 212.7 211.5 208.1 213.2 211.4 214.7 215.0 210.3 211.0 209.1 212.9 210.8 216.1 214.5 211.8 210.1 210.2 210.1 212.0 204.8 208.0 207.3 204.2 204.9 205.6 207.9 214.6 211.7 207.5 205.7 208.4 218.8 226.3 222.8 269.8 227.9 212.4 207.1 213.1 216.8 227.9 204.3 205.8 238.9 234.6 271.0 278.8 282.3 355.0 230.8 230.3 186.5 145.2 111.6 101.3 94.9 226.5 206.8 192.5 198.6 205.2 202.8 198.1 199.6 202.4 201.4 203.8 225.2 214.8 213.5 211.3 209.8 201.9 216.3 233.8 222.6 232.3 216.2 230.1 235.7 237.2 225.6 228.4 235.9 243.2 236.1 245.9 248.0 237.7 218.0 231.7 229.6 223.6 227.7 231.3 233.9 228.5 216.6 212.4 231.5 227.4 223.8 212.0 248.5 246.9 275.4 232.4 183.9 194.1 181.3 195.4 207.9 213.4 220.0 230.0 227.7 244.0 219.4 200.2 185.0 187.4 205.5 202.4 190.4 195.3 198.6 222.7 261.9 236.7 231.8 242.8 231.0 211.5 203.1 217.9 224.2 221.5 238.0 259.9 261.7 241.0 244.0 264.2 249.9 259.6 219.4 297.2 282.4 183.8 165.9 128.9 115.7 51.2 34.7 98.8 103.5 59.1 45.3 43.3 353.2 330.8 314.4 319.4 271.0 278.2 301.5 318.7 325.5 322.9 318.6 304.2 276.4 248.3 253.2 214.5 141.5 166.0 230.4 234.7 215.0 216.7 238.6 238.9 210.4 219.0 221.1 239.5 278.9 268.0 275.8 266.5 276.0 274.0 272.6 260.4 277.5 269.3 261.4 264.7 279.1 267.9 280.0 252.9 247.8 233.1 255.7 219.5 220.1 264.9 247.1 250.5 236.8 273.8 253.8 243.2 230.0 276.1 279.6 271.7 270.0 311.0 310.0 280.4 287.1 333.7 323.0 338.1 282.7 313.3 269.4 281.2 324.4 316.1 298.2 284.7 295.6 281.8 227.1736111111111 46.936778572173615
9 194.9 195.7 203.5 194.5 204.3 199.9 196.3 199.9 196.0 197.8 195.9 199.5 192.9 200.9 192.5 198.7 197.4 189.1 200.8 184.2 184.9 178.6 190.8 187.3 188.5 190.8 180.7 190.1 182.5 188.9 185.3 184.9 186.7 183.9 184.7 181.8 183.6 186.4 192.7 193.4 186.9 191.3 188.9 197.5 197.7 194.1 196.9 202.6 202.2 198.0 198.0 191.1 201.3 192.0 196.4 188.1 195.1 227.4 207.5 217.9 239.3 337.2 329.2 349.8 311.0 356.0 11.7 360.0 345.8 8.0 357.4 34.4 19.8 7.0 34.3 42.6 45.8 34.1 0.0 0.0 0.0 0.0 18.7 351.7 5.7 354.3 345.6 329.8 34.3 350.0 346.9 2.6 27.4 45.0 60.2 74.4 81.9 74.2 0.7 19.8 329.5 88.0 54.5 60.3 43.4 341.8 348.7 21.2 32.9 58.1 64.5 58.9 71.7 86.3 82.9 40.6 22.2 45.4 45.6 23.5 236.3 177.3 191.4 249.4 243.3 334.0 115.1 211.5 233.1 321.1 273.9 221.7 174.7 166.9 177.5 184.2 176.1 180.0 185.8 182.8 181.4 180.9 190.3 186.4 185.3 190.0 178.4 182.1 176.0 185.6 178.2 210.2 193.2 184.4 196.7 231.9 243.8 199.7 231.3 200.2 217.7 214.0 213.0 231.4 197.7 177.0 183.8 191.6 160.2 174.2 175.3 165.7 169.7 223.1 175.7 174.6 179.5 192.7 190.8 166.8 146.0 160.4 182.8 179.0 192.5 171.3 185.4 177.5 168.2 158.0 158.5 167.8 159.2 154.7 129.0 102.9 88.0 74.2 337.4 262.5 308.5 271.2 272.7 262.3 264.6 209.8 176.4 167.3 188.3 220.7 334.5 245.7 205.6 181.6 196.7 181.1 165.5 192.0 211.4 223.4 265.2 219.9 267.6 268.0 254.6 240.2 125.0 182.1 176.6 175.8 182.0 173.6 176.7 191.1 193.0 304.3 331.9 180.8 144.4 163.5 207.6 238.5 280.7 218.3 242.4 183.2 164.0 158.8 324.6 298.2 228.7 239.7 212.3 182.7 197.5 248.3 175.4 184.8 184.8 277.3 316.3 329.4 309.9 188.1 149.9 156.4 254.6 309.5 281.9 0.0 89.9 56.4 51.1 355.5 16.6 338.2 134.2 141.2 249.3 235.1 313.1 304.7 0.0 348.8 68.4 71.8 37.4 31.4 183.51770833333333 86.9651714435573
END
#################################################################
SECTION3 (Edges Information)
EndPoint0 EndPoint1 Weight
0 1 1.000000
1 2 1.000000
2 3 1.000000
3 4 1.000000
3 5 1.000000
4 5 1.000000
4 6 1.000000
5 6 1.000000
5 7 1.000000
6 7 1.000000
7 8 1.000000
7 9 1.000000
8 9 1.000000
END
#################################################################
SECTION4 (TrueSubGraph Information)
EndPoint0 EndPoint1 Weight
END
#################################################################
