#################################################################
#APDM Input Graph, this input graph includes 3 sections:
#section1 : general information
#section2 : nodes
#section3 : edges
#section4 : trueSubGraph (Optional)
#
#if nodes haven't information set weight to null
#################################################################
SECTION1 (General Information)
numNodes = 10
numEdges = 65
usedAlgorithm = NULL
dataSource = TransWeatherRealData
END
#################################################################
SECTION2 (Nodes Information)
NodeID windDir  mean  std 
0 175.3 174.7 174.5 179.5 180.4 185.1 188.0 187.7 185.7 179.7 169.7 165.4 163.3 165.2 167.9 171.3 174.6 179.5 183.8 180.8 175.7 174.2 173.2 179.5 183.3 179.1 178.2 177.6 177.1 179.1 177.7 176.9 179.8 180.7 176.1 176.0 178.1 174.1 177.8 181.9 181.4 180.4 178.0 177.4 173.4 171.8 171.6 173.7 176.6 175.9 176.3 174.4 175.3 173.6 173.3 178.2 178.1 177.5 177.9 175.9 175.7 174.0 172.1 173.0 173.1 168.6 172.5 177.1 175.6 170.3 165.0 167.8 172.2 170.2 166.9 167.1 165.1 167.0 165.1 160.3 156.3 159.4 169.1 170.2 167.1 169.2 174.3 172.8 169.4 170.6 167.6 162.1 164.8 169.6 173.2 168.4 165.4 166.5 166.2 173.9 169.0 166.8 168.2 172.5 169.4 168.5 170.6 169.0 170.0 168.1 161.8 160.7 161.0 175.6 157.4 145.6 139.0 152.2 146.7 146.1 125.1 124.4 128.1 133.8 140.2 138.8 144.9 143.3 138.7 141.5 139.0 149.8 151.9 155.3 159.6 163.8 149.4 144.5 154.0 150.3 159.6 160.7 165.3 166.2 153.1 140.7 225.3 151.9 144.8 169.0 160.2 138.1 167.6 167.5 135.3 153.2 163.4 157.6 162.6 169.2 136.0 126.9 119.4 128.1 133.6 126.7 124.5 125.8 133.8 125.2 129.3 125.9 120.9 129.7 132.7 126.1 124.1 128.0 129.2 133.3 135.4 146.4 146.9 136.7 122.5 118.2 120.8 127.4 131.9 126.2 130.4 143.8 145.2 132.4 142.3 140.7 136.1 141.4 136.8 135.4 139.5 139.4 141.6 140.2 132.9 136.1 135.8 134.6 133.9 131.8 127.9 129.9 128.3 131.2 123.2 122.1 117.4 125.4 125.2 127.5 138.2 138.5 136.7 129.9 129.0 129.5 130.3 140.5 138.1 146.6 155.6 235.5 244.1 251.6 254.4 254.0 246.7 243.8 244.5 243.0 246.0 250.2 252.7 246.3 239.1 231.4 228.9 232.9 233.7 235.8 242.2 244.0 248.7 260.8 267.7 257.8 245.9 252.1 254.6 257.7 233.7 252.2 244.4 248.7 249.5 249.3 243.2 231.4 228.0 232.3 226.5 228.5 224.5 227.8 231.6 221.1 217.0 217.5 219.4 224.6 232.4 230.0 230.2 234.1 235.6 235.7 242.5 244.9 172.79583333333335 38.37894925143989
1 296.9 344.4 64.5 89.4 156.0 137.6 161.4 137.1 107.5 163.1 191.7 185.5 164.7 147.1 159.4 159.5 152.0 138.8 124.6 125.9 133.8 123.7 111.3 113.7 151.2 309.5 21.4 4.1 85.6 86.7 48.0 40.8 25.9 351.1 27.5 58.7 86.9 109.1 78.9 77.0 84.2 81.5 122.5 79.3 107.7 118.5 116.3 120.1 110.7 101.5 115.3 139.7 150.8 121.0 127.1 131.5 129.4 137.6 143.0 132.5 135.5 142.5 137.7 135.1 135.0 143.3 147.8 146.2 145.3 140.4 137.3 137.9 132.7 133.2 133.0 136.1 141.0 145.3 155.2 155.2 137.8 147.7 152.0 145.9 149.8 143.6 137.1 142.8 146.5 145.1 148.1 153.0 152.6 150.7 149.7 148.4 151.9 157.3 153.3 157.3 156.8 148.9 149.8 153.8 146.2 152.8 153.4 153.3 156.0 155.3 156.3 150.3 150.0 154.4 159.2 155.4 161.0 161.4 163.6 165.1 161.8 161.0 152.9 147.0 148.8 150.2 150.9 148.0 151.4 148.8 148.5 157.4 155.8 155.9 153.4 150.1 165.7 166.8 167.0 172.2 188.2 184.1 194.8 179.9 176.6 180.4 174.8 165.1 165.9 170.5 175.9 170.9 164.0 162.2 178.6 167.9 151.8 150.6 144.2 143.0 154.5 174.7 168.9 169.3 171.9 169.4 168.7 165.9 155.5 171.1 168.4 165.4 164.6 165.0 152.6 149.2 150.6 149.0 151.2 151.8 149.2 150.3 158.8 176.9 169.5 167.2 174.9 175.6 168.5 175.3 176.6 170.3 170.1 168.9 159.5 162.8 157.1 160.7 172.0 170.4 169.5 165.3 170.6 167.4 166.0 167.9 164.9 167.9 166.4 165.7 167.2 170.0 168.4 174.3 175.1 175.4 171.4 173.9 170.6 181.2 172.3 172.2 175.6 171.7 172.6 174.5 169.7 176.8 178.4 172.0 168.8 172.9 176.0 173.1 171.3 182.5 182.5 172.4 176.5 179.0 177.8 178.6 177.8 181.1 181.5 169.2 174.5 174.9 187.4 188.4 187.1 187.0 183.2 184.3 181.8 193.2 181.4 186.3 193.7 191.3 184.4 179.7 182.3 189.5 192.5 210.0 226.5 231.2 224.1 221.6 318.4 311.4 297.8 310.5 311.2 293.3 298.0 285.7 280.6 286.9 271.6 287.8 275.1 261.8 270.6 277.5 280.1 272.6 164.47881944444444 49.089750727376845
2 165.2 154.7 144.6 140.3 144.4 142.4 146.1 153.6 158.1 155.8 158.3 159.1 164.0 164.6 165.4 165.9 163.3 167.0 168.0 172.0 170.9 165.9 164.9 164.6 166.9 167.7 164.2 164.9 165.2 163.8 165.1 164.7 164.8 164.9 163.6 163.4 165.6 163.8 157.5 162.2 157.1 157.7 161.0 163.3 170.8 169.3 167.3 163.8 159.4 162.6 162.8 158.4 159.0 163.6 161.0 158.8 161.3 162.3 161.0 160.0 156.9 158.9 156.9 160.7 160.7 157.7 158.9 155.4 157.2 157.7 160.3 159.6 159.9 162.2 160.1 162.4 165.5 161.1 159.4 161.2 158.5 157.2 158.7 158.3 158.9 161.1 161.2 156.0 157.9 156.6 156.8 153.4 157.6 157.3 155.2 156.7 154.1 154.1 154.4 154.5 159.2 156.9 155.2 159.3 161.8 155.8 157.6 161.7 162.6 160.4 162.1 165.6 165.1 165.0 157.4 158.2 155.0 158.8 160.1 160.1 162.2 158.3 157.0 159.8 152.3 151.3 157.2 154.4 151.1 153.4 150.8 152.3 165.7 158.7 158.6 166.2 147.0 148.7 149.1 144.2 146.1 146.4 145.2 146.1 148.1 144.3 145.2 148.4 150.2 144.0 144.9 151.8 144.1 147.3 147.4 146.0 149.5 140.8 141.4 135.7 139.1 139.7 137.7 135.9 141.9 140.9 144.8 140.9 142.2 137.6 144.0 152.2 149.8 148.8 155.8 144.3 146.3 150.5 149.1 145.4 143.7 150.8 142.9 142.0 140.9 138.5 146.2 145.9 152.7 150.4 153.9 147.7 152.0 143.1 140.8 142.5 146.1 144.5 153.3 152.9 150.3 145.7 139.8 134.0 139.7 149.0 148.8 142.8 151.3 138.5 138.7 147.8 160.7 161.4 153.8 167.8 171.4 179.1 184.1 194.6 210.8 204.7 195.8 202.8 191.8 191.7 193.7 191.5 176.9 174.7 181.9 176.7 177.7 178.2 173.0 174.7 179.8 173.2 172.5 174.1 173.0 173.8 176.1 172.3 180.1 179.1 176.9 177.1 177.5 181.0 171.8 174.3 171.9 170.7 168.5 172.0 174.4 171.0 162.9 165.3 159.9 151.6 141.2 155.3 172.2 158.8 167.1 168.9 163.1 158.9 162.7 190.5 209.4 206.3 210.3 228.6 248.8 260.8 272.5 282.6 289.9 298.8 300.3 301.0 293.7 295.8 290.4 297.7 165.09791666666666 29.104377746431354
3 102.5 97.4 110.2 115.8 120.7 116.1 111.5 100.5 95.0 101.6 106.0 100.6 102.3 99.0 89.8 102.3 119.2 106.8 110.2 121.4 105.8 107.6 131.8 0.0 0.0 213.6 221.4 105.7 144.2 130.3 109.7 102.1 109.2 100.0 100.0 93.3 90.9 101.6 105.2 94.0 74.9 83.1 95.5 83.2 85.4 77.7 82.9 79.1 48.8 352.4 339.4 321.3 333.3 6.7 69.2 49.2 32.5 75.4 94.8 96.5 70.8 57.7 67.0 62.0 85.4 88.1 96.2 97.0 92.5 94.6 98.5 113.0 114.3 118.2 119.7 123.3 109.6 111.5 115.7 109.0 93.8 85.6 104.8 116.4 101.2 83.5 63.9 74.2 71.5 75.6 88.5 78.0 120.2 129.4 131.8 146.9 157.1 152.6 139.4 136.3 152.7 163.5 158.4 150.6 137.5 127.2 140.3 125.3 146.9 139.6 132.8 128.2 159.1 172.1 153.5 150.9 160.7 148.9 144.9 145.6 137.9 137.1 155.1 136.9 152.8 136.9 145.8 137.7 138.1 159.8 138.0 169.9 166.1 172.7 164.7 162.8 153.0 173.2 149.3 166.7 164.2 144.9 158.1 152.7 150.9 162.3 165.5 147.7 147.2 132.0 153.8 155.6 155.2 147.1 150.0 148.9 157.4 138.3 154.0 162.7 174.1 127.1 185.0 181.7 184.4 170.6 157.1 149.3 177.6 154.3 159.3 145.7 155.4 154.8 175.4 163.3 121.9 125.5 133.1 141.3 130.3 126.1 125.8 122.5 121.1 147.0 147.2 140.0 155.8 147.4 154.4 132.1 141.9 145.7 140.2 131.5 161.6 150.5 142.6 137.5 136.1 143.6 140.2 141.3 147.8 164.3 152.2 158.1 151.3 151.3 136.5 146.5 146.3 154.1 156.4 147.8 142.2 153.2 145.5 150.6 131.7 151.4 156.3 154.0 162.9 163.9 156.6 152.7 155.2 153.3 157.8 150.5 137.5 140.7 143.5 157.5 158.4 155.1 156.5 171.2 167.2 162.8 171.2 172.2 174.8 175.2 179.7 179.3 169.2 178.1 173.6 165.7 168.5 174.5 171.6 168.8 166.1 169.1 163.4 162.4 170.3 171.1 174.0 182.8 172.9 172.0 175.8 178.8 177.0 183.5 185.3 188.0 185.7 173.5 179.9 186.1 206.9 207.0 191.7 192.3 195.3 184.8 186.1 197.1 247.5 271.7 282.7 281.8 141.66041666666666 45.46927778319594
4 102.9 96.9 98.2 101.0 95.8 93.1 93.8 99.5 98.2 95.7 93.6 95.0 91.2 101.6 101.7 100.6 90.2 110.1 99.9 104.1 97.2 103.4 112.3 105.4 99.5 94.2 97.1 105.8 110.9 103.8 107.0 112.5 108.8 107.2 100.9 104.6 108.2 107.7 110.7 114.4 113.4 111.7 106.6 107.4 106.1 110.4 106.7 101.0 98.8 100.3 105.3 110.2 120.7 111.5 109.6 120.2 112.2 105.0 107.3 107.6 109.6 106.6 108.1 107.9 106.6 109.3 108.6 109.9 108.6 108.0 109.2 106.9 107.9 108.8 109.4 113.7 106.1 110.8 108.3 105.9 107.1 114.7 110.9 111.2 107.4 111.0 112.3 114.6 113.3 110.5 109.8 115.8 110.2 116.8 117.6 115.9 117.2 124.9 114.3 123.5 123.9 124.0 129.7 126.8 117.8 123.5 132.8 130.7 120.5 141.4 128.4 126.5 128.2 139.6 143.3 131.7 140.9 126.4 147.1 131.6 119.1 125.3 119.2 115.0 122.9 113.3 119.7 124.3 126.8 115.5 130.5 132.7 149.4 121.7 122.5 148.6 130.7 132.3 138.5 130.7 129.3 146.6 126.4 121.6 131.2 129.1 127.1 129.8 135.6 125.9 140.8 122.1 143.8 130.3 125.5 126.0 141.8 144.4 126.6 126.7 134.5 136.7 135.6 135.3 133.5 121.2 125.5 118.4 112.8 128.4 133.5 145.1 123.7 127.5 125.0 125.9 128.9 129.0 126.1 116.2 129.4 115.4 134.0 128.7 117.6 124.8 125.8 138.1 122.6 122.2 118.8 122.2 132.0 129.7 117.6 121.1 126.0 122.8 131.1 139.4 142.3 139.1 131.9 129.6 132.7 125.9 129.1 133.6 137.2 133.7 126.4 138.2 136.3 133.3 133.1 134.3 137.5 128.3 131.4 132.5 131.5 121.3 130.0 120.6 124.3 132.3 125.6 132.8 129.6 125.8 126.6 132.3 132.5 133.8 136.1 132.5 129.4 130.9 130.9 127.7 126.5 126.6 127.1 133.6 138.2 136.5 136.5 134.4 134.5 140.4 150.1 157.0 155.1 150.1 140.4 144.4 149.9 144.5 139.1 135.2 139.6 131.2 137.4 142.4 142.3 142.4 142.5 149.1 130.7 144.4 154.0 154.9 155.0 146.5 161.0 134.7 118.5 121.1 124.2 113.2 108.7 133.7 138.7 136.5 130.8 120.2 181.4 316.0 123.84097222222222 18.77500715912007
5 96.6 96.6 96.2 100.2 109.9 113.1 110.9 109.3 105.4 107.4 103.0 99.4 100.1 97.0 99.7 101.6 103.6 111.5 103.6 101.9 98.4 97.2 101.0 95.9 98.0 95.4 97.3 102.1 95.2 97.8 98.1 99.6 97.6 97.4 97.5 98.4 117.9 90.2 92.9 88.4 95.4 96.1 93.4 94.5 93.7 93.8 97.3 96.5 103.2 91.2 88.4 94.3 95.0 96.9 95.2 97.0 98.3 99.0 101.5 98.9 94.9 96.7 92.8 95.0 95.9 97.9 93.9 97.1 98.0 99.0 98.9 99.4 100.6 97.4 97.1 98.2 99.1 96.5 99.0 98.8 97.3 99.2 101.5 104.5 103.7 95.3 101.0 110.5 107.0 106.9 101.5 101.4 101.5 102.6 104.4 103.3 112.9 113.3 116.6 108.9 113.2 130.2 141.6 143.7 147.3 153.8 147.4 138.1 136.9 133.6 136.3 136.8 145.2 144.8 149.9 161.9 153.7 153.4 157.7 159.2 155.4 168.5 160.9 163.7 151.3 159.1 169.9 155.6 139.1 142.8 143.8 143.8 133.8 135.5 126.5 151.2 152.1 145.0 143.6 138.1 133.1 147.3 136.0 135.9 170.7 153.9 126.5 161.0 169.7 164.7 165.6 147.6 179.5 149.0 148.7 159.9 160.4 143.8 148.1 145.7 139.7 141.9 135.0 155.4 134.9 109.9 94.0 93.9 87.9 95.5 84.3 89.1 84.0 89.0 88.2 87.2 90.4 95.5 91.1 91.9 95.8 91.9 85.2 88.7 85.2 76.9 85.9 82.5 83.7 97.3 87.5 94.4 81.1 86.0 86.7 88.8 99.0 91.4 104.2 98.7 98.6 96.8 97.6 100.0 105.1 95.4 92.6 101.7 103.2 102.8 101.0 100.1 98.8 94.3 97.5 108.3 112.0 115.6 111.3 99.7 93.2 100.0 107.0 98.9 105.2 107.3 106.9 109.6 94.5 99.8 119.4 109.0 120.9 116.4 113.4 99.7 97.5 95.7 92.2 88.7 91.5 90.0 90.6 89.4 85.8 87.8 100.5 88.3 79.6 74.7 77.8 76.9 76.5 73.3 79.1 79.6 73.0 68.2 70.0 67.4 83.1 96.0 104.3 112.7 116.1 114.6 103.3 103.3 89.1 100.0 116.3 110.8 123.4 113.5 115.6 115.6 116.8 124.9 116.3 115.2 107.5 122.5 115.8 104.5 142.3 137.6 157.6 150.2 110.13958333333333 23.86498526664124
6 123.8 135.5 128.9 148.7 136.5 161.9 149.7 136.5 136.1 122.6 127.8 129.8 156.1 133.5 149.2 142.8 131.3 142.7 124.4 110.5 111.6 119.5 115.2 112.1 124.2 124.8 129.8 121.2 120.5 134.6 130.9 111.3 108.4 105.2 105.8 105.5 107.9 108.8 112.4 111.5 105.8 110.7 111.7 116.0 110.5 106.4 116.1 117.5 129.2 120.3 115.0 119.8 121.4 123.2 125.6 121.2 124.1 122.9 118.6 129.7 120.3 125.9 127.4 120.6 122.4 139.9 128.1 132.4 135.4 130.9 150.2 149.2 142.6 155.5 159.6 146.7 153.1 154.0 149.8 154.7 159.1 165.0 163.9 155.2 166.8 158.6 145.8 141.6 158.8 146.1 136.8 136.0 126.6 143.8 146.9 138.7 142.9 155.8 131.5 147.6 141.4 141.1 140.7 135.5 145.9 122.9 130.1 129.6 113.5 116.8 161.3 128.1 123.7 119.8 128.3 116.7 124.9 133.1 124.0 138.8 127.4 172.2 173.7 172.5 155.4 175.8 156.7 167.6 149.9 160.5 127.0 122.8 117.1 107.7 147.5 128.9 175.7 152.6 180.5 186.7 149.5 171.3 175.3 173.7 175.2 172.0 171.8 169.7 139.9 116.6 124.9 124.8 112.4 121.3 110.7 173.0 172.3 139.3 168.1 150.4 208.8 178.8 181.6 170.1 177.2 175.9 174.4 180.4 155.0 118.6 121.2 108.6 145.8 106.4 121.6 131.4 125.9 128.7 117.4 126.6 121.7 111.5 101.2 133.0 120.3 109.2 128.3 113.7 126.0 133.2 134.9 113.7 115.1 121.2 121.4 114.3 130.4 132.4 137.0 159.8 137.1 132.8 107.1 116.9 118.6 111.0 108.6 112.8 119.9 118.3 125.1 118.3 114.1 111.0 110.2 138.7 153.8 132.0 155.4 127.4 123.7 128.0 119.6 121.9 123.1 114.3 133.9 122.8 119.5 107.8 117.8 131.3 129.0 110.4 118.5 112.5 108.2 112.5 104.4 106.3 118.2 111.4 106.0 108.7 109.5 109.2 112.1 109.9 117.2 123.5 116.2 128.7 122.7 137.0 115.1 139.4 133.2 145.2 132.0 113.9 138.9 107.2 107.8 106.9 114.8 110.9 120.3 116.7 113.9 128.7 127.4 124.3 121.5 118.5 118.3 112.6 128.5 131.3 137.8 113.6 125.2 116.6 113.2 120.8 120.4 133.8 130.5 118.5 131.678125 20.10509427941885
7 84.8 126.7 89.1 57.4 55.7 92.3 89.2 66.5 242.1 135.4 103.9 93.5 93.6 94.6 86.2 88.4 93.2 102.8 93.9 98.4 104.8 108.5 115.9 96.0 92.9 111.4 111.2 129.3 125.6 109.8 104.0 106.3 117.5 114.3 109.7 104.1 107.4 123.6 145.6 117.6 109.3 109.1 92.0 83.4 90.6 152.3 130.3 114.7 106.2 98.0 93.9 106.2 99.2 101.4 100.3 100.9 101.4 100.4 100.7 104.6 107.7 95.8 89.8 93.2 95.9 102.5 110.6 120.8 100.3 78.9 69.1 82.8 96.4 97.5 71.9 66.0 86.3 100.7 79.1 82.9 97.8 144.6 100.8 52.3 51.5 79.5 91.9 90.3 91.5 80.8 106.3 91.3 70.8 73.2 93.4 77.7 66.1 67.1 71.7 69.2 59.0 61.3 61.5 58.7 56.5 73.9 148.0 193.5 161.6 149.7 118.9 136.4 127.7 100.3 120.2 130.2 135.4 101.8 137.0 154.6 128.6 114.7 125.8 138.2 126.1 126.5 97.0 100.2 108.3 136.9 144.1 129.9 112.5 116.9 109.2 110.0 97.5 111.0 127.5 128.4 122.3 108.2 114.5 85.2 102.4 99.8 77.8 65.5 52.2 61.4 59.9 58.8 71.1 72.0 74.5 67.6 57.5 57.6 56.3 65.9 61.9 55.6 57.1 56.2 53.6 58.7 59.0 52.7 57.4 43.7 42.4 40.9 44.5 39.5 35.4 41.8 52.3 43.0 49.2 46.4 42.9 42.9 56.0 41.7 39.2 41.5 52.7 53.4 52.3 45.8 57.9 65.2 82.6 80.8 98.6 89.8 99.6 103.0 93.0 109.6 102.2 117.1 110.2 116.7 103.6 118.3 111.4 126.8 127.8 108.2 108.7 113.6 110.0 111.4 118.3 127.4 122.2 121.8 111.3 110.9 109.0 123.9 122.4 118.9 114.9 109.0 108.6 112.2 107.8 99.8 110.4 103.1 107.4 103.6 101.8 103.7 101.2 107.2 117.7 117.7 113.3 114.2 121.4 124.1 128.1 128.9 130.4 124.4 119.9 114.2 109.3 106.8 112.3 119.1 113.8 111.4 112.3 113.6 113.7 107.0 105.0 107.3 104.5 100.1 100.1 103.0 98.3 95.1 95.0 86.1 89.3 91.7 88.8 91.7 86.3 91.1 78.4 102.3 100.7 102.0 115.4 86.0 69.6 72.0 66.8 59.9 76.9 87.1 96.4125 28.154351505776166
8 22.5 299.0 355.2 330.5 337.8 3.6 350.3 287.8 287.7 348.6 71.8 78.1 37.3 35.3 354.9 350.7 39.3 49.1 51.2 20.7 4.2 49.0 52.5 342.8 45.7 41.5 11.3 4.1 11.2 344.0 323.8 205.3 344.3 25.5 213.4 231.0 265.4 333.0 300.0 307.0 8.7 349.9 151.9 15.1 0.7 327.7 211.7 225.6 212.5 52.8 42.4 20.2 19.1 62.0 65.4 40.9 35.1 19.1 24.6 21.5 45.7 56.4 22.7 45.7 6.4 294.6 323.3 202.8 273.2 227.0 196.4 0.0 0.0 0.0 0.0 253.8 269.0 250.6 251.5 0.0 185.7 190.2 196.0 231.8 291.4 337.4 350.8 133.2 156.3 285.2 285.1 20.4 353.0 341.8 244.6 149.1 174.9 175.0 141.0 99.9 152.6 161.2 146.5 168.2 153.3 179.7 151.1 176.2 137.4 126.1 122.3 148.5 169.5 115.6 127.8 131.4 167.8 133.2 94.1 70.0 56.3 51.2 36.7 9.0 38.5 58.3 45.1 52.7 36.1 55.6 55.9 49.3 58.8 59.9 53.3 52.1 57.3 59.9 55.1 51.9 46.3 36.0 59.1 47.4 55.1 52.2 60.2 63.9 62.4 61.2 63.9 64.2 65.9 66.4 64.5 53.6 56.1 54.7 49.1 59.5 55.0 54.3 51.6 53.9 49.9 46.3 41.1 45.6 48.8 47.0 47.0 41.4 36.5 40.7 40.2 44.6 46.0 49.0 43.2 50.2 44.2 48.3 45.1 51.6 55.5 46.7 53.6 53.9 55.2 59.2 59.9 56.6 55.8 48.3 44.1 67.0 67.4 77.1 71.7 74.9 72.7 66.5 77.1 65.1 68.8 71.5 69.7 64.9 55.3 66.2 57.4 65.2 59.0 59.5 57.9 47.8 61.8 58.8 55.5 51.6 57.7 61.6 62.6 68.9 51.9 62.8 57.3 58.0 42.6 84.1 172.4 21.0 147.5 160.1 124.9 133.4 125.7 145.0 132.9 141.7 149.1 143.9 172.2 140.9 175.6 160.5 148.4 165.5 144.6 108.8 112.2 98.1 171.6 182.3 184.8 163.2 156.8 138.7 72.4 140.9 207.6 253.0 163.2 170.6 167.1 165.8 177.5 257.9 202.2 179.2 177.4 191.3 208.2 61.0 4.5 72.8 98.2 276.5 248.5 219.9 222.9 226.7 311.3 150.2 176.1 150.2 84.1 6.0 118.38749999999999 95.60328772429001
9 299.4 303.8 281.6 339.1 111.5 272.9 298.3 300.9 283.6 301.3 314.6 335.7 350.5 53.7 54.1 47.7 72.4 106.8 70.6 322.3 281.0 147.4 172.1 182.4 187.4 178.7 234.4 98.0 249.9 242.7 185.4 152.9 173.5 255.8 251.2 185.5 156.5 136.0 151.7 225.9 210.0 177.3 158.0 144.0 324.2 35.2 173.2 229.0 0.0 0.0 174.2 171.2 135.1 0.0 262.8 249.4 192.7 162.9 215.0 203.9 235.3 233.3 62.7 0.0 0.0 0.0 34.3 67.0 112.0 103.5 71.0 19.5 344.6 329.6 240.9 235.7 164.3 69.1 63.0 53.0 61.6 43.0 41.2 25.2 337.2 310.6 310.0 317.1 345.0 350.6 7.4 32.6 310.6 315.3 307.6 308.1 276.6 268.7 241.3 263.0 196.0 166.6 154.7 145.8 120.0 123.2 134.1 136.9 123.5 119.1 148.7 164.3 172.0 160.6 185.8 155.0 140.5 196.1 175.3 158.6 160.1 197.1 226.2 204.9 196.1 211.4 210.0 216.0 218.5 203.6 200.7 227.5 211.2 170.8 181.2 222.8 166.6 167.2 163.5 185.7 185.0 185.3 192.5 175.4 167.1 179.3 200.7 185.7 182.1 187.7 187.7 207.6 204.3 190.2 202.0 192.6 192.1 206.6 197.0 200.4 204.5 193.3 172.2 201.6 162.4 160.2 165.2 159.5 174.5 187.3 191.3 192.1 179.2 144.3 155.4 164.0 156.0 147.8 180.9 160.1 152.4 151.3 157.5 145.1 139.5 138.6 142.0 140.0 157.2 156.6 144.3 125.5 144.1 141.6 144.6 145.7 136.1 126.1 138.0 128.5 145.1 145.5 171.4 173.0 160.9 166.0 172.2 137.8 145.8 161.8 159.8 164.7 164.5 173.3 166.7 173.3 178.7 178.0 165.9 185.9 172.3 182.6 165.9 148.9 147.6 140.6 134.0 133.4 147.4 155.6 144.0 152.7 147.0 151.5 148.7 150.3 152.6 152.3 153.1 161.2 146.6 139.7 154.5 143.1 146.4 146.6 149.0 141.6 143.7 156.4 176.5 194.1 215.7 189.6 155.4 151.4 169.9 168.2 159.6 165.2 154.7 142.2 168.2 141.0 154.6 137.9 145.4 158.4 187.1 175.9 163.2 173.5 175.9 163.5 168.9 175.1 180.6 162.4 170.3 179.4 177.6 168.6 170.1 163.5 168.8 182.7 187.0 194.8 173.19791666666666 66.86581025464695
END
#################################################################
SECTION3 (Edges Information)
EndPoint0 EndPoint1 Weight
0 1 1.000000
1 2 1.000000
2 3 1.000000
3 4 1.000000
3 5 1.000000
4 5 1.000000
4 6 1.000000
5 6 1.000000
5 7 1.000000
6 7 1.000000
7 8 1.000000
7 9 1.000000
8 9 1.000000
0 1 1.000000
1 2 1.000000
2 3 1.000000
3 4 1.000000
3 5 1.000000
4 5 1.000000
4 6 1.000000
5 6 1.000000
5 7 1.000000
6 7 1.000000
7 8 1.000000
7 9 1.000000
8 9 1.000000
0 1 1.000000
1 2 1.000000
2 3 1.000000
3 4 1.000000
3 5 1.000000
4 5 1.000000
4 6 1.000000
5 6 1.000000
5 7 1.000000
6 7 1.000000
7 8 1.000000
7 9 1.000000
8 9 1.000000
0 1 1.000000
1 2 1.000000
2 3 1.000000
3 4 1.000000
3 5 1.000000
4 5 1.000000
4 6 1.000000
5 6 1.000000
5 7 1.000000
6 7 1.000000
7 8 1.000000
7 9 1.000000
8 9 1.000000
0 1 1.000000
1 2 1.000000
2 3 1.000000
3 4 1.000000
3 5 1.000000
4 5 1.000000
4 6 1.000000
5 6 1.000000
5 7 1.000000
6 7 1.000000
7 8 1.000000
7 9 1.000000
8 9 1.000000
END
#################################################################
SECTION4 (TrueSubGraph Information)
EndPoint0 EndPoint1 Weight
END
#################################################################
