#################################################################
#APDM Input Graph, this input graph includes 3 sections:
#section1 : general information
#section2 : nodes
#section3 : edges
#section4 : trueSubGraph (Optional)
#
#if nodes haven't information set weight to null
#################################################################
SECTION1 (General Information)
numNodes = 10
numEdges = 65
usedAlgorithm = NULL
dataSource = TransWeatherRealData
END
#################################################################
SECTION2 (Nodes Information)
NodeID windDir  mean  std 
0 109.3 108.3 107.8 105.6 108.9 105.3 104.0 110.5 112.1 115.0 121.7 127.6 132.5 141.4 149.1 153.7 150.5 157.4 161.0 147.4 174.2 193.9 177.6 137.3 143.6 135.2 113.8 110.7 98.9 87.7 85.2 86.2 79.5 61.0 56.5 62.9 68.5 81.3 95.0 112.6 104.5 99.8 99.3 102.6 97.6 103.5 103.6 102.4 98.5 105.5 110.9 107.2 105.6 101.7 101.1 96.8 100.8 98.5 93.8 97.0 102.3 108.4 109.6 108.6 108.8 103.5 102.3 102.3 99.0 98.0 99.3 98.0 100.8 101.6 101.1 102.7 99.2 103.2 104.4 104.1 102.6 99.3 102.8 105.8 100.8 99.4 98.1 94.3 87.8 89.4 89.6 93.2 86.7 86.3 89.7 88.6 85.7 92.5 88.7 81.1 82.8 79.4 82.3 88.1 92.6 93.6 102.4 111.9 108.4 111.4 106.9 116.1 115.9 108.7 102.4 103.3 103.0 104.6 102.4 101.6 100.4 99.1 102.9 94.1 90.9 91.2 87.9 90.5 88.9 93.0 96.4 102.3 103.7 102.4 100.3 94.9 95.5 97.4 99.0 104.3 105.3 107.2 102.8 107.1 105.0 105.4 102.1 102.3 102.7 105.9 109.4 106.2 105.9 106.6 107.0 108.1 108.0 106.9 109.7 108.6 103.4 102.9 102.7 99.5 105.0 105.2 104.6 107.0 105.5 107.4 105.7 103.4 105.2 102.8 104.8 104.9 105.2 103.2 103.9 103.7 102.6 101.6 99.1 95.1 90.7 91.5 89.6 91.9 90.5 91.3 93.5 87.6 90.5 91.0 89.1 88.7 79.8 84.8 80.6 74.4 80.3 76.8 80.3 82.5 82.2 80.0 73.5 75.0 80.5 79.0 78.3 76.2 74.3 74.9 77.9 76.0 79.2 83.4 85.5 81.9 78.4 78.8 81.1 87.1 85.1 79.4 80.1 82.9 85.4 80.3 77.6 75.9 72.9 74.0 75.9 74.0 74.5 71.7 75.9 75.7 78.5 78.4 77.3 78.1 80.8 81.2 81.0 81.2 78.6 76.1 76.6 76.7 77.8 82.7 80.3 81.8 85.8 89.4 88.8 90.8 92.9 91.5 89.7 89.6 96.2 97.0 88.6 83.5 80.1 84.4 91.6 87.5 91.3 88.9 94.6 95.9 92.2 92.6 97.3 93.0 88.2 82.8 82.0 80.4 81.8 86.7 87.4 76.2 96.72291666666666 17.894371523749168
1 212.9 190.1 164.7 155.9 309.0 300.2 314.2 295.5 302.1 280.2 265.7 282.7 270.9 284.4 282.3 281.6 297.9 249.1 249.8 292.9 286.4 288.2 280.5 282.6 283.6 259.9 252.4 270.3 302.7 306.6 318.5 306.1 268.0 260.0 246.3 241.7 244.8 290.1 302.2 290.6 292.3 310.5 304.8 307.5 297.2 308.1 310.4 307.8 339.6 323.7 289.4 315.4 290.4 294.0 303.8 0.0 0.0 311.5 295.7 276.1 274.0 263.3 238.9 178.4 142.4 141.8 149.6 177.2 173.4 171.8 193.3 197.4 189.6 196.2 201.7 242.6 242.3 246.0 210.9 178.6 172.8 154.6 95.4 108.5 344.5 340.1 26.7 41.3 50.9 0.0 330.4 293.4 286.2 176.8 117.0 119.2 120.8 126.1 139.8 132.2 135.8 129.0 135.7 123.3 122.5 118.4 120.1 116.1 119.2 115.7 113.4 109.4 109.3 115.3 114.8 121.5 129.2 120.3 114.0 110.4 121.6 123.4 130.1 120.1 112.4 122.3 122.2 120.5 121.3 125.8 117.6 116.3 114.0 117.6 121.1 132.3 125.6 128.3 112.9 123.0 116.3 119.1 115.3 114.9 119.7 117.7 114.4 109.8 116.3 114.9 119.3 120.1 119.9 121.5 114.5 117.1 117.5 112.8 106.6 105.4 100.3 103.1 101.7 94.4 102.1 108.2 106.2 110.7 115.0 114.2 109.9 112.9 108.6 105.2 113.1 114.3 112.6 111.9 107.9 108.4 105.3 105.9 110.0 110.0 104.2 106.6 117.9 114.5 115.5 117.7 116.9 113.2 120.5 124.1 126.0 124.5 122.5 124.9 122.5 131.3 118.6 121.1 137.8 135.9 139.2 129.8 135.2 129.7 121.6 133.2 118.3 117.9 119.7 121.6 123.5 127.4 124.1 132.0 128.3 122.2 113.9 118.9 120.4 134.2 133.8 130.6 137.8 132.9 124.7 125.8 122.4 121.8 126.0 112.9 122.0 120.0 115.4 114.4 115.9 115.2 108.5 108.0 98.7 98.4 98.3 106.4 107.4 105.5 105.8 116.7 112.3 112.4 107.9 110.3 105.5 108.2 107.9 107.0 107.8 105.3 110.5 114.8 114.5 114.5 112.8 116.7 114.9 117.4 116.6 117.2 118.7 116.2 114.9 119.2 119.6 118.4 120.4 118.3 118.3 122.2 128.2 136.9 131.8 131.9 128.5 132.2 141.5 152.7 158.72118055555552 74.77347721464261
2 59.0 156.3 120.5 99.4 101.2 93.7 78.3 70.1 89.7 81.7 79.9 93.8 86.8 86.8 85.3 84.4 97.4 88.4 82.8 96.6 101.2 96.0 112.6 121.1 96.2 90.3 103.1 117.2 122.7 141.8 161.3 0.0 0.0 223.2 229.2 0.0 236.3 236.0 235.9 235.9 90.3 90.7 82.6 75.7 90.1 107.3 92.5 85.3 67.0 75.7 71.7 73.3 72.2 70.2 81.3 89.3 120.9 114.5 101.3 83.7 81.3 47.4 45.3 65.9 0.0 225.7 256.0 16.0 61.4 96.3 89.0 78.5 64.1 18.4 31.5 62.8 85.4 83.0 100.2 97.2 102.5 125.1 125.1 180.8 88.0 90.1 330.4 48.5 64.8 61.8 58.2 68.0 73.1 82.1 100.9 105.9 102.2 103.2 105.9 105.5 91.5 85.1 80.2 87.6 83.1 72.6 71.7 75.2 76.5 80.0 86.4 85.0 73.6 74.9 79.3 81.8 78.0 78.4 81.5 88.6 90.0 105.5 127.9 125.8 120.7 118.5 139.0 148.2 161.0 151.0 136.3 141.9 141.8 142.4 154.1 146.2 146.4 147.1 142.5 143.1 131.8 126.8 128.6 120.3 117.6 116.0 117.6 117.5 115.7 116.0 117.7 111.8 114.8 112.9 112.7 107.4 111.0 115.9 123.0 126.1 128.3 123.3 113.7 112.0 114.3 115.7 116.6 119.2 119.5 117.6 117.2 119.4 118.0 114.2 117.9 117.0 120.8 128.9 129.3 129.9 127.8 130.6 128.1 128.3 128.2 131.2 128.7 124.1 130.0 129.7 131.3 133.0 131.2 131.2 131.4 132.4 130.6 131.1 136.7 139.8 141.8 141.2 138.1 139.6 134.3 137.1 133.9 128.8 125.1 129.8 123.1 127.7 128.1 125.2 131.0 133.3 133.9 127.5 127.2 126.1 124.6 128.1 126.8 120.5 123.2 119.9 122.5 130.4 129.2 126.8 126.3 123.0 122.6 130.0 129.9 133.2 139.7 136.3 141.6 144.8 143.4 140.3 147.1 144.9 138.9 134.6 127.3 130.4 126.9 126.8 122.2 119.1 114.7 112.7 112.7 116.6 116.2 114.1 111.8 123.1 124.5 126.2 127.0 133.9 133.9 130.6 129.4 125.8 126.1 124.8 125.8 131.0 139.5 140.7 144.7 149.4 143.7 144.8 145.9 135.4 131.2 127.6 134.3 141.4 143.6 140.7 144.0 140.6 115.234375 37.81344126596473
3 130.4 133.5 103.3 107.9 70.8 105.4 99.0 118.4 115.0 95.3 130.7 146.2 129.3 105.6 119.8 114.1 88.2 108.5 119.4 92.5 82.3 105.3 79.4 108.0 118.0 121.1 111.6 107.3 113.5 116.8 116.6 106.4 105.9 97.9 106.5 109.6 111.5 117.7 113.5 86.5 118.4 112.1 105.8 99.3 83.8 67.5 84.6 107.3 125.1 121.3 113.7 95.9 91.8 79.7 75.5 73.2 78.2 81.2 96.8 85.0 98.2 93.4 90.7 83.5 95.1 88.7 87.2 91.5 95.7 87.5 87.8 84.5 80.7 82.1 89.1 88.7 85.1 90.7 82.2 76.9 85.0 86.7 84.1 82.2 76.1 75.9 72.3 81.9 92.6 94.1 88.6 88.6 78.4 75.3 74.8 82.9 82.2 81.6 77.0 79.6 77.7 80.0 79.6 84.7 78.3 75.7 81.4 84.4 88.1 81.7 84.7 84.0 79.3 72.0 60.3 63.8 58.9 65.1 75.9 79.6 69.2 69.3 75.4 71.1 67.0 70.9 63.0 66.3 52.1 56.2 54.0 59.5 58.8 70.2 60.4 61.7 66.2 66.9 68.2 59.4 50.2 55.8 62.7 88.2 96.5 84.3 94.1 87.2 113.6 134.9 121.6 117.4 119.7 112.5 105.3 98.1 94.7 99.3 91.1 101.7 97.8 97.4 99.9 94.5 96.5 97.1 95.6 92.1 97.5 100.0 100.6 98.4 101.7 105.6 97.2 101.0 103.7 104.1 102.3 103.3 105.3 93.4 97.2 95.0 96.4 96.8 95.1 99.3 92.6 95.0 94.8 96.5 93.1 89.9 94.6 90.3 87.3 94.0 91.8 95.0 91.5 93.9 92.5 89.4 94.1 96.0 90.8 85.5 86.0 92.5 87.4 88.8 88.3 86.0 77.1 81.7 85.8 85.4 78.7 75.9 73.9 75.6 73.4 78.3 76.4 76.8 71.4 73.0 74.5 75.1 70.3 79.8 74.8 71.3 73.7 71.9 67.4 72.5 72.8 77.1 81.1 79.1 78.9 75.8 72.9 74.4 73.3 73.3 65.8 70.0 63.2 65.2 72.3 73.2 72.9 76.0 70.4 71.6 77.6 76.1 67.5 68.0 77.0 79.6 67.4 74.3 80.6 73.5 72.9 67.8 69.4 86.1 77.9 81.4 63.2 69.1 63.7 75.7 81.4 67.2 68.5 71.0 66.1 71.3 72.0 77.5 82.8 88.5 86.96354166666667 16.915717202004412
4 66.0 117.2 95.2 110.7 78.1 78.7 83.3 88.1 85.1 75.1 163.3 105.6 113.0 96.7 72.9 74.2 69.1 75.6 70.6 89.3 84.6 84.3 77.0 82.2 83.8 97.0 106.9 119.4 131.8 122.8 109.1 88.1 77.7 84.9 86.0 84.7 78.4 76.9 79.0 77.9 81.5 79.8 79.7 85.3 89.9 85.7 86.2 82.2 80.4 79.4 80.9 85.1 90.1 94.6 86.9 85.9 81.8 78.9 83.1 83.0 83.6 79.3 82.3 73.3 74.9 75.9 74.7 80.0 88.9 93.9 107.0 115.6 120.0 116.5 114.5 109.9 97.8 92.0 95.5 99.3 91.7 90.3 95.2 95.3 94.3 105.1 115.8 114.0 96.7 98.4 101.2 108.5 103.5 110.4 117.7 107.6 104.8 116.7 125.1 117.4 108.9 108.1 105.9 109.8 95.1 93.6 94.5 92.8 99.2 95.5 101.1 98.5 100.4 99.3 102.7 95.1 97.5 94.3 97.9 101.6 103.7 109.4 107.1 110.3 124.6 122.7 117.3 100.3 104.7 103.5 111.9 106.8 106.1 105.0 99.6 99.8 101.9 99.4 105.5 97.0 93.4 95.0 97.6 110.0 106.9 98.7 109.7 102.8 105.9 118.6 105.4 112.1 114.4 103.8 112.4 104.3 110.7 116.9 113.3 106.1 109.4 115.5 111.4 126.2 130.3 138.7 137.5 157.7 132.9 125.1 112.2 117.1 114.2 100.1 113.9 119.6 122.4 149.5 138.4 117.2 110.0 107.6 101.0 89.4 97.8 110.2 99.4 97.6 113.3 118.8 118.7 128.6 122.1 115.9 126.5 121.4 128.0 123.1 127.2 115.5 99.5 100.2 102.1 108.6 106.9 100.3 102.9 111.6 109.4 98.6 99.1 98.2 101.9 103.8 106.1 102.7 106.0 99.7 99.9 99.8 100.3 101.4 103.9 105.0 103.3 111.7 112.8 107.9 108.5 101.7 105.9 99.7 103.2 109.0 102.4 112.1 109.2 102.9 108.3 112.9 109.9 108.7 105.2 113.8 120.4 116.7 106.1 110.4 111.0 116.0 111.5 110.0 106.2 103.1 110.3 111.3 114.1 115.3 115.1 112.7 112.1 112.2 108.4 111.2 107.4 112.4 108.0 108.9 104.0 108.2 110.0 101.5 110.6 104.9 97.5 100.5 92.5 95.2 99.4 106.1 112.4 117.2 118.3 125.6 115.0 114.1 106.2 110.3 103.36944444444444 14.868148861286087
5 120.9 155.9 115.8 151.9 126.7 158.1 182.8 221.1 194.0 147.9 71.6 65.7 83.9 44.1 142.2 140.6 105.8 101.5 176.3 154.5 127.4 120.3 150.3 160.3 107.6 116.7 147.3 142.3 133.6 154.3 184.9 218.1 195.9 174.9 178.3 106.6 84.7 76.3 76.9 102.4 97.1 100.6 89.8 83.6 92.8 109.0 105.0 96.8 97.6 97.8 96.2 82.0 84.7 86.5 83.0 90.1 89.0 89.3 83.8 85.4 95.5 96.5 95.9 93.5 96.4 103.3 101.6 97.9 94.2 93.7 93.6 92.2 99.2 96.7 103.3 100.8 95.4 93.6 94.4 91.0 115.2 148.3 105.6 104.1 135.3 105.2 109.5 111.5 117.3 108.8 100.1 91.3 88.2 91.8 90.3 89.3 92.8 97.2 95.4 97.7 94.9 86.3 102.4 108.0 111.1 101.4 88.7 87.1 88.4 90.0 89.3 81.9 88.4 92.1 92.9 89.4 92.2 94.1 90.6 87.6 86.3 91.8 92.4 88.4 87.2 83.6 88.9 92.0 87.2 92.7 93.1 95.2 92.4 97.9 95.0 94.5 100.6 98.2 101.9 99.8 91.0 94.6 90.3 96.3 82.0 88.7 83.8 79.7 85.0 89.0 90.5 88.3 80.4 85.1 80.9 91.1 91.7 94.7 92.9 102.3 91.1 91.5 91.5 86.8 87.6 87.4 94.8 89.7 92.8 94.9 94.2 92.3 92.3 96.0 99.4 95.9 93.1 94.8 97.2 116.3 124.6 111.6 104.6 111.5 124.4 101.5 114.9 130.0 123.7 121.6 117.0 118.8 115.6 122.0 112.9 105.0 104.1 100.7 98.5 96.5 96.5 93.6 95.5 98.7 96.7 96.7 96.2 98.8 97.4 100.7 99.2 100.4 105.3 108.6 107.6 105.5 111.1 105.6 107.1 98.4 95.7 97.8 101.3 103.1 104.6 100.8 100.2 105.0 103.9 107.3 104.7 99.6 102.4 107.1 98.7 102.2 100.7 97.6 101.7 103.5 106.9 105.7 107.1 113.7 113.5 110.5 115.6 112.6 115.1 106.2 108.6 106.7 107.7 111.0 104.7 111.2 121.4 121.3 117.9 118.8 117.4 108.4 102.5 107.4 102.6 124.2 118.2 118.7 128.2 120.9 118.2 118.3 114.0 120.5 130.0 131.0 124.9 111.4 107.8 116.1 117.9 106.0 105.5 110.3 113.0 113.4 114.4 107.5 105.69375000000001 22.43487273884927
6 62.9 85.4 90.8 97.6 94.1 106.1 113.6 127.0 123.7 120.2 95.7 89.2 110.4 113.1 92.4 93.6 92.1 97.1 93.5 89.0 87.8 73.4 89.9 104.9 101.9 102.0 103.9 113.6 104.5 100.8 101.1 100.9 89.7 82.2 79.0 72.4 87.1 77.8 105.7 92.5 81.0 94.2 88.1 80.7 90.8 105.7 101.3 108.6 102.1 94.6 97.0 181.8 92.6 80.4 91.8 88.9 101.0 187.2 226.1 75.2 90.6 90.8 99.8 120.2 97.9 98.2 106.3 98.8 97.9 102.7 99.4 96.8 94.2 87.1 89.8 100.4 103.0 98.3 84.1 90.1 88.0 102.3 104.1 134.6 161.6 102.9 117.5 97.0 92.6 100.7 89.5 93.5 90.3 84.6 89.6 93.4 86.2 90.5 113.9 116.1 100.7 111.5 144.0 98.7 109.1 111.2 109.1 113.8 112.6 122.6 120.2 104.6 103.4 100.7 103.7 95.4 99.9 99.2 102.6 99.2 101.1 101.6 107.7 113.6 107.7 134.3 121.6 125.3 119.1 118.7 120.5 109.3 117.8 115.7 118.8 139.5 115.8 138.0 133.7 116.0 107.6 105.7 114.6 121.1 109.5 131.6 110.0 120.8 113.6 133.9 116.2 123.9 131.8 150.4 140.8 151.1 143.3 165.1 152.6 166.3 165.9 144.5 150.6 124.5 111.3 110.7 128.4 129.2 129.5 125.9 129.8 156.2 157.2 130.1 125.3 129.5 140.5 124.2 129.2 130.1 138.3 152.9 133.0 132.9 156.7 130.0 134.5 136.1 139.5 152.1 154.8 129.6 126.0 138.0 146.0 123.5 116.3 120.8 134.7 121.1 133.1 133.6 126.5 107.9 103.2 135.6 123.3 162.9 110.1 118.5 134.2 123.5 146.7 144.9 154.0 137.5 142.0 113.6 145.4 121.3 150.8 138.9 129.8 120.7 142.7 121.5 130.7 122.6 147.9 139.5 108.9 116.0 137.7 150.5 143.9 154.2 149.2 143.1 155.7 148.4 138.7 138.0 133.9 116.4 120.8 139.2 144.1 144.3 131.8 130.6 124.1 131.9 131.2 135.0 140.7 139.6 149.9 152.1 128.2 138.1 132.3 145.4 130.7 113.7 118.7 119.7 119.5 105.5 109.5 109.7 100.0 93.8 89.2 90.2 96.8 95.6 99.6 99.7 95.3 106.4 102.8 100.6 103.7 104.4 118.8 110.9 135.0 128.3 117.06666666666666 22.82458482588166
7 169.2 167.5 207.2 197.0 44.2 50.9 128.6 226.0 159.2 113.4 99.7 86.7 184.3 188.4 186.7 156.8 89.0 92.3 185.9 145.2 76.0 143.3 79.4 128.4 94.8 79.2 150.2 161.4 198.3 227.0 177.7 170.8 184.1 189.7 94.6 73.2 0.0 95.2 99.9 153.3 134.8 105.5 122.4 130.5 97.1 96.9 96.6 101.5 117.8 126.2 127.1 112.7 119.5 90.0 119.0 195.2 144.2 137.0 140.6 112.3 106.9 180.5 210.5 0.0 0.0 137.8 111.1 177.9 157.6 146.7 243.2 60.1 83.3 120.8 94.7 94.7 120.2 114.4 93.2 102.4 117.6 105.7 150.2 194.7 160.2 69.6 83.9 109.8 77.0 75.6 99.7 179.5 244.1 230.7 88.7 95.7 92.7 93.9 94.8 96.1 97.6 95.6 109.2 233.5 128.3 101.0 66.4 55.2 42.2 8.0 45.9 70.3 62.5 68.6 59.3 48.1 38.3 34.5 41.3 46.5 67.9 67.4 68.2 68.5 72.9 70.9 70.8 68.4 70.2 69.9 78.0 78.0 79.6 78.9 75.0 70.9 64.6 67.6 63.7 67.8 65.1 64.2 64.5 63.6 64.9 79.5 77.0 85.0 78.7 80.2 72.7 72.6 66.4 71.0 74.6 72.6 69.3 80.9 85.3 72.5 69.6 70.8 117.7 94.2 96.5 69.6 48.5 52.1 60.6 56.4 46.2 54.1 50.4 54.6 57.1 52.1 46.0 54.7 72.9 68.7 62.0 53.8 66.3 64.7 72.4 72.8 71.6 64.4 68.3 104.3 123.8 123.5 127.1 136.8 136.7 138.0 134.7 127.0 123.2 136.4 121.3 124.0 132.3 113.5 127.8 122.6 120.8 116.3 121.7 140.1 165.2 174.6 168.2 146.8 140.1 140.0 121.1 107.6 129.2 152.9 175.4 165.7 148.8 149.9 147.9 131.2 140.3 131.5 128.9 126.8 128.9 138.3 150.4 157.8 159.9 160.2 154.8 149.7 142.9 135.3 142.3 142.6 147.8 140.7 140.7 134.2 141.9 146.4 147.7 144.3 147.6 154.2 157.9 148.4 151.4 157.7 161.2 159.9 154.1 145.7 137.9 131.3 127.4 127.8 123.9 122.4 122.7 121.0 117.8 121.1 132.0 143.6 142.7 139.2 139.4 136.5 130.8 126.0 124.1 134.6 133.8 119.0 110.7 100.8 105.1 81.8 79.8 87.7 112.25277777777777 44.620113813357726
8 245.1 239.4 249.6 249.8 50.6 29.9 4.4 359.6 18.7 25.2 21.0 13.8 21.1 359.0 265.7 1.3 13.3 215.3 232.2 0.0 257.9 254.6 349.1 10.5 34.3 31.0 21.8 55.4 294.2 350.7 43.9 45.6 34.4 22.1 23.1 33.3 58.3 52.7 345.1 336.3 29.8 54.3 268.0 106.6 227.1 11.8 213.0 237.2 212.2 213.7 48.1 24.2 13.8 36.6 15.3 21.0 41.2 21.1 32.2 38.4 59.7 40.7 38.5 19.5 25.8 205.2 303.5 2.5 172.9 29.6 21.7 18.8 206.6 230.6 11.3 22.1 146.2 229.6 223.5 355.1 351.7 208.4 5.7 356.9 211.4 294.6 248.8 196.0 197.3 30.6 22.0 24.8 56.0 43.3 27.8 80.2 50.2 59.1 73.4 0.0 0.0 86.8 123.2 155.8 136.1 0.0 115.0 78.2 197.2 251.2 278.8 205.0 196.3 1.0 16.1 49.0 74.5 161.8 141.2 284.8 224.3 49.4 90.2 182.3 173.4 169.9 0.0 219.2 223.5 156.3 188.7 350.9 45.4 59.5 53.5 60.9 84.1 76.2 99.3 69.9 58.0 61.5 65.5 83.4 70.5 63.5 52.4 59.2 47.4 55.4 51.0 61.1 62.1 61.7 54.4 56.9 61.2 58.7 56.3 57.6 58.4 65.8 64.9 59.5 61.4 56.4 56.6 47.7 56.8 54.3 67.5 70.2 80.4 85.2 82.5 73.6 71.5 94.8 75.5 73.0 81.9 78.5 92.4 90.2 96.5 91.2 93.6 83.4 91.4 99.6 161.9 166.8 158.4 155.8 150.9 142.4 139.1 122.2 91.1 74.9 71.5 70.3 91.4 90.8 67.3 218.8 217.2 209.4 200.5 192.7 176.4 183.8 164.7 104.4 67.9 71.4 94.8 91.4 81.6 76.3 74.3 65.9 59.8 48.4 51.0 48.5 48.8 50.3 63.1 75.2 72.3 87.3 74.7 66.4 67.9 67.8 64.5 68.1 69.5 77.9 69.7 75.1 64.6 62.2 66.6 54.3 51.7 53.6 60.6 42.6 48.0 42.5 46.1 44.7 50.3 49.6 45.6 50.2 42.3 46.4 56.1 57.8 56.0 52.5 53.0 56.2 43.7 39.2 45.5 46.3 49.3 50.4 64.7 69.6 52.0 48.1 50.2 49.9 51.0 49.9 54.0 63.5 79.0 73.8 54.8 56.5 53.5 54.2 98.69131944444445 84.66264161988968
9 0.0 1.9 7.2 3.3 359.1 6.8 335.0 337.9 0.7 9.3 351.5 317.4 332.4 33.3 29.6 2.9 3.3 358.0 339.6 358.3 348.8 359.9 332.8 333.2 11.7 38.9 30.7 12.4 349.4 343.7 349.1 338.8 344.8 3.7 4.3 21.6 19.3 27.2 44.6 20.8 19.2 0.0 0.0 0.0 19.1 8.6 0.6 339.6 336.6 339.3 339.5 149.7 178.9 57.1 36.6 30.9 354.2 354.7 345.7 0.0 58.4 39.3 14.4 343.9 313.5 27.9 13.9 345.1 339.9 42.5 15.0 354.9 24.9 124.7 29.7 5.5 319.2 14.9 357.5 359.8 344.7 336.3 327.6 322.8 349.1 2.9 355.5 1.8 295.5 313.6 275.5 239.1 243.5 193.1 43.7 27.6 29.4 33.3 34.9 28.8 26.7 21.7 26.7 23.6 13.0 15.1 24.8 12.8 4.0 350.9 14.1 26.6 13.5 25.2 19.6 47.1 59.2 35.9 3.0 48.9 76.3 68.6 74.0 63.9 120.2 104.0 78.3 58.1 77.8 63.1 70.4 65.8 77.3 83.6 74.6 76.0 73.1 144.4 138.1 141.1 133.1 143.4 130.8 144.7 136.9 127.5 145.8 143.6 150.5 131.6 134.1 136.9 130.5 129.4 111.6 137.5 128.4 134.9 92.3 129.8 136.9 146.9 142.5 162.4 157.6 137.2 125.3 141.4 139.0 142.0 158.9 134.0 141.8 130.2 140.6 98.3 132.3 103.7 123.6 140.9 145.8 148.5 145.6 154.8 135.0 128.3 119.7 150.4 116.9 106.1 156.1 160.9 145.2 124.2 137.6 119.7 141.7 144.1 136.3 112.5 122.5 163.0 156.5 153.8 125.9 126.9 139.9 141.1 162.0 157.1 161.9 122.0 120.3 114.6 119.9 141.0 124.6 83.3 105.8 120.6 117.4 137.6 141.5 131.0 114.9 80.4 108.8 102.9 107.5 170.1 190.3 180.6 141.1 140.1 149.2 148.1 125.3 91.9 97.4 100.6 68.7 75.2 150.5 137.4 138.5 138.6 111.5 101.3 74.3 70.6 117.3 136.7 112.6 79.7 95.1 87.9 60.4 61.3 73.8 75.0 96.2 81.9 77.0 66.7 68.5 56.1 45.8 44.5 65.8 52.2 71.5 51.6 75.1 43.8 81.7 65.2 69.0 71.5 66.0 65.8 80.8 62.3 78.8 60.5 80.6 55.9 72.4 72.0 125.42152777777777 102.93850345292647
END
#################################################################
SECTION3 (Edges Information)
EndPoint0 EndPoint1 Weight
0 1 1.000000
1 2 1.000000
2 3 1.000000
3 4 1.000000
3 5 1.000000
4 5 1.000000
4 6 1.000000
5 6 1.000000
5 7 1.000000
6 7 1.000000
7 8 1.000000
7 9 1.000000
8 9 1.000000
0 1 1.000000
1 2 1.000000
2 3 1.000000
3 4 1.000000
3 5 1.000000
4 5 1.000000
4 6 1.000000
5 6 1.000000
5 7 1.000000
6 7 1.000000
7 8 1.000000
7 9 1.000000
8 9 1.000000
0 1 1.000000
1 2 1.000000
2 3 1.000000
3 4 1.000000
3 5 1.000000
4 5 1.000000
4 6 1.000000
5 6 1.000000
5 7 1.000000
6 7 1.000000
7 8 1.000000
7 9 1.000000
8 9 1.000000
0 1 1.000000
1 2 1.000000
2 3 1.000000
3 4 1.000000
3 5 1.000000
4 5 1.000000
4 6 1.000000
5 6 1.000000
5 7 1.000000
6 7 1.000000
7 8 1.000000
7 9 1.000000
8 9 1.000000
0 1 1.000000
1 2 1.000000
2 3 1.000000
3 4 1.000000
3 5 1.000000
4 5 1.000000
4 6 1.000000
5 6 1.000000
5 7 1.000000
6 7 1.000000
7 8 1.000000
7 9 1.000000
8 9 1.000000
END
#################################################################
SECTION4 (TrueSubGraph Information)
EndPoint0 EndPoint1 Weight
END
#################################################################
