#################################################################
#APDM Input Graph, this input graph includes 3 sections:
#section1 : general information
#section2 : nodes
#section3 : edges
#section4 : trueSubGraph (Optional)
#
#if nodes haven't information set weight to null
#################################################################
SECTION1 (General Information)
numNodes = 10
numEdges = 13
usedAlgorithm = NULL
dataSource = TransWeatherRealData
END
#################################################################
SECTION2 (Nodes Information)
NodeID windDir  mean  std 
0 252.5 246.0 246.4 253.6 256.6 264.3 269.9 267.7 270.8 274.9 273.8 271.4 274.0 275.8 278.9 274.8 269.8 265.7 258.9 264.1 263.9 271.6 271.9 272.1 271.6 265.8 265.2 269.8 272.0 272.8 280.1 281.7 280.8 277.4 276.9 280.3 276.2 274.1 270.5 269.4 268.7 265.9 262.6 264.4 262.7 267.0 269.6 274.0 276.3 279.0 279.5 275.9 275.7 274.4 275.7 279.3 283.0 279.9 271.3 271.4 267.9 267.1 270.9 274.1 270.5 274.9 268.5 266.1 273.4 274.3 277.0 264.6 270.8 268.5 266.4 271.2 272.2 268.3 265.1 268.4 269.5 273.3 279.1 284.7 279.3 274.5 273.7 273.0 265.6 263.7 257.1 269.8 267.9 278.3 280.3 266.0 268.3 258.5 261.5 259.3 264.6 269.1 285.9 275.2 284.7 278.5 276.6 273.3 265.1 273.1 279.3 276.7 271.9 268.9 270.9 277.2 276.1 278.2 282.4 277.7 274.3 289.8 289.5 289.8 299.5 285.9 278.1 288.0 298.5 310.4 328.7 322.6 317.4 320.9 319.8 321.9 315.0 318.9 320.8 313.4 308.9 329.8 328.6 333.7 333.7 338.9 339.3 333.8 331.9 332.1 336.4 337.2 322.5 332.0 339.9 345.0 334.0 347.9 346.9 339.3 346.2 352.2 348.4 352.3 356.1 14.6 18.2 31.4 28.3 33.8 32.3 28.2 33.7 35.0 22.6 29.4 30.6 34.0 38.0 29.8 34.5 35.7 40.6 28.8 36.1 40.3 43.0 38.2 31.1 28.8 41.0 40.3 29.4 30.2 35.0 27.8 28.3 24.1 21.9 25.6 24.1 17.7 20.0 27.9 34.6 25.9 33.5 31.1 40.7 39.0 28.3 24.3 29.0 10.3 11.6 21.5 24.8 38.2 25.1 28.3 33.4 27.2 37.2 31.7 30.8 28.8 32.4 28.0 25.5 31.4 30.8 36.0 34.9 31.4 35.3 34.2 28.1 23.9 29.9 33.3 27.1 32.9 37.0 40.5 38.3 39.4 37.1 30.1 31.6 29.9 30.3 36.3 43.9 33.0 32.6 35.7 35.4 35.3 40.2 37.2 37.1 36.6 36.2 38.6 40.5 39.3 37.0 33.1 31.5 31.0 25.7 32.3 33.3 37.5 30.3 34.2 37.4 37.3 40.9 34.9 35.1 34.4 35.5 37.0 38.6 36.6 33.6 36.1 177.24166666666665 127.13478896218741
1 22.8 32.6 5.0 9.3 358.6 17.6 346.2 340.6 351.2 346.8 307.5 309.8 299.2 329.4 320.0 341.2 16.4 5.5 352.6 335.0 339.2 323.7 344.4 338.3 342.9 337.5 326.4 322.8 323.3 324.4 333.5 353.5 357.0 345.8 344.5 344.6 335.7 310.7 307.4 312.2 314.0 304.3 296.7 293.3 296.6 298.4 293.3 287.6 288.1 298.0 291.5 296.5 300.6 292.8 294.8 284.0 291.4 288.9 287.9 292.2 302.9 307.8 303.6 294.3 301.2 300.2 292.1 299.3 310.3 288.2 271.5 259.2 250.9 307.9 308.7 321.8 305.4 295.3 293.0 302.4 296.3 300.4 306.6 320.5 325.6 299.7 289.4 282.5 283.4 290.7 287.3 295.3 290.3 277.2 279.1 279.1 278.6 323.1 301.8 294.6 299.7 296.0 305.1 289.1 279.7 282.3 288.7 294.0 301.3 296.2 291.6 303.9 295.3 276.1 294.8 307.7 310.0 289.4 290.6 295.0 307.9 313.4 304.0 282.3 294.9 307.0 315.2 325.5 297.7 311.4 321.3 306.7 267.0 284.3 280.8 285.6 272.5 340.4 319.7 324.6 272.5 274.9 291.5 315.2 305.5 304.9 300.9 310.1 342.3 344.8 338.2 310.1 345.2 349.2 345.2 333.8 345.9 353.0 9.5 322.4 317.6 34.2 355.9 346.9 346.7 4.7 31.8 21.0 11.1 7.7 0.9 5.5 342.7 352.3 351.1 10.5 347.7 344.5 357.0 355.1 335.9 354.9 8.7 344.7 344.9 348.0 7.9 24.9 4.1 350.3 2.0 5.4 18.7 10.2 26.0 14.2 12.0 14.9 23.9 25.3 35.4 19.5 24.8 35.4 50.0 43.0 28.5 25.8 6.8 24.8 26.2 22.5 20.0 14.3 14.1 14.1 27.8 34.7 14.7 17.7 7.4 7.2 7.1 346.9 342.8 352.3 359.6 359.6 0.7 349.7 358.4 7.5 7.8 18.1 10.1 16.3 5.4 12.2 358.1 0.8 357.7 4.2 359.0 3.6 4.7 352.6 353.4 357.0 1.2 19.4 13.5 10.2 19.7 15.6 6.9 356.0 352.5 4.6 7.0 355.4 351.3 353.7 2.3 7.9 27.0 20.4 11.8 13.0 6.7 358.6 1.7 11.6 8.2 9.5 12.7 14.1 7.1 2.3 10.5 23.1 14.2 20.1 15.0 14.2 25.7 14.3 12.6 24.5 211.40798611111111 145.33936391270714
2 289.4 304.5 300.3 285.7 303.0 304.7 318.5 326.2 334.4 329.5 326.8 331.3 324.4 334.2 335.0 330.4 314.8 321.0 349.3 3.7 347.6 335.9 329.5 335.7 339.3 332.2 329.9 333.4 330.9 325.9 314.0 311.3 314.9 297.8 290.0 296.0 296.4 291.6 299.4 314.0 313.1 335.2 307.5 295.0 318.0 353.0 322.8 325.9 318.5 306.3 308.9 307.8 319.3 298.2 294.8 291.6 302.0 309.4 295.0 290.8 287.1 283.5 272.3 272.3 280.2 279.7 285.0 298.2 301.7 295.9 287.8 287.5 293.6 291.1 299.7 291.9 292.5 284.0 279.5 279.8 262.5 263.7 275.8 282.0 276.0 275.3 275.2 262.8 263.0 274.0 284.2 277.2 278.8 293.9 298.1 303.8 293.9 284.2 296.9 293.3 296.6 297.3 288.2 305.0 296.9 297.6 294.5 303.9 304.9 325.5 328.2 324.6 335.1 327.8 334.6 330.5 329.2 335.8 330.5 319.7 344.2 329.0 331.7 324.7 327.3 326.2 325.7 331.3 328.8 345.9 342.9 4.2 5.8 3.9 335.5 355.3 3.6 16.4 8.1 352.9 354.4 356.2 15.3 25.9 4.9 357.1 15.2 19.3 15.8 10.0 17.1 21.3 23.2 37.6 20.4 4.7 2.2 10.3 14.4 3.6 357.8 352.4 351.1 340.5 326.9 327.6 348.3 348.5 359.3 5.3 8.1 14.4 13.1 11.8 10.1 15.8 31.3 27.2 29.2 17.8 12.5 22.0 18.5 17.5 23.1 25.9 42.0 44.6 31.6 22.0 23.5 16.8 28.8 45.6 34.4 17.0 17.2 28.8 21.5 16.3 22.5 31.8 33.7 21.9 23.6 17.0 21.0 37.6 27.4 27.7 26.2 18.5 15.4 28.8 22.5 19.8 22.5 17.8 2.5 16.7 18.3 17.9 12.3 32.4 9.2 12.9 12.6 19.8 24.3 21.1 22.8 32.4 32.6 30.0 14.6 28.8 13.9 14.1 20.5 24.6 26.4 23.9 18.8 18.1 15.8 18.2 19.9 16.5 19.5 21.1 15.6 21.4 23.1 25.8 22.5 22.2 20.8 25.6 26.9 20.1 23.3 24.3 27.1 23.8 32.1 27.2 29.6 26.8 26.6 24.9 24.9 21.4 34.8 27.2 34.9 36.4 29.4 38.2 36.6 46.9 42.3 47.1 46.2 43.0 43.4 50.4 44.2 54.0 168.22152777777774 145.89905066318056
3 290.3 283.2 270.2 296.8 301.9 284.9 277.6 279.7 275.2 283.2 277.8 272.9 273.5 283.4 281.1 281.4 273.2 271.9 284.5 292.1 279.8 272.7 269.3 277.3 296.6 324.9 281.1 298.5 51.8 69.5 79.4 313.6 271.9 270.7 292.4 283.4 267.9 270.2 282.9 281.6 271.7 270.1 286.5 278.3 280.6 292.6 293.0 280.0 281.5 277.6 274.2 302.2 328.1 322.5 304.4 302.9 297.4 307.9 307.3 301.2 279.2 275.4 305.8 295.8 273.5 292.2 351.4 303.7 350.5 328.4 313.7 294.1 284.3 277.6 296.3 299.2 293.9 290.1 318.7 320.2 295.3 283.9 284.3 301.4 295.8 289.1 280.1 288.8 294.1 283.2 279.4 326.5 303.7 283.1 282.7 275.5 274.4 248.8 255.1 267.8 269.0 277.2 272.7 265.2 255.3 268.2 272.1 280.7 280.0 269.1 282.2 319.2 314.2 303.0 313.0 295.6 314.9 332.4 28.5 58.3 323.6 329.2 336.0 39.0 39.6 36.6 47.7 47.7 57.5 60.8 76.9 66.8 59.2 60.3 76.9 63.5 62.4 55.9 36.1 45.8 67.2 62.4 65.7 71.9 63.1 61.7 61.0 56.7 47.5 49.6 52.0 52.3 64.3 62.3 71.3 62.0 56.2 46.0 42.0 50.2 43.6 36.9 32.2 41.2 38.6 26.5 29.4 42.2 51.6 56.4 39.1 45.1 59.7 39.2 48.7 46.6 44.0 42.8 33.8 41.3 41.7 33.7 43.6 44.5 30.4 36.5 41.7 36.9 40.7 40.9 40.4 44.0 38.1 39.2 40.9 41.7 34.2 39.7 31.0 30.4 29.8 30.6 30.3 37.7 39.0 40.9 46.0 39.9 34.1 30.9 31.0 32.3 33.8 46.5 37.2 51.8 49.1 36.4 45.9 46.9 56.4 53.5 51.5 42.7 37.1 43.9 46.2 54.0 59.6 60.4 57.6 61.5 62.0 66.3 63.9 63.7 57.9 68.9 64.6 70.5 67.0 56.6 51.3 52.3 58.1 52.8 59.7 58.1 49.1 54.2 52.3 42.0 40.7 52.5 32.0 47.4 48.7 43.9 31.8 36.7 46.6 49.6 48.6 45.9 38.4 40.4 49.2 48.4 45.3 46.5 34.2 34.3 45.5 50.2 67.8 68.7 75.1 78.7 79.0 75.8 74.2 70.1 77.3 76.5 74.4 72.9 77.6 73.8 148.60624999999993 119.24919022143033
4 255.5 289.9 309.0 310.8 309.6 320.2 297.5 209.9 302.8 276.9 169.7 5.5 84.0 72.6 98.4 109.9 110.2 104.2 93.9 100.1 109.7 115.5 101.3 106.7 96.5 106.9 92.5 104.0 118.6 117.1 94.8 101.8 95.5 109.5 103.7 98.4 103.3 108.4 109.1 105.0 108.4 110.4 111.8 125.5 115.3 102.4 98.1 106.2 104.0 108.5 103.3 113.0 115.5 106.6 111.6 103.7 108.0 107.6 103.6 107.0 108.9 94.9 103.2 104.2 104.7 101.1 101.4 103.3 109.4 113.7 107.0 109.7 104.7 106.3 101.8 111.0 105.4 105.2 102.7 110.2 109.0 106.5 109.4 108.2 97.5 100.7 104.5 102.7 101.6 103.7 94.9 101.8 98.2 98.8 96.6 107.5 109.0 105.8 106.1 107.7 103.1 104.2 103.2 98.1 100.7 103.3 111.0 106.7 112.7 110.9 99.2 106.3 110.2 110.0 111.6 102.7 105.1 104.6 105.1 109.9 109.6 114.8 111.4 111.5 113.3 118.2 109.8 112.3 110.4 103.4 103.2 105.1 99.6 104.1 103.7 98.4 98.6 98.8 88.7 84.1 86.0 102.5 101.2 91.2 101.3 100.4 93.5 93.0 96.1 97.6 85.6 77.1 74.0 74.2 72.6 79.2 81.5 81.4 76.1 75.3 74.2 70.9 71.5 70.0 68.9 68.2 71.1 70.3 68.6 64.3 67.1 62.5 65.6 65.7 72.4 71.9 65.7 69.3 64.2 57.6 66.5 65.3 68.2 62.0 60.7 68.3 72.4 66.3 66.3 63.4 59.7 57.5 66.0 58.3 60.3 68.9 73.7 68.9 70.5 64.5 69.7 75.7 92.4 89.9 71.3 75.3 63.6 69.3 65.3 75.2 81.5 76.9 77.2 80.3 80.0 62.5 69.9 64.8 65.3 74.0 76.7 76.8 72.5 74.6 82.2 74.9 85.5 91.6 77.7 69.5 73.5 70.3 69.5 71.4 80.0 83.3 73.5 80.0 76.5 80.7 87.8 77.6 83.5 27.5 3.1 68.9 50.2 44.8 64.2 61.0 51.6 23.9 22.9 66.4 57.8 49.8 46.3 79.3 72.4 39.2 65.5 77.5 91.5 95.3 83.7 79.6 74.0 78.7 76.8 74.4 66.1 60.7 49.3 120.3 110.1 77.0 65.5 66.1 81.8 82.4 83.6 87.9 86.3 79.2 71.8 69.7 69.6 71.0 94.43715277777777 42.81010628610314
5 96.7 95.5 93.9 100.0 100.4 91.6 95.3 90.6 97.7 94.1 96.0 92.6 95.5 89.2 91.1 85.7 86.0 95.1 89.5 88.4 88.0 93.6 89.8 95.9 101.0 95.9 94.4 91.7 91.7 92.3 94.4 90.0 95.5 98.0 95.6 98.9 94.7 99.5 97.2 98.5 98.5 99.5 95.7 95.3 99.2 101.7 98.2 98.2 101.3 95.2 100.0 93.6 97.5 97.2 97.8 93.5 95.9 98.2 96.5 95.1 95.8 93.0 100.4 97.1 98.9 96.8 93.4 97.6 95.0 98.7 96.2 96.6 96.6 97.3 93.4 99.1 94.5 97.1 94.3 99.3 98.2 98.0 96.8 98.7 101.6 96.2 99.9 92.9 96.5 96.6 100.3 101.2 99.0 100.5 105.7 104.6 102.3 95.5 94.2 99.9 100.7 102.3 98.1 96.0 101.8 98.2 98.7 95.5 98.0 93.3 96.6 99.5 97.4 99.3 97.6 96.5 101.9 98.0 100.8 100.5 99.9 98.5 98.9 96.9 98.8 95.6 97.9 93.7 91.6 91.8 98.8 98.4 95.3 95.6 91.8 96.7 93.3 93.8 94.4 93.6 95.7 94.8 89.6 89.1 80.4 81.2 87.8 85.0 92.2 90.7 95.6 87.2 91.9 90.0 81.9 88.8 87.0 85.0 76.6 82.1 82.1 78.8 80.6 77.6 85.7 88.9 80.4 93.9 93.3 90.5 94.2 89.2 95.6 92.8 94.5 92.0 96.7 91.9 93.9 97.2 95.9 95.7 99.1 97.1 98.9 97.0 96.9 96.3 98.4 103.2 98.1 91.7 95.9 99.7 96.1 98.4 94.7 97.3 95.5 97.2 95.2 94.8 100.1 98.6 102.8 91.2 96.6 98.4 98.0 97.1 95.6 102.8 102.0 105.1 107.3 98.3 97.5 95.1 93.6 94.1 94.5 93.1 94.1 93.1 102.6 99.2 106.0 101.6 103.1 98.3 99.0 98.6 99.9 99.6 103.4 101.6 103.2 97.4 101.6 94.8 94.6 98.2 95.9 91.7 94.0 97.1 95.6 93.6 96.6 84.4 87.3 92.2 91.4 89.0 87.6 86.0 83.6 89.9 96.1 93.4 89.0 88.1 88.9 87.8 91.5 99.4 94.7 89.5 95.2 87.7 86.8 93.0 86.4 90.8 93.9 88.0 83.0 82.5 80.7 85.0 83.1 81.3 79.5 82.9 79.0 79.5 81.9 79.9 94.46840277777778 5.760299808689239
6 105.9 95.5 97.0 90.4 96.1 125.8 101.4 104.5 96.1 107.2 122.5 105.0 97.3 98.0 98.6 105.6 96.4 100.9 99.5 96.3 104.9 117.8 106.6 101.3 99.6 102.5 94.6 95.1 92.1 96.3 91.7 93.8 93.6 96.6 97.1 103.6 101.7 127.4 121.7 145.4 107.5 103.5 96.5 91.8 95.6 93.7 99.4 92.6 91.7 108.7 97.9 104.6 116.6 99.9 101.3 100.1 104.9 99.9 111.6 124.2 129.8 125.1 99.9 110.1 102.4 100.5 94.6 97.6 96.1 109.4 117.0 99.5 99.4 97.4 96.5 98.8 108.4 103.6 99.7 100.9 96.9 103.9 97.6 97.0 94.4 105.4 101.3 95.4 99.2 97.4 98.6 91.9 95.3 96.7 95.0 96.0 91.8 91.5 90.4 94.3 91.3 91.5 99.1 93.0 93.3 93.9 93.4 98.3 106.9 93.7 97.6 95.2 102.9 109.5 107.7 108.2 105.0 102.2 103.7 109.9 99.1 93.2 95.5 94.8 113.6 107.9 114.0 105.1 107.6 100.9 102.3 98.7 102.7 98.9 102.2 103.6 105.8 110.6 103.5 102.2 102.5 102.6 102.0 110.7 116.8 91.9 102.0 95.6 95.1 94.5 91.5 91.4 91.0 90.1 92.8 92.9 83.2 85.3 86.7 87.3 86.8 98.7 90.4 99.7 92.0 90.2 93.0 90.0 79.1 84.0 81.7 82.9 76.4 83.8 90.7 91.9 90.3 91.3 94.9 90.1 86.7 90.4 87.9 90.6 95.0 87.7 88.7 86.1 87.0 87.4 86.4 86.7 92.2 92.1 90.4 96.2 99.8 82.3 84.9 88.7 83.8 80.8 87.1 86.2 82.9 89.3 90.1 84.0 90.6 94.6 91.0 93.7 93.2 94.9 95.3 94.3 99.3 106.1 97.7 92.6 92.4 93.9 89.7 97.5 91.4 90.9 90.8 91.9 93.0 91.1 95.3 103.9 94.0 93.8 96.1 97.6 94.0 104.5 96.5 91.8 98.2 94.5 94.8 93.0 92.4 97.4 94.4 95.9 93.8 89.9 93.6 94.1 87.3 82.9 82.8 85.7 89.8 92.5 91.5 85.3 89.0 89.1 90.6 89.3 87.5 88.4 92.2 91.5 89.1 88.3 89.3 87.1 86.0 81.6 82.5 81.7 76.9 79.0 79.4 79.2 79.3 79.0 77.9 80.3 76.6 73.0 79.4 83.4 95.85277777777777 9.701391433262858
7 69.5 72.1 76.4 76.7 73.2 73.8 72.0 77.7 83.1 88.6 85.5 88.7 88.4 84.0 81.3 79.2 77.3 79.3 81.1 83.9 82.0 75.7 70.3 70.0 67.8 62.8 68.5 75.1 86.4 85.2 85.4 90.8 88.7 85.7 73.8 77.0 73.4 81.0 82.3 81.7 79.5 76.3 75.6 77.4 75.7 77.2 75.1 77.0 76.2 70.6 72.9 67.3 75.9 81.7 73.4 78.9 73.9 81.9 79.0 74.9 74.6 83.5 85.7 87.8 84.2 81.9 80.1 75.5 71.4 71.7 74.4 77.1 78.9 79.1 79.1 79.2 76.1 62.9 57.3 81.3 63.7 68.2 77.1 77.3 80.5 79.3 67.0 69.3 71.3 72.1 68.9 70.4 77.1 74.4 80.2 80.2 85.2 83.6 88.2 76.7 72.9 75.2 68.8 74.5 77.7 73.6 68.7 69.2 68.3 64.1 61.7 64.0 65.5 55.6 60.8 66.4 69.2 69.4 58.1 60.6 40.6 48.0 58.8 57.7 62.3 60.5 57.1 58.9 56.7 56.7 52.8 57.2 56.8 59.5 75.8 72.5 79.5 76.6 80.9 75.3 73.1 69.0 76.1 81.8 78.1 72.5 76.6 75.0 75.4 74.6 76.8 73.0 67.2 76.2 73.2 72.1 77.2 71.4 71.3 70.8 72.1 66.7 77.8 66.1 78.3 66.0 70.5 72.8 75.4 73.7 72.2 73.2 65.2 69.9 71.1 76.2 76.4 71.1 76.5 69.1 75.0 73.0 73.7 70.5 75.5 87.6 84.1 74.5 74.7 70.1 61.8 62.2 76.8 74.1 73.1 65.8 75.8 77.3 81.3 82.6 84.4 79.8 78.2 76.0 86.7 95.7 86.6 80.9 81.9 83.5 67.0 69.2 68.9 82.2 91.8 92.6 95.5 95.9 89.8 90.8 89.0 85.5 82.1 75.3 76.3 66.9 61.2 74.0 81.3 84.5 96.4 85.2 66.3 66.8 79.5 80.9 72.5 66.4 72.2 76.3 86.5 80.3 69.5 46.8 66.1 65.0 69.9 68.8 71.8 74.2 74.1 77.6 72.7 70.3 62.3 71.9 67.6 69.9 71.5 77.2 66.0 69.7 74.8 73.2 71.1 74.0 70.1 67.9 72.0 72.2 78.0 69.1 71.8 71.5 71.9 79.4 77.2 78.5 72.3 72.2 78.3 75.1 87.8 84.8 79.3 82.0 84.9 76.8 74.51354166666667 8.460252874594858
8 50.9 51.6 52.9 51.3 50.1 51.1 48.9 50.4 48.7 48.4 53.7 49.9 53.4 51.4 57.3 56.7 59.4 52.9 49.1 52.2 54.8 50.2 49.9 49.5 55.3 48.6 48.0 47.3 43.0 47.2 57.0 68.7 67.3 58.3 59.0 60.4 58.9 74.7 67.2 58.7 66.2 60.8 66.7 66.1 59.1 62.9 63.6 61.7 69.4 61.3 63.3 78.1 79.2 61.3 77.0 71.4 69.0 69.2 77.7 68.2 67.2 73.5 56.2 49.1 33.8 40.4 56.2 60.2 74.7 69.5 65.0 65.2 76.9 63.5 60.5 70.0 81.3 70.5 78.7 62.3 63.0 72.4 57.4 58.8 61.4 65.0 52.6 67.5 64.6 60.9 58.3 54.4 75.8 70.4 65.0 74.0 70.1 72.3 67.0 67.1 71.4 73.7 64.0 65.7 80.2 84.0 75.7 60.6 64.8 64.3 57.1 66.7 60.2 59.4 54.2 56.5 51.8 56.1 51.6 58.3 48.5 54.4 50.4 54.1 51.4 59.9 60.0 60.7 59.6 60.5 66.5 57.5 60.0 62.4 66.0 67.3 63.4 62.6 64.3 69.7 59.8 62.3 70.4 58.5 62.8 61.1 52.2 65.0 55.7 64.2 58.5 64.0 79.3 74.5 58.9 46.6 48.2 49.5 49.7 52.6 43.0 51.4 44.7 61.4 64.2 54.8 53.8 56.3 61.7 60.9 61.2 52.1 56.2 53.6 57.4 60.3 50.1 48.6 45.3 52.3 62.5 59.4 55.8 67.9 66.3 67.5 64.0 63.0 60.9 64.3 59.3 58.9 48.8 54.8 51.9 68.7 61.9 52.6 53.2 57.8 60.7 54.9 58.5 57.6 62.8 60.7 58.6 73.5 57.3 61.4 68.8 63.4 67.2 55.4 59.0 67.0 67.3 69.0 62.2 58.0 66.9 67.4 58.9 50.4 41.9 50.2 51.7 55.7 47.6 49.7 47.2 42.2 50.9 49.1 62.6 62.2 63.2 44.5 50.8 50.4 46.0 41.1 44.7 46.1 47.5 45.8 49.8 51.5 47.1 46.8 48.7 49.0 46.2 49.2 45.9 43.5 43.9 47.1 47.8 47.3 48.4 55.4 57.2 56.8 59.5 56.8 62.0 64.2 56.7 56.4 63.5 67.0 53.7 54.3 66.1 55.8 55.0 52.3 50.8 57.9 58.0 54.5 52.2 46.4 50.7 39.4 35.7 38.2 58.38194444444445 9.021856177577254
9 60.1 47.0 43.5 44.5 41.5 42.6 46.4 43.5 38.1 32.8 33.6 41.5 47.4 45.8 43.6 41.7 54.0 47.2 49.1 50.8 53.7 60.1 68.7 61.0 78.5 65.4 60.0 66.5 55.7 54.3 60.6 43.9 35.4 46.7 46.3 44.4 42.5 46.7 39.5 41.8 39.1 39.1 44.5 52.4 48.1 55.3 52.5 61.6 53.8 62.5 60.8 56.3 57.2 47.7 54.5 46.8 47.1 42.0 45.1 44.1 46.3 38.7 42.7 52.7 47.3 62.0 55.9 67.3 67.6 63.7 61.4 52.8 60.1 55.7 51.3 59.7 53.9 56.0 61.1 65.3 63.3 67.3 63.4 60.6 68.1 69.0 69.4 61.5 54.2 52.5 53.2 53.1 50.7 45.8 36.5 32.3 34.9 23.5 38.5 43.9 50.8 36.0 26.9 29.5 45.6 46.1 35.9 11.6 14.6 41.4 37.4 23.9 35.3 24.3 31.7 41.5 42.3 38.5 26.2 19.0 12.2 16.4 36.3 358.7 34.8 9.2 11.6 29.3 11.6 15.0 18.3 35.2 2.6 13.0 349.3 355.3 4.6 5.1 13.9 11.7 7.2 14.0 8.3 14.1 19.4 16.4 18.0 22.1 30.2 26.2 34.0 40.4 29.8 37.6 27.9 25.6 28.1 46.6 47.7 48.8 22.9 22.9 28.7 21.2 26.0 353.4 39.8 340.5 225.1 189.9 201.1 194.9 169.0 126.4 150.8 50.4 81.3 67.7 61.9 52.5 68.2 49.2 53.8 52.3 40.0 27.2 30.5 40.5 39.9 41.0 32.2 53.6 42.3 53.3 41.4 46.8 39.7 29.1 35.4 49.0 57.1 43.6 59.6 103.5 87.5 49.2 28.8 50.7 57.3 60.1 65.3 69.3 63.3 72.2 61.7 71.9 73.5 69.8 60.5 37.0 23.7 45.5 64.1 70.5 78.7 66.1 76.6 71.6 62.0 18.8 325.1 54.1 122.8 88.6 98.3 86.5 76.4 61.2 55.3 43.5 27.9 30.9 33.7 19.2 6.9 15.9 8.8 2.9 352.6 355.7 352.6 348.4 350.8 3.9 359.3 12.7 13.6 11.9 24.1 11.7 19.8 350.3 0.0 352.9 96.3 280.2 6.1 268.8 297.0 4.4 330.5 310.9 313.0 334.1 350.1 348.1 351.8 358.1 3.5 18.0 10.1 1.7 13.5 12.5 14.2 13.9 33.6 16.0 71.73993055555555 87.57921791411547
END
#################################################################
SECTION3 (Edges Information)
EndPoint0 EndPoint1 Weight
0 1 1.000000
1 2 1.000000
2 3 1.000000
3 4 1.000000
3 5 1.000000
4 5 1.000000
4 6 1.000000
5 6 1.000000
5 7 1.000000
6 7 1.000000
7 8 1.000000
7 9 1.000000
8 9 1.000000
END
#################################################################
SECTION4 (TrueSubGraph Information)
EndPoint0 EndPoint1 Weight
END
#################################################################
