#################################################################
#APDM Input Graph, this input graph includes 3 sections:
#section1 : general information
#section2 : nodes
#section3 : edges
#section4 : trueSubGraph (Optional)
#
#if nodes haven't information set weight to null
#################################################################
SECTION1 (General Information)
numNodes = 10
numEdges = 13
usedAlgorithm = NULL
dataSource = TransWeatherRealData
END
#################################################################
SECTION2 (Nodes Information)
NodeID windDir  mean  std 
0 213.7 214.2 218.0 219.7 215.6 220.7 224.1 227.4 228.1 230.4 233.9 238.8 237.6 233.1 226.8 225.2 222.0 214.3 217.3 225.4 229.8 225.1 227.3 223.9 222.5 224.4 228.1 228.7 232.0 236.2 240.6 240.0 240.8 235.7 235.7 235.4 231.0 228.5 229.7 233.4 234.4 234.9 234.3 231.5 234.7 227.2 32.1 353.9 352.8 354.3 3.1 39.1 47.3 11.9 42.4 59.7 47.0 50.9 60.5 74.0 69.8 61.8 45.4 34.8 36.2 35.8 36.2 72.9 52.3 40.3 41.3 54.7 55.7 79.0 86.5 80.3 81.1 78.2 70.0 78.1 77.2 77.0 79.7 75.3 64.2 66.2 61.5 66.3 68.8 66.9 75.3 76.2 76.0 81.3 88.0 79.2 72.1 70.6 69.9 82.2 101.8 112.6 121.3 123.1 126.6 115.0 115.5 101.0 95.0 105.1 111.6 106.2 100.7 101.7 97.9 95.8 94.5 90.3 83.4 87.5 86.8 93.3 105.4 107.1 109.4 110.8 110.3 110.2 108.2 112.7 113.2 114.8 113.7 110.3 112.3 109.9 102.6 82.1 74.2 68.1 66.6 78.0 78.5 69.6 61.8 47.2 41.6 40.5 50.6 51.7 59.5 66.6 45.0 55.7 51.8 56.0 58.1 48.5 48.2 56.4 62.0 64.0 57.7 61.5 47.8 51.0 48.0 49.3 54.7 54.0 54.6 56.3 40.8 34.3 39.7 45.9 41.4 43.4 46.4 48.8 49.1 52.1 56.3 55.0 52.1 62.2 56.5 71.0 71.2 63.9 62.5 63.0 63.5 61.2 62.4 70.4 63.2 61.5 59.1 67.1 70.0 67.0 70.9 65.8 73.1 70.1 70.7 71.3 67.8 68.5 70.7 70.9 67.6 66.5 60.1 64.7 63.3 68.2 65.0 66.5 68.3 64.6 62.0 63.5 62.3 66.3 62.0 68.6 60.1 60.9 64.6 64.6 64.8 67.4 70.3 67.7 64.4 66.1 68.7 69.2 71.6 67.7 71.3 71.0 70.0 69.9 70.3 68.7 71.5 66.9 63.5 64.4 62.0 69.4 72.3 72.8 71.8 68.3 67.8 63.7 62.6 65.8 64.7 72.5 74.7 76.4 69.4 75.2 71.7 67.7 67.4 66.8 77.4 77.5 78.0 75.7 73.6 73.9 67.6 69.3 67.4 68.9 74.2 61.7 66.0 72.5 72.0 72.6 98.01180555555557 66.43534175167922
1 -1.0 -1.0 -1.0 -1.0 -1.0 -1.0 -1.0 -1.0 -1.0 -1.0 -1.0 -1.0 -1.0 -1.0 -1.0 -1.0 -1.0 -1.0 -1.0 -1.0 -1.0 -1.0 -1.0 -1.0 -1.0 -1.0 -1.0 -1.0 -1.0 -1.0 -1.0 -1.0 -1.0 -1.0 -1.0 -1.0 -1.0 -1.0 -1.0 -1.0 -1.0 -1.0 -1.0 -1.0 -1.0 -1.0 -1.0 -1.0 -1.0 -1.0 -1.0 -1.0 -1.0 -1.0 -1.0 -1.0 -1.0 -1.0 -1.0 -1.0 -1.0 -1.0 -1.0 -1.0 -1.0 -1.0 -1.0 -1.0 -1.0 -1.0 -1.0 -1.0 -1.0 -1.0 -1.0 -1.0 -1.0 -1.0 -1.0 -1.0 -1.0 -1.0 -1.0 -1.0 -1.0 -1.0 -1.0 -1.0 -1.0 -1.0 -1.0 -1.0 -1.0 -1.0 -1.0 -1.0 -1.0 -1.0 -1.0 -1.0 -1.0 -1.0 -1.0 -1.0 -1.0 -1.0 -1.0 -1.0 -1.0 -1.0 -1.0 -1.0 -1.0 -1.0 -1.0 -1.0 -1.0 -1.0 -1.0 -1.0 -1.0 -1.0 -1.0 -1.0 -1.0 -1.0 -1.0 -1.0 -1.0 -1.0 -1.0 -1.0 -1.0 -1.0 -1.0 -1.0 -1.0 -1.0 -1.0 -1.0 -1.0 -1.0 -1.0 -1.0 -1.0 -1.0 -1.0 -1.0 -1.0 -1.0 -1.0 -1.0 -1.0 -1.0 -1.0 -1.0 -1.0 -1.0 -1.0 -1.0 -1.0 -1.0 -1.0 -1.0 -1.0 -1.0 -1.0 -1.0 -1.0 -1.0 -1.0 -1.0 -1.0 -1.0 -1.0 -1.0 -1.0 -1.0 -1.0 -1.0 -1.0 -1.0 -1.0 -1.0 -1.0 -1.0 -1.0 -1.0 -1.0 -1.0 -1.0 -1.0 -1.0 -1.0 -1.0 -1.0 -1.0 -1.0 -1.0 -1.0 -1.0 -1.0 -1.0 -1.0 -1.0 -1.0 -1.0 -1.0 -1.0 -1.0 -1.0 -1.0 -1.0 -1.0 -1.0 -1.0 -1.0 -1.0 -1.0 -1.0 -1.0 -1.0 -1.0 -1.0 -1.0 -1.0 -1.0 -1.0 -1.0 -1.0 -1.0 -1.0 -1.0 -1.0 -1.0 -1.0 -1.0 -1.0 -1.0 -1.0 -1.0 -1.0 -1.0 -1.0 -1.0 -1.0 -1.0 -1.0 -1.0 -1.0 -1.0 -1.0 -1.0 -1.0 -1.0 -1.0 -1.0 -1.0 -1.0 -1.0 -1.0 -1.0 -1.0 -1.0 -1.0 -1.0 -1.0 -1.0 -1.0 -1.0 -1.0 -1.0 -1.0 -1.0 -1.0 -1.0 -1.0 -1.0 -1.0 -1.0 -1.0 -1.0 -1.0 -1.0 -1.0 -1.0 -1.0 -1.0 -1.0 0.0
2 180.5 181.2 181.4 180.2 183.2 181.8 193.4 186.8 187.2 182.7 183.4 179.3 179.4 183.4 176.0 168.1 163.1 162.2 152.1 153.3 162.2 168.3 171.6 159.6 132.7 123.6 150.1 163.9 167.1 147.3 134.9 140.4 142.2 139.3 148.1 156.0 148.2 156.0 177.9 192.2 199.1 204.8 150.3 0.0 159.9 184.1 191.6 152.7 133.8 114.6 110.6 120.1 112.1 129.1 159.2 169.8 185.0 183.6 189.2 193.8 217.9 346.0 339.9 329.8 348.9 347.2 51.7 121.9 124.5 133.6 130.2 137.5 170.7 197.7 196.8 207.3 211.8 231.2 258.5 239.5 201.8 195.0 188.3 180.9 199.2 249.9 233.8 196.4 27.6 177.6 163.5 136.9 150.5 248.2 160.3 145.8 130.0 134.9 120.7 90.3 88.9 92.4 104.2 125.5 155.9 320.0 307.0 308.0 272.7 268.8 253.8 274.4 275.2 219.4 219.6 235.2 288.0 336.1 349.8 3.2 336.2 0.2 1.7 358.9 353.5 354.2 334.5 326.0 307.9 288.4 278.0 283.2 292.3 309.9 316.8 292.8 287.8 317.5 280.5 273.9 286.1 286.8 269.1 270.8 270.1 280.9 300.6 301.2 325.3 0.5 313.6 318.8 336.4 346.3 322.4 336.4 342.5 326.2 21.3 41.3 46.2 23.3 46.7 51.4 63.2 43.9 42.6 24.5 26.7 29.8 9.6 9.1 17.1 4.6 15.5 353.8 2.7 4.8 0.8 3.2 357.2 5.9 4.9 10.3 17.3 9.8 357.5 1.8 3.5 357.7 357.5 354.7 357.6 359.1 357.3 354.8 359.7 1.5 357.8 350.4 342.2 337.8 329.8 337.4 333.5 331.3 348.9 342.5 341.8 339.5 331.0 327.2 332.1 336.3 336.0 327.6 328.6 322.6 305.0 301.4 307.3 296.3 309.6 318.2 320.6 322.8 331.4 335.0 332.1 325.9 329.3 327.9 334.9 337.9 334.1 340.0 337.7 334.5 334.2 337.1 344.3 340.1 338.8 344.2 352.7 2.6 22.7 350.3 336.4 341.7 349.5 352.8 344.6 347.0 345.6 340.1 331.3 330.2 319.3 312.2 315.9 319.7 322.3 313.8 317.5 321.2 327.9 325.2 321.4 323.7 323.4 315.3 319.1 314.9 322.9 319.9 317.7 311.2 318.6 303.6 299.2 290.2 292.6 313.4 298.4 299.3 304.3 304.8 229.1170138888889 112.34560705165414
3 103.8 114.5 115.8 90.7 94.9 97.4 97.3 97.3 91.8 88.6 69.8 104.4 73.7 70.3 55.3 33.5 66.3 68.2 62.9 75.5 95.1 98.4 107.4 103.3 90.6 70.2 62.5 62.7 72.0 80.7 83.2 88.8 89.5 87.4 73.9 59.7 47.7 58.7 76.7 86.8 80.1 93.2 108.8 128.5 132.5 132.6 139.2 132.6 119.7 106.8 110.5 0.0 219.7 200.1 0.0 143.0 143.4 0.0 0.0 143.0 143.0 143.2 143.8 0.0 0.0 0.0 0.0 143.6 0.0 0.0 143.3 84.0 78.6 93.0 123.5 131.3 132.9 121.4 118.8 132.8 132.7 146.7 166.3 166.2 0.0 0.0 166.2 0.0 0.0 166.3 166.1 13.2 3.8 260.7 247.5 202.0 194.8 130.5 100.7 126.0 123.5 120.3 108.3 99.9 104.1 109.6 103.4 117.5 103.1 86.6 79.0 76.6 75.4 32.0 21.1 335.6 296.9 295.4 297.0 291.6 322.8 355.0 17.4 356.2 331.1 331.2 359.0 6.7 16.4 302.4 270.1 254.8 269.7 46.0 50.0 274.0 265.6 251.0 249.6 359.1 344.8 357.3 24.3 322.4 329.7 333.0 328.1 315.7 319.5 324.0 0.4 14.9 359.0 36.6 41.9 32.8 24.3 20.3 357.8 354.3 21.2 5.6 33.2 52.9 50.2 43.4 51.2 41.4 48.2 48.0 56.3 71.1 88.4 66.8 63.8 69.3 77.3 63.5 75.5 49.9 47.3 33.0 48.3 34.7 40.1 30.3 51.9 46.8 49.5 53.1 48.0 44.7 52.7 55.6 51.3 45.9 353.7 327.5 330.9 343.6 353.0 352.9 0.4 5.8 1.1 8.4 29.6 28.6 24.0 21.9 24.1 14.1 15.6 3.8 8.9 355.3 337.7 330.6 6.4 21.0 9.3 3.6 349.5 331.6 307.7 302.0 292.4 285.5 288.8 298.5 324.5 322.3 239.3 345.3 35.2 47.0 42.6 53.8 64.1 66.7 50.3 48.4 45.0 49.0 47.3 45.4 71.5 80.7 71.8 57.7 58.3 62.0 53.5 43.1 55.1 69.8 70.7 70.0 71.4 71.8 62.6 58.3 66.3 51.4 55.6 66.3 82.0 82.3 74.6 70.2 65.0 62.3 66.8 69.4 62.0 63.0 63.7 59.5 68.8 76.8 73.5 84.7 80.9 80.6 80.4 80.5 72.6 76.5 116.66111111111113 106.12334885537815
4 99.3 93.5 95.1 96.4 100.7 103.8 127.6 108.3 107.2 113.4 98.9 81.8 83.4 93.6 89.6 83.6 70.6 83.1 85.3 81.7 86.9 86.1 98.7 101.6 101.4 116.7 135.0 115.9 131.2 116.2 72.1 76.6 94.6 103.2 99.2 87.6 82.8 114.3 101.6 114.6 106.8 92.9 126.7 114.4 90.0 97.2 93.9 94.4 103.3 139.7 162.8 0.0 0.0 0.0 136.5 129.0 159.4 258.7 288.0 299.3 0.0 124.5 0.0 0.0 54.8 47.4 51.2 0.0 8.7 292.9 345.6 0.0 286.0 282.6 0.0 0.0 0.0 0.0 0.0 308.5 303.0 0.0 0.0 0.0 0.0 0.0 0.0 244.9 0.0 0.0 0.0 0.0 0.0 0.0 0.0 0.0 245.3 245.5 0.0 0.0 245.2 0.0 0.0 0.0 244.8 245.0 0.0 0.0 0.0 0.0 0.0 206.3 259.4 283.9 204.8 256.7 261.7 262.4 237.3 225.9 218.2 217.0 229.9 231.7 268.7 274.7 271.0 250.1 270.3 339.5 49.7 78.9 94.0 76.7 94.7 91.5 99.5 74.1 94.2 91.6 99.4 93.9 91.4 94.8 99.9 107.0 100.2 95.3 138.2 148.6 155.0 189.3 188.2 173.8 159.3 175.2 171.1 99.6 78.1 67.2 62.9 65.3 55.7 54.8 56.3 37.8 46.9 52.7 35.9 43.8 47.2 68.6 91.2 92.5 95.7 84.7 92.1 78.2 81.8 94.0 91.4 77.2 110.0 103.6 110.5 115.8 126.2 117.4 97.3 81.2 83.7 92.5 92.9 96.5 92.5 93.1 97.0 98.1 95.3 97.5 93.4 98.0 91.6 97.1 70.0 68.2 84.9 82.1 89.4 94.5 78.2 71.7 71.4 71.2 79.9 82.1 89.2 88.9 89.6 90.7 86.1 91.3 102.3 96.7 101.8 98.3 95.8 83.3 94.3 100.2 103.4 98.5 97.4 99.6 91.3 86.5 83.9 87.5 89.8 99.1 99.5 105.9 110.0 103.9 100.6 101.4 100.6 97.2 102.6 101.1 93.1 107.2 99.2 100.9 97.6 111.5 122.2 114.6 106.0 108.5 96.2 105.1 110.0 98.1 99.9 91.7 87.6 94.7 84.0 92.7 98.3 98.8 103.8 101.4 111.2 107.5 112.8 120.1 121.5 108.7 100.5 113.4 111.4 117.5 112.0 105.9 113.4 115.6 104.29305555555555 70.47900090332863
5 100.1 106.7 99.1 98.2 103.3 97.1 100.8 93.2 87.6 88.4 120.0 97.8 78.0 89.9 93.0 82.6 97.1 98.3 106.1 91.9 83.3 89.7 85.4 102.1 100.4 92.8 109.9 101.3 99.4 97.5 103.4 100.3 106.8 97.7 96.5 102.7 114.9 105.8 91.5 81.4 93.9 103.5 107.1 111.8 106.4 109.1 102.7 94.3 91.0 91.8 100.6 79.1 36.0 55.1 106.9 89.6 107.4 139.7 114.4 83.4 82.8 73.7 79.6 97.2 102.8 86.9 88.9 89.6 95.4 95.4 97.0 94.9 99.1 106.8 96.6 94.8 107.0 119.5 69.8 66.6 79.3 88.8 82.4 91.0 103.7 92.9 106.8 110.6 99.6 95.7 98.5 99.3 98.1 102.0 97.0 96.8 94.2 97.1 86.7 86.7 84.5 80.7 79.7 84.8 91.9 97.7 100.9 107.2 102.8 100.1 104.2 105.8 96.9 90.0 81.7 98.6 95.8 86.8 95.1 93.3 92.4 94.5 91.9 89.4 95.5 84.6 77.7 77.7 73.6 80.6 86.4 91.0 95.6 91.0 89.3 78.3 84.0 70.8 70.8 79.3 80.9 76.0 81.8 89.2 52.6 91.0 91.6 98.5 76.6 79.9 96.7 82.3 77.5 83.8 93.8 99.2 101.9 96.7 99.1 79.0 74.5 79.0 77.7 71.5 80.1 60.3 65.3 65.0 78.0 74.7 78.6 95.4 101.6 98.1 94.5 91.1 98.6 91.0 86.2 101.1 94.5 89.9 95.2 94.3 92.0 90.9 101.7 90.6 98.0 95.8 92.3 91.8 93.4 91.5 85.9 87.6 90.5 93.7 92.5 91.7 93.1 87.8 95.4 98.8 101.4 97.8 93.5 92.3 90.0 87.9 84.5 81.4 79.4 84.9 91.1 90.7 85.0 93.6 97.2 99.2 101.3 98.5 98.3 92.7 97.6 99.9 96.4 98.0 96.8 99.0 102.4 96.1 90.2 94.7 96.2 91.2 97.3 95.8 100.0 99.8 98.9 99.8 97.5 103.4 98.2 98.6 97.2 96.7 98.9 98.9 101.2 101.3 99.6 98.7 97.4 99.9 98.6 98.0 99.2 99.7 99.6 99.8 105.0 98.0 97.3 100.1 101.2 99.3 99.6 97.7 100.1 101.4 101.4 102.5 101.8 101.0 100.2 108.3 101.9 103.3 101.8 104.2 105.7 104.2 105.6 107.9 107.1 108.6 93.74305555555556 11.06359603300716
6 113.7 117.3 133.4 111.3 85.3 91.7 95.2 84.4 89.5 97.5 104.2 106.2 103.5 107.6 96.6 112.5 97.5 126.9 82.3 79.1 94.1 100.2 115.5 112.4 97.4 86.6 97.5 104.8 97.0 103.4 100.7 97.8 100.9 116.3 106.4 106.3 106.6 96.4 327.3 19.3 59.5 96.1 115.1 110.4 115.2 117.0 113.4 97.0 93.3 108.0 184.1 270.0 326.0 7.0 51.0 85.6 100.7 103.4 102.3 107.6 104.1 92.9 96.4 83.4 82.0 107.4 105.9 106.5 102.5 98.3 92.5 90.7 93.4 96.9 100.8 99.5 99.5 102.5 105.8 76.0 88.0 70.1 51.4 79.4 67.6 95.7 105.6 245.0 149.3 137.5 161.7 203.1 188.3 191.6 196.0 161.2 134.6 79.2 97.5 100.0 99.1 97.9 92.5 96.6 93.3 91.7 91.8 95.4 93.6 88.5 88.3 92.2 87.7 91.6 146.3 150.1 116.8 106.3 122.9 165.7 113.0 131.8 171.8 87.8 99.3 101.4 101.2 104.8 106.0 109.2 115.4 105.6 110.8 135.3 126.2 111.5 128.1 112.7 105.1 115.5 213.7 107.9 122.4 152.1 148.2 121.6 103.5 106.8 168.4 128.7 162.8 133.9 148.3 124.9 119.8 108.0 223.8 195.9 156.6 168.8 227.5 222.3 170.6 109.0 99.2 95.5 95.4 93.1 86.8 78.8 83.1 94.3 102.4 111.3 103.6 106.4 110.2 140.4 126.7 98.6 104.7 154.2 109.8 128.9 161.2 146.2 145.2 153.8 155.0 138.9 187.5 187.0 181.2 178.2 149.4 139.7 143.5 115.7 108.1 108.6 94.8 99.5 102.4 100.8 107.3 103.5 101.0 105.3 105.0 95.7 94.2 87.6 82.7 86.5 87.5 83.4 91.6 92.6 96.0 108.0 121.8 95.8 97.3 103.4 103.2 101.9 95.9 97.7 106.8 110.2 103.5 102.4 101.8 101.6 103.9 104.7 107.5 111.3 102.5 112.4 105.9 103.4 104.4 102.3 107.3 107.3 104.0 100.5 102.5 94.7 90.2 79.4 91.0 91.0 98.8 97.2 98.7 99.3 100.6 102.7 99.7 94.9 100.9 100.6 94.7 91.4 83.0 86.4 89.1 91.3 96.9 97.1 99.6 99.9 98.1 101.4 95.3 102.0 96.6 93.3 102.1 97.2 100.3 99.7 100.5 104.6 101.5 104.7 112.53125 36.407923035461636
7 11.6 76.8 81.8 67.2 76.4 86.9 144.3 83.6 84.7 328.4 26.3 93.6 77.9 80.6 107.8 82.2 133.5 90.6 80.7 84.4 190.7 91.7 141.2 0.0 23.1 58.8 71.8 117.9 132.7 133.3 183.2 140.8 135.7 132.3 127.9 99.0 90.4 105.7 90.4 109.5 60.9 353.4 324.7 268.1 21.5 11.3 113.7 161.3 170.2 164.5 159.3 80.3 86.1 90.1 99.3 104.0 90.6 68.9 50.7 0.0 247.9 246.9 81.5 77.8 92.9 46.4 44.1 53.1 53.1 49.4 51.3 74.5 82.2 91.2 86.6 69.7 29.1 51.1 70.9 106.6 127.2 135.7 115.5 102.5 79.3 79.1 94.4 108.9 120.4 145.4 149.5 158.5 126.1 102.3 111.7 100.1 98.3 91.1 70.9 80.5 85.3 93.6 96.7 92.2 86.3 90.5 86.4 79.8 99.0 91.0 85.7 77.6 80.0 100.8 119.2 109.2 120.4 128.0 129.0 138.1 154.5 155.5 142.4 113.4 91.2 75.1 88.8 98.4 92.4 70.8 75.6 67.9 60.1 70.2 69.6 75.1 94.5 98.7 88.9 114.3 106.0 128.2 133.7 123.8 99.0 97.3 105.1 101.8 100.7 88.1 59.7 32.0 43.9 53.7 58.3 61.0 47.9 38.3 42.9 40.7 67.5 60.2 58.4 66.0 69.4 84.1 74.8 68.7 66.0 71.1 78.4 92.6 89.7 83.6 91.1 89.9 87.8 91.3 96.0 92.6 94.7 96.7 93.1 102.9 109.0 105.2 101.1 100.9 95.2 93.1 98.3 96.3 93.7 102.2 93.0 90.1 98.4 119.2 119.1 118.9 118.5 117.5 119.4 123.5 107.6 89.5 88.3 82.5 83.6 84.9 91.7 95.4 96.5 101.3 108.2 105.9 103.8 110.2 111.2 101.8 98.6 99.7 98.4 97.9 100.3 90.7 95.7 92.6 85.4 93.5 95.1 96.9 102.9 101.6 95.4 97.4 95.3 97.0 93.2 87.4 87.4 86.3 85.1 86.1 85.3 85.9 84.6 82.5 81.3 83.2 82.6 84.1 82.0 81.7 80.0 83.3 85.2 82.6 82.1 80.4 80.3 85.0 77.7 80.7 81.5 81.4 76.7 74.6 72.4 75.0 74.4 77.4 79.2 80.6 81.8 79.3 80.3 78.7 80.9 78.3 76.5 77.5 70.4 69.9 73.0 74.3 77.2 76.8 94.8138888888889 40.54818291165571
8 0.0 314.1 310.0 0.0 0.0 259.7 250.0 248.4 277.6 295.3 277.2 35.1 74.7 37.2 25.9 49.8 31.3 33.8 73.3 34.6 42.3 59.6 87.1 72.1 38.1 80.2 41.9 27.4 44.5 62.2 83.6 82.4 112.6 40.0 48.5 65.0 89.9 96.9 1.9 288.7 0.0 222.1 224.2 198.4 120.6 185.1 199.1 183.1 197.9 31.4 27.0 0.0 0.0 0.0 0.0 0.0 233.3 215.0 171.0 190.8 172.0 0.0 0.9 7.6 11.0 51.6 244.8 244.9 260.5 0.0 0.0 76.2 29.8 341.7 339.5 11.4 66.4 46.5 90.4 213.4 226.5 246.9 359.4 244.4 249.0 304.0 196.5 215.4 65.1 43.1 17.4 14.2 41.0 54.6 59.3 16.9 95.9 176.9 152.4 143.3 152.9 26.8 322.5 5.6 30.4 349.9 13.0 63.3 75.0 65.5 49.2 44.2 47.7 50.9 67.9 72.5 61.3 31.8 50.7 37.6 97.0 57.8 65.7 114.4 72.2 100.4 102.4 108.0 105.5 89.0 82.3 87.6 70.3 67.7 41.8 70.0 71.3 73.1 55.6 57.1 48.9 48.2 45.9 50.1 40.1 37.3 51.4 51.3 48.1 59.8 57.5 54.4 57.5 65.9 52.9 79.0 68.0 66.5 72.3 70.4 72.4 68.4 49.2 57.7 59.7 63.1 52.1 45.3 41.7 42.7 49.5 50.6 38.9 36.0 45.9 55.8 55.8 56.2 53.3 57.5 57.9 77.8 66.2 68.9 63.1 55.5 46.5 42.4 34.8 46.9 44.5 48.0 44.0 46.5 45.7 48.8 39.6 40.5 40.5 45.1 50.3 46.0 42.9 43.0 41.1 37.5 41.7 46.4 42.4 42.2 44.6 42.5 56.6 54.3 51.0 50.8 56.5 50.7 50.0 56.4 60.3 55.5 62.2 58.9 54.2 57.8 62.0 60.9 61.4 62.5 56.0 54.2 54.7 55.7 54.5 56.4 52.4 59.2 59.9 60.5 59.6 67.9 62.3 49.0 50.7 52.6 46.9 58.6 54.9 50.3 50.2 51.6 55.2 61.6 61.5 53.1 47.1 50.0 50.8 58.2 52.5 50.4 50.7 51.3 56.2 54.9 56.5 60.8 52.6 52.3 54.7 58.8 55.7 55.4 57.7 52.7 55.6 64.2 63.2 64.0 62.1 61.6 63.9 65.9 62.9 57.3 59.7 64.5 79.26180555555555 72.42654911658897
9 125.0 333.0 35.0 6.9 344.5 353.4 354.9 352.5 352.3 353.4 4.5 56.7 73.3 0.0 0.0 169.4 168.9 169.1 169.0 0.0 29.6 27.4 7.0 354.3 345.5 353.5 352.4 19.8 32.1 34.2 32.5 25.4 61.0 354.0 7.2 353.8 340.0 340.5 0.0 166.1 149.9 135.9 42.8 30.1 38.6 20.4 356.1 299.2 215.9 190.5 158.7 161.4 199.4 145.3 103.6 21.5 9.9 348.6 341.5 325.3 334.0 129.3 196.4 159.4 243.3 153.6 140.3 73.1 112.6 356.7 331.6 352.1 26.6 11.9 10.1 337.2 254.3 114.3 47.0 347.1 123.5 139.7 139.4 88.6 15.9 66.8 0.0 81.6 279.1 77.0 75.1 37.3 332.8 0.4 31.3 38.5 354.6 336.0 304.9 318.2 68.1 22.9 350.0 0.0 0.0 95.2 12.8 354.4 340.7 53.5 34.4 0.0 0.0 344.7 0.0 0.0 163.7 173.8 205.0 216.0 171.5 176.2 225.5 206.6 203.2 222.4 181.2 152.9 169.4 195.3 155.2 167.9 147.7 185.6 146.4 78.4 258.5 171.2 157.5 157.3 146.0 155.9 63.1 48.9 77.8 118.2 135.1 71.6 58.7 239.3 44.3 68.0 53.0 59.1 68.5 73.1 68.1 72.0 68.3 63.4 64.5 67.7 48.1 38.8 70.9 59.6 67.1 71.4 65.0 72.2 67.7 56.3 56.0 59.0 46.3 32.6 47.9 30.5 39.8 43.0 51.4 51.6 53.2 66.7 48.2 39.5 56.8 65.6 60.3 55.5 48.6 45.6 57.7 58.4 53.7 40.8 28.0 33.1 43.0 48.7 68.0 67.9 63.1 59.7 45.9 53.0 43.6 41.5 40.6 48.4 47.2 60.6 61.0 72.3 71.6 65.4 53.0 28.6 17.7 35.2 38.9 30.9 38.7 50.2 23.2 37.6 11.0 39.6 54.6 20.3 28.6 34.5 29.3 34.6 42.6 40.4 37.7 33.3 32.1 21.7 27.0 29.1 25.4 40.2 49.2 30.9 37.7 38.9 50.4 29.6 40.5 48.9 44.4 44.9 46.9 46.5 45.2 50.0 60.0 41.9 48.2 51.5 43.2 44.5 46.4 55.9 37.1 29.8 27.1 42.2 32.9 32.6 48.6 57.3 49.8 36.6 39.3 47.8 51.5 48.6 25.2 30.3 53.9 22.0 33.4 46.3 38.8 40.0 104.3927083333333 104.95408643895291
END
#################################################################
SECTION3 (Edges Information)
EndPoint0 EndPoint1 Weight
0 1 1.000000
1 2 1.000000
2 3 1.000000
3 4 1.000000
3 5 1.000000
4 5 1.000000
4 6 1.000000
5 6 1.000000
5 7 1.000000
6 7 1.000000
7 8 1.000000
7 9 1.000000
8 9 1.000000
END
#################################################################
SECTION4 (TrueSubGraph Information)
EndPoint0 EndPoint1 Weight
END
#################################################################
