#################################################################
#APDM Input Graph, this input graph includes 3 sections:
#section1 : general information
#section2 : nodes
#section3 : edges
#section4 : trueSubGraph (Optional)
#
#if nodes haven't information set weight to null
#################################################################
SECTION1 (General Information)
numNodes = 10
numEdges = 13
usedAlgorithm = NULL
dataSource = TransWeatherRealData
END
#################################################################
SECTION2 (Nodes Information)
NodeID windDir  mean  std 
0 253.7 248.2 248.0 251.1 265.5 263.3 272.4 276.2 272.1 286.3 298.9 293.5 283.3 277.5 273.7 283.2 280.2 286.0 293.3 296.1 287.5 291.6 298.7 297.3 278.0 257.9 261.2 269.4 282.9 282.8 288.4 291.5 283.9 281.0 288.4 292.5 287.1 293.0 283.8 271.7 256.3 249.7 253.9 243.6 240.2 240.0 245.9 242.3 240.6 235.7 233.2 234.6 234.7 230.7 225.0 230.7 234.9 234.0 236.0 232.1 230.4 226.4 227.8 233.3 234.1 236.2 235.3 234.0 223.3 228.7 228.5 226.8 223.9 220.8 224.6 227.9 230.5 234.4 232.9 229.8 232.0 235.4 234.3 242.6 245.8 256.3 257.0 265.2 265.5 270.2 269.3 262.6 270.1 268.9 271.0 274.9 280.3 283.6 288.7 292.4 289.7 289.8 290.6 299.2 293.9 299.2 301.1 292.0 299.2 295.9 279.6 267.7 275.4 284.0 278.7 281.4 261.6 286.7 277.7 275.2 277.2 283.8 282.4 274.8 261.1 258.9 280.3 284.7 269.4 281.3 270.0 270.0 280.3 278.5 277.9 270.0 274.4 264.8 265.6 273.3 283.0 295.4 300.1 296.2 290.9 302.1 293.7 293.5 289.4 291.6 292.7 287.8 290.3 297.2 298.0 289.7 297.3 283.4 284.6 303.9 296.6 286.4 303.3 294.2 288.1 292.7 297.2 294.3 290.8 297.9 287.0 269.6 288.1 285.7 285.7 285.4 296.5 293.6 290.5 300.8 295.7 287.3 271.0 264.2 278.6 275.5 293.0 304.8 283.5 283.2 290.3 295.6 290.7 284.4 290.0 284.7 288.3 271.0 266.8 294.1 277.7 290.7 293.6 280.3 272.1 259.0 259.0 267.2 275.7 270.3 261.4 246.8 253.4 257.9 252.1 256.1 262.3 252.3 255.7 250.9 256.9 270.8 252.6 252.5 259.3 264.7 267.2 265.9 264.9 258.5 258.1 255.3 259.8 256.0 250.4 258.6 255.6 254.3 248.0 245.7 246.7 248.2 252.7 251.1 252.9 244.0 250.5 250.8 248.5 249.9 253.0 251.6 250.7 253.5 257.8 256.3 253.8 261.3 257.0 255.9 247.1 246.6 244.3 246.1 243.9 242.9 240.5 238.1 244.6 252.6 263.1 259.5 257.6 263.6 266.2 293.4 336.7 347.9 312.5 308.1 334.3 9.5 39.2 30.9 35.3 27.8 69.0 90.8 263.4166666666667 41.76023315512895
1 226.7 231.4 241.1 236.8 236.6 238.5 230.0 235.7 225.2 235.3 245.1 250.6 251.7 254.7 254.7 249.7 264.6 254.9 260.6 265.4 264.5 261.9 260.8 262.8 262.1 259.7 263.9 271.5 272.5 272.1 274.8 282.4 290.5 297.2 299.2 302.5 300.6 297.2 294.5 293.9 300.1 305.0 299.5 301.9 291.6 289.9 292.6 294.0 290.9 289.2 295.0 294.5 294.5 292.1 294.6 284.5 288.0 310.8 310.0 305.0 282.8 280.6 281.0 304.2 314.3 320.1 323.1 145.7 152.2 179.2 201.2 238.4 250.2 223.9 190.6 258.5 303.5 316.1 336.8 336.8 350.5 26.3 351.8 4.4 342.6 329.0 0.5 0.0 219.0 221.4 220.3 214.8 205.2 215.6 215.3 195.5 180.0 174.4 164.4 179.2 167.9 154.2 146.1 152.2 279.4 251.4 260.5 249.0 274.7 268.2 248.1 263.1 276.2 265.2 272.4 273.9 274.1 274.7 270.7 288.2 292.1 269.2 269.9 258.9 278.5 263.0 268.7 276.9 263.6 272.2 260.3 282.0 279.3 271.4 300.1 315.0 299.0 292.3 308.9 292.8 290.1 282.5 270.5 280.7 284.1 300.4 300.6 281.1 268.2 312.4 288.6 297.0 277.6 269.3 275.2 266.2 268.2 264.0 301.8 291.6 278.8 274.6 272.0 281.0 287.5 272.3 276.5 292.1 288.8 263.2 282.0 303.8 286.7 290.4 320.6 303.8 300.4 326.0 323.4 312.2 293.0 280.5 298.7 294.2 308.6 302.2 261.6 258.0 297.1 305.7 310.9 309.1 301.4 307.3 291.1 301.7 311.2 261.9 286.2 291.3 296.6 305.3 306.2 297.6 291.4 295.2 289.2 292.4 297.1 275.6 293.7 283.8 301.9 293.9 300.4 308.1 277.2 286.6 271.2 291.0 281.1 293.0 297.6 304.7 291.4 286.7 288.0 303.2 293.3 300.8 302.4 296.6 299.7 297.1 295.2 305.6 301.7 300.4 301.5 296.6 289.6 288.6 284.6 278.9 275.2 277.0 277.9 275.4 275.9 272.4 282.3 275.7 260.6 262.1 245.8 269.7 268.8 264.9 278.8 239.2 239.9 223.7 234.7 256.2 270.6 285.2 291.7 270.5 278.9 276.5 264.4 298.7 269.6 277.3 291.4 284.0 261.9 253.2 250.8 320.0 312.4 301.1 333.2 252.7 237.7 207.3 201.3 216.8 270.990625 46.95361357956856
2 205.5 199.6 194.3 190.5 188.8 191.9 204.3 212.3 217.2 215.9 212.3 211.4 210.6 212.2 208.0 207.3 210.8 218.3 218.2 207.7 207.7 212.0 217.4 218.9 221.0 228.9 230.2 232.2 219.1 220.7 229.6 242.7 261.0 250.2 277.2 273.6 309.2 235.3 235.7 262.6 303.2 309.0 307.8 309.8 290.6 247.9 236.4 236.9 247.6 279.3 279.8 261.0 247.2 244.6 241.2 256.3 244.0 236.2 228.7 239.8 241.0 226.7 212.9 217.1 208.0 207.7 191.9 183.7 175.9 176.6 171.2 150.0 152.6 186.1 184.8 187.3 163.9 176.6 177.7 178.2 177.5 172.9 174.5 174.3 169.1 164.9 181.6 191.1 187.0 197.1 189.2 192.1 201.6 199.7 194.3 189.8 195.9 216.2 186.9 199.6 199.4 188.0 194.2 228.1 214.7 218.0 209.5 241.4 243.0 243.3 245.4 251.6 243.4 239.4 228.3 259.7 261.9 264.2 277.5 275.9 289.7 294.4 277.9 288.2 291.9 289.3 288.0 274.3 272.5 284.6 275.2 283.0 288.2 277.1 256.6 252.5 264.6 258.8 274.7 263.7 252.5 267.3 281.2 284.2 285.8 277.2 267.7 257.7 256.9 263.5 276.9 268.1 275.3 288.3 293.8 284.9 318.8 289.7 290.9 272.3 272.6 302.7 336.0 329.4 322.6 311.9 328.5 328.6 325.6 328.2 312.5 336.9 318.8 328.6 329.4 333.2 332.1 344.0 338.3 349.3 346.8 342.6 344.3 319.5 313.8 329.3 323.9 344.3 347.8 322.9 330.4 355.3 353.2 5.5 328.7 324.3 343.9 332.9 340.1 346.5 340.5 344.9 342.6 345.4 2.2 345.2 350.7 350.7 354.9 343.1 341.5 329.9 337.8 356.1 348.4 348.7 354.9 345.3 336.1 338.8 334.8 342.9 357.0 354.6 356.2 344.6 357.4 352.1 339.7 341.6 353.7 351.4 341.4 342.4 342.3 340.9 358.2 346.6 336.1 336.0 336.0 327.9 328.7 337.0 319.9 321.2 315.8 307.7 303.5 314.2 305.7 254.8 197.5 172.7 176.2 208.0 183.6 190.7 167.5 204.7 196.5 180.3 127.7 179.3 0.0 152.8 162.1 193.3 185.1 184.3 193.0 180.9 182.6 185.2 188.9 171.1 163.3 187.0 187.7 186.8 200.2 193.8 192.5 185.2 229.1 338.6 334.0 284.8 258.7920138888889 67.24912422863939
3 207.5 201.6 202.9 204.5 207.3 207.2 204.5 205.3 201.7 208.6 192.0 199.2 195.7 201.8 204.0 199.0 209.0 212.2 213.9 211.9 206.6 211.4 211.4 209.4 209.4 236.0 289.4 261.4 277.6 274.8 280.1 254.5 236.6 232.5 250.0 258.7 265.7 256.9 264.6 249.8 258.5 262.4 255.6 243.5 261.9 251.4 250.2 265.5 252.7 263.7 252.5 225.3 244.0 258.2 248.3 233.0 242.7 239.7 238.3 223.1 221.8 227.2 243.7 232.6 250.2 253.0 236.1 243.3 231.7 234.8 241.3 227.2 227.5 233.0 216.9 216.4 210.3 272.7 249.0 254.3 250.4 245.6 239.1 234.1 235.3 221.2 279.5 272.0 258.7 266.5 257.0 245.5 255.6 263.8 261.8 260.6 268.1 275.4 258.7 267.2 259.4 234.8 261.4 235.5 231.3 238.8 224.0 220.5 243.5 241.5 233.8 264.1 245.5 252.1 253.2 267.8 258.8 246.2 244.5 257.9 266.8 263.2 254.3 290.3 288.9 274.1 272.5 276.8 263.7 260.7 270.6 266.0 264.9 245.8 263.0 275.8 274.6 249.4 259.7 252.2 234.5 263.2 263.7 264.4 270.4 269.7 296.3 276.9 267.5 266.5 275.9 290.4 323.4 332.6 323.9 324.2 310.5 295.3 280.9 303.2 296.0 300.2 297.8 291.0 297.7 303.8 307.4 313.7 294.2 306.2 289.1 291.9 316.9 308.6 296.2 309.3 294.4 299.3 296.8 294.7 299.9 290.4 293.8 326.0 315.8 294.2 319.5 307.4 293.1 315.1 294.8 299.5 297.0 283.5 312.2 309.0 324.4 318.2 317.6 309.8 314.2 316.7 309.2 300.6 302.0 306.0 283.7 305.7 303.8 304.1 322.3 318.7 316.5 300.1 293.3 311.4 287.0 290.4 298.6 297.0 292.5 306.3 299.8 291.9 288.1 301.6 279.6 293.4 290.9 299.1 294.8 291.0 288.0 285.4 279.7 281.3 276.8 273.6 276.1 271.8 276.9 265.9 258.2 237.9 242.1 251.6 263.6 268.3 268.4 262.0 261.1 232.9 223.2 223.5 232.5 252.6 251.3 234.1 219.9 225.0 218.2 0.0 162.3 161.5 141.6 146.1 156.3 163.2 0.0 0.0 0.0 0.0 0.0 0.0 3.7 349.4 349.8 322.8 335.5 274.9 275.7 143.4 98.5 128.8 99.5 157.4 299.5 7.0 252.54513888888889 60.94048713952771
4 108.3 118.1 111.0 37.7 107.5 104.0 102.0 92.8 0.0 0.0 0.0 0.0 0.0 48.5 102.8 152.3 0.0 0.0 294.1 268.1 235.8 0.0 338.4 306.4 303.1 280.2 275.3 281.0 285.2 299.6 294.1 292.5 288.1 277.7 280.4 296.4 316.9 311.9 305.3 301.3 303.0 312.7 312.1 313.2 310.3 0.0 4.9 335.6 320.6 320.5 319.2 0.0 74.7 0.0 0.0 95.7 0.0 337.9 318.7 303.9 294.1 287.6 287.5 289.4 280.1 275.9 275.5 277.9 278.7 280.9 280.7 278.3 284.9 291.1 290.0 288.2 288.4 288.2 294.4 292.6 301.0 297.3 297.0 291.9 293.3 295.6 295.2 287.0 277.0 269.0 273.1 280.0 276.8 278.7 284.3 271.2 275.4 279.8 289.7 292.5 272.2 270.7 274.7 288.0 283.4 291.0 292.1 297.6 293.1 280.8 258.4 267.8 269.8 266.1 256.4 271.9 278.9 245.4 270.2 271.0 268.9 282.1 278.8 268.2 282.7 291.3 262.4 248.5 246.2 272.1 280.3 279.5 290.5 292.1 289.5 291.7 279.8 291.9 283.0 296.4 300.5 288.1 298.2 291.2 299.0 285.9 297.3 278.7 294.2 297.2 288.5 299.1 299.6 293.9 285.0 274.2 286.0 286.1 287.7 284.3 279.3 281.2 287.3 290.3 283.9 294.5 295.2 290.9 277.4 278.6 281.7 295.8 294.6 292.0 293.1 277.4 277.0 287.1 274.7 281.2 298.5 288.0 299.8 298.0 283.0 304.0 290.9 287.1 294.2 292.8 295.8 310.4 293.6 299.7 298.5 282.9 296.3 306.6 296.5 304.4 305.5 297.2 299.8 302.0 299.9 300.2 298.1 292.6 292.3 290.4 289.1 293.9 296.8 294.9 299.1 302.9 301.3 300.6 296.7 302.7 313.8 304.1 304.2 304.8 313.3 309.8 304.3 301.3 305.4 309.5 302.3 307.9 302.4 302.1 301.7 308.6 311.9 314.0 305.2 307.7 311.3 301.9 302.2 303.8 308.5 302.8 306.0 276.4 281.8 298.0 307.3 0.0 0.0 0.0 210.2 160.5 160.5 43.0 35.9 0.0 0.0 0.0 0.0 233.6 332.3 320.8 314.1 0.0 0.0 275.3 299.0 330.0 292.1 304.4 294.3 284.3 290.9 283.1 282.3 280.3 286.3 297.7 298.8 295.3 307.5 289.4 224.9 266.4 256.31180555555557 90.13435924932342
5 215.9 223.1 226.0 231.7 233.8 227.0 234.4 222.1 225.2 229.7 224.9 227.0 223.4 219.6 216.6 202.2 192.5 192.3 194.8 194.5 196.9 194.7 193.2 191.4 191.9 189.9 189.0 194.4 193.6 190.9 202.3 216.0 233.3 236.0 231.6 217.2 204.8 188.7 199.7 187.2 168.6 204.9 250.2 294.1 335.8 331.4 253.7 291.1 294.7 290.3 292.2 279.2 267.6 265.1 261.7 255.2 256.0 250.9 246.0 247.4 228.0 227.3 230.4 235.6 238.0 234.8 241.2 244.6 222.4 225.8 236.1 252.1 254.3 256.7 252.3 252.5 246.3 252.2 252.5 253.3 255.7 253.5 254.0 255.8 261.3 263.4 272.8 267.1 264.3 270.6 274.9 264.6 261.4 256.0 262.1 272.9 275.0 285.5 269.9 284.4 280.9 291.9 268.2 281.8 276.6 275.0 283.6 298.5 274.3 278.4 293.1 281.7 287.2 274.1 309.2 303.4 296.0 291.4 276.8 274.3 293.0 311.0 303.4 302.5 286.3 295.3 299.3 282.3 275.5 286.7 294.5 295.4 283.2 264.1 274.5 268.7 290.5 280.0 251.9 241.4 270.6 287.0 278.0 279.6 255.1 269.8 259.7 261.4 290.9 312.0 310.2 297.6 302.7 293.3 297.0 295.1 307.4 286.4 301.7 282.2 290.3 295.1 301.6 292.2 298.3 284.3 282.4 288.8 284.7 287.4 284.3 289.5 273.2 290.2 278.5 298.5 284.8 284.7 285.9 291.9 293.4 295.6 282.3 295.0 293.3 299.3 288.5 289.8 282.9 279.1 282.3 286.1 296.0 287.8 290.5 287.7 282.4 282.0 283.5 274.5 286.9 284.9 286.6 284.4 282.6 285.9 283.6 277.5 274.9 279.5 277.6 282.4 287.8 277.6 282.9 274.7 273.8 278.1 280.3 295.0 299.6 307.8 296.7 282.6 273.1 285.6 281.6 285.8 276.9 284.9 281.1 281.8 277.7 284.9 281.7 280.3 274.7 272.5 279.5 275.7 279.6 270.9 279.4 276.5 271.7 273.0 266.5 269.4 267.6 271.8 270.5 271.7 273.9 274.5 267.6 266.6 266.1 257.0 265.0 263.6 255.0 246.0 250.4 256.5 260.8 257.4 253.3 255.4 261.0 257.1 251.8 252.5 246.0 238.5 234.3 241.8 257.3 254.1 254.3 271.2 277.1 263.1 262.5 265.0 258.5 263.5 266.9 263.6 265.3076388888889 29.862012692905257
6 215.6 216.3 220.8 223.4 228.2 204.3 186.2 0.0 239.3 244.8 247.5 233.4 240.6 237.6 233.9 222.3 206.0 189.8 196.4 64.2 88.5 111.7 0.0 0.0 195.0 203.8 191.3 192.6 194.9 195.5 195.6 206.0 205.7 204.1 207.5 195.9 193.2 194.5 193.4 188.0 198.6 212.9 238.1 226.8 235.5 229.3 236.0 244.8 234.7 226.7 225.0 215.4 216.5 210.0 211.5 214.0 220.6 219.0 218.5 222.2 232.4 228.6 239.1 244.9 242.4 246.4 254.8 244.4 255.0 255.4 248.2 241.2 241.3 236.2 229.4 248.7 245.8 256.8 251.3 246.8 248.9 240.2 261.4 262.4 264.3 259.5 261.8 248.1 253.5 248.1 256.0 260.0 263.4 265.3 258.1 269.5 256.8 251.5 256.1 274.9 269.6 265.4 276.4 286.4 282.9 289.6 294.9 295.5 295.6 301.6 297.7 281.4 274.6 293.7 292.2 286.0 288.0 296.9 284.4 272.2 272.3 268.9 273.0 283.4 276.9 265.7 287.7 265.0 277.6 278.3 274.3 271.4 259.6 256.6 270.2 254.4 242.9 252.4 262.7 265.3 248.6 242.1 242.4 245.8 259.6 238.4 254.6 258.6 273.0 277.6 280.9 267.6 262.2 258.3 264.9 252.3 281.6 286.0 276.5 246.3 246.5 264.7 257.0 255.8 260.6 252.4 264.8 266.0 272.0 251.2 251.3 265.4 266.5 274.2 267.7 273.7 281.7 270.2 260.5 280.0 270.7 277.2 280.2 286.8 264.3 270.8 271.4 286.0 277.4 274.7 261.4 282.2 264.8 264.1 255.9 284.7 265.4 262.6 287.9 289.4 280.2 291.3 284.6 270.8 266.8 264.9 266.0 268.3 286.3 278.4 298.8 299.5 293.2 298.7 294.6 285.3 288.1 285.9 284.6 277.2 296.8 283.2 293.3 292.3 284.2 282.7 284.3 284.0 292.7 285.4 280.4 278.5 286.4 296.2 280.5 282.8 284.2 280.5 294.6 284.9 283.0 268.2 272.5 269.4 270.6 271.2 272.2 261.6 270.7 263.5 277.5 276.5 265.2 265.7 258.2 256.8 248.4 236.2 243.0 258.4 249.7 244.0 238.9 242.0 234.5 240.9 236.3 234.2 238.0 244.5 251.6 246.4 242.9 258.6 266.9 252.2 247.0 244.0 256.3 251.1 247.5 247.8 236.6 252.2 249.1 254.0 278.4 244.3 252.02743055555555 40.773115471978926
7 51.1 73.4 156.3 165.1 137.8 99.3 74.9 105.2 102.6 51.2 345.6 37.7 165.4 156.4 96.8 170.4 131.2 161.1 145.5 138.5 140.6 129.2 128.0 117.3 135.7 133.8 148.4 258.7 214.0 180.7 282.5 65.2 140.0 190.8 167.5 147.5 207.9 67.3 82.1 127.3 153.7 103.2 56.8 255.5 206.8 170.0 108.8 34.0 71.0 263.7 190.6 174.2 184.6 0.0 241.7 138.1 120.5 110.5 0.0 264.6 227.3 215.7 212.6 219.6 212.2 177.0 182.9 295.7 332.9 287.3 208.3 188.5 163.6 5.5 348.3 354.0 171.5 187.4 176.1 32.1 58.6 87.4 134.7 157.4 167.4 233.0 355.9 358.1 344.1 346.5 353.2 2.1 344.9 353.9 356.2 352.3 349.0 344.9 339.6 331.2 342.0 340.9 343.0 343.2 332.4 327.4 330.1 316.2 316.8 310.2 310.7 318.2 315.9 321.4 315.6 309.1 277.9 293.8 322.8 314.6 321.8 337.1 328.9 330.7 307.8 325.7 347.2 331.0 331.9 328.1 331.3 319.2 331.1 327.8 290.1 335.1 305.2 283.9 264.2 269.9 260.3 252.6 263.5 310.3 296.8 306.5 297.5 295.5 272.3 277.4 272.6 254.4 247.3 269.5 250.7 252.3 277.1 260.0 253.9 253.3 239.4 250.8 275.5 261.7 250.1 239.8 245.9 251.0 275.0 262.2 274.1 298.1 318.2 300.7 315.0 302.2 299.2 313.3 288.0 266.8 290.7 275.4 281.0 286.5 258.0 269.5 278.9 283.4 279.2 277.5 299.7 290.9 304.3 303.9 299.6 288.2 266.3 269.2 282.3 296.0 289.7 302.5 294.1 309.5 313.7 307.0 299.8 304.8 300.2 292.9 299.1 298.1 303.0 304.2 282.3 296.4 291.6 282.7 285.6 288.0 290.6 279.6 275.7 282.8 279.7 275.6 279.5 282.0 268.4 267.6 272.7 273.5 282.2 283.4 288.3 285.4 290.8 302.2 304.3 281.3 294.9 282.0 285.8 283.4 280.1 271.6 280.9 276.0 274.1 268.1 264.1 256.9 266.7 273.7 278.7 284.7 270.1 263.8 258.6 255.5 254.9 245.0 242.4 243.5 234.7 229.3 231.4 236.3 230.2 233.9 232.8 235.5 228.3 219.0 223.4 230.5 233.9 231.9 225.2 222.9 224.5 220.7 224.5 222.1 218.5 223.2 228.9 225.3 246.32604166666667 79.61120276181568
8 320.2 24.6 355.6 0.7 3.5 338.0 336.0 309.3 319.8 315.7 320.3 317.8 323.1 280.7 332.3 352.1 331.9 312.9 268.9 256.5 289.1 291.6 271.3 271.6 235.4 246.7 259.3 243.6 254.4 231.8 248.0 256.3 243.1 246.3 238.8 225.7 232.7 240.5 246.4 241.7 245.8 257.3 239.0 213.4 247.6 262.8 231.5 215.7 289.8 223.0 229.1 221.6 246.2 230.6 219.5 236.0 242.4 223.1 222.4 224.0 241.6 238.2 237.3 242.5 228.3 221.1 245.5 229.4 242.1 237.0 252.4 229.6 230.3 217.1 231.7 196.2 207.6 220.4 206.8 189.6 189.9 201.4 198.7 181.6 185.1 194.7 208.5 213.1 211.6 204.2 218.7 225.2 220.6 203.8 213.3 201.2 212.8 198.3 316.1 284.1 302.6 314.1 316.9 313.4 260.0 298.8 265.3 305.6 237.3 269.7 297.6 322.3 317.5 307.1 243.3 261.6 288.3 218.8 248.7 243.7 308.5 288.5 207.7 208.4 220.6 281.4 227.5 321.1 332.5 296.3 263.6 278.8 289.7 280.0 274.5 205.6 230.4 214.7 230.5 242.5 224.9 218.9 224.6 272.7 246.3 280.3 321.9 330.0 320.4 292.5 292.7 304.5 305.4 294.3 291.6 309.3 225.2 195.6 215.5 229.5 223.4 222.0 221.0 220.5 220.5 224.9 227.0 214.1 221.0 222.5 219.2 240.6 245.3 271.6 232.0 232.5 220.9 207.8 235.5 222.1 247.1 274.2 280.5 293.8 288.9 249.0 205.6 234.0 230.3 236.8 249.9 262.9 248.9 294.7 254.8 292.5 288.3 246.8 306.6 287.9 279.9 208.8 288.2 281.8 256.7 269.1 280.6 269.3 215.1 273.6 246.9 285.6 318.9 329.1 328.9 336.2 323.5 328.8 322.1 311.7 287.9 324.9 318.7 310.3 308.7 306.9 314.2 312.0 315.0 323.8 307.5 307.6 300.0 305.7 315.7 323.3 314.2 310.7 302.9 313.2 309.4 285.8 277.8 303.1 309.5 277.9 290.5 279.2 262.3 279.9 293.5 258.9 282.8 263.0 281.0 202.0 226.9 265.3 263.6 232.3 224.1 225.4 253.5 257.6 236.6 232.4 217.9 253.1 270.7 268.4 260.9 249.7 247.0 225.1 238.9 259.7 254.7 231.4 235.8 252.7 236.3 242.2 253.1 246.1 246.4 241.1 251.6 249.8 258.0447916666667 46.783755340069824
9 348.5 359.3 343.8 1.6 30.9 319.0 331.2 20.0 160.9 143.1 58.4 190.9 279.6 50.0 58.3 36.4 20.6 30.2 29.8 20.9 355.5 197.7 189.1 206.0 0.0 271.4 18.1 164.9 161.9 173.7 83.7 42.5 28.1 27.4 15.5 21.5 344.9 340.8 339.2 350.0 351.6 352.6 13.4 26.6 9.0 2.7 5.1 4.5 29.8 69.1 61.5 86.4 58.6 0.0 0.0 0.0 0.0 59.4 338.2 341.3 46.0 6.1 17.4 19.5 0.0 335.8 342.2 22.6 26.9 10.5 28.0 29.3 1.5 329.3 329.2 328.5 0.0 0.0 117.5 130.1 0.0 2.2 16.9 2.5 352.0 357.6 30.2 12.7 10.1 323.5 359.6 9.9 13.9 15.1 352.4 24.4 23.5 4.6 14.4 21.6 67.7 124.1 96.0 169.6 196.8 185.2 216.7 215.1 217.8 236.6 242.3 262.4 249.0 291.9 295.3 296.9 270.8 255.2 253.6 292.4 319.6 314.7 283.9 275.3 274.4 329.3 251.9 266.1 293.0 290.3 291.5 272.2 251.2 267.9 275.0 261.8 293.4 276.0 263.8 284.4 245.3 280.1 285.9 278.5 246.4 317.8 299.0 300.6 281.0 318.6 291.8 277.0 294.8 317.8 326.4 320.6 270.8 337.7 298.3 337.5 338.2 312.8 300.1 253.3 259.2 282.7 290.0 296.9 320.5 301.5 281.2 228.9 271.0 282.6 296.2 226.9 299.1 309.6 295.8 283.3 279.6 274.4 288.5 323.5 320.2 339.3 327.1 278.4 239.6 282.4 252.1 236.9 286.1 281.0 268.9 268.7 254.2 250.7 303.0 265.8 269.0 265.1 265.7 307.9 278.7 228.3 234.0 265.8 239.0 251.4 259.6 238.7 273.0 295.1 254.1 275.6 241.8 262.1 269.9 239.1 250.9 254.9 274.0 296.9 307.8 289.7 256.7 295.4 304.2 304.0 312.5 302.3 315.3 318.2 313.6 324.2 337.9 337.0 331.9 342.0 329.2 332.9 324.9 336.5 329.6 339.7 343.0 352.7 327.5 327.1 272.1 239.7 281.7 214.6 292.1 276.1 335.6 320.6 327.8 327.1 343.9 307.7 323.7 319.3 329.8 307.5 328.5 319.9 321.8 314.3 306.8 320.1 314.5 296.8 312.7 290.8 267.2 273.2 252.4 302.8 291.7 197.1 148.0 176.5 169.8 157.3 199.8 223.3 224.37777777777777 117.27023228004899
END
#################################################################
SECTION3 (Edges Information)
EndPoint0 EndPoint1 Weight
0 1 1.000000
1 2 1.000000
2 3 1.000000
3 4 1.000000
3 5 1.000000
4 5 1.000000
4 6 1.000000
5 6 1.000000
5 7 1.000000
6 7 1.000000
7 8 1.000000
7 9 1.000000
8 9 1.000000
END
#################################################################
SECTION4 (TrueSubGraph Information)
EndPoint0 EndPoint1 Weight
END
#################################################################
