10 0.3 0.02857142857142857 0.05217391304347825
15 0.3333333333333333 0.047619047619047616 0.08333333333333333
20 0.3 0.05714285714285714 0.09599999999999999
25 0.28 0.06666666666666667 0.1076923076923077
30 0.3333333333333333 0.09523809523809523 0.14814814814814814
35 0.3333333333333333 0.11428571428571428 0.1702127659574468
40 0.40476190476190477 0.1619047619047619 0.23129251700680276
45 0.4375 0.2 0.27450980392156865
50 0.4727272727272727 0.24761904761904763 0.325
55 0.4915254237288136 0.2761904761904762 0.3536585365853659
60 0.5079365079365079 0.3047619047619048 0.38095238095238093
65 0.47761194029850745 0.3047619047619048 0.37209302325581395
70 0.4444444444444444 0.3047619047619048 0.3615819209039548
75 0.42857142857142855 0.3142857142857143 0.36263736263736257
80 0.4074074074074074 0.3142857142857143 0.3548387096774193
85 0.4 0.3238095238095238 0.35789473684210527
90 0.3888888888888889 0.3333333333333333 0.358974358974359
95 0.3723404255319149 0.3333333333333333 0.3517587939698492
100 0.36363636363636365 0.34285714285714286 0.3529411764705882
105 0.3557692307692308 0.3523809523809524 0.3540669856459331
110 0.3394495412844037 0.3523809523809524 0.3457943925233645
115 0.3333333333333333 0.3619047619047619 0.3470319634703196
120 0.31932773109243695 0.3619047619047619 0.33928571428571425
125 0.31451612903225806 0.37142857142857144 0.3406113537117904
130 0.3153846153846154 0.3904761904761905 0.34893617021276596
135 0.3111111111111111 0.4 0.35000000000000003
140 0.30714285714285716 0.4095238095238095 0.3510204081632653
145 0.3082191780821918 0.42857142857142855 0.35856573705179284
150 0.2980132450331126 0.42857142857142855 0.3515625
