10 1.0 0.0673076923076923 0.12612612612612611
15 1.0 0.10576923076923077 0.19130434782608693
20 1.0 0.16346153846153846 0.2809917355371901
25 1.0 0.19230769230769232 0.32258064516129037
30 1.0 0.25 0.4
35 1.0 0.2980769230769231 0.45925925925925926
40 1.0 0.3269230769230769 0.4927536231884058
45 1.0 0.3557692307692308 0.524822695035461
50 1.0 0.375 0.5454545454545454
55 1.0 0.4326923076923077 0.6040268456375839
60 0.9787234042553191 0.4423076923076923 0.6092715231788078
65 0.9803921568627451 0.4807692307692308 0.6451612903225806
70 0.9811320754716981 0.5 0.6624203821656051
75 0.9636363636363636 0.5096153846153846 0.6666666666666666
80 0.9661016949152542 0.5480769230769231 0.6993865030674847
85 0.96875 0.5961538461538461 0.738095238095238
90 0.9692307692307692 0.6057692307692307 0.7455621301775148
95 0.971830985915493 0.6634615384615384 0.7885714285714286
100 0.972972972972973 0.6923076923076923 0.8089887640449438
105 0.9736842105263158 0.7115384615384616 0.8222222222222223
110 0.9743589743589743 0.7307692307692307 0.8351648351648352
115 0.9746835443037974 0.7403846153846154 0.8415300546448088
120 0.9764705882352941 0.7980769230769231 0.8783068783068784
125 0.9540229885057471 0.7980769230769231 0.8691099476439791
130 0.9438202247191011 0.8076923076923077 0.8704663212435233
135 0.9239130434782609 0.8173076923076923 0.8673469387755101
140 0.9139784946236559 0.8173076923076923 0.8629441624365483
145 0.9081632653061225 0.8557692307692307 0.8811881188118811
150 0.91 0.875 0.892156862745098
155 0.875 0.875 0.875
160 0.8679245283018868 0.8846153846153846 0.8761904761904762
165 0.8545454545454545 0.9038461538461539 0.8785046728971962
170 0.8392857142857143 0.9038461538461539 0.8703703703703703
175 0.8034188034188035 0.9038461538461539 0.8506787330316742
180 0.8 0.9230769230769231 0.8571428571428571
185 0.7886178861788617 0.9326923076923077 0.854625550660793
190 0.7698412698412699 0.9326923076923077 0.8434782608695651
195 0.7461538461538462 0.9326923076923077 0.829059829059829
200 0.7293233082706767 0.9326923076923077 0.8185654008438819
205 0.7205882352941176 0.9423076923076923 0.8166666666666668
210 0.7 0.9423076923076923 0.8032786885245902
215 0.6923076923076923 0.9519230769230769 0.8016194331983805
220 0.6896551724137931 0.9615384615384616 0.8032128514056224
225 0.684931506849315 0.9615384615384616 0.7999999999999999
230 0.6666666666666666 0.9615384615384616 0.7874015748031495
235 0.6451612903225806 0.9615384615384616 0.7722007722007722
240 0.6289308176100629 0.9615384615384616 0.7604562737642586
245 0.6134969325153374 0.9615384615384616 0.749063670411985
250 0.5952380952380952 0.9615384615384616 0.7352941176470588
255 0.5780346820809249 0.9615384615384616 0.7220216606498195
260 0.5617977528089888 0.9615384615384616 0.7092198581560284
265 0.546448087431694 0.9615384615384616 0.6968641114982579
270 0.5347593582887701 0.9615384615384616 0.6872852233676977
275 0.5208333333333334 0.9615384615384616 0.6756756756756757
280 0.5076142131979695 0.9615384615384616 0.6644518272425249
285 0.49504950495049505 0.9615384615384616 0.65359477124183
290 0.4854368932038835 0.9615384615384616 0.6451612903225807
295 0.47393364928909953 0.9615384615384616 0.6349206349206349
300 0.4672897196261682 0.9615384615384616 0.628930817610063
305 0.45662100456621 0.9615384615384616 0.6191950464396285
310 0.44642857142857145 0.9615384615384616 0.6097560975609756
315 0.4366812227074236 0.9615384615384616 0.6006006006006006
320 0.42735042735042733 0.9615384615384616 0.591715976331361
325 0.4219409282700422 0.9615384615384616 0.5865102639296188
330 0.4132231404958678 0.9615384615384616 0.5780346820809248
335 0.4065040650406504 0.9615384615384616 0.5714285714285715
340 0.398406374501992 0.9615384615384616 0.5633802816901409
345 0.390625 0.9615384615384616 0.5555555555555556
350 0.3831417624521073 0.9615384615384616 0.5479452054794521
355 0.37593984962406013 0.9615384615384616 0.5405405405405406
360 0.36900369003690037 0.9615384615384616 0.5333333333333333
365 0.36231884057971014 0.9615384615384616 0.5263157894736843
370 0.35587188612099646 0.9615384615384616 0.5194805194805194
375 0.34965034965034963 0.9615384615384616 0.5128205128205128
380 0.3448275862068966 0.9615384615384616 0.5076142131979696
385 0.3389830508474576 0.9615384615384616 0.5012531328320802
390 0.3333333333333333 0.9615384615384616 0.495049504950495
395 0.32786885245901637 0.9615384615384616 0.4889975550122249
