3655.0 [47] [134, 135, 136] 20160507
1410.0 [26] [241, 242, 243] 20160507
1234.0 [10] [36, 37, 38] 20160507
1222.3333333333335 [10] [23, 24, 25, 26, 27, 28, 29, 30, 31] 20160507
1045.6666666666665 [43] [53, 54, 55] 20160507
919.5542502923735 [1, 2, 3, 4, 5, 6, 7, 8, 9, 10, 11, 12, 13, 14, 15, 16, 17, 18, 19, 20] [276, 277, 278, 279, 280, 281, 282, 283, 284, 285, 286, 287] 20160507
702.0 [26] [239, 240, 241] 20160507
431.0994342633985 [15, 16] [118, 119, 120, 121, 122] 20160507
411.72929926471824 [8, 9, 10, 11, 12, 13, 14, 15, 16, 17, 18, 19, 20, 21, 22, 23, 24, 25, 26, 27, 28, 29, 30, 31, 32] [121, 122, 123] 20160507
391.10861741629265 [10, 11, 12, 13, 14, 15, 16] [62, 63, 64, 65, 66, 67, 68, 69, 70, 71, 72, 73] 20160507
352.13917703090067 [43, 44, 45, 46, 47, 48, 49, 50, 51, 52, 53] [208, 209, 210, 211, 212, 213, 214, 215, 216] 20160507
327.74250280997757 [7, 8, 9, 10, 11, 12, 13, 14, 15, 16, 17, 18, 19, 20, 21, 22, 23, 24, 25, 26, 27, 28, 29, 30, 31, 32, 33, 34, 35, 36, 37, 38, 39, 40, 41, 42] [6, 7, 8, 9, 10, 11, 12, 13, 14, 15, 16, 17] 20160507
304.0 [11] [99, 100, 101] 20160507
293.67018537430346 [8, 9, 10, 11, 12, 13, 14, 15, 16, 17, 18, 19, 20, 21, 22, 23, 24, 25, 26, 27, 28, 29, 30, 31, 32, 33, 34, 35, 36, 37, 38, 39, 40, 41, 42, 43] [155, 156, 157, 158, 159, 160, 161] 20160507
289.22222222222223 [7, 8, 9, 10, 11, 12, 13, 14, 15, 16, 17, 18, 19, 20, 21, 22, 23, 24, 25, 26, 27, 28, 29, 30, 31, 32, 33, 34, 35, 36, 37, 38, 39, 40, 41, 42, 43] [196, 197, 198, 199, 200, 201, 202, 203, 204] 20160507
280.22755835742305 [7, 8, 9, 10, 11, 12, 13, 14, 15, 16, 17, 18, 19, 20, 21, 22, 23, 24, 25, 26, 27, 28, 29, 30, 31, 32, 33, 34, 35, 36, 37, 38, 39, 40, 41, 42, 43] [202, 203, 204, 205, 206, 207, 208] 20160507
276.85869908539854 [4, 5, 6, 7, 8, 9, 10, 11, 12, 13, 14, 15, 16, 17, 18, 19, 20, 21, 22, 23, 24, 25, 26, 27, 28, 29, 30, 31, 32] [253, 254, 255, 256, 257, 258, 259, 260, 261, 262, 263, 264] 20160507
270.91666666666663 [10, 11, 12, 13, 14, 15, 16, 17, 18, 19, 20, 21, 22, 23, 24, 25, 26, 27, 28, 29, 30, 31, 32, 33, 34, 35, 36, 37, 38, 39, 40, 41, 42] [168, 169, 170, 171, 172, 173, 174, 175, 176] 20160507
269.16666666666663 [38, 39, 40, 41, 42, 43, 44, 45, 46, 47, 48, 49, 50, 51, 52, 53] [218, 219, 220, 221] 20160507
267.2863632885149 [8, 9, 10, 11, 12, 13, 14, 15, 16] [263, 264, 265] 20160507
