9074.666666666666 [37] [8, 9, 10] 20160528
3959.3333333333335 [23] [264, 265, 266] 20160528
2563.3333333333335 [53] [191, 192, 193] 20160528
1213.6666666666665 [9] [31, 32, 33] 20160528
939.637563106116 [5, 6, 7, 8, 9, 10, 11, 12, 13, 14, 15, 16, 17, 18, 19, 20] [276, 277, 278, 279, 280, 281, 282, 283, 284, 285, 286, 287] 20160528
733.0340298300542 [9, 10, 11, 12, 13, 14, 15, 16, 17, 18, 19, 20, 21, 22, 23, 24, 25, 26, 27, 28, 29, 30, 31, 32, 33, 34, 35, 36, 37, 38] [25, 26, 27, 28, 29, 30, 31] 20160528
672.0 [43] [69, 70, 71] 20160528
605.3333333333334 [53] [245, 246, 247, 248, 249, 250, 251, 252, 253, 254] 20160528
526.7945519839778 [8, 9, 10, 11, 12, 13, 14, 15, 16] [43, 44, 45] 20160528
471.0 [9] [111, 112, 113] 20160528
377.0 [53] [161, 162, 163] 20160528
366.4320570053861 [9, 10, 11, 12, 13, 14, 15, 16, 17, 18, 19, 20, 21, 22, 23, 24, 25, 26, 27, 28, 29, 30, 31, 32, 33, 34, 35, 36, 37, 38, 39, 40, 41, 42, 43, 44, 45] [56, 57, 58, 59, 60, 61, 62, 63, 64, 65] 20160528
333.5388533089761 [9, 10, 11, 12, 13, 14, 15, 16, 17, 18, 19, 20, 21, 22, 23, 24, 25, 26, 27, 28, 29, 30, 31, 32, 33, 34, 35, 36, 37, 38, 39, 40, 41, 42, 43] [108, 109, 110, 111] 20160528
302.4158786114969 [9, 10, 11, 12, 13, 14, 15, 16, 17, 18, 19, 20, 21, 22, 23, 24, 25, 26, 27, 28, 29, 30, 31, 32, 33, 34, 35, 36, 37, 38, 39, 40, 41, 42, 43, 44, 45] [209, 210, 211, 212] 20160528
299.5862038187315 [9, 10, 11, 12, 13, 14, 15, 16, 17, 18, 19, 20, 21, 22, 23, 24, 25, 26, 27, 28, 29, 30, 31, 32, 33, 34, 35, 36, 37, 38, 39, 40, 41, 42, 43, 44, 45] [220, 221, 222, 223, 224, 225, 226, 227, 228, 229, 230, 231] 20160528
289.4460317460317 [9, 10, 11, 12, 13, 14, 15, 16, 17, 18, 19, 20, 21, 22, 23, 24, 25, 26, 27, 28, 29, 30, 31, 32] [143, 144, 145, 146, 147, 148, 149, 150, 151, 152, 153] 20160528
285.31758620877196 [8, 9, 10, 11, 12, 13, 14, 15, 16, 17, 18, 19, 20, 21, 22, 23, 24, 25, 26, 27, 28] [238, 239, 240, 241] 20160528
284.24982010068663 [10, 11, 12, 13, 14, 15, 16, 17, 18, 19, 20, 21, 22, 23, 24, 25, 26, 27, 28, 29, 30, 31, 32, 33, 34, 35, 36, 37, 38, 39, 40, 41, 42, 43, 44, 45, 46] [202, 203, 204, 205, 206, 207, 208, 209] 20160528
284.163656987791 [10, 11, 12, 13, 14, 15, 16, 17, 18, 19, 20, 21, 22, 23, 24, 25, 26, 27, 28, 29, 30, 31, 32, 33, 34, 35, 36, 37, 38, 39, 40, 41, 42, 43, 44, 45, 46] [79, 80, 81, 82, 83, 84, 85, 86, 87, 88] 20160528
281.39000712731627 [10, 11, 12, 13, 14, 15, 16, 17, 18, 19, 20, 21, 22, 23, 24, 25, 26, 27, 28, 29, 30, 31, 32, 33, 34, 35, 36, 37, 38, 39, 40, 41, 42, 43, 44, 45, 46] [208, 209, 210] 20160528
