2310.0 [32] [134, 135, 136, 137, 138, 139, 140, 141, 142, 143] 20160516
2079.8333333333335 [32] [145, 146, 147, 148, 149, 150, 151, 152, 153, 154] 20160516
1936.0 [32] [142, 143, 144, 145] 20160516
954.3333333333334 [32] [124, 125, 126, 127, 128, 129, 130, 131, 132, 133, 134, 135] 20160516
867.4444444444445 [8, 9, 10, 11, 12, 13, 14, 15, 16, 17, 18, 19, 20] [285, 286, 287] 20160516
696.6666666666666 [9] [40, 41, 42] 20160516
566.6666666666666 [9] [36, 37, 38] 20160516
394.52268394624434 [17, 18, 19, 20, 21, 22, 23, 24, 25, 26, 27, 28, 29, 30, 31, 32, 33, 34, 35, 36, 37, 38, 39, 40, 41, 42] [7, 8, 9, 10, 11] 20160516
323.50860083592033 [17, 18, 19, 20, 21, 22, 23, 24, 25, 26, 27, 28, 29, 30, 31, 32, 33, 34, 35, 36, 37, 38, 39, 40, 41, 42, 43, 44, 45, 46, 47, 48, 49, 50, 51, 52] [19, 20, 21, 22, 23, 24, 25, 26, 27, 28, 29] 20160516
296.6769136807094 [8, 9, 10, 11, 12, 13, 14, 15, 16, 17, 18, 19, 20, 21, 22, 23, 24, 25, 26, 27, 28, 29, 30, 31, 32, 33, 34, 35, 36, 37] [253, 254, 255, 256, 257, 258] 20160516
293.69064139308273 [8, 9, 10, 11, 12, 13, 14, 15, 16, 17, 18, 19, 20, 21, 22, 23, 24, 25, 26, 27, 28, 29, 30, 31, 32, 33, 34, 35, 36, 37, 38, 39, 40, 41, 42, 43] [248, 249, 250, 251, 252, 253] 20160516
293.197711703465 [42, 43, 44, 45, 46, 47, 48, 49, 50] [56, 57, 58, 59, 60, 61, 62, 63, 64, 65, 66, 67] 20160516
289.1112350808941 [8, 9, 10, 11, 12, 13, 14, 15, 16, 17, 18, 19, 20, 21, 22, 23, 24, 25, 26, 27, 28, 29, 30, 31, 32, 33, 34, 35, 36, 37, 38, 39, 40, 41, 42, 43] [165, 166, 167, 168, 169, 170, 171] 20160516
285.6711395993652 [11, 12, 13, 14, 15, 16, 17] [13, 14, 15, 16, 17, 18, 19, 20, 21, 22, 23] 20160516
281.4245774642398 [3, 4, 5, 6, 7, 8, 9, 10, 11, 12, 13, 14, 15, 16, 17, 18, 19, 20, 21, 22, 23, 24, 25, 26, 27, 28] [169, 170, 171, 172, 173, 174, 175, 176, 177] 20160516
274.00387770978716 [7, 8] [98, 99, 100, 101] 20160516
267.8809437044748 [43, 44, 45, 46, 47, 48, 49, 50, 51, 52, 53] [86, 87, 88, 89] 20160516
247.39846402110098 [38, 39, 40, 41, 42, 43, 44, 45, 46] [90, 91, 92, 93, 94, 95] 20160516
242.87201323910259 [42, 43, 44, 45, 46, 47, 48, 49, 50, 51, 52, 53] [263, 264, 265, 266, 267, 268] 20160516
228.0419369326615 [10, 11, 12, 13, 14, 15, 16] [76, 77, 78, 79, 80, 81, 82, 83, 84, 85, 86, 87] 20160516
