1145.3333333333333 [53] [211, 212, 213] 20160917
1009.4969456780607 [42, 43, 44, 45, 46, 47, 48, 49, 50, 51, 52, 53] [36, 37, 38, 39] 20160917
1004.6666666666666 [0] [34, 35, 36] 20160917
913.7401299056531 [7, 8, 9, 10, 11, 12, 13, 14, 15, 16, 17, 18, 19, 20] [277, 278, 279, 280, 281, 282, 283, 284, 285, 286, 287] 20160917
793.6641700460057 [43, 44, 45, 46, 47, 48, 49, 50, 51, 52, 53] [4, 5, 6, 7, 8, 9, 10, 11, 12, 13, 14, 15] 20160917
791.1208504394256 [16, 17, 18, 19, 20, 21, 22, 23, 24, 25, 26, 27, 28, 29, 30, 31, 32, 33, 34, 35, 36, 37, 38, 39, 40, 41, 42, 43] [53, 54, 55, 56, 57] 20160917
710.2563011570776 [17, 18, 19, 20, 21, 22, 23, 24, 25, 26, 27, 28, 29, 30, 31, 32, 33, 34, 35, 36, 37, 38] [57, 58, 59, 60, 61, 62] 20160917
660.6666666666666 [53] [205, 206, 207, 208, 209, 210, 211] 20160917
642.0529573173851 [51, 52, 53] [0, 1, 2, 3, 4] 20160917
610.0 [18] [124, 125, 126] 20160917
551.7789915859025 [16, 17, 18, 19, 20, 21, 22, 23, 24, 25, 26, 27, 28, 29, 30, 31, 32, 33, 34, 35, 36, 37, 38, 39, 40, 41, 42, 43, 44, 45] [256, 257, 258, 259, 260] 20160917
492.9712776172214 [18, 19] [122, 123, 124] 20160917
489.5535948414863 [27, 28, 29, 30, 31, 32, 33, 34, 35, 36, 37, 38, 39, 40, 41, 42, 43] [91, 92, 93, 94, 95, 96, 97, 98, 99, 100, 101, 102] 20160917
466.66666666666663 [45] [259, 260, 261] 20160917
377.5228102012145 [10, 11, 12, 13, 14, 15, 16, 17, 18, 19, 20, 21, 22, 23, 24, 25, 26, 27, 28] [232, 233, 234, 235, 236, 237, 238, 239, 240, 241] 20160917
370.9953578625419 [9, 10, 11, 12, 13, 14, 15, 16, 17, 18, 19, 20, 21, 22, 23, 24, 25, 26, 27, 28, 29, 30, 31, 32, 33, 34, 35, 36, 37, 38, 39, 40, 41, 42] [148, 149, 150, 151, 152, 153] 20160917
370.28825108135544 [40, 41, 42, 43] [101, 102, 103, 104, 105, 106, 107, 108, 109] 20160917
313.3115099411091 [7, 8, 9, 10, 11, 12, 13, 14, 15, 16, 17, 18, 19, 20, 21, 22, 23, 24, 25, 26, 27, 28, 29, 30, 31, 32, 33, 34, 35, 36, 37, 38, 39, 40, 41, 42, 43] [82, 83, 84, 85, 86, 87, 88, 89, 90, 91] 20160917
304.9371671769873 [9, 10, 11, 12, 13, 14, 15, 16, 17, 18, 19, 20, 21, 22, 23, 24, 25, 26, 27, 28, 29, 30, 31, 32, 33, 34, 35, 36, 37, 38, 39, 40, 41, 42, 43] [137, 138, 139, 140, 141, 142, 143, 144, 145, 146, 147, 148] 20160917
302.8314351828763 [10, 11, 12, 13, 14, 15, 16, 17, 18, 19, 20, 21, 22, 23, 24, 25, 26, 27, 28, 29, 30, 31, 32, 33, 34, 35, 36, 37, 38, 39, 40, 41, 42, 43] [74, 75, 76, 77, 78, 79, 80] 20160917
