3699.5826791680165 [1, 2, 3] [78, 79, 80, 81, 82, 83, 84] 20160908
2431.3333333333335 [43] [260, 261, 262] 20160908
2406.8333333333335 [1] [69, 70, 71, 72, 73, 74, 75, 76] 20160908
2211.3333333333335 [1] [60, 61, 62, 63, 64, 65, 66, 67, 68, 69, 70] 20160908
1238.6666666666665 [43] [245, 246, 247] 20160908
1143.6666666666665 [43] [273, 274, 275] 20160908
914.9243181468661 [1, 2, 3, 4, 5, 6, 7, 8, 9, 10, 11, 12, 13, 14, 15, 16, 17, 18, 19, 20] [284, 285, 286, 287] 20160908
692.6666666666666 [0] [27, 28, 29] 20160908
608.0 [53] [3, 4, 5] 20160908
579.4672201766545 [24, 25, 26, 27, 28, 29, 30, 31, 32, 33, 34, 35, 36, 37, 38, 39, 40, 41, 42, 43, 44, 45, 46, 47, 48, 49, 50, 51, 52, 53] [40, 41, 42] 20160908
434.06928274438195 [10, 11, 12, 13, 14, 15, 16, 17, 18, 19, 20, 21, 22, 23, 24, 25, 26, 27, 28] [179, 180, 181, 182, 183, 184] 20160908
379.00923471598946 [0, 1, 2, 3, 4, 5, 6, 7, 8, 9, 10, 11, 12, 13, 14, 15, 16] [25, 26, 27] 20160908
318.83333333333337 [28] [175, 176, 177] 20160908
271.2933017152388 [10, 11, 12] [128, 129, 130, 131, 132, 133, 134] 20160908
264.1377481542538 [1, 2, 3, 4, 5, 6, 7, 8, 9, 10, 11, 12, 13, 14, 15, 16, 17, 18, 19, 20, 21, 22, 23, 24] [99, 100, 101, 102, 103, 104, 105, 106, 107] 20160908
259.16027859222555 [15, 16, 17, 18, 19, 20, 21, 22, 23, 24, 25, 26, 27, 28, 29, 30, 31, 32, 33, 34, 35, 36, 37, 38, 39, 40, 41, 42, 43] [52, 53, 54, 55, 56, 57, 58, 59, 60, 61, 62] 20160908
248.43018245687375 [8, 9, 10] [136, 137, 138] 20160908
212.06297901969378 [8, 9, 10, 11, 12, 13, 14, 15, 16, 17, 18, 19, 20, 21, 22, 23, 24, 25, 26, 27, 28, 29, 30, 31, 32, 33, 34, 35, 36, 37, 38, 39, 40, 41, 42] [214, 215, 216, 217, 218] 20160908
211.75563746923007 [37, 38, 39, 40, 41, 42, 43, 44, 45, 46, 47, 48, 49, 50, 51, 52] [229, 230, 231] 20160908
202.50699089441605 [8, 9, 10, 11, 12, 13, 14, 15, 16, 17, 18, 19, 20, 21, 22, 23, 24, 25, 26, 27, 28, 29, 30, 31, 32, 33, 34, 35, 36, 37, 38, 39, 40, 41, 42, 43] [145, 146, 147, 148, 149, 150, 151] 20160908
