2535.3333333333335 [53] [265, 266, 267] 20160613
1460.5 [50] [133, 134, 135, 136, 137] 20160613
1283.0 [53] [255, 256, 257, 258, 259, 260, 261, 262, 263, 264, 265] 20160613
1233.3333333333333 [50] [139, 140, 141, 142, 143, 144, 145, 146, 147, 148] 20160613
1102.0666666666666 [50] [146, 147, 148, 149, 150, 151, 152, 153, 154, 155, 156, 157] 20160613
1073.888888888889 [50] [152, 153, 154, 155, 156, 157, 158, 159, 160, 161] 20160613
875.1366776369592 [5, 6, 7, 8, 9, 10, 11, 12, 13, 14, 15, 16, 17, 18, 19, 20] [282, 283, 284, 285, 286, 287] 20160613
769.0 [50] [120, 121, 122] 20160613
736.0 [32] [45, 46, 47] 20160613
321.6666666666667 [16] [6, 7, 8, 9, 10, 11, 12, 13, 14, 15] 20160613
252.2393656846808 [9, 10, 11, 12, 13, 14, 15, 16, 17, 18, 19, 20, 21, 22, 23, 24, 25, 26, 27, 28, 29, 30, 31, 32, 33, 34, 35, 36, 37, 38, 39, 40, 41, 42] [77, 78, 79, 80, 81, 82, 83] 20160613
250.5515028004333 [33, 34, 35, 36, 37, 38, 39, 40, 41, 42, 43, 44, 45, 46, 47, 48, 49, 50, 51, 52, 53] [31, 32, 33, 34] 20160613
247.75571205754846 [8, 9, 10, 11, 12, 13, 14, 15, 16, 17, 18, 19, 20, 21, 22, 23, 24, 25, 26, 27, 28, 29, 30, 31, 32, 33, 34, 35, 36, 37, 38, 39, 40, 41, 42, 43] [177, 178, 179, 180] 20160613
221.1987146391784 [9, 10, 11, 12, 13, 14, 15, 16, 17, 18, 19, 20, 21, 22, 23, 24, 25, 26, 27, 28, 29, 30, 31, 32, 33, 34, 35, 36, 37, 38, 39, 40, 41, 42] [244, 245, 246, 247, 248, 249, 250, 251, 252, 253] 20160613
211.2186880969316 [7, 8, 9, 10, 11, 12, 13, 14, 15, 16, 17, 18, 19, 20, 21, 22, 23, 24, 25, 26, 27, 28, 29, 30, 31, 32, 33, 34, 35, 36, 37, 38, 39, 40, 41, 42] [252, 253, 254, 255, 256, 257, 258, 259, 260] 20160613
205.68909701204296 [8, 9, 10, 11, 12, 13, 14, 15] [201, 202, 203, 204] 20160613
204.15137527770364 [0, 1, 2, 3, 4, 5, 6, 7, 8, 9, 10, 11, 12, 13, 14, 15, 16, 17, 18, 19, 20, 21, 22, 23, 24, 25, 26, 27, 28] [234, 235, 236, 237, 238, 239] 20160613
194.2783655823091 [10, 11, 12, 13, 14, 15, 16, 17, 18, 19, 20, 21, 22, 23, 24, 25, 26, 27, 28, 29, 30, 31, 32, 33, 34, 35, 36, 37, 38, 39, 40, 41, 42, 43, 44, 45] [198, 199, 200, 201] 20160613
191.0 [43] [196, 197, 198, 199] 20160613
185.20259177452135 [0, 1, 2, 3, 4, 5, 6, 7, 8, 9, 10, 11, 12, 13, 14, 15, 16, 17, 18, 19, 20, 21, 22, 23, 24, 25, 26, 27, 28] [210, 211, 212, 213, 214, 215, 216, 217, 218, 219, 220, 221] 20160613
