2482.0 [42] [52, 53, 54] 20160813
1559.6666666666667 [53] [248, 249, 250] 20160813
1017.6666666666667 [16] [157, 158, 159] 20160813
973.701228988304 [3, 4, 5, 6, 7, 8, 9, 10, 11, 12, 13, 14, 15, 16, 17, 18, 19, 20] [276, 277, 278, 279, 280, 281, 282, 283, 284, 285, 286, 287] 20160813
848.3333333333334 [37] [190, 191, 192] 20160813
827.6666666666666 [10] [27, 28, 29, 30, 31, 32] 20160813
820.8333333333334 [53] [242, 243, 244, 245, 246, 247, 248] 20160813
743.6666666666666 [10] [31, 32, 33] 20160813
660.0252546725432 [37, 38, 39, 40, 41, 42, 43, 44, 45, 46, 47, 48, 49, 50, 51, 52, 53] [181, 182, 183, 184, 185, 186, 187, 188, 189, 190] 20160813
485.5 [53] [2, 3, 4] 20160813
476.2953426942386 [9, 10] [233, 234, 235, 236, 237, 238, 239, 240, 241] 20160813
462.3333333333333 [16] [88, 89, 90] 20160813
462.1688904862954 [9, 10, 11, 12, 13, 14, 15, 16, 17, 18, 19, 20, 21, 22, 23, 24] [230, 231, 232, 233, 234] 20160813
426.2750000000001 [9, 10, 11, 12, 13, 14, 15, 16, 17, 18, 19, 20, 21, 22, 23, 24, 25, 26, 27, 28, 29, 30, 31, 32, 33, 34, 35, 36, 37, 38, 39, 40, 41, 42] [215, 216, 217, 218, 219, 220, 221, 222, 223, 224, 225] 20160813
415.72223035394387 [8, 9, 10, 11, 12, 13, 14, 15, 16, 17, 18, 19, 20, 21, 22, 23, 24, 25, 26, 27, 28, 29, 30, 31, 32, 33, 34, 35, 36, 37, 38, 39, 40, 41, 42] [202, 203, 204, 205, 206, 207, 208, 209, 210, 211] 20160813
407.0 [53] [67, 68, 69, 70, 71] 20160813
376.6666666666667 [53] [77, 78, 79] 20160813
375.0 [43] [131, 132, 133] 20160813
357.2416666666667 [8, 9, 10, 11, 12, 13, 14, 15, 16, 17, 18, 19, 20, 21, 22, 23, 24, 25, 26, 27, 28] [256, 257, 258, 259, 260, 261, 262, 263] 20160813
294.75 [7, 8, 9, 10, 11, 12, 13, 14, 15, 16, 17, 18, 19, 20, 21, 22, 23, 24, 25, 26, 27, 28] [268, 269, 270, 271, 272, 273, 274, 275, 276, 277] 20160813
