18102.666666666668 [44] [250, 251, 252] 20160824
4692.666666666667 [17] [169, 170, 171] 20160824
2707.3333333333335 [9] [140, 141, 142] 20160824
2447.86225511159 [9, 10, 11, 12, 13, 14, 15, 16, 17, 18, 19, 20, 21, 22, 23, 24, 25, 26, 27, 28] [148, 149, 150, 151, 152, 153, 154, 155, 156, 157, 158, 159] 20160824
932.4744730324487 [3, 4, 5, 6, 7, 8, 9, 10, 11, 12, 13, 14, 15, 16, 17, 18, 19, 20] [284, 285, 286, 287] 20160824
854.6666666666666 [12] [186, 187, 188] 20160824
799.2663650011941 [3, 4, 5, 6, 7, 8, 9, 10, 11, 12, 13, 14, 15, 16] [45, 46, 47, 48, 49, 50, 51] 20160824
776.3333333333333 [3] [51, 52, 53] 20160824
622.3333333333334 [9] [13, 14, 15] 20160824
573.935004063081 [20, 21, 22, 23, 24, 25, 26, 27, 28, 29, 30, 31, 32, 33, 34, 35, 36, 37, 38, 39, 40, 41, 42, 43, 44, 45, 46, 47, 48, 49, 50, 51, 52, 53] [38, 39, 40, 41] 20160824
568.3333333333334 [12] [201, 202, 203] 20160824
535.6666666666667 [3] [233, 234, 235, 236, 237, 238, 239] 20160824
390.7943477357652 [31, 32, 33, 34, 35, 36, 37, 38, 39, 40, 41, 42, 43] [25, 26, 27, 28, 29, 30, 31, 32, 33, 34] 20160824
371.49999999999994 [9, 10, 11, 12, 13, 14, 15, 16, 17, 18, 19, 20, 21, 22, 23, 24, 25, 26, 27, 28, 29, 30, 31, 32, 33, 34, 35, 36, 37, 38, 39, 40, 41, 42, 43, 44, 45] [8, 9, 10, 11, 12, 13] 20160824
312.1666666666667 [1] [85, 86, 87, 88, 89, 90, 91, 92, 93, 94] 20160824
279.5 [1] [96, 97, 98, 99, 100, 101, 102, 103, 104, 105, 106, 107] 20160824
211.63265272220696 [7, 8, 9, 10, 11, 12, 13, 14, 15, 16, 17, 18, 19, 20, 21, 22, 23, 24, 25, 26, 27, 28, 29, 30, 31, 32, 33, 34, 35, 36, 37, 38, 39, 40, 41, 42, 43] [272, 273, 274, 275, 276, 277, 278, 279] 20160824
206.083878292251 [8, 9, 10, 11, 12, 13, 14, 15, 16, 17, 18, 19, 20, 21, 22, 23, 24, 25, 26, 27, 28, 29, 30, 31, 32, 33, 34, 35, 36, 37, 38, 39] [111, 112, 113, 114, 115, 116, 117, 118, 119, 120, 121] 20160824
205.94186072773064 [37, 38, 39, 40, 41, 42, 43, 44, 45, 46, 47, 48, 49, 50, 51, 52, 53] [216, 217, 218, 219, 220, 221] 20160824
202.42311068833206 [8, 9, 10, 11, 12, 13, 14, 15, 16, 17, 18, 19, 20, 21, 22, 23, 24] [64, 65, 66, 67, 68] 20160824
