7702.0 [42] [26, 27, 28] 20160928
6861.666666666667 [5] [6, 7, 8] 20160928
3915.5 [5] [0, 1, 2, 3, 4, 5, 6] 20160928
2563.3333333333335 [53] [267, 268, 269] 20160928
1726.1666666666665 [15] [119, 120, 121, 122, 123, 124, 125, 126, 127, 128, 129] 20160928
1579.1666666666665 [43] [204, 205, 206, 207, 208, 209, 210] 20160928
1398.0 [43] [194, 195, 196, 197, 198, 199, 200, 201, 202, 203, 204, 205] 20160928
1180.3333333333335 [43] [212, 213, 214] 20160928
1073.6666666666667 [43] [225, 226, 227, 228, 229, 230, 231, 232, 233, 234, 235, 236] 20160928
935.0 [43] [223, 224, 225] 20160928
578.3333333333334 [28] [52, 53, 54] 20160928
565.8333333333334 [38] [145, 146, 147, 148, 149, 150, 151, 152, 153, 154, 155, 156] 20160928
538.6975161339515 [7, 8, 9, 10, 11, 12, 13, 14, 15, 16, 17, 18, 19, 20, 21, 22, 23, 24, 25, 26, 27, 28] [47, 48, 49, 50, 51, 52] 20160928
486.69696969696975 [38] [154, 155, 156, 157, 158, 159, 160, 161, 162, 163, 164, 165] 20160928
404.3333333333333 [6] [63, 64, 65, 66, 67, 68, 69, 70, 71, 72, 73, 74] 20160928
400.0 [6] [73, 74, 75] 20160928
286.8333333333333 [1] [82, 83, 84, 85, 86, 87, 88, 89, 90, 91] 20160928
265.51859633554864 [7, 8, 9, 10, 11, 12, 13, 14, 15, 16, 17, 18, 19, 20, 21, 22, 23, 24, 25, 26, 27, 28, 29, 30, 31, 32, 33, 34, 35, 36, 37, 38, 39, 40, 41, 42, 43] [238, 239, 240, 241, 242, 243] 20160928
224.0 [7] [243, 244, 245] 20160928
203.99709511366783 [1, 2, 3, 4, 5, 6, 7, 8, 9, 10, 11, 12, 13, 14, 15, 16, 17, 18, 19, 20, 21, 22, 23, 24, 25, 26, 27, 28] [97, 98, 99, 100, 101, 102, 103, 104, 105, 106] 20160928
