5906.333333333333 [32] [3, 4, 5, 6, 7, 8, 9, 10, 11] 20160508
5905.0 [32] [13, 14, 15, 16, 17, 18, 19, 20, 21, 22] 20160508
1850.3333333333335 [45] [226, 227, 228] 20160508
1023.6666666666666 [15] [96, 97, 98] 20160508
866.169741351736 [5, 6, 7, 8, 9, 10, 11, 12, 13, 14, 15, 16, 17, 18, 19, 20] [279, 280, 281, 282, 283, 284, 285, 286, 287] 20160508
622.0 [31] [160, 161, 162] 20160508
619.0 [53] [25, 26, 27, 28, 29, 30, 31, 32] 20160508
615.0 [53] [34, 35, 36, 37] 20160508
544.0 [40] [112, 113, 114] 20160508
432.0 [45] [235, 236, 237, 238, 239, 240, 241, 242, 243, 244] 20160508
400.33333333333337 [42] [275, 276, 277] 20160508
383.3333333333333 [1] [72, 73, 74] 20160508
375.00229628926564 [12, 13, 14, 15, 16] [213, 214, 215] 20160508
359.3698412698412 [3, 4, 5, 6, 7, 8, 9, 10, 11, 12, 13, 14, 15, 16, 17, 18, 19, 20, 21, 22, 23, 24, 25, 26, 27, 28] [205, 206, 207, 208, 209, 210, 211, 212, 213] 20160508
312.54119728445403 [1, 2, 3, 4, 5, 6, 7, 8, 9, 10, 11, 12, 13, 14, 15, 16, 17, 18, 19, 20, 21, 22, 23, 24, 25, 26, 27, 28, 29, 30, 31, 32, 33, 34, 35, 36, 37] [70, 71, 72] 20160508
297.7954228451494 [9, 10, 11, 12, 13, 14, 15, 16, 17, 18, 19, 20, 21, 22, 23, 24, 25, 26, 27, 28, 29, 30, 31, 32, 33, 34, 35, 36, 37, 38, 39, 40, 41, 42, 43, 44, 45] [200, 201, 202, 203, 204, 205, 206] 20160508
296.08446304941305 [10, 11, 12, 13, 14, 15, 16, 17, 18, 19, 20, 21, 22, 23, 24, 25, 26, 27, 28, 29, 30, 31, 32, 33, 34, 35, 36, 37, 38, 39, 40, 41, 42] [169, 170, 171, 172, 173, 174, 175] 20160508
291.41071453440856 [7, 8, 9, 10, 11, 12, 13, 14, 15, 16, 17, 18, 19, 20, 21, 22, 23, 24, 25, 26, 27, 28, 29, 30, 31, 32, 33, 34, 35, 36, 37, 38, 39, 40, 41, 42, 43] [148, 149, 150, 151, 152, 153] 20160508
283.90609754322327 [10, 11, 12, 13, 14, 15, 16, 17, 18, 19, 20, 21, 22, 23, 24, 25, 26, 27, 28, 29, 30, 31, 32, 33, 34, 35, 36, 37, 38, 39, 40, 41, 42, 43, 44, 45] [172, 173, 174, 175, 176, 177, 178, 179, 180, 181, 182, 183] 20160508
255.69167058009617 [8, 9, 10, 11, 12, 13, 14, 15, 16, 17, 18, 19, 20, 21, 22, 23, 24, 25, 26, 27, 28, 29, 30, 31, 32, 33, 34, 35, 36, 37, 38, 39, 40, 41, 42] [53, 54, 55, 56, 57, 58, 59, 60] 20160508
