6914.333333333333 [9] [35, 36, 37] 20160722
4782.333333333333 [23] [6, 7, 8] 20160722
3481.1666666666665 [9] [25, 26, 27, 28, 29, 30, 31, 32, 33, 34, 35] 20160722
2066.0 [2] [258, 259, 260] 20160722
1057.3333333333333 [2] [252, 253, 254, 255, 256, 257, 258] 20160722
966.4381931867138 [2, 3, 4, 5, 6, 7, 8, 9, 10, 11, 12, 13, 14, 15, 16] [282, 283, 284, 285, 286, 287] 20160722
428.2710071386523 [1, 2, 3, 4, 5, 6, 7, 8, 9, 10, 11, 12, 13, 14, 15, 16, 17, 18, 19, 20] [189, 190, 191, 192, 193, 194, 195, 196, 197] 20160722
286.83333333333337 [4, 5, 6, 7, 8, 9, 10, 11, 12, 13, 14, 15, 16, 17, 18, 19, 20] [199, 200, 201] 20160722
237.42678906700203 [9, 10, 11, 12, 13, 14, 15, 16, 17, 18, 19, 20, 21, 22, 23, 24, 25, 26, 27, 28, 29, 30, 31, 32, 33, 34, 35, 36, 37, 38, 39, 40, 41, 42, 43] [48, 49, 50, 51, 52, 53] 20160722
218.21148908399385 [8, 9, 10, 11, 12, 13, 14, 15, 16, 17, 18, 19, 20, 21, 22, 23, 24, 25, 26, 27, 28, 29, 30, 31, 32, 33, 34, 35, 36, 37, 38, 39, 40, 41, 42, 43] [113, 114, 115, 116, 117] 20160722
216.61523657001993 [9, 10, 11, 12, 13, 14, 15, 16, 17, 18, 19, 20, 21, 22, 23, 24, 25, 26, 27, 28, 29, 30, 31, 32, 33, 34, 35, 36, 37, 38, 39, 40, 41, 42, 43] [52, 53, 54, 55, 56] 20160722
211.33333333333334 [9, 10, 11, 12, 13, 14, 15, 16, 17, 18, 19, 20, 21, 22, 23, 24, 25, 26, 27, 28, 29, 30, 31, 32, 33, 34, 35, 36, 37, 38, 39, 40, 41, 42, 43, 44, 45] [111, 112, 113] 20160722
195.47827380952378 [8, 9, 10, 11, 12, 13, 14, 15, 16, 17, 18, 19, 20, 21, 22, 23, 24, 25, 26, 27, 28, 29, 30, 31, 32, 33, 34, 35, 36, 37, 38, 39, 40, 41, 42, 43] [224, 225, 226, 227, 228, 229, 230, 231, 232, 233] 20160722
194.57958383253992 [9, 10, 11, 12, 13, 14, 15, 16, 17, 18, 19, 20, 21, 22, 23, 24, 25, 26, 27, 28, 29, 30, 31, 32, 33, 34, 35, 36, 37, 38, 39, 40, 41, 42, 43, 44, 45] [228, 229, 230, 231, 232, 233, 234] 20160722
191.87669651801562 [1, 2, 3, 4, 5, 6, 7, 8, 9, 10, 11, 12, 13, 14, 15, 16, 17, 18, 19, 20, 21, 22, 23, 24, 25, 26, 27, 28] [107, 108, 109, 110] 20160722
191.47591232319536 [8, 9, 10, 11, 12, 13, 14, 15, 16, 17, 18, 19, 20, 21, 22, 23, 24, 25, 26, 27, 28, 29, 30, 31, 32, 33, 34, 35, 36, 37, 38, 39, 40, 41, 42, 43] [220, 221, 222, 223] 20160722
189.39444444444447 [10, 11, 12, 13, 14, 15, 16, 17, 18, 19, 20, 21, 22, 23, 24, 25, 26, 27, 28, 29, 30, 31, 32, 33, 34, 35, 36, 37, 38, 39, 40, 41, 42, 43, 44, 45] [77, 78, 79, 80, 81, 82, 83, 84, 85] 20160722
188.91666666666674 [12, 13, 14, 15, 16, 17, 18, 19, 20, 21, 22, 23, 24, 25, 26, 27, 28, 29, 30, 31, 32, 33, 34, 35, 36, 37, 38, 39, 40, 41, 42, 43, 44, 45, 46, 47] [59, 60, 61, 62, 63, 64, 65, 66, 67, 68, 69, 70] 20160722
188.54266881256072 [9, 10, 11, 12, 13, 14, 15, 16, 17, 18, 19, 20, 21, 22, 23, 24, 25, 26, 27, 28] [152, 153, 154, 155, 156, 157, 158, 159, 160] 20160722
183.0972897706777 [8, 9, 10, 11, 12, 13, 14, 15, 16, 17, 18, 19, 20, 21, 22, 23, 24, 25, 26, 27, 28, 29, 30, 31, 32] [121, 122, 123, 124] 20160722
