877.2837340336364 [5, 6, 7, 8, 9, 10, 11, 12, 13, 14, 15, 16, 17, 18, 19, 20] [277, 278, 279, 280, 281, 282, 283, 284, 285, 286, 287] 20160509
832.6666666666667 [20] [19, 20, 21] 20160509
730.0 [3] [94, 95, 96, 97, 98, 99] 20160509
696.3333333333334 [53] [159, 160, 161] 20160509
656.8333333333334 [3] [100, 101, 102, 103, 104, 105, 106, 107, 108, 109, 110, 111] 20160509
620.3333333333334 [37] [118, 119, 120, 121, 122, 123, 124, 125, 126, 127, 128, 129] 20160509
596.3333333333334 [37] [128, 129, 130] 20160509
516.75 [37] [131, 132, 133, 134, 135, 136, 137, 138, 139, 140, 141, 142] 20160509
444.0 [53] [236, 237, 238] 20160509
407.64705935404464 [38, 39, 40, 41, 42, 43, 44, 45, 46, 47, 48, 49, 50, 51, 52, 53] [230, 231, 232, 233, 234, 235, 236] 20160509
366.2813126546316 [8, 9, 10, 11, 12, 13, 14, 15, 16, 17, 18, 19, 20, 21, 22, 23, 24] [260, 261, 262, 263, 264, 265, 266, 267, 268, 269] 20160509
331.33333333333337 [37] [110, 111, 112, 113, 114, 115, 116, 117, 118, 119, 120, 121] 20160509
319.25871170572617 [8, 9] [251, 252, 253, 254, 255, 256, 257, 258, 259, 260] 20160509
296.7491458379544 [24, 25, 26, 27, 28, 29, 30, 31, 32, 33, 34, 35, 36, 37, 38, 39, 40, 41, 42, 43, 44, 45, 46, 47, 48, 49, 50] [272, 273, 274, 275, 276, 277, 278, 279] 20160509
293.4493141924172 [24, 25, 26, 27, 28, 29, 30, 31, 32, 33, 34, 35, 36, 37, 38, 39, 40, 41, 42, 43, 44, 45, 46, 47, 48, 49, 50] [268, 269, 270, 271, 272, 273] 20160509
291.8515672419583 [10, 11, 12, 13, 14, 15, 16, 17, 18, 19, 20, 21, 22, 23, 24, 25, 26, 27, 28, 29, 30, 31, 32, 33, 34, 35, 36, 37, 38, 39, 40, 41, 42, 43, 44, 45] [201, 202, 203, 204] 20160509
279.54288082908175 [18, 19, 20, 21, 22, 23, 24, 25, 26, 27, 28, 29, 30, 31, 32, 33, 34, 35, 36, 37, 38, 39, 40, 41, 42, 43] [43, 44, 45, 46, 47, 48, 49, 50, 51, 52, 53] 20160509
274.35743110038044 [10, 11, 12, 13, 14, 15, 16, 17, 18, 19, 20, 21, 22, 23, 24, 25, 26, 27, 28, 29, 30, 31, 32, 33, 34, 35, 36, 37] [51, 52, 53, 54, 55, 56] 20160509
271.29560054614916 [9, 10, 11, 12, 13, 14, 15, 16, 17, 18, 19, 20, 21, 22, 23, 24, 25, 26, 27, 28, 29, 30, 31, 32, 33, 34, 35, 36, 37, 38, 39, 40, 41, 42, 43] [206, 207, 208, 209, 210, 211, 212, 213] 20160509
269.3820130993929 [9, 10, 11, 12, 13, 14, 15, 16, 17, 18, 19, 20, 21, 22, 23, 24, 25, 26, 27, 28, 29, 30, 31, 32, 33, 34, 35, 36, 37, 38, 39, 40, 41, 42, 43, 44, 45] [205, 206, 207, 208, 209] 20160509
