4976.666666666667 [9] [86, 87, 88] 20160605
2601.0 [9] [82, 83, 84, 85, 86] 20160605
972.0 [16] [47, 48, 49] 20160605
883.565665762475 [3, 4, 5, 6, 7, 8, 9, 10, 11, 12, 13, 14, 15, 16, 17, 18, 19, 20] [285, 286, 287] 20160605
813.1727983645296 [12, 13, 14, 15, 16, 17, 18, 19, 20, 21, 22, 23, 24, 25, 26, 27, 28, 29, 30, 31, 32, 33, 34, 35, 36, 37, 38, 39, 40, 41, 42] [58, 59, 60, 61, 62, 63, 64] 20160605
672.9469696969697 [9, 10, 11, 12, 13, 14, 15, 16, 17, 18, 19, 20, 21, 22, 23, 24, 25, 26, 27, 28, 29, 30, 31, 32, 33, 34, 35, 36, 37, 38, 39, 40, 41, 42] [65, 66, 67, 68, 69, 70, 71, 72, 73, 74, 75, 76] 20160605
574.0020463433464 [18, 19, 20, 21, 22, 23, 24, 25, 26, 27, 28, 29, 30, 31, 32, 33, 34, 35, 36, 37, 38, 39, 40, 41, 42, 43, 44, 45, 46, 47] [26, 27, 28, 29, 30, 31, 32, 33] 20160605
553.6789081528512 [42, 43, 44, 45] [272, 273, 274, 275, 276] 20160605
482.9486049645998 [24, 25, 26, 27, 28, 29, 30, 31, 32, 33, 34, 35, 36, 37, 38, 39, 40, 41, 42, 43, 44, 45, 46, 47, 48, 49, 50, 51, 52, 53] [18, 19, 20, 21, 22, 23, 24, 25, 26] 20160605
432.6944522408392 [9, 10, 11, 12, 13, 14, 15, 16, 17, 18, 19, 20, 21, 22, 23, 24, 25, 26, 27, 28, 29, 30, 31, 32, 33, 34, 35, 36, 37, 38, 39, 40, 41, 42, 43, 44, 45] [34, 35, 36, 37, 38, 39] 20160605
411.4182955203728 [0, 1, 2, 3, 4, 5, 6, 7, 8, 9, 10, 11, 12, 13, 14, 15, 16, 17, 18, 19, 20, 21, 22, 23, 24, 25, 26, 27, 28] [151, 152, 153, 154, 155, 156, 157] 20160605
369.9642249971986 [8, 9, 10, 11, 12, 13, 14, 15, 16, 17, 18, 19, 20, 21, 22, 23, 24, 25, 26, 27, 28, 29, 30, 31, 32, 33, 34, 35, 36, 37, 38, 39, 40, 41, 42, 43] [1, 2, 3, 4, 5] 20160605
358.8772671222612 [7, 8, 9, 10, 11, 12, 13, 14, 15] [205, 206, 207, 208] 20160605
345.39809238358885 [9, 10, 11, 12, 13, 14, 15, 16, 17, 18, 19, 20, 21, 22, 23, 24, 25, 26, 27, 28, 29, 30, 31, 32, 33, 34, 35, 36, 37, 38, 39, 40, 41, 42, 43, 44, 45] [11, 12, 13, 14, 15, 16, 17] 20160605
344.9310720193883 [7, 8, 9, 10, 11, 12, 13, 14, 15, 16, 17, 18, 19, 20, 21, 22, 23, 24, 25, 26, 27, 28, 29, 30, 31, 32, 33, 34, 35, 36, 37, 38, 39, 40, 41, 42, 43] [101, 102, 103, 104, 105] 20160605
342.57626209571777 [7, 8, 9, 10, 11, 12, 13, 14, 15, 16, 17, 18, 19, 20, 21, 22, 23, 24, 25, 26, 27, 28] [158, 159, 160, 161, 162, 163, 164, 165] 20160605
341.8474855269688 [8, 9, 10, 11, 12, 13, 14, 15, 16, 17, 18, 19, 20, 21, 22, 23, 24, 25, 26, 27, 28, 29, 30, 31, 32, 33, 34, 35, 36, 37, 38, 39, 40, 41, 42, 43] [5, 6, 7, 8, 9, 10, 11, 12, 13] 20160605
339.5495637605797 [8, 9, 10, 11, 12, 13, 14, 15, 16, 17, 18, 19, 20, 21, 22, 23, 24, 25, 26, 27, 28, 29, 30, 31, 32, 33, 34, 35, 36, 37, 38, 39, 40, 41, 42] [202, 203, 204, 205, 206] 20160605
315.3333333333333 [16] [129, 130, 131] 20160605
313.54667241549265 [8, 9, 10, 11, 12, 13, 14, 15, 16, 17, 18, 19, 20, 21, 22, 23, 24, 25, 26, 27, 28, 29, 30, 31, 32, 33, 34, 35, 36, 37, 38, 39, 40, 41, 42] [107, 108, 109, 110, 111] 20160605
