1477.3333333333333 [36] [25, 26, 27] 20160520
1288.3333333333333 [0] [277, 278, 279] 20160520
893.3333333333334 [10] [45, 46, 47] 20160520
875.3981951089457 [16, 17, 18, 19, 20, 21, 22, 23, 24, 25, 26, 27, 28, 29, 30, 31, 32, 33, 34, 35, 36] [16, 17, 18, 19, 20, 21, 22, 23, 24, 25] 20160520
721.0 [1] [64, 65, 66, 67, 68, 69, 70, 71] 20160520
697.5608396405291 [0, 1, 2, 3, 4, 5, 6, 7, 8, 9, 10, 11, 12, 13, 14, 15, 16] [267, 268, 269, 270, 271, 272, 273, 274, 275, 276, 277] 20160520
608.1666666666666 [1] [81, 82, 83, 84, 85, 86, 87, 88, 89, 90, 91, 92] 20160520
520.5 [10] [35, 36, 37, 38, 39, 40, 41, 42, 43, 44, 45] 20160520
510.3333333333333 [16] [10, 11, 12, 13, 14, 15, 16, 17] 20160520
393.6666666666667 [23] [184, 185, 186] 20160520
351.0660013467372 [16, 17, 18, 19, 20, 21, 22, 23, 24, 25, 26, 27, 28, 29, 30, 31, 32, 33, 34, 35, 36, 37, 38, 39, 40, 41, 42, 43, 44, 45] [247, 248, 249, 250, 251] 20160520
341.8875844051234 [32, 33, 34, 35, 36, 37, 38, 39, 40, 41, 42, 43] [218, 219, 220, 221] 20160520
336.06596919079465 [7, 8, 9, 10, 11, 12, 13, 14, 15, 16, 17, 18, 19, 20, 21, 22, 23, 24, 25, 26, 27, 28, 29, 30, 31, 32, 33, 34, 35, 36, 37, 38, 39, 40, 41, 42, 43] [252, 253, 254, 255, 256, 257, 258, 259] 20160520
322.8214963873098 [8, 9, 10, 11, 12, 13, 14, 15, 16, 17, 18, 19, 20, 21, 22, 23, 24, 25, 26, 27, 28, 29, 30, 31, 32, 33, 34, 35, 36, 37, 38, 39, 40, 41, 42, 43] [204, 205, 206, 207, 208, 209, 210, 211, 212, 213, 214] 20160520
317.25524249236435 [12, 13, 14, 15, 16, 17, 18, 19, 20, 21, 22, 23, 24, 25, 26, 27, 28, 29, 30, 31, 32, 33, 34, 35, 36, 37, 38] [196, 197, 198, 199, 200] 20160520
302.09790356135835 [9, 10, 11, 12, 13, 14, 15, 16, 17, 18, 19, 20, 21, 22, 23, 24, 25, 26, 27, 28, 29, 30, 31, 32, 33, 34, 35, 36, 37, 38, 39, 40, 41, 42, 43] [235, 236, 237, 238, 239, 240, 241, 242, 243, 244, 245] 20160520
276.12519805334676 [32, 33, 34, 35, 36, 37, 38, 39, 40, 41, 42, 43] [223, 224, 225, 226, 227, 228, 229, 230, 231, 232, 233, 234] 20160520
259.86174208605615 [10, 11, 12, 13, 14, 15, 16, 17, 18, 19, 20, 21, 22, 23] [177, 178, 179, 180, 181, 182, 183, 184] 20160520
248.27808110172663 [37, 38, 39, 40, 41, 42, 43, 44, 45, 46, 47, 48, 49, 50] [168, 169, 170, 171, 172, 173, 174, 175, 176] 20160520
247.01596889450062 [43, 44, 45, 46, 47, 48, 49, 50, 51, 52, 53] [117, 118, 119, 120, 121, 122, 123, 124, 125, 126] 20160520
