20374.333333333332 [27] [111, 112, 113] 20160501
7509.666666666667 [32] [14, 15, 16] 20160501
4908.666666666667 [52] [62, 63, 64] 20160501
3219.0 [27] [86, 87, 88] 20160501
2309.528598485462 [27, 28, 29, 30, 31, 32, 33, 34] [79, 80, 81, 82, 83, 84, 85, 86] 20160501
931.3333333333334 [4] [153, 154, 155] 20160501
918.0 [7] [196, 197, 198] 20160501
913.111111111111 [8, 9, 10, 11, 12, 13, 14, 15, 16, 17, 18, 19, 20] [276, 277, 278, 279, 280, 281, 282, 283, 284, 285, 286, 287] 20160501
704.9446786805331 [16, 17, 18, 19, 20, 21, 22, 23, 24, 25, 26, 27, 28, 29, 30, 31, 32, 33, 34, 35, 36, 37, 38, 39, 40, 41, 42, 43] [273, 274, 275] 20160501
513.2643893095773 [38, 39, 40, 41, 42, 43, 44, 45] [121, 122, 123, 124, 125, 126, 127, 128, 129, 130] 20160501
479.39317351711935 [45, 46, 47, 48, 49, 50, 51, 52, 53] [261, 262, 263, 264, 265, 266, 267, 268, 269] 20160501
474.4856962290075 [8, 9, 10, 11, 12, 13, 14, 15, 16] [33, 34, 35, 36, 37, 38, 39] 20160501
463.1549416771886 [8, 9, 10, 11, 12, 13, 14, 15, 16] [30, 31, 32, 33, 34] 20160501
433.3333333333333 [42, 43, 44, 45, 46, 47, 48, 49, 50, 51] [129, 130, 131, 132, 133, 134, 135] 20160501
429.1666666666667 [7, 8, 9, 10, 11, 12, 13, 14, 15, 16, 17, 18, 19, 20, 21, 22, 23, 24, 25, 26, 27, 28, 29, 30, 31, 32, 33, 34, 35, 36, 37, 38, 39, 40, 41, 42, 43] [137, 138, 139, 140] 20160501
356.65284241121645 [8, 9, 10, 11, 12] [182, 183, 184, 185, 186, 187, 188] 20160501
336.7978424906389 [8, 9, 10, 11, 12, 13, 14, 15, 16, 17, 18, 19, 20, 21, 22, 23, 24, 25, 26, 27, 28, 29, 30, 31, 32, 33, 34, 35, 36, 37, 38, 39, 40, 41, 42] [171, 172, 173, 174, 175, 176, 177, 178, 179, 180, 181] 20160501
295.3473120280972 [8, 9, 10, 11, 12, 13, 14, 15, 16, 17, 18, 19, 20, 21, 22, 23, 24, 25, 26, 27, 28, 29, 30, 31, 32, 33, 34, 35, 36, 37, 38, 39, 40, 41, 42, 43] [43, 44, 45, 46, 47, 48, 49, 50, 51, 52] 20160501
288.23679504851776 [9, 10, 11, 12, 13, 14, 15, 16, 17, 18, 19, 20, 21, 22, 23, 24, 25, 26, 27, 28, 29, 30, 31, 32, 33, 34, 35, 36, 37, 38, 39, 40, 41, 42, 43, 44, 45] [218, 219, 220, 221, 222, 223, 224, 225, 226, 227, 228, 229] 20160501
267.21458300964014 [8, 9, 10, 11, 12, 13, 14, 15, 16, 17, 18, 19, 20, 21, 22, 23, 24, 25, 26, 27, 28, 29, 30, 31, 32, 33, 34, 35, 36, 37, 38, 39, 40, 41, 42, 43] [40, 41, 42, 43, 44, 45, 46] 20160501
