2652.3333333333335 [25] [238, 239, 240] 20160926
2307.333333333333 [39] [134, 135, 136] 20160926
2115.333333333333 [39] [126, 127, 128] 20160926
1481.0 [39] [154, 155, 156, 157, 158, 159, 160, 161, 162, 163, 164, 165] 20160926
950.6036939421748 [1, 2, 3, 4, 5, 6, 7, 8, 9, 10, 11, 12, 13, 14, 15, 16, 17, 18, 19, 20] [279, 280, 281, 282, 283, 284, 285, 286, 287] 20160926
847.6060606060605 [22] [184, 185, 186, 187, 188, 189, 190, 191, 192, 193, 194, 195] 20160926
827.9999999999999 [22] [176, 177, 178, 179, 180, 181, 182, 183] 20160926
809.6666666666667 [1] [101, 102, 103] 20160926
476.0 [53] [271, 272, 273] 20160926
336.22927445420333 [9, 10, 11, 12, 13, 14, 15, 16] [257, 258, 259, 260, 261] 20160926
275.9770593755708 [8, 9, 10, 11, 12, 13, 14, 15, 16, 17, 18, 19, 20, 21, 22, 23, 24, 25, 26, 27, 28, 29, 30, 31, 32, 33, 34, 35, 36, 37, 38, 39, 40, 41, 42, 43] [77, 78, 79] 20160926
227.04166666666669 [11, 12, 13, 14, 15, 16, 17, 18, 19, 20, 21, 22, 23, 24, 25, 26, 27, 28, 29, 30, 31, 32, 33, 34, 35, 36, 37, 38] [21, 22, 23, 24, 25, 26, 27, 28] 20160926
217.0666666666667 [7, 8, 9, 10, 11, 12, 13, 14, 15, 16, 17, 18, 19, 20, 21, 22, 23, 24] [5, 6, 7, 8, 9, 10, 11, 12] 20160926
216.77933685867956 [1, 2, 3, 4, 5, 6, 7, 8, 9, 10, 11, 12, 13, 14, 15] [83, 84, 85, 86, 87, 88, 89, 90, 91, 92] 20160926
211.48484848484847 [7, 8, 9, 10, 11, 12] [29, 30, 31, 32, 33, 34, 35, 36, 37, 38, 39, 40] 20160926
209.2139735348053 [9, 10, 11, 12, 13, 14, 15, 16, 17, 18, 19, 20, 21, 22, 23, 24, 25, 26, 27, 28, 29, 30, 31, 32, 33, 34, 35, 36, 37, 38] [15, 16, 17, 18, 19, 20, 21, 22] 20160926
208.825371337598 [10, 11, 12, 13, 14, 15, 16, 17, 18, 19, 20, 21, 22, 23, 24] [39, 40, 41, 42, 43, 44, 45] 20160926
205.02083333333334 [7, 8, 9, 10, 11, 12, 13, 14, 15, 16, 17, 18, 19, 20, 21, 22, 23, 24, 25, 26, 27, 28, 29, 30, 31, 32, 33, 34, 35, 36, 37, 38, 39, 40, 41, 42, 43] [221, 222, 223, 224, 225, 226] 20160926
202.93387643382647 [8, 9, 10, 11, 12, 13, 14, 15, 16, 17, 18, 19, 20, 21, 22, 23, 24, 25, 26, 27, 28, 29, 30, 31, 32, 33, 34, 35, 36, 37, 38, 39, 40, 41, 42, 43] [208, 209, 210, 211, 212, 213, 214, 215, 216] 20160926
200.28799577108958 [11, 12, 13, 14, 15, 16, 17, 18, 19, 20, 21, 22, 23, 24, 25, 26, 27, 28, 29, 30, 31, 32, 33, 34, 35, 36, 37, 38, 39, 40, 41, 42, 43, 44, 45, 46] [45, 46, 47, 48, 49, 50, 51] 20160926
