649.0 [1, 2, 3, 4] [245, 246, 247, 248, 249, 250] 20160404
628.3333333333334 [1, 2, 3, 4] [190, 191, 192, 193, 194, 195, 196, 197, 198, 199, 200, 201, 202, 203, 204, 205, 206, 207] 20160404
616.4166666666666 [1, 2, 3, 4] [201, 202, 203, 204, 205, 206, 207, 208, 209, 210, 211, 212] 20160404
597.3650785215328 [0, 1, 2] [224, 225, 226, 227, 228, 229, 230, 231, 232, 233, 234, 235, 236, 237, 238] 20160404
368.99188864918005 [1, 2] [172, 173, 174, 175, 176, 177, 178, 179, 180, 181, 182, 183, 184, 185, 186, 187, 188, 189] 20160404
354.0 [1] [162, 163, 164, 165, 166, 167, 168, 169] 20160404
346.8333333333333 [1] [160, 161, 162] 20160404
320.6666666666667 [9] [112, 113, 114, 115, 116, 117, 118, 119, 120, 121, 122, 123] 20160404
304.1666666666667 [9] [134, 135, 136, 137, 138, 139, 140, 141, 142, 143, 144, 145, 146, 147, 148, 149] 20160404
296.8333333333333 [9] [73, 74, 75, 76, 77, 78, 79, 80, 81, 82, 83, 84] 20160404
287.5 [9] [85, 86, 87] 20160404
