545.35 [1, 2, 3, 4] [92, 93, 94, 95, 96, 97, 98, 99, 100, 101, 102, 103, 104] 20160802
540.9166666666666 [0, 1, 2, 3] [224, 225, 226, 227, 228, 229, 230, 231, 232, 233, 234, 235, 236, 237, 238, 239, 240] 20160802
535.5833333333334 [0, 1, 2, 3] [220, 221, 222, 223, 224, 225, 226, 227, 228, 229, 230, 231, 232, 233] 20160802
527.794371084183 [0, 1, 2] [214, 215, 216, 217, 218, 219, 220, 221, 222, 223, 224, 225] 20160802
489.58333333333337 [1, 2, 3, 4] [73, 74, 75, 76, 77, 78] 20160802
477.7573477544153 [2, 3, 4] [111, 112, 113, 114, 115, 116, 117, 118, 119] 20160802
468.0386182230567 [1, 2, 3] [134, 135, 136, 137, 138, 139, 140, 141, 142, 143, 144, 145] 20160802
457.85164081828947 [2, 3] [191, 192, 193, 194, 195, 196, 197] 20160802
454.41666666666663 [2, 3, 4, 6] [176, 177, 178, 179, 180] 20160802
439.5 [1, 2, 3, 4] [77, 78, 79, 80, 81, 82] 20160802
406.58333333333337 [0, 1, 2, 3] [238, 239, 240, 241, 242, 243, 244, 245, 246, 247, 248, 249, 250] 20160802
393.1755333181352 [1, 2, 3] [141, 142, 143, 144, 145, 146, 147, 148, 149, 150, 151, 152, 153, 154, 155] 20160802
377.49999999999994 [0, 1, 2, 3] [246, 247, 248, 249, 250, 251] 20160802
354.378348504658 [2, 3] [152, 153, 154, 155, 156, 157, 158, 159, 160, 161, 162, 163, 164, 165] 20160802
343.71586025755715 [2, 3, 4] [118, 119, 120, 121, 122, 123, 124, 125, 126, 127, 128, 129, 130] 20160802
342.71108661508 [2, 3] [158, 159, 160, 161, 162, 163, 164, 165, 166, 167, 168, 169, 170, 171, 172, 173, 174] 20160802
