315.51666666666665 [9] [234, 235, 236, 237, 238, 239, 240, 241, 242, 243, 244, 245, 246, 247, 248, 249, 250] 20161027
310.8333333333333 [9] [193, 194, 195, 196, 197, 198, 199, 200, 201, 202] 20161027
307.01666666666665 [9] [73, 74, 75, 76, 77] 20161027
304.09999999999997 [9] [77, 78, 79] 20161027
289.8666666666667 [9] [223, 224, 225] 20161027
287.1166666666667 [9] [221, 222, 223] 20161027
273.4166666666667 [9] [201, 202, 203] 20161027
182.89999999999998 [9] [92, 93, 94, 95, 96, 97, 98, 99, 100, 101, 102, 103, 104, 105] 20161027
162.48333333333335 [9] [115, 116, 117, 118, 119, 120, 121, 122, 123, 124, 125, 126] 20161027
154.9 [9] [156, 157, 158, 159, 160, 161, 162, 163, 164, 165, 166] 20161027
151.96666666666667 [9] [141, 142, 143, 144, 145, 146, 147, 148, 149, 150, 151, 152, 153, 154, 155, 156, 157, 158] 20161027
84.41666666666667 [9] [138, 139, 140, 141, 142, 143, 144] 20161027
