290.93333333333334 [8] [239, 240, 241] 20161230
279.54999999999995 [8] [238, 239, 240] 20161230
274.95 [8] [227, 228, 229, 230, 231, 232, 233, 234, 235, 236, 237, 238, 239] 20161230
136.55410456014215 [8, 9] [121, 122, 123, 124, 125, 126, 127, 128, 129, 130, 131] 20161230
119.56666666666663 [8] [139, 140, 141, 142, 143, 144, 145, 146, 147, 148, 149, 150, 151, 152, 153, 154, 155, 156] 20161230
104.7166666666667 [8] [210, 211, 212, 213, 214, 215, 216, 217, 218, 219, 220, 221, 222, 223, 224, 225, 226, 227] 20161230
88.66666666666663 [8] [112, 113, 114, 115, 116, 117, 118, 119, 120, 121, 122, 123, 124] 20161230
85.7833333333333 [8] [158, 159, 160, 161, 162, 163, 164, 165, 166] 20161230
73.65000000000003 [8] [156, 157, 158] 20161230
60.75225761694422 [8, 9] [193, 194, 195, 196, 197, 198, 199, 200, 201, 202] 20161230
59.46768029778866 [8, 9] [177, 178, 179, 180, 181, 182, 183, 184, 185, 186, 187, 188, 189, 190, 191, 192, 193, 194] 20161230
59.2833333333333 [8] [209, 210, 211, 212, 213, 214, 215, 216, 217, 218, 219, 220] 20161230
51.2733333333334 [3, 4, 6, 7] [82, 83, 84, 85, 86, 87, 88, 89, 90, 91, 92, 93, 94, 95, 96, 97, 98] 20161230
48.56478014333405 [3, 5, 6] [91, 92, 93, 94, 95, 96, 97, 98, 99, 100, 101, 102, 103, 104, 105, 106, 107] 20161230
