478.8158232479297 [7, 8, 9] [120, 121, 122, 123, 124] 20160317
453.52788145742403 [7, 8, 9] [104, 105, 106, 107, 108, 109, 110] 20160317
450.8720702191518 [7, 8, 9] [134, 135, 136, 137, 138, 139, 140] 20160317
421.177021373832 [7, 8, 9] [92, 93, 94, 95, 96, 97, 98, 99, 100, 101, 102, 103, 104, 105, 106] 20160317
409.91869112463434 [7, 8, 9] [77, 78, 79, 80, 81, 82, 83, 84, 85, 86, 87, 88, 89, 90, 91, 92, 93] 20160317
360.1703429294616 [7, 8, 9] [152, 153, 154, 155, 156, 157, 158, 159, 160, 161, 162, 163, 164] 20160317
346.600173911606 [7, 9] [171, 172, 173, 174, 175, 176, 177, 178, 179, 180, 181, 182] 20160317
320.5 [9] [223, 224, 225] 20160317
318.1666666666667 [9] [222, 223, 224] 20160317
313.1666666666667 [9] [221, 222, 223] 20160317
79.21969696969694 [6, 7, 8, 9] [239, 240, 241, 242, 243, 244, 245, 246, 247, 248, 249, 250, 251] 20160317
