420.2243934296691 [7, 8, 9] [72, 73, 74, 75, 76, 77, 78, 79, 80, 81, 82] 20161130
407.54099333686673 [8, 9] [88, 89, 90, 91, 92, 93, 94, 95, 96, 97, 98, 99, 100, 101, 102] 20161130
375.509056149116 [8, 9] [125, 126, 127, 128, 129, 130, 131, 132, 133, 134, 135, 136] 20161130
356.436811188702 [7, 8, 9] [199, 200, 201, 202, 203, 204, 205, 206, 207, 208, 209, 210, 211, 212, 213] 20161130
343.2296315879501 [8, 9] [106, 107, 108, 109, 110, 111, 112, 113, 114, 115] 20161130
339.45839542162184 [8, 9] [82, 83, 84, 85, 86, 87, 88, 89, 90] 20161130
334.4968628402963 [8, 9] [124, 125, 126] 20161130
312.19942900688045 [8, 9] [114, 115, 116, 117, 118, 119, 120, 121, 122] 20161130
247.08667020418687 [7, 8, 9] [213, 214, 215] 20161130
220.61666666666667 [9] [229, 230, 231] 20161130
190.15000000000003 [9] [172, 173, 174, 175, 176, 177, 178, 179, 180, 181, 182, 183, 184, 185, 186, 187, 188, 189] 20161130
165.7466666666667 [8] [151, 152, 153, 154, 155, 156, 157, 158, 159, 160, 161, 162, 163, 164, 165, 166, 167] 20161130
165.48655702369166 [8, 9] [168, 169, 170, 171, 172, 173, 174, 175, 176, 177, 178, 179, 180, 181, 182] 20161130
