508.91666666666663 [3, 4, 5, 6] [110, 111, 112, 113, 114, 115, 116, 117, 118, 119, 120, 121, 122, 123] 20160601
499.02308266956663 [3, 5, 6] [96, 97, 98, 99, 100, 101, 102] 20160601
467.45238095238096 [4, 6, 7, 9] [128, 129, 130, 131, 132, 133, 134, 135, 136, 137] 20160601
467.00000000000006 [3, 5, 7, 9] [116, 117, 118, 119, 120, 121, 122, 123, 124, 125, 126, 127, 128] 20160601
459.8333333333333 [4, 6, 7, 9] [136, 137, 138, 139, 140, 141, 142, 143, 144, 145, 146, 147, 148, 149, 150, 151, 152, 153] 20160601
445.5 [2, 3, 5, 7] [167, 168, 169, 170, 171] 20160601
441.91666666666663 [2, 3, 4, 6] [72, 73, 74] 20160601
435.66666666666663 [2, 3, 5, 7] [201, 202, 203, 204, 205, 206, 207, 208, 209, 210, 211, 212, 213, 214, 215, 216, 217] 20160601
432.03205128205127 [1, 2, 3, 4] [120, 121, 122, 123, 124, 125, 126, 127, 128, 129, 130, 131, 132, 133, 134] 20160601
428.75 [3, 5, 7, 9] [211, 212, 213, 214, 215, 216, 217, 218, 219, 220, 221, 222] 20160601
421.16666666666663 [2, 3, 5, 7] [216, 217, 218, 219, 220, 221, 222, 223, 224, 225, 226] 20160601
366.58333333333337 [3, 5, 6, 7] [222, 223, 224, 225, 226, 227, 228, 229, 230, 231, 232, 233, 234, 235, 236, 237, 238] 20160601
356.89869140405375 [3, 5, 7] [185, 186, 187, 188, 189, 190, 191, 192, 193, 194, 195, 196, 197, 198, 199, 200, 201, 202] 20160601
268.5 [3] [247, 248, 249, 250, 251] 20160601
