638.6666666666666 [0, 1, 2, 3] [248, 249, 250] 20160304
629.4166666666666 [2, 3, 5, 7] [206, 207, 208, 209, 210, 211, 212, 213, 214, 215, 216, 217, 218, 219, 220] 20160304
604.6666666666667 [0, 1, 2, 3] [247, 248, 249] 20160304
595.4166666666666 [0, 1, 2, 3] [233, 234, 235, 236, 237, 238, 239, 240, 241, 242, 243, 244, 245, 246, 247, 248] 20160304
582.2833333333333 [5, 6, 7, 8] [212, 213, 214, 215, 216, 217, 218, 219, 220, 221, 222, 223, 224, 225, 226] 20160304
567.8333333333334 [2, 3, 5, 7] [219, 220, 221, 222, 223, 224, 225, 226, 227, 228, 229] 20160304
443.23810067376746 [8, 9] [78, 79, 80, 81, 82, 83, 84, 85, 86, 87, 88, 89, 90] 20160304
442.7666961529765 [8, 9] [87, 88, 89, 90, 91, 92, 93, 94] 20160304
332.3333333333333 [1] [147, 148, 149, 150, 151, 152, 153, 154, 155, 156] 20160304
327.0 [1] [121, 122, 123, 124, 125, 126, 127, 128, 129, 130, 131, 132] 20160304
325.0 [1] [132, 133, 134, 135, 136, 137, 138, 139, 140, 141, 142, 143, 144, 145, 146] 20160304
290.8333333333333 [9] [113, 114, 115, 116, 117, 118, 119, 120, 121, 122, 123] 20160304
234.33333333333331 [9] [72, 73, 74, 75, 76, 77, 78, 79, 80, 81] 20160304
135.66666666666669 [4, 6, 7, 9] [181, 182, 183, 184, 185, 186, 187, 188, 189, 190, 191, 192] 20160304
