458.91666666666663 [4, 6, 7, 9] [80, 81, 82, 83, 84, 85, 86, 87] 20160815
447.4807413608867 [4, 6] [89, 90, 91, 92, 93, 94, 95, 96] 20160815
444.64102564102564 [1, 2, 3, 4] [108, 109, 110, 111, 112, 113, 114, 115, 116, 117, 118, 119, 120, 121, 122] 20160815
417.6666666666667 [4, 6, 7, 9] [92, 93, 94, 95, 96, 97, 98, 99, 100, 101, 102, 103] 20160815
398.57252232881734 [0, 1] [157, 158, 159] 20160815
349.5 [4, 6, 7, 9] [142, 143, 144, 145, 146, 147] 20160815
345.6666666666667 [6] [163, 164, 165] 20160815
342.71108661508 [7, 9] [130, 131, 132] 20160815
324.1666666666667 [8] [229, 230, 231, 232, 233, 234, 235, 236, 237, 238, 239, 240, 241] 20160815
269.9969392830634 [0, 1] [201, 202, 203, 204, 205, 206, 207, 208, 209, 210, 211, 212, 213, 214, 215, 216, 217] 20160815
235.46655813512032 [0, 1] [191, 192, 193, 194, 195, 196] 20160815
