464.33345297916617 [1, 2] [216, 217, 218, 219, 220, 221, 222, 223, 224, 225] 20160818
460.44436568264024 [1, 2] [239, 240, 241] 20160818
459.9729611618491 [1, 2] [235, 236, 237, 238, 239] 20160818
450.16666666666663 [4, 6, 7, 9] [126, 127, 128, 129, 130, 131, 132, 133, 134, 135, 136, 137, 138] 20160818
448.25 [6, 7, 8, 9] [119, 120, 121, 122, 123, 124, 125, 126, 127] 20160818
430.1666666666667 [6, 7, 8, 9] [92, 93, 94] 20160818
413.8333333333333 [6, 7, 8, 9] [96, 97, 98, 99, 100, 101, 102, 103, 104, 105, 106, 107, 108, 109, 110, 111, 112] 20160818
402.10805623475005 [7, 9] [140, 141, 142, 143, 144, 145, 146, 147, 148, 149, 150, 151, 152] 20160818
397.27615989664196 [7, 9] [152, 153, 154, 155, 156, 157, 158, 159, 160, 161, 162, 163, 164, 165, 166, 167] 20160818
128.10417852496283 [8, 9] [185, 186, 187, 188, 189, 190, 191, 192, 193, 194, 195, 196, 197, 198, 199, 200, 201] 20160818
