588.3333333333333 [4, 6, 7, 8] [167, 168, 169, 170] 20160313
518.4999999999999 [4, 6, 7, 9] [147, 148, 149, 150, 151, 152, 153, 154] 20160313
506.76666666666665 [2, 3, 4, 6] [107, 108, 109, 110, 111, 112, 113, 114, 115, 116, 117, 118, 119] 20160313
487.5 [1, 2, 3, 4] [133, 134, 135, 136, 137, 138, 139, 140, 141, 142, 143, 144, 145, 146, 147, 148, 149] 20160313
454.80767455412774 [4, 6, 7] [179, 180, 181, 182, 183, 184, 185, 186, 187, 188, 189, 190, 191, 192] 20160313
426.0844986619438 [2, 3, 4] [118, 119, 120, 121, 122, 123, 124, 125, 126, 127, 128, 129, 130] 20160313
417.13556948950463 [2, 3, 4] [75, 76, 77, 78, 79, 80, 81, 82, 83, 84, 85] 20160313
414.2488181435565 [2, 3, 4] [237, 238, 239, 240, 241, 242, 243, 244, 245, 246, 247, 248, 249] 20160313
403.96875 [2, 3, 4, 5] [191, 192, 193, 194, 195, 196, 197, 198, 199, 200, 201, 202, 203, 204, 205, 206, 207, 208] 20160313
393.08333333333337 [2, 3, 4, 6] [97, 98, 99, 100, 101, 102, 103, 104, 105, 106, 107, 108] 20160313
352.2570281610984 [3, 4] [91, 92, 93] 20160313
350.8333333333333 [2] [230, 231, 232, 233, 234, 235, 236] 20160313
342.25 [2, 3, 4, 5] [208, 209, 210, 211, 212, 213, 214, 215, 216, 217, 218, 219, 220, 221, 222, 223, 224, 225] 20160313
334.4015151515151 [4, 5, 7, 9] [214, 215, 216, 217, 218, 219, 220, 221, 222, 223, 224, 225, 226] 20160313
319.0833333333333 [2, 3, 4, 5] [207, 208, 209, 210] 20160313
