245.5 [8] [105, 106, 107, 108, 109, 110, 111, 112, 113, 114, 115, 116, 117, 118, 119, 120, 121, 122] 20160329
62.34324787461395 [8, 9] [229, 230, 231, 232] 20160329
52.090199547409014 [8, 9] [232, 233, 234] 20160329
49.08333333333334 [6, 7, 8, 9] [209, 210, 211, 212, 213, 214, 215, 216, 217, 218, 219, 220, 221, 222, 223] 20160329
48.00000000000003 [6, 7, 8, 9] [204, 205, 206, 207, 208, 209, 210, 211] 20160329
47.916666666666686 [1, 2, 3, 4] [167, 168, 169, 170, 171, 172] 20160329
47.84755886028969 [8, 9] [153, 154, 155] 20160329
46.31549416771886 [8, 9] [154, 155, 156] 20160329
42.583333333333314 [1, 2, 3, 4] [172, 173, 174, 175, 176, 177, 178, 179, 180, 181, 182, 183] 20160329
42.19070461079735 [8, 9] [76, 77, 78, 79, 80, 81, 82, 83, 84, 85, 86, 87, 88, 89, 90, 91, 92, 93] 20160329
