480.4516490106337 [7, 8, 9] [81, 82, 83, 84, 85, 86, 87, 88, 89, 90] 20160612
433.39760207167916 [7, 8, 9] [80, 81, 82] 20160612
292.1666666666667 [9] [93, 94, 95, 96, 97, 98, 99, 100, 101, 102] 20160612
247.60522454548934 [8, 9] [106, 107, 108, 109, 110, 111, 112, 113, 114] 20160612
246.33333333333331 [9] [115, 116, 117, 118] 20160612
242.16666666666669 [9] [123, 124, 125, 126, 127, 128, 129, 130, 131, 132, 133] 20160612
87.66666666666669 [8] [171, 172, 173, 174, 175, 176, 177, 178, 179, 180, 181, 182, 183, 184, 185, 186, 187] 20160612
85.08333333333331 [3, 5, 7, 8] [145, 146, 147, 148, 149, 150, 151, 152, 153, 154, 155, 156, 157, 158, 159, 160, 161] 20160612
75.7782767171583 [8, 9] [185, 186, 187, 188, 189] 20160612
62.57895013500945 [8, 9] [196, 197, 198, 199, 200, 201, 202, 203, 204, 205, 206, 207, 208] 20160612
55.23317575247421 [7, 8, 9] [191, 192, 193, 194, 195, 196, 197, 198, 199, 200, 201, 202] 20160612
54.900000000000006 [4, 6, 7, 9] [162, 163, 164, 165, 166, 167, 168, 169, 170, 171, 172, 173, 174] 20160612
53.81385634071636 [7, 8, 9] [236, 237, 238, 239, 240, 241, 242, 243, 244, 245, 246] 20160612
52.333333333333314 [8] [249, 250, 251] 20160612
51.833333333333314 [8] [248, 249, 250] 20160612
46.38047162489996 [7, 8, 9] [219, 220, 221, 222] 20160612
42.33901974057258 [5, 7, 9] [226, 227, 228, 229, 230, 231, 232, 233, 234, 235, 236, 237, 238, 239] 20160612
