537.6041666666666 [4, 5, 7, 9] [94, 95, 96, 97, 98, 99, 100, 101, 102, 103, 104, 105] 20160619
475.91666666666663 [6, 7, 8, 9] [117, 118, 119, 120, 121, 122, 123, 124, 125, 126, 127, 128, 129, 130, 131, 132, 133, 134] 20160619
448.4087090706094 [5, 7, 9] [169, 170, 171, 172] 20160619
444.91666666666674 [6, 7, 8, 9] [134, 135, 136, 137, 138, 139, 140, 141, 142, 143] 20160619
436.7654786419519 [3, 4, 5] [81, 82, 83, 84, 85, 86, 87, 88, 89, 90, 91] 20160619
434.33333333333337 [6, 7, 8, 9] [140, 141, 142, 143, 144, 145, 146, 147, 148, 149, 150, 151, 152, 153, 154, 155, 156, 157] 20160619
367.69552621700467 [3, 4] [72, 73, 74, 75, 76, 77] 20160619
357.6781801501953 [7, 8] [191, 192, 193, 194, 195, 196, 197, 198, 199, 200] 20160619
296.95048845319747 [3, 5, 7] [220, 221, 222, 223, 224, 225, 226] 20160619
290.0316314166822 [7, 9] [226, 227, 228, 229, 230, 231, 232, 233, 234, 235, 236, 237, 238, 239, 240, 241, 242, 243] 20160619
