457.75 [5, 7, 8, 9] [79, 80, 81, 82, 83, 84, 85, 86] 20160406
450.14075987817824 [7, 8, 9] [121, 122, 123, 124, 125, 126, 127, 128, 129, 130, 131, 132, 133] 20160406
435.033427834383 [7, 8, 9] [106, 107, 108, 109, 110, 111, 112, 113, 114, 115, 116] 20160406
410.39981634895895 [7, 8, 9] [144, 145, 146, 147] 20160406
403.8565132981432 [7, 8, 9] [133, 134, 135, 136, 137, 138, 139, 140, 141, 142, 143, 144, 145] 20160406
388.5 [6, 7, 8, 9] [128, 129, 130, 131, 132, 133, 134, 135, 136, 137, 138] 20160406
387.33333333333337 [5, 6, 7, 9] [78, 79, 80] 20160406
373.7380742554178 [7, 8, 9] [87, 88, 89, 90, 91, 92, 93, 94, 95, 96, 97, 98, 99, 100, 101, 102, 103, 104] 20160406
340.25 [5, 7, 8, 9] [74, 75, 76] 20160406
155.5 [8] [183, 184, 185, 186, 187, 188, 189, 190, 191, 192, 193, 194, 195, 196, 197, 198, 199] 20160406
88.31534617703974 [6, 7, 8] [228, 229, 230, 231, 232, 233, 234] 20160406
79.48333333333333 [4, 5, 7, 8] [222, 223, 224, 225, 226, 227, 228] 20160406
78.58333333333334 [5, 7, 8, 9] [170, 171, 172, 173, 174, 175, 176, 177, 178, 179, 180, 181, 182, 183, 184, 185, 186, 187] 20160406
64.42857142857143 [3, 4, 5, 6] [209, 210, 211, 212, 213, 214, 215, 216, 217] 20160406
