463.2273659798098 [7, 8, 9] [72, 73, 74, 75, 76, 77, 78, 79, 80, 81, 82, 83, 84, 85] 20160701
439.34901337724153 [8, 9] [131, 132, 133, 134, 135, 136, 137, 138, 139, 140, 141] 20160701
401.0659869970601 [7, 8, 9] [85, 86, 87, 88, 89, 90] 20160701
400.25 [6, 7, 8, 9] [111, 112, 113, 114, 115, 116, 117] 20160701
304.0 [8] [249, 250, 251] 20160701
300.8333333333333 [8] [248, 249, 250] 20160701
263.27942486179114 [8, 9] [151, 152, 153, 154, 155, 156, 157, 158, 159, 160, 161, 162, 163, 164, 165, 166, 167, 168] 20160701
257.1666666666667 [6] [226, 227, 228, 229, 230, 231, 232, 233, 234, 235, 236, 237, 238, 239] 20160701
236.52116027801668 [4, 5, 6] [211, 212, 213, 214, 215, 216, 217, 218, 219, 220, 221, 222] 20160701
226.12885543260342 [4, 6, 7] [185, 186, 187, 188, 189, 190, 191, 192, 193, 194, 195, 196, 197] 20160701
206.54589078459054 [4, 5] [198, 199, 200, 201, 202, 203, 204, 205, 206, 207, 208, 209] 20160701
