560.4416666666666 [1, 2, 3, 4] [202, 203, 204, 205, 206, 207, 208, 209, 210, 211, 212, 213, 214] 20160906
557.5416666666667 [3, 4, 5, 6] [86, 87, 88, 89, 90, 91, 92, 93, 94, 95, 96, 97, 98, 99, 100, 101] 20160906
520.725 [1, 2, 3, 4] [163, 164, 165, 166, 167, 168, 169, 170, 171, 172, 173] 20160906
506.6727272727273 [4, 5, 7, 8] [145, 146, 147, 148, 149, 150, 151, 152, 153, 154, 155, 156, 157] 20160906
495.9053912159427 [1, 2, 3] [195, 196, 197, 198, 199, 200, 201, 202, 203, 204] 20160906
488.47681775236936 [1, 2, 3] [189, 190, 191, 192, 193, 194, 195, 196, 197] 20160906
480.35542396576864 [7, 8, 9] [232, 233, 234, 235, 236, 237, 238, 239, 240, 241, 242, 243, 244] 20160906
451.53602302871985 [4, 5, 6] [72, 73, 74, 75, 76, 77, 78, 79, 80, 81, 82, 83, 84, 85, 86, 87, 88] 20160906
450.56415007558405 [6, 7, 8] [110, 111, 112, 113, 114, 115, 116, 117, 118, 119, 120] 20160906
448.2739940077985 [6, 7, 8] [143, 144, 145, 146, 147, 148] 20160906
445.7625203368237 [6, 7, 8] [131, 132, 133, 134, 135, 136, 137, 138, 139, 140, 141, 142, 143, 144, 145] 20160906
414.75 [1, 2, 3, 4] [117, 118, 119, 120, 121, 122, 123, 124, 125, 126, 127, 128, 129, 130, 131] 20160906
389.60833333333335 [4, 6, 7, 9] [242, 243, 244, 245, 246, 247, 248, 249] 20160906
