208.5965004500315 [6, 7] [216, 217, 218, 219, 220, 221, 222, 223, 224, 225, 226, 227, 228] 20160714
193.33333333333334 [8] [113, 114, 115, 116, 117, 118, 119, 120, 121, 122, 123] 20160714
189.85201351852194 [6, 7, 8] [226, 227, 228, 229, 230, 231, 232] 20160714
184.33333333333334 [7] [146, 147, 148, 149, 150, 151, 152, 153, 154, 155, 156, 157, 158, 159, 160, 161, 162, 163] 20160714
171.5 [8] [99, 100, 101, 102, 103, 104, 105, 106] 20160714
161.16666666666666 [8] [123, 124, 125] 20160714
140.1638059763898 [6, 7, 8] [232, 233, 234, 235, 236, 237, 238, 239, 240, 241, 242, 243, 244, 245, 246, 247, 248, 249] 20160714
111.33333333333331 [6] [206, 207, 208] 20160714
103.16666666666666 [6] [187, 188, 189, 190, 191, 192, 193, 194, 195, 196, 197, 198, 199, 200, 201, 202] 20160714
77.58333333333334 [1, 2, 3, 4] [166, 167, 168, 169, 170, 171, 172, 173, 174, 175, 176, 177, 178, 179, 180] 20160714
74.24999999999999 [1, 2, 3, 4] [174, 175, 176, 177, 178, 179, 180, 181, 182, 183, 184, 185, 186, 187, 188, 189, 190] 20160714
74.24621202458748 [0, 1] [73, 74, 75, 76, 77, 78, 79, 80, 81, 82, 83, 84, 85, 86, 87, 88, 89, 90] 20160714
71.88010851410841 [4, 6, 7] [82, 83, 84, 85, 86, 87, 88, 89, 90, 91, 92] 20160714
63.261093781206135 [4, 6, 7] [72, 73, 74, 75, 76, 77, 78, 79, 80, 81] 20160714
