381.8376618407356 [7, 9] [94, 95, 96, 97, 98, 99, 100, 101, 102, 103, 104, 105, 106, 107, 108, 109] 20160307
374.5308917684747 [7, 9] [108, 109, 110, 111, 112, 113, 114, 115, 116, 117, 118, 119, 120, 121, 122, 123, 124] 20160307
348.91666666666663 [5, 7, 8, 9] [72, 73, 74, 75, 76, 77, 78, 79] 20160307
340.9433196621136 [8, 9] [79, 80, 81, 82] 20160307
325.1666666666667 [7] [164, 165, 166] 20160307
322.1666666666667 [7] [163, 164, 165] 20160307
303.0 [3] [241, 242, 243] 20160307
271.5 [7] [152, 153, 154, 155, 156, 157, 158, 159, 160, 161, 162, 163] 20160307
243.16666666666666 [7] [179, 180, 181, 182, 183, 184, 185, 186, 187, 188, 189, 190, 191, 192, 193, 194, 195] 20160307
114.41666666666667 [1, 2, 3, 5] [218, 219, 220, 221, 222, 223, 224, 225, 226, 227, 228, 229, 230, 231, 232] 20160307
90.35531712817644 [4, 5, 6] [199, 200, 201, 202, 203, 204, 205, 206, 207, 208, 209, 210, 211, 212, 213, 214, 215, 216] 20160307
