486.89872701658436 [7, 8, 9] [232, 233, 234, 235, 236] 20160529
450.0445348333133 [7, 8, 9] [115, 116, 117, 118, 119, 120, 121, 122, 123, 124, 125, 126, 127, 128] 20160529
439.3333333333333 [4, 5, 7, 8] [164, 165, 166, 167, 168, 169, 170, 171, 172, 173, 174, 175, 176, 177, 178, 179] 20160529
435.41832801384277 [7, 8, 9] [125, 126, 127, 128, 129, 130, 131, 132, 133, 134, 135, 136] 20160529
428.38885826884996 [8, 9] [89, 90, 91, 92, 93, 94, 95, 96, 97, 98, 99, 100, 101, 102] 20160529
416.4619941754501 [7, 8, 9] [220, 221, 222, 223, 224, 225, 226, 227, 228, 229, 230, 231, 232] 20160529
357.6781801501953 [3, 4] [72, 73, 74, 75, 76, 77, 78, 79, 80, 81, 82, 83, 84, 85] 20160529
354.2604973744603 [1, 2] [215, 216, 217, 218, 219, 220, 221, 222, 223, 224, 225] 20160529
300.5 [7] [150, 151, 152, 153, 154] 20160529
298.1666666666667 [1] [206, 207, 208, 209, 210, 211, 212, 213] 20160529
