10 1.0 0.12371134020618557 0.22018348623853212
15 1.0 0.1958762886597938 0.3275862068965517
20 1.0 0.27835051546391754 0.435483870967742
25 0.9705882352941176 0.3402061855670103 0.5038167938931297
30 0.9473684210526315 0.3711340206185567 0.5333333333333333
35 0.9555555555555556 0.44329896907216493 0.6056338028169015
40 0.9615384615384616 0.5154639175257731 0.6711409395973154
45 0.9642857142857143 0.5567010309278351 0.7058823529411765
50 0.9482758620689655 0.5670103092783505 0.7096774193548387
55 0.9516129032258065 0.6082474226804123 0.742138364779874
60 0.9545454545454546 0.6494845360824743 0.7730061349693252
65 0.9565217391304348 0.6804123711340206 0.7951807228915663
70 0.9459459459459459 0.7216494845360825 0.8187134502923976
75 0.9240506329113924 0.7525773195876289 0.8295454545454545
80 0.9012345679012346 0.7525773195876289 0.8202247191011236
85 0.8705882352941177 0.7628865979381443 0.8131868131868132
90 0.8444444444444444 0.7835051546391752 0.8128342245989305
95 0.8351648351648352 0.7835051546391752 0.8085106382978723
100 0.8260869565217391 0.7835051546391752 0.8042328042328043
105 0.8191489361702128 0.7938144329896907 0.806282722513089
110 0.8144329896907216 0.8144329896907216 0.8144329896907216
115 0.79 0.8144329896907216 0.802030456852792
120 0.7920792079207921 0.8247422680412371 0.8080808080808082
125 0.7788461538461539 0.8350515463917526 0.8059701492537313
130 0.7706422018348624 0.865979381443299 0.8155339805825242
135 0.7589285714285714 0.8762886597938144 0.8133971291866029
140 0.7413793103448276 0.8865979381443299 0.8075117370892019
145 0.7226890756302521 0.8865979381443299 0.7962962962962962
150 0.7049180327868853 0.8865979381443299 0.7853881278538811
155 0.6771653543307087 0.8865979381443299 0.7678571428571428
160 0.6641221374045801 0.8969072164948454 0.763157894736842
165 0.6397058823529411 0.8969072164948454 0.7467811158798283
170 0.6304347826086957 0.8969072164948454 0.7404255319148937
175 0.6170212765957447 0.8969072164948454 0.73109243697479
180 0.5958904109589042 0.8969072164948454 0.7160493827160495
185 0.5878378378378378 0.8969072164948454 0.7102040816326531
190 0.5789473684210527 0.9072164948453608 0.7068273092369479
195 0.5605095541401274 0.9072164948453608 0.6929133858267716
200 0.5555555555555556 0.9278350515463918 0.694980694980695
205 0.5508982035928144 0.9484536082474226 0.6969696969696969
210 0.5348837209302325 0.9484536082474226 0.6840148698884758
215 0.5227272727272727 0.9484536082474226 0.6739926739926739
220 0.5139664804469274 0.9484536082474226 0.6666666666666667
225 0.5 0.9484536082474226 0.6548042704626335
230 0.48936170212765956 0.9484536082474226 0.6456140350877193
235 0.47668393782383417 0.9484536082474226 0.6344827586206896
240 0.467005076142132 0.9484536082474226 0.6258503401360545
245 0.4577114427860697 0.9484536082474226 0.6174496644295303
250 0.44878048780487806 0.9484536082474226 0.609271523178808
255 0.44019138755980863 0.9484536082474226 0.6013071895424836
260 0.42990654205607476 0.9484536082474226 0.5916398713826366
265 0.423963133640553 0.9484536082474226 0.5859872611464968
270 0.4144144144144144 0.9484536082474226 0.5768025078369906
275 0.4052863436123348 0.9484536082474226 0.5679012345679012
280 0.4 0.9484536082474226 0.5626911314984708
285 0.3948497854077253 0.9484536082474226 0.5575757575757576
290 0.3865546218487395 0.9484536082474226 0.5492537313432836
295 0.3786008230452675 0.9484536082474226 0.5411764705882353
300 0.3709677419354839 0.9484536082474226 0.5333333333333334
305 0.36363636363636365 0.9484536082474226 0.5257142857142858
310 0.35658914728682173 0.9484536082474226 0.5183098591549296
315 0.34980988593155893 0.9484536082474226 0.5111111111111111
320 0.34328358208955223 0.9484536082474226 0.5041095890410958
325 0.336996336996337 0.9484536082474226 0.4972972972972974
330 0.33093525179856115 0.9484536082474226 0.49066666666666664
335 0.3250883392226148 0.9484536082474226 0.48421052631578954
340 0.3194444444444444 0.9484536082474226 0.4779220779220779
345 0.31399317406143346 0.9484536082474226 0.4717948717948718
350 0.3087248322147651 0.9484536082474226 0.4658227848101265
355 0.30363036303630364 0.9484536082474226 0.4600000000000001
360 0.2987012987012987 0.9484536082474226 0.454320987654321
365 0.2939297124600639 0.9484536082474226 0.44878048780487806
370 0.2902208201892745 0.9484536082474226 0.4444444444444445
375 0.2866043613707165 0.9484536082474226 0.4401913875598085
380 0.28307692307692306 0.9484536082474226 0.43601895734597157
385 0.2787878787878788 0.9484536082474226 0.4309133489461358
390 0.2746268656716418 0.9484536082474226 0.425925925925926
395 0.27058823529411763 0.9484536082474226 0.42105263157894735
