2493.9099934727237 [0, 1, 2, 3, 5, 6, 7] [2, 3, 4, 5] [184, 185, 186, 187, 188, 189, 190, 191, 192, 193, 194, 195, 196, 197, 198, 199, 200] 20160402
2166.337250281252 [0, 1, 3, 5, 6, 7] [7, 8] [178, 179, 180, 181, 182, 183, 184, 185, 186, 187, 188, 189, 190, 191] 20160402
2100.696395775035 [4, 6, 7] [3, 5, 6] [158, 159, 160, 161, 162, 163, 164, 165, 166, 167] 20160419
1944.4739138485234 [0, 1, 6, 7] [5, 6, 7, 8] [205, 206, 207, 208, 209, 210, 211, 212, 213, 214, 215, 216, 217, 218, 219] 20160402
1685.1243509906872 [2, 3, 5, 6, 7] [3, 4] [194, 195, 196, 197, 198, 199, 200, 201, 202, 203, 204, 205, 206, 207, 208, 209, 210] 20160403
1636.4431246157508 [2, 3, 6, 7] [4, 5, 7, 8] [182, 183, 184, 185, 186, 187, 188, 189, 190, 191, 192, 193, 194, 195, 196, 197, 198] 20160403
1526.7181209616917 [0, 6, 7] [1, 2, 3, 5] [162, 163, 164, 165, 166, 167, 168, 169, 170, 171, 172, 173, 174, 175, 176, 177, 178, 179] 20160430
1524.4757023439272 [3, 6, 7] [2, 3, 5, 6] [241, 242, 243, 244, 245, 246, 247, 248, 249, 250, 251, 252, 253, 254, 255, 256, 257, 258] 20160403
1436.021727792131 [1, 3, 5, 7] [5, 6, 7, 8] [166, 167, 168, 169, 170, 171, 172, 173, 174, 175, 176, 177, 178, 179, 180, 181, 182] 20160402
1435.029943839909 [0, 1, 6, 7] [4, 5, 6, 7] [227, 228, 229, 230, 231, 232, 233, 234, 235, 236, 237, 238, 239, 240, 241, 242, 243, 244] 20160402
1419.6169552669553 [1, 6, 7] [4, 5, 7, 9] [147, 148, 149, 150, 151, 152, 153, 154, 155, 156, 157, 158, 159, 160, 161, 162] 20160430
1388.801841726453 [6, 7] [5, 7, 8, 9] [168, 169, 170, 171, 172, 173, 174, 175, 176, 177, 178, 179, 180, 181, 182, 183, 184, 185] 20160419
1375.8480108206913 [1, 3, 7] [5, 6, 7] [236, 237, 238, 239, 240, 241, 242, 243, 244, 245, 246, 247, 248, 249, 250, 251, 252, 253] 20160402
1346.2808629522474 [3, 5, 7] [5, 7, 8, 9] [248, 249, 250, 251, 252, 253, 254, 255, 256, 257, 258, 259, 260, 261, 262] 20160421
1234.737040172779 [6, 7] [2, 3, 4, 5] [187, 188, 189, 190, 191, 192, 193, 194, 195, 196, 197, 198, 199, 200, 201, 202, 203] 20160401
1215.3132659217526 [6, 7] [4, 5, 6, 7] [218, 219, 220] 20160403
1123.4285714285716 [7] [2, 3, 5, 6] [171, 172, 173, 174, 175, 176, 177, 178, 179, 180, 181, 182, 183, 184, 185, 186, 187] 20160423
1115.340323668999 [2, 7] [7, 8, 9] [179, 180, 181, 182, 183, 184, 185, 186, 187, 188, 189] 20160403
1110.0857142857142 [3, 7] [1, 2] [172, 173, 174, 175, 176, 177, 178, 179, 180, 181, 182, 183, 184, 185, 186, 187, 188, 189] 20160401
1067.3908493661208 [6, 7] [7, 8, 9] [179, 180, 181, 182, 183, 184, 185, 186, 187, 188, 189, 190, 191, 192, 193, 194, 195, 196] 20160430
1045.244902212803 [3, 7] [7, 8, 9] [230, 231, 232, 233, 234, 235, 236, 237, 238, 239, 240, 241, 242, 243, 244, 245, 246, 247] 20160403
1035.8433629620806 [7] [2, 3, 5] [211, 212, 213, 214, 215, 216, 217, 218, 219, 220, 221, 222, 223, 224, 225, 226, 227, 228] 20160430
1007.3859126984127 [7] [5, 6, 7, 8] [184, 185, 186, 187, 188, 189, 190, 191, 192, 193, 194, 195, 196, 197, 198, 199] 20160423
992.1153846153845 [7] [6, 7, 8, 9] [191, 192, 193, 194, 195, 196, 197, 198, 199, 200, 201, 202, 203, 204] 20160430
968.3333333333333 [7] [4, 5, 6, 7] [238, 239, 240, 241, 242, 243, 244, 245, 246, 247, 248, 249, 250, 251, 252, 253, 254, 255] 20160424
956.3813996255601 [1, 7] [3, 5, 7, 8] [200, 201, 202, 203, 204, 205, 206, 207] 20160401
954.3390151515151 [7] [4, 6, 7, 9] [207, 208, 209, 210, 211, 212, 213, 214, 215, 216, 217, 218, 219, 220, 221, 222, 223, 224] 20160429
943.7275641025642 [7] [2, 3, 4, 5] [224, 225, 226, 227, 228, 229, 230, 231, 232, 233, 234, 235, 236, 237, 238, 239, 240, 241] 20160428
938.0583333333334 [7] [5, 6, 7, 8] [199, 200, 201, 202, 203, 204, 205, 206] 20160408
919.6200396825398 [7] [5, 6, 7, 8] [240, 241, 242, 243, 244, 245, 246, 247, 248, 249, 250, 251, 252, 253, 254, 255] 20160428
912.8292656067443 [7] [5, 6, 7] [203, 204, 205, 206, 207, 208, 209, 210, 211, 212, 213, 214, 215, 216, 217] 20160430
908.9861111111111 [7] [1, 2, 3, 4] [225, 226, 227, 228, 229, 230, 231, 232, 233, 234, 235, 236, 237, 238, 239, 240] 20160424
892.2948410325666 [7] [5, 7, 9] [184, 185, 186, 187, 188, 189, 190, 191, 192, 193, 194, 195, 196, 197, 198, 199, 200] 20160412
880.6553115671733 [7] [3, 4, 5, 7] [220, 221, 222, 223, 224, 225, 226, 227, 228, 229, 230, 231, 232, 233, 234, 235, 236, 237] 20160421
813.8333333333334 [7] [3, 4, 5, 7] [227, 228, 229, 230, 231, 232, 233, 234, 235, 236, 237, 238, 239] 20160412
812.6542533916595 [7] [0, 1, 2] [229, 230, 231, 232, 233, 234, 235, 236, 237] 20160422
811.4551282051282 [7] [5, 6, 7, 8] [152, 153, 154, 155, 156, 157, 158, 159, 160, 161, 162, 163, 164, 165] 20160412
811.0 [7] [3, 5, 7, 8] [212, 213, 214, 215, 216, 217, 218, 219, 220] 20160401
805.3462301587301 [7] [1, 2, 3, 4] [213, 214, 215, 216, 217, 218, 219, 220, 221, 222, 223, 224, 225, 226, 227, 228, 229, 230] 20160428
798.575 [7] [2, 3, 4, 6] [203, 204, 205, 206, 207, 208, 209, 210, 211, 212, 213, 214, 215, 216, 217, 218, 219] 20160412
788.0439401041442 [7] [1, 2, 3] [230, 231, 232, 233, 234, 235, 236, 237, 238, 239, 240, 241, 242, 243, 244, 245, 246, 247] 20160413
778.9583333333333 [7] [4, 6, 7, 8] [226, 227, 228, 229, 230, 231, 232, 233, 234, 235, 236, 237, 238, 239] 20160403
776.8746502636202 [7] [3, 5, 7, 9] [195, 196, 197] 20160422
761.8372522326537 [4, 6] [1, 2, 3, 4] [3, 4, 5, 6, 7, 8, 9, 10, 11, 12, 13, 14, 15, 16, 17, 18, 19, 20] 20160415
761.2688215001124 [7] [3, 4, 5, 7] [211, 212, 213, 214, 215, 216, 217, 218, 219, 220, 221, 222, 223, 224, 225, 226, 227] 20160412
613.3154761904761 [4] [2, 3, 4, 6] [249, 250, 251, 252, 253, 254, 255, 256] 20160404
591.7583333333334 [4] [2, 3, 4, 6] [37, 38, 39, 40, 41, 42, 43, 44, 45, 46, 47] 20160429
588.9838771137968 [4] [3, 4, 6] [33, 34, 35, 36, 37, 38, 39, 40, 41, 42, 43] 20160405
587.117111243417 [4] [4, 6, 7, 9] [161, 162, 163, 164, 165] 20160423
579.3499999999999 [4] [1, 2, 3, 4] [1, 2, 3, 4, 5, 6, 7] 20160421
573.0416666666666 [4] [0, 1, 2, 3] [168, 169, 170, 171, 172] 20160405
570.1333908247555 [4] [5, 6, 7, 9] [114, 115, 116] 20160423
566.2916666666666 [4] [1, 2, 3, 4] [12, 13, 14, 15, 16, 17, 18, 19, 20, 21, 22, 23, 24, 25, 26, 27, 28] 20160425
559.6127859195224 [4] [0, 1, 2] [185, 186, 187, 188, 189, 190, 191, 192, 193, 194, 195, 196, 197, 198, 199, 200, 201] 20160409
555.5833333333333 [4] [1, 2, 3, 4] [203, 204, 205, 206, 207, 208] 20160404
529.4783093693193 [4] [3, 4, 6] [83, 84, 85, 86, 87, 88, 89, 90, 91, 92, 93, 94] 20160409
216.1922713422524 [0, 1, 6] [2, 3, 5, 6] [143, 144, 145, 146, 147, 148, 149, 150, 151, 152, 153, 154, 155, 156, 157, 158, 159, 160] 20160418
215.24621702169057 [0, 1, 2, 3, 5, 6] [6, 7, 8, 9] [253, 254, 255, 256, 257, 258, 259, 260, 261, 262, 263, 264, 265, 266, 267, 268, 269, 270] 20160401
200.8054271721307 [0, 1, 6] [2, 3, 4, 5] [138, 139, 140, 141, 142, 143, 144, 145, 146, 147, 148, 149, 150, 151, 152, 153, 154, 155] 20160428
196.78996068274668 [0, 1, 3, 6] [5, 7, 8, 9] [154, 155, 156, 157, 158, 159, 160, 161, 162, 163, 164, 165, 166, 167, 168, 169] 20160405
194.19504680569946 [0, 1, 6] [2, 3, 5, 6] [143, 144, 145, 146, 147, 148, 149, 150, 151, 152, 153, 154, 155, 156, 157, 158, 159, 160] 20160417
192.43155126843448 [0, 1, 6] [3, 4, 5, 6] [137, 138, 139, 140, 141, 142, 143, 144, 145, 146, 147, 148, 149, 150, 151, 152, 153, 154] 20160420
191.91113323516663 [0, 1, 3, 5, 6] [2, 3, 4, 5] [267, 268, 269, 270, 271, 272, 273, 274, 275, 276, 277, 278, 279, 280, 281, 282, 283, 284] 20160421
184.7727745253262 [0, 1, 6] [5, 7, 8, 9] [139, 140, 141, 142, 143, 144, 145, 146, 147, 148, 149, 150, 151, 152, 153, 154, 155] 20160416
180.97925644378319 [0, 1, 6] [3, 4, 5, 6] [144, 145, 146, 147, 148, 149, 150, 151, 152, 153, 154, 155, 156, 157, 158, 159, 160, 161] 20160405
178.5008261010296 [0, 1, 6] [6, 7, 8, 9] [142, 143, 144, 145, 146, 147, 148, 149, 150, 151, 152, 153, 154, 155, 156, 157, 158, 159] 20160421
177.42952484722704 [0, 1, 6] [3, 4, 5, 6] [141, 142, 143, 144, 145, 146, 147, 148, 149, 150, 151, 152, 153, 154, 155, 156, 157, 158] 20160424
175.38560900570212 [0, 1, 6] [6, 7, 8, 9] [142, 143, 144, 145, 146, 147, 148, 149, 150, 151, 152, 153, 154, 155, 156, 157] 20160415
164.35162693074346 [0, 1, 2, 3, 5] [6, 7, 8] [113, 114, 115, 116, 117, 118, 119, 120, 121, 122, 123, 124, 125, 126, 127, 128, 129] 20160412
160.4593300073619 [0, 1, 6] [4, 5, 6, 7] [138, 139, 140, 141, 142, 143, 144, 145, 146, 147, 148, 149, 150, 151, 152, 153, 154] 20160414
157.33040529075967 [0, 1, 2, 3, 5] [1, 2, 3, 4] [69, 70, 71, 72, 73, 74, 75, 76, 77, 78, 79, 80, 81, 82, 83, 84, 85, 86] 20160412
157.29984134930748 [0, 1, 2, 3, 5] [2, 3, 4, 5] [77, 78, 79, 80, 81, 82, 83, 84, 85, 86, 87, 88, 89, 90, 91, 92, 93, 94] 20160412
157.24235540694448 [0, 1, 3, 5, 6] [5, 7, 8] [86, 87, 88, 89, 90, 91, 92, 93, 94, 95, 96, 97, 98] 20160419
154.25355817073824 [0, 1, 6] [3, 5, 7, 8] [160, 161, 162, 163, 164, 165, 166, 167, 168, 169, 170, 171, 172, 173, 174, 175, 176, 177] 20160421
147.2296586122418 [0, 1, 3, 6] [2, 3, 4, 6] [64, 65, 66, 67, 68, 69, 70, 71, 72, 73, 74, 75, 76] 20160419
146.36091999047167 [0, 1, 6] [2, 3, 4, 5] [143, 144, 145, 146, 147, 148, 149, 150, 151, 152, 153, 154, 155, 156, 157, 158, 159, 160] 20160413
138.96248412145712 [0, 1, 6] [2, 3, 5, 6] [75, 76, 77, 78, 79, 80, 81, 82, 83, 84, 85, 86, 87, 88, 89, 90, 91, 92] 20160419
128.6690476190476 [0, 1, 6] [3, 4, 5] [12, 13, 14, 15, 16, 17, 18, 19, 20, 21, 22, 23, 24, 25] 20160428
128.45052688732488 [3, 5, 6] [2, 3, 4, 5] [0, 1, 2, 3, 4, 5, 6, 7, 8, 9, 10, 11, 12, 13] 20160411
128.3700581349422 [0, 1, 2, 3, 5] [4, 5, 6] [93, 94, 95, 96, 97, 98, 99, 100, 101, 102, 103, 104, 105, 106, 107, 108] 20160412
127.35107409053549 [0, 1, 3, 5] [0, 1] [46, 47, 48, 49, 50, 51, 52, 53, 54, 55, 56, 57, 58, 59, 60, 61, 62] 20160412
127.14487734487736 [0, 1, 6] [2, 3, 4] [9, 10, 11, 12, 13, 14, 15, 16, 17, 18, 19, 20, 21, 22, 23, 24, 25, 26] 20160418
122.86976495726495 [0, 1, 6] [2, 3, 4] [155, 156, 157, 158, 159, 160, 161, 162, 163, 164, 165, 166, 167, 168, 169, 170, 171] 20160424
121.44625700138504 [3, 5, 6] [3, 5, 6, 7] [17, 18, 19, 20, 21, 22, 23, 24, 25, 26, 27, 28, 29] 20160411
114.44695630179582 [3, 5, 6] [1, 2, 3, 4] [262, 263, 264, 265, 266, 267, 268, 269, 270, 271, 272, 273, 274, 275, 276, 277, 278, 279] 20160403
114.17957288802401 [0, 1, 6] [3, 4, 5, 6] [13, 14, 15, 16, 17, 18, 19, 20, 21, 22, 23, 24, 25, 26] 20160416
111.93286348541307 [0, 1, 6] [3, 4, 5, 7] [7, 8, 9, 10, 11, 12, 13, 14, 15, 16, 17, 18, 19, 20, 21, 22, 23] 20160417
110.3967948717949 [0, 1, 6] [4, 5, 7] [16, 17, 18, 19, 20, 21, 22, 23, 24, 25, 26, 27, 28, 29, 30, 31, 32, 33] 20160421
109.35713244057209 [0, 1, 6] [2, 3, 4, 5] [16, 17, 18, 19, 20, 21, 22, 23, 24, 25, 26, 27, 28, 29, 30, 31, 32, 33] 20160420
109.21788201550673 [0, 1, 6] [5, 7, 8, 9] [169, 170, 171, 172, 173, 174, 175, 176, 177, 178, 179, 180, 181, 182, 183, 184, 185, 186] 20160406
106.8519841269841 [0, 1, 6] [2, 3, 4] [4, 5, 6, 7, 8, 9, 10, 11, 12, 13, 14, 15, 16, 17, 18, 19, 20, 21] 20160420
106.31324684603543 [0, 1, 6] [3, 5, 7, 9] [1, 2, 3, 4, 5, 6, 7, 8, 9, 10, 11, 12, 13, 14, 15] 20160416
104.82483309368324 [0, 1, 6] [2, 3, 4, 6] [155, 156, 157, 158, 159, 160, 161, 162, 163, 164, 165, 166, 167, 168] 20160420
103.63793802006352 [0, 1, 6] [3, 4, 5, 6] [16, 17, 18, 19, 20, 21, 22, 23, 24, 25, 26, 27, 28, 29, 30, 31, 32] 20160415
102.82534250969724 [0, 1, 6] [2, 3, 4, 5] [9, 10, 11, 12, 13, 14, 15, 16, 17, 18, 19, 20, 21, 22, 23, 24, 25] 20160424
100.61207967032944 [1, 2, 3, 5] [6, 7, 8, 9] [128, 129, 130, 131, 132, 133, 134, 135, 136, 137, 138, 139, 140, 141, 142, 143, 144, 145] 20160412
100.3039393939394 [0, 1, 6] [4, 6, 7] [35, 36, 37, 38, 39, 40, 41, 42, 43, 44, 45, 46, 47, 48, 49, 50] 20160421
98.64126372009764 [0, 1, 6] [5, 6, 7, 8] [93, 94, 95, 96, 97, 98, 99, 100, 101, 102, 103, 104, 105, 106, 107, 108] 20160419
98.02927128427127 [0, 1, 6] [0, 1, 2] [162, 163, 164, 165, 166, 167, 168, 169, 170, 171, 172, 173, 174, 175, 176, 177, 178, 179] 20160414
97.51252244719336 [0, 6] [2, 3, 4, 6] [162, 163, 164, 165, 166, 167, 168, 169, 170, 171, 172, 173, 174, 175, 176, 177, 178, 179] 20160427
96.28090909090909 [0, 1, 6] [2, 3, 4] [13, 14, 15, 16, 17, 18, 19, 20, 21, 22, 23, 24, 25] 20160420
94.52322510822512 [0, 1, 6] [2, 3, 5] [157, 158, 159, 160, 161, 162, 163, 164, 165, 166, 167, 168, 169, 170, 171] 20160414
93.62344612962052 [0, 2, 6] [4, 5, 6, 7] [158, 159, 160, 161, 162, 163, 164, 165, 166, 167, 168, 169, 170, 171, 172, 173, 174, 175] 20160406
93.59482905982944 [2, 3, 6] [0, 1, 2] [38, 39, 40, 41, 42, 43, 44, 45, 46, 47, 48, 49, 50, 51, 52, 53, 54, 55] 20160411
88.55853178046209 [0, 1, 6] [2, 3, 4, 6] [162, 163, 164, 165, 166, 167, 168, 169, 170, 171, 172, 173] 20160424
85.9017833410633 [2, 3, 6] [2, 3, 5] [166, 167, 168, 169, 170, 171, 172, 173, 174, 175, 176, 177, 178, 179, 180, 181, 182, 183] 20160403
84.16244511822234 [5, 6] [5, 7, 8, 9] [28, 29, 30, 31, 32, 33, 34, 35, 36, 37, 38, 39, 40, 41, 42, 43, 44] 20160403
82.76003939791642 [2, 3, 5] [1, 2, 3, 4] [60, 61, 62, 63, 64, 65, 66, 67, 68, 69, 70, 71, 72, 73, 74, 75] 20160403
77.62486617928296 [0, 6] [1, 2, 3, 5] [7, 8, 9, 10, 11, 12, 13, 14, 15, 16, 17, 18, 19, 20, 21, 22, 23, 24] 20160406
74.98312693962075 [0, 6] [4, 5, 7, 9] [147, 148, 149, 150, 151, 152, 153, 154, 155, 156, 157, 158, 159, 160, 161, 162, 163] 20160427
74.24856904719145 [0, 6] [3, 4, 5, 6] [7, 8, 9, 10, 11, 12, 13, 14, 15, 16, 17, 18, 19, 20, 21, 22, 23, 24] 20160422
73.09683931092526 [2, 3, 5] [7, 8, 9] [223, 224, 225, 226, 227, 228, 229, 230, 231, 232, 233, 234, 235, 236] 20160407
69.86700875125592 [1, 6] [6, 7, 9] [145, 146, 147, 148, 149, 150, 151, 152, 153, 154, 155, 156, 157, 158, 159, 160, 161] 20160406
67.77173867392541 [2, 3, 5] [4, 6, 7, 8] [91, 92, 93, 94, 95, 96, 97, 98, 99, 100, 101, 102, 103, 104, 105, 106, 107, 108] 20160403
67.74549893536478 [0, 6] [1, 2, 3] [245, 246, 247, 248, 249, 250, 251, 252, 253, 254, 255, 256, 257, 258] 20160422
67.46603863551763 [0, 1, 2] [4, 5, 7, 8] [175, 176, 177, 178, 179, 180, 181, 182, 183, 184, 185, 186, 187, 188, 189, 190, 191, 192] 20160421
65.36446736106825 [1, 6] [2, 3, 4, 5] [20, 21, 22, 23, 24, 25, 26, 27, 28, 29, 30, 31, 32, 33, 34, 35, 36, 37] 20160417
63.57833333333326 [2, 3, 5] [7, 8, 9] [269, 270, 271, 272, 273, 274, 275] 20160401
63.4806327269943 [2, 6] [4, 5, 6] [209, 210, 211, 212, 213, 214, 215, 216, 217, 218, 219, 220, 221, 222, 223, 224, 225, 226] 20160406
63.263155746453265 [0, 1, 3] [0] [30, 31, 32, 33, 34, 35, 36, 37, 38, 39, 40, 41, 42, 43, 44] 20160412
62.81970333531159 [5, 6] [2, 3, 5, 6] [67, 68, 69, 70, 71, 72, 73, 74, 75, 76, 77, 78, 79] 20160411
62.52103346956822 [2, 3, 5] [4, 6, 7, 8] [234, 235, 236, 237, 238, 239, 240, 241, 242, 243, 244, 245, 246, 247] 20160407
62.238359018641646 [0, 1, 3] [0] [42, 43, 44, 45, 46] 20160412
61.54290344154448 [2, 3, 5] [3, 4, 5, 6] [87, 88, 89, 90, 91, 92, 93, 94, 95, 96, 97, 98, 99] 20160403
61.247433011862604 [0, 6] [2, 3, 4, 5] [16, 17, 18, 19, 20, 21, 22, 23, 24, 25, 26, 27, 28, 29, 30, 31, 32, 33] 20160427
60.31309523809524 [3, 5] [0, 1] [40, 41, 42, 43, 44, 45, 46, 47, 48, 49, 50, 51, 52] 20160403
59.82796803867892 [1, 6] [0] [66, 67, 68, 69, 70, 71, 72, 73, 74, 75, 76, 77, 78, 79, 80, 81, 82, 83] 20160401
58.38611111111111 [3, 6] [0, 1, 2] [277, 278, 279, 280, 281, 282, 283, 284, 285, 286, 287] 20160410
58.16770227299747 [2, 6] [6, 7, 8, 9] [133, 134, 135, 136, 137, 138, 139, 140, 141, 142, 143, 144, 145, 146, 147, 148, 149, 150] 20160403
57.58236832145619 [1, 6] [4, 5, 6, 7] [17, 18, 19, 20, 21, 22, 23, 24, 25, 26, 27, 28, 29, 30, 31, 32, 33, 34] 20160422
56.765696385222284 [2, 3, 5] [6, 7, 8, 9] [107, 108, 109, 110, 111, 112, 113, 114, 115, 116, 117, 118, 119, 120, 121, 122, 123, 124] 20160403
55.831744597916284 [2, 3, 5] [2, 3] [79, 80, 81, 82, 83, 84, 85, 86, 87, 88, 89, 90, 91, 92, 93, 94, 95, 96] 20160407
53.15000000000001 [3, 5] [0, 1] [162, 163, 164, 165] 20160402
51.20518984458976 [2, 6] [5, 7, 8] [86, 87, 88, 89, 90, 91, 92, 93, 94, 95, 96, 97, 98, 99, 100, 101, 102] 20160411
51.14423076923076 [6] [4, 5, 7, 8] [19, 20, 21, 22, 23, 24, 25, 26, 27, 28, 29, 30, 31, 32, 33, 34, 35, 36] 20160403
50.65129715617253 [5, 6] [1, 2, 3, 5] [269, 270, 271, 272, 273, 274, 275, 276, 277, 278, 279, 280, 281, 282, 283, 284] 20160402
50.14421412226506 [0, 1, 3] [3, 5, 6, 7] [233, 234, 235, 236, 237, 238, 239, 240, 241, 242, 243, 244, 245, 246, 247, 248, 249, 250] 20160401
47.55610689317402 [3, 5] [4, 5, 7, 9] [256, 257, 258, 259, 260, 261, 262, 263, 264, 265, 266, 267, 268, 269, 270, 271, 272, 273] 20160407
46.720902055599154 [3, 5] [5, 6, 7, 8] [106, 107, 108, 109, 110, 111, 112, 113, 114, 115, 116, 117, 118, 119, 120, 121, 122, 123] 20160401
44.23377835127669 [6] [4, 5, 6] [140, 141, 142, 143, 144, 145, 146, 147, 148, 149, 150, 151, 152, 153, 154, 155, 156, 157] 20160410
42.95797158797055 [3, 5] [2, 3, 4, 5] [201, 202, 203, 204, 205, 206, 207, 208, 209, 210, 211, 212, 213, 214, 215, 216, 217, 218] 20160407
42.69527580680116 [3, 5] [5, 7, 8, 9] [212, 213, 214, 215, 216, 217, 218, 219, 220] 20160422
39.03079439802216 [0, 1] [0, 1, 2, 3] [172, 173, 174, 175, 176, 177, 178, 179, 180, 181, 182, 183, 184, 185, 186, 187, 188, 189] 20160415
37.05317237459398 [6] [3, 4] [200, 201, 202, 203, 204, 205, 206, 207, 208, 209, 210, 211, 212, 213, 214, 215, 216, 217] 20160425
37.05239533417509 [6] [7, 8] [121, 122, 123, 124, 125, 126, 127, 128, 129, 130, 131, 132, 133, 134, 135, 136, 137, 138] 20160422
35.87271836007129 [0, 1] [0, 1] [90, 91, 92, 93, 94, 95, 96, 97, 98, 99, 100, 101, 102, 103, 104, 105, 106, 107] 20160421
35.75416565032649 [0, 1] [4, 5, 7, 8] [28, 29, 30, 31, 32, 33, 34, 35, 36, 37, 38, 39, 40, 41, 42, 43] 20160418
35.59670580151341 [6] [5, 7, 8, 9] [148, 149, 150, 151, 152, 153, 154, 155, 156, 157, 158, 159, 160, 161, 162, 163, 164, 165] 20160425
35.0 [6] [2] [261, 262, 263, 264] 20160405
34.942860103635226 [6] [5, 7, 9] [140, 141, 142, 143, 144, 145, 146, 147, 148, 149, 150, 151, 152, 153, 154, 155] 20160425
34.756410256410255 [6] [0] [257, 258, 259, 260, 261, 262, 263, 264, 265, 266, 267, 268, 269, 270, 271, 272, 273, 274] 20160402
33.81190476190475 [6] [2, 3, 4, 5] [12, 13, 14, 15, 16, 17, 18, 19, 20, 21, 22, 23, 24, 25, 26, 27] 20160414
33.73017197390029 [0, 1] [4, 5, 6, 7] [39, 40, 41, 42, 43, 44, 45, 46, 47, 48, 49] 20160417
33.67261904761904 [6] [2, 3, 4, 5] [129, 130, 131, 132, 133, 134, 135, 136, 137, 138, 139, 140, 141, 142, 143, 144, 145, 146] 20160401
33.571172432853615 [0, 1] [4, 5, 6, 7] [56, 57, 58, 59, 60, 61, 62, 63, 64, 65, 66, 67, 68, 69, 70, 71, 72, 73] 20160417
33.4375 [6] [0, 1, 2, 3] [251, 252, 253, 254, 255, 256, 257, 258, 259, 260, 261, 262, 263, 264, 265, 266, 267, 268] 20160412
33.25441602676349 [0, 1] [4, 5, 6, 7] [38, 39, 40, 41, 42, 43, 44, 45, 46, 47, 48, 49, 50, 51, 52, 53, 54, 55] 20160415
33.07550869069029 [6] [5, 7, 8] [200, 201, 202, 203, 204, 205, 206, 207, 208, 209, 210, 211, 212, 213, 214, 215, 216] 20160427
32.90189280339223 [6] [1, 2, 3, 5] [83, 84, 85, 86, 87, 88, 89, 90, 91, 92, 93, 94, 95, 96, 97, 98, 99, 100] 20160429
32.84035061354944 [0, 1] [5, 7, 8, 9] [167, 168, 169, 170, 171, 172, 173, 174, 175, 176, 177, 178, 179, 180, 181, 182, 183, 184] 20160422
32.65986433514195 [0, 1] [3, 4, 5, 6] [55, 56, 57, 58, 59, 60, 61, 62, 63, 64, 65, 66, 67, 68, 69, 70, 71, 72] 20160405
32.31407840540262 [0, 1] [4, 6, 7, 8] [50, 51, 52, 53, 54, 55, 56, 57, 58, 59, 60, 61, 62, 63, 64, 65, 66] 20160418
32.19516610430338 [0, 1] [1, 2, 3, 4] [220, 221, 222, 223, 224, 225, 226, 227, 228, 229, 230, 231, 232, 233, 234, 235, 236, 237] 20160401
32.13916498488917 [6] [6, 7, 8] [23, 24, 25, 26, 27, 28, 29, 30, 31, 32, 33, 34, 35, 36, 37, 38, 39, 40] 20160404
32.01240088882815 [0, 1] [5, 7, 9] [269, 270, 271, 272, 273, 274, 275, 276, 277, 278, 279, 280, 281, 282, 283, 284, 285, 286] 20160417
31.908333333333342 [6] [3, 5, 7, 9] [74, 75, 76, 77, 78, 79, 80, 81, 82, 83, 84, 85, 86, 87, 88, 89, 90, 91] 20160429
31.82862052191597 [6] [3, 5, 7, 9] [135, 136, 137, 138, 139, 140, 141, 142, 143, 144, 145, 146, 147, 148, 149, 150, 151, 152] 20160406
31.210514810272215 [0, 1] [6, 7, 8, 9] [156, 157, 158, 159, 160, 161, 162, 163, 164, 165, 166, 167, 168, 169, 170, 171, 172, 173] 20160429
30.812851425233504 [0, 1] [2, 3, 4, 5] [1, 2, 3, 4, 5, 6, 7, 8, 9, 10, 11, 12, 13, 14, 15, 16, 17, 18] 20160419
29.668111359461296 [0, 1] [6, 7, 8, 9] [76, 77, 78, 79, 80, 81, 82, 83, 84, 85, 86, 87, 88, 89, 90, 91, 92, 93] 20160418
28.953076411334166 [0, 1] [0, 1, 2, 3] [40, 41, 42, 43, 44, 45, 46, 47, 48, 49, 50, 51, 52, 53, 54, 55, 56, 57] 20160423
28.43479045193699 [0, 1] [3, 4, 5, 7] [173, 174, 175, 176, 177, 178, 179, 180, 181, 182, 183, 184, 185, 186, 187, 188, 189, 190] 20160429
27.760675511869003 [0, 1] [9] [71, 72, 73, 74, 75, 76, 77, 78, 79, 80, 81, 82, 83, 84, 85, 86, 87, 88] 20160420
27.469670700811356 [0, 1] [3, 4, 5, 6] [179, 180, 181, 182, 183, 184, 185, 186, 187, 188, 189, 190, 191, 192, 193, 194, 195, 196] 20160420
27.35003319716695 [0, 1] [4, 5, 7, 8] [166, 167, 168, 169, 170, 171, 172, 173, 174, 175, 176, 177, 178, 179, 180, 181] 20160429
22.09038011139714 [1, 2] [0, 1, 2, 3] [228, 229, 230, 231, 232, 233, 234, 235, 236, 237, 238, 239, 240, 241, 242, 243, 244] 20160406
21.434566130232405 [0, 1] [3, 5] [13, 14, 15, 16, 17, 18, 19, 20, 21, 22, 23, 24, 25, 26] 20160419
21.166425602379483 [2, 3] [1, 2, 3, 5] [67, 68, 69, 70, 71, 72, 73, 74, 75, 76, 77, 78, 79, 80, 81, 82, 83] 20160407
18.695833333333333 [5] [5, 6, 7, 8] [244, 245, 246, 247, 248, 249, 250, 251, 252, 253, 254, 255, 256, 257, 258, 259, 260, 261] 20160407
18.642319441983467 [5] [5, 7, 8] [45, 46, 47, 48, 49, 50, 51, 52, 53, 54, 55, 56, 57, 58, 59, 60, 61, 62] 20160408
18.35 [5] [9] [71, 72, 73, 74, 75, 76, 77, 78, 79, 80, 81, 82, 83, 84, 85] 20160408
16.700000000000003 [0] [6, 7, 8, 9] [270, 271, 272, 273, 274, 275, 276, 277, 278, 279, 280, 281, 282, 283, 284, 285, 286, 287] 20160416
15.47385339496562 [0, 1] [8] [148, 149, 150, 151, 152, 153, 154, 155, 156, 157, 158, 159, 160, 161, 162, 163, 164] 20160429
12.936666666666653 [0] [6, 7, 8, 9] [277, 278, 279, 280, 281, 282, 283, 284, 285, 286, 287] 20160415
12.839583333333337 [0] [6, 7, 8, 9] [273, 274, 275, 276, 277, 278, 279, 280, 281, 282, 283, 284, 285, 286, 287] 20160420
12.484237320777009 [3] [0, 1, 2] [163, 164, 165, 166, 167, 168, 169, 170, 171, 172, 173, 174, 175, 176, 177, 178, 179, 180] 20160407
12.446969696969703 [6] [1] [192, 193, 194, 195, 196, 197, 198, 199, 200, 201, 202, 203, 204, 205, 206, 207, 208, 209] 20160427
11.608333333333334 [3] [2, 3, 5, 6] [269, 270, 271, 272, 273, 274, 275, 276, 277, 278, 279, 280, 281, 282, 283, 284, 285] 20160423
11.245833333333325 [0] [4, 6, 7, 8] [37, 38, 39, 40, 41, 42, 43, 44, 45, 46, 47, 48, 49, 50, 51, 52, 53] 20160414
11.241666666666667 [3] [0] [203, 204, 205, 206, 207, 208, 209, 210, 211, 212, 213, 214, 215, 216, 217] 20160421
11.172727272727272 [3] [3, 5, 6, 7] [21, 22, 23, 24, 25, 26, 27, 28, 29, 30, 31, 32, 33, 34, 35, 36, 37, 38] 20160401
10.955555555555556 [3] [1, 2, 3, 5] [38, 39, 40, 41, 42, 43, 44, 45, 46, 47, 48, 49, 50, 51, 52] 20160408
10.903333333333336 [1] [5, 6, 7, 9] [102, 103, 104, 105, 106, 107, 108, 109, 110, 111, 112, 113, 114, 115, 116, 117, 118, 119] 20160416
10.82857142857143 [0] [4, 5, 6, 7] [28, 29, 30, 31, 32, 33, 34, 35, 36, 37, 38, 39, 40, 41, 42, 43, 44] 20160424
10.695833333333333 [0] [6, 7, 8, 9] [45, 46, 47, 48, 49, 50, 51, 52, 53, 54, 55, 56, 57, 58, 59, 60, 61, 62] 20160428
10.661734971035086 [3] [4, 5, 6] [269, 270, 271, 272, 273, 274, 275, 276, 277, 278, 279, 280, 281, 282, 283, 284, 285, 286] 20160419
10.655357142857149 [0] [3, 4, 5, 6] [273, 274, 275, 276, 277, 278, 279, 280, 281, 282, 283, 284, 285, 286] 20160418
10.47499999999999 [0] [3, 5, 6, 7] [65, 66, 67, 68, 69, 70, 71, 72, 73, 74, 75, 76, 77, 78, 79, 80] 20160430
10.348333333333334 [0] [2, 3, 4, 6] [18, 19, 20, 21, 22, 23, 24, 25, 26, 27, 28, 29, 30, 31, 32, 33, 34, 35] 20160405
10.197105468687246 [1] [2, 3, 4] [48, 49, 50, 51, 52, 53, 54, 55, 56, 57, 58, 59, 60, 61, 62, 63, 64, 65] 20160416
10.158333333333331 [1] [7] [79, 80, 81, 82, 83, 84, 85, 86, 87, 88, 89, 90] 20160415
10.045894683899492 [0] [5, 7, 8, 9] [273, 274, 275, 276, 277, 278, 279, 280, 281, 282, 283, 284, 285] 20160414
9.84513888888889 [0] [6, 7, 8, 9] [151, 152, 153, 154, 155, 156, 157, 158, 159, 160, 161, 162, 163, 164, 165, 166, 167, 168] 20160409
9.838888888888889 [0] [3, 4, 6, 7] [135, 136, 137, 138, 139, 140, 141, 142, 143, 144, 145, 146, 147, 148, 149, 150, 151] 20160429
9.682376892901175 [1] [7, 8] [58, 59, 60, 61, 62, 63, 64, 65, 66, 67, 68, 69, 70, 71, 72, 73, 74, 75] 20160408
9.543353174603173 [1] [5, 7, 8, 9] [87, 88, 89, 90, 91, 92, 93, 94, 95, 96, 97, 98, 99, 100, 101, 102, 103, 104] 20160416
9.472399267399268 [1] [3, 4, 5, 7] [186, 187, 188, 189, 190, 191, 192, 193, 194, 195, 196, 197, 198, 199, 200, 201] 20160418
9.07846539623395 [1] [8, 9] [81, 82, 83, 84, 85, 86, 87, 88, 89, 90, 91, 92, 93, 94, 95, 96, 97, 98] 20160428
6.916388888888946 [2] [5, 7, 8, 9] [120, 121, 122, 123, 124, 125, 126, 127, 128, 129, 130, 131, 132, 133, 134, 135, 136, 137] 20160403
6.347619047619055 [0] [2] [270, 271, 272, 273, 274, 275, 276, 277, 278, 279, 280, 281, 282, 283, 284, 285, 286, 287] 20160427
5.23052579365077 [2] [6, 7, 8, 9] [183, 184, 185, 186, 187, 188, 189, 190, 191, 192, 193, 194, 195, 196, 197, 198, 199, 200] 20160407
5.137856060605998 [2] [3, 4, 5, 6] [69, 70, 71, 72, 73, 74, 75, 76, 77, 78, 79, 80, 81, 82, 83, 84, 85, 86] 20160426
4.608535714285722 [2] [3, 5, 6, 7] [77, 78, 79, 80, 81, 82, 83, 84, 85, 86, 87, 88, 89, 90, 91, 92, 93] 20160426
4.497738095238219 [2] [1, 2, 3, 4] [91, 92, 93, 94, 95, 96, 97, 98, 99, 100, 101, 102, 103, 104, 105, 106, 107, 108] 20160426
4.4868392857140975 [2] [6, 7, 8, 9] [245, 246, 247, 248, 249, 250, 251, 252, 253, 254, 255, 256, 257, 258, 259, 260] 20160406
4.257103535353735 [2] [5, 6, 7, 8] [269, 270, 271, 272, 273, 274, 275, 276, 277, 278, 279, 280, 281, 282, 283, 284, 285, 286] 20160409
4.20068686868683 [2] [5, 7, 8, 9] [9, 10, 11, 12, 13, 14, 15, 16, 17, 18, 19, 20, 21, 22, 23, 24, 25, 26] 20160410
3.808333333333337 [1] [4] [21, 22, 23, 24, 25, 26, 27, 28, 29, 30, 31, 32, 33, 34, 35, 36, 37, 38] 20160429
3.788614718614724 [2] [0, 1, 2, 3] [174, 175, 176, 177, 178, 179, 180, 181, 182, 183, 184, 185, 186, 187, 188, 189, 190, 191] 20160426
3.769666666666865 [2] [0, 1, 2, 3] [51, 52, 53, 54, 55, 56, 57, 58, 59, 60, 61, 62, 63, 64, 65, 66, 67, 68] 20160404
3.6937976190475865 [2] [0, 1, 2, 3] [101, 102, 103, 104, 105, 106, 107, 108, 109, 110, 111, 112, 113, 114, 115, 116, 117, 118] 20160402
3.657023809523821 [2] [0, 1, 2, 3] [97, 98, 99, 100, 101, 102, 103, 104, 105, 106, 107, 108, 109, 110, 111, 112, 113, 114] 20160407
3.557962301587338 [2] [2, 3, 4, 5] [110, 111, 112, 113, 114, 115, 116, 117, 118, 119, 120, 121, 122, 123, 124, 125, 126, 127] 20160402
3.5101785714285256 [2] [0, 1, 2, 3] [38, 39, 40, 41, 42, 43, 44, 45, 46, 47, 48, 49, 50, 51, 52, 53, 54] 20160404
3.4641856060607665 [2] [0, 1, 2, 3] [240, 241, 242, 243, 244, 245, 246, 247, 248, 249, 250, 251, 252, 253, 254, 255, 256, 257] 20160410
3.32155591630584 [2] [0, 1, 2, 3] [11, 12, 13, 14, 15, 16, 17, 18, 19, 20, 21, 22, 23, 24, 25, 26] 20160430
3.3168154761903565 [2] [2, 3, 4, 5] [106, 107, 108, 109, 110, 111, 112, 113, 114, 115, 116, 117, 118, 119, 120, 121, 122, 123] 20160407
2.9742840617602906 [2] [0, 1, 2] [257, 258, 259, 260, 261, 262, 263, 264, 265, 266, 267, 268, 269, 270, 271, 272, 273, 274] 20160409
2.416041666666672 [2] [6, 7, 8, 9] [73, 74, 75, 76, 77, 78, 79, 80, 81, 82, 83, 84, 85, 86, 87, 88, 89] 20160404
2.0974999999998545 [2] [0] [36, 37, 38, 39, 40, 41, 42, 43, 44, 45, 46, 47, 48, 49, 50, 51, 52, 53] 20160407
1.657666666666728 [2] [0] [141, 142, 143, 144, 145, 146, 147, 148, 149, 150, 151, 152, 153, 154, 155, 156, 157, 158] 20160409
1.405833333333021 [2] [0] [127, 128, 129, 130, 131, 132, 133, 134, 135, 136, 137, 138, 139, 140, 141, 142, 143, 144] 20160423
1.017083333333403 [2] [0] [237, 238, 239, 240, 241, 242, 243, 244, 245, 246, 247, 248, 249, 250, 251, 252, 253, 254] 20160409
