0 0,1,2,3,5,7 5,7,9 20160516 188,205
1 0,1,3,5,6,7 5,7 20160516 183,187
2 0,1,2,3,6 0 20160530 1,18
3 0,1,3,5,7 2,3,4,5 20160527 223,237
4 0,1,3,6,7 0,1,2,3 20160527 221,227
5 0,1,3,6,7 6,7,8,9 20160529 208,223
6 0,1,6,7 3,4,5,6 20160524 150,164
7 0,1,3,5,7 5,7,9 20160529 244,255
8 2,6,7 2,3,4,5 20160508 151,168
9 0,1,3,5,7 5,7,8,9 20160529 201,215
10 0,1,6,7 2,3,4,6 20160519 181,198
11 0,1,3,5,6,7 6,7,8,9 20160522 261,277
12 0,1,6,7 2,3,5 20160529 219,235
13 0,1,3,5,6,7 3,5,7,8 20160529 227,236
14 6,7 6,7,8,9 20160508 184,201
15 0,1,6,7 6,7,8,9 20160519 141,156
16 3,5,7 5,6,7,8 20160525 216,233
17 3,7 4,5,6,7 20160516 239,255
18 0,1,7 3,5,7,8 20160527 235,246
19 0,1,6,7 4,5,6,7 20160524 162,179
20 0,1,6,7 0,1,2,3 20160514 231,240
21 3,5,6,7 1,2,3,4 20160508 238,255
22 0,1,7 4,5,6 20160519 162,179
23 0,1,7 0,1,2,3 20160519 153,170
24 3,5,7 2,3,5,6 20160525 214,218
25 0,1,7 5,6,7,9 20160529 191,207
26 0,1,7 3,5,6 20160529 183,198
27 6,7 1,2,3,5 20160503 169,186
28 2,7 2,3,4,5 20160516 204,221
29 2,7 2,3,4 20160516 215,231
30 7 1,2,3,4 20160525 189,203
31 1,7 2,3,4,5 20160522 197,214
32 7 7,8,9 20160517 196,204
33 1,7 1,2,3,4 20160519 172,183
34 6,7 0,1,2,3 20160508 202,218
35 7 1,2,3,5 20160503 183,192
36 7 5,7,8,9 20160519 232,241
37 7 1,2,3,5 20160528 232,248
38 0,1,7 1,2,3 20160514 239,244
39 7 6,7,8,9 20160523 205,216
40 7 0,1,2,3 20160507 232,245
41 7 3,5,7,8 20160507 211,215
42 7 3,4,5,6 20160519 201,218
43 7 6,7,8,9 20160530 230,247
44 7 5,6,7,8 20160518 229,246
45 7 7,8,9 20160517 210,218
46 7 6,7,8,9 20160524 207,223
47 7 4,5,7,9 20160522 248,265
48 7 6,7,8,9 20160517 203,208
49 7 0,1 20160519 216,232
50 7 2,3,4 20160513 233,245
51 7 3,5,6,7 20160507 200,209
52 7 1,2,3,4 20160528 221,237
53 7 4,5,7,8 20160519 239,248
54 7 3,5,6 20160509 199,206
55 7 5,6,7,8 20160530 202,217
56 7 2,3,5 20160522 218,228
57 7 4,6,7,8 20160530 244,252
58 7 3,4,5,6 20160507 178,190
59 7 6,7,8,9 20160520 217,232
60 7 7,8 20160515 156,172
61 7 0,1,2,3 20160513 176,193
62 7 4,6,7,9 20160525 236,249
63 7 4,5,7,8 20160512 251,268
64 7 5,7,8 20160530 216,232
65 7 0,1,2 20160515 210,224
66 7 1,2,3,5 20160506 199,203
67 7 4,6,7,9 20160526 235,247
68 7 5,7,8,9 20160508 221,238
69 7 4,5,6,7 20160522 164,181
70 7 1,2,3,4 20160530 255,270
71 7 6,7,9 20160506 204,206
72 7 3,4,6 20160513 218,226
73 0,4 0,1,2 20160506 134,151
74 7 2,3,5,6 20160522 225,239
75 7 3,4,5,6 20160507 175,179
76 7 6,7,8 20160524 240,255
77 7 3,4,5,6 20160509 180,183
78 1,4 1,2,3,4 20160519 1,16
79 7 4,5,7,8 20160526 220,232
80 7 1,2,3,5 20160509 187,200
81 7 0,1,2,3 20160512 230,245
82 7 0,1,2,3 20160505 154,171
83 7 6,7,8 20160507 171,173
84 7 3,4,6 20160528 248,265
85 4 3,4,5,6 20160506 43,52
86 4 0,1,2,3 20160506 9,13
87 4 1,2,3,4 20160506 26,30
88 4 1,2,3,4 20160502 169,172
89 4 3,5,6 20160506 34,44
90 4 2,3,4 20160520 6,11
91 7 2 20160525 256,272
92 0,1,3,5,6 5,7,8,9 20160522 274,287
93 0,1,3,5,6 3,4,5,6 20160514 244,255
94 1,3,5,6 1,2,3,4 20160506 233,248
95 0,1,3,5,6 5,7,8,9 20160514 263,280
96 0,1,3,5,6 5,6,7,8 20160514 258,266
97 0,1,6 3,4,5,6 20160510 139,156
98 0,1,6 6,7,9 20160511 138,155
99 0,1,3,6 2,3,4,5 20160526 269,286
100 0,1,6 2,3,4,6 20160512 134,151
101 0,1,3,5,6 0 20160517 28,42
102 0,1,3,6 2,3,5 20160521 251,268
103 0,1,6 2,3,5,6 20160511 148,165
104 0,1,6 3,4,5,6 20160525 139,155
105 0,1,6 3,4,5,6 20160525 131,148
106 0,1,6 3,4,5,6 20160526 141,158
107 0,1,6 2,3,5,6 20160524 136,153
108 0,1,6 3,4,5,6 20160518 133,149
109 0,1,6 2,3,4,5 20160525 2,19
110 0,1,6 2,3,4,5 20160511 12,29
111 0,1,6 2,3,4,5 20160510 13,30
112 0,1,6 3,4,5,6 20160518 141,158
113 0,1,6 2,3,5,7 20160524 14,29
114 0,1,6 2,3,4,5 20160518 14,31
115 0,1,6 3,4,5,6 20160521 9,26
116 0,1,6 2,3,5,6 20160520 137,154
117 0,1,6 2,3,4,5 20160531 138,155
118 0,1,6 6,7,8,9 20160523 153,170
119 0,1,6 3,4,5,6 20160523 141,157
120 0,1,6 3,4,5,6 20160520 148,165
121 0,1,6 3,4,5,6 20160521 154,171
122 0,1,6 4,6,7,8 20160521 266,281
123 0,1,6 3,4,5,6 20160528 139,155
124 0,1,6 2,3,4,5 20160512 13,30
125 0,1,6 2,3,4,5 20160520 15,32
126 0,1,3,5 7 20160527 275,285
127 0,1,6 6,7,8,9 20160523 163,178
128 0,1,6 4,5,7,9 20160514 149,166
129 0,1,6 2,3,5,7 20160524 21,35
130 0,1,6 6,7,8,9 20160510 159,176
131 0,1,6 2,3,4,5 20160519 14,31
132 0,1,6 5 20160517 237,239
133 0,1,6 2,3,4 20160526 9,25
134 0,1,6 4,5,7,9 20160526 16,31
135 0,1,6 2,3,5,6 20160525 44,60
136 0,1,3,5 7 20160527 281,287
137 0,1,6 2,3,4,5 20160511 164,181
138 0,1,6 9 20160530 272,287
139 0,1,6 2,3,4,6 20160528 153,170
140 0,1,6 3,5,7,9 20160517 133,148
141 0,1,6 8,9 20160531 153,170
142 0,1,6 4,5,7,8 20160517 12,27
143 0,1,6 0,1,2,3 20160521 233,250
144 0,1,6 3,4,6 20160527 85,100
145 0,1,6 6,7,8,9 20160518 41,56
146 2,3,5,6 7 20160508 145,159
147 1,6 3,4,6,7 20160529 1,16
148 0,1,2,3 1,2,3,4 20160508 101,118
149 1,6 0,1,2,3 20160507 138,155
150 3,6 0,1,2 20160508 264,274
151 1,3,5 5,6,7 20160529 269,286
152 0,6 4,5,7,8 20160523 178,195
153 1,6 3,4,6 20160506 150,165
154 0,6 1,2,3,5 20160528 279,286
155 1,6 2,3,4,5 20160531 53,70
156 0,6 4,6,7,9 20160529 0,7
157 0,6 2,3,4,5 20160509 95,112
158 3,6 1,2,3,4 20160515 236,250
159 2,3,5 3,4,5,6 20160508 126,138
160 0,1,5 6,7,8,9 20160513 142,159
161 3,5 2,3,5,6 20160524 269,286
162 3,5 4,5,7,9 20160516 268,283
163 3,5 2,3,5,7 20160509 272,286
164 3,5 7,8 20160515 1,6
165 0,1,2 2,3,5,7 20160512 181,195
166 3,5 5,7,8 20160515 6,10
167 3,5 0,1,2,3 20160525 263,279
168 3,5 2,3,4 20160501 138,155
169 3,5 0 20160514 188,191
170 3,5 0,1 20160508 65,82
171 6 3,4,6,7 20160509 127,144
172 0,1,2 6,7,8,9 20160515 12,29
173 3,5 1,2,3,4 20160515 130,134
174 3,5 1,2,3,4 20160515 129,132
175 6 2,3 20160517 57,71
176 3,5 3,5,6,7 20160516 255,272
177 0,1 4,6,7,9 20160529 134,151
178 3,5 1,2,3 20160513 118,129
179 0,1 4,6,7 20160529 10,27
180 6 2,3,4 20160507 152,169
181 6 9 20160519 257,274
182 0,1 9 20160521 132,149
183 0,1 5,7,8,9 20160529 146,162
184 0,1 4,6,7,9 20160527 145,161
185 6 1,2,3,4 20160515 226,240
186 0,1 4,5,7,8 20160521 173,190
187 0,1 9 20160515 23,40
188 0,1 1,2,3,5 20160526 168,184
189 0,1 4,6,7,9 20160529 143,154
190 6 3,4,5 20160503 154,171
191 0,1 1,2,3,4 20160531 41,58
192 0,1 2,3,4,6 20160524 39,56
193 6 1,2,3,4 20160527 254,271
194 0,1 3,4,5,6 20160521 22,37
195 6 4,5,6,7 20160509 144,161
196 0,1 5,7,8,9 20160512 270,287
197 0,1 5,6,7,9 20160524 53,70
198 0,1 3,5,7,8 20160529 162,179
199 0,1 4,5,7,8 20160512 59,74
200 0,1 3,4,5,7 20160514 12,28
201 0,1 1 20160508 83,100
202 0,1 4,5,7,8 20160525 28,41
203 0,1 1,2 20160526 89,105
204 0,1 4,5,7 20160514 22,39
205 0,1 5,6,7,9 20160513 2,18
206 0,1 1,2,3,4 20160531 30,46
207 0,1 4,6,7 20160512 36,53
208 0,1 5,6,7 20160511 54,71
209 0,1 7,9 20160513 60,77
210 0,1 4,6,7 20160517 167,184
211 6 0,1,2 20160531 167,184
212 0,1 0,1,2 20160511 179,196
213 0,1 3,5,7,8 20160529 160,170
214 6 0,1,2,3 20160509 153,170
215 0,1 4,6 20160520 185,201
216 5 0,1 20160530 36,39
217 0 5,7,8,9 20160511 276,287
218 6 4 20160530 151,168
219 0 5,7,9 20160513 45,62
220 0 5,7,8,9 20160520 274,287
221 0 4,6,7,8 20160527 128,142
222 0 0,1,2,3 20160531 1,18
223 3 0 20160508 58,62
224 3 1,2,3,4 20160515 269,284
225 3 0 20160508 61,63
226 6 2 20160530 142,158
227 1 6,7,8,9 20160518 71,86
228 0 5,7,8,9 20160523 272,287
229 1 5,6,7 20160512 92,109
230 3 1,2,3,4 20160502 20,37
231 3 4,5,6,7 20160513 38,53
232 0 0,1,2,3 20160504 139,156
233 3 1,2,3,5 20160530 133,146
234 3 6,7,8 20160502 184,191
235 3 2 20160502 9,26
236 1 4,5,7,8 20160512 79,94
237 1 4,5,6,7 20160512 102,119
238 0 4,6,7,9 20160510 40,57
239 1 5,6,7,9 20160511 74,91
240 1 6,7,8,9 20160529 23,39
241 0 4,5,6 20160531 12,28
242 0 2,3,4,6 20160517 84,100
243 1 4,6,7,8 20160517 157,174
244 0 4,6,7,9 20160514 52,68
245 0 3,4,6 20160528 8,23
246 1 0 20160513 89,106
247 1 4,5,7,8 20160514 33,50
248 1 5,7,8 20160521 44,61
249 1 4 20160526 54,69
250 2 5,7,8,9 20160509 113,130
