0 42.53 -73.36 20160704177 20160704188 109
0 43.11 -75.46 20160516188 20160516205 105
0 42.87 -74.51 20160516188 20160516205 107
0 42.53 -73.36 20160516188 20160516205 109
0 43.11 -75.46 20160516183 20160516187 105
0 42.87 -74.51 20160516183 20160516187 107
0 43.02 -78.14 20160530001 20160530018 100
0 42.53 -73.36 20160715059 20160715064 109
0 43.02 -78.14 20160709017 20160709028 100
0 43.11 -75.46 20160902039 20160902049 105
0 42.75 -77.36 20160527220 20160527237 101
0 42.88 -76.81 20160527220 20160527237 102
0 43.07 -76.47 20160527220 20160527237 103
0 43.33 -76.1 20160527220 20160527237 104
0 42.75 -77.36 20160908219 20160908234 101
0 42.88 -76.81 20160908219 20160908234 102
0 43.07 -76.47 20160908219 20160908234 103
0 43.33 -76.1 20160908219 20160908234 104
0 43.11 -75.46 20160317202 20160317219 105
0 43.26 -74.98 20160317202 20160317219 106
0 42.87 -74.51 20160317202 20160317219 107
0 42.53 -73.36 20160317202 20160317219 109
0 43.11 -75.46 20160607217 20160607221 105
0 42.87 -74.51 20160607217 20160607221 107
0 42.68 -74.51 20160607217 20160607221 108
0 42.53 -73.36 20160607217 20160607221 109
0 43.07 -76.47 20160813234 20160813241 103
0 43.33 -76.1 20160813234 20160813241 104
0 43.33 -76.1 20160812218 20160812234 104
0 43.26 -74.98 20160812218 20160812234 106
0 42.87 -74.51 20160812218 20160812234 107
0 42.68 -74.51 20160812218 20160812234 108
0 43.26 -74.98 20160715241 20160715258 106
0 42.87 -74.51 20160715241 20160715258 107
0 42.68 -74.51 20160715241 20160715258 108
0 43.07 -76.47 20160419158 20160419168 103
0 43.33 -76.1 20160419158 20160419168 104
0 43.11 -75.46 20160419158 20160419168 105
0 43.26 -74.98 20160419158 20160419168 106
0 42.88 -76.81 20160402184 20160402194 102
0 43.07 -76.47 20160402184 20160402194 103
0 43.33 -76.1 20160402184 20160402194 104
0 43.26 -74.98 20160402184 20160402194 106
0 43.07 -76.47 20160317215 20160317232 103
0 43.33 -76.1 20160317215 20160317232 104
0 43.26 -74.98 20160317215 20160317232 106
0 42.87 -74.51 20160317215 20160317232 107
0 43.26 -74.98 20160714220 20160714233 106
0 42.87 -74.51 20160714220 20160714233 107
0 42.68 -74.51 20160714220 20160714233 108
0 43.02 -78.14 20160328221 20160328237 100
0 42.75 -77.36 20160328221 20160328237 101
0 42.88 -76.81 20160328221 20160328237 102
0 43.07 -76.47 20160328221 20160328237 103
0 43.11 -75.46 20160622168 20160622184 105
0 43.26 -74.98 20160622168 20160622184 106
0 42.87 -74.51 20160622168 20160622184 107
0 42.68 -74.51 20160622168 20160622184 108
0 43.26 -74.98 20160529208 20160529223 106
0 42.87 -74.51 20160529208 20160529223 107
0 42.68 -74.51 20160529208 20160529223 108
0 42.53 -73.36 20160529208 20160529223 109
0 43.07 -76.47 20160324217 20160324230 103
0 43.33 -76.1 20160324217 20160324230 104
0 43.11 -75.46 20160324217 20160324230 105
0 43.26 -74.98 20160324217 20160324230 106
0 43.11 -75.46 20160402205 20160402217 105
0 43.26 -74.98 20160402205 20160402217 106
0 42.87 -74.51 20160402205 20160402217 107
0 42.68 -74.51 20160402205 20160402217 108
0 43.07 -76.47 20160529221 20160529236 103
0 43.11 -75.46 20160529221 20160529236 105
0 42.87 -74.51 20160529221 20160529236 107
0 42.68 -74.51 20160529221 20160529236 108
0 42.75 -77.36 20160908237 20160908239 101
0 42.88 -76.81 20160908237 20160908239 102
0 43.07 -76.47 20160908237 20160908239 103
0 43.33 -76.1 20160908237 20160908239 104
0 43.11 -75.46 20160607237 20160607247 105
0 42.87 -74.51 20160607237 20160607247 107
0 42.68 -74.51 20160607237 20160607247 108
0 42.53 -73.36 20160607237 20160607247 109
0 43.33 -76.1 20160715229 20160715243 104
0 43.26 -74.98 20160715229 20160715243 106
0 42.87 -74.51 20160715229 20160715243 107
0 42.68 -74.51 20160715229 20160715243 108
0 42.88 -76.81 20160316184 20160316200 102
0 43.07 -76.47 20160316184 20160316200 103
0 43.11 -75.46 20160316184 20160316200 105
0 42.87 -74.51 20160316184 20160316200 107
0 43.07 -76.47 20160622155 20160622172 103
0 43.33 -76.1 20160622155 20160622172 104
0 43.11 -75.46 20160622155 20160622172 105
0 43.26 -74.98 20160622155 20160622172 106
0 43.11 -75.46 20160529245 20160529256 105
0 43.26 -74.98 20160529245 20160529256 106
0 42.87 -74.51 20160529245 20160529256 107
0 42.53 -73.36 20160529245 20160529256 109
0 42.87 -74.51 20160725202 20160725219 107
0 42.68 -74.51 20160725202 20160725219 108
0 42.53 -73.36 20160725202 20160725219 109
0 43.26 -74.98 20160317190 20160317202 106
0 42.87 -74.51 20160317190 20160317202 107
0 42.68 -74.51 20160317190 20160317202 108
0 42.53 -73.36 20160317190 20160317202 109
0 43.07 -76.47 20160524147 20160524162 103
0 43.33 -76.1 20160524147 20160524162 104
0 43.11 -75.46 20160524147 20160524162 105
0 43.26 -74.98 20160524147 20160524162 106
0 43.26 -74.98 20160813250 20160813265 106
0 42.87 -74.51 20160813250 20160813265 107
0 42.68 -74.51 20160813250 20160813265 108
0 43.26 -74.98 20160725212 20160725229 106
0 42.87 -74.51 20160725212 20160725229 107
0 42.68 -74.51 20160725212 20160725229 108
0 42.53 -73.36 20160725212 20160725229 109
0 43.11 -75.46 20160701202 20160701219 105
0 43.26 -74.98 20160701202 20160701219 106
0 42.87 -74.51 20160701202 20160701219 107
0 42.68 -74.51 20160701202 20160701219 108
0 42.75 -77.36 20160725191 20160725204 101
0 42.88 -76.81 20160725191 20160725204 102
0 43.07 -76.47 20160725191 20160725204 103
0 43.33 -76.1 20160725191 20160725204 104
0 42.88 -76.81 20160718209 20160718226 102
0 43.07 -76.47 20160718209 20160718226 103
0 43.33 -76.1 20160718209 20160718226 104
0 43.26 -74.98 20160718209 20160718226 106
0 42.87 -74.51 20160529204 20160529215 107
0 42.68 -74.51 20160529204 20160529215 108
0 42.53 -73.36 20160529204 20160529215 109
0 43.33 -76.1 20160723249 20160723264 104
0 43.26 -74.98 20160723249 20160723264 106
0 42.87 -74.51 20160723249 20160723264 107
0 42.53 -73.36 20160723249 20160723264 109
0 43.26 -74.98 20160813258 20160813275 106
0 42.87 -74.51 20160813258 20160813275 107
0 42.68 -74.51 20160813258 20160813275 108
0 42.53 -73.36 20160813258 20160813275 109
0 42.88 -76.81 20160508151 20160508168 102
0 43.07 -76.47 20160508151 20160508168 103
0 43.33 -76.1 20160508151 20160508168 104
0 43.11 -75.46 20160508151 20160508168 105
0 43.33 -76.1 20160403194 20160403204 104
0 43.11 -75.46 20160403194 20160403204 105
0 42.87 -74.51 20160403194 20160403204 107
0 42.68 -74.51 20160403194 20160403204 108
0 42.88 -76.81 20160611191 20160611204 102
0 43.07 -76.47 20160611191 20160611204 103
0 43.33 -76.1 20160611191 20160611204 104
0 43.11 -75.46 20160611191 20160611204 105
0 43.02 -78.14 20160627191 20160627208 100
0 42.75 -77.36 20160627191 20160627208 101
0 42.88 -76.81 20160627191 20160627208 102
0 43.07 -76.47 20160627191 20160627208 103
0 43.11 -75.46 20160707215 20160707230 105
0 43.26 -74.98 20160707215 20160707230 106
0 42.87 -74.51 20160707215 20160707230 107
0 42.68 -74.51 20160707215 20160707230 108
0 42.88 -76.81 20160519182 20160519197 102
0 43.07 -76.47 20160519182 20160519197 103
0 43.33 -76.1 20160519182 20160519197 104
0 43.26 -74.98 20160519182 20160519197 106
0 43.26 -74.98 20160522263 20160522280 106
0 42.87 -74.51 20160522263 20160522280 107
0 42.68 -74.51 20160522263 20160522280 108
0 42.53 -73.36 20160522263 20160522280 109
0 43.02 -78.14 20160718195 20160718211 100
0 42.75 -77.36 20160718195 20160718211 101
0 42.88 -76.81 20160718195 20160718211 102
0 43.07 -76.47 20160718195 20160718211 103
0 43.26 -74.98 20160508184 20160508199 106
0 42.87 -74.51 20160508184 20160508199 107
0 42.68 -74.51 20160508184 20160508199 108
0 42.53 -73.36 20160508184 20160508199 109
0 42.75 -77.36 20160701222 20160701239 101
0 42.88 -76.81 20160701222 20160701239 102
0 43.07 -76.47 20160701222 20160701239 103
0 43.11 -75.46 20160701222 20160701239 105
0 43.02 -78.14 20160820250 20160820266 100
0 42.75 -77.36 20160820250 20160820266 101
0 42.88 -76.81 20160820250 20160820266 102
0 43.07 -76.47 20160820250 20160820266 103
0 43.07 -76.47 20160628227 20160628243 103
0 43.11 -75.46 20160628227 20160628243 105
0 42.87 -74.51 20160628227 20160628243 107
0 42.68 -74.51 20160628227 20160628243 108
0 43.11 -75.46 20160321212 20160321229 105
0 43.26 -74.98 20160321212 20160321229 106
0 42.87 -74.51 20160321212 20160321229 107
0 42.53 -73.36 20160321212 20160321229 109
0 43.26 -74.98 20160812239 20160812254 106
0 42.87 -74.51 20160812239 20160812254 107
0 42.68 -74.51 20160812239 20160812254 108
0 42.53 -73.36 20160812239 20160812254 109
0 42.87 -74.51 20160715206 20160715219 107
0 42.68 -74.51 20160715206 20160715219 108
0 42.88 -76.81 20160813202 20160813217 102
0 43.07 -76.47 20160813202 20160813217 103
0 43.33 -76.1 20160813202 20160813217 104
0 43.26 -74.98 20160813202 20160813217 106
0 42.75 -77.36 20160713236 20160713252 101
0 42.88 -76.81 20160713236 20160713252 102
0 43.07 -76.47 20160713236 20160713252 103
0 43.02 -78.14 20160718206 20160718216 100
0 42.75 -77.36 20160718206 20160718216 101
0 42.88 -76.81 20160718206 20160718216 102
0 43.07 -76.47 20160718206 20160718216 103
0 43.11 -75.46 20160701195 20160701211 105
0 43.26 -74.98 20160701195 20160701211 106
0 42.87 -74.51 20160701195 20160701211 107
0 42.68 -74.51 20160701195 20160701211 108
0 43.26 -74.98 20160609167 20160609184 106
0 42.87 -74.51 20160609167 20160609184 107
0 42.68 -74.51 20160609167 20160609184 108
0 43.02 -78.14 20160718229 20160718245 100
0 42.75 -77.36 20160718229 20160718245 101
0 42.88 -76.81 20160718229 20160718245 102
0 43.07 -76.47 20160718229 20160718245 103
0 42.88 -76.81 20160508238 20160508255 102
0 43.07 -76.47 20160508238 20160508255 103
0 43.33 -76.1 20160508238 20160508255 104
0 43.11 -75.46 20160508238 20160508255 105
0 43.07 -76.47 20160527235 20160527247 103
0 43.11 -75.46 20160527235 20160527247 105
0 43.26 -74.98 20160527235 20160527247 106
0 42.87 -74.51 20160527235 20160527247 107
0 43.11 -75.46 20160616147 20160616158 105
0 43.26 -74.98 20160616147 20160616158 106
0 42.87 -74.51 20160616147 20160616158 107
0 43.33 -76.1 20160516239 20160516254 104
0 43.11 -75.46 20160516239 20160516254 105
0 43.26 -74.98 20160516239 20160516254 106
0 42.87 -74.51 20160516239 20160516254 107
0 42.75 -77.36 20160816179 20160816195 101
0 42.88 -76.81 20160816179 20160816195 102
0 43.07 -76.47 20160816179 20160816195 103
0 43.07 -76.47 20160525216 20160525230 103
0 43.11 -75.46 20160525216 20160525230 105
0 42.87 -74.51 20160525216 20160525230 107
0 42.68 -74.51 20160525216 20160525230 108
0 43.33 -76.1 20160508172 20160508187 104
0 43.11 -75.46 20160508172 20160508187 105
0 43.26 -74.98 20160508172 20160508187 106
0 42.87 -74.51 20160508172 20160508187 107
0 42.88 -76.81 20160324241 20160324257 102
0 43.07 -76.47 20160324241 20160324257 103
0 43.33 -76.1 20160324241 20160324257 104
0 43.11 -75.46 20160324241 20160324257 105
0 42.88 -76.81 20160701239 20160701249 102
0 43.07 -76.47 20160701239 20160701249 103
0 43.33 -76.1 20160701239 20160701249 104
0 43.11 -75.46 20160701239 20160701249 105
0 42.88 -76.81 20160627206 20160627219 102
0 43.07 -76.47 20160627206 20160627219 103
0 43.33 -76.1 20160627206 20160627219 104
0 43.11 -75.46 20160627206 20160627219 105
0 43.07 -76.47 20160628202 20160628206 103
0 43.11 -75.46 20160628202 20160628206 105
0 43.26 -74.98 20160628202 20160628206 106
0 42.87 -74.51 20160628202 20160628206 107
0 43.07 -76.47 20160611201 20160611213 103
0 43.33 -76.1 20160611201 20160611213 104
0 43.11 -75.46 20160611201 20160611213 105
0 43.26 -74.98 20160611201 20160611213 106
0 43.11 -75.46 20160421248 20160421264 105
0 42.87 -74.51 20160421248 20160421264 107
0 42.68 -74.51 20160421248 20160421264 108
0 42.53 -73.36 20160421248 20160421264 109
0 42.88 -76.81 20160712155 20160712171 102
0 43.07 -76.47 20160712155 20160712171 103
0 43.33 -76.1 20160712155 20160712171 104
0 42.88 -76.81 20160708233 20160708249 102
0 43.07 -76.47 20160708233 20160708249 103
0 43.33 -76.1 20160708233 20160708249 104
0 43.26 -74.98 20160708233 20160708249 106
0 43.02 -78.14 20160514231 20160514240 100
0 42.75 -77.36 20160514231 20160514240 101
0 42.88 -76.81 20160514231 20160514240 102
0 43.07 -76.47 20160514231 20160514240 103
0 42.88 -76.81 20160324248 20160324265 102
0 43.07 -76.47 20160324248 20160324265 103
0 43.11 -75.46 20160324248 20160324265 105
0 43.26 -74.98 20160324248 20160324265 106
0 43.07 -76.47 20160911166 20160911183 103
0 43.11 -75.46 20160911166 20160911183 105
0 43.26 -74.98 20160911166 20160911183 106
0 42.88 -76.81 20160813216 20160813229 102
0 43.07 -76.47 20160813216 20160813229 103
0 43.33 -76.1 20160813216 20160813229 104
0 43.33 -76.1 20160321199 20160321216 104
0 43.11 -75.46 20160321199 20160321216 105
0 42.87 -74.51 20160321199 20160321216 107
0 42.53 -73.36 20160321199 20160321216 109
0 43.26 -74.98 20160529190 20160529207 106
0 42.87 -74.51 20160529190 20160529207 107
0 42.53 -73.36 20160529190 20160529207 109
0 43.02 -78.14 20160328196 20160328213 100
0 42.75 -77.36 20160328196 20160328213 101
0 42.88 -76.81 20160328196 20160328213 102
0 42.75 -77.36 20160330220 20160330236 101
0 42.88 -76.81 20160330220 20160330236 102
0 43.07 -76.47 20160330220 20160330236 103
0 43.33 -76.1 20160330220 20160330236 104
0 42.75 -77.36 20160402224 20160402237 101
0 42.88 -76.81 20160402224 20160402237 102
0 43.07 -76.47 20160402224 20160402237 103
0 43.11 -75.46 20160402224 20160402237 105
0 43.33 -76.1 20160403183 20160403197 104
0 43.26 -74.98 20160403183 20160403197 106
0 42.87 -74.51 20160403183 20160403197 107
0 42.68 -74.51 20160403183 20160403197 108
0 43.33 -76.1 20160713255 20160713272 104
0 43.26 -74.98 20160713255 20160713272 106
0 42.87 -74.51 20160713255 20160713272 107
0 42.68 -74.51 20160713255 20160713272 108
0 43.07 -76.47 20160529184 20160529199 103
0 43.11 -75.46 20160529184 20160529199 105
0 43.26 -74.98 20160529184 20160529199 106
0 42.87 -74.51 20160529184 20160529199 107
0 42.87 -74.51 20160430146 20160430162 107
0 42.53 -73.36 20160430146 20160430162 109
0 42.88 -76.81 20160816200 20160816216 102
0 43.07 -76.47 20160816200 20160816216 103
0 43.33 -76.1 20160816200 20160816216 104
0 43.26 -74.98 20160816200 20160816216 106
0 43.07 -76.47 20160403218 20160403225 103
0 43.11 -75.46 20160403218 20160403225 105
0 43.26 -74.98 20160403218 20160403225 106
0 42.87 -74.51 20160403218 20160403225 107
0 42.88 -76.81 20160309172 20160309184 102
0 43.07 -76.47 20160309172 20160309184 103
0 43.11 -75.46 20160309172 20160309184 105
0 43.26 -74.98 20160309172 20160309184 106
0 43.11 -75.46 20160419175 20160419192 105
0 42.87 -74.51 20160419175 20160419192 107
0 42.68 -74.51 20160419175 20160419192 108
0 42.53 -73.36 20160419175 20160419192 109
0 43.02 -78.14 20160701260 20160701277 100
0 42.75 -77.36 20160701260 20160701277 101
0 42.88 -76.81 20160701260 20160701277 102
0 43.11 -75.46 20160317234 20160317244 105
0 43.26 -74.98 20160317234 20160317244 106
0 42.87 -74.51 20160317234 20160317244 107
0 42.53 -73.36 20160317234 20160317244 109
0 42.88 -76.81 20160402233 20160402250 102
0 43.07 -76.47 20160402233 20160402250 103
0 43.11 -75.46 20160402233 20160402250 105
0 43.26 -74.98 20160402233 20160402250 106
0 42.87 -74.51 20160307213 20160307230 107
0 42.68 -74.51 20160307213 20160307230 108
0 42.53 -73.36 20160307213 20160307230 109
0 42.75 -77.36 20160611172 20160611189 101
0 42.88 -76.81 20160611172 20160611189 102
0 43.07 -76.47 20160611172 20160611189 103
0 42.75 -77.36 20160611163 20160611175 101
0 42.88 -76.81 20160611163 20160611175 102
0 43.07 -76.47 20160611163 20160611175 103
0 43.33 -76.1 20160611163 20160611175 104
0 42.87 -74.51 20160524163 20160524175 107
0 42.68 -74.51 20160524163 20160524175 108
1 43.0 -77.39 20160916118 20160916134 240
1 43.0 -77.42 20160916118 20160916134 241
1 42.96 -76.88 20160530148 20160530165 233
1 42.96 -76.94 20160530148 20160530165 234
1 43.1 -76.17 20160826205 20160826213 225
1 43.11 -76.2 20160826205 20160826213 226
1 42.72 -73.88 20160913087 20160913100 201
1 42.75 -73.92 20160913087 20160913100 202
1 42.77 -73.97 20160913087 20160913100 203
1 43.0 -77.39 20160904077 20160904081 240
1 43.0 -77.42 20160904077 20160904081 241
1 42.75 -73.92 20160509092 20160509100 202
1 42.77 -73.97 20160509092 20160509100 203
1 42.95 -78.72 20160316184 20160316190 252
1 42.95 -78.75 20160316184 20160316190 253
1 43.0 -78.44 20160409217 20160409220 248
1 42.99 -78.46 20160409217 20160409220 249
1 42.97 -78.53 20160409217 20160409220 250
1 42.95 -78.65 20160409217 20160409220 251
1 43.11 -75.19 20160802154 20160802167 214
1 43.12 -75.3 20160802154 20160802167 215
1 43.03 -77.54 20160501129 20160501142 242
1 43.04 -77.78 20160501129 20160501142 243
1 43.02 -78.07 20160410240 20160410251 245
1 43.02 -78.25 20160410240 20160410251 246
1 43.01 -78.37 20160410240 20160410251 247
1 42.96 -74.69 20160813216 20160813233 210
1 43.01 -74.9 20160813216 20160813233 211
1 42.99 -77.3 20160715148 20160715158 239
1 43.0 -77.39 20160715148 20160715158 240
1 43.09 -76.39 20160715162 20160715173 228
1 43.08 -76.5 20160715162 20160715173 229
1 43.07 -76.53 20160715162 20160715173 230
1 43.04 -76.61 20160715162 20160715173 231
1 43.11 -76.2 20160922116 20160922133 226
1 43.11 -76.25 20160922116 20160922133 227
1 43.11 -76.2 20160921134 20160921150 226
1 43.11 -76.25 20160921134 20160921150 227
1 42.92 -74.46 20160418223 20160418239 209
1 42.96 -74.69 20160418223 20160418239 210
1 42.72 -73.88 20160906085 20160906101 201
1 42.75 -73.92 20160906085 20160906101 202
1 42.77 -73.97 20160906085 20160906101 203
1 42.93 -74.28 20160514232 20160514249 208
1 42.92 -74.46 20160514232 20160514249 209
1 42.96 -74.69 20160514232 20160514249 210
1 43.11 -76.25 20160403233 20160403250 227
1 43.09 -76.39 20160403233 20160403250 228
1 43.08 -76.5 20160403233 20160403250 229
1 43.07 -76.53 20160403233 20160403250 230
1 43.04 -76.61 20160403233 20160403250 231
1 43.0 -76.76 20160403233 20160403250 232
1 42.96 -76.88 20160403233 20160403250 233
1 42.96 -76.94 20160403233 20160403250 234
1 42.96 -76.96 20160403233 20160403250 235
1 42.96 -76.97 20160403233 20160403250 236
1 42.96 -77.07 20160403233 20160403250 237
1 42.72 -73.88 20160920086 20160920101 201
1 42.75 -73.92 20160920086 20160920101 202
1 42.92 -74.46 20160723195 20160723209 209
1 42.96 -74.69 20160723195 20160723209 210
1 42.93 -74.28 20160620188 20160620205 208
1 42.92 -74.46 20160620188 20160620205 209
1 42.96 -74.69 20160620188 20160620205 210
1 42.96 -74.69 20160719202 20160719219 210
1 43.01 -74.9 20160719202 20160719219 211
1 42.92 -74.46 20160306165 20160306182 209
1 42.96 -74.69 20160306165 20160306182 210
1 42.96 -74.69 20160505173 20160505190 210
1 43.01 -74.9 20160505173 20160505190 211
1 43.06 -75.08 20160505173 20160505190 212
1 43.09 -76.12 20160424078 20160424083 224
1 43.1 -76.17 20160424078 20160424083 225
1 42.92 -74.46 20160611171 20160611188 209
1 42.96 -74.69 20160611171 20160611188 210
1 42.92 -74.46 20160509211 20160509228 209
1 42.96 -74.69 20160509211 20160509228 210
1 42.93 -74.28 20160317223 20160317240 208
1 42.92 -74.46 20160317223 20160317240 209
1 42.96 -74.69 20160317223 20160317240 210
1 43.01 -74.9 20160317223 20160317240 211
1 43.06 -75.08 20160317223 20160317240 212
1 42.96 -74.69 20160501229 20160501246 210
1 43.01 -74.9 20160501229 20160501246 211
1 42.92 -74.46 20160806137 20160806154 209
1 42.96 -74.69 20160806137 20160806154 210
1 42.92 -74.46 20160416185 20160416202 209
1 42.96 -74.69 20160416185 20160416202 210
1 42.96 -74.69 20160513237 20160513250 210
1 43.01 -74.9 20160513237 20160513250 211
1 42.92 -74.46 20160309196 20160309213 209
1 42.96 -74.69 20160309196 20160309213 210
1 43.12 -75.3 20160428178 20160428194 215
1 43.13 -75.46 20160428178 20160428194 216
1 42.92 -74.46 20160810198 20160810215 209
1 42.96 -74.69 20160810198 20160810215 210
1 42.92 -74.46 20160511116 20160511133 209
1 42.96 -74.69 20160511116 20160511133 210
1 42.92 -74.46 20160807097 20160807114 209
1 42.96 -74.69 20160807097 20160807114 210
1 42.92 -74.46 20160821108 20160821125 209
1 42.96 -74.69 20160821108 20160821125 210
1 43.01 -74.9 20160821108 20160821125 211
1 42.92 -74.46 20160703107 20160703124 209
1 42.96 -74.69 20160703107 20160703124 210
1 43.02 -78.07 20160507091 20160507108 245
1 43.02 -78.25 20160507091 20160507108 246
1 43.12 -75.3 20160409237 20160409251 215
1 43.13 -75.46 20160409237 20160409251 216
1 42.96 -74.69 20160614188 20160614205 210
1 43.01 -74.9 20160614188 20160614205 211
1 43.0 -77.42 20160429240 20160429251 241
1 43.03 -77.54 20160429240 20160429251 242
1 43.04 -77.78 20160429240 20160429251 243
1 42.87 -74.05 20160823198 20160823215 205
1 42.89 -74.09 20160823198 20160823215 206
1 42.91 -74.14 20160823198 20160823215 207
1 42.96 -76.88 20160419111 20160419121 233
1 42.96 -76.94 20160419111 20160419121 234
1 43.01 -74.9 20160930223 20160930240 211
1 43.06 -75.08 20160930223 20160930240 212
1 43.01 -74.9 20160605108 20160605125 211
1 43.06 -75.08 20160605108 20160605125 212
1 42.93 -74.28 20160914197 20160914214 208
1 42.92 -74.46 20160914197 20160914214 209
1 42.96 -74.69 20160914197 20160914214 210
1 43.12 -75.3 20160604159 20160604176 215
1 43.13 -75.46 20160604159 20160604176 216
1 43.13 -75.55 20160604159 20160604176 217
1 43.11 -75.66 20160604159 20160604176 218
1 43.09 -75.79 20160604159 20160604176 219
1 43.02 -78.25 20160925206 20160925223 246
1 43.01 -78.37 20160925206 20160925223 247
1 43.0 -78.44 20160925206 20160925223 248
1 42.99 -78.46 20160925206 20160925223 249
1 42.97 -78.53 20160925206 20160925223 250
1 42.95 -78.65 20160925206 20160925223 251
1 43.01 -74.9 20160909117 20160909134 211
1 43.06 -75.08 20160909117 20160909134 212
1 43.04 -76.61 20160421232 20160421249 231
1 43.0 -76.76 20160421232 20160421249 232
1 43.12 -75.3 20160305239 20160305249 215
1 43.13 -75.46 20160305239 20160305249 216
1 43.01 -74.9 20160709083 20160709099 211
1 43.06 -75.08 20160709083 20160709099 212
1 42.92 -74.46 20160613218 20160613235 209
1 42.96 -74.69 20160613218 20160613235 210
1 43.12 -75.3 20160316148 20160316165 215
1 43.13 -75.46 20160316148 20160316165 216
1 43.13 -75.55 20160316148 20160316165 217
1 43.11 -75.66 20160316148 20160316165 218
1 42.93 -74.28 20160710216 20160710233 208
1 42.92 -74.46 20160710216 20160710233 209
1 42.72 -73.88 20160921216 20160921233 201
1 42.75 -73.92 20160921216 20160921233 202
1 42.77 -73.97 20160921216 20160921233 203
1 43.12 -75.3 20160704175 20160704191 215
1 43.13 -75.46 20160704175 20160704191 216
1 42.93 -74.28 20160302115 20160302132 208
1 42.92 -74.46 20160302115 20160302132 209
1 42.93 -74.28 20160520146 20160520163 208
1 42.92 -74.46 20160520146 20160520163 209
1 42.96 -74.69 20160520146 20160520163 210
1 43.11 -75.66 20160419234 20160419251 218
1 43.09 -75.79 20160419234 20160419251 219
1 43.09 -75.91 20160419234 20160419251 220
1 42.96 -74.69 20160328145 20160328162 210
1 43.01 -74.9 20160328145 20160328162 211
1 43.03 -77.54 20160906129 20160906145 242
1 43.04 -77.78 20160906129 20160906145 243
1 43.12 -75.3 20160726146 20160726163 215
1 43.13 -75.46 20160726146 20160726163 216
1 43.0 -76.76 20160924083 20160924100 232
1 42.96 -76.88 20160924083 20160924100 233
1 42.96 -76.94 20160924083 20160924100 234
1 42.96 -76.96 20160924083 20160924100 235
1 42.96 -76.97 20160924083 20160924100 236
1 42.96 -77.07 20160924083 20160924100 237
1 43.01 -74.9 20160914151 20160914168 211
1 43.06 -75.08 20160914151 20160914168 212
1 43.11 -75.66 20160628233 20160628250 218
1 43.09 -75.79 20160628233 20160628250 219
1 43.09 -75.91 20160628233 20160628250 220
1 43.03 -77.54 20160413214 20160413231 242
1 43.04 -77.78 20160413214 20160413231 243
1 42.92 -74.46 20160829137 20160829154 209
1 42.96 -74.69 20160829137 20160829154 210
1 42.93 -74.28 20160930180 20160930195 208
1 42.92 -74.46 20160930180 20160930195 209
1 42.92 -74.46 20160913157 20160913174 209
1 42.96 -74.69 20160913157 20160913174 210
1 43.01 -74.9 20160726175 20160726192 211
1 43.06 -75.08 20160726175 20160726192 212
1 43.03 -77.54 20160809179 20160809196 242
1 43.04 -77.78 20160809179 20160809196 243
1 42.81 -74.02 20160510143 20160510160 204
1 42.87 -74.05 20160510143 20160510160 205
1 42.89 -74.09 20160510143 20160510160 206
1 42.91 -74.14 20160510143 20160510160 207
1 42.93 -74.28 20160510143 20160510160 208
1 42.92 -74.46 20160510143 20160510160 209
1 43.02 -78.25 20160920110 20160920124 246
1 43.01 -78.37 20160920110 20160920124 247
1 43.09 -76.07 20160511243 20160511246 322
1 43.09 -76.13 20160511243 20160511246 323
1 42.95 -78.66 20160801213 20160801219 350
1 42.95 -78.73 20160801213 20160801219 351
1 43.04 -76.62 20160525189 20160525204 330
1 43.0 -76.76 20160525189 20160525204 331
1 42.95 -78.66 20160610132 20160610149 350
1 42.95 -78.73 20160610132 20160610149 351
1 42.96 -76.94 20160721115 20160721132 333
1 42.96 -76.96 20160721115 20160721132 334
1 42.96 -76.98 20160721115 20160721132 335
1 43.04 -77.78 20160410239 20160410251 342
1 43.03 -77.94 20160410239 20160410251 343
1 43.02 -78.08 20160410239 20160410251 344
1 43.02 -78.26 20160410239 20160410251 345
1 43.01 -78.38 20160410239 20160410251 346
1 42.99 -78.44 20160410239 20160410251 347
1 42.99 -78.46 20160410239 20160410251 348
1 42.97 -78.54 20160410239 20160410251 349
1 42.95 -78.66 20160410239 20160410251 350
1 42.95 -78.66 20160723117 20160723119 350
1 42.95 -78.73 20160723117 20160723119 351
1 42.96 -77.08 20160403233 20160403248 336
1 42.98 -77.2 20160403233 20160403248 337
1 42.99 -77.3 20160403233 20160403248 338
1 43.0 -77.4 20160403233 20160403248 339
1 43.0 -77.43 20160403233 20160403248 340
1 43.03 -77.55 20160403233 20160403248 341
1 43.04 -77.78 20160403233 20160403248 342
1 43.03 -77.94 20160403233 20160403248 343
1 43.02 -78.08 20160403233 20160403248 344
1 43.13 -75.47 20160816234 20160816250 315
1 43.13 -75.56 20160816234 20160816250 316
1 43.11 -75.66 20160816234 20160816250 317
1 43.09 -75.8 20160816234 20160816250 318
1 43.09 -75.91 20160816234 20160816250 319
1 42.96 -74.69 20160312224 20160312241 309
1 43.01 -74.91 20160312224 20160312241 310
1 43.09 -75.8 20160411225 20160411233 318
1 43.09 -75.91 20160411225 20160411233 319
1 43.1 -76.18 20160531140 20160531156 324
1 43.11 -76.2 20160531140 20160531156 325
1 42.92 -74.46 20160719176 20160719192 308
1 42.96 -74.69 20160719176 20160719192 309
1 42.92 -74.46 20160908200 20160908217 308
1 42.96 -74.69 20160908200 20160908217 309
1 43.03 -77.55 20160607232 20160607249 341
1 43.04 -77.78 20160607232 20160607249 342
1 42.96 -74.69 20160401110 20160401124 309
1 43.01 -74.91 20160401110 20160401124 310
1 42.96 -74.69 20160508139 20160508156 309
1 43.01 -74.91 20160508139 20160508156 310
1 43.06 -75.08 20160508139 20160508156 311
1 42.92 -74.46 20160617113 20160617130 308
1 42.96 -74.69 20160617113 20160617130 309
1 42.96 -74.69 20160719126 20160719143 309
1 43.01 -74.91 20160719126 20160719143 310
1 43.01 -74.91 20160422232 20160422249 310
1 43.06 -75.08 20160422232 20160422249 311
1 43.12 -75.3 20160420228 20160420245 314
1 43.13 -75.47 20160420228 20160420245 315
1 43.03 -77.55 20160526097 20160526114 341
1 43.04 -77.78 20160526097 20160526114 342
1 42.96 -74.69 20160330218 20160330235 309
1 43.01 -74.91 20160330218 20160330235 310
1 43.06 -75.08 20160330218 20160330235 311
1 42.96 -74.69 20160903105 20160903121 309
1 43.01 -74.91 20160903105 20160903121 310
1 42.92 -74.46 20160611117 20160611134 308
1 42.96 -74.69 20160611117 20160611134 309
1 42.92 -74.46 20160527214 20160527231 308
1 42.96 -74.69 20160527214 20160527231 309
1 42.92 -74.46 20160316103 20160316120 308
1 42.96 -74.69 20160316103 20160316120 309
1 42.92 -74.46 20160521198 20160521215 308
1 42.96 -74.69 20160521198 20160521215 309
1 43.01 -74.91 20160303107 20160303124 310
1 43.06 -75.08 20160303107 20160303124 311
1 43.06 -75.08 20160618230 20160618247 311
1 43.11 -75.17 20160618230 20160618247 312
1 43.11 -75.19 20160618230 20160618247 313
1 43.12 -75.3 20160618230 20160618247 314
1 43.13 -75.47 20160618230 20160618247 315
1 42.92 -74.46 20160421227 20160421244 308
1 42.96 -74.69 20160421227 20160421244 309
1 42.96 -74.69 20160422093 20160422107 309
1 43.01 -74.91 20160422093 20160422107 310
1 43.06 -75.08 20160422093 20160422107 311
1 43.03 -77.55 20160808224 20160808241 341
1 43.04 -77.78 20160808224 20160808241 342
1 42.92 -74.46 20160816191 20160816208 308
1 42.96 -74.69 20160816191 20160816208 309
1 43.01 -74.91 20160816191 20160816208 310
1 42.96 -74.69 20160519122 20160519139 309
1 43.01 -74.91 20160519122 20160519139 310
1 43.09 -76.13 20160302213 20160302230 323
1 43.1 -76.18 20160302213 20160302230 324
1 43.11 -76.2 20160302213 20160302230 325
1 43.11 -76.25 20160302213 20160302230 326
1 43.09 -76.39 20160302213 20160302230 327
1 42.96 -74.69 20160914132 20160914149 309
1 43.01 -74.91 20160914132 20160914149 310
1 43.01 -74.91 20160705106 20160705123 310
1 43.06 -75.08 20160705106 20160705123 311
1 42.91 -74.15 20160609103 20160609120 306
1 42.93 -74.28 20160609103 20160609120 307
1 42.92 -74.46 20160609103 20160609120 308
1 43.01 -74.91 20160425159 20160425176 310
1 43.06 -75.08 20160425159 20160425176 311
1 43.01 -74.91 20160321101 20160321118 310
1 43.06 -75.08 20160321101 20160321118 311
1 43.02 -78.08 20160824099 20160824116 344
1 43.02 -78.26 20160824099 20160824116 345
1 42.96 -74.69 20160311199 20160311216 309
1 43.01 -74.91 20160311199 20160311216 310
1 42.97 -78.54 20160828094 20160828111 349
1 42.95 -78.66 20160828094 20160828111 350
1 42.95 -78.73 20160828094 20160828111 351
1 43.01 -74.91 20160625211 20160625228 310
1 43.06 -75.08 20160625211 20160625228 311
1 43.03 -77.55 20160831164 20160831181 341
1 43.04 -77.78 20160831164 20160831181 342
1 42.92 -74.46 20160912174 20160912191 308
1 42.96 -74.69 20160912174 20160912191 309
1 42.91 -74.15 20160418115 20160418132 306
1 42.93 -74.28 20160418115 20160418132 307
1 42.92 -74.46 20160418115 20160418132 308
1 42.96 -74.69 20160418115 20160418132 309
1 43.01 -74.91 20160418115 20160418132 310
1 43.06 -75.08 20160418115 20160418132 311
1 43.11 -75.17 20160418115 20160418132 312
1 43.11 -75.19 20160418115 20160418132 313
1 43.12 -75.3 20160418115 20160418132 314
1 43.13 -75.47 20160418115 20160418132 315
1 43.13 -75.56 20160418115 20160418132 316
1 43.11 -75.66 20160418115 20160418132 317
1 42.99 -78.44 20160823249 20160823251 347
1 42.99 -78.46 20160823249 20160823251 348
1 42.97 -78.54 20160823249 20160823251 349
1 42.95 -78.66 20160823249 20160823251 350
1 42.95 -78.73 20160823249 20160823251 351
1 43.03 -77.55 20160317233 20160317249 341
1 43.04 -77.78 20160317233 20160317249 342
1 42.78 -73.98 20160306151 20160306165 302
1 42.82 -74.02 20160306151 20160306165 303
1 42.87 -74.05 20160306151 20160306165 304
1 43.03 -77.55 20160919199 20160919216 341
1 43.04 -77.78 20160919199 20160919216 342
1 43.02 -78.08 20160503142 20160503159 344
1 43.02 -78.26 20160503142 20160503159 345
1 42.96 -74.69 20160903183 20160903200 309
1 43.01 -74.91 20160903183 20160903200 310
1 43.03 -77.55 20160713164 20160713181 341
1 43.04 -77.78 20160713164 20160713181 342
1 43.03 -77.55 20160428235 20160428251 341
1 43.04 -77.78 20160428235 20160428251 342
1 43.04 -77.78 20160910106 20160910123 342
1 43.03 -77.94 20160910106 20160910123 343
1 43.02 -78.08 20160910106 20160910123 344
1 43.02 -78.26 20160910106 20160910123 345
1 43.04 -76.62 20160408081 20160408098 330
1 43.0 -76.76 20160408081 20160408098 331
1 43.03 -77.55 20160301089 20160301106 341
1 43.04 -77.78 20160301089 20160301106 342
1 43.04 -76.62 20160323221 20160323238 330
1 43.0 -76.76 20160323221 20160323238 331
1 43.04 -76.62 20160809074 20160809091 330
1 43.0 -76.76 20160809074 20160809091 331
1 42.93 -74.28 20160419108 20160419125 307
1 42.92 -74.46 20160419108 20160419125 308
1 42.97 -78.54 20160504152 20160504169 349
1 42.95 -78.66 20160504152 20160504169 350
1 42.95 -78.73 20160504152 20160504169 351
1 43.03 -77.55 20160405224 20160405241 341
1 43.04 -77.78 20160405224 20160405241 342
1 43.12 -75.3 20160907150 20160907167 314
1 43.13 -75.47 20160907150 20160907167 315
1 43.11 -75.66 20160616134 20160616151 317
1 43.09 -75.8 20160616134 20160616151 318
1 42.96 -74.69 20160330110 20160330127 309
1 43.01 -74.91 20160330110 20160330127 310
1 43.04 -77.78 20160901230 20160901247 342
1 43.03 -77.94 20160901230 20160901247 343
1 43.02 -78.08 20160901230 20160901247 344
1 43.02 -78.26 20160901230 20160901247 345
1 43.01 -78.38 20160901230 20160901247 346
1 42.99 -78.44 20160901230 20160901247 347
1 42.99 -78.46 20160901230 20160901247 348
1 42.97 -78.54 20160901230 20160901247 349
1 42.95 -78.66 20160310246 20160310251 350
1 42.95 -78.73 20160310246 20160310251 351
1 43.03 -77.55 20160329200 20160329217 341
1 43.04 -77.78 20160329200 20160329217 342
1 43.09 -76.13 20160317078 20160317095 323
1 43.1 -76.18 20160317078 20160317095 324
1 43.11 -76.2 20160317078 20160317095 325
1 43.11 -76.25 20160317078 20160317095 326
1 43.09 -76.39 20160317078 20160317095 327
1 43.07 -76.5 20160317078 20160317095 328
1 43.07 -76.53 20160317078 20160317095 329
1 43.04 -76.62 20160317078 20160317095 330
1 43.0 -76.76 20160317078 20160317095 331
1 42.92 -74.46 20160418237 20160418251 308
1 42.96 -74.69 20160418237 20160418251 309
1 43.09 -76.39 20160517214 20160517231 327
1 43.07 -76.5 20160517214 20160517231 328
1 43.07 -76.53 20160517214 20160517231 329
1 43.04 -76.62 20160517214 20160517231 330
1 43.0 -76.76 20160517214 20160517231 331
