55.5787442191 45.8063852135 7.93776911113 66.4773745213 8.57771641103
54.8359605267 45.0451848067 7.99194872451 65.9718080749 8.47126128445
57.0431812607 47.5179555849 7.8581103119 67.736818114 8.12135825453
57.0369487317 47.8688400376 7.85720550387 67.5089036924 8.04789371092
56.4851987742 47.7813739851 7.88906831259 66.7366291306 8.02733429045
55.5364203592 46.1675108777 8.02590265213 66.6384112748 8.04639157905
52.2242719944 42.9085331225 8.27589803833 63.9095994553 8.32976421536
55.0724529562 44.6700813604 8.18243367029 67.3539848131 7.99261485285
53.7501023109 43.1771205109 8.26501230161 66.3522389404 8.12299946863
54.4287109901 44.639438621 8.17010699128 66.4088599503 7.72392481853
