68.2420940822 57.9350557225 6.35353331597 78.9951005141 5.88918066615
67.5418092989 57.2046598906 6.31295594642 78.3997057368 5.91673339531
69.91647793 59.9581108126 6.19277345637 80.3387982358 5.83280733899
69.9779695122 60.3434974082 6.20319274451 80.1204223531 5.7762829189
69.4864705428 60.2383431174 6.2497806033 79.3216087942 5.71295409312
68.7723717675 58.8245926927 6.29322744892 79.3698459534 5.84571153537
65.5626109476 55.4296942069 6.49753256859 76.5526670626 5.90539433332
68.7386608439 57.7506256539 6.33384405753 80.4267329642 6.02993768478
67.3409162248 56.1298126699 6.37109455318 79.3019797236 6.08622335678
67.9926956498 57.6239772092 6.20495969383 79.1684608489 5.95910706541
