23.8425544505 17.1696792713 11.5471350294 31.9110974086 10.9095972596
23.2608474177 16.4291423228 11.5560530011 31.7143516225 10.7511318296
25.1904935359 18.4598746511 11.2738142665 33.4192465173 10.5479512848
24.7915572393 18.1220201938 11.5674088607 33.1678371841 10.5827187449
23.718693955 17.1158888966 12.0766167008 32.3681297573 10.6873038204
22.8099069886 15.820224907 12.0320005049 32.0312605868 10.5179661203
18.95024208 11.7310457934 13.0258059146 29.1398711763 10.748070312
22.2879143368 14.7468124268 11.8176917968 32.2158703431 10.2151166814
21.2181885606 13.5628949065 11.9122321351 31.3779437517 10.2432932688
21.8866401994 14.3644485032 11.9041828068 32.1355898368 10.0244128514
