37.4284655618 27.4466195617 9.13065242311 47.0885549031 12.0765798738
37.0572856666 26.8733783251 9.1659604993 46.9196899144 11.7939572054
39.0059624656 29.2442615017 8.61585942429 48.4469563408 11.272054578
38.796590636 29.2805334792 8.6530406222 47.9585054939 11.0238766476
38.0027087497 28.7483109688 8.84556644249 46.8527215236 10.7881518215
37.7383646587 27.7854315543 8.9074003861 47.2847469479 10.816651616
34.7047135844 24.3468397751 9.71012121941 44.5766067447 10.9297425207
38.1959469083 27.2927946647 8.78499162799 48.6925921023 10.7966817856
37.1641496798 25.9578346272 9.05099169974 47.9685600836 10.9600342435
37.6955160383 27.0355863616 8.78666644023 47.9469109631 10.1132185922
