43.7765039482 35.3142396951 7.77390688431 53.449289662 9.87200518567
43.1095809548 34.6091607201 7.80865437287 53.1087646741 9.80703516388
45.0433937983 36.7230698648 7.73153368514 54.7164751461 9.18224882821
44.9353705386 36.9979968881 7.77475949494 54.4287648173 9.02730372872
44.2979030664 36.8855340632 7.85814807339 53.6029935409 8.95317908514
43.3213964009 35.3064955568 7.87947547132 53.4782073448 9.06480346783
40.0878746198 32.3342212949 8.08568151447 50.7754038353 9.55813903617
42.6902755982 33.7180845863 7.86838532574 54.0351302654 9.05367255495
41.5427310733 32.4268942087 7.91224251917 53.1844727713 9.34005520501
42.207390371 33.7503597818 7.92597842749 53.4504836003 8.7681066096
