69.1450820153 58.4725065541 6.52336355466 79.7565254013 6.45886352575
68.3708998322 57.6318780555 6.46371062783 79.0447182126 6.45381542751
70.7193132882 60.3419803786 6.27577721941 81.0826852459 6.35241757813
70.7791545886 60.6849415334 6.25988553022 80.8631478448 6.33416221261
70.2933906778 60.5295498205 6.28412661587 80.0398572637 6.3324410205
69.6233023117 59.1747864678 6.29075325818 80.0463340465 6.36669690729
66.4771143214 55.7834252706 6.49500192116 77.085629078 6.47295490297
69.6802721905 58.2275451924 6.25437671772 81.1145667846 6.3889408764
68.2636968281 56.586507173 6.32005213869 79.8963587812 6.43637468621
68.7363065217 57.8058813817 6.1111980135 79.6495467298 6.34085839476
