60.3734004438 48.8924374338 7.90226844549 71.3712436996 8.82360750635
59.8243570781 48.2635013212 7.83310878126 70.8625430818 8.85185647135
61.6769682627 50.5363325512 7.45738443243 72.3158149608 8.58162086061
61.6773700077 50.8109125691 7.36280879083 71.955859709 8.48405572216
61.224246231 50.6603303613 7.31682780956 71.0665801494 8.40589227502
60.8982635923 49.6322946185 7.40355120999 71.4097376498 8.55897330711
58.4387444429 46.8242651107 7.7123692228 69.0556563772 8.76748318488
61.2615461139 48.9905653656 7.44068329441 72.7547960823 8.71039365257
60.1722801984 47.645465783 7.60029396552 71.9083323318 8.85987560678
60.4614173931 48.7008622642 7.18719813256 71.37851565 8.60941787011
