21.720623592 13.8152908324 12.3477487299 30.7625320238 11.146630597
21.3990464557 13.3277064117 12.3326442176 30.7803160584 11.0325156327
23.0396758153 15.1162852783 12.0052912709 32.1214361623 10.8032449323
22.5479297218 14.6842418582 12.2238370981 31.7088303975 10.8432379398
21.4054001742 13.5940563033 12.633354411 30.7571328101 10.9618075242
20.8149714411 12.4932815008 12.7323295099 30.8189090232 10.8706654695
17.290201401 8.59633345709 13.7064582497 28.2541467367 11.1936585819
20.6252544234 11.5677067312 12.7559325667 31.4647091487 10.6707855723
19.8056275644 10.6115781341 12.8697188413 30.9014067509 10.7272167713
20.4696178636 11.5275146586 12.6512034923 31.448915038 10.5044938744
