48.3169098971 36.9177073668 8.06228199065 58.9360963817 11.0807817419
47.8725646315 36.3208873314 7.96954528199 58.5480909417 10.9940801144
49.6577798601 38.5260278695 7.66799106298 60.0447787004 10.4958448615
49.5658362762 38.7134323506 7.57830521021 59.5906250195 10.3333211033
48.9901143588 38.4489327205 7.52157873819 58.5482430135 10.2168686927
48.7793983639 37.4587134509 7.60700660347 59.0383542135 10.3541508545
46.2591193112 34.5561848748 7.83652967377 56.502415547 10.6926698907
49.279214432 36.8511964314 7.67828912846 60.6087438157 10.4423329187
48.2758556728 35.5629505077 7.79269595901 59.8024629795 10.6609751816
48.5840523963 36.5815169586 7.37955695595 59.3477611796 10.0919836419
