53.537203769 41.5542381246 8.03907420985 64.6575328518 10.1719817169
53.0760414337 40.95106044 7.94358463927 64.2345684977 10.1290530801
54.8326700288 43.220612392 7.59883948456 65.6567446657 9.66551917854
54.7978442498 43.4818764133 7.50141139795 65.2471403945 9.54112422782
54.3150791166 43.3119127068 7.44395017604 64.2907153279 9.47219612187
54.1130318681 42.3167573963 7.53385641971 64.7917920365 9.60103796758
51.7665995483 39.5020322938 7.80202964034 62.4603392677 9.97555883094
54.6167907666 41.7201939532 7.59804485938 66.3605721968 9.66820444304
53.6114759735 40.3885438235 7.73260206018 65.5681531766 9.88330716824
53.8845958001 41.4541289967 7.28656321064 65.0181931163 9.42528597534
