35.0646307285 28.2767121915 8.99713682501 43.1204223141 10.511212023
34.4603864324 27.6498838051 9.1684210726 42.8073009194 10.4233983098
36.5607725557 29.6680989738 8.8405894894 44.7708988325 9.95228196815
36.4032566061 29.700817026 9.01543869026 44.5963442812 9.8641863263
35.6496451008 29.2505655466 9.35557868587 43.8494452867 9.85148503117
34.7712338833 28.0239752194 9.35360842431 43.5364609454 9.85029605872
31.2787728743 24.8407679454 10.1461789567 40.5277206449 10.2346023748
34.3478474539 26.9803211903 9.14486484689 43.8938524747 9.71163478772
33.1532725044 25.7943539138 9.34414426978 42.8749630037 9.90908077115
33.9115054984 26.828365293 9.52124574902 43.565812965 9.49354036597
