21.3477541539 13.757600104 12.8567840022 30.1964461922 11.5215835909
20.9377115331 13.2205163673 12.8592050387 30.1640286579 11.3960669897
22.589213211 14.9783153703 12.5217884114 31.5023321001 11.2333037604
22.0864680599 14.5520389747 12.7659991136 31.0856449714 11.293659681
20.9255974428 13.4784629083 13.2159460398 30.1289106808 11.4262996809
20.2030525397 12.2787356986 13.2906578582 30.0994824615 11.3309765875
16.5583514416 8.37094034166 14.3187924204 27.4719130206 11.6168990839
19.8320338157 11.1949927886 13.2610441826 30.6118294151 11.1514571954
18.9749697118 10.2339784121 13.3835597762 30.0315053709 11.1691286963
19.6046067991 11.136973908 13.2183214709 30.569668395 10.9701996519
