28.5401334238 22.2742035269 10.3842787517 36.2011454792 10.3456329177
27.9363290416 21.5346592598 10.4740281414 35.9355566222 10.2606228001
30.0540309446 23.6542552493 10.13490029 37.9234613931 9.98309512691
29.793441962 23.4715472173 10.4074368493 37.7715074509 9.9780273764
28.8812015804 22.67581225 10.8978576112 37.050989111 10.0406776924
27.9892832561 21.4507697962 10.860618173 36.660610859 9.9514798734
24.229101253 17.6561488967 11.8748256931 33.618732342 10.2293119638
27.5604429007 20.5119300488 10.6092365026 36.8787835839 9.73040700098
26.3730791219 19.2629466744 10.766733312 35.8663842824 9.82795916873
27.1238425593 20.0935805439 10.8560860695 36.7250740487 9.61622375775
