62.2731055543 51.0247334517 7.74948623797 73.1378040821 8.34024684493
61.6859107759 50.3694225754 7.68315774741 72.5774263207 8.37058971485
63.5827019702 52.6507448862 7.33000764307 74.1096893795 8.18687340829
63.5821228147 52.9118997359 7.24470280523 73.7706319495 8.11625624707
63.1168982781 52.7394245607 7.20688527486 72.8933435211 8.05666691183
62.738190724 51.6823134385 7.28950150781 73.1493063272 8.18854894153
60.189725882 48.815558544 7.58886428845 70.6917935808 8.33809327778
63.0449003048 51.0066806234 7.32635661016 74.3965072317 8.33397360389
61.9203399539 49.6492192634 7.47529082856 73.4903567344 8.44026742763
62.2122202895 50.685234145 7.0847836181 72.9940231717 8.26369519661
