51.2361983258 39.4340862262 8.05931783237 62.1734229902 10.5604142276
50.7786364096 38.8320804547 7.95427509141 61.7595060437 10.4937705841
52.5414141896 41.0639533046 7.64146985521 63.2203157471 10.02520136
52.4823953475 41.2936251015 7.54809653439 62.7936065978 9.89722246918
51.9618072527 41.0857645294 7.48886381217 61.8017780036 9.82455530323
51.7558387676 40.0903170106 7.57036275407 62.3014738282 9.94129955918
49.3432270246 37.2490483176 7.80360353484 59.8813612288 10.3075443066
52.256563959 39.4818191718 7.63580418482 63.8809836201 9.99563328299
51.2534228497 38.172893172 7.75101623582 63.0766780953 10.2040607945
51.5325173055 39.212620158 7.31337376127 62.5584426376 9.71226701693
