50.5262606516 38.8186353358 8.06225782699 61.4066060152 10.658450714
50.0741204057 38.2185077947 7.95592521931 60.9951743256 10.591114325
51.839580714 40.4375198978 7.64986127138 62.4687281553 10.1147819586
51.7729039904 40.6552651358 7.55390102026 62.0366016708 9.98019950851
51.2400996391 40.432750138 7.48916935392 61.0334193803 9.89963852653
51.0360109749 39.4402456425 7.57521217291 61.5292793131 10.022411945
48.6032929319 36.5891971442 7.79730500532 59.078225709 10.3870972104
51.5396488924 38.8322952187 7.65149138904 63.1068786051 10.0847517048
50.5385572677 37.5318410358 7.76329298025 62.2984800479 10.297368949
50.8245551002 38.562309836 7.32220154494 61.7928604569 9.79331090892
