36.2447320788 29.2532170932 8.74397197462 44.4361668052 10.4958162437
35.6317739453 28.6376197193 8.9150990215 44.1158802408 10.4060485221
37.7112323644 30.6390329526 8.62317359976 46.045137202 9.89896220529
37.5626967003 30.7083821538 8.77506570625 45.8558739147 9.79476604794
36.8278371166 30.3167690287 9.0720136394 45.0958049007 9.76711716007
35.9389351292 29.0664037537 9.08708569878 44.8052272449 9.7877059061
32.4866519678 25.971573843 9.79386189028 41.8204567929 10.193968165
35.4925210696 27.9690008347 8.9226359521 45.1909866876 9.67396372345
34.3030733252 26.7907307096 9.10798892571 44.1869272535 9.88936909159
35.0472844602 27.8664039011 9.28191927899 44.8242566775 9.42858362853
