53.1405321361 43.6188249431 7.95830708637 63.9401575674 8.95322916781
52.4080429982 42.8157497437 8.01918765469 63.4891167652 8.85453277093
54.5674281071 45.2795339888 7.89929289267 65.1919525245 8.41686744821
54.5483388893 45.6407873207 7.89615952665 64.9456845725 8.32597548097
53.9889423716 45.5713975823 7.92111243473 64.1605947356 8.30111375214
53.016905447 43.8838517474 8.0622004392 64.0882033594 8.32562763823
49.7178876015 40.6139802091 8.29218098187 61.4068473874 8.68018049193
52.4937300597 42.2751534234 8.22881489407 64.8048031633 8.24661374835
51.2003815616 40.7690709866 8.30785874582 63.8568754629 8.42377361843
51.8888588453 42.2219674808 8.22726840538 63.9476931937 7.9834816723
