49.0762188452 37.555060313 8.04975369063 59.7976866999 10.9406546394
48.6264067147 36.9603339879 7.95764741789 59.3986740782 10.8619695648
50.4098131389 39.1672218287 7.65265070287 60.8898511732 10.3757378548
50.3285670922 39.3668675941 7.56009287503 60.4429735805 10.2264736032
49.7694165799 39.120202664 7.49996224074 59.4130701449 10.1266497916
49.5606879567 38.1290374795 7.59278265487 59.9051194514 10.2531799792
47.0690151273 35.2517487186 7.82481451834 57.3948683727 10.5996453849
50.0640466264 37.5185789273 7.67509616413 61.4799733585 10.3237229905
49.0576947219 36.2286289736 7.79164690295 60.6706428406 10.5383429565
49.3568390606 37.2559367841 7.37058408975 60.1945633321 10.0023432451
