64.1662691728 53.7223341603 7.17948642873 75.2047135522 6.89152808362
63.4491083964 53.1119162651 7.17489193594 74.5409252787 6.87312527849
65.6627388639 55.5608194827 7.04402370648 76.4314917025 6.68572472098
65.6660637419 55.8555806872 7.05251321807 76.2348379437 6.62430474428
65.1273521089 55.6889898119 7.09850690556 75.4806228949 6.5802319086
64.3088438486 54.3489828785 7.19009753466 75.3243025591 6.70021046259
61.0955820374 51.1610249958 7.4324412602 72.4860282696 6.87129195825
64.0530887362 53.2470388253 7.29345855954 76.0463539138 6.84159957605
62.7343638431 51.8302419484 7.34990918518 74.9170142056 6.92839871456
63.3494356599 53.2850126479 7.19762322753 74.8254990057 6.67916137617
