47.4486968352 38.4864047114 7.79660888093 57.7644384372 9.59753026865
46.7463629511 37.6865059835 7.82548244949 57.403003335 9.54727954287
48.7532496085 39.9837387705 7.75301719861 58.9791650778 8.91821303846
48.6823791025 40.3272738638 7.76362051596 58.689538059 8.77047277898
48.0827928751 40.2725621311 7.79745482504 57.8695212256 8.70791155128
47.0826510282 38.539956326 7.86774452672 57.802933337 8.81817529934
43.8315048549 35.4045046739 8.0261505539 55.1750003085 9.33134444846
46.4492531199 36.7940716324 7.94522417341 58.4524792563 8.79697186243
45.2479136694 35.3708639758 7.98821782498 57.6071132961 9.09042662737
45.9201389639 36.7782866889 7.94245435893 57.7698204196 8.54477211875
