69.3170634955 58.6904603813 6.45207446616 79.9254931 6.29990019513
68.5368469823 57.8360613064 6.38773031076 79.2272418033 6.30996589757
70.9300734723 60.6064447152 6.21853563587 81.278973699 6.21374191362
70.9998177208 60.9697999131 6.21007659956 81.0633602158 6.18955307269
70.5177071701 60.8299436662 6.24077823956 80.2423197023 6.17749785568
69.8313085693 59.4425183797 6.23536263795 80.2591504694 6.2303378609
66.6422395046 56.0030542346 6.42594845526 77.2963538641 6.32776691193
69.8793786272 58.4668747375 6.18706090263 81.3443544306 6.28039965251
68.4381847511 56.7895761576 6.24117437687 80.1245174534 6.33213837912
68.9403452564 58.0503127859 6.04642474696 79.9001101826 6.24737613182
