62.9334358998 52.5513292256 7.33992762462 73.9900700054 7.16677789575
62.2118766342 51.9291486309 7.35363850164 73.3369729077 7.11972808533
64.4218299003 54.3728590077 7.21006489087 75.2227704434 6.92081029232
64.4224095827 54.6726080099 7.21523993161 75.0261948248 6.86586349628
63.880462589 54.514792342 7.25921008787 74.2730356565 6.83465398269
63.0416531175 53.1424766302 7.36833163612 74.1086934686 6.91800645724
59.8134246864 49.9517962758 7.62898739879 71.2703192825 7.09600893997
62.7527160083 51.9887783582 7.48954497883 74.8116532376 7.00418535238
61.4346961866 50.5694764619 7.55964674139 73.6891119752 7.08434409216
62.0572510475 52.030932634 7.41609811529 73.6205307933 6.81373270093
