10 0.0 0.0 0.001
15 0.0 0.0 0.001
20 0.0 0.0 0.001
25 0.0 0.0 0.001
30 0.0 0.0 0.001
35 0.0 0.0 0.001
40 0.0 0.0 0.001
45 0.0 0.0 0.001
50 0.0 0.0 0.001
55 0.0 0.0 0.001
60 0.0 0.0 0.001
65 0.0 0.0 0.001
70 0.0 0.0 0.001
75 0.0 0.0 0.001
80 0.0 0.0 0.001
85 0.0 0.0 0.001
90 0.0 0.0 0.001
95 0.0 0.0 0.001
100 0.0 0.0 0.001
105 0.0 0.0 0.001
110 0.0 0.0 0.001
115 0.0 0.0 0.001
120 0.0 0.0 0.001
125 0.0 0.0 0.001
130 0.0 0.0 0.001
135 0.0 0.0 0.001
140 0.0 0.0 0.001
145 0.0 0.0 0.001
150 0.0 0.0 0.001
155 0.0 0.0 0.001
160 0.0 0.0 0.001
165 0.0 0.0 0.001
170 0.0 0.0 0.001
175 0.0 0.0 0.001
180 0.0 0.0 0.001
185 0.0 0.0 0.001
190 0.0 0.0 0.001
195 0.0 0.0 0.001
200 0.0 0.0 0.001
205 0.0 0.0 0.001
210 0.0 0.0 0.001
215 0.0 0.0 0.001
220 0.0 0.0 0.001
225 0.0 0.0 0.001
230 0.0 0.0 0.001
235 0.0 0.0 0.001
240 0.0 0.0 0.001
245 0.0 0.0 0.001
250 0.0 0.0 0.001
255 0.0 0.0 0.001
260 0.0 0.0 0.001
265 0.0 0.0 0.001
270 0.0 0.0 0.001
275 0.0 0.0 0.001
280 0.0 0.0 0.001
285 0.0 0.0 0.001
290 0.0 0.0 0.001
295 0.0 0.0 0.001
300 0.0 0.0 0.001
305 0.0 0.0 0.001
310 0.0 0.0 0.001
315 0.0 0.0 0.001
320 0.003125 0.009345794392523364 0.004683840749414519
325 0.003076923076923077 0.009345794392523364 0.004629629629629629
330 0.0030303030303030303 0.009345794392523364 0.004576659038901602
335 0.0029850746268656717 0.009345794392523364 0.004524886877828055
340 0.0029411764705882353 0.009345794392523364 0.0044742729306487695
345 0.005797101449275362 0.018691588785046728 0.008849557522123894
350 0.005714285714285714 0.018691588785046728 0.0087527352297593
355 0.005633802816901409 0.018691588785046728 0.00865800865800866
360 0.005555555555555556 0.018691588785046728 0.008565310492505354
365 0.005479452054794521 0.018691588785046728 0.00847457627118644
370 0.005405405405405406 0.018691588785046728 0.008385744234800839
375 0.005333333333333333 0.018691588785046728 0.008298755186721992
380 0.005263157894736842 0.018691588785046728 0.008213552361396304
385 0.005194805194805195 0.018691588785046728 0.008130081300813009
390 0.005128205128205128 0.018691588785046728 0.008048289738430584
395 0.005063291139240506 0.018691588785046728 0.00796812749003984
400 0.005 0.018691588785046728 0.007889546351084813
405 0.0049382716049382715 0.018691588785046728 0.0078125
410 0.004878048780487805 0.018691588785046728 0.007736943907156672
415 0.004819277108433735 0.018691588785046728 0.007662835249042147
420 0.004761904761904762 0.018691588785046728 0.007590132827324479
425 0.004705882352941176 0.018691588785046728 0.007518796992481203
430 0.004651162790697674 0.018691588785046728 0.007448789571694599
435 0.004597701149425287 0.018691588785046728 0.007380073800738006
440 0.004545454545454545 0.018691588785046728 0.007312614259597807
445 0.0044943820224719105 0.018691588785046728 0.007246376811594203
450 0.0044444444444444444 0.018691588785046728 0.007181328545780969
455 0.004395604395604396 0.018691588785046728 0.0071174377224199285
460 0.004347826086956522 0.018691588785046728 0.0070546737213403885
465 0.004301075268817204 0.018691588785046728 0.006993006993006993
470 0.00425531914893617 0.018691588785046728 0.006932409012131716
475 0.004210526315789474 0.018691588785046728 0.006872852233676976
480 0.004166666666666667 0.018691588785046728 0.0068143100511073255
485 0.004123711340206186 0.018691588785046728 0.006756756756756757
490 0.004081632653061225 0.018691588785046728 0.006700167504187606
495 0.00404040404040404 0.018691588785046728 0.006644518272425249
500 0.004008016032064128 0.018691588785046728 0.0066006600660066
505 0.005952380952380952 0.028037383177570093 0.00981996726677578
510 0.005893909626719057 0.028037383177570093 0.00974025974025974
515 0.005836575875486381 0.028037383177570093 0.009661835748792272
520 0.005780346820809248 0.028037383177570093 0.009584664536741214
525 0.0057251908396946565 0.028037383177570093 0.009508716323296355
530 0.005671077504725898 0.028037383177570093 0.009433962264150945
535 0.0056179775280898875 0.028037383177570093 0.0093603744149766
540 0.0055658627087198514 0.028037383177570093 0.009287925696594427
545 0.0055147058823529415 0.028037383177570093 0.009216589861751152
550 0.00546448087431694 0.028037383177570093 0.009146341463414634
555 0.005415162454873646 0.028037383177570093 0.009077155824508321
560 0.005366726296958855 0.028037383177570093 0.009009009009009009
565 0.005319148936170213 0.028037383177570093 0.00894187779433681
570 0.005272407732864675 0.028037383177570093 0.008875739644970414
575 0.005226480836236934 0.028037383177570093 0.00881057268722467
580 0.0051813471502590676 0.028037383177570093 0.008746355685131196
585 0.005136986301369863 0.028037383177570093 0.008683068017366137
590 0.0050933786078098476 0.028037383177570093 0.008620689655172414
595 0.005050505050505051 0.028037383177570093 0.008559201141226819
600 0.005008347245409015 0.028037383177570093 0.008498583569405098
605 0.004966887417218543 0.028037383177570093 0.008438818565400845
610 0.0049261083743842365 0.028037383177570093 0.008379888268156426
615 0.004885993485342019 0.028037383177570093 0.008321775312066574
620 0.004846526655896607 0.028037383177570093 0.008264462809917356
625 0.004807692307692308 0.028037383177570093 0.00820793433652531
630 0.0047694753577106515 0.028037383177570093 0.008152173913043478
635 0.00473186119873817 0.028037383177570093 0.008097165991902834
640 0.004694835680751174 0.028037383177570093 0.008042895442359248
645 0.004658385093167702 0.028037383177570093 0.007989347536617843
650 0.004622496147919877 0.028037383177570093 0.007936507936507938
655 0.0045871559633027525 0.028037383177570093 0.007884362680683312
660 0.004552352048558422 0.028037383177570093 0.00783289817232376
665 0.004518072289156626 0.028037383177570093 0.007782101167315174
670 0.004484304932735426 0.028037383177570093 0.007731958762886597
675 0.004451038575667656 0.028037383177570093 0.00768245838668374
680 0.004418262150220913 0.028037383177570093 0.007633587786259541
685 0.0043859649122807015 0.028037383177570093 0.0075853350189633365
690 0.0043541364296081275 0.028037383177570093 0.007537688442211055
695 0.004322766570605188 0.028037383177570093 0.00749063670411985
700 0.004291845493562232 0.028037383177570093 0.007444168734491315
705 0.004261363636363636 0.028037383177570093 0.007398273736128236
710 0.004231311706629055 0.028037383177570093 0.00735294117647059
715 0.004201680672268907 0.028037383177570093 0.007308160779537149
720 0.004172461752433936 0.028037383177570093 0.007263922518159807
725 0.004143646408839779 0.028037383177570093 0.007220216606498194
730 0.00411522633744856 0.028037383177570093 0.0071770334928229675
735 0.004087193460490463 0.028037383177570093 0.00713436385255648
740 0.0040595399188092015 0.028037383177570093 0.0070921985815602835
745 0.004032258064516129 0.028037383177570093 0.007050528789659224
750 0.004005340453938585 0.028037383177570093 0.007009345794392523
755 0.003978779840848806 0.028037383177570093 0.006968641114982578
760 0.003952569169960474 0.028037383177570093 0.0069284064665127015
765 0.006535947712418301 0.04672897196261682 0.011467889908256881
770 0.006493506493506494 0.04672897196261682 0.011402508551881414
775 0.0064516129032258064 0.04672897196261682 0.011337868480725623
780 0.00641025641025641 0.04672897196261682 0.011273957158962795
785 0.006369426751592357 0.04672897196261682 0.011210762331838566
790 0.006329113924050633 0.04672897196261682 0.011148272017837234
795 0.006289308176100629 0.04672897196261682 0.011086474501108648
800 0.00625 0.04672897196261682 0.011025358324145534
805 0.006211180124223602 0.04672897196261682 0.010964912280701754
810 0.006172839506172839 0.04672897196261682 0.010905125408942203
815 0.006134969325153374 0.04672897196261682 0.01084598698481562
820 0.006097560975609756 0.04672897196261682 0.010787486515641856
825 0.006060606060606061 0.04672897196261682 0.01072961373390558
830 0.006024096385542169 0.04672897196261682 0.010672358591248666
835 0.00718562874251497 0.056074766355140186 0.012738853503184714
840 0.007142857142857143 0.056074766355140186 0.012671594508975714
845 0.007100591715976331 0.056074766355140186 0.012605042016806723
850 0.007058823529411765 0.056074766355140186 0.012539184952978056
855 0.007017543859649123 0.056074766355140186 0.012474012474012473
860 0.0069767441860465115 0.056074766355140186 0.012409513960703205
865 0.006936416184971098 0.056074766355140186 0.012345679012345678
870 0.006896551724137931 0.056074766355140186 0.012282497441146368
875 0.006857142857142857 0.056074766355140186 0.012219959266802442
880 0.006818181818181818 0.056074766355140186 0.012158054711246202
885 0.006779661016949152 0.056074766355140186 0.012096774193548388
890 0.006741573033707865 0.056074766355140186 0.012036108324974926
895 0.0067039106145251395 0.056074766355140186 0.011976047904191616
900 0.006666666666666667 0.056074766355140186 0.01191658391261172
905 0.0066298342541436465 0.056074766355140186 0.011857707509881424
910 0.006593406593406593 0.056074766355140186 0.011799410029498525
915 0.006557377049180328 0.056074766355140186 0.011741682974559688
920 0.006521739130434782 0.056074766355140186 0.011684518013631937
925 0.006486486486486486 0.056074766355140186 0.011627906976744186
930 0.0064516129032258064 0.056074766355140186 0.011571841851494697
935 0.006417112299465241 0.056074766355140186 0.011516314779270634
940 0.006382978723404255 0.056074766355140186 0.01146131805157593
945 0.007407407407407408 0.06542056074766354 0.013307984790874526
950 0.008421052631578947 0.07476635514018691 0.015137180700094606
955 0.008376963350785341 0.07476635514018691 0.015065913370998118
960 0.008333333333333333 0.07476635514018691 0.014995313964386128
965 0.008290155440414507 0.07476635514018691 0.014925373134328358
970 0.008247422680412371 0.07476635514018691 0.014856081708449397
975 0.008205128205128205 0.07476635514018691 0.014787430683918667
980 0.00816326530612245 0.07476635514018691 0.01471941122355106
985 0.009137055837563452 0.08411214953271028 0.016483516483516484
990 0.00910010111223458 0.08411214953271028 0.016423357664233574
995 0.009054325955734407 0.08411214953271028 0.01634877384196185
1000 0.009009009009009009 0.08411214953271028 0.016274864376130196
1005 0.008964143426294821 0.08411214953271028 0.016201620162016202
1010 0.008919722497522299 0.08411214953271028 0.016129032258064516
1015 0.009861932938856016 0.09345794392523364 0.01784121320249777
1020 0.009813542688910697 0.09345794392523364 0.017761989342806393
1025 0.009765625 0.09345794392523364 0.01768346595932803
1030 0.009718172983479106 0.09345794392523364 0.017605633802816902
1035 0.009671179883945842 0.09345794392523364 0.017528483786152498
1040 0.009624639076034648 0.09345794392523364 0.017452006980802792
1045 0.009578544061302681 0.09345794392523364 0.017376194613379668
1050 0.009532888465204958 0.09345794392523364 0.01730103806228374
1055 0.010436432637571158 0.102803738317757 0.018949181739879417
1060 0.010387157695939566 0.102803738317757 0.018867924528301886
1065 0.010338345864661654 0.102803738317757 0.018787361229718188
1070 0.01028999064546305 0.102803738317757 0.01870748299319728
1075 0.010242085661080074 0.102803738317757 0.018628281117696866
1080 0.010194624652455977 0.102803738317757 0.01854974704890388
1085 0.01014760147601476 0.102803738317757 0.01847187237615449
1090 0.011019283746556474 0.11214953271028037 0.020066889632107024
1095 0.010968921389396709 0.11214953271028037 0.01998334721065778
1100 0.011828935395814377 0.12149532710280374 0.02155887230514096
1105 0.01177536231884058 0.12149532710280374 0.021469859620148635
1110 0.011722272317403066 0.12149532710280374 0.02138157894736842
1115 0.011680143755615454 0.12149532710280374 0.021311475409836068
1120 0.011627906976744186 0.12149532710280374 0.021224489795918365
1125 0.01157613535173642 0.12149532710280374 0.021138211382113824
1130 0.01152482269503546 0.12149532710280374 0.021052631578947368
1135 0.01147396293027361 0.12149532710280374 0.020967741935483872
1140 0.011433597185576077 0.12149532710280374 0.02090032154340836
1145 0.01138353765323993 0.12149532710280374 0.02081665332265813
1150 0.011343804537521814 0.12149532710280374 0.020750199521149242
1155 0.011294526498696786 0.12149532710280374 0.02066772655007949
1160 0.012110726643598616 0.1308411214953271 0.022169437846397466
1165 0.012058570198105082 0.1308411214953271 0.022082018927444793
1170 0.012006861063464836 0.1308411214953271 0.021995286724273373
1175 0.011955593509820665 0.1308411214953271 0.021909233176838808
1180 0.011914893617021277 0.1308411214953271 0.0218408736349454
1185 0.011864406779661017 0.1308411214953271 0.021756021756021756
1190 0.01181434599156118 0.1308411214953271 0.021671826625386997
1195 0.011764705882352941 0.1308411214953271 0.021588280647648422
1200 0.011715481171548118 0.1308411214953271 0.021505376344086023
1205 0.011666666666666667 0.1308411214953271 0.021423106350420815
1210 0.011618257261410789 0.1308411214953271 0.021341463414634148
1215 0.011570247933884297 0.1308411214953271 0.021260440394836745
1220 0.011522633744855968 0.1308411214953271 0.021180030257186084
1225 0.011475409836065573 0.1308411214953271 0.02110022607385079
1230 0.011428571428571429 0.1308411214953271 0.021021021021021023
1235 0.011382113821138212 0.1308411214953271 0.020942408376963352
1240 0.011336032388663968 0.1308411214953271 0.02086438152011923
1245 0.01129032258064516 0.1308411214953271 0.020786933927245732
1250 0.011244979919678716 0.1308411214953271 0.020710059171597635
1255 0.0112 0.1308411214953271 0.020633750921149597
1260 0.011155378486055778 0.1308411214953271 0.020558002936857563
1265 0.011111111111111112 0.1308411214953271 0.020482809070958306
1270 0.011067193675889328 0.1308411214953271 0.020408163265306124
1275 0.011023622047244094 0.1308411214953271 0.020334059549745827
1280 0.010980392156862745 0.1308411214953271 0.020260492040520984
1285 0.0109375 0.1308411214953271 0.020187454938716657
1290 0.010894941634241245 0.1308411214953271 0.020114942528735632
1295 0.010852713178294573 0.1308411214953271 0.02004294917680744
1300 0.010810810810810811 0.1308411214953271 0.019971469329529246
1305 0.010769230769230769 0.1308411214953271 0.019900497512437807
1310 0.010727969348659003 0.1308411214953271 0.019830028328611898
1315 0.010687022900763359 0.1308411214953271 0.019760056457304165
1320 0.01064638783269962 0.1308411214953271 0.01969057665260197
1325 0.010606060606060607 0.1308411214953271 0.019621583742116328
1330 0.010566037735849057 0.1308411214953271 0.019553072625698328
1335 0.010526315789473684 0.1308411214953271 0.019485038274182322
1340 0.010486891385767791 0.1308411214953271 0.01941747572815534
1345 0.010447761194029851 0.1308411214953271 0.019350380096751902
1350 0.010416666666666666 0.1308411214953271 0.019297036526533425
1355 0.010378057820607857 0.1308411214953271 0.019230769230769232
1360 0.0103397341211226 0.1308411214953271 0.019164955509924708
1365 0.010301692420897719 0.1308411214953271 0.019099590723055934
1370 0.010263929618768328 0.1308411214953271 0.019034670292318152
1375 0.010226442658875092 0.1308411214953271 0.018970189701897018
1380 0.010189228529839884 0.1308411214953271 0.01890614449696151
1385 0.01015228426395939 0.1308411214953271 0.01884253028263795
1390 0.010115606936416185 0.1308411214953271 0.018779342723004692
1395 0.010079193664506839 0.1308411214953271 0.01871657754010695
1400 0.010043041606886656 0.1308411214953271 0.018654230512991338
1405 0.010007147962830594 0.1308411214953271 0.01859229747675963
1410 0.009971509971509971 0.1308411214953271 0.018530774321641293
1415 0.0099361249112846 0.1308411214953271 0.018469656992084433
1420 0.009900990099009901 0.1308411214953271 0.018408941485864562
1425 0.009866102889358703 0.1308411214953271 0.018348623853211007
1430 0.009831460674157303 0.1308411214953271 0.018288700195950358
1435 0.00979706088173548 0.1308411214953271 0.018229166666666668
1440 0.009762900976290097 0.1308411214953271 0.018170019467878
1445 0.009728978457261988 0.1308411214953271 0.01811125485122898
1450 0.009695290858725761 0.1308411214953271 0.018052869116698903
1455 0.00966183574879227 0.1308411214953271 0.017994858611825194
1460 0.009628610729023384 0.1308411214953271 0.017937219730941704
1465 0.009595613433858808 0.1308411214953271 0.017879948914431672
1470 0.009562841530054645 0.1308411214953271 0.017823042647994905
1475 0.009530292716133424 0.1308411214953271 0.017766497461928935
1480 0.009497964721845319 0.1308411214953271 0.01771030993042378
1485 0.009465855307640297 0.1308411214953271 0.017654476670870115
1490 0.009440323668240054 0.1308411214953271 0.01761006289308176
1495 0.009408602150537635 0.1308411214953271 0.01755485893416928
1500 0.009377093101138647 0.1308411214953271 0.017499999999999998
1505 0.009345794392523364 0.1308411214953271 0.017445482866043614
1510 0.009314703925482368 0.1308411214953271 0.017391304347826087
1515 0.009283819628647215 0.1308411214953271 0.017337461300309595
1520 0.009253139458030404 0.1308411214953271 0.017283950617283952
1525 0.00922266139657444 0.1308411214953271 0.01723076923076923
1530 0.009192383453709783 0.1308411214953271 0.01717791411042945
1535 0.0091683038637852 0.1308411214953271 0.017135862913096697
1540 0.009138381201044387 0.1308411214953271 0.017083587553386213
1545 0.009108653220559532 0.1308411214953271 0.0170316301703163
1550 0.009079118028534372 0.1308411214953271 0.016979987871437237
1555 0.00904977375565611 0.1308411214953271 0.01692865779927449
1560 0.00902061855670103 0.1308411214953271 0.016877637130801686
1565 0.00899165061014772 0.1308411214953271 0.016826923076923073
1570 0.008962868117797696 0.1308411214953271 0.016776512881965248
1575 0.008934269304403318 0.1308411214953271 0.016726403823178016
1580 0.008905852417302799 0.1308411214953271 0.016676593210244194
1585 0.008877615726062143 0.1308411214953271 0.0166270783847981
1590 0.008849557522123894 0.1308411214953271 0.016577856719952638
1595 0.008821676118462508 0.1308411214953271 0.01652892561983471
1600 0.008793969849246231 0.1308411214953271 0.0164802825191289
1605 0.008766437069505322 0.1308411214953271 0.016431924882629106
1610 0.008739076154806492 0.1308411214953271 0.016383850204798128
1615 0.008717310087173101 0.1308411214953271 0.01634559252772913
1620 0.008690254500310366 0.1308411214953271 0.01629802095459837
1625 0.008663366336633664 0.1308411214953271 0.01625072547881602
1630 0.008641975308641974 0.1308411214953271 0.01621308627678054
1635 0.008615384615384615 0.1308411214953271 0.016166281755196306
1640 0.008588957055214725 0.1308411214953271 0.01611974668969488
1645 0.00856269113149847 0.1308411214953271 0.016073478760045924
1650 0.00853658536585366 0.1308411214953271 0.01602747567258157
1655 0.00851063829787234 0.1308411214953271 0.01598173515981735
1660 0.008484848484848486 0.1308411214953271 0.015936254980079684
1665 0.008459214501510574 0.1308411214953271 0.015891032917139614
1670 0.008433734939759036 0.1308411214953271 0.01584606677985286
1675 0.008408408408408409 0.1308411214953271 0.01580135440180587
1680 0.008383233532934131 0.1308411214953271 0.015756893640967922
1685 0.00835820895522388 0.1308411214953271 0.015712682379349044
1690 0.008333333333333333 0.1308411214953271 0.01566871852266368
1695 0.00830860534124629 0.1308411214953271 0.015625
1700 0.008284023668639054 0.1308411214953271 0.015581524763494713
1705 0.008259587020648967 0.1308411214953271 0.015538290788013318
1710 0.00824014125956445 0.1308411214953271 0.015503875968992244
1715 0.008215962441314555 0.1308411214953271 0.015461071231363886
1720 0.008191925102399064 0.1308411214953271 0.015418502202643174
1725 0.008168028004667444 0.1308411214953271 0.015376166941241073
1730 0.008144269924374637 0.1308411214953271 0.01533406352683461
1735 0.00812536273940801 0.1308411214953271 0.015300546448087433
1740 0.008101851851851851 0.1308411214953271 0.015258855585831062
1745 0.008078476630121177 0.1308411214953271 0.015217391304347827
1750 0.00805523590333717 0.1308411214953271 0.015176151761517617
1755 0.008032128514056224 0.1308411214953271 0.015135135135135135
1760 0.008009153318077803 0.1308411214953271 0.01509433962264151
1765 0.007986309184255563 0.1308411214953271 0.01505376344086022
1770 0.007963594994311717 0.1308411214953271 0.015013404825737264
1775 0.007941009642654566 0.1308411214953271 0.014973262032085561
1780 0.007918552036199095 0.1308411214953271 0.014933333333333333
1785 0.007896221094190638 0.1308411214953271 0.014893617021276598
1790 0.00843644544431946 0.14018691588785046 0.015915119363395226
1795 0.008417508417508417 0.14018691588785046 0.015881418740074114
1800 0.008953553441522105 0.14953271028037382 0.016895459345300953
1805 0.008928571428571428 0.14953271028037382 0.01685097419694576
1810 0.008903728436282694 0.14953271028037382 0.01680672268907563
1815 0.008879023307436182 0.14953271028037382 0.01676270298585647
1820 0.008854454897620365 0.14953271028037382 0.01671891327063741
1825 0.008830022075055188 0.14953271028037382 0.016675351745700884
1830 0.009900990099009901 0.16822429906542055 0.0187012987012987
1835 0.009873834339001646 0.16822429906542055 0.018652849740932644
1840 0.009846827133479213 0.16822429906542055 0.018604651162790697
1845 0.010917030567685589 0.18691588785046728 0.020629190304280558
1850 0.010887316276537834 0.18691588785046728 0.0205761316872428
1855 0.010857763300760043 0.18691588785046728 0.02052334530528476
1860 0.010828370330265295 0.18691588785046728 0.020470829068577275
1865 0.01079913606911447 0.18691588785046728 0.020418580908626846
1870 0.010770059235325794 0.18691588785046728 0.020366598778004074
1875 0.010741138560687433 0.18691588785046728 0.02031488065007618
1880 0.010712372790573112 0.18691588785046728 0.020263424518743668
1885 0.010683760683760684 0.18691588785046728 0.0202122283981809
1890 0.010655301012253596 0.18691588785046728 0.020161290322580648
1895 0.010626992561105207 0.18691588785046728 0.020110608345902465
1900 0.010598834128245893 0.18691588785046728 0.020060180541624874
1905 0.010570824524312896 0.18691588785046728 0.02001000500250125
1910 0.010542962572482868 0.18691588785046728 0.01996007984031936
1915 0.011041009463722398 0.19626168224299065 0.020905923344947733
1920 0.01101206082852648 0.19626168224299065 0.020854021847070504
1925 0.010983263598326359 0.19626168224299065 0.020802377414561663
1930 0.010954616588419406 0.19626168224299065 0.020750988142292492
1935 0.010926118626430802 0.19626168224299065 0.02069985214391326
1940 0.010897768552153606 0.19626168224299065 0.02064896755162242
1945 0.010869565217391304 0.19626168224299065 0.020598332515939184
1950 0.010841507485802787 0.19626168224299065 0.02054794520547945
1955 0.010813594232749742 0.19626168224299065 0.02049780380673499
1960 0.01079136690647482 0.19626168224299065 0.020457866536775452
1965 0.010763710917478216 0.19626168224299065 0.02040816326530612
1970 0.010741687979539642 0.19626168224299065 0.020368574199806012
1975 0.010714285714285714 0.19626168224299065 0.020319303338171266
1980 0.010692464358452138 0.19626168224299065 0.020280057943022692
1985 0.010665312341289994 0.19626168224299065 0.020231213872832367
1990 0.010638297872340425 0.19626168224299065 0.020182604517059107
1995 0.010611419909044972 0.19626168224299065 0.020134228187919465
