2178.0661375661375 [8, 9, 10, 11, 14] [61, 62, 63, 64, 65, 66, 67, 68, 69] 20160315
2012.0002779346455 [8, 9, 10, 11, 14, 19] [111, 112, 113, 114, 115, 116, 117, 118, 119, 120, 121, 122] 20160315
1932.001639545975 [0, 7, 8, 9, 10, 11, 14, 17] [143, 144, 145, 146, 147, 148, 149, 150, 151, 152, 153, 154] 20160315
1914.2232928506476 [7, 8, 9, 10, 11, 14, 17, 19] [86, 87, 88, 89, 90, 91, 92, 93, 94, 95, 96, 97] 20160315
1905.888385399578 [7, 8, 9, 10, 11, 14, 15, 17] [249, 250, 251, 252, 253, 254, 255, 256, 257, 258, 259, 260] 20160315
1879.4820100586915 [7, 8, 9, 10, 11, 14, 17] [232, 233, 234, 235, 236, 237, 238, 239, 240, 241, 242, 243] 20160315
1866.3096114571422 [4, 6, 7, 8, 9, 10, 11, 14, 17] [222, 223, 224, 225, 226, 227, 228, 229] 20160315
1781.321546898382 [7, 8, 9, 10, 11, 14, 17] [179, 180, 181, 182, 183, 184, 185, 186, 187, 188, 189, 190] 20160315
1777.4025876427213 [7, 8, 9, 10, 11, 14, 17] [170, 171, 172, 173, 174, 175, 176, 177, 178] 20160315
1769.0650498247267 [6, 7, 8, 9, 10, 11, 14, 17] [200, 201, 202, 203, 204, 205, 206, 207, 208, 209, 210, 211] 20160315
