5946.7 [49] [121, 122, 123, 124, 125, 126, 127, 128, 129, 130, 131, 132] 20160628
2594.4166666666665 [51] [219, 220, 221, 222] 20160628
2285.45 [51] [153, 154, 155, 156, 157, 158, 159, 160, 161, 162, 163, 164] 20160628
2184.3333333333335 [51] [168, 169, 170, 171] 20160628
2056.4666666666667 [51] [195, 196, 197, 198, 199, 200, 201] 20160628
2052.6041998966903 [9, 10, 11, 14, 15, 17, 19, 27, 30, 31, 36, 38, 41, 42, 44, 45] [94, 95, 96, 97, 98, 99, 100, 101] 20160628
2026.0406596276111 [0, 4, 6, 7, 8, 9, 10, 11, 14, 17] [205, 206, 207, 208, 209, 210, 211, 212] 20160628
1987.4709923537023 [6, 7, 8, 9, 10, 11, 14, 15, 17, 19, 27, 30, 31] [254, 255, 256, 257, 258, 259, 260] 20160628
1943.1721880085663 [7, 8, 9, 10, 11, 14, 17] [63, 64, 65, 66, 67, 68, 69, 70, 71, 72] 20160628
94, 95, 96, 97, 98, 99, 100, 101, 102] 20160628
