#################################################################
#APDM Input Graph, this input graph includes 3 sections:
#section1 : general information
#section2 : nodes
#section3 : edges
#section4 : trueSubGraph (Optional)
#
#if nodes haven't information set weight to null
#################################################################
SECTION1 (General Information)
numNodes = 10
numEdges = 13
usedAlgorithm = NULL
dataSource = TransWeatherRealData
END
#################################################################
SECTION2 (Nodes Information)
NodeID rad  mean  std 
0 4.0 2.0 1.0 0.0 0.0 0.0 0.0 0.0 0.0 0.0 0.0 0.0 0.0 0.0 0.0 0.0 0.0 0.0 0.0 0.0 0.0 0.0 0.0 0.0 0.0 0.0 0.0 0.0 0.0 0.0 0.0 0.0 0.0 0.0 0.0 0.0 0.0 0.0 0.0 0.0 0.0 0.0 0.0 0.0 0.0 0.0 0.0 0.0 0.0 0.0 0.0 0.0 0.0 0.0 0.0 0.0 0.0 0.0 0.0 0.0 0.0 0.0 0.0 0.0 0.0 0.0 0.0 0.0 0.0 0.0 0.0 0.0 0.0 0.0 0.0 0.0 0.0 0.0 0.0 0.0 0.0 0.0 0.0 0.0 0.0 0.0 0.0 0.0 0.0 0.0 0.0 0.0 0.0 0.0 0.0 0.0 0.0 0.0 0.0 0.0 0.0 0.0 0.0 0.0 0.0 0.0 0.0 0.0 0.0 0.0 0.0 0.0 0.0 0.0 0.0 0.0 0.0 0.0 0.0 0.0 0.0 0.0 1.0 2.0 3.0 5.0 7.0 12.0 22.0 42.0 54.0 65.0 76.0 93.0 71.0 32.0 31.0 103.0 158.0 172.0 186.0 201.0 215.0 230.0 245.0 259.0 273.0 287.0 305.0 327.0 353.0 368.0 353.0 376.0 395.0 413.0 432.0 447.0 469.0 486.0 509.0 535.0 565.0 628.0 622.0 508.0 520.0 612.0 622.0 491.0 580.0 532.0 510.0 615.0 646.0 711.0 728.0 735.0 722.0 720.0 727.0 740.0 762.0 654.0 580.0 588.0 589.0 615.0 561.0 782.0 766.0 642.0 605.0 597.0 722.0 863.0 713.0 869.0 777.0 1031.0 690.0 404.0 323.0 380.0 496.0 611.0 650.0 390.0 428.0 405.0 327.0 217.0 223.0 322.0 297.0 321.0 291.0 252.0 210.0 206.0 212.0 203.0 187.0 172.0 162.0 160.0 171.0 176.0 165.0 185.0 244.0 207.0 178.0 81.0 47.0 68.0 99.0 76.0 68.0 96.0 127.0 175.0 248.0 357.0 363.0 323.0 449.0 720.0 365.0 282.0 295.0 294.0 313.0 377.0 236.0 199.0 219.0 150.0 146.0 129.0 102.0 95.0 99.0 86.0 66.0 50.0 49.0 45.0 39.0 34.0 36.0 40.0 40.0 42.0 45.0 43.0 39.0 40.0 47.0 47.0 41.0 26.0 17.0 13.0 8.0 7.0 5.0 3.0 177.92013888888854 242.60754763899914
1 3.0 1.0 1.0 0.0 0.0 0.0 0.0 0.0 0.0 0.0 0.0 0.0 0.0 0.0 0.0 0.0 0.0 0.0 0.0 0.0 0.0 0.0 0.0 0.0 0.0 0.0 0.0 0.0 0.0 0.0 0.0 0.0 0.0 0.0 0.0 0.0 0.0 0.0 0.0 0.0 0.0 0.0 0.0 0.0 0.0 0.0 0.0 0.0 0.0 0.0 0.0 0.0 0.0 0.0 0.0 0.0 0.0 0.0 0.0 0.0 0.0 0.0 0.0 0.0 0.0 0.0 0.0 0.0 0.0 0.0 0.0 0.0 0.0 0.0 0.0 0.0 0.0 0.0 0.0 0.0 0.0 0.0 0.0 0.0 0.0 0.0 0.0 0.0 0.0 0.0 0.0 0.0 0.0 0.0 0.0 0.0 0.0 0.0 0.0 0.0 0.0 0.0 0.0 0.0 0.0 0.0 0.0 0.0 0.0 0.0 0.0 0.0 0.0 0.0 0.0 0.0 0.0 0.0 0.0 0.0 0.0 1.0 2.0 3.0 4.0 7.0 10.0 16.0 22.0 32.0 46.0 63.0 81.0 96.0 109.0 120.0 133.0 145.0 163.0 176.0 191.0 210.0 226.0 243.0 261.0 276.0 290.0 306.0 323.0 341.0 359.0 376.0 392.0 409.0 426.0 439.0 457.0 472.0 487.0 504.0 516.0 530.0 543.0 558.0 574.0 586.0 600.0 611.0 622.0 637.0 649.0 662.0 675.0 686.0 699.0 710.0 719.0 729.0 737.0 740.0 750.0 763.0 775.0 789.0 797.0 797.0 809.0 810.0 820.0 832.0 858.0 751.0 691.0 904.0 1040.0 639.0 673.0 558.0 514.0 495.0 497.0 463.0 458.0 708.0 917.0 684.0 682.0 833.0 872.0 855.0 922.0 918.0 913.0 910.0 590.0 690.0 293.0 205.0 327.0 335.0 276.0 237.0 220.0 265.0 299.0 252.0 187.0 142.0 155.0 161.0 153.0 137.0 156.0 197.0 193.0 188.0 179.0 110.0 122.0 144.0 136.0 115.0 108.0 152.0 177.0 185.0 175.0 141.0 107.0 92.0 73.0 82.0 103.0 99.0 86.0 107.0 116.0 116.0 117.0 124.0 150.0 159.0 130.0 99.0 76.0 60.0 58.0 49.0 49.0 47.0 36.0 28.0 31.0 35.0 34.0 28.0 22.0 16.0 13.0 13.0 11.0 8.0 6.0 4.0 3.0 2.0 1.0 1.0 196.1631944444441 279.7621895153862
2 2.0 1.0 1.0 0.0 0.0 0.0 0.0 0.0 0.0 0.0 0.0 0.0 0.0 0.0 0.0 0.0 0.0 0.0 0.0 0.0 0.0 0.0 0.0 0.0 0.0 0.0 0.0 0.0 0.0 0.0 0.0 0.0 0.0 0.0 0.0 0.0 0.0 0.0 0.0 0.0 0.0 0.0 0.0 0.0 0.0 0.0 0.0 0.0 0.0 0.0 0.0 0.0 0.0 0.0 0.0 0.0 0.0 0.0 0.0 0.0 0.0 0.0 0.0 0.0 0.0 0.0 0.0 0.0 0.0 0.0 0.0 0.0 0.0 0.0 0.0 0.0 0.0 0.0 0.0 0.0 0.0 0.0 0.0 0.0 0.0 0.0 0.0 0.0 0.0 0.0 0.0 0.0 0.0 0.0 0.0 0.0 0.0 0.0 0.0 0.0 0.0 0.0 0.0 0.0 0.0 0.0 0.0 0.0 0.0 0.0 0.0 0.0 0.0 0.0 0.0 0.0 0.0 0.0 0.0 0.0 1.0 2.0 3.0 5.0 7.0 10.0 14.0 20.0 27.0 30.0 42.0 65.0 81.0 97.0 115.0 132.0 148.0 163.0 177.0 191.0 202.0 223.0 207.0 254.0 270.0 275.0 301.0 313.0 332.0 344.0 364.0 380.0 395.0 411.0 426.0 440.0 456.0 472.0 487.0 488.0 500.0 521.0 538.0 551.0 573.0 558.0 579.0 591.0 608.0 625.0 636.0 648.0 668.0 680.0 696.0 707.0 715.0 726.0 737.0 751.0 764.0 770.0 776.0 793.0 801.0 807.0 813.0 821.0 830.0 834.0 836.0 848.0 844.0 851.0 854.0 843.0 865.0 868.0 862.0 867.0 872.0 887.0 916.0 877.0 710.0 567.0 507.0 496.0 571.0 532.0 485.0 428.0 374.0 399.0 735.0 812.0 502.0 552.0 668.0 628.0 634.0 490.0 870.0 957.0 651.0 607.0 640.0 594.0 565.0 634.0 490.0 341.0 311.0 298.0 263.0 229.0 220.0 239.0 278.0 194.0 180.0 172.0 154.0 159.0 169.0 152.0 134.0 104.0 97.0 97.0 104.0 121.0 124.0 136.0 193.0 220.0 186.0 122.0 71.0 47.0 54.0 55.0 36.0 28.0 35.0 38.0 27.0 22.0 18.0 15.0 14.0 15.0 15.0 16.0 16.0 16.0 17.0 14.0 10.0 10.0 11.0 11.0 11.0 9.0 5.0 3.0 2.0 1.0 218.11805555555594 296.3052385238807
3 2.0 1.0 1.0 0.0 0.0 0.0 0.0 0.0 0.0 0.0 0.0 0.0 0.0 0.0 0.0 0.0 0.0 0.0 0.0 0.0 0.0 0.0 0.0 0.0 0.0 0.0 0.0 0.0 0.0 0.0 0.0 0.0 0.0 0.0 0.0 0.0 0.0 0.0 0.0 0.0 0.0 0.0 0.0 0.0 0.0 0.0 0.0 0.0 0.0 0.0 0.0 0.0 0.0 0.0 0.0 0.0 0.0 0.0 0.0 0.0 0.0 0.0 0.0 0.0 0.0 0.0 0.0 0.0 0.0 0.0 0.0 0.0 0.0 0.0 0.0 0.0 0.0 0.0 0.0 0.0 0.0 0.0 0.0 0.0 0.0 0.0 0.0 0.0 0.0 0.0 0.0 0.0 0.0 0.0 0.0 0.0 0.0 0.0 0.0 0.0 0.0 0.0 0.0 0.0 0.0 0.0 0.0 0.0 0.0 0.0 0.0 0.0 0.0 0.0 0.0 0.0 0.0 0.0 0.0 0.0 1.0 2.0 3.0 5.0 8.0 11.0 14.0 16.0 28.0 45.0 45.0 52.0 77.0 101.0 119.0 139.0 149.0 161.0 175.0 192.0 209.0 224.0 237.0 256.0 270.0 283.0 300.0 322.0 331.0 353.0 370.0 371.0 401.0 408.0 430.0 443.0 462.0 465.0 491.0 505.0 517.0 531.0 540.0 554.0 579.0 589.0 602.0 617.0 633.0 642.0 661.0 672.0 677.0 690.0 687.0 709.0 715.0 722.0 737.0 754.0 762.0 766.0 772.0 784.0 795.0 806.0 806.0 807.0 815.0 827.0 830.0 829.0 839.0 853.0 857.0 864.0 869.0 871.0 875.0 873.0 877.0 873.0 870.0 863.0 871.0 873.0 880.0 888.0 860.0 875.0 907.0 753.0 749.0 774.0 831.0 675.0 674.0 557.0 540.0 532.0 545.0 548.0 535.0 670.0 578.0 484.0 465.0 616.0 686.0 610.0 499.0 427.0 274.0 204.0 190.0 175.0 188.0 213.0 209.0 233.0 200.0 140.0 105.0 96.0 97.0 105.0 111.0 102.0 91.0 81.0 84.0 87.0 82.0 81.0 85.0 97.0 103.0 97.0 71.0 44.0 38.0 38.0 39.0 34.0 26.0 26.0 38.0 46.0 47.0 45.0 47.0 45.0 40.0 37.0 38.0 32.0 20.0 16.0 13.0 12.0 10.0 9.0 7.0 6.0 4.0 3.0 1.0 1.0 224.14583333333377 308.9839134937437
4 2.0 1.0 1.0 0.0 0.0 0.0 0.0 0.0 0.0 0.0 0.0 0.0 0.0 0.0 0.0 0.0 0.0 0.0 0.0 0.0 0.0 0.0 0.0 0.0 0.0 0.0 0.0 0.0 0.0 0.0 0.0 0.0 0.0 0.0 0.0 0.0 0.0 0.0 0.0 0.0 0.0 0.0 0.0 0.0 0.0 0.0 0.0 0.0 0.0 0.0 0.0 0.0 0.0 0.0 0.0 0.0 0.0 0.0 0.0 0.0 0.0 0.0 0.0 0.0 0.0 0.0 0.0 0.0 0.0 0.0 0.0 0.0 0.0 0.0 0.0 0.0 0.0 0.0 0.0 0.0 0.0 0.0 0.0 0.0 0.0 0.0 0.0 0.0 0.0 0.0 0.0 0.0 0.0 0.0 0.0 0.0 0.0 0.0 0.0 0.0 0.0 0.0 0.0 0.0 0.0 0.0 0.0 0.0 0.0 0.0 0.0 0.0 0.0 0.0 0.0 0.0 0.0 0.0 0.0 0.0 1.0 3.0 5.0 7.0 11.0 16.0 22.0 33.0 48.0 61.0 77.0 84.0 68.0 61.0 77.0 96.0 114.0 145.0 187.0 208.0 226.0 242.0 260.0 278.0 296.0 309.0 329.0 345.0 357.0 377.0 391.0 410.0 418.0 441.0 457.0 469.0 486.0 492.0 512.0 522.0 541.0 562.0 576.0 591.0 609.0 601.0 628.0 632.0 649.0 650.0 691.0 701.0 704.0 704.0 718.0 740.0 745.0 756.0 757.0 770.0 773.0 777.0 788.0 794.0 822.0 824.0 846.0 854.0 857.0 860.0 872.0 876.0 885.0 883.0 887.0 892.0 833.0 882.0 895.0 895.0 898.0 918.0 899.0 918.0 920.0 915.0 924.0 928.0 956.0 783.0 851.0 866.0 889.0 934.0 908.0 905.0 910.0 983.0 1096.0 849.0 721.0 800.0 927.0 715.0 606.0 501.0 454.0 403.0 386.0 398.0 416.0 401.0 359.0 382.0 389.0 391.0 357.0 351.0 355.0 373.0 429.0 333.0 275.0 232.0 214.0 234.0 238.0 246.0 216.0 145.0 117.0 107.0 108.0 106.0 97.0 91.0 107.0 115.0 104.0 89.0 84.0 82.0 88.0 88.0 81.0 66.0 54.0 43.0 27.0 20.0 20.0 16.0 13.0 12.0 13.0 14.0 15.0 16.0 17.0 11.0 7.0 6.0 5.0 4.0 3.0 2.0 1.0 1.0 248.65277777777789 332.3858598870962
5 2.0 1.0 0.0 0.0 0.0 0.0 0.0 0.0 0.0 0.0 0.0 0.0 0.0 0.0 0.0 0.0 0.0 0.0 0.0 0.0 0.0 0.0 0.0 0.0 0.0 0.0 0.0 0.0 0.0 0.0 0.0 0.0 0.0 0.0 0.0 0.0 0.0 0.0 0.0 0.0 0.0 0.0 0.0 0.0 0.0 0.0 0.0 0.0 0.0 0.0 0.0 0.0 0.0 0.0 0.0 0.0 0.0 0.0 0.0 0.0 0.0 0.0 0.0 0.0 0.0 0.0 0.0 0.0 0.0 0.0 0.0 0.0 0.0 0.0 0.0 0.0 0.0 0.0 0.0 0.0 0.0 0.0 0.0 0.0 0.0 0.0 0.0 0.0 0.0 0.0 0.0 0.0 0.0 0.0 0.0 0.0 0.0 0.0 0.0 0.0 0.0 0.0 0.0 0.0 0.0 0.0 0.0 0.0 0.0 0.0 0.0 0.0 0.0 0.0 0.0 0.0 0.0 0.0 0.0 1.0 2.0 4.0 5.0 8.0 11.0 16.0 27.0 38.0 51.0 59.0 76.0 102.0 119.0 133.0 153.0 160.0 155.0 163.0 186.0 193.0 182.0 199.0 235.0 273.0 292.0 298.0 325.0 351.0 366.0 370.0 396.0 380.0 419.0 450.0 456.0 473.0 495.0 512.0 527.0 543.0 546.0 572.0 583.0 598.0 605.0 624.0 636.0 643.0 670.0 686.0 686.0 651.0 700.0 712.0 724.0 744.0 747.0 776.0 796.0 774.0 785.0 803.0 806.0 820.0 810.0 819.0 824.0 828.0 825.0 838.0 868.0 857.0 883.0 900.0 901.0 909.0 906.0 915.0 846.0 910.0 880.0 893.0 892.0 900.0 876.0 854.0 884.0 892.0 906.0 920.0 920.0 904.0 907.0 901.0 906.0 897.0 884.0 891.0 861.0 891.0 897.0 836.0 961.0 908.0 527.0 874.0 614.0 349.0 384.0 443.0 555.0 512.0 471.0 441.0 488.0 563.0 745.0 953.0 804.0 555.0 412.0 451.0 334.0 350.0 461.0 345.0 262.0 282.0 225.0 207.0 177.0 122.0 83.0 72.0 103.0 122.0 128.0 131.0 112.0 100.0 94.0 79.0 71.0 71.0 72.0 82.0 117.0 110.0 96.0 93.0 90.0 78.0 64.0 49.0 41.0 33.0 23.0 14.0 10.0 9.0 9.0 8.0 6.0 4.0 4.0 3.0 2.0 1.0 264.875 340.704913347451
6 1.0 1.0 0.0 0.0 0.0 0.0 0.0 0.0 0.0 0.0 0.0 0.0 0.0 0.0 0.0 0.0 0.0 0.0 0.0 0.0 0.0 0.0 0.0 0.0 0.0 0.0 0.0 0.0 0.0 0.0 0.0 0.0 0.0 0.0 0.0 0.0 0.0 0.0 0.0 0.0 0.0 0.0 0.0 0.0 0.0 0.0 0.0 0.0 0.0 0.0 0.0 0.0 0.0 0.0 0.0 0.0 0.0 0.0 0.0 0.0 0.0 0.0 0.0 0.0 0.0 0.0 0.0 0.0 0.0 0.0 0.0 0.0 0.0 0.0 0.0 0.0 0.0 0.0 0.0 0.0 0.0 0.0 0.0 0.0 0.0 0.0 0.0 0.0 0.0 0.0 0.0 0.0 0.0 0.0 0.0 0.0 0.0 0.0 0.0 0.0 0.0 0.0 0.0 0.0 0.0 0.0 0.0 0.0 0.0 0.0 0.0 0.0 0.0 0.0 0.0 0.0 0.0 0.0 0.0 1.0 2.0 3.0 5.0 8.0 11.0 14.0 17.0 25.0 31.0 45.0 55.0 64.0 79.0 83.0 107.0 144.0 148.0 144.0 182.0 199.0 203.0 235.0 251.0 267.0 282.0 299.0 313.0 333.0 347.0 348.0 376.0 389.0 406.0 425.0 432.0 437.0 439.0 476.0 515.0 533.0 516.0 534.0 578.0 598.0 601.0 617.0 638.0 655.0 594.0 591.0 671.0 687.0 718.0 716.0 671.0 739.0 738.0 748.0 749.0 779.0 799.0 803.0 816.0 820.0 835.0 841.0 855.0 847.0 873.0 889.0 865.0 899.0 906.0 903.0 904.0 898.0 898.0 906.0 917.0 928.0 942.0 934.0 884.0 875.0 936.0 929.0 903.0 878.0 866.0 899.0 928.0 940.0 908.0 904.0 903.0 900.0 909.0 905.0 891.0 888.0 893.0 889.0 876.0 872.0 875.0 855.0 853.0 851.0 844.0 835.0 826.0 803.0 808.0 800.0 798.0 814.0 802.0 836.0 500.0 585.0 594.0 424.0 370.0 555.0 590.0 583.0 434.0 395.0 567.0 342.0 337.0 421.0 509.0 339.0 278.0 224.0 221.0 164.0 140.0 144.0 154.0 156.0 142.0 134.0 119.0 79.0 61.0 64.0 74.0 75.0 57.0 40.0 36.0 40.0 48.0 50.0 46.0 38.0 27.0 18.0 13.0 10.0 7.0 6.0 4.0 3.0 2.0 1.0 287.1076388888882 356.3157081071267
7 1.0 0.0 0.0 0.0 0.0 0.0 0.0 0.0 0.0 0.0 0.0 0.0 0.0 0.0 0.0 0.0 0.0 0.0 0.0 0.0 0.0 0.0 0.0 0.0 0.0 0.0 0.0 0.0 0.0 0.0 0.0 0.0 0.0 0.0 0.0 0.0 0.0 0.0 0.0 0.0 0.0 0.0 0.0 0.0 0.0 0.0 0.0 0.0 0.0 0.0 0.0 0.0 0.0 0.0 0.0 0.0 0.0 0.0 0.0 0.0 0.0 0.0 0.0 0.0 0.0 0.0 0.0 0.0 0.0 0.0 0.0 0.0 0.0 0.0 0.0 0.0 0.0 0.0 0.0 0.0 0.0 0.0 0.0 0.0 0.0 0.0 0.0 0.0 0.0 0.0 0.0 0.0 0.0 0.0 0.0 0.0 0.0 0.0 0.0 0.0 0.0 0.0 0.0 0.0 0.0 0.0 0.0 0.0 0.0 0.0 0.0 0.0 0.0 0.0 0.0 0.0 0.0 0.0 0.0 1.0 3.0 4.0 6.0 9.0 13.0 21.0 19.0 24.0 30.0 63.0 90.0 106.0 116.0 107.0 144.0 169.0 177.0 198.0 207.0 220.0 253.0 278.0 257.0 291.0 302.0 306.0 336.0 316.0 352.0 395.0 415.0 434.0 420.0 453.0 457.0 500.0 471.0 527.0 546.0 565.0 587.0 522.0 599.0 622.0 638.0 643.0 651.0 665.0 689.0 700.0 690.0 735.0 748.0 735.0 721.0 760.0 756.0 754.0 750.0 822.0 809.0 808.0 843.0 832.0 826.0 847.0 858.0 867.0 843.0 871.0 919.0 859.0 814.0 888.0 929.0 922.0 888.0 906.0 897.0 921.0 913.0 910.0 904.0 913.0 910.0 851.0 921.0 870.0 871.0 893.0 910.0 893.0 886.0 854.0 876.0 856.0 857.0 824.0 868.0 884.0 871.0 868.0 857.0 848.0 839.0 835.0 825.0 810.0 796.0 798.0 778.0 776.0 769.0 757.0 757.0 691.0 485.0 273.0 566.0 739.0 699.0 667.0 625.0 600.0 610.0 606.0 615.0 608.0 446.0 428.0 557.0 352.0 166.0 152.0 235.0 383.0 335.0 95.0 119.0 140.0 212.0 219.0 114.0 97.0 84.0 88.0 91.0 71.0 58.0 54.0 48.0 36.0 31.0 31.0 38.0 44.0 37.0 29.0 21.0 13.0 8.0 5.0 4.0 2.0 2.0 1.0 1.0 0.0 288.9409722222226 353.82614481472694
8 1.0 0.0 0.0 0.0 0.0 0.0 0.0 0.0 0.0 0.0 0.0 0.0 0.0 0.0 0.0 0.0 0.0 0.0 0.0 0.0 0.0 0.0 0.0 0.0 0.0 0.0 0.0 0.0 0.0 0.0 0.0 0.0 0.0 0.0 0.0 0.0 0.0 0.0 0.0 0.0 0.0 0.0 0.0 0.0 0.0 0.0 0.0 0.0 0.0 0.0 0.0 0.0 0.0 0.0 0.0 0.0 0.0 0.0 0.0 0.0 0.0 0.0 0.0 0.0 0.0 0.0 0.0 0.0 0.0 0.0 0.0 0.0 0.0 0.0 0.0 0.0 0.0 0.0 0.0 0.0 0.0 0.0 0.0 0.0 0.0 0.0 0.0 0.0 0.0 0.0 0.0 0.0 0.0 0.0 0.0 0.0 0.0 0.0 0.0 0.0 0.0 0.0 0.0 0.0 0.0 0.0 0.0 0.0 0.0 0.0 0.0 0.0 0.0 0.0 0.0 0.0 0.0 0.0 0.0 1.0 2.0 3.0 6.0 9.0 12.0 16.0 16.0 29.0 45.0 57.0 66.0 98.0 116.0 129.0 137.0 156.0 170.0 186.0 201.0 207.0 237.0 229.0 233.0 269.0 243.0 264.0 299.0 317.0 322.0 351.0 376.0 398.0 407.0 432.0 460.0 473.0 480.0 480.0 518.0 534.0 537.0 558.0 568.0 580.0 595.0 587.0 634.0 645.0 634.0 670.0 675.0 679.0 690.0 718.0 731.0 741.0 742.0 749.0 770.0 785.0 776.0 763.0 763.0 794.0 828.0 844.0 836.0 856.0 846.0 848.0 849.0 847.0 853.0 847.0 830.0 853.0 852.0 830.0 843.0 809.0 863.0 887.0 863.0 900.0 894.0 842.0 839.0 851.0 870.0 870.0 862.0 850.0 865.0 868.0 862.0 867.0 824.0 835.0 843.0 841.0 831.0 820.0 816.0 815.0 802.0 803.0 795.0 796.0 765.0 773.0 760.0 753.0 751.0 738.0 749.0 713.0 740.0 731.0 722.0 683.0 658.0 620.0 642.0 595.0 536.0 626.0 602.0 345.0 245.0 433.0 174.0 162.0 183.0 244.0 214.0 194.0 176.0 188.0 208.0 326.0 308.0 150.0 109.0 98.0 90.0 76.0 68.0 55.0 40.0 35.0 39.0 45.0 49.0 45.0 36.0 33.0 21.0 13.0 12.0 10.0 10.0 11.0 9.0 6.0 4.0 2.0 2.0 1.0 278.26388888888823 342.8328385775252
9 0.0 0.0 0.0 0.0 0.0 0.0 0.0 0.0 0.0 0.0 0.0 0.0 0.0 0.0 0.0 0.0 0.0 0.0 0.0 0.0 0.0 0.0 0.0 0.0 0.0 0.0 0.0 0.0 0.0 0.0 0.0 0.0 0.0 0.0 0.0 0.0 0.0 0.0 0.0 0.0 0.0 0.0 0.0 0.0 0.0 0.0 0.0 0.0 0.0 0.0 0.0 0.0 0.0 0.0 0.0 0.0 0.0 0.0 0.0 0.0 0.0 0.0 0.0 0.0 0.0 0.0 0.0 0.0 0.0 0.0 0.0 0.0 0.0 0.0 0.0 0.0 0.0 0.0 0.0 0.0 0.0 0.0 0.0 0.0 0.0 0.0 0.0 0.0 0.0 0.0 0.0 0.0 0.0 0.0 0.0 0.0 0.0 0.0 0.0 0.0 0.0 0.0 0.0 0.0 0.0 0.0 0.0 0.0 0.0 0.0 0.0 0.0 0.0 0.0 0.0 0.0 0.0 0.0 1.0 2.0 3.0 5.0 7.0 10.0 10.0 15.0 17.0 29.0 46.0 38.0 55.0 106.0 122.0 134.0 108.0 132.0 152.0 190.0 173.0 212.0 232.0 241.0 238.0 266.0 287.0 321.0 338.0 363.0 394.0 373.0 353.0 364.0 352.0 420.0 431.0 460.0 482.0 412.0 496.0 516.0 545.0 545.0 579.0 588.0 598.0 608.0 564.0 628.0 619.0 651.0 613.0 668.0 704.0 723.0 689.0 707.0 702.0 739.0 772.0 782.0 750.0 723.0 736.0 710.0 738.0 745.0 757.0 802.0 809.0 813.0 742.0 738.0 785.0 805.0 785.0 768.0 849.0 805.0 859.0 811.0 812.0 863.0 858.0 844.0 857.0 880.0 883.0 814.0 879.0 813.0 854.0 849.0 821.0 804.0 826.0 823.0 819.0 798.0 803.0 758.0 725.0 766.0 767.0 743.0 748.0 748.0 757.0 714.0 697.0 719.0 737.0 709.0 711.0 695.0 685.0 673.0 660.0 647.0 638.0 629.0 605.0 586.0 572.0 571.0 556.0 540.0 528.0 502.0 487.0 492.0 466.0 448.0 422.0 378.0 362.0 354.0 371.0 363.0 347.0 310.0 274.0 274.0 274.0 278.0 153.0 216.0 207.0 184.0 151.0 139.0 88.0 69.0 59.0 63.0 53.0 43.0 40.0 36.0 32.0 28.0 26.0 22.0 17.0 11.0 6.0 3.0 1.0 1.0 278.7986111111118 324.8228802779621
END
#################################################################
SECTION3 (Edges Information)
EndPoint0 EndPoint1 Weight
0 1 1.000000
1 2 1.000000
2 3 1.000000
3 4 1.000000
3 5 1.000000
4 5 1.000000
4 6 1.000000
5 6 1.000000
5 7 1.000000
6 7 1.000000
7 8 1.000000
7 9 1.000000
8 9 1.000000
END
#################################################################
SECTION4 (TrueSubGraph Information)
EndPoint0 EndPoint1 Weight
END
#################################################################
