#################################################################
#APDM Input Graph, this input graph includes 3 sections:
#section1 : general information
#section2 : nodes
#section3 : edges
#section4 : trueSubGraph (Optional)
#
#if nodes haven't information set weight to null
#################################################################
SECTION1 (General Information)
numNodes = 10
numEdges = 13
usedAlgorithm = NULL
dataSource = TransWeatherRealData
END
#################################################################
SECTION2 (Nodes Information)
NodeID rad  mean  std 
0 0.0 0.0 0.0 0.0 0.0 0.0 0.0 0.0 0.0 0.0 0.0 0.0 0.0 0.0 0.0 0.0 0.0 0.0 0.0 0.0 0.0 0.0 0.0 0.0 0.0 0.0 0.0 0.0 0.0 0.0 0.0 0.0 0.0 0.0 0.0 0.0 0.0 0.0 0.0 0.0 0.0 0.0 0.0 0.0 0.0 0.0 0.0 0.0 0.0 0.0 0.0 0.0 0.0 0.0 0.0 0.0 0.0 0.0 0.0 0.0 0.0 0.0 0.0 0.0 0.0 0.0 0.0 0.0 0.0 0.0 0.0 0.0 0.0 0.0 0.0 0.0 0.0 0.0 0.0 0.0 0.0 0.0 0.0 0.0 0.0 0.0 0.0 0.0 0.0 0.0 1.0 1.0 2.0 3.0 5.0 6.0 10.0 17.0 20.0 22.0 27.0 33.0 38.0 41.0 47.0 56.0 53.0 50.0 73.0 60.0 51.0 49.0 54.0 120.0 106.0 110.0 110.0 125.0 131.0 160.0 196.0 155.0 155.0 153.0 149.0 135.0 173.0 192.0 203.0 153.0 189.0 196.0 177.0 204.0 199.0 176.0 132.0 108.0 132.0 143.0 149.0 153.0 147.0 165.0 168.0 156.0 179.0 170.0 143.0 146.0 173.0 157.0 134.0 132.0 122.0 135.0 132.0 156.0 175.0 180.0 170.0 145.0 118.0 115.0 132.0 95.0 109.0 90.0 75.0 74.0 81.0 105.0 116.0 95.0 64.0 76.0 85.0 67.0 51.0 47.0 49.0 64.0 76.0 68.0 51.0 66.0 46.0 39.0 48.0 51.0 39.0 32.0 23.0 13.0 10.0 11.0 11.0 7.0 4.0 3.0 2.0 3.0 2.0 2.0 1.0 1.0 0.0 0.0 0.0 0.0 0.0 0.0 0.0 0.0 0.0 0.0 0.0 0.0 0.0 0.0 0.0 0.0 0.0 0.0 0.0 0.0 0.0 0.0 0.0 0.0 0.0 0.0 0.0 0.0 0.0 0.0 0.0 0.0 0.0 0.0 0.0 0.0 0.0 0.0 0.0 0.0 0.0 0.0 0.0 0.0 0.0 0.0 0.0 0.0 0.0 0.0 0.0 0.0 0.0 0.0 0.0 0.0 0.0 0.0 0.0 0.0 0.0 0.0 0.0 0.0 0.0 0.0 0.0 0.0 0.0 0.0 0.0 0.0 0.0 0.0 0.0 0.0 0.0 0.0 0.0 0.0 0.0 0.0 36.82291666666673 59.98106462969368
1 0.0 0.0 0.0 0.0 0.0 0.0 0.0 0.0 0.0 0.0 0.0 0.0 0.0 0.0 0.0 0.0 0.0 0.0 0.0 0.0 0.0 0.0 0.0 0.0 0.0 0.0 0.0 0.0 0.0 0.0 0.0 0.0 0.0 0.0 0.0 0.0 0.0 0.0 0.0 0.0 0.0 0.0 0.0 0.0 0.0 0.0 0.0 0.0 0.0 0.0 0.0 0.0 0.0 0.0 0.0 0.0 0.0 0.0 0.0 0.0 0.0 0.0 0.0 0.0 0.0 0.0 0.0 0.0 0.0 0.0 0.0 0.0 0.0 0.0 0.0 0.0 0.0 0.0 0.0 0.0 0.0 0.0 0.0 0.0 0.0 0.0 0.0 0.0 1.0 1.0 1.0 2.0 4.0 7.0 10.0 14.0 13.0 12.0 13.0 15.0 16.0 23.0 45.0 58.0 47.0 64.0 73.0 51.0 81.0 97.0 100.0 102.0 105.0 116.0 92.0 83.0 92.0 88.0 90.0 96.0 114.0 131.0 99.0 129.0 114.0 53.0 57.0 136.0 118.0 204.0 314.0 228.0 247.0 189.0 166.0 143.0 149.0 133.0 131.0 133.0 123.0 104.0 101.0 125.0 131.0 137.0 118.0 101.0 79.0 68.0 59.0 71.0 74.0 75.0 66.0 101.0 117.0 121.0 85.0 82.0 67.0 81.0 93.0 95.0 106.0 97.0 94.0 68.0 75.0 58.0 70.0 71.0 64.0 80.0 90.0 79.0 82.0 61.0 44.0 45.0 52.0 83.0 74.0 55.0 33.0 33.0 40.0 33.0 36.0 38.0 39.0 32.0 27.0 22.0 18.0 15.0 13.0 8.0 5.0 4.0 2.0 1.0 1.0 1.0 1.0 0.0 0.0 0.0 0.0 0.0 0.0 0.0 0.0 0.0 0.0 0.0 0.0 0.0 0.0 0.0 0.0 0.0 0.0 0.0 0.0 0.0 0.0 0.0 0.0 0.0 0.0 0.0 0.0 0.0 0.0 0.0 0.0 0.0 0.0 0.0 0.0 0.0 0.0 0.0 0.0 0.0 0.0 0.0 0.0 0.0 0.0 0.0 0.0 0.0 0.0 0.0 0.0 0.0 0.0 0.0 0.0 0.0 0.0 0.0 0.0 0.0 0.0 0.0 0.0 0.0 0.0 0.0 0.0 0.0 0.0 0.0 0.0 0.0 0.0 0.0 0.0 0.0 0.0 0.0 0.0 0.0 0.0 0.0 30.291666666666703 50.6796146882329
2 0.0 0.0 0.0 0.0 0.0 0.0 0.0 0.0 0.0 0.0 0.0 0.0 0.0 0.0 0.0 0.0 0.0 0.0 0.0 0.0 0.0 0.0 0.0 0.0 0.0 0.0 0.0 0.0 0.0 0.0 0.0 0.0 0.0 0.0 0.0 0.0 0.0 0.0 0.0 0.0 0.0 0.0 0.0 0.0 0.0 0.0 0.0 0.0 0.0 0.0 0.0 0.0 0.0 0.0 0.0 0.0 0.0 0.0 0.0 0.0 0.0 0.0 0.0 0.0 0.0 0.0 0.0 0.0 0.0 0.0 0.0 0.0 0.0 0.0 0.0 0.0 0.0 0.0 0.0 0.0 0.0 0.0 0.0 0.0 0.0 0.0 0.0 0.0 0.0 1.0 1.0 1.0 2.0 3.0 4.0 6.0 5.0 9.0 10.0 16.0 28.0 25.0 18.0 24.0 41.0 54.0 56.0 75.0 87.0 94.0 106.0 107.0 102.0 138.0 128.0 207.0 82.0 84.0 133.0 104.0 85.0 83.0 64.0 62.0 83.0 90.0 94.0 97.0 101.0 110.0 133.0 136.0 135.0 130.0 97.0 86.0 115.0 166.0 151.0 134.0 164.0 160.0 117.0 143.0 189.0 144.0 96.0 80.0 88.0 114.0 139.0 188.0 214.0 156.0 162.0 139.0 134.0 116.0 71.0 58.0 68.0 73.0 75.0 116.0 94.0 86.0 80.0 59.0 60.0 134.0 107.0 77.0 84.0 104.0 84.0 69.0 68.0 58.0 46.0 52.0 53.0 51.0 42.0 39.0 44.0 41.0 30.0 30.0 32.0 26.0 17.0 19.0 21.0 22.0 24.0 19.0 14.0 9.0 7.0 7.0 5.0 3.0 1.0 1.0 1.0 0.0 0.0 0.0 0.0 0.0 0.0 0.0 0.0 0.0 0.0 0.0 0.0 0.0 0.0 0.0 0.0 0.0 0.0 0.0 0.0 0.0 0.0 0.0 0.0 0.0 0.0 0.0 0.0 0.0 0.0 0.0 0.0 0.0 0.0 0.0 0.0 0.0 0.0 0.0 0.0 0.0 0.0 0.0 0.0 0.0 0.0 0.0 0.0 0.0 0.0 0.0 0.0 0.0 0.0 0.0 0.0 0.0 0.0 0.0 0.0 0.0 0.0 0.0 0.0 0.0 0.0 0.0 0.0 0.0 0.0 0.0 0.0 0.0 0.0 0.0 0.0 0.0 0.0 0.0 0.0 0.0 0.0 0.0 30.302083333333297 49.87750565693404
3 0.0 0.0 0.0 0.0 0.0 0.0 0.0 0.0 0.0 0.0 0.0 0.0 0.0 0.0 0.0 0.0 0.0 0.0 0.0 0.0 0.0 0.0 0.0 0.0 0.0 0.0 0.0 0.0 0.0 0.0 0.0 0.0 0.0 0.0 0.0 0.0 0.0 0.0 0.0 0.0 0.0 0.0 0.0 0.0 0.0 0.0 0.0 0.0 0.0 0.0 0.0 0.0 0.0 0.0 0.0 0.0 0.0 0.0 0.0 0.0 0.0 0.0 0.0 0.0 0.0 0.0 0.0 0.0 0.0 0.0 0.0 0.0 0.0 0.0 0.0 0.0 0.0 0.0 0.0 0.0 0.0 0.0 0.0 0.0 0.0 0.0 0.0 0.0 0.0 1.0 1.0 2.0 3.0 4.0 5.0 7.0 3.0 5.0 12.0 11.0 15.0 34.0 47.0 52.0 66.0 77.0 55.0 70.0 72.0 98.0 102.0 93.0 95.0 111.0 121.0 133.0 147.0 192.0 192.0 141.0 149.0 161.0 151.0 161.0 159.0 133.0 148.0 159.0 148.0 195.0 170.0 137.0 223.0 249.0 266.0 174.0 124.0 155.0 157.0 192.0 168.0 171.0 154.0 130.0 101.0 129.0 206.0 178.0 160.0 137.0 156.0 192.0 197.0 186.0 127.0 95.0 106.0 111.0 110.0 97.0 94.0 87.0 74.0 80.0 77.0 66.0 73.0 103.0 104.0 102.0 85.0 100.0 112.0 119.0 132.0 141.0 72.0 81.0 93.0 72.0 63.0 42.0 40.0 36.0 25.0 23.0 19.0 15.0 13.0 15.0 27.0 25.0 29.0 21.0 11.0 14.0 10.0 7.0 6.0 4.0 3.0 2.0 1.0 1.0 0.0 0.0 0.0 0.0 0.0 0.0 0.0 0.0 0.0 0.0 0.0 0.0 0.0 0.0 0.0 0.0 0.0 0.0 0.0 0.0 0.0 0.0 0.0 0.0 0.0 0.0 0.0 0.0 0.0 0.0 0.0 0.0 0.0 0.0 0.0 0.0 0.0 0.0 0.0 0.0 0.0 0.0 0.0 0.0 0.0 0.0 0.0 0.0 0.0 0.0 0.0 0.0 0.0 0.0 0.0 0.0 0.0 0.0 0.0 0.0 0.0 0.0 0.0 0.0 0.0 0.0 0.0 0.0 0.0 0.0 0.0 0.0 0.0 0.0 0.0 0.0 0.0 0.0 0.0 0.0 0.0 0.0 0.0 0.0 36.83333333333327 61.624184129986084
4 0.0 0.0 0.0 0.0 0.0 0.0 0.0 0.0 0.0 0.0 0.0 0.0 0.0 0.0 0.0 0.0 0.0 0.0 0.0 0.0 0.0 0.0 0.0 0.0 0.0 0.0 0.0 0.0 0.0 0.0 0.0 0.0 0.0 0.0 0.0 0.0 0.0 0.0 0.0 0.0 0.0 0.0 0.0 0.0 0.0 0.0 0.0 0.0 0.0 0.0 0.0 0.0 0.0 0.0 0.0 0.0 0.0 0.0 0.0 0.0 0.0 0.0 0.0 0.0 0.0 0.0 0.0 0.0 0.0 0.0 0.0 0.0 0.0 0.0 0.0 0.0 0.0 0.0 0.0 0.0 0.0 0.0 0.0 0.0 0.0 0.0 0.0 0.0 0.0 1.0 1.0 1.0 2.0 4.0 10.0 17.0 26.0 28.0 32.0 31.0 32.0 48.0 72.0 88.0 73.0 66.0 78.0 73.0 63.0 65.0 87.0 99.0 107.0 97.0 102.0 92.0 67.0 75.0 101.0 81.0 90.0 94.0 71.0 70.0 90.0 100.0 119.0 119.0 133.0 193.0 294.0 387.0 238.0 196.0 170.0 177.0 188.0 208.0 224.0 246.0 212.0 248.0 291.0 245.0 176.0 149.0 183.0 241.0 201.0 229.0 262.0 312.0 353.0 381.0 327.0 275.0 260.0 255.0 228.0 204.0 186.0 168.0 154.0 165.0 191.0 203.0 212.0 207.0 225.0 281.0 192.0 230.0 287.0 303.0 236.0 172.0 132.0 57.0 61.0 70.0 105.0 93.0 83.0 87.0 81.0 73.0 63.0 84.0 48.0 40.0 32.0 19.0 19.0 17.0 13.0 11.0 10.0 6.0 4.0 3.0 2.0 1.0 1.0 1.0 0.0 0.0 0.0 0.0 0.0 0.0 0.0 0.0 0.0 0.0 0.0 0.0 0.0 0.0 0.0 0.0 0.0 0.0 0.0 0.0 0.0 0.0 0.0 0.0 0.0 0.0 0.0 0.0 0.0 0.0 0.0 0.0 0.0 0.0 0.0 0.0 0.0 0.0 0.0 0.0 0.0 0.0 0.0 0.0 0.0 0.0 0.0 0.0 0.0 0.0 0.0 0.0 0.0 0.0 0.0 0.0 0.0 0.0 0.0 0.0 0.0 0.0 0.0 0.0 0.0 0.0 0.0 0.0 0.0 0.0 0.0 0.0 0.0 0.0 0.0 0.0 0.0 0.0 0.0 0.0 0.0 0.0 0.0 0.0 51.340277777777864 88.8831330102652
5 0.0 0.0 0.0 0.0 0.0 0.0 0.0 0.0 0.0 0.0 0.0 0.0 0.0 0.0 0.0 0.0 0.0 0.0 0.0 0.0 0.0 0.0 0.0 0.0 0.0 0.0 0.0 0.0 0.0 0.0 0.0 0.0 0.0 0.0 0.0 0.0 0.0 0.0 0.0 0.0 0.0 0.0 0.0 0.0 0.0 0.0 0.0 0.0 0.0 0.0 0.0 0.0 0.0 0.0 0.0 0.0 0.0 0.0 0.0 0.0 0.0 0.0 0.0 0.0 0.0 0.0 0.0 0.0 0.0 0.0 0.0 0.0 0.0 0.0 0.0 0.0 0.0 0.0 0.0 0.0 0.0 0.0 0.0 0.0 0.0 0.0 0.0 0.0 0.0 1.0 1.0 1.0 2.0 2.0 4.0 4.0 5.0 9.0 11.0 18.0 32.0 24.0 29.0 45.0 59.0 72.0 70.0 68.0 75.0 97.0 121.0 135.0 170.0 175.0 175.0 122.0 201.0 197.0 168.0 130.0 125.0 148.0 175.0 226.0 213.0 259.0 241.0 248.0 170.0 160.0 179.0 231.0 255.0 229.0 171.0 195.0 209.0 282.0 293.0 182.0 157.0 176.0 239.0 172.0 172.0 207.0 212.0 221.0 206.0 185.0 262.0 267.0 231.0 254.0 247.0 161.0 152.0 172.0 145.0 143.0 142.0 119.0 129.0 121.0 118.0 133.0 126.0 117.0 112.0 98.0 87.0 84.0 100.0 97.0 130.0 152.0 186.0 282.0 149.0 137.0 116.0 133.0 115.0 98.0 65.0 55.0 18.0 22.0 31.0 32.0 20.0 23.0 30.0 26.0 20.0 11.0 8.0 6.0 4.0 3.0 2.0 1.0 1.0 0.0 0.0 0.0 0.0 0.0 0.0 0.0 0.0 0.0 0.0 0.0 0.0 0.0 0.0 0.0 0.0 0.0 0.0 0.0 0.0 0.0 0.0 0.0 0.0 0.0 0.0 0.0 0.0 0.0 0.0 0.0 0.0 0.0 0.0 0.0 0.0 0.0 0.0 0.0 0.0 0.0 0.0 0.0 0.0 0.0 0.0 0.0 0.0 0.0 0.0 0.0 0.0 0.0 0.0 0.0 0.0 0.0 0.0 0.0 0.0 0.0 0.0 0.0 0.0 0.0 0.0 0.0 0.0 0.0 0.0 0.0 0.0 0.0 0.0 0.0 0.0 0.0 0.0 0.0 0.0 0.0 0.0 0.0 0.0 0.0 48.104166666666664 79.6662217099136
6 0.0 0.0 0.0 0.0 0.0 0.0 0.0 0.0 0.0 0.0 0.0 0.0 0.0 0.0 0.0 0.0 0.0 0.0 0.0 0.0 0.0 0.0 0.0 0.0 0.0 0.0 0.0 0.0 0.0 0.0 0.0 0.0 0.0 0.0 0.0 0.0 0.0 0.0 0.0 0.0 0.0 0.0 0.0 0.0 0.0 0.0 0.0 0.0 0.0 0.0 0.0 0.0 0.0 0.0 0.0 0.0 0.0 0.0 0.0 0.0 0.0 0.0 0.0 0.0 0.0 0.0 0.0 0.0 0.0 0.0 0.0 0.0 0.0 0.0 0.0 0.0 0.0 0.0 0.0 0.0 0.0 0.0 0.0 0.0 0.0 0.0 0.0 0.0 1.0 1.0 1.0 1.0 1.0 2.0 3.0 3.0 5.0 4.0 6.0 10.0 27.0 26.0 19.0 19.0 32.0 75.0 105.0 99.0 89.0 75.0 119.0 147.0 120.0 122.0 168.0 122.0 113.0 95.0 82.0 106.0 134.0 115.0 112.0 127.0 118.0 165.0 150.0 162.0 150.0 221.0 188.0 216.0 167.0 188.0 214.0 246.0 267.0 194.0 220.0 255.0 309.0 338.0 302.0 280.0 272.0 164.0 159.0 193.0 163.0 142.0 124.0 120.0 104.0 107.0 129.0 170.0 197.0 141.0 211.0 341.0 452.0 322.0 193.0 64.0 52.0 60.0 76.0 59.0 54.0 71.0 125.0 109.0 93.0 89.0 106.0 78.0 67.0 62.0 63.0 73.0 84.0 101.0 65.0 37.0 36.0 43.0 87.0 99.0 42.0 42.0 53.0 39.0 26.0 14.0 9.0 7.0 15.0 15.0 9.0 3.0 2.0 1.0 1.0 0.0 0.0 0.0 0.0 0.0 0.0 0.0 0.0 0.0 0.0 0.0 0.0 0.0 0.0 0.0 0.0 0.0 0.0 0.0 0.0 0.0 0.0 0.0 0.0 0.0 0.0 0.0 0.0 0.0 0.0 0.0 0.0 0.0 0.0 0.0 0.0 0.0 0.0 0.0 0.0 0.0 0.0 0.0 0.0 0.0 0.0 0.0 0.0 0.0 0.0 0.0 0.0 0.0 0.0 0.0 0.0 0.0 0.0 0.0 0.0 0.0 0.0 0.0 0.0 0.0 0.0 0.0 0.0 0.0 0.0 0.0 0.0 0.0 0.0 0.0 0.0 0.0 0.0 0.0 0.0 0.0 0.0 0.0 0.0 0.0 43.302083333333286 78.25239960809573
7 0.0 0.0 0.0 0.0 0.0 0.0 0.0 0.0 0.0 0.0 0.0 0.0 0.0 0.0 0.0 0.0 0.0 0.0 0.0 0.0 0.0 0.0 0.0 0.0 0.0 0.0 0.0 0.0 0.0 0.0 0.0 0.0 0.0 0.0 0.0 0.0 0.0 0.0 0.0 0.0 0.0 0.0 0.0 0.0 0.0 0.0 0.0 0.0 0.0 0.0 0.0 0.0 0.0 0.0 0.0 0.0 0.0 0.0 0.0 0.0 0.0 0.0 0.0 0.0 0.0 0.0 0.0 0.0 0.0 0.0 0.0 0.0 0.0 0.0 0.0 0.0 0.0 0.0 0.0 0.0 0.0 0.0 0.0 0.0 0.0 0.0 0.0 1.0 1.0 2.0 3.0 4.0 8.0 6.0 8.0 15.0 16.0 28.0 64.0 48.0 41.0 27.0 19.0 43.0 55.0 56.0 72.0 86.0 58.0 69.0 49.0 85.0 76.0 80.0 131.0 89.0 104.0 106.0 182.0 305.0 297.0 334.0 339.0 347.0 357.0 354.0 355.0 317.0 186.0 174.0 186.0 276.0 349.0 318.0 422.0 477.0 374.0 546.0 527.0 457.0 433.0 326.0 236.0 316.0 380.0 300.0 217.0 196.0 328.0 456.0 367.0 259.0 239.0 295.0 237.0 143.0 169.0 302.0 414.0 437.0 340.0 180.0 232.0 219.0 161.0 155.0 148.0 132.0 126.0 151.0 116.0 139.0 99.0 115.0 130.0 119.0 123.0 110.0 118.0 101.0 73.0 52.0 49.0 57.0 84.0 80.0 77.0 118.0 67.0 41.0 44.0 37.0 28.0 36.0 28.0 11.0 10.0 7.0 6.0 4.0 3.0 2.0 1.0 0.0 0.0 0.0 0.0 0.0 0.0 0.0 0.0 0.0 0.0 0.0 0.0 0.0 0.0 0.0 0.0 0.0 0.0 0.0 0.0 0.0 0.0 0.0 0.0 0.0 0.0 0.0 0.0 0.0 0.0 0.0 0.0 0.0 0.0 0.0 0.0 0.0 0.0 0.0 0.0 0.0 0.0 0.0 0.0 0.0 0.0 0.0 0.0 0.0 0.0 0.0 0.0 0.0 0.0 0.0 0.0 0.0 0.0 0.0 0.0 0.0 0.0 0.0 0.0 0.0 0.0 0.0 0.0 0.0 0.0 0.0 0.0 0.0 0.0 0.0 0.0 0.0 0.0 0.0 0.0 0.0 0.0 0.0 0.0 0.0 65.65277777777793 120.98926260098861
8 0.0 0.0 0.0 0.0 0.0 0.0 0.0 0.0 0.0 0.0 0.0 0.0 0.0 0.0 0.0 0.0 0.0 0.0 0.0 0.0 0.0 0.0 0.0 0.0 0.0 0.0 0.0 0.0 0.0 0.0 0.0 0.0 0.0 0.0 0.0 0.0 0.0 0.0 0.0 0.0 0.0 0.0 0.0 0.0 0.0 0.0 0.0 0.0 0.0 0.0 0.0 0.0 0.0 0.0 0.0 0.0 0.0 0.0 0.0 0.0 0.0 0.0 0.0 0.0 0.0 0.0 0.0 0.0 0.0 0.0 0.0 0.0 0.0 0.0 0.0 0.0 0.0 0.0 0.0 0.0 0.0 0.0 0.0 0.0 0.0 0.0 1.0 1.0 2.0 2.0 4.0 5.0 5.0 6.0 8.0 13.0 21.0 17.0 41.0 26.0 46.0 77.0 78.0 69.0 43.0 37.0 43.0 53.0 77.0 101.0 95.0 122.0 89.0 65.0 77.0 99.0 148.0 157.0 200.0 150.0 96.0 78.0 39.0 25.0 30.0 42.0 79.0 103.0 103.0 112.0 130.0 182.0 286.0 466.0 266.0 189.0 245.0 193.0 147.0 191.0 521.0 326.0 317.0 236.0 237.0 236.0 407.0 362.0 281.0 533.0 299.0 243.0 288.0 261.0 253.0 227.0 217.0 187.0 239.0 254.0 162.0 223.0 118.0 121.0 203.0 317.0 254.0 215.0 313.0 242.0 208.0 263.0 234.0 175.0 89.0 157.0 119.0 87.0 68.0 73.0 75.0 88.0 105.0 93.0 71.0 68.0 51.0 47.0 47.0 41.0 28.0 29.0 26.0 31.0 22.0 11.0 7.0 6.0 5.0 4.0 3.0 2.0 1.0 1.0 1.0 0.0 0.0 0.0 0.0 0.0 0.0 0.0 0.0 0.0 0.0 0.0 0.0 0.0 0.0 0.0 0.0 0.0 0.0 0.0 0.0 0.0 0.0 0.0 0.0 0.0 0.0 0.0 0.0 0.0 0.0 0.0 0.0 0.0 0.0 0.0 0.0 0.0 0.0 0.0 0.0 0.0 0.0 0.0 0.0 0.0 0.0 0.0 0.0 0.0 0.0 0.0 0.0 0.0 0.0 0.0 0.0 0.0 0.0 0.0 0.0 0.0 0.0 0.0 0.0 0.0 0.0 0.0 0.0 0.0 0.0 0.0 0.0 0.0 0.0 0.0 0.0 0.0 0.0 0.0 0.0 0.0 0.0 0.0 53.5 98.93192675978862
9 0.0 0.0 0.0 0.0 0.0 0.0 0.0 0.0 0.0 0.0 0.0 0.0 0.0 0.0 0.0 0.0 0.0 0.0 0.0 0.0 0.0 0.0 0.0 0.0 0.0 0.0 0.0 0.0 0.0 0.0 0.0 0.0 0.0 0.0 0.0 0.0 0.0 0.0 0.0 0.0 0.0 0.0 0.0 0.0 0.0 0.0 0.0 0.0 0.0 0.0 0.0 0.0 0.0 0.0 0.0 0.0 0.0 0.0 0.0 0.0 0.0 0.0 0.0 0.0 0.0 0.0 0.0 0.0 0.0 0.0 0.0 0.0 0.0 0.0 0.0 0.0 0.0 0.0 0.0 0.0 0.0 0.0 0.0 0.0 0.0 0.0 0.0 0.0 0.0 0.0 1.0 1.0 1.0 2.0 2.0 2.0 2.0 3.0 5.0 7.0 7.0 4.0 11.0 11.0 6.0 5.0 8.0 8.0 7.0 11.0 18.0 15.0 12.0 22.0 16.0 18.0 11.0 11.0 10.0 12.0 17.0 16.0 14.0 16.0 25.0 19.0 30.0 25.0 23.0 18.0 10.0 7.0 5.0 8.0 8.0 17.0 31.0 35.0 44.0 44.0 52.0 43.0 31.0 24.0 40.0 66.0 81.0 55.0 39.0 33.0 37.0 107.0 114.0 104.0 101.0 43.0 77.0 74.0 53.0 53.0 93.0 96.0 108.0 109.0 69.0 50.0 67.0 103.0 62.0 69.0 67.0 80.0 49.0 42.0 49.0 46.0 39.0 64.0 60.0 40.0 29.0 34.0 115.0 42.0 43.0 53.0 57.0 48.0 49.0 48.0 40.0 37.0 36.0 23.0 16.0 11.0 11.0 7.0 4.0 2.0 2.0 1.0 0.0 0.0 0.0 0.0 0.0 0.0 0.0 0.0 0.0 0.0 0.0 0.0 0.0 0.0 0.0 0.0 0.0 0.0 0.0 0.0 0.0 0.0 0.0 0.0 0.0 0.0 0.0 0.0 0.0 0.0 0.0 0.0 0.0 0.0 0.0 0.0 0.0 0.0 0.0 0.0 0.0 0.0 0.0 0.0 0.0 0.0 0.0 0.0 0.0 0.0 0.0 0.0 0.0 0.0 0.0 0.0 0.0 0.0 0.0 0.0 0.0 0.0 0.0 0.0 0.0 0.0 0.0 0.0 0.0 0.0 0.0 0.0 0.0 0.0 0.0 0.0 0.0 0.0 0.0 0.0 0.0 0.0 0.0 0.0 0.0 0.0 13.743055555555529 25.70273552810219
END
#################################################################
SECTION3 (Edges Information)
EndPoint0 EndPoint1 Weight
0 1 1.000000
1 2 1.000000
2 3 1.000000
3 4 1.000000
3 5 1.000000
4 5 1.000000
4 6 1.000000
5 6 1.000000
5 7 1.000000
6 7 1.000000
7 8 1.000000
7 9 1.000000
8 9 1.000000
END
#################################################################
SECTION4 (TrueSubGraph Information)
EndPoint0 EndPoint1 Weight
END
#################################################################
