#################################################################
#APDM Input Graph, this input graph includes 3 sections:
#section1 : general information
#section2 : nodes
#section3 : edges
#section4 : trueSubGraph (Optional)
#
#if nodes haven't information set weight to null
#################################################################
SECTION1 (General Information)
numNodes = 10
numEdges = 13
usedAlgorithm = NULL
dataSource = TransWeatherRealData
END
#################################################################
SECTION2 (Nodes Information)
NodeID rad  mean  std 
0 0.0 0.0 0.0 0.0 0.0 0.0 0.0 0.0 0.0 0.0 0.0 0.0 0.0 0.0 0.0 0.0 0.0 0.0 0.0 0.0 0.0 0.0 0.0 0.0 0.0 0.0 0.0 0.0 0.0 0.0 0.0 0.0 0.0 0.0 0.0 0.0 0.0 0.0 0.0 0.0 0.0 0.0 0.0 0.0 0.0 0.0 0.0 0.0 0.0 0.0 0.0 0.0 0.0 0.0 0.0 0.0 0.0 0.0 0.0 0.0 0.0 0.0 0.0 0.0 0.0 0.0 0.0 0.0 0.0 0.0 0.0 0.0 0.0 0.0 0.0 0.0 0.0 0.0 0.0 0.0 0.0 0.0 0.0 0.0 0.0 0.0 0.0 0.0 0.0 1.0 1.0 2.0 2.0 3.0 3.0 4.0 5.0 6.0 7.0 7.0 7.0 5.0 6.0 8.0 8.0 7.0 9.0 10.0 8.0 9.0 12.0 12.0 12.0 15.0 20.0 20.0 23.0 26.0 30.0 37.0 35.0 29.0 30.0 33.0 32.0 33.0 37.0 35.0 37.0 32.0 27.0 28.0 29.0 34.0 32.0 26.0 19.0 18.0 23.0 37.0 49.0 48.0 38.0 36.0 38.0 40.0 44.0 54.0 63.0 61.0 72.0 82.0 92.0 82.0 63.0 51.0 48.0 47.0 53.0 53.0 61.0 68.0 65.0 53.0 39.0 44.0 46.0 40.0 37.0 34.0 29.0 26.0 29.0 27.0 33.0 45.0 46.0 38.0 30.0 26.0 23.0 20.0 19.0 18.0 16.0 14.0 15.0 13.0 13.0 10.0 7.0 7.0 6.0 7.0 7.0 5.0 3.0 2.0 2.0 1.0 0.0 0.0 0.0 0.0 0.0 0.0 0.0 0.0 0.0 0.0 0.0 0.0 0.0 0.0 0.0 0.0 0.0 0.0 0.0 0.0 0.0 0.0 0.0 0.0 0.0 0.0 0.0 0.0 0.0 0.0 0.0 0.0 0.0 0.0 0.0 0.0 0.0 0.0 0.0 0.0 0.0 0.0 0.0 0.0 0.0 0.0 0.0 0.0 0.0 0.0 0.0 0.0 0.0 0.0 0.0 0.0 0.0 0.0 0.0 0.0 0.0 0.0 0.0 0.0 0.0 0.0 0.0 0.0 0.0 0.0 0.0 0.0 0.0 0.0 0.0 0.0 0.0 0.0 0.0 0.0 0.0 0.0 0.0 0.0 0.0 0.0 0.0 0.0 10.65625 18.501056448788386
1 0.0 0.0 0.0 0.0 0.0 0.0 0.0 0.0 0.0 0.0 0.0 0.0 0.0 0.0 0.0 0.0 0.0 0.0 0.0 0.0 0.0 0.0 0.0 0.0 0.0 0.0 0.0 0.0 0.0 0.0 0.0 0.0 0.0 0.0 0.0 0.0 0.0 0.0 0.0 0.0 0.0 0.0 0.0 0.0 0.0 0.0 0.0 0.0 0.0 0.0 0.0 0.0 0.0 0.0 0.0 0.0 0.0 0.0 0.0 0.0 0.0 0.0 0.0 0.0 0.0 0.0 0.0 0.0 0.0 0.0 0.0 0.0 0.0 0.0 0.0 0.0 0.0 0.0 0.0 0.0 0.0 0.0 0.0 0.0 1.0 1.0 1.0 2.0 2.0 2.0 4.0 5.0 5.0 5.0 6.0 6.0 7.0 8.0 7.0 9.0 9.0 8.0 13.0 14.0 13.0 15.0 21.0 27.0 28.0 32.0 37.0 37.0 39.0 38.0 43.0 47.0 47.0 51.0 54.0 52.0 56.0 65.0 49.0 37.0 37.0 37.0 37.0 35.0 34.0 39.0 46.0 37.0 34.0 34.0 31.0 39.0 50.0 52.0 50.0 47.0 50.0 50.0 55.0 55.0 47.0 49.0 66.0 60.0 52.0 51.0 44.0 41.0 48.0 43.0 39.0 38.0 43.0 52.0 53.0 53.0 56.0 59.0 54.0 54.0 59.0 77.0 69.0 57.0 41.0 39.0 43.0 48.0 39.0 31.0 33.0 32.0 34.0 42.0 52.0 48.0 39.0 41.0 46.0 43.0 37.0 36.0 52.0 84.0 91.0 61.0 42.0 30.0 23.0 13.0 9.0 6.0 4.0 3.0 3.0 2.0 1.0 1.0 1.0 1.0 0.0 0.0 0.0 0.0 0.0 0.0 0.0 0.0 0.0 0.0 0.0 0.0 0.0 0.0 0.0 0.0 0.0 0.0 0.0 0.0 0.0 0.0 0.0 0.0 0.0 0.0 0.0 0.0 0.0 0.0 0.0 0.0 0.0 0.0 0.0 0.0 0.0 0.0 0.0 0.0 0.0 0.0 0.0 0.0 0.0 0.0 0.0 0.0 0.0 0.0 0.0 0.0 0.0 0.0 0.0 0.0 0.0 0.0 0.0 0.0 0.0 0.0 0.0 0.0 0.0 0.0 0.0 0.0 0.0 0.0 0.0 0.0 0.0 0.0 0.0 0.0 0.0 0.0 0.0 0.0 0.0 0.0 0.0 0.0 14.46875 21.786397216119433
2 0.0 0.0 0.0 0.0 0.0 0.0 0.0 0.0 0.0 0.0 0.0 0.0 0.0 0.0 0.0 0.0 0.0 0.0 0.0 0.0 0.0 0.0 0.0 0.0 0.0 0.0 0.0 0.0 0.0 0.0 0.0 0.0 0.0 0.0 0.0 0.0 0.0 0.0 0.0 0.0 0.0 0.0 0.0 0.0 0.0 0.0 0.0 0.0 0.0 0.0 0.0 0.0 0.0 0.0 0.0 0.0 0.0 0.0 0.0 0.0 0.0 0.0 0.0 0.0 0.0 0.0 0.0 0.0 0.0 0.0 0.0 0.0 0.0 0.0 0.0 0.0 0.0 0.0 0.0 0.0 0.0 0.0 0.0 0.0 0.0 1.0 2.0 3.0 3.0 6.0 11.0 17.0 23.0 24.0 32.0 41.0 40.0 37.0 54.0 71.0 74.0 67.0 79.0 100.0 108.0 107.0 91.0 67.0 54.0 50.0 59.0 68.0 94.0 85.0 72.0 62.0 59.0 63.0 54.0 40.0 42.0 47.0 61.0 67.0 57.0 56.0 56.0 64.0 73.0 70.0 73.0 89.0 96.0 93.0 90.0 91.0 84.0 69.0 52.0 42.0 51.0 56.0 48.0 47.0 52.0 56.0 67.0 70.0 63.0 58.0 54.0 53.0 57.0 53.0 55.0 60.0 63.0 66.0 74.0 69.0 70.0 69.0 72.0 98.0 105.0 93.0 66.0 42.0 38.0 41.0 38.0 29.0 33.0 42.0 41.0 41.0 44.0 49.0 52.0 46.0 40.0 40.0 37.0 36.0 40.0 33.0 31.0 27.0 23.0 23.0 20.0 20.0 16.0 13.0 11.0 11.0 11.0 8.0 4.0 3.0 2.0 1.0 1.0 0.0 0.0 0.0 0.0 0.0 0.0 0.0 0.0 0.0 0.0 0.0 0.0 0.0 0.0 0.0 0.0 0.0 0.0 0.0 0.0 0.0 0.0 0.0 0.0 0.0 0.0 0.0 0.0 0.0 0.0 0.0 0.0 0.0 0.0 0.0 0.0 0.0 0.0 0.0 0.0 0.0 0.0 0.0 0.0 0.0 0.0 0.0 0.0 0.0 0.0 0.0 0.0 0.0 0.0 0.0 0.0 0.0 0.0 0.0 0.0 0.0 0.0 0.0 0.0 0.0 0.0 0.0 0.0 0.0 0.0 0.0 0.0 0.0 0.0 0.0 0.0 0.0 0.0 0.0 0.0 0.0 0.0 0.0 0.0 0.0 20.5625 30.08124162266205
3 0.0 0.0 0.0 0.0 0.0 0.0 0.0 0.0 0.0 0.0 0.0 0.0 0.0 0.0 0.0 0.0 0.0 0.0 0.0 0.0 0.0 0.0 0.0 0.0 0.0 0.0 0.0 0.0 0.0 0.0 0.0 0.0 0.0 0.0 0.0 0.0 0.0 0.0 0.0 0.0 0.0 0.0 0.0 0.0 0.0 0.0 0.0 0.0 0.0 0.0 0.0 0.0 0.0 0.0 0.0 0.0 0.0 0.0 0.0 0.0 0.0 0.0 0.0 0.0 0.0 0.0 0.0 0.0 0.0 0.0 0.0 0.0 0.0 0.0 0.0 0.0 0.0 0.0 0.0 0.0 0.0 0.0 0.0 0.0 1.0 1.0 2.0 3.0 3.0 4.0 5.0 6.0 8.0 9.0 11.0 14.0 22.0 42.0 65.0 77.0 99.0 77.0 43.0 44.0 63.0 84.0 71.0 162.0 183.0 113.0 94.0 80.0 85.0 82.0 80.0 74.0 65.0 65.0 72.0 78.0 85.0 116.0 174.0 183.0 130.0 86.0 73.0 69.0 60.0 50.0 44.0 48.0 56.0 64.0 56.0 45.0 49.0 52.0 54.0 68.0 83.0 102.0 104.0 104.0 96.0 73.0 72.0 61.0 48.0 39.0 39.0 34.0 39.0 57.0 64.0 53.0 52.0 46.0 47.0 45.0 48.0 51.0 47.0 42.0 35.0 27.0 35.0 46.0 39.0 35.0 36.0 37.0 41.0 52.0 46.0 32.0 26.0 27.0 29.0 31.0 34.0 34.0 26.0 23.0 24.0 23.0 23.0 24.0 27.0 31.0 26.0 20.0 11.0 6.0 4.0 3.0 4.0 3.0 3.0 3.0 2.0 1.0 0.0 0.0 0.0 0.0 0.0 0.0 0.0 0.0 0.0 0.0 0.0 0.0 0.0 0.0 0.0 0.0 0.0 0.0 0.0 0.0 0.0 0.0 0.0 0.0 0.0 0.0 0.0 0.0 0.0 0.0 0.0 0.0 0.0 0.0 0.0 0.0 0.0 0.0 0.0 0.0 0.0 0.0 0.0 0.0 0.0 0.0 0.0 0.0 0.0 0.0 0.0 0.0 0.0 0.0 0.0 0.0 0.0 0.0 0.0 0.0 0.0 0.0 0.0 0.0 0.0 0.0 0.0 0.0 0.0 0.0 0.0 0.0 0.0 0.0 0.0 0.0 0.0 0.0 0.0 0.0 0.0 0.0 0.0 0.0 0.0 0.0 20.569444444444493 34.56189776893959
4 0.0 0.0 0.0 0.0 0.0 0.0 0.0 0.0 0.0 0.0 0.0 0.0 0.0 0.0 0.0 0.0 0.0 0.0 0.0 0.0 0.0 0.0 0.0 0.0 0.0 0.0 0.0 0.0 0.0 0.0 0.0 0.0 0.0 0.0 0.0 0.0 0.0 0.0 0.0 0.0 0.0 0.0 0.0 0.0 0.0 0.0 0.0 0.0 0.0 0.0 0.0 0.0 0.0 0.0 0.0 0.0 0.0 0.0 0.0 0.0 0.0 0.0 0.0 0.0 0.0 0.0 0.0 0.0 0.0 0.0 0.0 0.0 0.0 0.0 0.0 0.0 0.0 0.0 0.0 0.0 0.0 0.0 0.0 0.0 1.0 1.0 1.0 2.0 2.0 4.0 6.0 10.0 14.0 17.0 19.0 22.0 26.0 28.0 29.0 33.0 36.0 39.0 41.0 47.0 57.0 65.0 73.0 88.0 109.0 113.0 97.0 96.0 111.0 141.0 164.0 170.0 164.0 166.0 172.0 160.0 134.0 124.0 130.0 141.0 136.0 141.0 134.0 112.0 85.0 64.0 79.0 83.0 77.0 82.0 87.0 80.0 64.0 56.0 72.0 78.0 75.0 66.0 69.0 81.0 85.0 81.0 78.0 81.0 71.0 64.0 71.0 68.0 66.0 61.0 57.0 60.0 64.0 62.0 61.0 59.0 56.0 60.0 61.0 50.0 55.0 61.0 62.0 61.0 45.0 39.0 38.0 33.0 26.0 24.0 22.0 25.0 31.0 35.0 33.0 30.0 30.0 29.0 32.0 39.0 38.0 32.0 23.0 17.0 13.0 14.0 14.0 12.0 12.0 14.0 16.0 11.0 7.0 5.0 3.0 2.0 1.0 1.0 0.0 0.0 0.0 0.0 0.0 0.0 0.0 0.0 0.0 0.0 0.0 0.0 0.0 0.0 0.0 0.0 0.0 0.0 0.0 0.0 0.0 0.0 0.0 0.0 0.0 0.0 0.0 0.0 0.0 0.0 0.0 0.0 0.0 0.0 0.0 0.0 0.0 0.0 0.0 0.0 0.0 0.0 0.0 0.0 0.0 0.0 0.0 0.0 0.0 0.0 0.0 0.0 0.0 0.0 0.0 0.0 0.0 0.0 0.0 0.0 0.0 0.0 0.0 0.0 0.0 0.0 0.0 0.0 0.0 0.0 0.0 0.0 0.0 0.0 0.0 0.0 0.0 0.0 0.0 0.0 0.0 0.0 0.0 0.0 0.0 0.0 23.87152777777774 40.16786408280668
5 0.0 0.0 0.0 0.0 0.0 0.0 0.0 0.0 0.0 0.0 0.0 0.0 0.0 0.0 0.0 0.0 0.0 0.0 0.0 0.0 0.0 0.0 0.0 0.0 0.0 0.0 0.0 0.0 0.0 0.0 0.0 0.0 0.0 0.0 0.0 0.0 0.0 0.0 0.0 0.0 0.0 0.0 0.0 0.0 0.0 0.0 0.0 0.0 0.0 0.0 0.0 0.0 0.0 0.0 0.0 0.0 0.0 0.0 0.0 0.0 0.0 0.0 0.0 0.0 0.0 0.0 0.0 0.0 0.0 0.0 0.0 0.0 0.0 0.0 0.0 0.0 0.0 0.0 0.0 0.0 0.0 0.0 0.0 0.0 0.0 1.0 1.0 2.0 4.0 8.0 13.0 16.0 17.0 17.0 19.0 23.0 28.0 35.0 38.0 45.0 52.0 55.0 60.0 69.0 79.0 90.0 114.0 168.0 259.0 279.0 188.0 117.0 163.0 147.0 173.0 160.0 110.0 124.0 135.0 130.0 126.0 123.0 124.0 116.0 103.0 94.0 96.0 115.0 158.0 185.0 145.0 106.0 87.0 55.0 38.0 41.0 39.0 45.0 62.0 59.0 58.0 56.0 67.0 93.0 72.0 50.0 49.0 40.0 36.0 36.0 42.0 52.0 55.0 53.0 51.0 44.0 34.0 28.0 22.0 19.0 28.0 30.0 30.0 26.0 22.0 23.0 32.0 46.0 49.0 53.0 40.0 41.0 37.0 25.0 19.0 21.0 33.0 27.0 19.0 22.0 23.0 14.0 11.0 11.0 12.0 14.0 15.0 15.0 12.0 12.0 13.0 16.0 16.0 11.0 7.0 6.0 5.0 3.0 3.0 2.0 1.0 0.0 0.0 0.0 0.0 0.0 0.0 0.0 0.0 0.0 0.0 0.0 0.0 0.0 0.0 0.0 0.0 0.0 0.0 0.0 0.0 0.0 0.0 0.0 0.0 0.0 0.0 0.0 0.0 0.0 0.0 0.0 0.0 0.0 0.0 0.0 0.0 0.0 0.0 0.0 0.0 0.0 0.0 0.0 0.0 0.0 0.0 0.0 0.0 0.0 0.0 0.0 0.0 0.0 0.0 0.0 0.0 0.0 0.0 0.0 0.0 0.0 0.0 0.0 0.0 0.0 0.0 0.0 0.0 0.0 0.0 0.0 0.0 0.0 0.0 0.0 0.0 0.0 0.0 0.0 0.0 0.0 0.0 0.0 0.0 0.0 0.0 0.0 23.1180555555555 44.841804246179244
6 -1.0 -1.0 -1.0 -1.0 -1.0 -1.0 -1.0 -1.0 -1.0 -1.0 -1.0 -1.0 -1.0 -1.0 -1.0 -1.0 -1.0 -1.0 -1.0 -1.0 -1.0 -1.0 -1.0 -1.0 -1.0 -1.0 -1.0 -1.0 -1.0 -1.0 -1.0 -1.0 -1.0 -1.0 -1.0 -1.0 -1.0 -1.0 -1.0 -1.0 -1.0 -1.0 -1.0 -1.0 -1.0 -1.0 -1.0 -1.0 -1.0 -1.0 -1.0 -1.0 -1.0 -1.0 -1.0 -1.0 -1.0 -1.0 -1.0 -1.0 -1.0 -1.0 -1.0 -1.0 -1.0 -1.0 -1.0 -1.0 -1.0 -1.0 -1.0 -1.0 -1.0 -1.0 -1.0 -1.0 -1.0 -1.0 -1.0 -1.0 -1.0 -1.0 -1.0 -1.0 -1.0 -1.0 -1.0 -1.0 -1.0 -1.0 -1.0 -1.0 -1.0 -1.0 -1.0 -1.0 -1.0 -1.0 -1.0 -1.0 -1.0 -1.0 -1.0 -1.0 -1.0 -1.0 -1.0 -1.0 -1.0 -1.0 -1.0 -1.0 -1.0 -1.0 -1.0 -1.0 -1.0 -1.0 -1.0 -1.0 -1.0 -1.0 -1.0 -1.0 -1.0 -1.0 -1.0 -1.0 -1.0 -1.0 -1.0 -1.0 -1.0 -1.0 -1.0 -1.0 -1.0 -1.0 -1.0 -1.0 -1.0 -1.0 -1.0 -1.0 -1.0 -1.0 -1.0 -1.0 -1.0 -1.0 -1.0 -1.0 -1.0 -1.0 -1.0 -1.0 -1.0 -1.0 -1.0 -1.0 -1.0 -1.0 -1.0 -1.0 -1.0 -1.0 -1.0 -1.0 -1.0 -1.0 -1.0 -1.0 -1.0 -1.0 -1.0 -1.0 -1.0 -1.0 -1.0 -1.0 -1.0 -1.0 -1.0 -1.0 -1.0 -1.0 -1.0 -1.0 -1.0 -1.0 -1.0 -1.0 -1.0 -1.0 -1.0 -1.0 -1.0 -1.0 -1.0 -1.0 -1.0 -1.0 -1.0 -1.0 -1.0 -1.0 -1.0 -1.0 -1.0 -1.0 -1.0 -1.0 -1.0 -1.0 -1.0 -1.0 -1.0 -1.0 -1.0 -1.0 -1.0 -1.0 -1.0 -1.0 -1.0 -1.0 -1.0 -1.0 -1.0 -1.0 -1.0 -1.0 -1.0 -1.0 -1.0 -1.0 -1.0 -1.0 -1.0 -1.0 -1.0 -1.0 -1.0 -1.0 -1.0 -1.0 -1.0 -1.0 -1.0 -1.0 -1.0 -1.0 -1.0 -1.0 -1.0 -1.0 -1.0 -1.0 -1.0 -1.0 -1.0 -1.0 -1.0 -1.0 -1.0 -1.0 -1.0 -1.0 -1.0 -1.0 -1.0 -1.0 -1.0 -1.0 -1.0 -1.0 -1.0 -1.0 -1.0 -1.0 -1.0 -1.0 -1.0 -1.0 -1.0 -1.0 -1.0 -1.0 -1.0 0.0
7 0.0 0.0 0.0 0.0 0.0 0.0 0.0 0.0 0.0 0.0 0.0 0.0 0.0 0.0 0.0 0.0 0.0 0.0 0.0 0.0 0.0 0.0 0.0 0.0 0.0 0.0 0.0 0.0 0.0 0.0 0.0 0.0 0.0 0.0 0.0 0.0 0.0 0.0 0.0 0.0 0.0 0.0 0.0 0.0 0.0 0.0 0.0 0.0 0.0 0.0 0.0 0.0 0.0 0.0 0.0 0.0 0.0 0.0 0.0 0.0 0.0 0.0 0.0 0.0 0.0 0.0 0.0 0.0 0.0 0.0 0.0 0.0 0.0 0.0 0.0 0.0 0.0 0.0 0.0 0.0 0.0 0.0 0.0 0.0 1.0 1.0 2.0 4.0 6.0 9.0 13.0 16.0 17.0 15.0 18.0 30.0 48.0 58.0 61.0 56.0 52.0 53.0 63.0 77.0 71.0 69.0 65.0 54.0 43.0 47.0 50.0 59.0 79.0 100.0 116.0 122.0 110.0 86.0 84.0 116.0 140.0 138.0 137.0 140.0 123.0 119.0 106.0 105.0 114.0 108.0 109.0 113.0 90.0 68.0 47.0 41.0 46.0 61.0 76.0 81.0 52.0 46.0 53.0 72.0 75.0 77.0 89.0 96.0 91.0 91.0 100.0 100.0 90.0 94.0 85.0 70.0 75.0 89.0 85.0 95.0 87.0 69.0 66.0 49.0 42.0 38.0 40.0 34.0 29.0 27.0 24.0 17.0 22.0 24.0 26.0 23.0 21.0 19.0 18.0 17.0 19.0 17.0 14.0 14.0 16.0 17.0 16.0 18.0 15.0 12.0 10.0 9.0 7.0 5.0 4.0 3.0 2.0 1.0 1.0 1.0 0.0 0.0 0.0 0.0 0.0 0.0 0.0 0.0 0.0 0.0 0.0 0.0 0.0 0.0 0.0 0.0 0.0 0.0 0.0 0.0 0.0 0.0 0.0 0.0 0.0 0.0 0.0 0.0 0.0 0.0 0.0 0.0 0.0 0.0 0.0 0.0 0.0 0.0 0.0 0.0 0.0 0.0 0.0 0.0 0.0 0.0 0.0 0.0 0.0 0.0 0.0 0.0 0.0 0.0 0.0 0.0 0.0 0.0 0.0 0.0 0.0 0.0 0.0 0.0 0.0 0.0 0.0 0.0 0.0 0.0 0.0 0.0 0.0 0.0 0.0 0.0 0.0 0.0 0.0 0.0 0.0 0.0 0.0 0.0 0.0 0.0 0.0 0.0 22.052083333333343 36.64169759458794
8 0.0 0.0 0.0 0.0 0.0 0.0 0.0 0.0 0.0 0.0 0.0 0.0 0.0 0.0 0.0 0.0 0.0 0.0 0.0 0.0 0.0 0.0 0.0 0.0 0.0 0.0 0.0 0.0 0.0 0.0 0.0 0.0 0.0 0.0 0.0 0.0 0.0 0.0 0.0 0.0 0.0 0.0 0.0 0.0 0.0 0.0 0.0 0.0 0.0 0.0 0.0 0.0 0.0 0.0 0.0 0.0 0.0 0.0 0.0 0.0 0.0 0.0 0.0 0.0 0.0 0.0 0.0 0.0 0.0 0.0 0.0 0.0 0.0 0.0 0.0 0.0 0.0 0.0 0.0 0.0 0.0 0.0 1.0 1.0 1.0 2.0 2.0 3.0 7.0 12.0 14.0 16.0 21.0 26.0 32.0 33.0 31.0 30.0 29.0 30.0 38.0 44.0 39.0 40.0 50.0 55.0 41.0 39.0 57.0 71.0 93.0 95.0 89.0 85.0 120.0 143.0 151.0 159.0 179.0 161.0 116.0 77.0 71.0 79.0 94.0 89.0 87.0 107.0 115.0 104.0 87.0 63.0 48.0 51.0 61.0 66.0 81.0 80.0 70.0 54.0 48.0 38.0 50.0 61.0 78.0 83.0 105.0 135.0 125.0 101.0 70.0 66.0 94.0 96.0 76.0 82.0 86.0 89.0 67.0 58.0 51.0 42.0 41.0 27.0 35.0 51.0 55.0 33.0 27.0 32.0 39.0 41.0 37.0 41.0 46.0 45.0 42.0 34.0 32.0 35.0 33.0 28.0 22.0 20.0 15.0 17.0 17.0 14.0 12.0 12.0 12.0 14.0 16.0 18.0 20.0 13.0 6.0 3.0 1.0 1.0 1.0 0.0 0.0 0.0 0.0 0.0 0.0 0.0 0.0 0.0 0.0 0.0 0.0 0.0 0.0 0.0 0.0 0.0 0.0 0.0 0.0 0.0 0.0 0.0 0.0 0.0 0.0 0.0 0.0 0.0 0.0 0.0 0.0 0.0 0.0 0.0 0.0 0.0 0.0 0.0 0.0 0.0 0.0 0.0 0.0 0.0 0.0 0.0 0.0 0.0 0.0 0.0 0.0 0.0 0.0 0.0 0.0 0.0 0.0 0.0 0.0 0.0 0.0 0.0 0.0 0.0 0.0 0.0 0.0 0.0 0.0 0.0 0.0 0.0 0.0 0.0 0.0 0.0 0.0 0.0 0.0 0.0 0.0 0.0 0.0 0.0 0.0 0.0 21.975694444444493 36.38886138594536
9 0.0 0.0 0.0 0.0 0.0 0.0 0.0 0.0 0.0 0.0 0.0 0.0 0.0 0.0 0.0 0.0 0.0 0.0 0.0 0.0 0.0 0.0 0.0 0.0 0.0 0.0 0.0 0.0 0.0 0.0 0.0 0.0 0.0 0.0 0.0 0.0 0.0 0.0 0.0 0.0 0.0 0.0 0.0 0.0 0.0 0.0 0.0 0.0 0.0 0.0 0.0 0.0 0.0 0.0 0.0 0.0 0.0 0.0 0.0 0.0 0.0 0.0 0.0 0.0 0.0 0.0 0.0 0.0 0.0 0.0 0.0 0.0 0.0 0.0 0.0 0.0 0.0 0.0 0.0 0.0 0.0 0.0 0.0 1.0 1.0 2.0 3.0 5.0 8.0 13.0 18.0 23.0 28.0 31.0 36.0 43.0 50.0 61.0 70.0 76.0 76.0 70.0 67.0 60.0 60.0 107.0 217.0 187.0 84.0 91.0 194.0 309.0 280.0 206.0 220.0 229.0 194.0 185.0 197.0 180.0 163.0 146.0 175.0 207.0 187.0 166.0 136.0 117.0 102.0 93.0 111.0 109.0 117.0 145.0 145.0 184.0 338.0 244.0 213.0 192.0 176.0 200.0 183.0 164.0 138.0 128.0 138.0 118.0 113.0 119.0 136.0 167.0 169.0 116.0 99.0 73.0 54.0 43.0 35.0 29.0 33.0 36.0 45.0 64.0 64.0 62.0 57.0 56.0 39.0 39.0 60.0 54.0 42.0 32.0 41.0 42.0 19.0 14.0 15.0 13.0 10.0 8.0 9.0 12.0 11.0 6.0 6.0 8.0 9.0 7.0 7.0 6.0 5.0 3.0 3.0 2.0 1.0 1.0 0.0 0.0 0.0 0.0 0.0 0.0 0.0 0.0 0.0 0.0 0.0 0.0 0.0 0.0 0.0 0.0 0.0 0.0 0.0 0.0 0.0 0.0 0.0 0.0 0.0 0.0 0.0 0.0 0.0 0.0 0.0 0.0 0.0 0.0 0.0 0.0 0.0 0.0 0.0 0.0 0.0 0.0 0.0 0.0 0.0 0.0 0.0 0.0 0.0 0.0 0.0 0.0 0.0 0.0 0.0 0.0 0.0 0.0 0.0 0.0 0.0 0.0 0.0 0.0 0.0 0.0 0.0 0.0 0.0 0.0 0.0 0.0 0.0 0.0 0.0 0.0 0.0 0.0 0.0 0.0 0.0 0.0 0.0 0.0 0.0 0.0 0.0 0.0 0.0 0.0 35.80208333333327 66.39801114601518
END
#################################################################
SECTION3 (Edges Information)
EndPoint0 EndPoint1 Weight
0 1 1.000000
1 2 1.000000
2 3 1.000000
3 4 1.000000
3 5 1.000000
4 5 1.000000
4 6 1.000000
5 6 1.000000
5 7 1.000000
6 7 1.000000
7 8 1.000000
7 9 1.000000
8 9 1.000000
END
#################################################################
SECTION4 (TrueSubGraph Information)
EndPoint0 EndPoint1 Weight
END
#################################################################
