#################################################################
#APDM Input Graph, this input graph includes 3 sections:
#section1 : general information
#section2 : nodes
#section3 : edges
#section4 : trueSubGraph (Optional)
#
#if nodes haven't information set weight to null
#################################################################
SECTION1 (General Information)
numNodes = 10
numEdges = 13
usedAlgorithm = NULL
dataSource = TransWeatherRealData
END
#################################################################
SECTION2 (Nodes Information)
NodeID rad  mean  std 
0 23.0 19.0 14.0 10.0 4.0 2.0 1.0 0.0 0.0 0.0 0.0 0.0 0.0 0.0 0.0 0.0 0.0 0.0 0.0 0.0 0.0 0.0 0.0 0.0 0.0 0.0 0.0 0.0 0.0 0.0 0.0 0.0 0.0 0.0 0.0 0.0 0.0 0.0 0.0 0.0 0.0 0.0 0.0 0.0 0.0 0.0 0.0 0.0 0.0 0.0 0.0 0.0 0.0 0.0 0.0 0.0 0.0 0.0 0.0 0.0 0.0 0.0 0.0 0.0 0.0 0.0 0.0 0.0 0.0 0.0 0.0 0.0 0.0 0.0 0.0 0.0 0.0 0.0 0.0 0.0 0.0 0.0 0.0 0.0 0.0 0.0 0.0 0.0 0.0 0.0 0.0 0.0 0.0 0.0 0.0 0.0 0.0 0.0 0.0 0.0 0.0 0.0 0.0 0.0 0.0 0.0 0.0 0.0 0.0 0.0 0.0 0.0 0.0 0.0 0.0 0.0 0.0 0.0 0.0 0.0 0.0 0.0 0.0 0.0 1.0 2.0 4.0 5.0 6.0 11.0 12.0 14.0 12.0 19.0 27.0 31.0 34.0 32.0 61.0 54.0 62.0 84.0 115.0 135.0 171.0 227.0 237.0 260.0 272.0 280.0 299.0 314.0 330.0 343.0 354.0 365.0 385.0 400.0 419.0 433.0 451.0 466.0 473.0 450.0 507.0 498.0 535.0 546.0 496.0 566.0 604.0 671.0 619.0 470.0 521.0 731.0 756.0 769.0 667.0 525.0 463.0 444.0 780.0 648.0 264.0 562.0 792.0 837.0 830.0 547.0 655.0 816.0 829.0 606.0 301.0 640.0 836.0 856.0 708.0 793.0 635.0 609.0 878.0 555.0 634.0 353.0 887.0 471.0 382.0 742.0 839.0 705.0 614.0 835.0 796.0 837.0 846.0 833.0 828.0 832.0 835.0 830.0 774.0 774.0 809.0 798.0 780.0 778.0 791.0 770.0 763.0 475.0 645.0 733.0 718.0 706.0 714.0 705.0 680.0 657.0 650.0 645.0 638.0 624.0 613.0 602.0 588.0 577.0 558.0 557.0 534.0 524.0 519.0 499.0 482.0 472.0 457.0 444.0 433.0 419.0 404.0 390.0 377.0 360.0 342.0 326.0 310.0 298.0 284.0 271.0 253.0 240.0 229.0 217.0 206.0 192.0 178.0 165.0 151.0 136.0 122.0 109.0 97.0 84.0 71.0 59.0 47.0 36.0 264.0486111111119 304.9308559280595
1 14.0 12.0 8.0 4.0 3.0 3.0 1.0 1.0 0.0 0.0 0.0 0.0 0.0 0.0 0.0 0.0 0.0 0.0 0.0 0.0 0.0 0.0 0.0 0.0 0.0 0.0 0.0 0.0 0.0 0.0 0.0 0.0 0.0 0.0 0.0 0.0 0.0 0.0 0.0 0.0 0.0 0.0 0.0 0.0 0.0 0.0 0.0 0.0 0.0 0.0 0.0 0.0 0.0 0.0 0.0 0.0 0.0 0.0 0.0 0.0 0.0 0.0 0.0 0.0 0.0 0.0 0.0 0.0 0.0 0.0 0.0 0.0 0.0 0.0 0.0 0.0 0.0 0.0 0.0 0.0 0.0 0.0 0.0 0.0 0.0 0.0 0.0 0.0 0.0 0.0 0.0 0.0 0.0 0.0 0.0 0.0 0.0 0.0 0.0 0.0 0.0 0.0 0.0 0.0 0.0 0.0 0.0 0.0 0.0 0.0 0.0 0.0 0.0 0.0 0.0 0.0 0.0 0.0 0.0 0.0 0.0 0.0 0.0 1.0 1.0 2.0 4.0 6.0 9.0 12.0 14.0 19.0 30.0 38.0 38.0 45.0 57.0 68.0 81.0 85.0 87.0 93.0 96.0 91.0 80.0 83.0 94.0 110.0 193.0 167.0 87.0 59.0 66.0 95.0 129.0 185.0 193.0 239.0 163.0 160.0 370.0 206.0 191.0 198.0 201.0 253.0 152.0 522.0 362.0 589.0 626.0 630.0 631.0 637.0 645.0 655.0 670.0 681.0 692.0 708.0 727.0 732.0 729.0 750.0 755.0 771.0 869.0 878.0 695.0 517.0 570.0 507.0 393.0 804.0 504.0 214.0 891.0 623.0 535.0 838.0 904.0 900.0 819.0 583.0 587.0 598.0 588.0 289.0 850.0 882.0 442.0 469.0 512.0 866.0 966.0 380.0 718.0 763.0 539.0 321.0 1011.0 248.0 650.0 920.0 792.0 778.0 259.0 543.0 840.0 743.0 835.0 834.0 551.0 639.0 799.0 264.0 435.0 758.0 392.0 321.0 718.0 690.0 530.0 323.0 461.0 651.0 551.0 389.0 498.0 334.0 214.0 557.0 369.0 94.0 409.0 198.0 266.0 182.0 467.0 357.0 122.0 256.0 392.0 372.0 336.0 326.0 316.0 289.0 254.0 258.0 256.0 214.0 105.0 96.0 71.0 67.0 70.0 74.0 86.0 60.0 61.0 68.0 96.0 87.0 38.0 31.0 31.0 28.0 223.10069444444395 291.2839179147264
2 9.0 6.0 5.0 4.0 2.0 2.0 1.0 0.0 0.0 0.0 0.0 0.0 0.0 0.0 0.0 0.0 0.0 0.0 0.0 0.0 0.0 0.0 0.0 0.0 0.0 0.0 0.0 0.0 0.0 0.0 0.0 0.0 0.0 0.0 0.0 0.0 0.0 0.0 0.0 0.0 0.0 0.0 0.0 0.0 0.0 0.0 0.0 0.0 0.0 0.0 0.0 0.0 0.0 0.0 0.0 0.0 0.0 0.0 0.0 0.0 0.0 0.0 0.0 0.0 0.0 0.0 0.0 0.0 0.0 0.0 0.0 0.0 0.0 0.0 0.0 0.0 0.0 0.0 0.0 0.0 0.0 0.0 0.0 0.0 0.0 0.0 0.0 0.0 0.0 0.0 0.0 0.0 0.0 0.0 0.0 0.0 0.0 0.0 0.0 0.0 0.0 0.0 0.0 0.0 0.0 0.0 0.0 0.0 0.0 0.0 0.0 0.0 0.0 0.0 0.0 0.0 0.0 0.0 0.0 0.0 0.0 0.0 0.0 1.0 2.0 4.0 7.0 9.0 11.0 13.0 18.0 22.0 26.0 30.0 31.0 29.0 26.0 16.0 38.0 58.0 50.0 42.0 51.0 91.0 114.0 114.0 132.0 143.0 107.0 113.0 163.0 195.0 207.0 160.0 230.0 260.0 224.0 174.0 154.0 241.0 181.0 406.0 551.0 606.0 482.0 585.0 242.0 282.0 528.0 546.0 679.0 616.0 543.0 458.0 532.0 308.0 168.0 139.0 203.0 312.0 323.0 668.0 680.0 496.0 592.0 457.0 597.0 643.0 712.0 702.0 704.0 472.0 615.0 591.0 727.0 694.0 867.0 818.0 692.0 809.0 586.0 577.0 479.0 780.0 441.0 850.0 711.0 771.0 800.0 817.0 300.0 665.0 798.0 249.0 450.0 455.0 356.0 746.0 641.0 807.0 814.0 790.0 845.0 822.0 791.0 804.0 807.0 825.0 842.0 838.0 788.0 768.0 474.0 715.0 576.0 818.0 800.0 569.0 775.0 748.0 674.0 664.0 658.0 647.0 460.0 453.0 574.0 622.0 597.0 572.0 563.0 532.0 507.0 489.0 482.0 471.0 460.0 427.0 404.0 338.0 314.0 295.0 351.0 250.0 298.0 225.0 312.0 287.0 263.0 238.0 224.0 220.0 207.0 190.0 177.0 163.0 147.0 134.0 125.0 115.0 100.0 91.0 80.0 68.0 55.0 42.0 34.0 26.0 234.97916666666646 290.5095959661779
3 13.0 9.0 7.0 5.0 3.0 2.0 1.0 0.0 0.0 0.0 0.0 0.0 0.0 0.0 0.0 0.0 0.0 0.0 0.0 0.0 0.0 0.0 0.0 0.0 0.0 0.0 0.0 0.0 0.0 0.0 0.0 0.0 0.0 0.0 0.0 0.0 0.0 0.0 0.0 0.0 0.0 0.0 0.0 0.0 0.0 0.0 0.0 0.0 0.0 0.0 0.0 0.0 0.0 0.0 0.0 0.0 0.0 0.0 0.0 0.0 0.0 0.0 0.0 0.0 0.0 0.0 0.0 0.0 0.0 0.0 0.0 0.0 0.0 0.0 0.0 0.0 0.0 0.0 0.0 0.0 0.0 0.0 0.0 0.0 0.0 0.0 0.0 0.0 0.0 0.0 0.0 0.0 0.0 0.0 0.0 0.0 0.0 0.0 0.0 0.0 0.0 0.0 0.0 0.0 0.0 0.0 0.0 0.0 0.0 0.0 0.0 0.0 0.0 0.0 0.0 0.0 0.0 0.0 0.0 0.0 0.0 0.0 0.0 1.0 1.0 1.0 3.0 4.0 6.0 10.0 11.0 24.0 31.0 36.0 37.0 38.0 31.0 31.0 22.0 24.0 38.0 51.0 37.0 30.0 41.0 42.0 41.0 45.0 64.0 55.0 72.0 97.0 130.0 158.0 143.0 94.0 113.0 100.0 60.0 70.0 73.0 50.0 65.0 66.0 59.0 70.0 88.0 105.0 211.0 249.0 210.0 221.0 256.0 294.0 361.0 703.0 531.0 543.0 544.0 414.0 507.0 599.0 590.0 601.0 777.0 479.0 380.0 500.0 532.0 895.0 721.0 320.0 537.0 336.0 442.0 378.0 854.0 291.0 294.0 292.0 195.0 443.0 904.0 882.0 785.0 397.0 603.0 355.0 211.0 190.0 548.0 920.0 380.0 476.0 912.0 696.0 366.0 860.0 860.0 514.0 579.0 851.0 788.0 804.0 423.0 356.0 357.0 687.0 705.0 799.0 811.0 485.0 614.0 720.0 708.0 693.0 692.0 673.0 642.0 654.0 647.0 637.0 636.0 625.0 599.0 575.0 570.0 567.0 553.0 206.0 290.0 154.0 224.0 479.0 367.0 445.0 172.0 268.0 398.0 385.0 364.0 340.0 325.0 324.0 306.0 289.0 278.0 265.0 245.0 232.0 223.0 208.0 192.0 182.0 172.0 158.0 143.0 129.0 118.0 106.0 93.0 80.0 68.0 56.0 45.0 32.0 20.0 17.0 193.10763888888823 263.2143153970654
4 29.0 18.0 11.0 6.0 4.0 2.0 1.0 0.0 0.0 0.0 0.0 0.0 0.0 0.0 0.0 0.0 0.0 0.0 0.0 0.0 0.0 0.0 0.0 0.0 0.0 0.0 0.0 0.0 0.0 0.0 0.0 0.0 0.0 0.0 0.0 0.0 0.0 0.0 0.0 0.0 0.0 0.0 0.0 0.0 0.0 0.0 0.0 0.0 0.0 0.0 0.0 0.0 0.0 0.0 0.0 0.0 0.0 0.0 0.0 0.0 0.0 0.0 0.0 0.0 0.0 0.0 0.0 0.0 0.0 0.0 0.0 0.0 0.0 0.0 0.0 0.0 0.0 0.0 0.0 0.0 0.0 0.0 0.0 0.0 0.0 0.0 0.0 0.0 0.0 0.0 0.0 0.0 0.0 0.0 0.0 0.0 0.0 0.0 0.0 0.0 0.0 0.0 0.0 0.0 0.0 0.0 0.0 0.0 0.0 0.0 0.0 0.0 0.0 0.0 0.0 0.0 0.0 0.0 0.0 0.0 0.0 0.0 1.0 2.0 2.0 1.0 2.0 3.0 5.0 6.0 6.0 6.0 7.0 11.0 19.0 20.0 21.0 15.0 11.0 13.0 14.0 21.0 18.0 11.0 13.0 17.0 15.0 16.0 19.0 21.0 25.0 41.0 70.0 132.0 138.0 145.0 151.0 78.0 72.0 77.0 76.0 81.0 106.0 158.0 257.0 252.0 191.0 138.0 161.0 234.0 244.0 233.0 230.0 239.0 188.0 154.0 172.0 186.0 207.0 245.0 292.0 371.0 352.0 428.0 421.0 800.0 441.0 652.0 753.0 726.0 928.0 745.0 489.0 446.0 312.0 409.0 296.0 285.0 402.0 284.0 425.0 188.0 457.0 755.0 940.0 392.0 485.0 261.0 191.0 376.0 740.0 356.0 531.0 440.0 250.0 677.0 777.0 242.0 570.0 956.0 814.0 648.0 612.0 665.0 970.0 969.0 580.0 820.0 501.0 852.0 933.0 744.0 257.0 318.0 391.0 761.0 815.0 704.0 473.0 220.0 437.0 653.0 629.0 567.0 629.0 609.0 605.0 558.0 547.0 547.0 539.0 525.0 507.0 492.0 472.0 453.0 435.0 423.0 421.0 406.0 395.0 382.0 368.0 349.0 331.0 319.0 304.0 290.0 272.0 253.0 241.0 227.0 213.0 200.0 184.0 167.0 143.0 131.0 118.0 106.0 99.0 88.0 74.0 60.0 46.0 35.0 27.0 20.0 186.98611111111177 257.41639111116916
5 -1.0 -1.0 -1.0 -1.0 -1.0 -1.0 -1.0 -1.0 -1.0 -1.0 -1.0 -1.0 -1.0 -1.0 -1.0 -1.0 -1.0 -1.0 -1.0 -1.0 -1.0 -1.0 -1.0 -1.0 -1.0 -1.0 -1.0 -1.0 -1.0 -1.0 -1.0 -1.0 -1.0 -1.0 -1.0 -1.0 -1.0 -1.0 -1.0 -1.0 -1.0 -1.0 -1.0 -1.0 -1.0 -1.0 -1.0 -1.0 -1.0 -1.0 -1.0 -1.0 -1.0 -1.0 -1.0 -1.0 -1.0 -1.0 -1.0 -1.0 -1.0 -1.0 -1.0 -1.0 -1.0 -1.0 -1.0 -1.0 -1.0 -1.0 -1.0 -1.0 -1.0 -1.0 -1.0 -1.0 -1.0 -1.0 -1.0 -1.0 -1.0 -1.0 -1.0 -1.0 -1.0 -1.0 -1.0 -1.0 -1.0 -1.0 -1.0 -1.0 -1.0 -1.0 -1.0 -1.0 -1.0 -1.0 -1.0 -1.0 -1.0 -1.0 -1.0 -1.0 -1.0 -1.0 -1.0 -1.0 -1.0 -1.0 -1.0 -1.0 -1.0 -1.0 -1.0 -1.0 -1.0 -1.0 -1.0 -1.0 -1.0 -1.0 -1.0 -1.0 -1.0 -1.0 -1.0 -1.0 -1.0 -1.0 -1.0 -1.0 -1.0 -1.0 -1.0 -1.0 -1.0 -1.0 -1.0 -1.0 -1.0 -1.0 -1.0 -1.0 -1.0 -1.0 -1.0 -1.0 -1.0 -1.0 -1.0 -1.0 -1.0 -1.0 -1.0 -1.0 -1.0 -1.0 -1.0 -1.0 -1.0 -1.0 -1.0 -1.0 -1.0 -1.0 -1.0 -1.0 -1.0 -1.0 -1.0 -1.0 -1.0 -1.0 -1.0 -1.0 -1.0 -1.0 -1.0 -1.0 -1.0 -1.0 -1.0 -1.0 -1.0 -1.0 -1.0 -1.0 -1.0 -1.0 -1.0 -1.0 -1.0 -1.0 -1.0 -1.0 -1.0 -1.0 -1.0 -1.0 -1.0 -1.0 -1.0 -1.0 -1.0 -1.0 -1.0 -1.0 -1.0 -1.0 -1.0 -1.0 -1.0 -1.0 -1.0 -1.0 -1.0 -1.0 -1.0 -1.0 -1.0 -1.0 -1.0 -1.0 -1.0 -1.0 -1.0 -1.0 -1.0 -1.0 -1.0 -1.0 -1.0 -1.0 -1.0 -1.0 -1.0 -1.0 -1.0 -1.0 -1.0 -1.0 -1.0 -1.0 -1.0 -1.0 -1.0 -1.0 -1.0 -1.0 -1.0 -1.0 -1.0 -1.0 -1.0 -1.0 -1.0 -1.0 -1.0 -1.0 -1.0 -1.0 -1.0 -1.0 -1.0 -1.0 -1.0 -1.0 -1.0 -1.0 -1.0 -1.0 -1.0 -1.0 -1.0 -1.0 -1.0 -1.0 -1.0 -1.0 -1.0 -1.0 -1.0 -1.0 -1.0 -1.0 -1.0 -1.0 -1.0 0.0
6 20.0 12.0 7.0 4.0 3.0 1.0 0.0 0.0 0.0 0.0 0.0 0.0 0.0 0.0 0.0 0.0 0.0 0.0 0.0 0.0 0.0 0.0 0.0 0.0 0.0 0.0 0.0 0.0 0.0 0.0 0.0 0.0 0.0 0.0 0.0 0.0 0.0 0.0 0.0 0.0 0.0 0.0 0.0 0.0 0.0 0.0 0.0 0.0 0.0 0.0 0.0 0.0 0.0 0.0 0.0 0.0 0.0 0.0 0.0 0.0 0.0 0.0 0.0 0.0 0.0 0.0 0.0 0.0 0.0 0.0 0.0 0.0 0.0 0.0 0.0 0.0 0.0 0.0 0.0 0.0 0.0 0.0 0.0 0.0 0.0 0.0 0.0 0.0 0.0 0.0 0.0 0.0 0.0 0.0 0.0 0.0 0.0 0.0 0.0 0.0 0.0 0.0 0.0 0.0 0.0 0.0 0.0 0.0 0.0 0.0 0.0 0.0 0.0 0.0 0.0 0.0 0.0 0.0 0.0 0.0 0.0 1.0 1.0 0.0 0.0 0.0 0.0 0.0 1.0 1.0 1.0 2.0 2.0 2.0 2.0 3.0 3.0 4.0 5.0 7.0 11.0 20.0 42.0 60.0 60.0 62.0 50.0 50.0 71.0 80.0 185.0 134.0 208.0 174.0 148.0 176.0 214.0 209.0 196.0 131.0 114.0 87.0 74.0 105.0 98.0 64.0 103.0 122.0 163.0 215.0 164.0 147.0 87.0 73.0 62.0 60.0 75.0 63.0 51.0 60.0 73.0 103.0 172.0 165.0 106.0 81.0 117.0 120.0 101.0 100.0 103.0 101.0 100.0 111.0 111.0 155.0 188.0 242.0 411.0 667.0 596.0 422.0 433.0 365.0 280.0 311.0 503.0 819.0 407.0 322.0 243.0 375.0 312.0 310.0 288.0 351.0 415.0 326.0 249.0 733.0 741.0 694.0 674.0 765.0 316.0 425.0 340.0 401.0 564.0 405.0 679.0 905.0 919.0 582.0 917.0 674.0 798.0 608.0 703.0 810.0 721.0 467.0 241.0 727.0 381.0 352.0 647.0 686.0 686.0 669.0 378.0 641.0 537.0 464.0 572.0 337.0 504.0 465.0 471.0 471.0 419.0 407.0 352.0 341.0 306.0 296.0 284.0 248.0 210.0 103.0 252.0 235.0 172.0 183.0 159.0 159.0 148.0 139.0 129.0 113.0 63.0 34.0 50.0 52.0 44.0 38.0 30.0 20.0 152.98611111111168 225.4514011959123
7 12.0 8.0 5.0 4.0 2.0 1.0 0.0 0.0 0.0 0.0 0.0 0.0 0.0 0.0 0.0 0.0 0.0 0.0 0.0 0.0 0.0 0.0 0.0 0.0 0.0 0.0 0.0 0.0 0.0 0.0 0.0 0.0 0.0 0.0 0.0 0.0 0.0 0.0 0.0 0.0 0.0 0.0 0.0 0.0 0.0 0.0 0.0 0.0 0.0 0.0 0.0 0.0 0.0 0.0 0.0 0.0 0.0 0.0 0.0 0.0 0.0 0.0 0.0 0.0 0.0 0.0 0.0 0.0 0.0 0.0 0.0 0.0 0.0 0.0 0.0 0.0 0.0 0.0 0.0 0.0 0.0 0.0 0.0 0.0 0.0 0.0 0.0 0.0 0.0 0.0 0.0 0.0 0.0 0.0 0.0 0.0 0.0 0.0 0.0 0.0 0.0 0.0 0.0 0.0 0.0 0.0 0.0 0.0 0.0 0.0 0.0 0.0 0.0 0.0 0.0 0.0 0.0 0.0 0.0 0.0 0.0 1.0 2.0 1.0 1.0 1.0 2.0 1.0 3.0 3.0 2.0 2.0 2.0 2.0 2.0 2.0 2.0 2.0 3.0 4.0 6.0 10.0 15.0 20.0 27.0 36.0 35.0 32.0 41.0 60.0 79.0 85.0 90.0 95.0 100.0 108.0 113.0 100.0 98.0 109.0 139.0 184.0 205.0 245.0 256.0 258.0 262.0 336.0 308.0 245.0 265.0 340.0 463.0 286.0 200.0 181.0 131.0 104.0 123.0 165.0 216.0 225.0 213.0 201.0 206.0 207.0 242.0 229.0 238.0 281.0 286.0 208.0 151.0 202.0 284.0 282.0 289.0 287.0 292.0 228.0 272.0 710.0 916.0 933.0 766.0 969.0 743.0 303.0 369.0 359.0 187.0 122.0 111.0 155.0 203.0 236.0 412.0 812.0 309.0 268.0 744.0 717.0 353.0 361.0 371.0 715.0 857.0 582.0 500.0 502.0 803.0 510.0 567.0 788.0 284.0 197.0 299.0 793.0 677.0 641.0 369.0 500.0 659.0 586.0 718.0 409.0 291.0 254.0 278.0 175.0 117.0 118.0 98.0 95.0 117.0 109.0 86.0 88.0 108.0 148.0 146.0 110.0 91.0 68.0 51.0 36.0 39.0 52.0 77.0 102.0 115.0 145.0 111.0 190.0 148.0 145.0 145.0 145.0 151.0 138.0 115.0 83.0 65.0 49.0 40.0 27.0 17.0 11.0 135.91319444444403 210.68587868404467
8 12.0 8.0 5.0 5.0 2.0 1.0 0.0 0.0 0.0 0.0 0.0 0.0 0.0 0.0 0.0 0.0 0.0 0.0 0.0 0.0 0.0 0.0 0.0 0.0 0.0 0.0 0.0 0.0 0.0 0.0 0.0 0.0 0.0 0.0 0.0 0.0 0.0 0.0 0.0 0.0 0.0 0.0 0.0 0.0 0.0 0.0 0.0 0.0 0.0 0.0 0.0 0.0 0.0 0.0 0.0 0.0 0.0 0.0 0.0 0.0 0.0 0.0 0.0 0.0 0.0 0.0 0.0 0.0 0.0 0.0 0.0 0.0 0.0 0.0 0.0 0.0 0.0 0.0 0.0 0.0 0.0 0.0 0.0 0.0 0.0 0.0 0.0 0.0 0.0 0.0 0.0 0.0 0.0 0.0 0.0 0.0 0.0 0.0 0.0 0.0 0.0 0.0 0.0 0.0 0.0 0.0 0.0 0.0 0.0 0.0 0.0 0.0 0.0 0.0 0.0 0.0 0.0 0.0 0.0 0.0 0.0 0.0 1.0 1.0 1.0 1.0 1.0 1.0 1.0 1.0 1.0 1.0 0.0 1.0 1.0 1.0 2.0 2.0 4.0 5.0 8.0 13.0 19.0 21.0 21.0 28.0 30.0 24.0 20.0 25.0 32.0 51.0 72.0 85.0 97.0 105.0 92.0 81.0 92.0 92.0 99.0 135.0 175.0 244.0 239.0 205.0 190.0 186.0 187.0 221.0 208.0 208.0 162.0 123.0 167.0 167.0 272.0 245.0 244.0 184.0 154.0 208.0 285.0 285.0 307.0 274.0 334.0 334.0 283.0 213.0 200.0 218.0 257.0 289.0 344.0 345.0 407.0 407.0 657.0 477.0 520.0 614.0 333.0 283.0 308.0 595.0 645.0 318.0 182.0 143.0 186.0 462.0 280.0 207.0 342.0 663.0 675.0 457.0 669.0 859.0 456.0 321.0 261.0 224.0 196.0 202.0 226.0 266.0 304.0 484.0 285.0 285.0 683.0 737.0 570.0 560.0 747.0 707.0 702.0 727.0 704.0 422.0 437.0 614.0 606.0 589.0 587.0 639.0 602.0 555.0 587.0 527.0 500.0 487.0 481.0 459.0 475.0 424.0 447.0 445.0 423.0 393.0 348.0 350.0 204.0 61.0 163.0 199.0 96.0 60.0 49.0 45.0 44.0 50.0 45.0 43.0 50.0 55.0 61.0 50.0 46.0 48.0 47.0 38.0 28.0 24.0 18.0 12.0 147.66319444444397 210.68250077289343
9 4.0 3.0 3.0 2.0 1.0 0.0 0.0 0.0 0.0 0.0 0.0 0.0 0.0 0.0 0.0 0.0 0.0 0.0 0.0 0.0 0.0 0.0 0.0 0.0 0.0 0.0 0.0 0.0 0.0 0.0 0.0 0.0 0.0 0.0 0.0 0.0 0.0 0.0 0.0 0.0 0.0 0.0 0.0 0.0 0.0 0.0 0.0 0.0 0.0 0.0 0.0 0.0 0.0 0.0 0.0 0.0 0.0 0.0 0.0 0.0 0.0 0.0 0.0 0.0 0.0 0.0 0.0 0.0 0.0 0.0 0.0 0.0 0.0 0.0 0.0 0.0 0.0 0.0 0.0 0.0 0.0 0.0 0.0 0.0 0.0 0.0 0.0 0.0 0.0 0.0 0.0 0.0 0.0 0.0 0.0 0.0 0.0 0.0 0.0 0.0 0.0 0.0 0.0 0.0 0.0 0.0 0.0 0.0 0.0 0.0 0.0 0.0 0.0 0.0 0.0 0.0 0.0 0.0 0.0 0.0 0.0 0.0 0.0 1.0 2.0 2.0 2.0 2.0 3.0 3.0 4.0 4.0 5.0 14.0 17.0 15.0 12.0 8.0 8.0 10.0 10.0 8.0 8.0 11.0 15.0 13.0 18.0 22.0 21.0 16.0 15.0 11.0 10.0 16.0 16.0 12.0 11.0 11.0 15.0 30.0 35.0 40.0 39.0 52.0 62.0 67.0 78.0 84.0 87.0 136.0 191.0 216.0 236.0 208.0 209.0 227.0 241.0 251.0 254.0 308.0 279.0 192.0 167.0 171.0 209.0 209.0 226.0 247.0 199.0 225.0 149.0 139.0 181.0 198.0 163.0 167.0 129.0 117.0 164.0 212.0 157.0 124.0 155.0 121.0 89.0 137.0 171.0 297.0 566.0 499.0 499.0 411.0 418.0 562.0 309.0 367.0 313.0 417.0 440.0 319.0 278.0 248.0 184.0 184.0 607.0 322.0 176.0 217.0 199.0 262.0 483.0 809.0 393.0 363.0 303.0 302.0 327.0 327.0 244.0 225.0 302.0 270.0 225.0 197.0 145.0 89.0 81.0 93.0 121.0 132.0 124.0 115.0 140.0 152.0 154.0 142.0 133.0 113.0 124.0 178.0 346.0 214.0 275.0 352.0 322.0 279.0 248.0 241.0 204.0 200.0 199.0 192.0 195.0 171.0 142.0 120.0 99.0 99.0 58.0 37.0 41.0 38.0 23.0 11.0 8.0 8.0 7.0 5.0 94.32638888888903 135.99940202067307
END
#################################################################
SECTION3 (Edges Information)
EndPoint0 EndPoint1 Weight
0 1 1.000000
1 2 1.000000
2 3 1.000000
3 4 1.000000
3 5 1.000000
4 5 1.000000
4 6 1.000000
5 6 1.000000
5 7 1.000000
6 7 1.000000
7 8 1.000000
7 9 1.000000
8 9 1.000000
END
#################################################################
SECTION4 (TrueSubGraph Information)
EndPoint0 EndPoint1 Weight
END
#################################################################
