#################################################################
#APDM Input Graph, this input graph includes 3 sections:
#section1 : general information
#section2 : nodes
#section3 : edges
#section4 : trueSubGraph (Optional)
#
#if nodes haven't information set weight to null
#################################################################
SECTION1 (General Information)
numNodes = 10
numEdges = 13
usedAlgorithm = NULL
dataSource = TransWeatherRealData
END
#################################################################
SECTION2 (Nodes Information)
NodeID rad  mean  std 
0 1.0 1.0 0.0 0.0 0.0 0.0 0.0 0.0 0.0 0.0 0.0 0.0 0.0 0.0 0.0 0.0 0.0 0.0 0.0 0.0 0.0 0.0 0.0 0.0 0.0 0.0 0.0 0.0 0.0 0.0 0.0 0.0 0.0 0.0 0.0 0.0 0.0 0.0 0.0 0.0 0.0 0.0 0.0 0.0 0.0 0.0 0.0 0.0 0.0 0.0 0.0 0.0 0.0 0.0 0.0 0.0 0.0 0.0 0.0 0.0 0.0 0.0 0.0 0.0 0.0 0.0 0.0 0.0 0.0 0.0 0.0 0.0 0.0 0.0 0.0 0.0 0.0 0.0 0.0 0.0 0.0 0.0 0.0 0.0 0.0 0.0 0.0 0.0 0.0 0.0 0.0 0.0 0.0 0.0 0.0 0.0 0.0 0.0 0.0 0.0 0.0 0.0 0.0 0.0 0.0 0.0 0.0 0.0 0.0 0.0 0.0 0.0 0.0 0.0 0.0 0.0 0.0 0.0 0.0 0.0 0.0 0.0 0.0 0.0 0.0 1.0 1.0 3.0 3.0 4.0 6.0 7.0 9.0 11.0 13.0 17.0 22.0 27.0 31.0 48.0 46.0 56.0 144.0 114.0 153.0 137.0 129.0 117.0 175.0 135.0 115.0 114.0 137.0 157.0 145.0 132.0 126.0 122.0 140.0 150.0 150.0 159.0 166.0 187.0 223.0 234.0 228.0 291.0 268.0 326.0 304.0 355.0 362.0 296.0 298.0 334.0 368.0 390.0 308.0 283.0 251.0 232.0 343.0 332.0 397.0 379.0 528.0 357.0 310.0 672.0 726.0 842.0 1013.0 1092.0 927.0 745.0 816.0 537.0 848.0 896.0 903.0 654.0 845.0 894.0 929.0 887.0 864.0 597.0 538.0 486.0 564.0 425.0 592.0 513.0 569.0 691.0 731.0 919.0 856.0 874.0 872.0 845.0 848.0 904.0 873.0 890.0 892.0 865.0 842.0 415.0 654.0 343.0 413.0 236.0 186.0 142.0 142.0 161.0 296.0 229.0 234.0 545.0 418.0 533.0 236.0 540.0 610.0 574.0 561.0 424.0 109.0 122.0 175.0 228.0 155.0 126.0 119.0 153.0 138.0 118.0 100.0 88.0 83.0 98.0 115.0 111.0 91.0 89.0 50.0 45.0 48.0 39.0 41.0 52.0 51.0 39.0 28.0 28.0 52.0 71.0 61.0 49.0 47.0 32.0 23.0 9.0 7.0 9.0 186.024305555556 279.79145313412056
1 0.0 0.0 0.0 0.0 0.0 0.0 0.0 0.0 0.0 0.0 0.0 0.0 0.0 0.0 0.0 0.0 0.0 0.0 0.0 0.0 0.0 0.0 0.0 0.0 0.0 0.0 0.0 0.0 0.0 0.0 0.0 0.0 0.0 0.0 0.0 0.0 0.0 0.0 0.0 0.0 0.0 0.0 0.0 0.0 0.0 0.0 0.0 0.0 0.0 0.0 0.0 0.0 0.0 0.0 0.0 0.0 0.0 0.0 0.0 0.0 0.0 0.0 0.0 0.0 0.0 0.0 0.0 0.0 0.0 0.0 0.0 0.0 0.0 0.0 0.0 0.0 0.0 0.0 0.0 0.0 0.0 0.0 0.0 0.0 0.0 0.0 0.0 0.0 0.0 0.0 0.0 0.0 0.0 0.0 0.0 0.0 0.0 0.0 0.0 0.0 0.0 0.0 0.0 0.0 0.0 0.0 0.0 0.0 0.0 0.0 0.0 0.0 0.0 0.0 0.0 0.0 0.0 0.0 0.0 0.0 0.0 0.0 0.0 1.0 1.0 2.0 3.0 6.0 9.0 12.0 12.0 10.0 13.0 23.0 36.0 50.0 56.0 53.0 49.0 53.0 43.0 55.0 55.0 59.0 64.0 66.0 77.0 84.0 72.0 55.0 78.0 94.0 79.0 63.0 57.0 51.0 47.0 52.0 53.0 56.0 59.0 63.0 68.0 78.0 94.0 126.0 142.0 122.0 105.0 94.0 84.0 97.0 104.0 87.0 91.0 104.0 137.0 190.0 214.0 193.0 139.0 146.0 147.0 148.0 197.0 263.0 300.0 284.0 278.0 249.0 238.0 286.0 250.0 288.0 254.0 236.0 243.0 254.0 252.0 267.0 254.0 258.0 222.0 173.0 184.0 190.0 186.0 176.0 223.0 245.0 208.0 243.0 332.0 836.0 862.0 873.0 320.0 200.0 213.0 210.0 231.0 241.0 238.0 204.0 224.0 231.0 283.0 347.0 369.0 289.0 584.0 378.0 337.0 407.0 495.0 387.0 299.0 238.0 216.0 244.0 287.0 270.0 251.0 197.0 136.0 137.0 115.0 96.0 99.0 121.0 158.0 107.0 41.0 21.0 15.0 17.0 20.0 26.0 36.0 45.0 76.0 125.0 166.0 150.0 190.0 227.0 143.0 78.0 54.0 42.0 50.0 59.0 44.0 90.0 79.0 41.0 64.0 65.0 58.0 60.0 51.0 32.0 19.0 11.0 10.0 5.0 9.0 12.0 88.45486111111097 134.16562925670732
2 0.0 0.0 0.0 0.0 0.0 0.0 0.0 0.0 0.0 0.0 0.0 0.0 0.0 0.0 0.0 0.0 0.0 0.0 0.0 0.0 0.0 0.0 0.0 0.0 0.0 0.0 0.0 0.0 0.0 0.0 0.0 0.0 0.0 0.0 0.0 0.0 0.0 0.0 0.0 0.0 0.0 0.0 0.0 0.0 0.0 0.0 0.0 0.0 0.0 0.0 0.0 0.0 0.0 0.0 0.0 0.0 0.0 0.0 0.0 0.0 0.0 0.0 0.0 0.0 0.0 0.0 0.0 0.0 0.0 0.0 0.0 0.0 0.0 0.0 0.0 0.0 0.0 0.0 0.0 0.0 0.0 0.0 0.0 0.0 0.0 0.0 0.0 0.0 0.0 0.0 0.0 0.0 0.0 0.0 0.0 0.0 0.0 0.0 0.0 0.0 0.0 0.0 0.0 0.0 0.0 0.0 0.0 0.0 0.0 0.0 0.0 0.0 0.0 0.0 0.0 0.0 0.0 0.0 0.0 0.0 0.0 0.0 0.0 1.0 1.0 2.0 4.0 6.0 9.0 12.0 17.0 19.0 16.0 16.0 19.0 26.0 22.0 21.0 22.0 21.0 28.0 34.0 29.0 34.0 40.0 50.0 57.0 78.0 98.0 77.0 83.0 118.0 113.0 136.0 125.0 91.0 96.0 112.0 115.0 97.0 86.0 85.0 85.0 80.0 68.0 61.0 83.0 97.0 95.0 95.0 88.0 75.0 81.0 93.0 132.0 135.0 113.0 141.0 178.0 193.0 189.0 145.0 131.0 139.0 164.0 214.0 263.0 261.0 301.0 441.0 638.0 540.0 419.0 384.0 341.0 332.0 363.0 439.0 469.0 430.0 435.0 449.0 349.0 289.0 251.0 249.0 270.0 269.0 259.0 269.0 294.0 332.0 392.0 401.0 373.0 337.0 338.0 411.0 382.0 402.0 396.0 286.0 237.0 200.0 169.0 152.0 156.0 202.0 219.0 225.0 280.0 393.0 359.0 422.0 512.0 383.0 755.0 679.0 701.0 732.0 710.0 475.0 168.0 105.0 53.0 35.0 25.0 22.0 25.0 31.0 43.0 49.0 53.0 49.0 47.0 75.0 100.0 116.0 116.0 100.0 67.0 56.0 47.0 38.0 51.0 76.0 83.0 124.0 138.0 121.0 87.0 71.0 67.0 58.0 55.0 67.0 75.0 81.0 89.0 111.0 98.0 71.0 59.0 51.0 43.0 22.0 13.0 7.0 100.84722222222199 155.5908294031099
3 0.0 0.0 0.0 0.0 0.0 0.0 0.0 0.0 0.0 0.0 0.0 0.0 0.0 0.0 0.0 0.0 0.0 0.0 0.0 0.0 0.0 0.0 0.0 0.0 0.0 0.0 0.0 0.0 0.0 0.0 0.0 0.0 0.0 0.0 0.0 0.0 0.0 0.0 0.0 0.0 0.0 0.0 0.0 0.0 0.0 0.0 0.0 0.0 0.0 0.0 0.0 0.0 0.0 0.0 0.0 0.0 0.0 0.0 0.0 0.0 0.0 0.0 0.0 0.0 0.0 0.0 0.0 0.0 0.0 0.0 0.0 0.0 0.0 0.0 0.0 0.0 0.0 0.0 0.0 0.0 0.0 0.0 0.0 0.0 0.0 0.0 0.0 0.0 0.0 0.0 0.0 0.0 0.0 0.0 0.0 0.0 0.0 0.0 0.0 0.0 0.0 0.0 0.0 0.0 0.0 0.0 0.0 0.0 0.0 0.0 0.0 0.0 0.0 0.0 0.0 0.0 0.0 0.0 0.0 0.0 0.0 0.0 0.0 1.0 1.0 4.0 8.0 11.0 17.0 19.0 19.0 21.0 26.0 32.0 40.0 37.0 34.0 36.0 46.0 40.0 36.0 34.0 34.0 35.0 36.0 49.0 52.0 52.0 49.0 45.0 73.0 94.0 97.0 121.0 121.0 137.0 225.0 249.0 178.0 178.0 172.0 148.0 120.0 120.0 150.0 170.0 146.0 140.0 149.0 148.0 146.0 133.0 128.0 114.0 120.0 137.0 126.0 149.0 202.0 209.0 205.0 211.0 152.0 151.0 237.0 230.0 214.0 176.0 160.0 172.0 224.0 293.0 349.0 274.0 258.0 322.0 660.0 723.0 478.0 422.0 512.0 503.0 524.0 527.0 429.0 323.0 351.0 376.0 437.0 556.0 728.0 781.0 767.0 754.0 596.0 516.0 710.0 1058.0 590.0 439.0 303.0 220.0 262.0 300.0 257.0 211.0 169.0 145.0 146.0 149.0 145.0 175.0 170.0 131.0 77.0 89.0 167.0 317.0 685.0 358.0 268.0 240.0 210.0 163.0 132.0 105.0 87.0 85.0 78.0 68.0 82.0 73.0 52.0 53.0 52.0 65.0 66.0 73.0 101.0 86.0 53.0 45.0 48.0 61.0 98.0 109.0 98.0 86.0 68.0 54.0 79.0 125.0 106.0 64.0 45.0 56.0 57.0 52.0 53.0 41.0 72.0 75.0 56.0 36.0 24.0 15.0 11.0 10.0 107.340277777778 173.27694950336254
4 0.0 0.0 0.0 0.0 0.0 0.0 0.0 0.0 0.0 0.0 0.0 0.0 0.0 0.0 0.0 0.0 0.0 0.0 0.0 0.0 0.0 0.0 0.0 0.0 0.0 0.0 0.0 0.0 0.0 0.0 0.0 0.0 0.0 0.0 0.0 0.0 0.0 0.0 0.0 0.0 0.0 0.0 0.0 0.0 0.0 0.0 0.0 0.0 0.0 0.0 0.0 0.0 0.0 0.0 0.0 0.0 0.0 0.0 0.0 0.0 0.0 0.0 0.0 0.0 0.0 0.0 0.0 0.0 0.0 0.0 0.0 0.0 0.0 0.0 0.0 0.0 0.0 0.0 0.0 0.0 0.0 0.0 0.0 0.0 0.0 0.0 0.0 0.0 0.0 0.0 0.0 0.0 0.0 0.0 0.0 0.0 0.0 0.0 0.0 0.0 0.0 0.0 0.0 0.0 0.0 0.0 0.0 0.0 0.0 0.0 0.0 0.0 0.0 0.0 0.0 0.0 0.0 0.0 0.0 0.0 0.0 0.0 1.0 1.0 1.0 4.0 7.0 10.0 16.0 23.0 29.0 34.0 45.0 45.0 43.0 48.0 58.0 57.0 54.0 58.0 65.0 80.0 92.0 97.0 109.0 137.0 141.0 111.0 88.0 69.0 68.0 83.0 100.0 127.0 155.0 178.0 198.0 214.0 340.0 407.0 338.0 235.0 192.0 160.0 162.0 187.0 202.0 298.0 341.0 228.0 203.0 192.0 180.0 186.0 160.0 153.0 164.0 184.0 226.0 229.0 251.0 284.0 280.0 377.0 491.0 507.0 464.0 591.0 761.0 333.0 237.0 252.0 244.0 287.0 314.0 378.0 418.0 287.0 197.0 527.0 763.0 555.0 333.0 433.0 446.0 380.0 384.0 568.0 677.0 415.0 262.0 190.0 203.0 312.0 539.0 747.0 398.0 631.0 567.0 212.0 354.0 706.0 439.0 422.0 314.0 312.0 298.0 288.0 268.0 572.0 418.0 312.0 235.0 248.0 210.0 227.0 156.0 161.0 189.0 196.0 243.0 188.0 191.0 209.0 248.0 295.0 221.0 192.0 142.0 186.0 293.0 302.0 181.0 190.0 127.0 79.0 46.0 78.0 97.0 90.0 78.0 77.0 76.0 95.0 95.0 82.0 85.0 79.0 89.0 99.0 81.0 67.0 36.0 22.0 22.0 39.0 78.0 82.0 65.0 48.0 35.0 29.0 17.0 23.0 26.0 25.0 18.0 11.0 123.64583333333324 169.18482435177438
5 1.0 0.0 0.0 0.0 0.0 0.0 0.0 0.0 0.0 0.0 0.0 0.0 0.0 0.0 0.0 0.0 0.0 0.0 0.0 0.0 0.0 0.0 0.0 0.0 0.0 0.0 0.0 0.0 0.0 0.0 0.0 0.0 0.0 0.0 0.0 0.0 0.0 0.0 0.0 0.0 0.0 0.0 0.0 0.0 0.0 0.0 0.0 0.0 0.0 0.0 0.0 0.0 0.0 0.0 0.0 0.0 0.0 0.0 0.0 0.0 0.0 0.0 0.0 0.0 0.0 0.0 0.0 0.0 0.0 0.0 0.0 0.0 0.0 0.0 0.0 0.0 0.0 0.0 0.0 0.0 0.0 0.0 0.0 0.0 0.0 0.0 0.0 0.0 0.0 0.0 0.0 0.0 0.0 0.0 0.0 0.0 0.0 0.0 0.0 0.0 0.0 0.0 0.0 0.0 0.0 0.0 0.0 0.0 0.0 0.0 0.0 0.0 0.0 0.0 0.0 0.0 0.0 0.0 0.0 0.0 0.0 0.0 0.0 0.0 1.0 3.0 5.0 9.0 13.0 16.0 22.0 27.0 25.0 20.0 25.0 38.0 55.0 64.0 67.0 86.0 72.0 72.0 74.0 75.0 86.0 79.0 56.0 55.0 55.0 59.0 104.0 104.0 98.0 156.0 155.0 133.0 163.0 173.0 191.0 196.0 148.0 174.0 167.0 121.0 103.0 115.0 121.0 156.0 190.0 202.0 186.0 198.0 243.0 270.0 245.0 179.0 196.0 231.0 256.0 190.0 138.0 166.0 264.0 292.0 277.0 297.0 363.0 328.0 257.0 209.0 196.0 260.0 225.0 294.0 337.0 304.0 360.0 361.0 440.0 552.0 440.0 449.0 604.0 385.0 296.0 247.0 202.0 202.0 218.0 161.0 118.0 97.0 107.0 122.0 167.0 211.0 236.0 215.0 232.0 281.0 265.0 252.0 271.0 314.0 362.0 398.0 434.0 458.0 298.0 290.0 347.0 417.0 314.0 477.0 466.0 331.0 277.0 269.0 254.0 222.0 186.0 176.0 192.0 216.0 166.0 139.0 159.0 128.0 127.0 113.0 95.0 140.0 281.0 191.0 124.0 98.0 114.0 147.0 183.0 255.0 329.0 198.0 133.0 155.0 109.0 122.0 112.0 81.0 47.0 30.0 24.0 19.0 15.0 13.0 14.0 18.0 30.0 38.0 37.0 32.0 28.0 24.0 21.0 17.0 12.0 7.0 4.0 2.0 100.17708333333314 129.5841374227679
6 0.0 0.0 0.0 0.0 0.0 0.0 0.0 0.0 0.0 0.0 0.0 0.0 0.0 0.0 0.0 0.0 0.0 0.0 0.0 0.0 0.0 0.0 0.0 0.0 0.0 0.0 0.0 0.0 0.0 0.0 0.0 0.0 0.0 0.0 0.0 0.0 0.0 0.0 0.0 0.0 0.0 0.0 0.0 0.0 0.0 0.0 0.0 0.0 0.0 0.0 0.0 0.0 0.0 0.0 0.0 0.0 0.0 0.0 0.0 0.0 0.0 0.0 0.0 0.0 0.0 0.0 0.0 0.0 0.0 0.0 0.0 0.0 0.0 0.0 0.0 0.0 0.0 0.0 0.0 0.0 0.0 0.0 0.0 0.0 0.0 0.0 0.0 0.0 0.0 0.0 0.0 0.0 0.0 0.0 0.0 0.0 0.0 0.0 0.0 0.0 0.0 0.0 0.0 0.0 0.0 0.0 0.0 0.0 0.0 0.0 0.0 0.0 0.0 0.0 0.0 0.0 0.0 0.0 0.0 0.0 0.0 0.0 0.0 1.0 2.0 2.0 2.0 2.0 2.0 5.0 8.0 11.0 16.0 23.0 37.0 61.0 90.0 113.0 108.0 98.0 126.0 196.0 180.0 169.0 186.0 198.0 198.0 154.0 108.0 98.0 98.0 106.0 122.0 143.0 152.0 174.0 173.0 169.0 157.0 177.0 176.0 133.0 131.0 165.0 189.0 313.0 407.0 524.0 365.0 462.0 253.0 200.0 266.0 380.0 366.0 368.0 266.0 203.0 222.0 217.0 279.0 295.0 244.0 254.0 342.0 312.0 303.0 290.0 295.0 291.0 294.0 344.0 376.0 390.0 442.0 341.0 250.0 194.0 202.0 263.0 361.0 532.0 635.0 505.0 604.0 567.0 498.0 704.0 643.0 720.0 784.0 529.0 339.0 329.0 237.0 215.0 160.0 140.0 161.0 171.0 201.0 113.0 147.0 254.0 393.0 533.0 417.0 362.0 241.0 198.0 155.0 364.0 996.0 882.0 888.0 528.0 705.0 731.0 583.0 574.0 390.0 484.0 318.0 299.0 308.0 296.0 241.0 197.0 186.0 161.0 165.0 286.0 300.0 259.0 198.0 191.0 210.0 165.0 135.0 132.0 168.0 306.0 247.0 165.0 199.0 146.0 109.0 69.0 57.0 74.0 74.0 83.0 66.0 38.0 29.0 29.0 16.0 13.0 8.0 9.0 8.0 8.0 8.0 11.0 9.0 6.0 3.0 2.0 139.7638888888887 193.19640260792292
7 0.0 0.0 0.0 0.0 0.0 0.0 0.0 0.0 0.0 0.0 0.0 0.0 0.0 0.0 0.0 0.0 0.0 0.0 0.0 0.0 0.0 0.0 0.0 0.0 0.0 0.0 0.0 0.0 0.0 0.0 0.0 0.0 0.0 0.0 0.0 0.0 0.0 0.0 0.0 0.0 0.0 0.0 0.0 0.0 0.0 0.0 0.0 0.0 0.0 0.0 0.0 0.0 0.0 0.0 0.0 0.0 0.0 0.0 0.0 0.0 0.0 0.0 0.0 0.0 0.0 0.0 0.0 0.0 0.0 0.0 0.0 0.0 0.0 0.0 0.0 0.0 0.0 0.0 0.0 0.0 0.0 0.0 0.0 0.0 0.0 0.0 0.0 0.0 0.0 0.0 0.0 0.0 0.0 0.0 0.0 0.0 0.0 0.0 0.0 0.0 0.0 0.0 0.0 0.0 0.0 0.0 0.0 0.0 0.0 0.0 0.0 0.0 0.0 0.0 0.0 0.0 0.0 0.0 0.0 0.0 0.0 0.0 0.0 0.0 1.0 2.0 3.0 4.0 6.0 7.0 7.0 6.0 7.0 8.0 11.0 15.0 23.0 32.0 38.0 39.0 44.0 58.0 67.0 67.0 56.0 70.0 92.0 87.0 93.0 139.0 140.0 127.0 115.0 74.0 72.0 114.0 114.0 85.0 81.0 67.0 65.0 68.0 104.0 174.0 325.0 491.0 357.0 308.0 283.0 273.0 293.0 328.0 299.0 332.0 481.0 581.0 437.0 406.0 366.0 337.0 341.0 427.0 438.0 437.0 332.0 238.0 249.0 279.0 287.0 298.0 467.0 366.0 355.0 319.0 328.0 277.0 271.0 239.0 226.0 237.0 233.0 229.0 190.0 172.0 146.0 142.0 204.0 282.0 291.0 317.0 340.0 413.0 370.0 275.0 234.0 207.0 177.0 154.0 143.0 169.0 222.0 240.0 275.0 474.0 576.0 528.0 407.0 382.0 259.0 226.0 370.0 329.0 290.0 198.0 127.0 144.0 166.0 166.0 162.0 134.0 153.0 156.0 162.0 176.0 162.0 122.0 95.0 92.0 90.0 114.0 136.0 175.0 279.0 370.0 250.0 233.0 195.0 203.0 178.0 161.0 166.0 144.0 122.0 134.0 144.0 121.0 93.0 80.0 80.0 73.0 61.0 45.0 49.0 47.0 39.0 35.0 32.0 27.0 25.0 18.0 15.0 13.0 9.0 8.0 8.0 7.0 3.0 3.0 104.70833333333316 139.09262323977225
8 0.0 0.0 0.0 0.0 0.0 0.0 0.0 0.0 0.0 0.0 0.0 0.0 0.0 0.0 0.0 0.0 0.0 0.0 0.0 0.0 0.0 0.0 0.0 0.0 0.0 0.0 0.0 0.0 0.0 0.0 0.0 0.0 0.0 0.0 0.0 0.0 0.0 0.0 0.0 0.0 0.0 0.0 0.0 0.0 0.0 0.0 0.0 0.0 0.0 0.0 0.0 0.0 0.0 0.0 0.0 0.0 0.0 0.0 0.0 0.0 0.0 0.0 0.0 0.0 0.0 0.0 0.0 0.0 0.0 0.0 0.0 0.0 0.0 0.0 0.0 0.0 0.0 0.0 0.0 0.0 0.0 0.0 0.0 0.0 0.0 0.0 0.0 0.0 0.0 0.0 0.0 0.0 0.0 0.0 0.0 0.0 0.0 0.0 0.0 0.0 0.0 0.0 0.0 0.0 0.0 0.0 0.0 0.0 0.0 0.0 0.0 0.0 0.0 0.0 0.0 0.0 0.0 0.0 0.0 0.0 0.0 0.0 0.0 1.0 2.0 3.0 4.0 5.0 7.0 9.0 11.0 15.0 19.0 22.0 27.0 31.0 43.0 44.0 43.0 36.0 28.0 33.0 34.0 42.0 80.0 120.0 134.0 127.0 102.0 101.0 114.0 134.0 153.0 164.0 156.0 166.0 175.0 154.0 194.0 227.0 165.0 155.0 169.0 239.0 327.0 391.0 378.0 509.0 646.0 370.0 286.0 326.0 459.0 491.0 449.0 451.0 460.0 365.0 347.0 331.0 329.0 335.0 338.0 336.0 587.0 772.0 735.0 794.0 698.0 474.0 643.0 479.0 389.0 341.0 386.0 462.0 403.0 393.0 400.0 560.0 453.0 446.0 491.0 449.0 446.0 521.0 428.0 279.0 244.0 229.0 301.0 384.0 392.0 420.0 400.0 426.0 401.0 351.0 356.0 358.0 372.0 338.0 383.0 385.0 399.0 393.0 386.0 454.0 615.0 587.0 461.0 415.0 404.0 320.0 294.0 266.0 294.0 278.0 278.0 266.0 226.0 179.0 162.0 162.0 136.0 139.0 126.0 108.0 119.0 149.0 164.0 148.0 175.0 185.0 186.0 180.0 158.0 135.0 127.0 125.0 121.0 123.0 117.0 124.0 117.0 111.0 95.0 81.0 69.0 63.0 63.0 56.0 44.0 42.0 36.0 30.0 32.0 33.0 32.0 27.0 23.0 16.0 9.0 5.0 4.0 3.0 1.0 1.0 138.39583333333343 186.42363874687058
9 0.0 0.0 0.0 0.0 0.0 0.0 0.0 0.0 0.0 0.0 0.0 0.0 0.0 0.0 0.0 0.0 0.0 0.0 0.0 0.0 0.0 0.0 0.0 0.0 0.0 0.0 0.0 0.0 0.0 0.0 0.0 0.0 0.0 0.0 0.0 0.0 0.0 0.0 0.0 0.0 0.0 0.0 0.0 0.0 0.0 0.0 0.0 0.0 0.0 0.0 0.0 0.0 0.0 0.0 0.0 0.0 0.0 0.0 0.0 0.0 0.0 0.0 0.0 0.0 0.0 0.0 0.0 0.0 0.0 0.0 0.0 0.0 0.0 0.0 0.0 0.0 0.0 0.0 0.0 0.0 0.0 0.0 0.0 0.0 0.0 0.0 0.0 0.0 0.0 0.0 0.0 0.0 0.0 0.0 0.0 0.0 0.0 0.0 0.0 0.0 0.0 0.0 0.0 0.0 0.0 0.0 0.0 0.0 0.0 0.0 0.0 0.0 0.0 0.0 0.0 0.0 0.0 0.0 0.0 0.0 1.0 1.0 2.0 5.0 9.0 13.0 13.0 7.0 14.0 32.0 38.0 26.0 14.0 14.0 20.0 28.0 31.0 42.0 41.0 30.0 35.0 37.0 32.0 39.0 39.0 30.0 27.0 31.0 55.0 84.0 80.0 67.0 60.0 42.0 41.0 38.0 37.0 43.0 34.0 32.0 42.0 85.0 124.0 160.0 227.0 277.0 297.0 286.0 280.0 266.0 436.0 336.0 315.0 269.0 269.0 275.0 332.0 546.0 218.0 150.0 206.0 179.0 481.0 407.0 407.0 224.0 151.0 124.0 171.0 201.0 176.0 124.0 80.0 78.0 115.0 281.0 818.0 829.0 816.0 816.0 190.0 180.0 266.0 266.0 345.0 332.0 367.0 312.0 438.0 638.0 391.0 266.0 140.0 113.0 104.0 95.0 101.0 146.0 191.0 169.0 174.0 183.0 226.0 292.0 479.0 358.0 343.0 277.0 210.0 155.0 100.0 65.0 63.0 54.0 61.0 94.0 164.0 227.0 275.0 242.0 163.0 109.0 88.0 87.0 116.0 164.0 179.0 161.0 98.0 63.0 60.0 80.0 81.0 92.0 95.0 136.0 158.0 157.0 155.0 156.0 159.0 184.0 178.0 151.0 119.0 94.0 86.0 80.0 64.0 55.0 55.0 51.0 45.0 39.0 35.0 30.0 24.0 24.0 16.0 15.0 15.0 9.0 6.0 4.0 2.0 1.0 2.0 1.0 90.875 145.849374594773
END
#################################################################
SECTION3 (Edges Information)
EndPoint0 EndPoint1 Weight
0 1 1.000000
1 2 1.000000
2 3 1.000000
3 4 1.000000
3 5 1.000000
4 5 1.000000
4 6 1.000000
5 6 1.000000
5 7 1.000000
6 7 1.000000
7 8 1.000000
7 9 1.000000
8 9 1.000000
END
#################################################################
SECTION4 (TrueSubGraph Information)
EndPoint0 EndPoint1 Weight
END
#################################################################
