#################################################################
#APDM Input Graph, this input graph includes 3 sections:
#section1 : general information
#section2 : nodes
#section3 : edges
#section4 : trueSubGraph (Optional)
#
#if nodes haven't information set weight to null
#################################################################
SECTION1 (General Information)
numNodes = 10
numEdges = 13
usedAlgorithm = NULL
dataSource = TransWeatherRealData
END
#################################################################
SECTION2 (Nodes Information)
NodeID rad  mean  std 
0 25.0 20.0 15.0 10.0 8.0 6.0 4.0 3.0 2.0 2.0 1.0 0.0 0.0 0.0 0.0 0.0 0.0 0.0 0.0 0.0 0.0 0.0 0.0 0.0 0.0 0.0 0.0 0.0 0.0 0.0 0.0 0.0 0.0 0.0 0.0 0.0 0.0 0.0 0.0 0.0 0.0 0.0 0.0 0.0 0.0 0.0 0.0 0.0 0.0 0.0 0.0 0.0 0.0 0.0 0.0 0.0 0.0 0.0 0.0 0.0 0.0 0.0 0.0 0.0 0.0 0.0 0.0 0.0 0.0 0.0 0.0 0.0 0.0 0.0 0.0 0.0 0.0 0.0 0.0 0.0 0.0 0.0 0.0 0.0 0.0 0.0 0.0 0.0 0.0 0.0 0.0 0.0 0.0 0.0 0.0 0.0 0.0 0.0 0.0 0.0 0.0 0.0 0.0 0.0 0.0 0.0 0.0 0.0 0.0 0.0 0.0 0.0 0.0 0.0 0.0 0.0 0.0 0.0 1.0 1.0 2.0 3.0 4.0 8.0 15.0 21.0 34.0 42.0 59.0 61.0 62.0 59.0 63.0 71.0 60.0 94.0 75.0 88.0 91.0 97.0 121.0 184.0 204.0 187.0 181.0 157.0 184.0 182.0 160.0 132.0 111.0 111.0 153.0 153.0 155.0 179.0 282.0 464.0 287.0 273.0 295.0 284.0 307.0 330.0 283.0 279.0 224.0 181.0 168.0 139.0 131.0 137.0 139.0 168.0 208.0 263.0 342.0 440.0 498.0 478.0 540.0 745.0 779.0 456.0 608.0 764.0 768.0 768.0 776.0 790.0 733.0 340.0 892.0 834.0 737.0 870.0 1014.0 891.0 702.0 908.0 892.0 921.0 917.0 980.0 336.0 283.0 312.0 798.0 283.0 295.0 431.0 278.0 261.0 296.0 353.0 673.0 745.0 895.0 828.0 808.0 881.0 857.0 943.0 276.0 249.0 295.0 336.0 347.0 303.0 384.0 640.0 880.0 806.0 701.0 742.0 701.0 473.0 795.0 489.0 337.0 792.0 672.0 615.0 711.0 332.0 521.0 651.0 604.0 607.0 618.0 529.0 485.0 385.0 320.0 298.0 365.0 413.0 466.0 465.0 444.0 475.0 437.0 390.0 345.0 350.0 270.0 262.0 288.0 335.0 296.0 219.0 201.0 161.0 241.0 97.0 139.0 87.0 70.0 106.0 71.0 70.0 133.0 76.0 45.0 59.0 49.0 67.0 38.0 221.75694444444395 283.7626909231886
1 19.0 15.0 10.0 7.0 5.0 4.0 3.0 2.0 3.0 1.0 0.0 0.0 0.0 0.0 0.0 0.0 0.0 0.0 0.0 0.0 0.0 0.0 0.0 0.0 0.0 0.0 0.0 0.0 0.0 0.0 0.0 0.0 0.0 0.0 0.0 0.0 0.0 0.0 0.0 0.0 0.0 0.0 0.0 0.0 0.0 0.0 0.0 0.0 0.0 0.0 0.0 0.0 0.0 0.0 0.0 0.0 0.0 0.0 0.0 0.0 0.0 0.0 0.0 0.0 0.0 0.0 0.0 0.0 0.0 0.0 0.0 0.0 0.0 0.0 0.0 0.0 0.0 0.0 0.0 0.0 0.0 0.0 0.0 0.0 0.0 0.0 0.0 0.0 0.0 0.0 0.0 0.0 0.0 0.0 0.0 0.0 0.0 0.0 0.0 0.0 0.0 0.0 0.0 0.0 0.0 0.0 0.0 0.0 0.0 0.0 0.0 0.0 0.0 0.0 0.0 0.0 0.0 0.0 1.0 2.0 3.0 5.0 8.0 11.0 18.0 24.0 32.0 42.0 53.0 66.0 77.0 70.0 32.0 47.0 52.0 61.0 71.0 99.0 92.0 151.0 148.0 113.0 96.0 84.0 161.0 174.0 184.0 226.0 316.0 290.0 272.0 202.0 236.0 216.0 215.0 208.0 345.0 397.0 325.0 304.0 319.0 464.0 216.0 410.0 472.0 438.0 337.0 308.0 550.0 692.0 706.0 598.0 442.0 501.0 798.0 783.0 530.0 391.0 476.0 763.0 808.0 465.0 531.0 534.0 369.0 887.0 916.0 906.0 696.0 413.0 416.0 479.0 601.0 890.0 913.0 785.0 343.0 497.0 521.0 479.0 781.0 406.0 392.0 389.0 452.0 397.0 553.0 687.0 595.0 873.0 808.0 439.0 328.0 387.0 552.0 630.0 575.0 451.0 765.0 636.0 635.0 238.0 531.0 600.0 242.0 461.0 608.0 388.0 333.0 657.0 287.0 414.0 906.0 693.0 374.0 218.0 213.0 348.0 321.0 294.0 428.0 547.0 457.0 370.0 498.0 504.0 506.0 349.0 382.0 677.0 709.0 608.0 580.0 556.0 533.0 509.0 494.0 479.0 463.0 447.0 433.0 420.0 402.0 395.0 381.0 366.0 305.0 180.0 242.0 139.0 195.0 203.0 180.0 198.0 167.0 146.0 169.0 190.0 166.0 169.0 167.0 147.0 139.0 128.0 113.0 93.0 70.0 31.0 222.66666666666623 259.24593142742356
2 17.0 14.0 11.0 9.0 6.0 3.0 2.0 2.0 5.0 1.0 0.0 0.0 0.0 0.0 0.0 0.0 0.0 0.0 0.0 0.0 0.0 0.0 0.0 0.0 0.0 0.0 0.0 0.0 0.0 0.0 0.0 0.0 0.0 0.0 0.0 0.0 0.0 0.0 0.0 0.0 0.0 0.0 0.0 0.0 0.0 0.0 0.0 0.0 0.0 0.0 0.0 0.0 0.0 0.0 0.0 0.0 0.0 0.0 0.0 0.0 0.0 0.0 0.0 0.0 0.0 0.0 0.0 0.0 0.0 0.0 0.0 0.0 0.0 0.0 0.0 0.0 0.0 0.0 0.0 0.0 0.0 0.0 0.0 0.0 0.0 0.0 0.0 0.0 0.0 0.0 0.0 0.0 0.0 0.0 0.0 0.0 0.0 0.0 0.0 0.0 0.0 0.0 0.0 0.0 0.0 0.0 0.0 0.0 0.0 0.0 0.0 0.0 0.0 0.0 0.0 0.0 0.0 1.0 1.0 2.0 3.0 5.0 9.0 12.0 17.0 31.0 40.0 40.0 64.0 76.0 89.0 100.0 109.0 118.0 125.0 123.0 86.0 92.0 94.0 88.0 92.0 102.0 116.0 115.0 114.0 152.0 174.0 269.0 292.0 354.0 272.0 173.0 285.0 245.0 345.0 338.0 474.0 415.0 493.0 253.0 457.0 187.0 521.0 543.0 561.0 564.0 582.0 583.0 502.0 426.0 683.0 626.0 295.0 432.0 562.0 566.0 718.0 778.0 593.0 677.0 732.0 739.0 739.0 738.0 757.0 705.0 734.0 478.0 687.0 760.0 310.0 169.0 750.0 844.0 567.0 249.0 825.0 955.0 273.0 661.0 362.0 619.0 369.0 731.0 1018.0 1031.0 581.0 221.0 403.0 596.0 381.0 393.0 569.0 945.0 446.0 681.0 857.0 806.0 819.0 582.0 649.0 895.0 841.0 831.0 840.0 827.0 812.0 772.0 766.0 729.0 793.0 742.0 765.0 684.0 608.0 679.0 766.0 691.0 709.0 691.0 697.0 683.0 672.0 651.0 654.0 637.0 622.0 611.0 598.0 586.0 574.0 561.0 548.0 536.0 521.0 508.0 498.0 466.0 459.0 454.0 441.0 424.0 410.0 398.0 385.0 346.0 364.0 348.0 224.0 169.0 77.0 87.0 102.0 135.0 111.0 140.0 205.0 223.0 89.0 71.0 116.0 133.0 113.0 109.0 110.0 105.0 67.0 48.0 258.96527777777754 301.9600871978774
3 18.0 15.0 11.0 8.0 6.0 4.0 2.0 3.0 4.0 1.0 0.0 0.0 0.0 0.0 0.0 0.0 0.0 0.0 0.0 0.0 0.0 0.0 0.0 0.0 0.0 0.0 0.0 0.0 0.0 0.0 0.0 0.0 0.0 0.0 0.0 0.0 0.0 0.0 0.0 0.0 0.0 0.0 0.0 0.0 0.0 0.0 0.0 0.0 0.0 0.0 0.0 0.0 0.0 0.0 0.0 0.0 0.0 0.0 0.0 0.0 0.0 0.0 0.0 0.0 0.0 0.0 0.0 0.0 0.0 0.0 0.0 0.0 0.0 0.0 0.0 0.0 0.0 0.0 0.0 0.0 0.0 0.0 0.0 0.0 0.0 0.0 0.0 0.0 0.0 0.0 0.0 0.0 0.0 0.0 0.0 0.0 0.0 0.0 0.0 0.0 0.0 0.0 0.0 0.0 0.0 0.0 0.0 0.0 0.0 0.0 0.0 0.0 0.0 0.0 0.0 0.0 0.0 0.0 1.0 2.0 3.0 5.0 7.0 10.0 11.0 13.0 20.0 26.0 32.0 39.0 46.0 47.0 50.0 55.0 58.0 67.0 83.0 92.0 83.0 80.0 92.0 97.0 107.0 100.0 126.0 241.0 281.0 296.0 290.0 170.0 294.0 302.0 423.0 444.0 380.0 353.0 298.0 321.0 267.0 267.0 309.0 432.0 542.0 543.0 547.0 560.0 575.0 586.0 598.0 610.0 620.0 625.0 644.0 664.0 687.0 685.0 698.0 698.0 725.0 515.0 650.0 773.0 777.0 742.0 721.0 788.0 784.0 789.0 802.0 800.0 816.0 827.0 834.0 842.0 866.0 873.0 813.0 538.0 868.0 942.0 978.0 573.0 221.0 580.0 930.0 680.0 187.0 976.0 999.0 979.0 974.0 990.0 965.0 960.0 910.0 826.0 911.0 923.0 920.0 895.0 874.0 855.0 840.0 807.0 821.0 801.0 798.0 781.0 795.0 789.0 754.0 736.0 766.0 752.0 680.0 756.0 494.0 690.0 662.0 730.0 627.0 695.0 672.0 659.0 642.0 627.0 578.0 609.0 595.0 580.0 570.0 556.0 543.0 530.0 518.0 504.0 490.0 477.0 462.0 448.0 434.0 420.0 407.0 392.0 374.0 282.0 354.0 343.0 330.0 318.0 303.0 259.0 267.0 243.0 252.0 247.0 228.0 209.0 178.0 166.0 144.0 132.0 86.0 70.0 76.0 76.0 43.0 26.0 289.4375 334.83568633986715
4 19.0 15.0 11.0 8.0 6.0 4.0 2.0 3.0 5.0 1.0 0.0 0.0 0.0 0.0 0.0 0.0 0.0 0.0 0.0 0.0 0.0 0.0 0.0 0.0 0.0 0.0 0.0 0.0 0.0 0.0 0.0 0.0 0.0 0.0 0.0 0.0 0.0 0.0 0.0 0.0 0.0 0.0 0.0 0.0 0.0 0.0 0.0 0.0 0.0 0.0 0.0 0.0 0.0 0.0 0.0 0.0 0.0 0.0 0.0 0.0 0.0 0.0 0.0 0.0 0.0 0.0 0.0 0.0 0.0 0.0 0.0 0.0 0.0 0.0 0.0 0.0 0.0 0.0 0.0 0.0 0.0 0.0 0.0 0.0 0.0 0.0 0.0 0.0 0.0 0.0 0.0 0.0 0.0 0.0 0.0 0.0 0.0 0.0 0.0 0.0 0.0 0.0 0.0 0.0 0.0 0.0 0.0 0.0 0.0 0.0 0.0 0.0 0.0 0.0 0.0 0.0 1.0 1.0 2.0 3.0 6.0 9.0 13.0 20.0 26.0 43.0 53.0 38.0 23.0 27.0 80.0 121.0 136.0 148.0 161.0 173.0 184.0 197.0 211.0 224.0 237.0 250.0 264.0 278.0 291.0 304.0 318.0 334.0 354.0 373.0 389.0 411.0 421.0 432.0 449.0 468.0 494.0 533.0 559.0 646.0 646.0 461.0 312.0 419.0 393.0 394.0 640.0 636.0 622.0 682.0 706.0 775.0 761.0 604.0 793.0 858.0 860.0 900.0 585.0 553.0 738.0 764.0 829.0 818.0 825.0 849.0 720.0 669.0 866.0 899.0 930.0 864.0 969.0 621.0 249.0 551.0 974.0 773.0 335.0 212.0 510.0 510.0 980.0 977.0 997.0 973.0 963.0 963.0 944.0 946.0 933.0 873.0 938.0 898.0 910.0 894.0 921.0 907.0 891.0 768.0 824.0 818.0 892.0 799.0 841.0 828.0 837.0 858.0 845.0 826.0 818.0 792.0 782.0 782.0 798.0 787.0 776.0 767.0 756.0 681.0 723.0 652.0 631.0 634.0 667.0 609.0 660.0 642.0 624.0 610.0 598.0 584.0 571.0 557.0 543.0 526.0 512.0 502.0 485.0 461.0 457.0 442.0 427.0 412.0 395.0 374.0 350.0 338.0 304.0 220.0 213.0 272.0 276.0 260.0 243.0 230.0 216.0 199.0 187.0 174.0 159.0 143.0 106.0 111.0 97.0 61.0 26.0 46.0 309.604166666667 344.08776975167683
5 -1.0 -1.0 -1.0 -1.0 -1.0 -1.0 -1.0 -1.0 -1.0 -1.0 -1.0 -1.0 -1.0 -1.0 -1.0 -1.0 -1.0 -1.0 -1.0 -1.0 -1.0 -1.0 -1.0 -1.0 -1.0 -1.0 -1.0 -1.0 -1.0 -1.0 -1.0 -1.0 -1.0 -1.0 -1.0 -1.0 -1.0 -1.0 -1.0 -1.0 -1.0 -1.0 -1.0 -1.0 -1.0 -1.0 -1.0 -1.0 -1.0 -1.0 -1.0 -1.0 -1.0 -1.0 -1.0 -1.0 -1.0 -1.0 -1.0 -1.0 -1.0 -1.0 -1.0 -1.0 -1.0 -1.0 -1.0 -1.0 -1.0 -1.0 -1.0 -1.0 -1.0 -1.0 -1.0 -1.0 -1.0 -1.0 -1.0 -1.0 -1.0 -1.0 -1.0 -1.0 -1.0 -1.0 -1.0 -1.0 -1.0 -1.0 -1.0 -1.0 -1.0 -1.0 -1.0 -1.0 -1.0 -1.0 -1.0 -1.0 -1.0 -1.0 -1.0 -1.0 -1.0 -1.0 -1.0 -1.0 -1.0 -1.0 -1.0 -1.0 -1.0 -1.0 -1.0 -1.0 -1.0 -1.0 -1.0 -1.0 -1.0 -1.0 -1.0 -1.0 -1.0 -1.0 -1.0 -1.0 -1.0 -1.0 -1.0 -1.0 -1.0 -1.0 -1.0 -1.0 -1.0 -1.0 -1.0 -1.0 -1.0 -1.0 -1.0 -1.0 -1.0 -1.0 -1.0 -1.0 -1.0 -1.0 -1.0 -1.0 -1.0 -1.0 -1.0 -1.0 -1.0 -1.0 -1.0 -1.0 -1.0 -1.0 -1.0 -1.0 -1.0 -1.0 -1.0 -1.0 -1.0 -1.0 -1.0 -1.0 -1.0 -1.0 -1.0 -1.0 -1.0 -1.0 -1.0 -1.0 -1.0 -1.0 -1.0 -1.0 -1.0 -1.0 -1.0 -1.0 -1.0 -1.0 -1.0 -1.0 -1.0 -1.0 -1.0 -1.0 -1.0 -1.0 -1.0 -1.0 -1.0 -1.0 -1.0 -1.0 -1.0 -1.0 -1.0 -1.0 -1.0 -1.0 -1.0 -1.0 -1.0 -1.0 -1.0 -1.0 -1.0 -1.0 -1.0 -1.0 -1.0 -1.0 -1.0 -1.0 -1.0 -1.0 -1.0 -1.0 -1.0 -1.0 -1.0 -1.0 -1.0 -1.0 -1.0 -1.0 -1.0 -1.0 -1.0 -1.0 -1.0 -1.0 -1.0 -1.0 -1.0 -1.0 -1.0 -1.0 -1.0 -1.0 -1.0 -1.0 -1.0 -1.0 -1.0 -1.0 -1.0 -1.0 -1.0 -1.0 -1.0 -1.0 -1.0 -1.0 -1.0 -1.0 -1.0 -1.0 -1.0 -1.0 -1.0 -1.0 -1.0 -1.0 -1.0 -1.0 -1.0 -1.0 -1.0 -1.0 -1.0 -1.0 -1.0 -1.0 -1.0 -1.0 -1.0 -1.0 -1.0 0.0
6 15.0 11.0 8.0 5.0 3.0 2.0 1.0 5.0 2.0 0.0 0.0 0.0 0.0 0.0 0.0 0.0 0.0 0.0 0.0 0.0 0.0 0.0 0.0 0.0 0.0 0.0 0.0 0.0 0.0 0.0 0.0 0.0 0.0 0.0 0.0 0.0 0.0 0.0 0.0 0.0 0.0 0.0 0.0 0.0 0.0 0.0 0.0 0.0 0.0 0.0 0.0 0.0 0.0 0.0 0.0 0.0 0.0 0.0 0.0 0.0 0.0 0.0 0.0 0.0 0.0 0.0 0.0 0.0 0.0 0.0 0.0 0.0 0.0 0.0 0.0 0.0 0.0 0.0 0.0 0.0 0.0 0.0 0.0 0.0 0.0 0.0 0.0 0.0 0.0 0.0 0.0 0.0 0.0 0.0 0.0 0.0 0.0 0.0 0.0 0.0 0.0 0.0 0.0 0.0 0.0 0.0 0.0 0.0 0.0 0.0 0.0 0.0 0.0 0.0 0.0 0.0 1.0 1.0 2.0 3.0 5.0 6.0 8.0 9.0 10.0 12.0 15.0 23.0 61.0 86.0 95.0 123.0 148.0 166.0 162.0 107.0 139.0 184.0 216.0 217.0 219.0 148.0 224.0 259.0 262.0 212.0 245.0 291.0 340.0 353.0 370.0 384.0 396.0 409.0 420.0 437.0 457.0 322.0 352.0 490.0 543.0 591.0 495.0 643.0 597.0 598.0 601.0 611.0 601.0 640.0 708.0 376.0 278.0 314.0 601.0 793.0 397.0 213.0 211.0 173.0 496.0 276.0 737.0 895.0 293.0 241.0 148.0 254.0 1007.0 880.0 809.0 479.0 936.0 305.0 372.0 187.0 230.0 484.0 968.0 1051.0 1011.0 1003.0 1036.0 1073.0 548.0 272.0 147.0 152.0 190.0 338.0 393.0 208.0 177.0 200.0 737.0 506.0 285.0 225.0 208.0 761.0 868.0 329.0 271.0 417.0 885.0 750.0 294.0 579.0 708.0 664.0 755.0 850.0 827.0 843.0 832.0 812.0 785.0 774.0 780.0 770.0 741.0 721.0 730.0 724.0 708.0 705.0 631.0 638.0 550.0 669.0 618.0 619.0 544.0 573.0 575.0 554.0 515.0 464.0 507.0 488.0 471.0 455.0 439.0 423.0 408.0 391.0 376.0 361.0 344.0 328.0 312.0 297.0 281.0 265.0 248.0 232.0 209.0 202.0 184.0 171.0 157.0 143.0 128.0 115.0 104.0 75.0 75.0 47.0 250.87152777777786 295.4137607789929
7 13.0 10.0 7.0 4.0 2.0 1.0 1.0 2.0 1.0 0.0 0.0 0.0 0.0 0.0 0.0 0.0 0.0 0.0 0.0 0.0 0.0 0.0 0.0 0.0 0.0 0.0 0.0 0.0 0.0 0.0 0.0 0.0 0.0 0.0 0.0 0.0 0.0 0.0 0.0 0.0 0.0 0.0 0.0 0.0 0.0 0.0 0.0 0.0 0.0 0.0 0.0 0.0 0.0 0.0 0.0 0.0 0.0 0.0 0.0 0.0 0.0 0.0 0.0 0.0 0.0 0.0 0.0 0.0 0.0 0.0 0.0 0.0 0.0 0.0 0.0 0.0 0.0 0.0 0.0 0.0 0.0 0.0 0.0 0.0 0.0 0.0 0.0 0.0 0.0 0.0 0.0 0.0 0.0 0.0 0.0 0.0 0.0 0.0 0.0 0.0 0.0 0.0 0.0 0.0 0.0 0.0 0.0 0.0 0.0 0.0 0.0 0.0 0.0 0.0 0.0 0.0 0.0 1.0 1.0 2.0 4.0 6.0 8.0 10.0 12.0 15.0 21.0 29.0 38.0 46.0 52.0 59.0 60.0 63.0 64.0 75.0 80.0 87.0 94.0 117.0 139.0 207.0 191.0 226.0 249.0 212.0 144.0 285.0 185.0 344.0 386.0 401.0 413.0 433.0 450.0 476.0 485.0 493.0 507.0 518.0 535.0 550.0 564.0 574.0 587.0 605.0 616.0 629.0 620.0 638.0 644.0 446.0 719.0 723.0 719.0 738.0 740.0 748.0 674.0 599.0 735.0 847.0 750.0 699.0 669.0 789.0 273.0 419.0 684.0 874.0 857.0 888.0 910.0 882.0 901.0 884.0 890.0 890.0 871.0 879.0 903.0 909.0 936.0 1022.0 492.0 965.0 1007.0 1078.0 905.0 646.0 435.0 249.0 189.0 186.0 191.0 180.0 189.0 211.0 232.0 232.0 252.0 361.0 831.0 369.0 321.0 305.0 302.0 337.0 334.0 332.0 399.0 354.0 340.0 466.0 627.0 1035.0 1041.0 950.0 833.0 705.0 706.0 720.0 700.0 689.0 628.0 624.0 356.0 564.0 594.0 585.0 562.0 537.0 535.0 459.0 505.0 488.0 476.0 463.0 447.0 430.0 415.0 403.0 386.0 372.0 359.0 344.0 332.0 318.0 306.0 287.0 270.0 254.0 227.0 226.0 212.0 197.0 179.0 163.0 151.0 139.0 128.0 117.0 105.0 79.0 25.0 31.0 46.0 40.0 259.7847222222224 311.09012918538207
8 13.0 10.0 7.0 4.0 2.0 1.0 1.0 1.0 0.0 0.0 0.0 0.0 0.0 0.0 0.0 0.0 0.0 0.0 0.0 0.0 0.0 0.0 0.0 0.0 0.0 0.0 0.0 0.0 0.0 0.0 0.0 0.0 0.0 0.0 0.0 0.0 0.0 0.0 0.0 0.0 0.0 0.0 0.0 0.0 0.0 0.0 0.0 0.0 0.0 0.0 0.0 0.0 0.0 0.0 0.0 0.0 0.0 0.0 0.0 0.0 0.0 0.0 0.0 0.0 0.0 0.0 0.0 0.0 0.0 0.0 0.0 0.0 0.0 0.0 0.0 0.0 0.0 0.0 0.0 0.0 0.0 0.0 0.0 0.0 0.0 0.0 0.0 0.0 0.0 0.0 0.0 0.0 0.0 0.0 0.0 0.0 0.0 0.0 0.0 0.0 0.0 0.0 0.0 0.0 0.0 0.0 0.0 0.0 0.0 0.0 0.0 0.0 0.0 0.0 0.0 0.0 0.0 0.0 1.0 1.0 2.0 4.0 6.0 7.0 9.0 12.0 14.0 16.0 20.0 24.0 28.0 32.0 39.0 49.0 53.0 55.0 61.0 67.0 94.0 73.0 75.0 133.0 173.0 156.0 165.0 140.0 137.0 150.0 143.0 151.0 149.0 175.0 159.0 160.0 196.0 183.0 165.0 231.0 339.0 358.0 428.0 525.0 506.0 598.0 633.0 364.0 307.0 262.0 467.0 543.0 429.0 630.0 695.0 779.0 661.0 609.0 589.0 349.0 360.0 373.0 370.0 620.0 829.0 690.0 472.0 519.0 519.0 673.0 811.0 664.0 420.0 420.0 523.0 642.0 522.0 378.0 856.0 756.0 655.0 286.0 697.0 879.0 599.0 988.0 809.0 921.0 434.0 898.0 435.0 417.0 636.0 569.0 967.0 967.0 398.0 417.0 716.0 884.0 656.0 512.0 910.0 934.0 645.0 310.0 621.0 921.0 913.0 657.0 266.0 321.0 635.0 843.0 616.0 749.0 750.0 754.0 726.0 707.0 693.0 689.0 695.0 503.0 526.0 679.0 652.0 632.0 605.0 597.0 589.0 563.0 413.0 179.0 517.0 466.0 500.0 482.0 470.0 453.0 432.0 419.0 419.0 389.0 375.0 361.0 348.0 337.0 319.0 305.0 291.0 273.0 259.0 244.0 227.0 217.0 200.0 191.0 177.0 162.0 162.0 33.0 29.0 27.0 26.0 24.0 23.0 20.0 14.0 11.0 240.52083333333354 292.1208873135878
9 7.0 4.0 2.0 1.0 1.0 1.0 0.0 0.0 0.0 0.0 0.0 0.0 0.0 0.0 0.0 0.0 0.0 0.0 0.0 0.0 0.0 0.0 0.0 0.0 0.0 0.0 0.0 0.0 0.0 0.0 0.0 0.0 0.0 0.0 0.0 0.0 0.0 0.0 0.0 0.0 0.0 0.0 0.0 0.0 0.0 0.0 0.0 0.0 0.0 0.0 0.0 0.0 0.0 0.0 0.0 0.0 0.0 0.0 0.0 0.0 0.0 0.0 0.0 0.0 0.0 0.0 0.0 0.0 0.0 0.0 0.0 0.0 0.0 0.0 0.0 0.0 0.0 0.0 0.0 0.0 0.0 0.0 0.0 0.0 0.0 0.0 0.0 0.0 0.0 0.0 0.0 0.0 0.0 0.0 0.0 0.0 0.0 0.0 0.0 0.0 0.0 0.0 0.0 0.0 0.0 0.0 0.0 0.0 0.0 0.0 0.0 0.0 0.0 0.0 0.0 0.0 1.0 1.0 2.0 4.0 7.0 9.0 10.0 11.0 13.0 16.0 20.0 23.0 22.0 23.0 25.0 26.0 27.0 35.0 34.0 34.0 47.0 60.0 62.0 51.0 45.0 65.0 95.0 109.0 144.0 163.0 195.0 318.0 478.0 250.0 238.0 259.0 420.0 417.0 403.0 411.0 394.0 389.0 316.0 499.0 435.0 452.0 594.0 644.0 594.0 478.0 531.0 461.0 430.0 606.0 616.0 356.0 357.0 560.0 760.0 266.0 209.0 221.0 311.0 748.0 739.0 739.0 228.0 308.0 721.0 796.0 794.0 851.0 876.0 881.0 939.0 555.0 434.0 388.0 339.0 457.0 328.0 391.0 626.0 311.0 256.0 196.0 175.0 177.0 183.0 187.0 208.0 247.0 427.0 954.0 935.0 717.0 577.0 388.0 861.0 620.0 735.0 881.0 752.0 775.0 863.0 846.0 324.0 162.0 162.0 525.0 614.0 882.0 659.0 659.0 214.0 189.0 131.0 147.0 358.0 537.0 419.0 490.0 657.0 682.0 258.0 573.0 652.0 428.0 364.0 600.0 564.0 546.0 531.0 518.0 503.0 487.0 474.0 474.0 453.0 445.0 435.0 352.0 175.0 415.0 342.0 277.0 129.0 250.0 341.0 331.0 302.0 275.0 259.0 242.0 177.0 214.0 204.0 188.0 173.0 162.0 150.0 138.0 125.0 112.0 99.0 90.0 78.0 65.0 51.0 21.0 18.0 15.0 213.06597222222194 265.55086224838993
END
#################################################################
SECTION3 (Edges Information)
EndPoint0 EndPoint1 Weight
0 1 1.000000
1 2 1.000000
2 3 1.000000
3 4 1.000000
3 5 1.000000
4 5 1.000000
4 6 1.000000
5 6 1.000000
5 7 1.000000
6 7 1.000000
7 8 1.000000
7 9 1.000000
8 9 1.000000
END
#################################################################
SECTION4 (TrueSubGraph Information)
EndPoint0 EndPoint1 Weight
END
#################################################################
