#################################################################
#APDM Input Graph, this input graph includes 3 sections:
#section1 : general information
#section2 : nodes
#section3 : edges
#section4 : trueSubGraph (Optional)
#
#if nodes haven't information set weight to null
#################################################################
SECTION1 (General Information)
numNodes = 10
numEdges = 13
usedAlgorithm = NULL
dataSource = TransWeatherRealData
END
#################################################################
SECTION2 (Nodes Information)
NodeID rad  mean  std 
0 4.0 3.0 2.0 1.0 0.0 0.0 0.0 0.0 0.0 0.0 0.0 0.0 0.0 0.0 0.0 0.0 0.0 0.0 0.0 0.0 0.0 0.0 0.0 0.0 0.0 0.0 0.0 0.0 0.0 0.0 0.0 0.0 0.0 0.0 0.0 0.0 0.0 0.0 0.0 0.0 0.0 0.0 0.0 0.0 0.0 0.0 0.0 0.0 0.0 0.0 0.0 0.0 0.0 0.0 0.0 0.0 0.0 0.0 0.0 0.0 0.0 0.0 0.0 0.0 0.0 0.0 0.0 0.0 0.0 0.0 0.0 0.0 0.0 0.0 0.0 0.0 0.0 0.0 0.0 0.0 0.0 0.0 0.0 0.0 0.0 0.0 0.0 0.0 0.0 0.0 0.0 0.0 0.0 0.0 0.0 0.0 0.0 0.0 0.0 0.0 0.0 0.0 0.0 0.0 0.0 0.0 0.0 0.0 0.0 0.0 0.0 0.0 0.0 0.0 0.0 0.0 0.0 0.0 0.0 0.0 0.0 0.0 0.0 0.0 1.0 2.0 3.0 5.0 7.0 11.0 17.0 27.0 33.0 48.0 68.0 83.0 97.0 110.0 126.0 140.0 148.0 173.0 188.0 204.0 217.0 231.0 243.0 243.0 264.0 277.0 284.0 290.0 309.0 311.0 354.0 366.0 381.0 393.0 408.0 423.0 436.0 451.0 459.0 478.0 490.0 501.0 515.0 525.0 533.0 555.0 551.0 562.0 580.0 586.0 592.0 609.0 622.0 634.0 654.0 661.0 669.0 670.0 681.0 689.0 704.0 713.0 722.0 719.0 725.0 727.0 730.0 734.0 748.0 762.0 765.0 767.0 768.0 769.0 780.0 783.0 782.0 782.0 722.0 785.0 790.0 802.0 800.0 800.0 792.0 787.0 789.0 753.0 795.0 789.0 766.0 763.0 783.0 785.0 778.0 778.0 768.0 769.0 765.0 755.0 753.0 749.0 751.0 727.0 719.0 713.0 707.0 700.0 695.0 689.0 683.0 675.0 666.0 657.0 651.0 640.0 623.0 621.0 611.0 589.0 575.0 567.0 567.0 564.0 556.0 541.0 526.0 505.0 506.0 489.0 477.0 392.0 321.0 355.0 400.0 392.0 335.0 276.0 222.0 141.0 114.0 129.0 118.0 124.0 120.0 191.0 151.0 96.0 93.0 94.0 91.0 91.0 72.0 79.0 61.0 65.0 87.0 47.0 40.0 46.0 29.0 21.0 17.0 15.0 260.7951388888882 308.2184895949685
1 3.0 2.0 1.0 1.0 0.0 0.0 0.0 0.0 0.0 0.0 0.0 0.0 0.0 0.0 0.0 0.0 0.0 0.0 0.0 0.0 0.0 0.0 0.0 0.0 0.0 0.0 0.0 0.0 0.0 0.0 0.0 0.0 0.0 0.0 0.0 0.0 0.0 0.0 0.0 0.0 0.0 0.0 0.0 0.0 0.0 0.0 0.0 0.0 0.0 0.0 0.0 0.0 0.0 0.0 0.0 0.0 0.0 0.0 0.0 0.0 0.0 0.0 0.0 0.0 0.0 0.0 0.0 0.0 0.0 0.0 0.0 0.0 0.0 0.0 0.0 0.0 0.0 0.0 0.0 0.0 0.0 0.0 0.0 0.0 0.0 0.0 0.0 0.0 0.0 0.0 0.0 0.0 0.0 0.0 0.0 0.0 0.0 0.0 0.0 0.0 0.0 0.0 0.0 0.0 0.0 0.0 0.0 0.0 0.0 0.0 0.0 0.0 0.0 0.0 0.0 0.0 0.0 0.0 0.0 0.0 0.0 0.0 0.0 1.0 2.0 3.0 4.0 7.0 10.0 15.0 23.0 33.0 44.0 57.0 70.0 84.0 96.0 110.0 124.0 138.0 155.0 168.0 182.0 198.0 214.0 228.0 243.0 259.0 275.0 291.0 307.0 322.0 337.0 353.0 367.0 379.0 396.0 412.0 426.0 432.0 416.0 446.0 458.0 471.0 490.0 507.0 517.0 533.0 544.0 561.0 575.0 587.0 605.0 616.0 629.0 624.0 628.0 637.0 651.0 657.0 668.0 670.0 692.0 705.0 715.0 728.0 736.0 729.0 750.0 752.0 759.0 761.0 769.0 780.0 784.0 790.0 796.0 797.0 792.0 798.0 797.0 789.0 787.0 800.0 810.0 811.0 816.0 814.0 807.0 807.0 804.0 799.0 804.0 806.0 806.0 789.0 794.0 791.0 787.0 776.0 758.0 762.0 763.0 758.0 757.0 736.0 722.0 719.0 730.0 725.0 714.0 704.0 695.0 686.0 679.0 666.0 662.0 651.0 643.0 632.0 628.0 614.0 598.0 585.0 576.0 563.0 550.0 531.0 513.0 513.0 511.0 505.0 491.0 473.0 435.0 433.0 401.0 376.0 355.0 335.0 353.0 362.0 357.0 298.0 301.0 277.0 264.0 245.0 199.0 146.0 72.0 60.0 76.0 66.0 73.0 81.0 58.0 56.0 51.0 40.0 36.0 32.0 29.0 27.0 23.0 15.0 9.0 5.0 266.1388888888882 312.444383591361
2 3.0 2.0 1.0 0.0 0.0 0.0 0.0 0.0 0.0 0.0 0.0 0.0 0.0 0.0 0.0 0.0 0.0 0.0 0.0 0.0 0.0 0.0 0.0 0.0 0.0 0.0 0.0 0.0 0.0 0.0 0.0 0.0 0.0 0.0 0.0 0.0 0.0 0.0 0.0 0.0 0.0 0.0 0.0 0.0 0.0 0.0 0.0 0.0 0.0 0.0 0.0 0.0 0.0 0.0 0.0 0.0 0.0 0.0 0.0 0.0 0.0 0.0 0.0 0.0 0.0 0.0 0.0 0.0 0.0 0.0 0.0 0.0 0.0 0.0 0.0 0.0 0.0 0.0 0.0 0.0 0.0 0.0 0.0 0.0 0.0 0.0 0.0 0.0 0.0 0.0 0.0 0.0 0.0 0.0 0.0 0.0 0.0 0.0 0.0 0.0 0.0 0.0 0.0 0.0 0.0 0.0 0.0 0.0 0.0 0.0 0.0 0.0 0.0 0.0 0.0 0.0 0.0 0.0 0.0 0.0 0.0 0.0 0.0 1.0 2.0 4.0 6.0 8.0 13.0 18.0 26.0 33.0 44.0 60.0 73.0 83.0 93.0 101.0 111.0 127.0 144.0 161.0 172.0 187.0 194.0 223.0 237.0 250.0 260.0 278.0 293.0 310.0 324.0 340.0 356.0 369.0 389.0 404.0 418.0 432.0 448.0 460.0 466.0 483.0 500.0 510.0 522.0 537.0 550.0 562.0 574.0 586.0 597.0 608.0 617.0 629.0 640.0 651.0 660.0 669.0 679.0 690.0 698.0 698.0 698.0 721.0 727.0 724.0 744.0 743.0 752.0 752.0 759.0 766.0 764.0 767.0 778.0 783.0 800.0 805.0 777.0 785.0 796.0 795.0 792.0 793.0 797.0 810.0 802.0 781.0 797.0 801.0 782.0 782.0 788.0 781.0 787.0 775.0 779.0 773.0 766.0 754.0 747.0 739.0 739.0 737.0 727.0 722.0 720.0 707.0 696.0 694.0 682.0 676.0 667.0 651.0 645.0 633.0 625.0 614.0 603.0 599.0 590.0 580.0 568.0 555.0 545.0 536.0 523.0 510.0 497.0 482.0 466.0 456.0 442.0 427.0 403.0 386.0 380.0 368.0 355.0 299.0 291.0 274.0 270.0 246.0 279.0 284.0 253.0 237.0 198.0 153.0 102.0 70.0 66.0 62.0 85.0 55.0 41.0 40.0 35.0 31.0 27.0 26.0 24.0 15.0 9.0 4.0 264.3333333333332 308.7584218546953
3 2.0 1.0 1.0 0.0 0.0 0.0 0.0 0.0 0.0 0.0 0.0 0.0 0.0 0.0 0.0 0.0 0.0 0.0 0.0 0.0 0.0 0.0 0.0 0.0 0.0 0.0 0.0 0.0 0.0 0.0 0.0 0.0 0.0 0.0 0.0 0.0 0.0 0.0 0.0 0.0 0.0 0.0 0.0 0.0 0.0 0.0 0.0 0.0 0.0 0.0 0.0 0.0 0.0 0.0 0.0 0.0 0.0 0.0 0.0 0.0 0.0 0.0 0.0 0.0 0.0 0.0 0.0 0.0 0.0 0.0 0.0 0.0 0.0 0.0 0.0 0.0 0.0 0.0 0.0 0.0 0.0 0.0 0.0 0.0 0.0 0.0 0.0 0.0 0.0 0.0 0.0 0.0 0.0 0.0 0.0 0.0 0.0 0.0 0.0 0.0 0.0 0.0 0.0 0.0 0.0 0.0 0.0 0.0 0.0 0.0 0.0 0.0 0.0 0.0 0.0 0.0 0.0 0.0 0.0 0.0 0.0 0.0 0.0 1.0 2.0 4.0 7.0 9.0 12.0 16.0 30.0 41.0 52.0 65.0 79.0 88.0 100.0 112.0 131.0 145.0 156.0 169.0 183.0 197.0 209.0 220.0 233.0 247.0 259.0 273.0 288.0 301.0 305.0 316.0 338.0 369.0 383.0 407.0 393.0 382.0 409.0 387.0 414.0 464.0 488.0 499.0 498.0 524.0 542.0 566.0 577.0 587.0 599.0 611.0 621.0 632.0 644.0 654.0 664.0 644.0 670.0 685.0 697.0 708.0 717.0 707.0 732.0 737.0 740.0 739.0 746.0 759.0 767.0 771.0 777.0 773.0 774.0 775.0 782.0 781.0 748.0 773.0 789.0 805.0 812.0 811.0 792.0 676.0 778.0 800.0 752.0 781.0 793.0 783.0 782.0 758.0 775.0 780.0 773.0 766.0 762.0 754.0 748.0 741.0 736.0 728.0 725.0 717.0 709.0 707.0 682.0 675.0 666.0 657.0 645.0 644.0 640.0 626.0 609.0 601.0 566.0 572.0 578.0 566.0 552.0 542.0 518.0 517.0 506.0 491.0 480.0 468.0 455.0 436.0 432.0 418.0 389.0 371.0 364.0 346.0 311.0 265.0 174.0 190.0 206.0 224.0 180.0 168.0 146.0 166.0 164.0 179.0 136.0 129.0 88.0 59.0 47.0 38.0 38.0 28.0 25.0 23.0 18.0 14.0 12.0 10.0 7.0 3.0 257.9895833333333 305.02951801384074
4 3.0 1.0 1.0 0.0 0.0 0.0 0.0 0.0 0.0 0.0 0.0 0.0 0.0 0.0 0.0 0.0 0.0 0.0 0.0 0.0 0.0 0.0 0.0 0.0 0.0 0.0 0.0 0.0 0.0 0.0 0.0 0.0 0.0 0.0 0.0 0.0 0.0 0.0 0.0 0.0 0.0 0.0 0.0 0.0 0.0 0.0 0.0 0.0 0.0 0.0 0.0 0.0 0.0 0.0 0.0 0.0 0.0 0.0 0.0 0.0 0.0 0.0 0.0 0.0 0.0 0.0 0.0 0.0 0.0 0.0 0.0 0.0 0.0 0.0 0.0 0.0 0.0 0.0 0.0 0.0 0.0 0.0 0.0 0.0 0.0 0.0 0.0 0.0 0.0 0.0 0.0 0.0 0.0 0.0 0.0 0.0 0.0 0.0 0.0 0.0 0.0 0.0 0.0 0.0 0.0 0.0 0.0 0.0 0.0 0.0 0.0 0.0 0.0 0.0 0.0 0.0 0.0 0.0 0.0 0.0 0.0 0.0 1.0 1.0 3.0 5.0 8.0 12.0 16.0 27.0 37.0 48.0 61.0 73.0 88.0 105.0 123.0 134.0 145.0 165.0 179.0 191.0 203.0 204.0 204.0 217.0 226.0 242.0 260.0 285.0 293.0 311.0 329.0 352.0 372.0 394.0 410.0 421.0 420.0 450.0 463.0 475.0 489.0 527.0 534.0 532.0 542.0 541.0 559.0 577.0 608.0 614.0 611.0 602.0 636.0 595.0 644.0 672.0 678.0 696.0 697.0 722.0 730.0 743.0 754.0 763.0 771.0 778.0 784.0 790.0 799.0 806.0 814.0 818.0 821.0 827.0 830.0 833.0 836.0 833.0 804.0 821.0 838.0 843.0 843.0 848.0 845.0 841.0 838.0 844.0 840.0 754.0 828.0 854.0 847.0 833.0 812.0 810.0 798.0 808.0 783.0 784.0 795.0 748.0 785.0 783.0 769.0 755.0 725.0 738.0 738.0 727.0 716.0 708.0 693.0 679.0 676.0 661.0 646.0 644.0 633.0 615.0 603.0 593.0 565.0 548.0 552.0 534.0 527.0 516.0 499.0 486.0 473.0 461.0 411.0 408.0 414.0 397.0 362.0 309.0 355.0 341.0 327.0 297.0 241.0 256.0 246.0 234.0 172.0 201.0 186.0 157.0 156.0 160.0 144.0 86.0 42.0 42.0 30.0 26.0 21.0 19.0 17.0 16.0 13.0 8.0 5.0 3.0 274.90625 322.29560126527906
5 -1.0 -1.0 -1.0 -1.0 -1.0 -1.0 -1.0 -1.0 -1.0 -1.0 -1.0 -1.0 -1.0 -1.0 -1.0 -1.0 -1.0 -1.0 -1.0 -1.0 -1.0 -1.0 -1.0 -1.0 -1.0 -1.0 -1.0 -1.0 -1.0 -1.0 -1.0 -1.0 -1.0 -1.0 -1.0 -1.0 -1.0 -1.0 -1.0 -1.0 -1.0 -1.0 -1.0 -1.0 -1.0 -1.0 -1.0 -1.0 -1.0 -1.0 -1.0 -1.0 -1.0 -1.0 -1.0 -1.0 -1.0 -1.0 -1.0 -1.0 -1.0 -1.0 -1.0 -1.0 -1.0 -1.0 -1.0 -1.0 -1.0 -1.0 -1.0 -1.0 -1.0 -1.0 -1.0 -1.0 -1.0 -1.0 -1.0 -1.0 -1.0 -1.0 -1.0 -1.0 -1.0 -1.0 -1.0 -1.0 -1.0 -1.0 -1.0 -1.0 -1.0 -1.0 -1.0 -1.0 -1.0 -1.0 -1.0 -1.0 -1.0 -1.0 -1.0 -1.0 -1.0 -1.0 -1.0 -1.0 -1.0 -1.0 -1.0 -1.0 -1.0 -1.0 -1.0 -1.0 -1.0 -1.0 -1.0 -1.0 -1.0 -1.0 -1.0 -1.0 -1.0 -1.0 -1.0 -1.0 -1.0 -1.0 -1.0 -1.0 -1.0 -1.0 -1.0 -1.0 -1.0 -1.0 -1.0 -1.0 -1.0 -1.0 -1.0 -1.0 -1.0 -1.0 -1.0 -1.0 -1.0 -1.0 -1.0 -1.0 -1.0 -1.0 -1.0 -1.0 -1.0 -1.0 -1.0 -1.0 -1.0 -1.0 -1.0 -1.0 -1.0 -1.0 -1.0 -1.0 -1.0 -1.0 -1.0 -1.0 -1.0 -1.0 -1.0 -1.0 -1.0 -1.0 -1.0 -1.0 -1.0 -1.0 -1.0 -1.0 -1.0 -1.0 -1.0 -1.0 -1.0 -1.0 -1.0 -1.0 -1.0 -1.0 -1.0 -1.0 -1.0 -1.0 -1.0 -1.0 -1.0 -1.0 -1.0 -1.0 -1.0 -1.0 -1.0 -1.0 -1.0 -1.0 -1.0 -1.0 -1.0 -1.0 -1.0 -1.0 -1.0 -1.0 -1.0 -1.0 -1.0 -1.0 -1.0 -1.0 -1.0 -1.0 -1.0 -1.0 -1.0 -1.0 -1.0 -1.0 -1.0 -1.0 -1.0 -1.0 -1.0 -1.0 -1.0 -1.0 -1.0 -1.0 -1.0 -1.0 -1.0 -1.0 -1.0 -1.0 -1.0 -1.0 -1.0 -1.0 -1.0 -1.0 -1.0 -1.0 -1.0 -1.0 -1.0 -1.0 -1.0 -1.0 -1.0 -1.0 -1.0 -1.0 -1.0 -1.0 -1.0 -1.0 -1.0 -1.0 -1.0 -1.0 -1.0 -1.0 -1.0 -1.0 -1.0 -1.0 -1.0 -1.0 -1.0 -1.0 -1.0 -1.0 -1.0 -1.0 -1.0 0.0
6 2.0 1.0 0.0 0.0 0.0 0.0 0.0 0.0 0.0 0.0 0.0 0.0 0.0 0.0 0.0 0.0 0.0 0.0 0.0 0.0 0.0 0.0 0.0 0.0 0.0 0.0 0.0 0.0 0.0 0.0 0.0 0.0 0.0 0.0 0.0 0.0 0.0 0.0 0.0 0.0 0.0 0.0 0.0 0.0 0.0 0.0 0.0 0.0 0.0 0.0 0.0 0.0 0.0 0.0 0.0 0.0 0.0 0.0 0.0 0.0 0.0 0.0 0.0 0.0 0.0 0.0 0.0 0.0 0.0 0.0 0.0 0.0 0.0 0.0 0.0 0.0 0.0 0.0 0.0 0.0 0.0 0.0 0.0 0.0 0.0 0.0 0.0 0.0 0.0 0.0 0.0 0.0 0.0 0.0 0.0 0.0 0.0 0.0 0.0 0.0 0.0 0.0 0.0 0.0 0.0 0.0 0.0 0.0 0.0 0.0 0.0 0.0 0.0 0.0 0.0 0.0 0.0 0.0 0.0 0.0 0.0 0.0 1.0 2.0 4.0 7.0 10.0 15.0 21.0 28.0 36.0 45.0 55.0 67.0 80.0 94.0 109.0 122.0 136.0 149.0 162.0 176.0 187.0 200.0 216.0 234.0 250.0 264.0 279.0 294.0 308.0 322.0 338.0 353.0 367.0 382.0 397.0 413.0 427.0 440.0 456.0 472.0 491.0 503.0 516.0 530.0 544.0 557.0 568.0 579.0 591.0 606.0 620.0 632.0 646.0 660.0 674.0 685.0 694.0 704.0 716.0 727.0 737.0 747.0 755.0 758.0 768.0 769.0 771.0 774.0 793.0 794.0 809.0 817.0 823.0 827.0 832.0 833.0 797.0 829.0 844.0 848.0 851.0 847.0 849.0 842.0 852.0 841.0 847.0 848.0 781.0 841.0 848.0 846.0 839.0 808.0 744.0 823.0 820.0 831.0 822.0 829.0 845.0 715.0 801.0 691.0 787.0 811.0 719.0 767.0 754.0 738.0 737.0 717.0 702.0 681.0 721.0 701.0 688.0 675.0 662.0 645.0 631.0 620.0 607.0 592.0 580.0 567.0 554.0 540.0 524.0 509.0 493.0 461.0 443.0 446.0 429.0 412.0 395.0 380.0 364.0 351.0 339.0 328.0 313.0 295.0 274.0 252.0 213.0 224.0 208.0 158.0 171.0 146.0 148.0 122.0 99.0 99.0 84.0 66.0 21.0 12.0 10.0 8.0 6.0 5.0 2.0 2.0 280.4097222222227 325.845101465484
7 1.0 1.0 0.0 0.0 0.0 0.0 0.0 0.0 0.0 0.0 0.0 0.0 0.0 0.0 0.0 0.0 0.0 0.0 0.0 0.0 0.0 0.0 0.0 0.0 0.0 0.0 0.0 0.0 0.0 0.0 0.0 0.0 0.0 0.0 0.0 0.0 0.0 0.0 0.0 0.0 0.0 0.0 0.0 0.0 0.0 0.0 0.0 0.0 0.0 0.0 0.0 0.0 0.0 0.0 0.0 0.0 0.0 0.0 0.0 0.0 0.0 0.0 0.0 0.0 0.0 0.0 0.0 0.0 0.0 0.0 0.0 0.0 0.0 0.0 0.0 0.0 0.0 0.0 0.0 0.0 0.0 0.0 0.0 0.0 0.0 0.0 0.0 0.0 0.0 0.0 0.0 0.0 0.0 0.0 0.0 0.0 0.0 0.0 0.0 0.0 0.0 0.0 0.0 0.0 0.0 0.0 0.0 0.0 0.0 0.0 0.0 0.0 0.0 0.0 0.0 0.0 0.0 0.0 0.0 0.0 0.0 1.0 1.0 3.0 5.0 8.0 13.0 18.0 23.0 31.0 42.0 58.0 70.0 86.0 76.0 86.0 102.0 130.0 142.0 160.0 175.0 190.0 206.0 221.0 237.0 251.0 265.0 279.0 292.0 306.0 323.0 341.0 358.0 375.0 391.0 407.0 423.0 438.0 450.0 462.0 465.0 489.0 502.0 516.0 530.0 544.0 557.0 571.0 585.0 595.0 609.0 621.0 631.0 644.0 655.0 667.0 678.0 687.0 694.0 704.0 713.0 725.0 733.0 740.0 751.0 761.0 768.0 769.0 779.0 785.0 794.0 800.0 803.0 806.0 811.0 814.0 813.0 818.0 824.0 826.0 828.0 825.0 828.0 832.0 833.0 834.0 825.0 820.0 818.0 815.0 820.0 817.0 814.0 817.0 805.0 810.0 801.0 792.0 778.0 781.0 777.0 776.0 772.0 765.0 755.0 743.0 730.0 716.0 708.0 702.0 698.0 695.0 695.0 685.0 480.0 646.0 602.0 627.0 643.0 642.0 598.0 563.0 599.0 583.0 562.0 555.0 542.0 531.0 516.0 500.0 484.0 468.0 453.0 438.0 423.0 403.0 378.0 368.0 362.0 348.0 330.0 311.0 277.0 271.0 266.0 238.0 211.0 204.0 206.0 191.0 162.0 143.0 138.0 128.0 109.0 102.0 82.0 80.0 59.0 41.0 34.0 19.0 10.0 7.0 5.0 4.0 3.0 2.0 272.50347222222257 317.64761443546644
8 1.0 0.0 0.0 0.0 0.0 0.0 0.0 0.0 0.0 0.0 0.0 0.0 0.0 0.0 0.0 0.0 0.0 0.0 0.0 0.0 0.0 0.0 0.0 0.0 0.0 0.0 0.0 0.0 0.0 0.0 0.0 0.0 0.0 0.0 0.0 0.0 0.0 0.0 0.0 0.0 0.0 0.0 0.0 0.0 0.0 0.0 0.0 0.0 0.0 0.0 0.0 0.0 0.0 0.0 0.0 0.0 0.0 0.0 0.0 0.0 0.0 0.0 0.0 0.0 0.0 0.0 0.0 0.0 0.0 0.0 0.0 0.0 0.0 0.0 0.0 0.0 0.0 0.0 0.0 0.0 0.0 0.0 0.0 0.0 0.0 0.0 0.0 0.0 0.0 0.0 0.0 0.0 0.0 0.0 0.0 0.0 0.0 0.0 0.0 0.0 0.0 0.0 0.0 0.0 0.0 0.0 0.0 0.0 0.0 0.0 0.0 0.0 0.0 0.0 0.0 0.0 0.0 0.0 0.0 0.0 0.0 1.0 1.0 2.0 4.0 7.0 11.0 14.0 19.0 30.0 38.0 48.0 59.0 70.0 78.0 87.0 98.0 111.0 126.0 141.0 157.0 172.0 187.0 202.0 216.0 230.0 244.0 258.0 272.0 288.0 303.0 321.0 336.0 350.0 365.0 379.0 394.0 409.0 425.0 435.0 433.0 459.0 477.0 477.0 501.0 513.0 528.0 541.0 552.0 563.0 573.0 573.0 604.0 606.0 621.0 630.0 630.0 651.0 662.0 668.0 679.0 692.0 699.0 707.0 717.0 724.0 701.0 737.0 742.0 747.0 752.0 757.0 759.0 763.0 768.0 770.0 778.0 779.0 778.0 777.0 783.0 786.0 787.0 786.0 788.0 785.0 789.0 789.0 782.0 782.0 783.0 779.0 774.0 772.0 770.0 761.0 756.0 755.0 729.0 734.0 738.0 740.0 737.0 733.0 735.0 732.0 726.0 720.0 707.0 693.0 674.0 665.0 663.0 663.0 653.0 652.0 549.0 600.0 634.0 616.0 612.0 570.0 584.0 567.0 552.0 531.0 515.0 510.0 496.0 481.0 461.0 449.0 438.0 427.0 411.0 395.0 379.0 364.0 347.0 334.0 314.0 299.0 288.0 273.0 242.0 247.0 236.0 223.0 210.0 197.0 182.0 139.0 36.0 33.0 31.0 29.0 27.0 25.0 23.0 21.0 19.0 15.0 11.0 8.0 6.0 4.0 2.0 2.0 259.17361111111177 305.01934204645875
9 1.0 0.0 0.0 0.0 0.0 0.0 0.0 0.0 0.0 0.0 0.0 0.0 0.0 0.0 0.0 0.0 0.0 0.0 0.0 0.0 0.0 0.0 0.0 0.0 0.0 0.0 0.0 0.0 0.0 0.0 0.0 0.0 0.0 0.0 0.0 0.0 0.0 0.0 0.0 0.0 0.0 0.0 0.0 0.0 0.0 0.0 0.0 0.0 0.0 0.0 0.0 0.0 0.0 0.0 0.0 0.0 0.0 0.0 0.0 0.0 0.0 0.0 0.0 0.0 0.0 0.0 0.0 0.0 0.0 0.0 0.0 0.0 0.0 0.0 0.0 0.0 0.0 0.0 0.0 0.0 0.0 0.0 0.0 0.0 0.0 0.0 0.0 0.0 0.0 0.0 0.0 0.0 0.0 0.0 0.0 0.0 0.0 0.0 0.0 0.0 0.0 0.0 0.0 0.0 0.0 0.0 0.0 0.0 0.0 0.0 0.0 0.0 0.0 0.0 0.0 0.0 0.0 0.0 0.0 0.0 1.0 1.0 2.0 4.0 6.0 9.0 13.0 16.0 19.0 31.0 45.0 56.0 68.0 81.0 93.0 105.0 114.0 124.0 135.0 148.0 163.0 173.0 185.0 197.0 207.0 218.0 235.0 248.0 262.0 275.0 290.0 304.0 317.0 332.0 351.0 366.0 381.0 396.0 410.0 426.0 436.0 451.0 466.0 477.0 486.0 486.0 511.0 524.0 532.0 543.0 554.0 567.0 577.0 588.0 598.0 598.0 614.0 621.0 616.0 632.0 641.0 649.0 662.0 671.0 317.0 608.0 657.0 693.0 663.0 708.0 712.0 718.0 722.0 725.0 727.0 736.0 739.0 740.0 740.0 743.0 743.0 740.0 747.0 747.0 744.0 742.0 741.0 741.0 737.0 736.0 737.0 739.0 738.0 733.0 728.0 718.0 719.0 719.0 706.0 696.0 700.0 696.0 692.0 684.0 668.0 667.0 663.0 652.0 637.0 627.0 620.0 609.0 603.0 602.0 597.0 589.0 584.0 574.0 552.0 535.0 501.0 496.0 481.0 490.0 492.0 471.0 464.0 445.0 435.0 416.0 397.0 355.0 305.0 378.0 362.0 323.0 341.0 346.0 327.0 310.0 296.0 279.0 264.0 242.0 226.0 208.0 193.0 182.0 172.0 155.0 148.0 142.0 134.0 125.0 99.0 87.0 65.0 55.0 42.0 21.0 18.0 15.0 11.0 6.0 3.0 3.0 2.0 2.0 242.31944444444397 283.16286427464297
END
#################################################################
SECTION3 (Edges Information)
EndPoint0 EndPoint1 Weight
0 1 1.000000
1 2 1.000000
2 3 1.000000
3 4 1.000000
3 5 1.000000
4 5 1.000000
4 6 1.000000
5 6 1.000000
5 7 1.000000
6 7 1.000000
7 8 1.000000
7 9 1.000000
8 9 1.000000
END
#################################################################
SECTION4 (TrueSubGraph Information)
EndPoint0 EndPoint1 Weight
END
#################################################################
