#################################################################
#APDM Input Graph, this input graph includes 3 sections:
#section1 : general information
#section2 : nodes
#section3 : edges
#section4 : trueSubGraph (Optional)
#
#if nodes haven't information set weight to null
#################################################################
SECTION1 (General Information)
numNodes = 10
numEdges = 13
usedAlgorithm = NULL
dataSource = TransWeatherRealData
END
#################################################################
SECTION2 (Nodes Information)
NodeID rad  mean  std 
0 0.0 0.0 0.0 0.0 0.0 0.0 0.0 0.0 0.0 0.0 0.0 0.0 0.0 0.0 0.0 0.0 0.0 0.0 0.0 0.0 0.0 0.0 0.0 0.0 0.0 0.0 0.0 0.0 0.0 0.0 0.0 0.0 0.0 0.0 0.0 0.0 0.0 0.0 0.0 0.0 0.0 0.0 0.0 0.0 0.0 0.0 0.0 0.0 0.0 0.0 0.0 0.0 0.0 0.0 0.0 0.0 0.0 0.0 0.0 0.0 0.0 0.0 0.0 0.0 0.0 0.0 0.0 0.0 0.0 0.0 0.0 0.0 0.0 0.0 0.0 0.0 0.0 0.0 0.0 0.0 0.0 0.0 0.0 0.0 0.0 0.0 0.0 0.0 0.0 0.0 0.0 0.0 0.0 0.0 0.0 0.0 0.0 0.0 0.0 0.0 0.0 0.0 0.0 0.0 0.0 0.0 0.0 0.0 0.0 0.0 0.0 0.0 0.0 0.0 0.0 0.0 0.0 0.0 0.0 0.0 0.0 0.0 0.0 0.0 0.0 0.0 0.0 0.0 0.0 0.0 0.0 0.0 0.0 0.0 1.0 1.0 2.0 6.0 12.0 19.0 12.0 13.0 19.0 22.0 29.0 34.0 31.0 26.0 21.0 25.0 43.0 48.0 59.0 56.0 51.0 67.0 74.0 82.0 66.0 69.0 84.0 89.0 69.0 59.0 60.0 78.0 72.0 71.0 82.0 131.0 142.0 128.0 92.0 74.0 67.0 68.0 67.0 66.0 64.0 72.0 73.0 75.0 76.0 75.0 70.0 77.0 86.0 83.0 74.0 64.0 77.0 89.0 87.0 85.0 73.0 77.0 79.0 94.0 92.0 103.0 104.0 94.0 91.0 90.0 84.0 90.0 91.0 102.0 108.0 119.0 116.0 101.0 97.0 102.0 107.0 122.0 125.0 113.0 120.0 153.0 170.0 118.0 130.0 139.0 122.0 123.0 115.0 129.0 150.0 128.0 125.0 128.0 120.0 103.0 107.0 105.0 144.0 111.0 100.0 100.0 111.0 111.0 122.0 123.0 140.0 127.0 128.0 115.0 102.0 99.0 104.0 110.0 103.0 116.0 113.0 117.0 113.0 112.0 104.0 109.0 107.0 101.0 76.0 66.0 70.0 75.0 82.0 66.0 62.0 50.0 48.0 58.0 45.0 34.0 29.0 20.0 25.0 16.0 12.0 11.0 10.0 6.0 3.0 2.0 1.0 1.0 0.0 0.0 41.95486111111099 49.00758716750541
1 0.0 0.0 0.0 0.0 0.0 0.0 0.0 0.0 0.0 0.0 0.0 0.0 0.0 0.0 0.0 0.0 0.0 0.0 0.0 0.0 0.0 0.0 0.0 0.0 0.0 0.0 0.0 0.0 0.0 0.0 0.0 0.0 0.0 0.0 0.0 0.0 0.0 0.0 0.0 0.0 0.0 0.0 0.0 0.0 0.0 0.0 0.0 0.0 0.0 0.0 0.0 0.0 0.0 0.0 0.0 0.0 0.0 0.0 0.0 0.0 0.0 0.0 0.0 0.0 0.0 0.0 0.0 0.0 0.0 0.0 0.0 0.0 0.0 0.0 0.0 0.0 0.0 0.0 0.0 0.0 0.0 0.0 0.0 0.0 0.0 0.0 0.0 0.0 0.0 0.0 0.0 0.0 0.0 0.0 0.0 0.0 0.0 0.0 0.0 0.0 0.0 0.0 0.0 0.0 0.0 0.0 0.0 0.0 0.0 0.0 0.0 0.0 0.0 0.0 0.0 0.0 0.0 0.0 0.0 0.0 0.0 0.0 0.0 0.0 0.0 0.0 0.0 0.0 0.0 0.0 0.0 0.0 0.0 0.0 1.0 1.0 1.0 1.0 6.0 11.0 14.0 12.0 10.0 13.0 24.0 20.0 20.0 12.0 19.0 22.0 39.0 59.0 84.0 85.0 112.0 114.0 122.0 136.0 187.0 152.0 178.0 159.0 151.0 131.0 130.0 140.0 116.0 115.0 242.0 280.0 212.0 221.0 217.0 226.0 241.0 249.0 258.0 273.0 263.0 257.0 242.0 237.0 227.0 224.0 199.0 176.0 165.0 156.0 128.0 114.0 109.0 115.0 139.0 123.0 124.0 121.0 127.0 105.0 87.0 94.0 118.0 120.0 127.0 137.0 156.0 161.0 210.0 248.0 341.0 330.0 326.0 305.0 272.0 295.0 179.0 149.0 157.0 143.0 141.0 117.0 139.0 117.0 115.0 114.0 107.0 106.0 105.0 100.0 99.0 103.0 115.0 122.0 108.0 106.0 111.0 114.0 110.0 128.0 152.0 124.0 162.0 135.0 137.0 114.0 117.0 109.0 108.0 109.0 108.0 115.0 123.0 107.0 86.0 87.0 84.0 74.0 73.0 71.0 61.0 60.0 58.0 60.0 55.0 53.0 51.0 44.0 37.0 31.0 28.0 22.0 19.0 16.0 16.0 15.0 16.0 13.0 11.0 7.0 5.0 5.0 3.0 2.0 1.0 1.0 0.0 0.0 0.0 0.0 60.013888888889 82.16270813343704
2 0.0 0.0 0.0 0.0 0.0 0.0 0.0 0.0 0.0 0.0 0.0 0.0 0.0 0.0 0.0 0.0 0.0 0.0 0.0 0.0 0.0 0.0 0.0 0.0 0.0 0.0 0.0 0.0 0.0 0.0 0.0 0.0 0.0 0.0 0.0 0.0 0.0 0.0 0.0 0.0 0.0 0.0 0.0 0.0 0.0 0.0 0.0 0.0 0.0 0.0 0.0 0.0 0.0 0.0 0.0 0.0 0.0 0.0 0.0 0.0 0.0 0.0 0.0 0.0 0.0 0.0 0.0 0.0 0.0 0.0 0.0 0.0 0.0 0.0 0.0 0.0 0.0 0.0 0.0 0.0 0.0 0.0 0.0 0.0 0.0 0.0 0.0 0.0 0.0 0.0 0.0 0.0 0.0 0.0 0.0 0.0 0.0 0.0 0.0 0.0 0.0 0.0 0.0 0.0 0.0 0.0 0.0 0.0 0.0 0.0 0.0 0.0 0.0 0.0 0.0 0.0 0.0 0.0 0.0 0.0 0.0 0.0 0.0 0.0 0.0 0.0 0.0 0.0 0.0 0.0 0.0 0.0 0.0 0.0 0.0 1.0 1.0 1.0 3.0 3.0 3.0 3.0 7.0 12.0 15.0 22.0 25.0 13.0 16.0 10.0 12.0 16.0 15.0 12.0 12.0 16.0 16.0 17.0 41.0 31.0 50.0 139.0 143.0 146.0 138.0 148.0 187.0 204.0 222.0 376.0 229.0 195.0 141.0 162.0 148.0 217.0 210.0 189.0 197.0 217.0 267.0 234.0 263.0 199.0 194.0 196.0 206.0 205.0 218.0 233.0 222.0 169.0 144.0 145.0 166.0 228.0 251.0 294.0 273.0 234.0 186.0 130.0 112.0 109.0 127.0 149.0 174.0 194.0 219.0 254.0 377.0 390.0 409.0 342.0 316.0 286.0 330.0 257.0 270.0 248.0 365.0 357.0 281.0 261.0 201.0 216.0 217.0 283.0 159.0 177.0 124.0 102.0 108.0 91.0 82.0 74.0 73.0 69.0 69.0 68.0 78.0 83.0 72.0 65.0 65.0 102.0 100.0 78.0 70.0 99.0 161.0 156.0 92.0 63.0 53.0 46.0 43.0 40.0 34.0 33.0 41.0 45.0 38.0 31.0 26.0 24.0 21.0 17.0 15.0 13.0 12.0 11.0 11.0 9.0 8.0 6.0 5.0 4.0 3.0 2.0 2.0 1.0 1.0 0.0 0.0 0.0 0.0 0.0 64.08680555555563 98.98486193101512
3 0.0 0.0 0.0 0.0 0.0 0.0 0.0 0.0 0.0 0.0 0.0 0.0 0.0 0.0 0.0 0.0 0.0 0.0 0.0 0.0 0.0 0.0 0.0 0.0 0.0 0.0 0.0 0.0 0.0 0.0 0.0 0.0 0.0 0.0 0.0 0.0 0.0 0.0 0.0 0.0 0.0 0.0 0.0 0.0 0.0 0.0 0.0 0.0 0.0 0.0 0.0 0.0 0.0 0.0 0.0 0.0 0.0 0.0 0.0 0.0 0.0 0.0 0.0 0.0 0.0 0.0 0.0 0.0 0.0 0.0 0.0 0.0 0.0 0.0 0.0 0.0 0.0 0.0 0.0 0.0 0.0 0.0 0.0 0.0 0.0 0.0 0.0 0.0 0.0 0.0 0.0 0.0 0.0 0.0 0.0 0.0 0.0 0.0 0.0 0.0 0.0 0.0 0.0 0.0 0.0 0.0 0.0 0.0 0.0 0.0 0.0 0.0 0.0 0.0 0.0 0.0 0.0 0.0 0.0 0.0 0.0 0.0 0.0 0.0 0.0 0.0 0.0 0.0 0.0 0.0 0.0 0.0 0.0 0.0 0.0 0.0 0.0 0.0 1.0 3.0 7.0 10.0 5.0 5.0 4.0 5.0 5.0 7.0 11.0 9.0 9.0 10.0 16.0 11.0 11.0 12.0 8.0 11.0 8.0 9.0 12.0 15.0 16.0 15.0 18.0 28.0 33.0 31.0 33.0 44.0 64.0 60.0 61.0 67.0 66.0 76.0 118.0 202.0 273.0 234.0 257.0 270.0 254.0 293.0 447.0 385.0 457.0 375.0 155.0 160.0 171.0 173.0 176.0 126.0 108.0 94.0 97.0 125.0 150.0 151.0 146.0 163.0 143.0 136.0 161.0 175.0 204.0 154.0 118.0 96.0 74.0 77.0 95.0 139.0 153.0 173.0 159.0 153.0 183.0 159.0 143.0 134.0 116.0 112.0 95.0 87.0 86.0 89.0 101.0 108.0 90.0 62.0 71.0 92.0 119.0 79.0 66.0 74.0 76.0 76.0 69.0 76.0 87.0 154.0 99.0 42.0 52.0 64.0 53.0 68.0 55.0 60.0 53.0 41.0 41.0 38.0 36.0 37.0 42.0 35.0 32.0 32.0 31.0 33.0 41.0 32.0 21.0 16.0 15.0 14.0 13.0 11.0 9.0 8.0 7.0 5.0 4.0 3.0 2.0 1.0 1.0 1.0 0.0 0.0 0.0 0.0 0.0 0.0 42.84027777777788 75.53047364278247
4 0.0 0.0 0.0 0.0 0.0 0.0 0.0 0.0 0.0 0.0 0.0 0.0 0.0 0.0 0.0 0.0 0.0 0.0 0.0 0.0 0.0 0.0 0.0 0.0 0.0 0.0 0.0 0.0 0.0 0.0 0.0 0.0 0.0 0.0 0.0 0.0 0.0 0.0 0.0 0.0 0.0 0.0 0.0 0.0 0.0 0.0 0.0 0.0 0.0 0.0 0.0 0.0 0.0 0.0 0.0 0.0 0.0 0.0 0.0 0.0 0.0 0.0 0.0 0.0 0.0 0.0 0.0 0.0 0.0 0.0 0.0 0.0 0.0 0.0 0.0 0.0 0.0 0.0 0.0 0.0 0.0 0.0 0.0 0.0 0.0 0.0 0.0 0.0 0.0 0.0 0.0 0.0 0.0 0.0 0.0 0.0 0.0 0.0 0.0 0.0 0.0 0.0 0.0 0.0 0.0 0.0 0.0 0.0 0.0 0.0 0.0 0.0 0.0 0.0 0.0 0.0 0.0 0.0 0.0 0.0 0.0 0.0 0.0 0.0 0.0 0.0 0.0 0.0 0.0 0.0 0.0 0.0 0.0 0.0 0.0 0.0 0.0 0.0 0.0 0.0 0.0 2.0 2.0 4.0 7.0 8.0 9.0 4.0 3.0 7.0 10.0 7.0 10.0 13.0 12.0 13.0 13.0 15.0 14.0 12.0 16.0 20.0 20.0 18.0 25.0 35.0 33.0 41.0 23.0 24.0 34.0 32.0 32.0 35.0 38.0 45.0 58.0 57.0 58.0 60.0 77.0 108.0 182.0 194.0 201.0 153.0 133.0 151.0 155.0 172.0 137.0 134.0 161.0 149.0 216.0 173.0 174.0 116.0 66.0 56.0 71.0 81.0 72.0 77.0 70.0 68.0 72.0 77.0 79.0 85.0 81.0 87.0 82.0 96.0 94.0 90.0 122.0 121.0 140.0 129.0 122.0 118.0 120.0 126.0 120.0 101.0 104.0 106.0 112.0 114.0 94.0 83.0 75.0 71.0 73.0 71.0 69.0 70.0 63.0 61.0 59.0 61.0 56.0 54.0 49.0 52.0 54.0 45.0 45.0 40.0 50.0 49.0 52.0 70.0 60.0 55.0 61.0 63.0 68.0 51.0 50.0 80.0 67.0 49.0 37.0 31.0 27.0 22.0 19.0 16.0 14.0 13.0 11.0 10.0 8.0 7.0 5.0 4.0 3.0 2.0 2.0 1.0 1.0 0.0 0.0 0.0 0.0 0.0 31.30902777777783 47.35511542106914
5 0.0 0.0 0.0 0.0 0.0 0.0 0.0 0.0 0.0 0.0 0.0 0.0 0.0 0.0 0.0 0.0 0.0 0.0 0.0 0.0 0.0 0.0 0.0 0.0 0.0 0.0 0.0 0.0 0.0 0.0 0.0 0.0 0.0 0.0 0.0 0.0 0.0 0.0 0.0 0.0 0.0 0.0 0.0 0.0 0.0 0.0 0.0 0.0 0.0 0.0 0.0 0.0 0.0 0.0 0.0 0.0 0.0 0.0 0.0 0.0 0.0 0.0 0.0 0.0 0.0 0.0 0.0 0.0 0.0 0.0 0.0 0.0 0.0 0.0 0.0 0.0 0.0 0.0 0.0 0.0 0.0 0.0 0.0 0.0 0.0 0.0 0.0 0.0 0.0 0.0 0.0 0.0 0.0 0.0 0.0 0.0 0.0 0.0 0.0 0.0 0.0 0.0 0.0 0.0 0.0 0.0 0.0 0.0 0.0 0.0 0.0 0.0 0.0 0.0 0.0 0.0 0.0 0.0 0.0 0.0 0.0 0.0 0.0 0.0 0.0 0.0 0.0 0.0 0.0 0.0 0.0 0.0 0.0 0.0 1.0 3.0 5.0 4.0 3.0 2.0 2.0 3.0 3.0 3.0 4.0 6.0 5.0 6.0 8.0 9.0 13.0 29.0 16.0 10.0 18.0 30.0 27.0 19.0 50.0 29.0 36.0 37.0 31.0 18.0 27.0 35.0 25.0 13.0 13.0 8.0 10.0 11.0 21.0 16.0 14.0 13.0 13.0 16.0 20.0 24.0 34.0 41.0 49.0 85.0 82.0 108.0 104.0 100.0 117.0 106.0 102.0 65.0 70.0 95.0 83.0 67.0 97.0 179.0 117.0 82.0 73.0 78.0 88.0 64.0 76.0 80.0 71.0 79.0 99.0 114.0 114.0 100.0 113.0 133.0 82.0 74.0 106.0 125.0 141.0 143.0 211.0 192.0 189.0 192.0 115.0 98.0 107.0 126.0 106.0 114.0 144.0 129.0 121.0 90.0 100.0 89.0 86.0 90.0 69.0 86.0 81.0 62.0 56.0 52.0 44.0 39.0 38.0 35.0 35.0 32.0 32.0 34.0 39.0 35.0 32.0 30.0 32.0 33.0 30.0 24.0 21.0 20.0 18.0 18.0 18.0 18.0 15.0 13.0 12.0 11.0 9.0 8.0 9.0 7.0 6.0 5.0 4.0 3.0 2.0 2.0 1.0 1.0 0.0 0.0 0.0 0.0 0.0 0.0 27.482638888888975 43.87493761252878
6 0.0 0.0 0.0 0.0 0.0 0.0 0.0 0.0 0.0 0.0 0.0 0.0 0.0 0.0 0.0 0.0 0.0 0.0 0.0 0.0 0.0 0.0 0.0 0.0 0.0 0.0 0.0 0.0 0.0 0.0 0.0 0.0 0.0 0.0 0.0 0.0 0.0 0.0 0.0 0.0 0.0 0.0 0.0 0.0 0.0 0.0 0.0 0.0 0.0 0.0 0.0 0.0 0.0 0.0 0.0 0.0 0.0 0.0 0.0 0.0 0.0 0.0 0.0 0.0 0.0 0.0 0.0 0.0 0.0 0.0 0.0 0.0 0.0 0.0 0.0 0.0 0.0 0.0 0.0 0.0 0.0 0.0 0.0 0.0 0.0 0.0 0.0 0.0 0.0 0.0 0.0 0.0 0.0 0.0 0.0 0.0 0.0 0.0 0.0 0.0 0.0 0.0 0.0 0.0 0.0 0.0 0.0 0.0 0.0 0.0 0.0 0.0 0.0 0.0 0.0 0.0 0.0 0.0 0.0 0.0 0.0 0.0 0.0 0.0 0.0 0.0 0.0 0.0 0.0 0.0 0.0 0.0 0.0 1.0 2.0 4.0 8.0 8.0 3.0 4.0 5.0 7.0 5.0 4.0 7.0 10.0 7.0 7.0 6.0 6.0 8.0 13.0 13.0 16.0 14.0 13.0 7.0 7.0 9.0 10.0 21.0 35.0 64.0 44.0 44.0 36.0 75.0 76.0 44.0 87.0 92.0 70.0 35.0 36.0 25.0 24.0 24.0 29.0 30.0 23.0 15.0 21.0 58.0 31.0 25.0 27.0 44.0 56.0 86.0 74.0 42.0 47.0 64.0 122.0 163.0 118.0 138.0 131.0 110.0 129.0 102.0 87.0 112.0 115.0 115.0 80.0 54.0 62.0 71.0 65.0 83.0 93.0 79.0 66.0 57.0 69.0 111.0 152.0 159.0 178.0 229.0 163.0 111.0 120.0 112.0 114.0 120.0 181.0 188.0 155.0 177.0 156.0 139.0 110.0 111.0 83.0 79.0 75.0 58.0 57.0 68.0 92.0 79.0 74.0 72.0 70.0 62.0 48.0 48.0 54.0 51.0 44.0 40.0 37.0 32.0 34.0 33.0 34.0 40.0 36.0 51.0 32.0 37.0 36.0 30.0 34.0 28.0 29.0 20.0 13.0 10.0 7.0 7.0 8.0 7.0 6.0 7.0 6.0 4.0 2.0 1.0 0.0 0.0 0.0 0.0 0.0 0.0 0.0 29.479166666666657 45.59562738831213
7 0.0 0.0 0.0 0.0 0.0 0.0 0.0 0.0 0.0 0.0 0.0 0.0 0.0 0.0 0.0 0.0 0.0 0.0 0.0 0.0 0.0 0.0 0.0 0.0 0.0 0.0 0.0 0.0 0.0 0.0 0.0 0.0 0.0 0.0 0.0 0.0 0.0 0.0 0.0 0.0 0.0 0.0 0.0 0.0 0.0 0.0 0.0 0.0 0.0 0.0 0.0 0.0 0.0 0.0 0.0 0.0 0.0 0.0 0.0 0.0 0.0 0.0 0.0 0.0 0.0 0.0 0.0 0.0 0.0 0.0 0.0 0.0 0.0 0.0 0.0 0.0 0.0 0.0 0.0 0.0 0.0 0.0 0.0 0.0 0.0 0.0 0.0 0.0 0.0 0.0 0.0 0.0 0.0 0.0 0.0 0.0 0.0 0.0 0.0 0.0 0.0 0.0 0.0 0.0 0.0 0.0 0.0 0.0 0.0 0.0 0.0 0.0 0.0 0.0 0.0 0.0 0.0 0.0 0.0 0.0 0.0 0.0 0.0 0.0 0.0 0.0 0.0 0.0 0.0 0.0 0.0 0.0 0.0 1.0 2.0 3.0 3.0 4.0 4.0 3.0 4.0 6.0 8.0 11.0 16.0 19.0 17.0 18.0 15.0 14.0 17.0 29.0 27.0 36.0 32.0 31.0 45.0 41.0 42.0 50.0 42.0 57.0 65.0 101.0 121.0 131.0 123.0 206.0 235.0 152.0 220.0 316.0 257.0 207.0 199.0 410.0 415.0 325.0 429.0 269.0 167.0 64.0 63.0 53.0 50.0 32.0 21.0 18.0 17.0 21.0 35.0 46.0 32.0 29.0 58.0 95.0 87.0 106.0 97.0 69.0 57.0 50.0 59.0 58.0 59.0 60.0 77.0 124.0 157.0 203.0 174.0 185.0 299.0 314.0 481.0 326.0 214.0 126.0 209.0 156.0 149.0 150.0 153.0 136.0 147.0 127.0 85.0 71.0 81.0 107.0 111.0 134.0 178.0 244.0 241.0 189.0 205.0 272.0 434.0 289.0 280.0 480.0 444.0 351.0 380.0 371.0 304.0 211.0 156.0 165.0 103.0 71.0 60.0 57.0 57.0 44.0 37.0 37.0 36.0 30.0 25.0 20.0 21.0 24.0 19.0 20.0 22.0 27.0 30.0 18.0 20.0 16.0 18.0 12.0 8.0 6.0 3.0 3.0 2.0 1.0 1.0 1.0 0.0 0.0 0.0 0.0 0.0 0.0 58.402777777777956 102.86101169757518
8 0.0 0.0 0.0 0.0 0.0 0.0 0.0 0.0 0.0 0.0 0.0 0.0 0.0 0.0 0.0 0.0 0.0 0.0 0.0 0.0 0.0 0.0 0.0 0.0 0.0 0.0 0.0 0.0 0.0 0.0 0.0 0.0 0.0 0.0 0.0 0.0 0.0 0.0 0.0 0.0 0.0 0.0 0.0 0.0 0.0 0.0 0.0 0.0 0.0 0.0 0.0 0.0 0.0 0.0 0.0 0.0 0.0 0.0 0.0 0.0 0.0 0.0 0.0 0.0 0.0 0.0 0.0 0.0 0.0 0.0 0.0 0.0 0.0 0.0 0.0 0.0 0.0 0.0 0.0 0.0 0.0 0.0 0.0 0.0 0.0 0.0 0.0 0.0 0.0 0.0 0.0 0.0 0.0 0.0 0.0 0.0 0.0 0.0 0.0 0.0 0.0 0.0 0.0 0.0 0.0 0.0 0.0 0.0 0.0 0.0 0.0 0.0 0.0 0.0 0.0 0.0 0.0 0.0 0.0 0.0 0.0 0.0 0.0 0.0 0.0 0.0 0.0 0.0 0.0 0.0 0.0 0.0 1.0 2.0 5.0 8.0 9.0 10.0 10.0 9.0 8.0 7.0 7.0 11.0 23.0 31.0 27.0 21.0 15.0 21.0 25.0 25.0 26.0 42.0 50.0 63.0 70.0 112.0 150.0 88.0 58.0 93.0 136.0 115.0 118.0 140.0 197.0 244.0 267.0 221.0 216.0 168.0 198.0 182.0 151.0 377.0 557.0 603.0 599.0 498.0 583.0 588.0 613.0 504.0 156.0 277.0 336.0 225.0 192.0 114.0 27.0 37.0 37.0 69.0 80.0 181.0 171.0 157.0 135.0 90.0 54.0 42.0 31.0 34.0 37.0 33.0 34.0 43.0 48.0 53.0 58.0 38.0 42.0 50.0 49.0 55.0 80.0 81.0 92.0 121.0 131.0 150.0 141.0 112.0 112.0 128.0 139.0 140.0 151.0 172.0 160.0 138.0 129.0 104.0 105.0 65.0 91.0 96.0 120.0 195.0 191.0 140.0 132.0 160.0 193.0 210.0 237.0 207.0 186.0 148.0 180.0 180.0 121.0 74.0 64.0 64.0 79.0 67.0 45.0 45.0 46.0 35.0 35.0 24.0 29.0 20.0 18.0 16.0 14.0 10.0 12.0 11.0 7.0 7.0 6.0 5.0 4.0 4.0 2.0 2.0 1.0 1.0 0.0 0.0 0.0 0.0 0.0 0.0 59.972222222222086 111.07943257277252
9 0.0 0.0 0.0 0.0 0.0 0.0 0.0 0.0 0.0 0.0 0.0 0.0 0.0 0.0 0.0 0.0 0.0 0.0 0.0 0.0 0.0 0.0 0.0 0.0 0.0 0.0 0.0 0.0 0.0 0.0 0.0 0.0 0.0 0.0 0.0 0.0 0.0 0.0 0.0 0.0 0.0 0.0 0.0 0.0 0.0 0.0 0.0 0.0 0.0 0.0 0.0 0.0 0.0 0.0 0.0 0.0 0.0 0.0 0.0 0.0 0.0 0.0 0.0 0.0 0.0 0.0 0.0 0.0 0.0 0.0 0.0 0.0 0.0 0.0 0.0 0.0 0.0 0.0 0.0 0.0 0.0 0.0 0.0 0.0 0.0 0.0 0.0 0.0 0.0 0.0 0.0 0.0 0.0 0.0 0.0 0.0 0.0 0.0 0.0 0.0 0.0 0.0 0.0 0.0 0.0 0.0 0.0 0.0 0.0 0.0 0.0 0.0 0.0 0.0 0.0 0.0 0.0 0.0 0.0 0.0 0.0 0.0 0.0 0.0 0.0 0.0 0.0 0.0 0.0 0.0 0.0 0.0 1.0 1.0 1.0 2.0 3.0 4.0 5.0 4.0 4.0 4.0 4.0 5.0 9.0 10.0 10.0 10.0 10.0 10.0 13.0 13.0 11.0 12.0 14.0 15.0 16.0 18.0 19.0 19.0 22.0 19.0 18.0 27.0 18.0 27.0 45.0 59.0 44.0 47.0 49.0 50.0 50.0 48.0 67.0 89.0 124.0 140.0 120.0 102.0 146.0 129.0 81.0 82.0 101.0 133.0 105.0 85.0 85.0 103.0 115.0 178.0 213.0 270.0 232.0 236.0 235.0 140.0 133.0 132.0 129.0 134.0 124.0 95.0 98.0 105.0 222.0 344.0 442.0 582.0 624.0 502.0 160.0 35.0 20.0 20.0 24.0 27.0 31.0 47.0 69.0 61.0 57.0 36.0 31.0 31.0 25.0 25.0 28.0 23.0 29.0 36.0 28.0 32.0 31.0 31.0 38.0 56.0 67.0 67.0 71.0 78.0 106.0 123.0 103.0 127.0 171.0 189.0 167.0 158.0 119.0 104.0 114.0 96.0 132.0 116.0 105.0 125.0 163.0 145.0 125.0 116.0 86.0 73.0 69.0 60.0 50.0 50.0 50.0 39.0 36.0 33.0 28.0 18.0 17.0 11.0 7.0 6.0 4.0 3.0 2.0 1.0 0.0 0.0 0.0 0.0 0.0 0.0 42.73611111111101 82.61239718587018
END
#################################################################
SECTION3 (Edges Information)
EndPoint0 EndPoint1 Weight
0 1 1.000000
1 2 1.000000
2 3 1.000000
3 4 1.000000
3 5 1.000000
4 5 1.000000
4 6 1.000000
5 6 1.000000
5 7 1.000000
6 7 1.000000
7 8 1.000000
7 9 1.000000
8 9 1.000000
END
#################################################################
SECTION4 (TrueSubGraph Information)
EndPoint0 EndPoint1 Weight
END
#################################################################
