#################################################################
#APDM Input Graph, this input graph includes 3 sections:
#section1 : general information
#section2 : nodes
#section3 : edges
#section4 : trueSubGraph (Optional)
#
#if nodes haven't information set weight to null
#################################################################
SECTION1 (General Information)
numNodes = 10
numEdges = 13
usedAlgorithm = NULL
dataSource = TransWeatherRealData
END
#################################################################
SECTION2 (Nodes Information)
NodeID rad  mean  std 
0 10.0 7.0 4.0 2.0 1.0 0.0 0.0 0.0 0.0 0.0 0.0 0.0 0.0 0.0 0.0 0.0 0.0 0.0 0.0 0.0 0.0 0.0 0.0 0.0 0.0 0.0 0.0 0.0 0.0 0.0 0.0 0.0 0.0 0.0 0.0 0.0 0.0 0.0 0.0 0.0 0.0 0.0 0.0 0.0 0.0 0.0 0.0 0.0 0.0 0.0 0.0 0.0 0.0 0.0 0.0 0.0 0.0 0.0 0.0 0.0 0.0 0.0 0.0 0.0 0.0 0.0 0.0 0.0 0.0 0.0 0.0 0.0 0.0 0.0 0.0 0.0 0.0 0.0 0.0 0.0 0.0 0.0 0.0 0.0 0.0 0.0 0.0 0.0 0.0 0.0 0.0 0.0 0.0 0.0 0.0 0.0 0.0 0.0 0.0 0.0 0.0 0.0 0.0 0.0 0.0 0.0 0.0 0.0 0.0 0.0 0.0 0.0 0.0 0.0 0.0 0.0 0.0 0.0 0.0 0.0 0.0 0.0 0.0 0.0 1.0 5.0 10.0 12.0 14.0 15.0 16.0 15.0 16.0 18.0 16.0 15.0 15.0 15.0 14.0 14.0 15.0 15.0 16.0 10.0 8.0 27.0 22.0 21.0 17.0 9.0 3.0 9.0 16.0 19.0 21.0 14.0 29.0 22.0 26.0 19.0 31.0 53.0 38.0 38.0 46.0 65.0 78.0 81.0 102.0 77.0 77.0 140.0 187.0 216.0 176.0 149.0 179.0 191.0 256.0 321.0 262.0 226.0 248.0 305.0 311.0 311.0 277.0 291.0 320.0 336.0 363.0 380.0 359.0 343.0 367.0 465.0 270.0 308.0 304.0 298.0 393.0 244.0 170.0 233.0 241.0 230.0 313.0 331.0 360.0 438.0 481.0 478.0 421.0 513.0 711.0 392.0 272.0 448.0 218.0 64.0 48.0 127.0 468.0 375.0 179.0 148.0 214.0 282.0 94.0 137.0 88.0 100.0 429.0 491.0 648.0 513.0 345.0 321.0 231.0 117.0 153.0 142.0 254.0 280.0 298.0 177.0 177.0 123.0 426.0 236.0 236.0 205.0 122.0 97.0 135.0 259.0 194.0 147.0 101.0 81.0 86.0 117.0 99.0 240.0 377.0 389.0 436.0 296.0 200.0 103.0 57.0 78.0 114.0 138.0 140.0 128.0 134.0 184.0 234.0 254.0 234.0 163.0 178.0 135.0 99.0 70.0 32.0 25.0 105.23263888888894 146.14328100381167
1 4.0 2.0 1.0 1.0 1.0 0.0 0.0 0.0 0.0 0.0 0.0 0.0 0.0 0.0 0.0 0.0 0.0 0.0 0.0 0.0 0.0 0.0 0.0 0.0 0.0 0.0 0.0 0.0 0.0 0.0 0.0 0.0 0.0 0.0 0.0 0.0 0.0 0.0 0.0 0.0 0.0 0.0 0.0 0.0 0.0 0.0 0.0 0.0 0.0 0.0 0.0 0.0 0.0 0.0 0.0 0.0 0.0 0.0 0.0 0.0 0.0 0.0 0.0 0.0 0.0 0.0 0.0 0.0 0.0 0.0 0.0 0.0 0.0 0.0 0.0 0.0 0.0 0.0 0.0 0.0 0.0 0.0 0.0 0.0 0.0 0.0 0.0 0.0 0.0 0.0 0.0 0.0 0.0 0.0 0.0 0.0 0.0 0.0 0.0 0.0 0.0 0.0 0.0 0.0 0.0 0.0 0.0 0.0 0.0 0.0 0.0 0.0 0.0 0.0 0.0 0.0 0.0 0.0 0.0 0.0 0.0 0.0 0.0 0.0 0.0 1.0 2.0 4.0 7.0 10.0 11.0 11.0 12.0 14.0 19.0 24.0 31.0 42.0 56.0 76.0 82.0 105.0 88.0 78.0 72.0 76.0 85.0 75.0 93.0 93.0 80.0 61.0 47.0 46.0 35.0 32.0 31.0 48.0 86.0 74.0 58.0 77.0 87.0 83.0 78.0 96.0 111.0 83.0 71.0 72.0 73.0 95.0 93.0 85.0 96.0 117.0 148.0 156.0 173.0 211.0 237.0 351.0 347.0 351.0 658.0 646.0 685.0 640.0 820.0 581.0 477.0 452.0 532.0 779.0 759.0 643.0 671.0 595.0 630.0 567.0 369.0 409.0 374.0 355.0 411.0 573.0 639.0 557.0 353.0 343.0 535.0 536.0 409.0 432.0 500.0 641.0 747.0 649.0 492.0 395.0 392.0 459.0 269.0 315.0 382.0 399.0 308.0 328.0 300.0 260.0 434.0 424.0 391.0 411.0 746.0 519.0 278.0 360.0 326.0 333.0 174.0 242.0 250.0 268.0 411.0 193.0 160.0 359.0 308.0 243.0 181.0 161.0 126.0 75.0 183.0 412.0 300.0 292.0 276.0 469.0 197.0 153.0 93.0 36.0 23.0 14.0 8.0 9.0 18.0 11.0 7.0 10.0 10.0 10.0 23.0 24.0 13.0 9.0 8.0 6.0 5.0 5.0 8.0 8.0 7.0 8.0 10.0 17.0 133.28472222222197 203.99609421670723
2 8.0 5.0 2.0 1.0 1.0 0.0 0.0 0.0 0.0 0.0 0.0 0.0 0.0 0.0 0.0 0.0 0.0 0.0 0.0 0.0 0.0 0.0 0.0 0.0 0.0 0.0 0.0 0.0 0.0 0.0 0.0 0.0 0.0 0.0 0.0 0.0 0.0 0.0 0.0 0.0 0.0 0.0 0.0 0.0 0.0 0.0 0.0 0.0 0.0 0.0 0.0 0.0 0.0 0.0 0.0 0.0 0.0 0.0 0.0 0.0 0.0 0.0 0.0 0.0 0.0 0.0 0.0 0.0 0.0 0.0 0.0 0.0 0.0 0.0 0.0 0.0 0.0 0.0 0.0 0.0 0.0 0.0 0.0 0.0 0.0 0.0 0.0 0.0 0.0 0.0 0.0 0.0 0.0 0.0 0.0 0.0 0.0 0.0 0.0 0.0 0.0 0.0 0.0 0.0 0.0 0.0 0.0 0.0 0.0 0.0 0.0 0.0 0.0 0.0 0.0 0.0 0.0 0.0 0.0 0.0 0.0 0.0 0.0 0.0 1.0 1.0 1.0 2.0 8.0 15.0 11.0 9.0 14.0 20.0 28.0 31.0 30.0 24.0 20.0 25.0 47.0 66.0 85.0 94.0 90.0 106.0 108.0 115.0 117.0 95.0 84.0 97.0 118.0 128.0 138.0 177.0 184.0 165.0 170.0 174.0 168.0 173.0 176.0 142.0 96.0 80.0 95.0 128.0 150.0 132.0 108.0 104.0 130.0 141.0 136.0 124.0 129.0 131.0 178.0 206.0 152.0 130.0 135.0 123.0 200.0 234.0 180.0 242.0 524.0 490.0 586.0 553.0 730.0 831.0 781.0 849.0 652.0 764.0 485.0 548.0 600.0 551.0 702.0 685.0 570.0 592.0 614.0 308.0 279.0 261.0 269.0 312.0 372.0 352.0 333.0 293.0 300.0 357.0 366.0 326.0 311.0 320.0 352.0 342.0 312.0 294.0 332.0 564.0 693.0 306.0 318.0 321.0 346.0 299.0 240.0 238.0 282.0 195.0 166.0 493.0 499.0 429.0 696.0 461.0 263.0 328.0 326.0 217.0 212.0 193.0 206.0 231.0 138.0 234.0 292.0 53.0 56.0 213.0 355.0 93.0 108.0 150.0 171.0 134.0 121.0 298.0 201.0 76.0 44.0 20.0 9.0 6.0 4.0 5.0 4.0 2.0 2.0 1.0 2.0 3.0 3.0 3.0 6.0 6.0 7.0 5.0 9.0 20.0 127.125 189.76504361183987
3 6.0 3.0 2.0 1.0 1.0 0.0 0.0 0.0 0.0 0.0 0.0 0.0 0.0 0.0 0.0 0.0 0.0 0.0 0.0 0.0 0.0 0.0 0.0 0.0 0.0 0.0 0.0 0.0 0.0 0.0 0.0 0.0 0.0 0.0 0.0 0.0 0.0 0.0 0.0 0.0 0.0 0.0 0.0 0.0 0.0 0.0 0.0 0.0 0.0 0.0 0.0 0.0 0.0 0.0 0.0 0.0 0.0 0.0 0.0 0.0 0.0 0.0 0.0 0.0 0.0 0.0 0.0 0.0 0.0 0.0 0.0 0.0 0.0 0.0 0.0 0.0 0.0 0.0 0.0 0.0 0.0 0.0 0.0 0.0 0.0 0.0 0.0 0.0 0.0 0.0 0.0 0.0 0.0 0.0 0.0 0.0 0.0 0.0 0.0 0.0 0.0 0.0 0.0 0.0 0.0 0.0 0.0 0.0 0.0 0.0 0.0 0.0 0.0 0.0 0.0 0.0 0.0 0.0 0.0 0.0 0.0 0.0 0.0 0.0 1.0 2.0 5.0 6.0 4.0 4.0 6.0 10.0 21.0 27.0 21.0 18.0 26.0 31.0 40.0 45.0 50.0 71.0 71.0 62.0 66.0 62.0 47.0 46.0 46.0 46.0 49.0 62.0 78.0 77.0 79.0 90.0 78.0 85.0 100.0 111.0 99.0 103.0 139.0 182.0 243.0 225.0 177.0 198.0 223.0 211.0 184.0 172.0 191.0 185.0 157.0 147.0 156.0 155.0 187.0 192.0 209.0 238.0 217.0 153.0 246.0 193.0 124.0 175.0 155.0 192.0 278.0 412.0 672.0 508.0 516.0 766.0 854.0 586.0 448.0 448.0 426.0 353.0 426.0 456.0 877.0 976.0 675.0 483.0 551.0 815.0 680.0 849.0 630.0 637.0 479.0 486.0 437.0 484.0 319.0 253.0 235.0 236.0 253.0 260.0 224.0 191.0 175.0 172.0 242.0 629.0 505.0 603.0 501.0 390.0 648.0 703.0 373.0 369.0 389.0 362.0 345.0 683.0 681.0 589.0 456.0 522.0 535.0 409.0 176.0 228.0 458.0 539.0 452.0 253.0 143.0 163.0 146.0 131.0 94.0 96.0 40.0 28.0 47.0 132.0 98.0 73.0 137.0 176.0 208.0 54.0 36.0 17.0 9.0 8.0 6.0 3.0 3.0 1.0 1.0 1.0 2.0 5.0 6.0 5.0 5.0 4.0 12.0 13.0 137.33680555555594 211.66247809581748
4 4.0 3.0 1.0 1.0 0.0 0.0 0.0 0.0 0.0 0.0 0.0 0.0 0.0 0.0 0.0 0.0 0.0 0.0 0.0 0.0 0.0 0.0 0.0 0.0 0.0 0.0 0.0 0.0 0.0 0.0 0.0 0.0 0.0 0.0 0.0 0.0 0.0 0.0 0.0 0.0 0.0 0.0 0.0 0.0 0.0 0.0 0.0 0.0 0.0 0.0 0.0 0.0 0.0 0.0 0.0 0.0 0.0 0.0 0.0 0.0 0.0 0.0 0.0 0.0 0.0 0.0 0.0 0.0 0.0 0.0 0.0 0.0 0.0 0.0 0.0 0.0 0.0 0.0 0.0 0.0 0.0 0.0 0.0 0.0 0.0 0.0 0.0 0.0 0.0 0.0 0.0 0.0 0.0 0.0 0.0 0.0 0.0 0.0 0.0 0.0 0.0 0.0 0.0 0.0 0.0 0.0 0.0 0.0 0.0 0.0 0.0 0.0 0.0 0.0 0.0 0.0 0.0 0.0 0.0 0.0 0.0 0.0 1.0 2.0 1.0 2.0 3.0 4.0 6.0 12.0 21.0 20.0 16.0 19.0 19.0 18.0 25.0 39.0 46.0 65.0 95.0 71.0 61.0 95.0 135.0 151.0 187.0 162.0 171.0 139.0 147.0 156.0 155.0 133.0 110.0 86.0 97.0 100.0 92.0 103.0 139.0 166.0 175.0 178.0 203.0 209.0 208.0 181.0 143.0 129.0 146.0 161.0 157.0 172.0 173.0 208.0 144.0 173.0 218.0 160.0 154.0 134.0 92.0 57.0 74.0 58.0 82.0 124.0 138.0 188.0 215.0 249.0 305.0 339.0 413.0 315.0 286.0 332.0 345.0 366.0 332.0 329.0 363.0 369.0 308.0 298.0 327.0 384.0 474.0 410.0 410.0 704.0 995.0 1092.0 1046.0 813.0 722.0 511.0 370.0 437.0 436.0 479.0 557.0 560.0 421.0 533.0 407.0 410.0 443.0 360.0 331.0 378.0 328.0 278.0 331.0 340.0 305.0 259.0 270.0 279.0 312.0 353.0 365.0 298.0 223.0 236.0 352.0 445.0 524.0 258.0 226.0 321.0 297.0 190.0 88.0 105.0 143.0 91.0 96.0 54.0 62.0 52.0 106.0 87.0 31.0 37.0 22.0 36.0 57.0 53.0 44.0 21.0 22.0 20.0 9.0 6.0 4.0 5.0 8.0 9.0 5.0 2.0 1.0 4.0 8.0 22.0 24.0 23.0 120.27430555555593 183.85158506394907
5 -1.0 -1.0 -1.0 -1.0 -1.0 -1.0 -1.0 -1.0 -1.0 -1.0 -1.0 -1.0 -1.0 -1.0 -1.0 -1.0 -1.0 -1.0 -1.0 -1.0 -1.0 -1.0 -1.0 -1.0 -1.0 -1.0 -1.0 -1.0 -1.0 -1.0 -1.0 -1.0 -1.0 -1.0 -1.0 -1.0 -1.0 -1.0 -1.0 -1.0 -1.0 -1.0 -1.0 -1.0 -1.0 -1.0 -1.0 -1.0 -1.0 -1.0 -1.0 -1.0 -1.0 -1.0 -1.0 -1.0 -1.0 -1.0 -1.0 -1.0 -1.0 -1.0 -1.0 -1.0 -1.0 -1.0 -1.0 -1.0 -1.0 -1.0 -1.0 -1.0 -1.0 -1.0 -1.0 -1.0 -1.0 -1.0 -1.0 -1.0 -1.0 -1.0 -1.0 -1.0 -1.0 -1.0 -1.0 -1.0 -1.0 -1.0 -1.0 -1.0 -1.0 -1.0 -1.0 -1.0 -1.0 -1.0 -1.0 -1.0 -1.0 -1.0 -1.0 -1.0 -1.0 -1.0 -1.0 -1.0 -1.0 -1.0 -1.0 -1.0 -1.0 -1.0 -1.0 -1.0 -1.0 -1.0 -1.0 -1.0 -1.0 -1.0 -1.0 -1.0 -1.0 -1.0 -1.0 -1.0 -1.0 -1.0 -1.0 -1.0 -1.0 -1.0 -1.0 -1.0 -1.0 -1.0 -1.0 -1.0 -1.0 -1.0 -1.0 -1.0 -1.0 -1.0 -1.0 -1.0 -1.0 -1.0 -1.0 -1.0 -1.0 -1.0 -1.0 -1.0 -1.0 -1.0 -1.0 -1.0 -1.0 -1.0 -1.0 -1.0 -1.0 -1.0 -1.0 -1.0 -1.0 -1.0 -1.0 -1.0 -1.0 -1.0 -1.0 -1.0 -1.0 -1.0 -1.0 -1.0 -1.0 -1.0 -1.0 -1.0 -1.0 -1.0 -1.0 -1.0 -1.0 -1.0 -1.0 -1.0 -1.0 -1.0 -1.0 -1.0 -1.0 -1.0 -1.0 -1.0 -1.0 -1.0 -1.0 -1.0 -1.0 -1.0 -1.0 -1.0 -1.0 -1.0 -1.0 -1.0 -1.0 -1.0 -1.0 -1.0 -1.0 -1.0 -1.0 -1.0 -1.0 -1.0 -1.0 -1.0 -1.0 -1.0 -1.0 -1.0 -1.0 -1.0 -1.0 -1.0 -1.0 -1.0 -1.0 -1.0 -1.0 -1.0 -1.0 -1.0 -1.0 -1.0 -1.0 -1.0 -1.0 -1.0 -1.0 -1.0 -1.0 -1.0 -1.0 -1.0 -1.0 -1.0 -1.0 -1.0 -1.0 -1.0 -1.0 -1.0 -1.0 -1.0 -1.0 -1.0 -1.0 -1.0 -1.0 -1.0 -1.0 -1.0 -1.0 -1.0 -1.0 -1.0 -1.0 -1.0 -1.0 -1.0 -1.0 -1.0 -1.0 -1.0 -1.0 -1.0 -1.0 -1.0 -1.0 -1.0 -1.0 0.0
6 4.0 1.0 1.0 0.0 0.0 0.0 0.0 0.0 0.0 0.0 0.0 0.0 0.0 0.0 0.0 0.0 0.0 0.0 0.0 0.0 0.0 0.0 0.0 0.0 0.0 0.0 0.0 0.0 0.0 0.0 0.0 0.0 0.0 0.0 0.0 0.0 0.0 0.0 0.0 0.0 0.0 0.0 0.0 0.0 0.0 0.0 0.0 0.0 0.0 0.0 0.0 0.0 0.0 0.0 0.0 0.0 0.0 0.0 0.0 0.0 0.0 0.0 0.0 0.0 0.0 0.0 0.0 0.0 0.0 0.0 0.0 0.0 0.0 0.0 0.0 0.0 0.0 0.0 0.0 0.0 0.0 0.0 0.0 0.0 0.0 0.0 0.0 0.0 0.0 0.0 0.0 0.0 0.0 0.0 0.0 0.0 0.0 0.0 0.0 0.0 0.0 0.0 0.0 0.0 0.0 0.0 0.0 0.0 0.0 0.0 0.0 0.0 0.0 0.0 0.0 0.0 0.0 0.0 0.0 0.0 0.0 0.0 1.0 3.0 3.0 4.0 4.0 6.0 12.0 21.0 25.0 34.0 46.0 41.0 39.0 47.0 59.0 62.0 70.0 70.0 65.0 65.0 63.0 60.0 60.0 70.0 74.0 55.0 40.0 39.0 53.0 71.0 80.0 87.0 89.0 93.0 102.0 103.0 90.0 93.0 139.0 248.0 189.0 147.0 126.0 147.0 176.0 187.0 160.0 143.0 168.0 173.0 151.0 154.0 164.0 159.0 224.0 252.0 249.0 268.0 264.0 327.0 546.0 618.0 428.0 396.0 415.0 429.0 347.0 264.0 279.0 321.0 370.0 331.0 173.0 145.0 123.0 91.0 68.0 68.0 51.0 154.0 230.0 242.0 382.0 526.0 386.0 204.0 131.0 101.0 124.0 243.0 353.0 427.0 484.0 784.0 1079.0 529.0 590.0 528.0 605.0 733.0 678.0 533.0 763.0 662.0 635.0 585.0 463.0 332.0 271.0 319.0 334.0 375.0 283.0 306.0 409.0 645.0 522.0 337.0 448.0 519.0 756.0 501.0 305.0 554.0 529.0 358.0 470.0 706.0 667.0 504.0 454.0 193.0 301.0 257.0 163.0 212.0 221.0 162.0 184.0 167.0 132.0 104.0 57.0 56.0 80.0 72.0 71.0 87.0 142.0 145.0 136.0 123.0 80.0 65.0 52.0 50.0 46.0 42.0 26.0 8.0 6.0 5.0 4.0 4.0 3.0 2.0 136.1076388888886 199.4683671374546
7 3.0 1.0 1.0 0.0 0.0 0.0 0.0 0.0 0.0 0.0 0.0 0.0 0.0 0.0 0.0 0.0 0.0 0.0 0.0 0.0 0.0 0.0 0.0 0.0 0.0 0.0 0.0 0.0 0.0 0.0 0.0 0.0 0.0 0.0 0.0 0.0 0.0 0.0 0.0 0.0 0.0 0.0 0.0 0.0 0.0 0.0 0.0 0.0 0.0 0.0 0.0 0.0 0.0 0.0 0.0 0.0 0.0 0.0 0.0 0.0 0.0 0.0 0.0 0.0 0.0 0.0 0.0 0.0 0.0 0.0 0.0 0.0 0.0 0.0 0.0 0.0 0.0 0.0 0.0 0.0 0.0 0.0 0.0 0.0 0.0 0.0 0.0 0.0 0.0 0.0 0.0 0.0 0.0 0.0 0.0 0.0 0.0 0.0 0.0 0.0 0.0 0.0 0.0 0.0 0.0 0.0 0.0 0.0 0.0 0.0 0.0 0.0 0.0 0.0 0.0 0.0 0.0 0.0 0.0 0.0 1.0 1.0 2.0 4.0 4.0 6.0 13.0 24.0 29.0 23.0 19.0 24.0 36.0 51.0 45.0 36.0 25.0 23.0 34.0 49.0 59.0 70.0 78.0 95.0 103.0 103.0 139.0 119.0 107.0 142.0 210.0 229.0 237.0 150.0 142.0 154.0 172.0 163.0 148.0 216.0 271.0 284.0 257.0 277.0 270.0 181.0 156.0 154.0 168.0 222.0 272.0 274.0 337.0 429.0 485.0 372.0 479.0 347.0 440.0 418.0 367.0 356.0 342.0 364.0 419.0 426.0 498.0 452.0 313.0 237.0 192.0 203.0 169.0 143.0 93.0 54.0 45.0 61.0 73.0 104.0 100.0 100.0 129.0 139.0 247.0 216.0 143.0 161.0 204.0 216.0 235.0 277.0 300.0 351.0 446.0 495.0 301.0 281.0 215.0 188.0 226.0 190.0 167.0 255.0 332.0 233.0 297.0 374.0 448.0 592.0 519.0 410.0 490.0 375.0 188.0 207.0 198.0 230.0 250.0 305.0 477.0 790.0 722.0 360.0 728.0 732.0 721.0 675.0 562.0 607.0 540.0 439.0 540.0 291.0 332.0 328.0 203.0 208.0 230.0 328.0 390.0 469.0 247.0 257.0 346.0 315.0 266.0 105.0 96.0 240.0 162.0 185.0 197.0 136.0 117.0 48.0 73.0 106.0 99.0 69.0 85.0 44.0 27.0 18.0 13.0 9.0 6.0 3.0 136.336805555556 177.24891776733165
8 2.0 1.0 1.0 0.0 0.0 0.0 0.0 0.0 0.0 0.0 0.0 0.0 0.0 0.0 0.0 0.0 0.0 0.0 0.0 0.0 0.0 0.0 0.0 0.0 0.0 0.0 0.0 0.0 0.0 0.0 0.0 0.0 0.0 0.0 0.0 0.0 0.0 0.0 0.0 0.0 0.0 0.0 0.0 0.0 0.0 0.0 0.0 0.0 0.0 0.0 0.0 0.0 0.0 0.0 0.0 0.0 0.0 0.0 0.0 0.0 0.0 0.0 0.0 0.0 0.0 0.0 0.0 0.0 0.0 0.0 0.0 0.0 0.0 0.0 0.0 0.0 0.0 0.0 0.0 0.0 0.0 0.0 0.0 0.0 0.0 0.0 0.0 0.0 0.0 0.0 0.0 0.0 0.0 0.0 0.0 0.0 0.0 0.0 0.0 0.0 0.0 0.0 0.0 0.0 0.0 0.0 0.0 0.0 0.0 0.0 0.0 0.0 0.0 0.0 0.0 0.0 0.0 0.0 0.0 0.0 1.0 1.0 3.0 6.0 8.0 9.0 11.0 15.0 16.0 15.0 11.0 9.0 12.0 27.0 38.0 29.0 26.0 41.0 59.0 69.0 69.0 85.0 87.0 92.0 127.0 120.0 95.0 89.0 107.0 151.0 162.0 197.0 303.0 176.0 190.0 149.0 131.0 158.0 212.0 353.0 354.0 282.0 257.0 243.0 223.0 218.0 226.0 253.0 278.0 295.0 275.0 269.0 302.0 326.0 290.0 267.0 253.0 261.0 270.0 344.0 318.0 335.0 383.0 308.0 284.0 307.0 208.0 114.0 84.0 77.0 59.0 54.0 84.0 100.0 104.0 136.0 202.0 226.0 193.0 175.0 138.0 110.0 97.0 98.0 60.0 112.0 163.0 186.0 200.0 358.0 395.0 341.0 455.0 361.0 519.0 602.0 383.0 326.0 349.0 334.0 430.0 425.0 237.0 317.0 333.0 333.0 320.0 318.0 318.0 264.0 266.0 281.0 269.0 281.0 285.0 337.0 548.0 839.0 667.0 248.0 295.0 255.0 366.0 519.0 541.0 627.0 335.0 601.0 681.0 605.0 562.0 509.0 344.0 238.0 155.0 137.0 137.0 153.0 231.0 460.0 481.0 454.0 409.0 350.0 317.0 281.0 256.0 195.0 236.0 229.0 203.0 185.0 166.0 156.0 101.0 53.0 60.0 62.0 62.0 58.0 52.0 46.0 38.0 26.0 17.0 10.0 6.0 3.0 131.4791666666667 168.1986120145575
9 1.0 1.0 0.0 0.0 0.0 0.0 0.0 0.0 0.0 0.0 0.0 0.0 0.0 0.0 0.0 0.0 0.0 0.0 0.0 0.0 0.0 0.0 0.0 0.0 0.0 0.0 0.0 0.0 0.0 0.0 0.0 0.0 0.0 0.0 0.0 0.0 0.0 0.0 0.0 0.0 0.0 0.0 0.0 0.0 0.0 0.0 0.0 0.0 0.0 0.0 0.0 0.0 0.0 0.0 0.0 0.0 0.0 0.0 0.0 0.0 0.0 0.0 0.0 0.0 0.0 0.0 0.0 0.0 0.0 0.0 0.0 0.0 0.0 0.0 0.0 0.0 0.0 0.0 0.0 0.0 0.0 0.0 0.0 0.0 0.0 0.0 0.0 0.0 0.0 0.0 0.0 0.0 0.0 0.0 0.0 0.0 0.0 0.0 0.0 0.0 0.0 0.0 0.0 0.0 0.0 0.0 0.0 0.0 0.0 0.0 0.0 0.0 0.0 0.0 0.0 0.0 0.0 0.0 0.0 0.0 1.0 2.0 2.0 6.0 10.0 14.0 23.0 30.0 29.0 24.0 26.0 29.0 41.0 63.0 54.0 45.0 47.0 60.0 71.0 85.0 87.0 71.0 59.0 63.0 73.0 85.0 97.0 114.0 126.0 139.0 169.0 156.0 113.0 109.0 139.0 169.0 186.0 192.0 196.0 348.0 383.0 558.0 588.0 588.0 376.0 376.0 331.0 421.0 362.0 261.0 251.0 366.0 550.0 659.0 291.0 267.0 267.0 312.0 329.0 313.0 313.0 341.0 508.0 364.0 364.0 250.0 205.0 239.0 268.0 286.0 297.0 319.0 392.0 388.0 337.0 330.0 344.0 324.0 301.0 260.0 193.0 206.0 214.0 235.0 270.0 304.0 284.0 230.0 148.0 181.0 183.0 156.0 139.0 188.0 127.0 92.0 96.0 123.0 113.0 83.0 83.0 154.0 171.0 226.0 255.0 297.0 297.0 171.0 193.0 198.0 195.0 208.0 165.0 206.0 265.0 202.0 129.0 145.0 135.0 197.0 164.0 179.0 144.0 124.0 169.0 265.0 190.0 177.0 175.0 331.0 436.0 382.0 389.0 329.0 264.0 400.0 420.0 411.0 411.0 147.0 147.0 145.0 126.0 110.0 135.0 96.0 98.0 170.0 76.0 69.0 72.0 54.0 57.0 97.0 139.0 136.0 105.0 72.0 42.0 24.0 25.0 31.0 29.0 26.0 12.0 6.0 3.0 1.0 113.54513888888903 142.41147887114417
END
#################################################################
SECTION3 (Edges Information)
EndPoint0 EndPoint1 Weight
0 1 1.000000
1 2 1.000000
2 3 1.000000
3 4 1.000000
3 5 1.000000
4 5 1.000000
4 6 1.000000
5 6 1.000000
5 7 1.000000
6 7 1.000000
7 8 1.000000
7 9 1.000000
8 9 1.000000
END
#################################################################
SECTION4 (TrueSubGraph Information)
EndPoint0 EndPoint1 Weight
END
#################################################################
