#################################################################
#APDM Input Graph, this input graph includes 3 sections:
#section1 : general information
#section2 : nodes
#section3 : edges
#section4 : trueSubGraph (Optional)
#
#if nodes haven't information set weight to null
#################################################################
SECTION1 (General Information)
numNodes = 10
numEdges = 13
usedAlgorithm = NULL
dataSource = TransWeatherRealData
END
#################################################################
SECTION2 (Nodes Information)
NodeID rad  mean  std 
0 46.0 60.0 89.0 76.0 59.0 45.0 35.0 27.0 20.0 12.0 8.0 5.0 2.0 1.0 1.0 0.0 0.0 0.0 0.0 0.0 0.0 0.0 0.0 0.0 0.0 0.0 0.0 0.0 0.0 0.0 0.0 0.0 0.0 0.0 0.0 0.0 0.0 0.0 0.0 0.0 0.0 0.0 0.0 0.0 0.0 0.0 0.0 0.0 0.0 0.0 0.0 0.0 0.0 0.0 0.0 0.0 0.0 0.0 0.0 0.0 0.0 0.0 0.0 0.0 0.0 0.0 0.0 0.0 0.0 0.0 0.0 0.0 0.0 0.0 0.0 0.0 0.0 0.0 0.0 0.0 0.0 0.0 0.0 0.0 0.0 0.0 0.0 0.0 0.0 0.0 0.0 0.0 0.0 0.0 0.0 0.0 0.0 0.0 0.0 0.0 0.0 0.0 0.0 0.0 0.0 0.0 0.0 0.0 0.0 0.0 0.0 0.0 0.0 0.0 0.0 0.0 1.0 2.0 3.0 5.0 7.0 11.0 18.0 26.0 33.0 32.0 31.0 42.0 47.0 47.0 51.0 47.0 52.0 55.0 71.0 76.0 102.0 144.0 119.0 116.0 110.0 111.0 113.0 106.0 94.0 104.0 105.0 87.0 124.0 201.0 188.0 145.0 85.0 82.0 79.0 95.0 145.0 184.0 213.0 214.0 188.0 192.0 362.0 618.0 641.0 633.0 660.0 710.0 749.0 204.0 471.0 653.0 620.0 671.0 423.0 622.0 677.0 763.0 743.0 815.0 885.0 835.0 451.0 913.0 890.0 744.0 317.0 251.0 228.0 306.0 303.0 344.0 340.0 343.0 322.0 606.0 1033.0 449.0 508.0 951.0 686.0 713.0 869.0 424.0 307.0 438.0 547.0 967.0 1002.0 803.0 740.0 895.0 371.0 874.0 712.0 468.0 746.0 950.0 819.0 815.0 839.0 720.0 727.0 910.0 679.0 611.0 765.0 589.0 513.0 525.0 500.0 542.0 547.0 505.0 857.0 859.0 814.0 723.0 637.0 725.0 757.0 749.0 727.0 702.0 703.0 695.0 640.0 641.0 677.0 577.0 485.0 655.0 512.0 438.0 372.0 475.0 616.0 589.0 542.0 459.0 323.0 303.0 253.0 238.0 278.0 271.0 389.0 290.0 168.0 156.0 182.0 328.0 359.0 186.0 120.0 145.0 164.0 129.0 97.0 66.0 73.0 72.0 69.0 108.0 110.0 96.0 88.0 64.0 248.30555555555605 304.39270156075264
1 38.0 34.0 35.0 33.0 27.0 20.0 16.0 13.0 9.0 7.0 5.0 3.0 1.0 0.0 0.0 0.0 0.0 0.0 0.0 0.0 0.0 0.0 0.0 0.0 0.0 0.0 0.0 0.0 0.0 0.0 0.0 0.0 0.0 0.0 0.0 0.0 0.0 0.0 0.0 0.0 0.0 0.0 0.0 0.0 0.0 0.0 0.0 0.0 0.0 0.0 0.0 0.0 0.0 0.0 0.0 0.0 0.0 0.0 0.0 0.0 0.0 0.0 0.0 0.0 0.0 0.0 0.0 0.0 0.0 0.0 0.0 0.0 0.0 0.0 0.0 0.0 0.0 0.0 0.0 0.0 0.0 0.0 0.0 0.0 0.0 0.0 0.0 0.0 0.0 0.0 0.0 0.0 0.0 0.0 0.0 0.0 0.0 0.0 0.0 0.0 0.0 0.0 0.0 0.0 0.0 0.0 0.0 0.0 0.0 0.0 0.0 0.0 0.0 0.0 0.0 1.0 1.0 2.0 3.0 6.0 9.0 14.0 15.0 27.0 28.0 23.0 64.0 92.0 75.0 93.0 98.0 121.0 135.0 149.0 170.0 207.0 253.0 234.0 159.0 172.0 251.0 150.0 144.0 254.0 338.0 312.0 339.0 352.0 368.0 384.0 400.0 413.0 424.0 439.0 456.0 471.0 486.0 502.0 517.0 530.0 543.0 557.0 572.0 586.0 604.0 617.0 630.0 651.0 746.0 626.0 275.0 332.0 308.0 448.0 296.0 399.0 276.0 560.0 401.0 285.0 956.0 1010.0 372.0 236.0 209.0 202.0 239.0 871.0 939.0 895.0 951.0 771.0 929.0 949.0 1058.0 944.0 963.0 980.0 959.0 635.0 934.0 854.0 1075.0 673.0 571.0 453.0 402.0 607.0 866.0 859.0 863.0 990.0 1038.0 1036.0 978.0 962.0 809.0 833.0 596.0 784.0 445.0 1002.0 385.0 759.0 952.0 935.0 836.0 851.0 847.0 867.0 672.0 697.0 730.0 722.0 451.0 700.0 556.0 458.0 461.0 753.0 395.0 713.0 794.0 734.0 702.0 697.0 652.0 653.0 491.0 646.0 553.0 655.0 326.0 534.0 566.0 559.0 428.0 242.0 535.0 428.0 370.0 451.0 476.0 449.0 418.0 401.0 379.0 339.0 365.0 351.0 270.0 239.0 270.0 236.0 147.0 81.0 113.0 190.0 286.0 294.0 219.0 175.0 149.0 59.0 23.0 19.0 18.0 18.0 288.44444444444395 329.93230807739815
2 23.0 18.0 13.0 10.0 8.0 7.0 6.0 7.0 7.0 5.0 3.0 1.0 1.0 0.0 0.0 0.0 0.0 0.0 0.0 0.0 0.0 0.0 0.0 0.0 0.0 0.0 0.0 0.0 0.0 0.0 0.0 0.0 0.0 0.0 0.0 0.0 0.0 0.0 0.0 0.0 0.0 0.0 0.0 0.0 0.0 0.0 0.0 0.0 0.0 0.0 0.0 0.0 0.0 0.0 0.0 0.0 0.0 0.0 0.0 0.0 0.0 0.0 0.0 0.0 0.0 0.0 0.0 0.0 0.0 0.0 0.0 0.0 0.0 0.0 0.0 0.0 0.0 0.0 0.0 0.0 0.0 0.0 0.0 0.0 0.0 0.0 0.0 0.0 0.0 0.0 0.0 0.0 0.0 0.0 0.0 0.0 0.0 0.0 0.0 0.0 0.0 0.0 0.0 0.0 0.0 0.0 0.0 0.0 0.0 0.0 0.0 0.0 0.0 0.0 0.0 1.0 1.0 2.0 4.0 8.0 19.0 31.0 39.0 48.0 57.0 62.0 78.0 94.0 112.0 119.0 101.0 77.0 103.0 138.0 134.0 123.0 168.0 125.0 121.0 123.0 235.0 246.0 271.0 286.0 300.0 311.0 324.0 337.0 350.0 364.0 379.0 391.0 405.0 426.0 464.0 337.0 326.0 368.0 497.0 516.0 526.0 539.0 553.0 567.0 576.0 589.0 601.0 617.0 630.0 643.0 656.0 675.0 591.0 451.0 707.0 712.0 654.0 475.0 682.0 452.0 800.0 800.0 248.0 801.0 552.0 583.0 822.0 811.0 826.0 434.0 424.0 312.0 290.0 329.0 908.0 474.0 773.0 738.0 569.0 768.0 730.0 943.0 636.0 292.0 897.0 478.0 580.0 778.0 917.0 852.0 756.0 701.0 392.0 320.0 483.0 765.0 889.0 905.0 965.0 952.0 859.0 875.0 686.0 725.0 890.0 790.0 907.0 749.0 518.0 754.0 860.0 749.0 675.0 746.0 630.0 817.0 810.0 638.0 513.0 326.0 498.0 893.0 594.0 672.0 388.0 331.0 338.0 514.0 714.0 714.0 663.0 543.0 435.0 486.0 568.0 575.0 540.0 515.0 501.0 445.0 412.0 440.0 440.0 444.0 221.0 302.0 416.0 388.0 351.0 341.0 323.0 307.0 289.0 246.0 239.0 257.0 242.0 187.0 187.0 180.0 64.0 55.0 170.0 184.0 145.0 125.0 61.0 26.0 277.7951388888881 305.26985213802374
3 25.0 19.0 16.0 14.0 10.0 7.0 6.0 6.0 6.0 5.0 2.0 1.0 0.0 0.0 0.0 0.0 0.0 0.0 0.0 0.0 0.0 0.0 0.0 0.0 0.0 0.0 0.0 0.0 0.0 0.0 0.0 0.0 0.0 0.0 0.0 0.0 0.0 0.0 0.0 0.0 0.0 0.0 0.0 0.0 0.0 0.0 0.0 0.0 0.0 0.0 0.0 0.0 0.0 0.0 0.0 0.0 0.0 0.0 0.0 0.0 0.0 0.0 0.0 0.0 0.0 0.0 0.0 0.0 0.0 0.0 0.0 0.0 0.0 0.0 0.0 0.0 0.0 0.0 0.0 0.0 0.0 0.0 0.0 0.0 0.0 0.0 0.0 0.0 0.0 0.0 0.0 0.0 0.0 0.0 0.0 0.0 0.0 0.0 0.0 0.0 0.0 0.0 0.0 0.0 0.0 0.0 0.0 0.0 0.0 0.0 0.0 0.0 0.0 0.0 0.0 1.0 2.0 3.0 4.0 7.0 10.0 13.0 17.0 27.0 30.0 24.0 67.0 94.0 84.0 75.0 103.0 135.0 117.0 74.0 79.0 134.0 161.0 149.0 192.0 127.0 156.0 268.0 280.0 294.0 308.0 322.0 336.0 351.0 366.0 380.0 395.0 410.0 425.0 439.0 455.0 471.0 460.0 507.0 536.0 558.0 572.0 613.0 652.0 708.0 682.0 695.0 697.0 731.0 778.0 800.0 718.0 783.0 581.0 372.0 217.0 642.0 644.0 600.0 837.0 828.0 856.0 720.0 146.0 380.0 292.0 785.0 902.0 861.0 972.0 819.0 843.0 698.0 924.0 999.0 1026.0 1065.0 1040.0 1014.0 601.0 926.0 487.0 416.0 270.0 245.0 782.0 906.0 574.0 991.0 1085.0 960.0 870.0 656.0 1019.0 1045.0 416.0 495.0 450.0 309.0 468.0 394.0 580.0 467.0 877.0 952.0 922.0 883.0 877.0 852.0 836.0 837.0 832.0 814.0 805.0 795.0 776.0 732.0 606.0 590.0 695.0 589.0 657.0 603.0 569.0 553.0 747.0 766.0 695.0 710.0 565.0 550.0 647.0 639.0 598.0 565.0 559.0 374.0 277.0 517.0 518.0 465.0 451.0 445.0 433.0 216.0 216.0 396.0 409.0 360.0 342.0 292.0 255.0 285.0 285.0 249.0 172.0 115.0 99.0 222.0 147.0 118.0 156.0 145.0 136.0 138.0 52.0 98.0 55.0 79.0 294.0173611111119 334.4103704504227
4 45.0 17.0 12.0 11.0 9.0 9.0 8.0 7.0 5.0 4.0 2.0 1.0 1.0 0.0 0.0 0.0 0.0 0.0 0.0 0.0 0.0 0.0 0.0 0.0 0.0 0.0 0.0 0.0 0.0 0.0 0.0 0.0 0.0 0.0 0.0 0.0 0.0 0.0 0.0 0.0 0.0 0.0 0.0 0.0 0.0 0.0 0.0 0.0 0.0 0.0 0.0 0.0 0.0 0.0 0.0 0.0 0.0 0.0 0.0 0.0 0.0 0.0 0.0 0.0 0.0 0.0 0.0 0.0 0.0 0.0 0.0 0.0 0.0 0.0 0.0 0.0 0.0 0.0 0.0 0.0 0.0 0.0 0.0 0.0 0.0 0.0 0.0 0.0 0.0 0.0 0.0 0.0 0.0 0.0 0.0 0.0 0.0 0.0 0.0 0.0 0.0 0.0 0.0 0.0 0.0 0.0 0.0 0.0 0.0 0.0 0.0 0.0 0.0 0.0 1.0 1.0 2.0 3.0 5.0 7.0 10.0 21.0 40.0 32.0 32.0 37.0 43.0 56.0 73.0 115.0 71.0 78.0 82.0 80.0 77.0 75.0 138.0 144.0 106.0 92.0 99.0 99.0 165.0 292.0 332.0 345.0 360.0 374.0 389.0 404.0 419.0 434.0 450.0 467.0 497.0 554.0 374.0 199.0 488.0 718.0 548.0 696.0 615.0 631.0 175.0 498.0 112.0 124.0 671.0 749.0 787.0 839.0 575.0 366.0 310.0 560.0 300.0 322.0 756.0 841.0 782.0 275.0 311.0 294.0 562.0 375.0 448.0 453.0 885.0 1012.0 494.0 270.0 193.0 158.0 147.0 165.0 199.0 237.0 263.0 322.0 443.0 756.0 860.0 1074.0 1054.0 923.0 927.0 467.0 374.0 324.0 323.0 387.0 656.0 452.0 392.0 374.0 365.0 335.0 307.0 407.0 567.0 577.0 658.0 577.0 693.0 991.0 597.0 615.0 692.0 599.0 721.0 415.0 838.0 821.0 854.0 596.0 655.0 368.0 826.0 780.0 814.0 694.0 671.0 502.0 534.0 670.0 701.0 657.0 394.0 491.0 424.0 562.0 612.0 689.0 444.0 586.0 613.0 570.0 259.0 178.0 397.0 470.0 467.0 469.0 455.0 361.0 371.0 372.0 324.0 337.0 278.0 308.0 290.0 277.0 258.0 245.0 231.0 216.0 201.0 169.0 54.0 30.0 27.0 28.0 36.0 42.0 42.0 40.0 242.46875 284.1220336941291
5 -1.0 -1.0 -1.0 -1.0 -1.0 -1.0 -1.0 -1.0 -1.0 -1.0 -1.0 -1.0 -1.0 -1.0 -1.0 -1.0 -1.0 -1.0 -1.0 -1.0 -1.0 -1.0 -1.0 -1.0 -1.0 -1.0 -1.0 -1.0 -1.0 -1.0 -1.0 -1.0 -1.0 -1.0 -1.0 -1.0 -1.0 -1.0 -1.0 -1.0 -1.0 -1.0 -1.0 -1.0 -1.0 -1.0 -1.0 -1.0 -1.0 -1.0 -1.0 -1.0 -1.0 -1.0 -1.0 -1.0 -1.0 -1.0 -1.0 -1.0 -1.0 -1.0 -1.0 -1.0 -1.0 -1.0 -1.0 -1.0 -1.0 -1.0 -1.0 -1.0 -1.0 -1.0 -1.0 -1.0 -1.0 -1.0 -1.0 -1.0 -1.0 -1.0 -1.0 -1.0 -1.0 -1.0 -1.0 -1.0 -1.0 -1.0 -1.0 -1.0 -1.0 -1.0 -1.0 -1.0 -1.0 -1.0 -1.0 -1.0 -1.0 -1.0 -1.0 -1.0 -1.0 -1.0 -1.0 -1.0 -1.0 -1.0 -1.0 -1.0 -1.0 -1.0 -1.0 -1.0 -1.0 -1.0 -1.0 -1.0 -1.0 -1.0 -1.0 -1.0 -1.0 -1.0 -1.0 -1.0 -1.0 -1.0 -1.0 -1.0 -1.0 -1.0 -1.0 -1.0 -1.0 -1.0 -1.0 -1.0 -1.0 -1.0 -1.0 -1.0 -1.0 -1.0 -1.0 -1.0 -1.0 -1.0 -1.0 -1.0 -1.0 -1.0 -1.0 -1.0 -1.0 -1.0 -1.0 -1.0 -1.0 -1.0 -1.0 -1.0 -1.0 -1.0 -1.0 -1.0 -1.0 -1.0 -1.0 -1.0 -1.0 -1.0 -1.0 -1.0 -1.0 -1.0 -1.0 -1.0 -1.0 -1.0 -1.0 -1.0 -1.0 -1.0 -1.0 -1.0 -1.0 -1.0 -1.0 -1.0 -1.0 -1.0 -1.0 -1.0 -1.0 -1.0 -1.0 -1.0 -1.0 -1.0 -1.0 -1.0 -1.0 -1.0 -1.0 -1.0 -1.0 -1.0 -1.0 -1.0 -1.0 -1.0 -1.0 -1.0 -1.0 -1.0 -1.0 -1.0 -1.0 -1.0 -1.0 -1.0 -1.0 -1.0 -1.0 -1.0 -1.0 -1.0 -1.0 -1.0 -1.0 -1.0 -1.0 -1.0 -1.0 -1.0 -1.0 -1.0 -1.0 -1.0 -1.0 -1.0 -1.0 -1.0 -1.0 -1.0 -1.0 -1.0 -1.0 -1.0 -1.0 -1.0 -1.0 -1.0 -1.0 -1.0 -1.0 -1.0 -1.0 -1.0 -1.0 -1.0 -1.0 -1.0 -1.0 -1.0 -1.0 -1.0 -1.0 -1.0 -1.0 -1.0 -1.0 -1.0 -1.0 -1.0 -1.0 -1.0 -1.0 -1.0 -1.0 -1.0 -1.0 -1.0 -1.0 -1.0 -1.0 0.0
6 115.0 97.0 76.0 59.0 36.0 28.0 22.0 13.0 9.0 4.0 3.0 3.0 0.0 0.0 0.0 0.0 0.0 0.0 0.0 0.0 0.0 0.0 0.0 0.0 0.0 0.0 0.0 0.0 0.0 0.0 0.0 0.0 0.0 0.0 0.0 0.0 0.0 0.0 0.0 0.0 0.0 0.0 0.0 0.0 0.0 0.0 0.0 0.0 0.0 0.0 0.0 0.0 0.0 0.0 0.0 0.0 0.0 0.0 0.0 0.0 0.0 0.0 0.0 0.0 0.0 0.0 0.0 0.0 0.0 0.0 0.0 0.0 0.0 0.0 0.0 0.0 0.0 0.0 0.0 0.0 0.0 0.0 0.0 0.0 0.0 0.0 0.0 0.0 0.0 0.0 0.0 0.0 0.0 0.0 0.0 0.0 0.0 0.0 0.0 0.0 0.0 0.0 0.0 0.0 0.0 0.0 0.0 0.0 0.0 0.0 0.0 0.0 0.0 0.0 0.0 1.0 1.0 1.0 2.0 2.0 3.0 4.0 6.0 9.0 15.0 33.0 48.0 58.0 72.0 59.0 51.0 104.0 120.0 174.0 174.0 179.0 192.0 207.0 208.0 231.0 229.0 261.0 232.0 215.0 338.0 249.0 182.0 159.0 232.0 425.0 483.0 503.0 458.0 514.0 315.0 553.0 553.0 513.0 539.0 558.0 479.0 570.0 511.0 375.0 392.0 306.0 401.0 481.0 458.0 533.0 623.0 666.0 807.0 863.0 708.0 635.0 773.0 849.0 890.0 813.0 876.0 967.0 557.0 378.0 342.0 471.0 1090.0 709.0 241.0 762.0 681.0 508.0 364.0 598.0 336.0 512.0 1078.0 415.0 481.0 887.0 634.0 428.0 562.0 770.0 900.0 1023.0 1044.0 1035.0 1069.0 1081.0 1049.0 999.0 958.0 1016.0 990.0 972.0 916.0 851.0 344.0 964.0 930.0 968.0 986.0 996.0 1004.0 987.0 724.0 895.0 875.0 922.0 909.0 890.0 900.0 902.0 891.0 684.0 664.0 792.0 833.0 545.0 827.0 783.0 774.0 780.0 600.0 593.0 728.0 707.0 696.0 675.0 654.0 605.0 628.0 514.0 509.0 586.0 533.0 560.0 563.0 570.0 517.0 270.0 176.0 142.0 319.0 504.0 425.0 403.0 338.0 304.0 181.0 175.0 203.0 187.0 190.0 336.0 315.0 275.0 236.0 204.0 180.0 163.0 148.0 134.0 105.0 61.0 30.0 28.0 307.81944444444395 349.97720488790907
7 19.0 15.0 25.0 22.0 16.0 14.0 13.0 8.0 6.0 4.0 2.0 0.0 0.0 0.0 0.0 0.0 0.0 0.0 0.0 0.0 0.0 0.0 0.0 0.0 0.0 0.0 0.0 0.0 0.0 0.0 0.0 0.0 0.0 0.0 0.0 0.0 0.0 0.0 0.0 0.0 0.0 0.0 0.0 0.0 0.0 0.0 0.0 0.0 0.0 0.0 0.0 0.0 0.0 0.0 0.0 0.0 0.0 0.0 0.0 0.0 0.0 0.0 0.0 0.0 0.0 0.0 0.0 0.0 0.0 0.0 0.0 0.0 0.0 0.0 0.0 0.0 0.0 0.0 0.0 0.0 0.0 0.0 0.0 0.0 0.0 0.0 0.0 0.0 0.0 0.0 0.0 0.0 0.0 0.0 0.0 0.0 0.0 0.0 0.0 0.0 0.0 0.0 0.0 0.0 0.0 0.0 0.0 0.0 0.0 0.0 0.0 0.0 0.0 0.0 1.0 1.0 1.0 2.0 3.0 4.0 5.0 6.0 8.0 10.0 19.0 30.0 60.0 73.0 58.0 31.0 102.0 161.0 171.0 164.0 166.0 246.0 271.0 236.0 360.0 293.0 138.0 121.0 127.0 155.0 135.0 101.0 93.0 119.0 174.0 152.0 204.0 427.0 329.0 431.0 539.0 354.0 392.0 324.0 448.0 495.0 343.0 606.0 704.0 386.0 642.0 477.0 361.0 382.0 574.0 511.0 627.0 773.0 493.0 823.0 803.0 728.0 757.0 788.0 796.0 809.0 642.0 712.0 839.0 839.0 846.0 857.0 856.0 878.0 875.0 877.0 881.0 897.0 601.0 961.0 521.0 796.0 950.0 976.0 635.0 402.0 961.0 1018.0 914.0 617.0 1043.0 852.0 1014.0 707.0 943.0 843.0 787.0 421.0 970.0 979.0 987.0 834.0 962.0 922.0 973.0 640.0 1000.0 753.0 804.0 933.0 581.0 557.0 945.0 451.0 887.0 876.0 840.0 846.0 729.0 790.0 796.0 778.0 762.0 760.0 515.0 546.0 471.0 703.0 545.0 462.0 725.0 565.0 240.0 384.0 598.0 617.0 605.0 566.0 592.0 510.0 571.0 532.0 525.0 511.0 494.0 490.0 474.0 451.0 449.0 449.0 404.0 281.0 135.0 89.0 117.0 277.0 356.0 308.0 260.0 204.0 178.0 209.0 210.0 188.0 223.0 207.0 183.0 160.0 141.0 124.0 108.0 91.0 76.0 48.0 297.74305555555605 341.1619976820513
8 4.0 3.0 2.0 3.0 7.0 8.0 7.0 3.0 2.0 3.0 1.0 0.0 0.0 0.0 0.0 0.0 0.0 0.0 0.0 0.0 0.0 0.0 0.0 0.0 0.0 0.0 0.0 0.0 0.0 0.0 0.0 0.0 0.0 0.0 0.0 0.0 0.0 0.0 0.0 0.0 0.0 0.0 0.0 0.0 0.0 0.0 0.0 0.0 0.0 0.0 0.0 0.0 0.0 0.0 0.0 0.0 0.0 0.0 0.0 0.0 0.0 0.0 0.0 0.0 0.0 0.0 0.0 0.0 0.0 0.0 0.0 0.0 0.0 0.0 0.0 0.0 0.0 0.0 0.0 0.0 0.0 0.0 0.0 0.0 0.0 0.0 0.0 0.0 0.0 0.0 0.0 0.0 0.0 0.0 0.0 0.0 0.0 0.0 0.0 0.0 0.0 0.0 0.0 0.0 0.0 0.0 0.0 0.0 0.0 0.0 0.0 0.0 0.0 0.0 0.0 1.0 1.0 2.0 3.0 4.0 6.0 11.0 19.0 20.0 19.0 17.0 16.0 20.0 21.0 24.0 87.0 151.0 164.0 173.0 188.0 238.0 298.0 302.0 168.0 101.0 77.0 64.0 285.0 308.0 290.0 281.0 263.0 327.0 426.0 489.0 329.0 182.0 118.0 294.0 445.0 459.0 458.0 545.0 529.0 572.0 601.0 620.0 550.0 394.0 354.0 696.0 640.0 607.0 630.0 664.0 534.0 340.0 340.0 741.0 764.0 271.0 445.0 942.0 451.0 475.0 773.0 842.0 842.0 350.0 304.0 408.0 394.0 311.0 577.0 779.0 416.0 570.0 645.0 1016.0 988.0 988.0 387.0 974.0 1086.0 538.0 258.0 258.0 285.0 646.0 1013.0 651.0 356.0 272.0 271.0 401.0 1112.0 898.0 187.0 211.0 301.0 459.0 491.0 791.0 725.0 249.0 171.0 889.0 938.0 938.0 467.0 890.0 453.0 897.0 900.0 852.0 866.0 410.0 651.0 530.0 569.0 758.0 783.0 803.0 788.0 776.0 748.0 724.0 718.0 717.0 641.0 697.0 685.0 673.0 657.0 640.0 618.0 603.0 589.0 574.0 480.0 514.0 474.0 457.0 504.0 489.0 467.0 454.0 441.0 346.0 276.0 193.0 227.0 227.0 361.0 267.0 347.0 241.0 270.0 254.0 248.0 219.0 224.0 187.0 190.0 177.0 122.0 32.0 30.0 28.0 27.0 27.0 26.0 23.0 261.7430555555561 306.7420518330613
9 32.0 24.0 15.0 7.0 3.0 3.0 2.0 1.0 1.0 0.0 0.0 0.0 0.0 0.0 0.0 0.0 0.0 0.0 0.0 0.0 0.0 0.0 0.0 0.0 0.0 0.0 0.0 0.0 0.0 0.0 0.0 0.0 0.0 0.0 0.0 0.0 0.0 0.0 0.0 0.0 0.0 0.0 0.0 0.0 0.0 0.0 0.0 0.0 0.0 0.0 0.0 0.0 0.0 0.0 0.0 0.0 0.0 0.0 0.0 0.0 0.0 0.0 0.0 0.0 0.0 0.0 0.0 0.0 0.0 0.0 0.0 0.0 0.0 0.0 0.0 0.0 0.0 0.0 0.0 0.0 0.0 0.0 0.0 0.0 0.0 0.0 0.0 0.0 0.0 0.0 0.0 0.0 0.0 0.0 0.0 0.0 0.0 0.0 0.0 0.0 0.0 0.0 0.0 0.0 0.0 0.0 0.0 0.0 0.0 0.0 0.0 0.0 0.0 0.0 1.0 1.0 2.0 3.0 4.0 5.0 7.0 11.0 15.0 11.0 11.0 14.0 19.0 28.0 38.0 41.0 34.0 31.0 59.0 103.0 148.0 168.0 251.0 155.0 80.0 190.0 219.0 136.0 146.0 380.0 240.0 189.0 208.0 188.0 157.0 141.0 145.0 156.0 394.0 447.0 470.0 332.0 504.0 486.0 233.0 481.0 512.0 574.0 612.0 619.0 588.0 244.0 348.0 255.0 616.0 615.0 663.0 535.0 338.0 283.0 488.0 676.0 744.0 641.0 541.0 818.0 832.0 737.0 673.0 800.0 905.0 931.0 801.0 324.0 299.0 213.0 762.0 899.0 711.0 864.0 588.0 533.0 692.0 929.0 937.0 884.0 830.0 830.0 525.0 278.0 850.0 858.0 596.0 855.0 656.0 848.0 447.0 853.0 450.0 390.0 931.0 877.0 523.0 635.0 632.0 840.0 624.0 592.0 926.0 827.0 899.0 843.0 849.0 827.0 799.0 703.0 789.0 774.0 759.0 733.0 768.0 746.0 731.0 723.0 715.0 696.0 671.0 660.0 649.0 583.0 572.0 632.0 645.0 613.0 605.0 308.0 332.0 215.0 276.0 380.0 460.0 483.0 474.0 230.0 96.0 264.0 368.0 402.0 377.0 366.0 68.0 87.0 84.0 216.0 296.0 288.0 169.0 145.0 252.0 228.0 215.0 195.0 186.0 160.0 78.0 36.0 84.0 118.0 66.0 66.0 56.0 61.0 41.0 33.0 260.7986111111118 312.0370093269416
END
#################################################################
SECTION3 (Edges Information)
EndPoint0 EndPoint1 Weight
0 1 1.000000
1 2 1.000000
2 3 1.000000
3 4 1.000000
3 5 1.000000
4 5 1.000000
4 6 1.000000
5 6 1.000000
5 7 1.000000
6 7 1.000000
7 8 1.000000
7 9 1.000000
8 9 1.000000
END
#################################################################
SECTION4 (TrueSubGraph Information)
EndPoint0 EndPoint1 Weight
END
#################################################################
