#################################################################
#APDM Input Graph, this input graph includes 3 sections:
#section1 : general information
#section2 : nodes
#section3 : edges
#section4 : trueSubGraph (Optional)
#
#if nodes haven't information set weight to null
#################################################################
SECTION1 (General Information)
numNodes = 10
numEdges = 13
usedAlgorithm = NULL
dataSource = TransWeatherRealData
END
#################################################################
SECTION2 (Nodes Information)
NodeID rad  mean  std 
0 11.0 11.0 11.0 10.0 9.0 7.0 4.0 2.0 1.0 0.0 0.0 0.0 0.0 0.0 0.0 0.0 0.0 0.0 0.0 0.0 0.0 0.0 0.0 0.0 0.0 0.0 0.0 0.0 0.0 0.0 0.0 0.0 0.0 0.0 0.0 0.0 0.0 0.0 0.0 0.0 0.0 0.0 0.0 0.0 0.0 0.0 0.0 0.0 0.0 0.0 0.0 0.0 0.0 0.0 0.0 0.0 0.0 0.0 0.0 0.0 0.0 0.0 0.0 0.0 0.0 0.0 0.0 0.0 0.0 0.0 0.0 0.0 0.0 0.0 0.0 0.0 0.0 0.0 0.0 0.0 0.0 0.0 0.0 0.0 0.0 0.0 0.0 0.0 0.0 0.0 0.0 0.0 0.0 0.0 0.0 0.0 0.0 0.0 0.0 0.0 0.0 0.0 0.0 0.0 0.0 0.0 0.0 0.0 0.0 0.0 0.0 0.0 0.0 0.0 1.0 1.0 2.0 4.0 6.0 8.0 14.0 28.0 41.0 48.0 45.0 56.0 69.0 88.0 107.0 125.0 147.0 165.0 182.0 190.0 198.0 176.0 107.0 149.0 139.0 247.0 256.0 284.0 287.0 311.0 327.0 342.0 356.0 372.0 385.0 394.0 416.0 431.0 443.0 459.0 474.0 488.0 505.0 521.0 540.0 533.0 546.0 583.0 575.0 611.0 592.0 620.0 631.0 651.0 667.0 677.0 692.0 706.0 718.0 731.0 758.0 766.0 779.0 790.0 810.0 797.0 826.0 830.0 832.0 835.0 795.0 836.0 845.0 845.0 851.0 857.0 860.0 726.0 877.0 882.0 886.0 899.0 847.0 805.0 509.0 720.0 892.0 949.0 818.0 860.0 937.0 821.0 889.0 951.0 955.0 950.0 966.0 962.0 980.0 981.0 899.0 897.0 907.0 983.0 934.0 911.0 857.0 747.0 734.0 524.0 822.0 835.0 871.0 864.0 855.0 832.0 830.0 850.0 791.0 691.0 649.0 783.0 739.0 842.0 793.0 815.0 744.0 773.0 743.0 500.0 573.0 785.0 675.0 679.0 596.0 456.0 352.0 598.0 520.0 431.0 493.0 384.0 569.0 471.0 312.0 476.0 470.0 449.0 431.0 411.0 401.0 386.0 377.0 366.0 353.0 338.0 321.0 304.0 288.0 275.0 260.0 245.0 230.0 216.0 200.0 187.0 174.0 157.0 148.0 139.0 125.0 112.0 94.0 81.0 324.4097222222229 349.5197982697131
1 5.0 5.0 6.0 4.0 2.0 1.0 1.0 0.0 0.0 0.0 0.0 0.0 0.0 0.0 0.0 0.0 0.0 0.0 0.0 0.0 0.0 0.0 0.0 0.0 0.0 0.0 0.0 0.0 0.0 0.0 0.0 0.0 0.0 0.0 0.0 0.0 0.0 0.0 0.0 0.0 0.0 0.0 0.0 0.0 0.0 0.0 0.0 0.0 0.0 0.0 0.0 0.0 0.0 0.0 0.0 0.0 0.0 0.0 0.0 0.0 0.0 0.0 0.0 0.0 0.0 0.0 0.0 0.0 0.0 0.0 0.0 0.0 0.0 0.0 0.0 0.0 0.0 0.0 0.0 0.0 0.0 0.0 0.0 0.0 0.0 0.0 0.0 0.0 0.0 0.0 0.0 0.0 0.0 0.0 0.0 0.0 0.0 0.0 0.0 0.0 0.0 0.0 0.0 0.0 0.0 0.0 0.0 0.0 0.0 0.0 0.0 0.0 0.0 1.0 1.0 2.0 2.0 4.0 5.0 6.0 7.0 10.0 16.0 22.0 41.0 78.0 97.0 118.0 135.0 143.0 151.0 158.0 168.0 179.0 188.0 201.0 219.0 230.0 243.0 259.0 271.0 285.0 295.0 321.0 346.0 378.0 413.0 404.0 317.0 372.0 419.0 434.0 452.0 469.0 486.0 502.0 527.0 534.0 573.0 587.0 590.0 588.0 604.0 615.0 627.0 639.0 652.0 664.0 676.0 690.0 703.0 713.0 726.0 737.0 747.0 759.0 766.0 776.0 788.0 799.0 806.0 817.0 847.0 860.0 808.0 688.0 834.0 555.0 900.0 588.0 932.0 728.0 813.0 911.0 909.0 895.0 847.0 961.0 913.0 943.0 941.0 884.0 945.0 964.0 949.0 964.0 970.0 967.0 968.0 1009.0 880.0 991.0 879.0 959.0 1025.0 971.0 882.0 990.0 932.0 626.0 984.0 714.0 714.0 1000.0 953.0 991.0 522.0 728.0 952.0 923.0 607.0 725.0 888.0 849.0 819.0 815.0 851.0 809.0 799.0 409.0 370.0 757.0 713.0 700.0 514.0 693.0 663.0 652.0 646.0 637.0 622.0 633.0 596.0 230.0 123.0 317.0 562.0 444.0 493.0 316.0 279.0 154.0 246.0 455.0 420.0 392.0 187.0 234.0 169.0 104.0 85.0 78.0 123.0 262.0 100.0 73.0 110.0 112.0 68.0 61.0 97.0 168.0 149.0 136.0 117.0 105.0 91.0 77.0 318.0138888888881 359.30450599654745
2 14.0 9.0 6.0 4.0 3.0 3.0 3.0 2.0 1.0 0.0 0.0 0.0 0.0 0.0 0.0 0.0 0.0 0.0 0.0 0.0 0.0 0.0 0.0 0.0 0.0 0.0 0.0 0.0 0.0 0.0 0.0 0.0 0.0 0.0 0.0 0.0 0.0 0.0 0.0 0.0 0.0 0.0 0.0 0.0 0.0 0.0 0.0 0.0 0.0 0.0 0.0 0.0 0.0 0.0 0.0 0.0 0.0 0.0 0.0 0.0 0.0 0.0 0.0 0.0 0.0 0.0 0.0 0.0 0.0 0.0 0.0 0.0 0.0 0.0 0.0 0.0 0.0 0.0 0.0 0.0 0.0 0.0 0.0 0.0 0.0 0.0 0.0 0.0 0.0 0.0 0.0 0.0 0.0 0.0 0.0 0.0 0.0 0.0 0.0 0.0 0.0 0.0 0.0 0.0 0.0 0.0 0.0 0.0 0.0 0.0 0.0 0.0 0.0 1.0 1.0 1.0 2.0 3.0 6.0 7.0 5.0 5.0 6.0 8.0 11.0 15.0 20.0 29.0 40.0 109.0 119.0 109.0 138.0 168.0 179.0 198.0 213.0 227.0 235.0 247.0 265.0 279.0 288.0 307.0 326.0 344.0 356.0 371.0 376.0 391.0 406.0 416.0 431.0 439.0 456.0 473.0 488.0 508.0 524.0 536.0 548.0 568.0 580.0 594.0 606.0 616.0 629.0 641.0 653.0 663.0 678.0 687.0 699.0 698.0 723.0 733.0 734.0 745.0 753.0 763.0 769.0 770.0 773.0 794.0 802.0 646.0 664.0 746.0 751.0 703.0 793.0 858.0 523.0 866.0 860.0 856.0 870.0 834.0 874.0 856.0 913.0 766.0 736.0 881.0 878.0 868.0 862.0 856.0 889.0 865.0 824.0 489.0 751.0 882.0 921.0 844.0 940.0 933.0 731.0 819.0 840.0 926.0 596.0 743.0 812.0 633.0 694.0 291.0 297.0 410.0 847.0 761.0 417.0 346.0 676.0 801.0 278.0 675.0 339.0 780.0 725.0 713.0 706.0 684.0 634.0 661.0 648.0 636.0 630.0 618.0 613.0 575.0 631.0 609.0 475.0 293.0 225.0 295.0 246.0 184.0 464.0 522.0 468.0 217.0 298.0 265.0 285.0 318.0 152.0 233.0 359.0 343.0 299.0 213.0 170.0 132.0 110.0 207.0 130.0 73.0 68.0 86.0 142.0 123.0 116.0 112.0 89.0 71.0 294.1736111111118 326.65927714211944
3 10.0 8.0 7.0 5.0 4.0 2.0 2.0 1.0 1.0 0.0 0.0 0.0 0.0 0.0 0.0 0.0 0.0 0.0 0.0 0.0 0.0 0.0 0.0 0.0 0.0 0.0 0.0 0.0 0.0 0.0 0.0 0.0 0.0 0.0 0.0 0.0 0.0 0.0 0.0 0.0 0.0 0.0 0.0 0.0 0.0 0.0 0.0 0.0 0.0 0.0 0.0 0.0 0.0 0.0 0.0 0.0 0.0 0.0 0.0 0.0 0.0 0.0 0.0 0.0 0.0 0.0 0.0 0.0 0.0 0.0 0.0 0.0 0.0 0.0 0.0 0.0 0.0 0.0 0.0 0.0 0.0 0.0 0.0 0.0 0.0 0.0 0.0 0.0 0.0 0.0 0.0 0.0 0.0 0.0 0.0 0.0 0.0 0.0 0.0 0.0 0.0 0.0 0.0 0.0 0.0 0.0 0.0 0.0 0.0 0.0 0.0 0.0 0.0 1.0 1.0 2.0 3.0 5.0 7.0 10.0 12.0 16.0 20.0 23.0 22.0 18.0 19.0 23.0 28.0 32.0 47.0 101.0 154.0 163.0 184.0 209.0 238.0 237.0 233.0 260.0 272.0 280.0 303.0 316.0 335.0 353.0 359.0 372.0 387.0 398.0 414.0 430.0 447.0 460.0 477.0 491.0 503.0 516.0 519.0 531.0 546.0 566.0 588.0 599.0 615.0 625.0 653.0 649.0 665.0 691.0 708.0 660.0 702.0 688.0 737.0 748.0 757.0 769.0 779.0 787.0 808.0 818.0 846.0 830.0 396.0 838.0 582.0 944.0 757.0 586.0 689.0 506.0 753.0 353.0 454.0 940.0 941.0 948.0 811.0 830.0 891.0 942.0 941.0 631.0 1033.0 839.0 902.0 757.0 909.0 987.0 964.0 956.0 995.0 916.0 820.0 705.0 954.0 998.0 947.0 964.0 923.0 838.0 852.0 685.0 622.0 856.0 866.0 903.0 900.0 797.0 591.0 837.0 845.0 799.0 815.0 647.0 504.0 661.0 802.0 792.0 217.0 418.0 772.0 688.0 667.0 656.0 641.0 625.0 612.0 599.0 587.0 573.0 558.0 548.0 535.0 519.0 504.0 487.0 472.0 459.0 444.0 428.0 384.0 367.0 399.0 378.0 360.0 338.0 314.0 273.0 198.0 283.0 261.0 241.0 223.0 210.0 196.0 161.0 101.0 81.0 121.0 48.0 56.0 97.0 110.0 105.0 87.0 68.0 310.72222222222285 343.2963377787867
4 12.0 11.0 9.0 6.0 4.0 2.0 1.0 1.0 1.0 0.0 0.0 0.0 0.0 0.0 0.0 0.0 0.0 0.0 0.0 0.0 0.0 0.0 0.0 0.0 0.0 0.0 0.0 0.0 0.0 0.0 0.0 0.0 0.0 0.0 0.0 0.0 0.0 0.0 0.0 0.0 0.0 0.0 0.0 0.0 0.0 0.0 0.0 0.0 0.0 0.0 0.0 0.0 0.0 0.0 0.0 0.0 0.0 0.0 0.0 0.0 0.0 0.0 0.0 0.0 0.0 0.0 0.0 0.0 0.0 0.0 0.0 0.0 0.0 0.0 0.0 0.0 0.0 0.0 0.0 0.0 0.0 0.0 0.0 0.0 0.0 0.0 0.0 0.0 0.0 0.0 0.0 0.0 0.0 0.0 0.0 0.0 0.0 0.0 0.0 0.0 0.0 0.0 0.0 0.0 0.0 0.0 0.0 0.0 0.0 0.0 0.0 0.0 1.0 1.0 3.0 3.0 4.0 6.0 9.0 13.0 16.0 18.0 20.0 20.0 21.0 26.0 29.0 30.0 29.0 28.0 27.0 30.0 56.0 93.0 160.0 202.0 224.0 229.0 237.0 267.0 281.0 292.0 308.0 323.0 345.0 361.0 370.0 394.0 409.0 427.0 443.0 455.0 469.0 484.0 494.0 506.0 524.0 544.0 555.0 559.0 571.0 542.0 623.0 492.0 439.0 599.0 570.0 528.0 695.0 704.0 720.0 747.0 771.0 714.0 672.0 667.0 817.0 827.0 830.0 872.0 916.0 945.0 950.0 338.0 605.0 948.0 460.0 256.0 884.0 919.0 609.0 641.0 944.0 757.0 711.0 904.0 812.0 493.0 1044.0 1002.0 943.0 712.0 624.0 654.0 992.0 940.0 807.0 709.0 556.0 644.0 460.0 754.0 566.0 956.0 903.0 1043.0 965.0 984.0 439.0 619.0 873.0 523.0 701.0 488.0 205.0 373.0 1021.0 912.0 898.0 880.0 839.0 861.0 802.0 789.0 725.0 844.0 795.0 786.0 761.0 758.0 740.0 718.0 705.0 661.0 661.0 695.0 659.0 651.0 631.0 615.0 579.0 365.0 289.0 554.0 526.0 549.0 527.0 310.0 503.0 472.0 448.0 428.0 420.0 258.0 184.0 220.0 302.0 387.0 181.0 120.0 104.0 89.0 102.0 111.0 92.0 82.0 63.0 56.0 69.0 156.0 123.0 52.0 56.0 72.0 87.0 115.0 89.0 110.0 295.2083333333331 338.3968120993818
5 15.0 13.0 10.0 6.0 4.0 2.0 1.0 1.0 0.0 0.0 0.0 0.0 0.0 0.0 0.0 0.0 0.0 0.0 0.0 0.0 0.0 0.0 0.0 0.0 0.0 0.0 0.0 0.0 0.0 0.0 0.0 0.0 0.0 0.0 0.0 0.0 0.0 0.0 0.0 0.0 0.0 0.0 0.0 0.0 0.0 0.0 0.0 0.0 0.0 0.0 0.0 0.0 0.0 0.0 0.0 0.0 0.0 0.0 0.0 0.0 0.0 0.0 0.0 0.0 0.0 0.0 0.0 0.0 0.0 0.0 0.0 0.0 0.0 0.0 0.0 0.0 0.0 0.0 0.0 0.0 0.0 0.0 0.0 0.0 0.0 0.0 0.0 0.0 0.0 0.0 0.0 0.0 0.0 0.0 0.0 0.0 0.0 0.0 0.0 0.0 0.0 0.0 0.0 0.0 0.0 0.0 0.0 0.0 0.0 0.0 0.0 1.0 1.0 2.0 4.0 7.0 11.0 18.0 23.0 28.0 37.0 43.0 44.0 47.0 54.0 93.0 98.0 90.0 114.0 134.0 136.0 158.0 164.0 119.0 107.0 95.0 90.0 76.0 62.0 89.0 210.0 265.0 363.0 292.0 416.0 397.0 361.0 440.0 448.0 458.0 466.0 348.0 490.0 519.0 510.0 527.0 540.0 551.0 566.0 568.0 372.0 556.0 615.0 631.0 646.0 661.0 672.0 686.0 696.0 711.0 721.0 731.0 741.0 753.0 765.0 772.0 780.0 789.0 795.0 810.0 821.0 835.0 802.0 793.0 730.0 920.0 936.0 875.0 883.0 899.0 922.0 862.0 898.0 886.0 675.0 965.0 960.0 957.0 954.0 978.0 807.0 982.0 973.0 970.0 938.0 913.0 738.0 647.0 666.0 830.0 963.0 771.0 442.0 952.0 972.0 809.0 213.0 822.0 715.0 252.0 848.0 597.0 504.0 316.0 834.0 890.0 899.0 582.0 898.0 610.0 873.0 870.0 539.0 550.0 844.0 836.0 816.0 707.0 774.0 642.0 755.0 742.0 727.0 714.0 703.0 679.0 649.0 600.0 637.0 632.0 611.0 600.0 590.0 572.0 554.0 538.0 500.0 518.0 497.0 503.0 451.0 391.0 466.0 458.0 361.0 380.0 356.0 356.0 318.0 276.0 279.0 207.0 219.0 143.0 60.0 153.0 230.0 212.0 195.0 174.0 165.0 141.0 84.0 53.0 79.0 66.0 45.0 43.0 314.833333333333 346.72403148176636
6 11.0 9.0 8.0 6.0 4.0 3.0 2.0 1.0 0.0 0.0 0.0 0.0 0.0 0.0 0.0 0.0 0.0 0.0 0.0 0.0 0.0 0.0 0.0 0.0 0.0 0.0 0.0 0.0 0.0 0.0 0.0 0.0 0.0 0.0 0.0 0.0 0.0 0.0 0.0 0.0 0.0 0.0 0.0 0.0 0.0 0.0 0.0 0.0 0.0 0.0 0.0 0.0 0.0 0.0 0.0 0.0 0.0 0.0 0.0 0.0 0.0 0.0 0.0 0.0 0.0 0.0 0.0 0.0 0.0 0.0 0.0 0.0 0.0 0.0 0.0 0.0 0.0 0.0 0.0 0.0 0.0 0.0 0.0 0.0 0.0 0.0 0.0 0.0 0.0 0.0 0.0 0.0 0.0 0.0 0.0 0.0 0.0 0.0 0.0 0.0 0.0 0.0 0.0 0.0 0.0 0.0 0.0 0.0 0.0 0.0 0.0 0.0 1.0 1.0 2.0 4.0 8.0 14.0 14.0 12.0 13.0 17.0 23.0 34.0 48.0 68.0 77.0 64.0 65.0 72.0 76.0 87.0 117.0 171.0 195.0 194.0 245.0 237.0 226.0 234.0 214.0 194.0 172.0 166.0 155.0 191.0 261.0 321.0 371.0 403.0 428.0 453.0 472.0 490.0 503.0 512.0 494.0 539.0 550.0 566.0 580.0 593.0 610.0 622.0 625.0 628.0 654.0 670.0 674.0 694.0 707.0 719.0 732.0 744.0 757.0 770.0 760.0 787.0 795.0 804.0 817.0 826.0 834.0 839.0 845.0 853.0 860.0 868.0 883.0 890.0 919.0 857.0 987.0 900.0 760.0 936.0 786.0 967.0 997.0 985.0 881.0 1046.0 707.0 1114.0 611.0 546.0 902.0 1091.0 1050.0 965.0 832.0 659.0 421.0 564.0 611.0 560.0 936.0 857.0 1048.0 804.0 990.0 960.0 938.0 923.0 909.0 916.0 879.0 889.0 866.0 551.0 876.0 847.0 857.0 845.0 792.0 835.0 841.0 822.0 871.0 834.0 818.0 769.0 619.0 509.0 230.0 551.0 330.0 646.0 666.0 568.0 562.0 288.0 728.0 439.0 585.0 576.0 526.0 532.0 541.0 549.0 568.0 552.0 470.0 498.0 420.0 438.0 378.0 365.0 383.0 372.0 349.0 346.0 332.0 302.0 281.0 256.0 225.0 176.0 157.0 104.0 142.0 156.0 144.0 134.0 137.0 126.0 109.0 92.0 325.84027777777703 357.826952185029
7 2.0 1.0 1.0 2.0 2.0 1.0 0.0 0.0 0.0 0.0 0.0 0.0 0.0 0.0 0.0 0.0 0.0 0.0 0.0 0.0 0.0 0.0 0.0 0.0 0.0 0.0 0.0 0.0 0.0 0.0 0.0 0.0 0.0 0.0 0.0 0.0 0.0 0.0 0.0 0.0 0.0 0.0 0.0 0.0 0.0 0.0 0.0 0.0 0.0 0.0 0.0 0.0 0.0 0.0 0.0 0.0 0.0 0.0 0.0 0.0 0.0 0.0 0.0 0.0 0.0 0.0 0.0 0.0 0.0 0.0 0.0 0.0 0.0 0.0 0.0 0.0 0.0 0.0 0.0 0.0 0.0 0.0 0.0 0.0 0.0 0.0 0.0 0.0 0.0 0.0 0.0 0.0 0.0 0.0 0.0 0.0 0.0 0.0 0.0 0.0 0.0 0.0 0.0 0.0 0.0 0.0 0.0 0.0 0.0 0.0 0.0 0.0 1.0 1.0 2.0 3.0 5.0 6.0 8.0 11.0 14.0 19.0 29.0 34.0 36.0 39.0 47.0 70.0 82.0 97.0 117.0 179.0 148.0 128.0 130.0 164.0 116.0 90.0 100.0 111.0 156.0 190.0 297.0 326.0 413.0 318.0 222.0 234.0 263.0 441.0 518.0 523.0 344.0 277.0 432.0 589.0 601.0 581.0 640.0 643.0 565.0 595.0 644.0 689.0 678.0 668.0 584.0 600.0 600.0 559.0 660.0 508.0 614.0 637.0 629.0 398.0 659.0 550.0 863.0 823.0 691.0 327.0 801.0 862.0 872.0 873.0 882.0 890.0 895.0 723.0 906.0 912.0 914.0 915.0 918.0 923.0 927.0 931.0 923.0 923.0 933.0 916.0 256.0 919.0 847.0 984.0 945.0 961.0 919.0 954.0 657.0 832.0 501.0 941.0 845.0 644.0 827.0 975.0 909.0 940.0 953.0 952.0 880.0 803.0 750.0 924.0 930.0 672.0 635.0 625.0 320.0 207.0 236.0 541.0 891.0 710.0 521.0 782.0 583.0 294.0 653.0 524.0 224.0 161.0 235.0 288.0 453.0 576.0 534.0 541.0 413.0 441.0 325.0 467.0 366.0 286.0 451.0 302.0 233.0 276.0 453.0 449.0 328.0 255.0 202.0 181.0 193.0 200.0 276.0 298.0 197.0 198.0 160.0 142.0 145.0 160.0 128.0 120.0 117.0 132.0 154.0 99.0 111.0 93.0 85.0 100.0 77.0 73.0 285.1527777777774 335.87669505038804
8 10.0 13.0 11.0 7.0 4.0 2.0 0.0 0.0 0.0 0.0 0.0 0.0 0.0 0.0 0.0 0.0 0.0 0.0 0.0 0.0 0.0 0.0 0.0 0.0 0.0 0.0 0.0 0.0 0.0 0.0 0.0 0.0 0.0 0.0 0.0 0.0 0.0 0.0 0.0 0.0 0.0 0.0 0.0 0.0 0.0 0.0 0.0 0.0 0.0 0.0 0.0 0.0 0.0 0.0 0.0 0.0 0.0 0.0 0.0 0.0 0.0 0.0 0.0 0.0 0.0 0.0 0.0 0.0 0.0 0.0 0.0 0.0 0.0 0.0 0.0 0.0 0.0 0.0 0.0 0.0 0.0 0.0 0.0 0.0 0.0 0.0 0.0 0.0 0.0 0.0 0.0 0.0 0.0 0.0 0.0 0.0 0.0 0.0 0.0 0.0 0.0 0.0 0.0 0.0 0.0 0.0 0.0 0.0 0.0 0.0 0.0 0.0 1.0 1.0 1.0 2.0 4.0 6.0 9.0 11.0 13.0 16.0 20.0 27.0 45.0 52.0 51.0 70.0 100.0 89.0 78.0 81.0 85.0 99.0 98.0 90.0 75.0 80.0 116.0 136.0 160.0 180.0 136.0 159.0 179.0 186.0 217.0 257.0 371.0 422.0 365.0 345.0 335.0 342.0 308.0 425.0 425.0 580.0 593.0 606.0 614.0 587.0 629.0 657.0 683.0 719.0 592.0 651.0 767.0 556.0 556.0 610.0 542.0 576.0 670.0 754.0 582.0 622.0 645.0 821.0 651.0 466.0 725.0 816.0 816.0 824.0 845.0 852.0 860.0 864.0 870.0 880.0 883.0 875.0 880.0 886.0 896.0 905.0 898.0 900.0 903.0 911.0 909.0 791.0 970.0 464.0 399.0 399.0 985.0 929.0 585.0 701.0 929.0 861.0 551.0 704.0 544.0 325.0 611.0 483.0 806.0 926.0 748.0 399.0 440.0 440.0 909.0 364.0 583.0 662.0 462.0 524.0 526.0 205.0 394.0 780.0 693.0 380.0 755.0 728.0 820.0 796.0 745.0 722.0 705.0 297.0 115.0 107.0 117.0 114.0 130.0 155.0 131.0 117.0 123.0 262.0 327.0 304.0 343.0 217.0 151.0 92.0 68.0 74.0 50.0 46.0 46.0 57.0 66.0 78.0 58.0 52.0 56.0 75.0 85.0 82.0 77.0 71.0 68.0 61.0 56.0 60.0 62.0 54.0 44.0 43.0 44.0 41.0 248.82291666666643 318.80222244202133
9 12.0 8.0 5.0 4.0 2.0 1.0 1.0 0.0 0.0 0.0 0.0 0.0 0.0 0.0 0.0 0.0 0.0 0.0 0.0 0.0 0.0 0.0 0.0 0.0 0.0 0.0 0.0 0.0 0.0 0.0 0.0 0.0 0.0 0.0 0.0 0.0 0.0 0.0 0.0 0.0 0.0 0.0 0.0 0.0 0.0 0.0 0.0 0.0 0.0 0.0 0.0 0.0 0.0 0.0 0.0 0.0 0.0 0.0 0.0 0.0 0.0 0.0 0.0 0.0 0.0 0.0 0.0 0.0 0.0 0.0 0.0 0.0 0.0 0.0 0.0 0.0 0.0 0.0 0.0 0.0 0.0 0.0 0.0 0.0 0.0 0.0 0.0 0.0 0.0 0.0 0.0 0.0 0.0 0.0 0.0 0.0 0.0 0.0 0.0 0.0 0.0 0.0 0.0 0.0 0.0 0.0 0.0 0.0 0.0 0.0 0.0 0.0 0.0 1.0 2.0 3.0 3.0 2.0 3.0 3.0 3.0 3.0 3.0 3.0 3.0 8.0 8.0 14.0 20.0 22.0 24.0 26.0 24.0 21.0 20.0 20.0 27.0 31.0 30.0 36.0 52.0 89.0 115.0 135.0 188.0 190.0 195.0 208.0 251.0 232.0 233.0 288.0 353.0 326.0 261.0 233.0 215.0 160.0 150.0 143.0 175.0 259.0 183.0 151.0 187.0 177.0 198.0 151.0 129.0 173.0 255.0 175.0 219.0 292.0 376.0 410.0 672.0 412.0 542.0 496.0 375.0 291.0 252.0 272.0 275.0 301.0 327.0 338.0 359.0 418.0 476.0 479.0 538.0 544.0 601.0 736.0 732.0 832.0 858.0 747.0 819.0 658.0 832.0 717.0 624.0 884.0 846.0 639.0 612.0 457.0 874.0 619.0 573.0 797.0 633.0 811.0 619.0 686.0 747.0 836.0 896.0 803.0 760.0 824.0 810.0 803.0 781.0 790.0 754.0 778.0 746.0 732.0 712.0 603.0 700.0 683.0 745.0 709.0 717.0 696.0 710.0 667.0 654.0 521.0 502.0 618.0 289.0 461.0 532.0 534.0 449.0 467.0 411.0 467.0 428.0 283.0 193.0 191.0 257.0 257.0 395.0 324.0 236.0 196.0 147.0 325.0 308.0 225.0 293.0 117.0 96.0 87.0 71.0 51.0 37.0 25.0 17.0 13.0 11.0 8.0 4.0 1.0 1.0 1.0 1.0 1.0 1.0 1.0 211.8229166666662 280.52275721003065
END
#################################################################
SECTION3 (Edges Information)
EndPoint0 EndPoint1 Weight
0 1 1.000000
1 2 1.000000
2 3 1.000000
3 4 1.000000
3 5 1.000000
4 5 1.000000
4 6 1.000000
5 6 1.000000
5 7 1.000000
6 7 1.000000
7 8 1.000000
7 9 1.000000
8 9 1.000000
END
#################################################################
SECTION4 (TrueSubGraph Information)
EndPoint0 EndPoint1 Weight
END
#################################################################
