#################################################################
#APDM Input Graph, this input graph includes 3 sections:
#section1 : general information
#section2 : nodes
#section3 : edges
#section4 : trueSubGraph (Optional)
#
#if nodes haven't information set weight to null
#################################################################
SECTION1 (General Information)
numNodes = 10
numEdges = 13
usedAlgorithm = NULL
dataSource = TransWeatherRealData
END
#################################################################
SECTION2 (Nodes Information)
NodeID rad  mean  std 
0 0.0 0.0 0.0 0.0 0.0 0.0 0.0 0.0 0.0 0.0 0.0 0.0 0.0 0.0 0.0 0.0 0.0 0.0 0.0 0.0 0.0 0.0 0.0 0.0 0.0 0.0 0.0 0.0 0.0 0.0 0.0 0.0 0.0 0.0 0.0 0.0 0.0 0.0 0.0 0.0 0.0 0.0 0.0 0.0 0.0 0.0 0.0 0.0 0.0 0.0 0.0 0.0 0.0 0.0 0.0 0.0 0.0 0.0 0.0 0.0 0.0 0.0 0.0 0.0 0.0 0.0 0.0 0.0 0.0 0.0 0.0 0.0 0.0 0.0 0.0 0.0 0.0 0.0 0.0 0.0 0.0 0.0 0.0 0.0 0.0 0.0 0.0 0.0 0.0 0.0 1.0 1.0 2.0 2.0 4.0 6.0 10.0 13.0 20.0 26.0 29.0 34.0 41.0 45.0 51.0 59.0 67.0 78.0 82.0 93.0 105.0 103.0 98.0 99.0 93.0 91.0 93.0 104.0 130.0 133.0 141.0 172.0 179.0 181.0 189.0 262.0 287.0 318.0 305.0 329.0 350.0 348.0 351.0 337.0 355.0 369.0 377.0 372.0 357.0 357.0 395.0 396.0 401.0 402.0 388.0 362.0 406.0 404.0 403.0 404.0 350.0 387.0 403.0 405.0 396.0 395.0 382.0 392.0 387.0 380.0 363.0 376.0 377.0 377.0 373.0 360.0 353.0 348.0 341.0 317.0 324.0 325.0 296.0 304.0 289.0 282.0 279.0 246.0 265.0 279.0 267.0 256.0 248.0 219.0 196.0 182.0 173.0 162.0 149.0 138.0 131.0 121.0 101.0 93.0 78.0 35.0 23.0 17.0 14.0 12.0 10.0 8.0 6.0 4.0 3.0 2.0 1.0 0.0 0.0 0.0 0.0 0.0 0.0 0.0 0.0 0.0 0.0 0.0 0.0 0.0 0.0 0.0 0.0 0.0 0.0 0.0 0.0 0.0 0.0 0.0 0.0 0.0 0.0 0.0 0.0 0.0 0.0 0.0 0.0 0.0 0.0 0.0 0.0 0.0 0.0 0.0 0.0 0.0 0.0 0.0 0.0 0.0 0.0 0.0 0.0 0.0 0.0 0.0 0.0 0.0 0.0 0.0 0.0 0.0 0.0 0.0 0.0 0.0 0.0 0.0 0.0 0.0 0.0 0.0 0.0 0.0 0.0 0.0 0.0 0.0 0.0 0.0 0.0 0.0 0.0 0.0 0.0 0.0 85.45138888888904 139.79439007457378
1 0.0 0.0 0.0 0.0 0.0 0.0 0.0 0.0 0.0 0.0 0.0 0.0 0.0 0.0 0.0 0.0 0.0 0.0 0.0 0.0 0.0 0.0 0.0 0.0 0.0 0.0 0.0 0.0 0.0 0.0 0.0 0.0 0.0 0.0 0.0 0.0 0.0 0.0 0.0 0.0 0.0 0.0 0.0 0.0 0.0 0.0 0.0 0.0 0.0 0.0 0.0 0.0 0.0 0.0 0.0 0.0 0.0 0.0 0.0 0.0 0.0 0.0 0.0 0.0 0.0 0.0 0.0 0.0 0.0 0.0 0.0 0.0 0.0 0.0 0.0 0.0 0.0 0.0 0.0 0.0 0.0 0.0 0.0 0.0 0.0 0.0 0.0 0.0 0.0 0.0 1.0 1.0 2.0 3.0 13.0 19.0 22.0 30.0 41.0 44.0 46.0 47.0 48.0 49.0 50.0 56.0 59.0 58.0 62.0 71.0 92.0 114.0 133.0 139.0 143.0 148.0 140.0 129.0 135.0 141.0 160.0 159.0 158.0 165.0 167.0 168.0 197.0 185.0 230.0 263.0 197.0 204.0 240.0 222.0 275.0 274.0 226.0 281.0 201.0 185.0 181.0 150.0 161.0 197.0 245.0 353.0 370.0 362.0 348.0 340.0 382.0 466.0 482.0 433.0 412.0 376.0 315.0 370.0 421.0 408.0 403.0 412.0 357.0 407.0 357.0 300.0 353.0 309.0 375.0 387.0 377.0 383.0 237.0 98.0 80.0 175.0 229.0 133.0 72.0 65.0 53.0 117.0 228.0 227.0 218.0 189.0 156.0 75.0 70.0 54.0 57.0 63.0 63.0 59.0 52.0 50.0 43.0 38.0 31.0 24.0 21.0 16.0 12.0 8.0 5.0 3.0 1.0 1.0 1.0 0.0 0.0 0.0 0.0 0.0 0.0 0.0 0.0 0.0 0.0 0.0 0.0 0.0 0.0 0.0 0.0 0.0 0.0 0.0 0.0 0.0 0.0 0.0 0.0 0.0 0.0 0.0 0.0 0.0 0.0 0.0 0.0 0.0 0.0 0.0 0.0 0.0 0.0 0.0 0.0 0.0 0.0 0.0 0.0 0.0 0.0 0.0 0.0 0.0 0.0 0.0 0.0 0.0 0.0 0.0 0.0 0.0 0.0 0.0 0.0 0.0 0.0 0.0 0.0 0.0 0.0 0.0 0.0 0.0 0.0 0.0 0.0 0.0 0.0 0.0 0.0 0.0 0.0 0.0 70.86458333333344 121.48798307029304
2 0.0 0.0 0.0 0.0 0.0 0.0 0.0 0.0 0.0 0.0 0.0 0.0 0.0 0.0 0.0 0.0 0.0 0.0 0.0 0.0 0.0 0.0 0.0 0.0 0.0 0.0 0.0 0.0 0.0 0.0 0.0 0.0 0.0 0.0 0.0 0.0 0.0 0.0 0.0 0.0 0.0 0.0 0.0 0.0 0.0 0.0 0.0 0.0 0.0 0.0 0.0 0.0 0.0 0.0 0.0 0.0 0.0 0.0 0.0 0.0 0.0 0.0 0.0 0.0 0.0 0.0 0.0 0.0 0.0 0.0 0.0 0.0 0.0 0.0 0.0 0.0 0.0 0.0 0.0 0.0 0.0 0.0 0.0 0.0 0.0 0.0 0.0 0.0 0.0 0.0 1.0 1.0 2.0 3.0 8.0 13.0 16.0 23.0 28.0 39.0 49.0 38.0 29.0 33.0 41.0 56.0 72.0 80.0 79.0 83.0 90.0 98.0 116.0 126.0 145.0 155.0 154.0 160.0 163.0 234.0 276.0 296.0 249.0 242.0 311.0 214.0 237.0 222.0 228.0 281.0 267.0 223.0 236.0 216.0 200.0 217.0 205.0 242.0 259.0 261.0 253.0 261.0 245.0 247.0 285.0 304.0 290.0 401.0 446.0 382.0 263.0 254.0 269.0 254.0 300.0 304.0 358.0 432.0 366.0 352.0 371.0 420.0 415.0 404.0 393.0 332.0 378.0 327.0 336.0 350.0 328.0 312.0 302.0 299.0 301.0 293.0 298.0 295.0 290.0 303.0 310.0 281.0 249.0 185.0 123.0 91.0 101.0 98.0 94.0 83.0 120.0 86.0 54.0 32.0 30.0 30.0 26.0 27.0 33.0 26.0 17.0 10.0 6.0 6.0 5.0 2.0 1.0 0.0 0.0 0.0 0.0 0.0 0.0 0.0 0.0 0.0 0.0 0.0 0.0 0.0 0.0 0.0 0.0 0.0 0.0 0.0 0.0 0.0 0.0 0.0 0.0 0.0 0.0 0.0 0.0 0.0 0.0 0.0 0.0 0.0 0.0 0.0 0.0 0.0 0.0 0.0 0.0 0.0 0.0 0.0 0.0 0.0 0.0 0.0 0.0 0.0 0.0 0.0 0.0 0.0 0.0 0.0 0.0 0.0 0.0 0.0 0.0 0.0 0.0 0.0 0.0 0.0 0.0 0.0 0.0 0.0 0.0 0.0 0.0 0.0 0.0 0.0 0.0 0.0 0.0 0.0 0.0 0.0 76.93055555555547 124.98223722031963
3 0.0 0.0 0.0 0.0 0.0 0.0 0.0 0.0 0.0 0.0 0.0 0.0 0.0 0.0 0.0 0.0 0.0 0.0 0.0 0.0 0.0 0.0 0.0 0.0 0.0 0.0 0.0 0.0 0.0 0.0 0.0 0.0 0.0 0.0 0.0 0.0 0.0 0.0 0.0 0.0 0.0 0.0 0.0 0.0 0.0 0.0 0.0 0.0 0.0 0.0 0.0 0.0 0.0 0.0 0.0 0.0 0.0 0.0 0.0 0.0 0.0 0.0 0.0 0.0 0.0 0.0 0.0 0.0 0.0 0.0 0.0 0.0 0.0 0.0 0.0 0.0 0.0 0.0 0.0 0.0 0.0 0.0 0.0 0.0 0.0 0.0 0.0 0.0 0.0 0.0 1.0 1.0 2.0 4.0 8.0 12.0 20.0 30.0 32.0 30.0 42.0 53.0 66.0 60.0 42.0 44.0 52.0 60.0 74.0 99.0 112.0 117.0 119.0 113.0 127.0 139.0 152.0 179.0 214.0 250.0 254.0 259.0 312.0 315.0 291.0 212.0 171.0 240.0 275.0 295.0 256.0 242.0 237.0 220.0 202.0 204.0 217.0 223.0 213.0 215.0 209.0 222.0 268.0 263.0 255.0 273.0 261.0 256.0 271.0 304.0 320.0 347.0 425.0 485.0 493.0 376.0 276.0 285.0 303.0 320.0 377.0 371.0 386.0 355.0 264.0 360.0 372.0 361.0 375.0 363.0 365.0 360.0 226.0 340.0 343.0 158.0 184.0 123.0 112.0 83.0 77.0 76.0 93.0 78.0 66.0 61.0 60.0 47.0 36.0 39.0 41.0 35.0 42.0 39.0 33.0 29.0 25.0 20.0 14.0 10.0 8.0 6.0 6.0 6.0 4.0 1.0 1.0 0.0 0.0 0.0 0.0 0.0 0.0 0.0 0.0 0.0 0.0 0.0 0.0 0.0 0.0 0.0 0.0 0.0 0.0 0.0 0.0 0.0 0.0 0.0 0.0 0.0 0.0 0.0 0.0 0.0 0.0 0.0 0.0 0.0 0.0 0.0 0.0 0.0 0.0 0.0 0.0 0.0 0.0 0.0 0.0 0.0 0.0 0.0 0.0 0.0 0.0 0.0 0.0 0.0 0.0 0.0 0.0 0.0 0.0 0.0 0.0 0.0 0.0 0.0 0.0 0.0 0.0 0.0 0.0 0.0 0.0 0.0 0.0 0.0 0.0 0.0 0.0 0.0 0.0 0.0 0.0 0.0 69.96527777777794 119.90867100631598
4 0.0 0.0 0.0 0.0 0.0 0.0 0.0 0.0 0.0 0.0 0.0 0.0 0.0 0.0 0.0 0.0 0.0 0.0 0.0 0.0 0.0 0.0 0.0 0.0 0.0 0.0 0.0 0.0 0.0 0.0 0.0 0.0 0.0 0.0 0.0 0.0 0.0 0.0 0.0 0.0 0.0 0.0 0.0 0.0 0.0 0.0 0.0 0.0 0.0 0.0 0.0 0.0 0.0 0.0 0.0 0.0 0.0 0.0 0.0 0.0 0.0 0.0 0.0 0.0 0.0 0.0 0.0 0.0 0.0 0.0 0.0 0.0 0.0 0.0 0.0 0.0 0.0 0.0 0.0 0.0 0.0 0.0 0.0 0.0 0.0 0.0 0.0 0.0 0.0 1.0 1.0 2.0 2.0 5.0 11.0 16.0 23.0 29.0 34.0 37.0 52.0 64.0 69.0 77.0 90.0 92.0 94.0 72.0 69.0 78.0 80.0 92.0 114.0 141.0 159.0 154.0 139.0 147.0 154.0 176.0 196.0 241.0 329.0 311.0 280.0 380.0 358.0 327.0 279.0 239.0 263.0 291.0 334.0 313.0 259.0 270.0 267.0 232.0 207.0 234.0 233.0 237.0 253.0 240.0 240.0 265.0 311.0 299.0 316.0 306.0 318.0 304.0 264.0 349.0 366.0 384.0 400.0 471.0 479.0 425.0 374.0 359.0 365.0 361.0 370.0 376.0 350.0 378.0 374.0 348.0 369.0 356.0 361.0 344.0 243.0 130.0 185.0 123.0 96.0 85.0 69.0 235.0 230.0 209.0 151.0 186.0 166.0 177.0 131.0 104.0 58.0 88.0 42.0 37.0 51.0 57.0 43.0 22.0 15.0 16.0 14.0 11.0 7.0 6.0 3.0 1.0 1.0 0.0 0.0 0.0 0.0 0.0 0.0 0.0 0.0 0.0 0.0 0.0 0.0 0.0 0.0 0.0 0.0 0.0 0.0 0.0 0.0 0.0 0.0 0.0 0.0 0.0 0.0 0.0 0.0 0.0 0.0 0.0 0.0 0.0 0.0 0.0 0.0 0.0 0.0 0.0 0.0 0.0 0.0 0.0 0.0 0.0 0.0 0.0 0.0 0.0 0.0 0.0 0.0 0.0 0.0 0.0 0.0 0.0 0.0 0.0 0.0 0.0 0.0 0.0 0.0 0.0 0.0 0.0 0.0 0.0 0.0 0.0 0.0 0.0 0.0 0.0 0.0 0.0 0.0 0.0 0.0 0.0 77.85069444444453 127.18789880449918
5 0.0 0.0 0.0 0.0 0.0 0.0 0.0 0.0 0.0 0.0 0.0 0.0 0.0 0.0 0.0 0.0 0.0 0.0 0.0 0.0 0.0 0.0 0.0 0.0 0.0 0.0 0.0 0.0 0.0 0.0 0.0 0.0 0.0 0.0 0.0 0.0 0.0 0.0 0.0 0.0 0.0 0.0 0.0 0.0 0.0 0.0 0.0 0.0 0.0 0.0 0.0 0.0 0.0 0.0 0.0 0.0 0.0 0.0 0.0 0.0 0.0 0.0 0.0 0.0 0.0 0.0 0.0 0.0 0.0 0.0 0.0 0.0 0.0 0.0 0.0 0.0 0.0 0.0 0.0 0.0 0.0 0.0 0.0 0.0 0.0 0.0 0.0 0.0 1.0 1.0 1.0 2.0 3.0 4.0 14.0 29.0 37.0 43.0 53.0 80.0 114.0 129.0 146.0 137.0 139.0 185.0 208.0 202.0 217.0 214.0 214.0 274.0 246.0 301.0 312.0 342.0 366.0 361.0 346.0 291.0 240.0 284.0 250.0 136.0 174.0 214.0 217.0 242.0 230.0 316.0 354.0 321.0 324.0 321.0 284.0 256.0 295.0 285.0 327.0 287.0 249.0 224.0 262.0 324.0 331.0 329.0 426.0 409.0 379.0 450.0 412.0 419.0 304.0 294.0 363.0 345.0 333.0 279.0 292.0 340.0 289.0 327.0 391.0 433.0 393.0 398.0 340.0 271.0 369.0 351.0 338.0 329.0 319.0 310.0 302.0 293.0 284.0 274.0 263.0 251.0 240.0 229.0 217.0 205.0 197.0 188.0 180.0 155.0 151.0 136.0 91.0 69.0 39.0 32.0 27.0 26.0 22.0 19.0 14.0 8.0 6.0 5.0 4.0 3.0 1.0 1.0 0.0 0.0 0.0 0.0 0.0 0.0 0.0 0.0 0.0 0.0 0.0 0.0 0.0 0.0 0.0 0.0 0.0 0.0 0.0 0.0 0.0 0.0 0.0 0.0 0.0 0.0 0.0 0.0 0.0 0.0 0.0 0.0 0.0 0.0 0.0 0.0 0.0 0.0 0.0 0.0 0.0 0.0 0.0 0.0 0.0 0.0 0.0 0.0 0.0 0.0 0.0 0.0 0.0 0.0 0.0 0.0 0.0 0.0 0.0 0.0 0.0 0.0 0.0 0.0 0.0 0.0 0.0 0.0 0.0 0.0 0.0 0.0 0.0 0.0 0.0 0.0 0.0 0.0 0.0 0.0 0.0 0.0 90.01041666666661 136.64508018913577
6 0.0 0.0 0.0 0.0 0.0 0.0 0.0 0.0 0.0 0.0 0.0 0.0 0.0 0.0 0.0 0.0 0.0 0.0 0.0 0.0 0.0 0.0 0.0 0.0 0.0 0.0 0.0 0.0 0.0 0.0 0.0 0.0 0.0 0.0 0.0 0.0 0.0 0.0 0.0 0.0 0.0 0.0 0.0 0.0 0.0 0.0 0.0 0.0 0.0 0.0 0.0 0.0 0.0 0.0 0.0 0.0 0.0 0.0 0.0 0.0 0.0 0.0 0.0 0.0 0.0 0.0 0.0 0.0 0.0 0.0 0.0 0.0 0.0 0.0 0.0 0.0 0.0 0.0 0.0 0.0 0.0 0.0 0.0 0.0 0.0 0.0 0.0 0.0 1.0 1.0 1.0 2.0 3.0 4.0 7.0 16.0 32.0 39.0 37.0 46.0 70.0 77.0 82.0 85.0 99.0 82.0 85.0 93.0 147.0 154.0 165.0 160.0 249.0 268.0 295.0 310.0 272.0 195.0 203.0 227.0 141.0 157.0 231.0 230.0 197.0 194.0 220.0 231.0 237.0 247.0 265.0 259.0 259.0 268.0 214.0 274.0 337.0 304.0 273.0 381.0 354.0 391.0 333.0 413.0 345.0 354.0 228.0 213.0 247.0 234.0 326.0 353.0 318.0 324.0 336.0 389.0 390.0 362.0 378.0 387.0 352.0 319.0 234.0 225.0 245.0 276.0 251.0 256.0 271.0 289.0 337.0 307.0 188.0 162.0 188.0 245.0 216.0 230.0 265.0 257.0 128.0 138.0 236.0 226.0 229.0 235.0 232.0 157.0 111.0 144.0 154.0 120.0 99.0 75.0 78.0 50.0 23.0 14.0 10.0 7.0 4.0 3.0 3.0 1.0 1.0 0.0 0.0 0.0 0.0 0.0 0.0 0.0 0.0 0.0 0.0 0.0 0.0 0.0 0.0 0.0 0.0 0.0 0.0 0.0 0.0 0.0 0.0 0.0 0.0 0.0 0.0 0.0 0.0 0.0 0.0 0.0 0.0 0.0 0.0 0.0 0.0 0.0 0.0 0.0 0.0 0.0 0.0 0.0 0.0 0.0 0.0 0.0 0.0 0.0 0.0 0.0 0.0 0.0 0.0 0.0 0.0 0.0 0.0 0.0 0.0 0.0 0.0 0.0 0.0 0.0 0.0 0.0 0.0 0.0 0.0 0.0 0.0 0.0 0.0 0.0 0.0 0.0 0.0 0.0 0.0 0.0 0.0 0.0 78.79166666666654 121.4930275741324
7 0.0 0.0 0.0 0.0 0.0 0.0 0.0 0.0 0.0 0.0 0.0 0.0 0.0 0.0 0.0 0.0 0.0 0.0 0.0 0.0 0.0 0.0 0.0 0.0 0.0 0.0 0.0 0.0 0.0 0.0 0.0 0.0 0.0 0.0 0.0 0.0 0.0 0.0 0.0 0.0 0.0 0.0 0.0 0.0 0.0 0.0 0.0 0.0 0.0 0.0 0.0 0.0 0.0 0.0 0.0 0.0 0.0 0.0 0.0 0.0 0.0 0.0 0.0 0.0 0.0 0.0 0.0 0.0 0.0 0.0 0.0 0.0 0.0 0.0 0.0 0.0 0.0 0.0 0.0 0.0 0.0 0.0 0.0 0.0 0.0 0.0 0.0 0.0 1.0 1.0 2.0 3.0 3.0 5.0 7.0 11.0 13.0 13.0 13.0 13.0 12.0 14.0 16.0 19.0 25.0 27.0 34.0 37.0 69.0 107.0 151.0 179.0 140.0 137.0 143.0 149.0 123.0 123.0 147.0 132.0 153.0 180.0 181.0 190.0 262.0 208.0 173.0 203.0 339.0 380.0 348.0 339.0 413.0 422.0 435.0 441.0 448.0 449.0 433.0 316.0 448.0 327.0 375.0 397.0 252.0 377.0 443.0 427.0 467.0 421.0 429.0 458.0 408.0 255.0 251.0 285.0 273.0 285.0 241.0 218.0 229.0 276.0 204.0 215.0 208.0 183.0 167.0 173.0 155.0 181.0 194.0 202.0 232.0 164.0 148.0 137.0 130.0 144.0 128.0 124.0 119.0 111.0 120.0 94.0 87.0 72.0 70.0 68.0 55.0 49.0 44.0 38.0 34.0 27.0 23.0 23.0 16.0 16.0 13.0 8.0 4.0 2.0 4.0 1.0 0.0 0.0 0.0 0.0 0.0 0.0 0.0 0.0 0.0 0.0 0.0 0.0 0.0 0.0 0.0 0.0 0.0 0.0 0.0 0.0 0.0 0.0 0.0 0.0 0.0 0.0 0.0 0.0 0.0 0.0 0.0 0.0 0.0 0.0 0.0 0.0 0.0 0.0 0.0 0.0 0.0 0.0 0.0 0.0 0.0 0.0 0.0 0.0 0.0 0.0 0.0 0.0 0.0 0.0 0.0 0.0 0.0 0.0 0.0 0.0 0.0 0.0 0.0 0.0 0.0 0.0 0.0 0.0 0.0 0.0 0.0 0.0 0.0 0.0 0.0 0.0 0.0 0.0 0.0 0.0 0.0 0.0 0.0 0.0 69.13541666666656 124.56846372948223
8 0.0 0.0 0.0 0.0 0.0 0.0 0.0 0.0 0.0 0.0 0.0 0.0 0.0 0.0 0.0 0.0 0.0 0.0 0.0 0.0 0.0 0.0 0.0 0.0 0.0 0.0 0.0 0.0 0.0 0.0 0.0 0.0 0.0 0.0 0.0 0.0 0.0 0.0 0.0 0.0 0.0 0.0 0.0 0.0 0.0 0.0 0.0 0.0 0.0 0.0 0.0 0.0 0.0 0.0 0.0 0.0 0.0 0.0 0.0 0.0 0.0 0.0 0.0 0.0 0.0 0.0 0.0 0.0 0.0 0.0 0.0 0.0 0.0 0.0 0.0 0.0 0.0 0.0 0.0 0.0 0.0 0.0 0.0 0.0 0.0 0.0 0.0 0.0 1.0 1.0 2.0 2.0 3.0 4.0 5.0 9.0 12.0 16.0 17.0 15.0 14.0 22.0 25.0 21.0 20.0 25.0 27.0 35.0 38.0 43.0 49.0 83.0 83.0 75.0 75.0 100.0 112.0 136.0 154.0 174.0 185.0 212.0 211.0 171.0 173.0 175.0 184.0 214.0 217.0 305.0 202.0 182.0 180.0 184.0 231.0 318.0 209.0 335.0 363.0 286.0 326.0 321.0 335.0 246.0 300.0 292.0 250.0 438.0 360.0 365.0 236.0 192.0 194.0 252.0 245.0 286.0 245.0 221.0 192.0 215.0 200.0 192.0 185.0 165.0 155.0 177.0 168.0 151.0 153.0 137.0 156.0 155.0 128.0 133.0 134.0 156.0 153.0 113.0 105.0 100.0 90.0 91.0 75.0 70.0 65.0 60.0 62.0 59.0 44.0 44.0 37.0 34.0 25.0 23.0 19.0 15.0 11.0 10.0 9.0 6.0 3.0 2.0 4.0 1.0 1.0 0.0 0.0 0.0 0.0 0.0 0.0 0.0 0.0 0.0 0.0 0.0 0.0 0.0 0.0 0.0 0.0 0.0 0.0 0.0 0.0 0.0 0.0 0.0 0.0 0.0 0.0 0.0 0.0 0.0 0.0 0.0 0.0 0.0 0.0 0.0 0.0 0.0 0.0 0.0 0.0 0.0 0.0 0.0 0.0 0.0 0.0 0.0 0.0 0.0 0.0 0.0 0.0 0.0 0.0 0.0 0.0 0.0 0.0 0.0 0.0 0.0 0.0 0.0 0.0 0.0 0.0 0.0 0.0 0.0 0.0 0.0 0.0 0.0 0.0 0.0 0.0 0.0 0.0 0.0 0.0 0.0 0.0 0.0 53.201388888889014 93.98462175794545
9 0.0 0.0 0.0 0.0 0.0 0.0 0.0 0.0 0.0 0.0 0.0 0.0 0.0 0.0 0.0 0.0 0.0 0.0 0.0 0.0 0.0 0.0 0.0 0.0 0.0 0.0 0.0 0.0 0.0 0.0 0.0 0.0 0.0 0.0 0.0 0.0 0.0 0.0 0.0 0.0 0.0 0.0 0.0 0.0 0.0 0.0 0.0 0.0 0.0 0.0 0.0 0.0 0.0 0.0 0.0 0.0 0.0 0.0 0.0 0.0 0.0 0.0 0.0 0.0 0.0 0.0 0.0 0.0 0.0 0.0 0.0 0.0 0.0 0.0 0.0 0.0 0.0 0.0 0.0 0.0 0.0 0.0 0.0 0.0 0.0 0.0 0.0 0.0 0.0 1.0 1.0 2.0 3.0 4.0 6.0 8.0 10.0 13.0 14.0 17.0 17.0 21.0 27.0 30.0 32.0 36.0 37.0 38.0 40.0 43.0 43.0 51.0 49.0 47.0 52.0 61.0 65.0 75.0 78.0 71.0 81.0 90.0 99.0 99.0 118.0 116.0 108.0 101.0 98.0 109.0 123.0 102.0 102.0 89.0 95.0 98.0 90.0 90.0 96.0 109.0 105.0 90.0 77.0 80.0 92.0 84.0 91.0 92.0 90.0 107.0 115.0 109.0 134.0 128.0 125.0 113.0 119.0 156.0 171.0 174.0 183.0 175.0 167.0 167.0 154.0 147.0 130.0 137.0 140.0 137.0 122.0 161.0 147.0 118.0 116.0 107.0 94.0 68.0 64.0 66.0 95.0 76.0 57.0 46.0 43.0 39.0 33.0 27.0 26.0 20.0 20.0 15.0 12.0 9.0 7.0 5.0 4.0 3.0 2.0 1.0 1.0 0.0 0.0 0.0 0.0 0.0 0.0 0.0 0.0 0.0 0.0 0.0 0.0 0.0 0.0 0.0 0.0 0.0 0.0 0.0 0.0 0.0 0.0 0.0 0.0 0.0 0.0 0.0 0.0 0.0 0.0 0.0 0.0 0.0 0.0 0.0 0.0 0.0 0.0 0.0 0.0 0.0 0.0 0.0 0.0 0.0 0.0 0.0 0.0 0.0 0.0 0.0 0.0 0.0 0.0 0.0 0.0 0.0 0.0 0.0 0.0 0.0 0.0 0.0 0.0 0.0 0.0 0.0 0.0 0.0 0.0 0.0 0.0 0.0 0.0 0.0 0.0 0.0 0.0 0.0 0.0 0.0 0.0 0.0 0.0 0.0 0.0 0.0 29.15972222222226 48.211809560596755
END
#################################################################
SECTION3 (Edges Information)
EndPoint0 EndPoint1 Weight
0 1 1.000000
1 2 1.000000
2 3 1.000000
3 4 1.000000
3 5 1.000000
4 5 1.000000
4 6 1.000000
5 6 1.000000
5 7 1.000000
6 7 1.000000
7 8 1.000000
7 9 1.000000
8 9 1.000000
END
#################################################################
SECTION4 (TrueSubGraph Information)
EndPoint0 EndPoint1 Weight
END
#################################################################
