#################################################################
#APDM Input Graph, this input graph includes 3 sections:
#section1 : general information
#section2 : nodes
#section3 : edges
#section4 : trueSubGraph (Optional)
#
#if nodes haven't information set weight to null
#################################################################
SECTION1 (General Information)
numNodes = 10
numEdges = 13
usedAlgorithm = NULL
dataSource = TransWeatherRealData
END
#################################################################
SECTION2 (Nodes Information)
NodeID rad  mean  std 
0 0.0 0.0 0.0 0.0 0.0 0.0 0.0 0.0 0.0 0.0 0.0 0.0 0.0 0.0 0.0 0.0 0.0 0.0 0.0 0.0 0.0 0.0 0.0 0.0 0.0 0.0 0.0 0.0 0.0 0.0 0.0 0.0 0.0 0.0 0.0 0.0 0.0 0.0 0.0 0.0 0.0 0.0 0.0 0.0 0.0 0.0 0.0 0.0 0.0 0.0 0.0 0.0 0.0 0.0 0.0 0.0 0.0 0.0 0.0 0.0 0.0 0.0 0.0 0.0 0.0 0.0 0.0 0.0 0.0 0.0 0.0 0.0 0.0 0.0 0.0 0.0 0.0 0.0 0.0 0.0 0.0 0.0 0.0 0.0 0.0 0.0 0.0 0.0 0.0 0.0 1.0 2.0 3.0 4.0 5.0 7.0 8.0 10.0 13.0 17.0 25.0 42.0 41.0 39.0 39.0 42.0 49.0 32.0 34.0 38.0 37.0 57.0 114.0 189.0 137.0 164.0 93.0 136.0 149.0 88.0 150.0 169.0 220.0 253.0 164.0 67.0 72.0 200.0 344.0 233.0 134.0 177.0 325.0 270.0 275.0 271.0 231.0 357.0 299.0 275.0 358.0 338.0 348.0 375.0 186.0 365.0 474.0 372.0 264.0 214.0 204.0 167.0 230.0 184.0 178.0 126.0 227.0 390.0 295.0 188.0 167.0 159.0 146.0 122.0 155.0 132.0 124.0 135.0 104.0 140.0 107.0 74.0 120.0 268.0 141.0 181.0 368.0 245.0 136.0 77.0 142.0 147.0 343.0 265.0 88.0 159.0 203.0 185.0 175.0 157.0 97.0 149.0 150.0 77.0 58.0 41.0 25.0 18.0 16.0 15.0 12.0 10.0 6.0 5.0 3.0 2.0 1.0 1.0 0.0 0.0 0.0 0.0 0.0 0.0 0.0 0.0 0.0 0.0 0.0 0.0 0.0 0.0 0.0 0.0 0.0 0.0 0.0 0.0 0.0 0.0 0.0 0.0 0.0 0.0 0.0 0.0 0.0 0.0 0.0 0.0 0.0 0.0 0.0 0.0 0.0 0.0 0.0 0.0 0.0 0.0 0.0 0.0 0.0 0.0 0.0 0.0 0.0 0.0 0.0 0.0 0.0 0.0 0.0 0.0 0.0 0.0 0.0 0.0 0.0 0.0 0.0 0.0 0.0 0.0 0.0 0.0 0.0 0.0 0.0 0.0 0.0 0.0 0.0 0.0 0.0 0.0 0.0 0.0 59.84375 102.01335515407256
1 0.0 0.0 0.0 0.0 0.0 0.0 0.0 0.0 0.0 0.0 0.0 0.0 0.0 0.0 0.0 0.0 0.0 0.0 0.0 0.0 0.0 0.0 0.0 0.0 0.0 0.0 0.0 0.0 0.0 0.0 0.0 0.0 0.0 0.0 0.0 0.0 0.0 0.0 0.0 0.0 0.0 0.0 0.0 0.0 0.0 0.0 0.0 0.0 0.0 0.0 0.0 0.0 0.0 0.0 0.0 0.0 0.0 0.0 0.0 0.0 0.0 0.0 0.0 0.0 0.0 0.0 0.0 0.0 0.0 0.0 0.0 0.0 0.0 0.0 0.0 0.0 0.0 0.0 0.0 0.0 0.0 0.0 0.0 0.0 0.0 0.0 0.0 0.0 0.0 0.0 1.0 1.0 2.0 4.0 6.0 7.0 10.0 9.0 16.0 31.0 43.0 50.0 52.0 55.0 53.0 68.0 78.0 74.0 72.0 58.0 44.0 44.0 44.0 44.0 44.0 44.0 44.0 44.0 44.0 44.0 44.0 44.0 44.0 44.0 44.0 44.0 44.0 44.0 44.0 44.0 44.0 44.0 44.0 44.0 44.0 44.0 44.0 44.0 44.0 44.0 44.0 44.0 44.0 44.0 44.0 44.0 44.0 44.0 44.0 44.0 44.0 44.0 44.0 44.0 44.0 44.0 44.0 44.0 44.0 44.0 44.0 44.0 44.0 44.0 44.0 44.0 44.0 44.0 44.0 44.0 44.0 44.0 44.0 44.0 44.0 44.0 44.0 44.0 44.0 44.0 44.0 44.0 44.0 44.0 44.0 44.0 44.0 44.0 44.0 44.0 44.0 44.0 44.0 44.0 44.0 44.0 44.0 44.0 44.0 44.0 44.0 44.0 44.0 44.0 44.0 44.0 44.0 44.0 44.0 44.0 44.0 44.0 44.0 44.0 44.0 44.0 44.0 44.0 44.0 44.0 44.0 44.0 44.0 44.0 44.0 44.0 44.0 44.0 44.0 44.0 44.0 44.0 44.0 44.0 44.0 44.0 44.0 44.0 44.0 44.0 44.0 44.0 44.0 44.0 44.0 44.0 44.0 44.0 44.0 44.0 44.0 44.0 44.0 44.0 44.0 44.0 44.0 44.0 44.0 44.0 44.0 44.0 44.0 44.0 44.0 44.0 44.0 44.0 44.0 44.0 44.0 44.0 44.0 44.0 44.0 44.0 44.0 44.0 44.0 44.0 44.0 44.0 44.0 44.0 44.0 44.0 44.0 44.0 29.59027777777774 21.410510035780423
2 0.0 0.0 0.0 0.0 0.0 0.0 0.0 0.0 0.0 0.0 0.0 0.0 0.0 0.0 0.0 0.0 0.0 0.0 0.0 0.0 0.0 0.0 0.0 0.0 0.0 0.0 0.0 0.0 0.0 0.0 0.0 0.0 0.0 0.0 0.0 0.0 0.0 0.0 0.0 0.0 0.0 0.0 0.0 0.0 0.0 0.0 0.0 0.0 0.0 0.0 0.0 0.0 0.0 0.0 0.0 0.0 0.0 0.0 0.0 0.0 0.0 0.0 0.0 0.0 0.0 0.0 0.0 0.0 0.0 0.0 0.0 0.0 0.0 0.0 0.0 0.0 0.0 0.0 0.0 0.0 0.0 0.0 0.0 0.0 0.0 0.0 0.0 0.0 0.0 1.0 1.0 2.0 5.0 13.0 21.0 28.0 21.0 15.0 21.0 20.0 33.0 47.0 26.0 6.0 11.0 19.0 24.0 26.0 31.0 50.0 59.0 71.0 85.0 97.0 95.0 81.0 114.0 172.0 250.0 313.0 212.0 135.0 82.0 120.0 165.0 156.0 120.0 109.0 106.0 85.0 71.0 95.0 109.0 91.0 98.0 109.0 119.0 110.0 104.0 120.0 135.0 153.0 177.0 213.0 267.0 291.0 354.0 545.0 347.0 278.0 291.0 369.0 292.0 177.0 343.0 631.0 317.0 201.0 223.0 286.0 250.0 257.0 298.0 242.0 579.0 508.0 566.0 298.0 157.0 310.0 464.0 421.0 287.0 146.0 113.0 71.0 88.0 55.0 50.0 136.0 194.0 89.0 55.0 58.0 43.0 42.0 40.0 41.0 42.0 38.0 31.0 46.0 89.0 157.0 260.0 264.0 199.0 118.0 130.0 62.0 52.0 28.0 11.0 5.0 3.0 2.0 1.0 0.0 0.0 0.0 0.0 0.0 0.0 0.0 0.0 0.0 0.0 0.0 0.0 0.0 0.0 0.0 0.0 0.0 0.0 0.0 0.0 0.0 0.0 0.0 0.0 0.0 0.0 0.0 0.0 0.0 0.0 0.0 0.0 0.0 0.0 0.0 0.0 0.0 0.0 0.0 0.0 0.0 0.0 0.0 0.0 0.0 0.0 0.0 0.0 0.0 0.0 0.0 0.0 0.0 0.0 0.0 0.0 0.0 0.0 0.0 0.0 0.0 0.0 0.0 0.0 0.0 0.0 0.0 0.0 0.0 0.0 0.0 0.0 0.0 0.0 0.0 0.0 0.0 0.0 0.0 0.0 0.0 60.27777777777793 114.68976146973725
3 0.0 0.0 0.0 0.0 0.0 0.0 0.0 0.0 0.0 0.0 0.0 0.0 0.0 0.0 0.0 0.0 0.0 0.0 0.0 0.0 0.0 0.0 0.0 0.0 0.0 0.0 0.0 0.0 0.0 0.0 0.0 0.0 0.0 0.0 0.0 0.0 0.0 0.0 0.0 0.0 0.0 0.0 0.0 0.0 0.0 0.0 0.0 0.0 0.0 0.0 0.0 0.0 0.0 0.0 0.0 0.0 0.0 0.0 0.0 0.0 0.0 0.0 0.0 0.0 0.0 0.0 0.0 0.0 0.0 0.0 0.0 0.0 0.0 0.0 0.0 0.0 0.0 0.0 0.0 0.0 0.0 0.0 0.0 0.0 0.0 0.0 0.0 0.0 1.0 1.0 2.0 3.0 4.0 7.0 6.0 1.0 1.0 3.0 7.0 9.0 10.0 12.0 18.0 19.0 27.0 31.0 21.0 14.0 8.0 20.0 24.0 14.0 17.0 16.0 12.0 21.0 39.0 43.0 55.0 54.0 43.0 41.0 32.0 36.0 35.0 50.0 50.0 49.0 53.0 74.0 88.0 70.0 56.0 58.0 56.0 41.0 27.0 29.0 29.0 30.0 19.0 20.0 25.0 39.0 45.0 44.0 38.0 45.0 84.0 67.0 57.0 48.0 59.0 83.0 109.0 100.0 217.0 213.0 87.0 78.0 79.0 77.0 83.0 89.0 93.0 125.0 239.0 102.0 126.0 139.0 182.0 124.0 121.0 92.0 155.0 161.0 100.0 65.0 149.0 211.0 272.0 207.0 153.0 94.0 88.0 105.0 101.0 54.0 69.0 63.0 57.0 48.0 29.0 23.0 17.0 15.0 12.0 9.0 11.0 8.0 5.0 4.0 2.0 2.0 1.0 1.0 0.0 0.0 0.0 0.0 0.0 0.0 0.0 0.0 0.0 0.0 0.0 0.0 0.0 0.0 0.0 0.0 0.0 0.0 0.0 0.0 0.0 0.0 0.0 0.0 0.0 0.0 0.0 0.0 0.0 0.0 0.0 0.0 0.0 0.0 0.0 0.0 0.0 0.0 0.0 0.0 0.0 0.0 0.0 0.0 0.0 0.0 0.0 0.0 0.0 0.0 0.0 0.0 0.0 0.0 0.0 0.0 0.0 0.0 0.0 0.0 0.0 0.0 0.0 0.0 0.0 0.0 0.0 0.0 0.0 0.0 0.0 0.0 0.0 0.0 0.0 0.0 0.0 0.0 0.0 0.0 0.0 0.0 23.979166666666675 46.459523989575835
4 0.0 0.0 0.0 0.0 0.0 0.0 0.0 0.0 0.0 0.0 0.0 0.0 0.0 0.0 0.0 0.0 0.0 0.0 0.0 0.0 0.0 0.0 0.0 0.0 0.0 0.0 0.0 0.0 0.0 0.0 0.0 0.0 0.0 0.0 0.0 0.0 0.0 0.0 0.0 0.0 0.0 0.0 0.0 0.0 0.0 0.0 0.0 0.0 0.0 0.0 0.0 0.0 0.0 0.0 0.0 0.0 0.0 0.0 0.0 0.0 0.0 0.0 0.0 0.0 0.0 0.0 0.0 0.0 0.0 0.0 0.0 0.0 0.0 0.0 0.0 0.0 0.0 0.0 0.0 0.0 0.0 0.0 0.0 0.0 0.0 0.0 0.0 0.0 0.0 0.0 0.0 0.0 1.0 1.0 3.0 5.0 7.0 9.0 11.0 16.0 23.0 29.0 33.0 38.0 41.0 42.0 43.0 44.0 46.0 40.0 34.0 32.0 33.0 35.0 30.0 30.0 25.0 26.0 41.0 71.0 79.0 79.0 93.0 115.0 136.0 142.0 177.0 196.0 236.0 255.0 290.0 295.0 259.0 189.0 181.0 194.0 226.0 184.0 175.0 134.0 127.0 153.0 246.0 360.0 330.0 284.0 457.0 483.0 502.0 655.0 581.0 305.0 272.0 381.0 289.0 189.0 155.0 195.0 228.0 355.0 530.0 294.0 224.0 155.0 150.0 192.0 151.0 99.0 76.0 137.0 136.0 145.0 188.0 143.0 124.0 71.0 46.0 85.0 105.0 63.0 76.0 93.0 106.0 111.0 102.0 60.0 48.0 38.0 44.0 44.0 46.0 26.0 23.0 18.0 15.0 19.0 19.0 15.0 13.0 11.0 4.0 2.0 2.0 1.0 1.0 1.0 0.0 0.0 0.0 0.0 0.0 0.0 0.0 0.0 0.0 0.0 0.0 0.0 0.0 0.0 0.0 0.0 0.0 0.0 0.0 0.0 0.0 0.0 0.0 0.0 0.0 0.0 0.0 0.0 0.0 0.0 0.0 0.0 0.0 0.0 0.0 0.0 0.0 0.0 0.0 0.0 0.0 0.0 0.0 0.0 0.0 0.0 0.0 0.0 0.0 0.0 0.0 0.0 0.0 0.0 0.0 0.0 0.0 0.0 0.0 0.0 0.0 0.0 0.0 0.0 0.0 0.0 0.0 0.0 0.0 0.0 0.0 0.0 0.0 0.0 0.0 0.0 0.0 0.0 0.0 0.0 0.0 0.0 52.16319444444452 107.2566255656919
5 0.0 0.0 0.0 0.0 0.0 0.0 0.0 0.0 0.0 0.0 0.0 0.0 0.0 0.0 0.0 0.0 0.0 0.0 0.0 0.0 0.0 0.0 0.0 0.0 0.0 0.0 0.0 0.0 0.0 0.0 0.0 0.0 0.0 0.0 0.0 0.0 0.0 0.0 0.0 0.0 0.0 0.0 0.0 0.0 0.0 0.0 0.0 0.0 0.0 0.0 0.0 0.0 0.0 0.0 0.0 0.0 0.0 0.0 0.0 0.0 0.0 0.0 0.0 0.0 0.0 0.0 0.0 0.0 0.0 0.0 0.0 0.0 0.0 0.0 0.0 0.0 0.0 0.0 0.0 0.0 0.0 0.0 0.0 0.0 0.0 0.0 0.0 1.0 1.0 2.0 3.0 4.0 6.0 9.0 14.0 23.0 40.0 50.0 53.0 60.0 61.0 59.0 59.0 51.0 39.0 29.0 34.0 44.0 56.0 60.0 58.0 61.0 74.0 97.0 124.0 98.0 106.0 108.0 81.0 73.0 101.0 129.0 121.0 95.0 62.0 64.0 90.0 110.0 125.0 106.0 99.0 77.0 52.0 60.0 71.0 104.0 101.0 156.0 137.0 168.0 122.0 132.0 186.0 333.0 344.0 152.0 212.0 264.0 353.0 176.0 122.0 52.0 43.0 78.0 287.0 323.0 314.0 326.0 187.0 364.0 538.0 496.0 503.0 338.0 156.0 138.0 134.0 125.0 104.0 77.0 73.0 48.0 228.0 170.0 228.0 139.0 142.0 152.0 199.0 135.0 104.0 73.0 32.0 18.0 37.0 38.0 46.0 54.0 67.0 65.0 43.0 31.0 20.0 16.0 14.0 15.0 15.0 17.0 11.0 9.0 6.0 4.0 3.0 2.0 1.0 0.0 0.0 0.0 0.0 0.0 0.0 0.0 0.0 0.0 0.0 0.0 0.0 0.0 0.0 0.0 0.0 0.0 0.0 0.0 0.0 0.0 0.0 0.0 0.0 0.0 0.0 0.0 0.0 0.0 0.0 0.0 0.0 0.0 0.0 0.0 0.0 0.0 0.0 0.0 0.0 0.0 0.0 0.0 0.0 0.0 0.0 0.0 0.0 0.0 0.0 0.0 0.0 0.0 0.0 0.0 0.0 0.0 0.0 0.0 0.0 0.0 0.0 0.0 0.0 0.0 0.0 0.0 0.0 0.0 0.0 0.0 0.0 0.0 0.0 0.0 0.0 0.0 0.0 0.0 0.0 0.0 0.0 0.0 44.791666666666686 88.26203267062158
6 0.0 0.0 0.0 0.0 0.0 0.0 0.0 0.0 0.0 0.0 0.0 0.0 0.0 0.0 0.0 0.0 0.0 0.0 0.0 0.0 0.0 0.0 0.0 0.0 0.0 0.0 0.0 0.0 0.0 0.0 0.0 0.0 0.0 0.0 0.0 0.0 0.0 0.0 0.0 0.0 0.0 0.0 0.0 0.0 0.0 0.0 0.0 0.0 0.0 0.0 0.0 0.0 0.0 0.0 0.0 0.0 0.0 0.0 0.0 0.0 0.0 0.0 0.0 0.0 0.0 0.0 0.0 0.0 0.0 0.0 0.0 0.0 0.0 0.0 0.0 0.0 0.0 0.0 0.0 0.0 0.0 0.0 0.0 0.0 0.0 0.0 0.0 0.0 1.0 1.0 2.0 3.0 4.0 6.0 9.0 13.0 25.0 30.0 29.0 34.0 46.0 64.0 63.0 60.0 84.0 90.0 53.0 51.0 78.0 107.0 109.0 116.0 144.0 191.0 207.0 169.0 186.0 215.0 202.0 181.0 214.0 212.0 210.0 182.0 158.0 173.0 205.0 257.0 280.0 263.0 210.0 217.0 188.0 128.0 118.0 120.0 125.0 119.0 140.0 148.0 175.0 125.0 195.0 325.0 252.0 322.0 421.0 418.0 254.0 328.0 215.0 161.0 421.0 215.0 194.0 189.0 141.0 145.0 113.0 100.0 78.0 81.0 124.0 155.0 214.0 261.0 231.0 196.0 155.0 169.0 130.0 109.0 114.0 160.0 95.0 68.0 84.0 60.0 75.0 165.0 117.0 50.0 73.0 108.0 110.0 81.0 86.0 71.0 65.0 83.0 34.0 26.0 24.0 22.0 25.0 19.0 15.0 12.0 11.0 9.0 7.0 4.0 3.0 2.0 1.0 1.0 0.0 0.0 0.0 0.0 0.0 0.0 0.0 0.0 0.0 0.0 0.0 0.0 0.0 0.0 0.0 0.0 0.0 0.0 0.0 0.0 0.0 0.0 0.0 0.0 0.0 0.0 0.0 0.0 0.0 0.0 0.0 0.0 0.0 0.0 0.0 0.0 0.0 0.0 0.0 0.0 0.0 0.0 0.0 0.0 0.0 0.0 0.0 0.0 0.0 0.0 0.0 0.0 0.0 0.0 0.0 0.0 0.0 0.0 0.0 0.0 0.0 0.0 0.0 0.0 0.0 0.0 0.0 0.0 0.0 0.0 0.0 0.0 0.0 0.0 0.0 0.0 0.0 0.0 0.0 0.0 0.0 0.0 51.15277777777784 86.75519801430333
7 0.0 0.0 0.0 0.0 0.0 0.0 0.0 0.0 0.0 0.0 0.0 0.0 0.0 0.0 0.0 0.0 0.0 0.0 0.0 0.0 0.0 0.0 0.0 0.0 0.0 0.0 0.0 0.0 0.0 0.0 0.0 0.0 0.0 0.0 0.0 0.0 0.0 0.0 0.0 0.0 0.0 0.0 0.0 0.0 0.0 0.0 0.0 0.0 0.0 0.0 0.0 0.0 0.0 0.0 0.0 0.0 0.0 0.0 0.0 0.0 0.0 0.0 0.0 0.0 0.0 0.0 0.0 0.0 0.0 0.0 0.0 0.0 0.0 0.0 0.0 0.0 0.0 0.0 0.0 0.0 0.0 0.0 0.0 0.0 0.0 0.0 0.0 1.0 2.0 3.0 4.0 6.0 9.0 16.0 25.0 32.0 40.0 47.0 53.0 77.0 59.0 72.0 48.0 64.0 88.0 83.0 70.0 93.0 103.0 195.0 234.0 248.0 199.0 140.0 228.0 176.0 187.0 119.0 179.0 206.0 261.0 338.0 363.0 283.0 227.0 239.0 197.0 154.0 137.0 187.0 134.0 155.0 216.0 343.0 247.0 193.0 170.0 171.0 202.0 208.0 164.0 150.0 161.0 186.0 191.0 192.0 163.0 161.0 162.0 184.0 166.0 161.0 170.0 172.0 164.0 170.0 189.0 142.0 147.0 166.0 103.0 159.0 150.0 202.0 269.0 151.0 115.0 90.0 93.0 90.0 71.0 170.0 323.0 336.0 315.0 288.0 216.0 80.0 162.0 165.0 72.0 54.0 70.0 131.0 199.0 119.0 35.0 40.0 157.0 170.0 196.0 68.0 16.0 21.0 18.0 15.0 11.0 9.0 8.0 7.0 6.0 4.0 3.0 2.0 1.0 0.0 0.0 0.0 0.0 0.0 0.0 0.0 0.0 0.0 0.0 0.0 0.0 0.0 0.0 0.0 0.0 0.0 0.0 0.0 0.0 0.0 0.0 0.0 0.0 0.0 0.0 0.0 0.0 0.0 0.0 0.0 0.0 0.0 0.0 0.0 0.0 0.0 0.0 0.0 0.0 0.0 0.0 0.0 0.0 0.0 0.0 0.0 0.0 0.0 0.0 0.0 0.0 0.0 0.0 0.0 0.0 0.0 0.0 0.0 0.0 0.0 0.0 0.0 0.0 0.0 0.0 0.0 0.0 0.0 0.0 0.0 0.0 0.0 0.0 0.0 0.0 0.0 0.0 0.0 0.0 0.0 0.0 0.0 55.11111111111099 87.66388225728791
8 0.0 0.0 0.0 0.0 0.0 0.0 0.0 0.0 0.0 0.0 0.0 0.0 0.0 0.0 0.0 0.0 0.0 0.0 0.0 0.0 0.0 0.0 0.0 0.0 0.0 0.0 0.0 0.0 0.0 0.0 0.0 0.0 0.0 0.0 0.0 0.0 0.0 0.0 0.0 0.0 0.0 0.0 0.0 0.0 0.0 0.0 0.0 0.0 0.0 0.0 0.0 0.0 0.0 0.0 0.0 0.0 0.0 0.0 0.0 0.0 0.0 0.0 0.0 0.0 0.0 0.0 0.0 0.0 0.0 0.0 0.0 0.0 0.0 0.0 0.0 0.0 0.0 0.0 0.0 0.0 0.0 0.0 0.0 0.0 0.0 0.0 1.0 1.0 2.0 2.0 4.0 5.0 8.0 11.0 13.0 15.0 18.0 23.0 29.0 38.0 57.0 85.0 135.0 123.0 105.0 95.0 82.0 82.0 75.0 66.0 73.0 117.0 162.0 220.0 246.0 243.0 236.0 273.0 282.0 296.0 310.0 233.0 333.0 286.0 332.0 354.0 378.0 424.0 370.0 325.0 435.0 448.0 198.0 139.0 143.0 134.0 122.0 121.0 127.0 126.0 124.0 123.0 156.0 186.0 197.0 161.0 154.0 160.0 189.0 207.0 238.0 205.0 206.0 231.0 224.0 194.0 184.0 183.0 340.0 243.0 222.0 180.0 207.0 178.0 114.0 184.0 230.0 281.0 204.0 244.0 199.0 190.0 204.0 204.0 293.0 315.0 319.0 310.0 208.0 109.0 129.0 109.0 61.0 33.0 35.0 50.0 46.0 121.0 85.0 26.0 17.0 17.0 55.0 46.0 22.0 17.0 13.0 15.0 14.0 7.0 4.0 2.0 2.0 1.0 1.0 1.0 0.0 0.0 0.0 0.0 0.0 0.0 0.0 0.0 0.0 0.0 0.0 0.0 0.0 0.0 0.0 0.0 0.0 0.0 0.0 0.0 0.0 0.0 0.0 0.0 0.0 0.0 0.0 0.0 0.0 0.0 0.0 0.0 0.0 0.0 0.0 0.0 0.0 0.0 0.0 0.0 0.0 0.0 0.0 0.0 0.0 0.0 0.0 0.0 0.0 0.0 0.0 0.0 0.0 0.0 0.0 0.0 0.0 0.0 0.0 0.0 0.0 0.0 0.0 0.0 0.0 0.0 0.0 0.0 0.0 0.0 0.0 0.0 0.0 0.0 0.0 0.0 0.0 0.0 0.0 0.0 0.0 0.0 61.77083333333341 103.98413298620136
9 0.0 0.0 0.0 0.0 0.0 0.0 0.0 0.0 0.0 0.0 0.0 0.0 0.0 0.0 0.0 0.0 0.0 0.0 0.0 0.0 0.0 0.0 0.0 0.0 0.0 0.0 0.0 0.0 0.0 0.0 0.0 0.0 0.0 0.0 0.0 0.0 0.0 0.0 0.0 0.0 0.0 0.0 0.0 0.0 0.0 0.0 0.0 0.0 0.0 0.0 0.0 0.0 0.0 0.0 0.0 0.0 0.0 0.0 0.0 0.0 0.0 0.0 0.0 0.0 0.0 0.0 0.0 0.0 0.0 0.0 0.0 0.0 0.0 0.0 0.0 0.0 0.0 0.0 0.0 0.0 0.0 0.0 0.0 0.0 0.0 0.0 1.0 1.0 2.0 3.0 5.0 10.0 17.0 19.0 18.0 13.0 11.0 22.0 41.0 44.0 42.0 49.0 42.0 42.0 50.0 53.0 60.0 68.0 60.0 55.0 56.0 56.0 68.0 71.0 57.0 54.0 52.0 64.0 90.0 87.0 86.0 116.0 154.0 203.0 256.0 263.0 235.0 172.0 130.0 122.0 145.0 146.0 168.0 258.0 204.0 202.0 139.0 154.0 156.0 125.0 175.0 236.0 254.0 288.0 288.0 305.0 444.0 382.0 285.0 426.0 305.0 159.0 112.0 130.0 268.0 222.0 196.0 198.0 197.0 193.0 165.0 156.0 193.0 181.0 141.0 154.0 146.0 285.0 255.0 168.0 110.0 118.0 154.0 176.0 87.0 63.0 76.0 196.0 239.0 92.0 44.0 31.0 42.0 55.0 47.0 35.0 53.0 34.0 25.0 26.0 36.0 92.0 97.0 67.0 37.0 16.0 16.0 18.0 10.0 7.0 4.0 3.0 2.0 1.0 0.0 0.0 0.0 0.0 0.0 0.0 0.0 0.0 0.0 0.0 0.0 0.0 0.0 0.0 0.0 0.0 0.0 0.0 0.0 0.0 0.0 0.0 0.0 0.0 0.0 0.0 0.0 0.0 0.0 0.0 0.0 0.0 0.0 0.0 0.0 0.0 0.0 0.0 0.0 0.0 0.0 0.0 0.0 0.0 0.0 0.0 0.0 0.0 0.0 0.0 0.0 0.0 0.0 0.0 0.0 0.0 0.0 0.0 0.0 0.0 0.0 0.0 0.0 0.0 0.0 0.0 0.0 0.0 0.0 0.0 0.0 0.0 0.0 0.0 0.0 0.0 0.0 0.0 0.0 0.0 0.0 0.0 0.0 0.0 48.03125 85.47055076404625
END
#################################################################
SECTION3 (Edges Information)
EndPoint0 EndPoint1 Weight
0 1 1.000000
1 2 1.000000
2 3 1.000000
3 4 1.000000
3 5 1.000000
4 5 1.000000
4 6 1.000000
5 6 1.000000
5 7 1.000000
6 7 1.000000
7 8 1.000000
7 9 1.000000
8 9 1.000000
END
#################################################################
SECTION4 (TrueSubGraph Information)
EndPoint0 EndPoint1 Weight
END
#################################################################
