#################################################################
#APDM Input Graph, this input graph includes 3 sections:
#section1 : general information
#section2 : nodes
#section3 : edges
#section4 : trueSubGraph (Optional)
#
#if nodes haven't information set weight to null
#################################################################
SECTION1 (General Information)
numNodes = 10
numEdges = 13
usedAlgorithm = NULL
dataSource = TransWeatherRealData
END
#################################################################
SECTION2 (Nodes Information)
NodeID rad  mean  std 
0 0.0 0.0 0.0 0.0 0.0 0.0 0.0 0.0 0.0 0.0 0.0 0.0 0.0 0.0 0.0 0.0 0.0 0.0 0.0 0.0 0.0 0.0 0.0 0.0 0.0 0.0 0.0 0.0 0.0 0.0 0.0 0.0 0.0 0.0 0.0 0.0 0.0 0.0 0.0 0.0 0.0 0.0 0.0 0.0 0.0 0.0 0.0 0.0 0.0 0.0 0.0 0.0 0.0 0.0 0.0 0.0 0.0 0.0 0.0 0.0 0.0 0.0 0.0 0.0 0.0 0.0 0.0 0.0 0.0 0.0 0.0 0.0 0.0 0.0 0.0 0.0 0.0 0.0 0.0 0.0 0.0 1.0 1.0 2.0 3.0 4.0 5.0 6.0 8.0 10.0 12.0 12.0 13.0 15.0 20.0 19.0 24.0 31.0 39.0 38.0 30.0 27.0 33.0 42.0 56.0 78.0 81.0 83.0 83.0 80.0 78.0 80.0 75.0 77.0 87.0 91.0 88.0 92.0 86.0 88.0 100.0 121.0 132.0 154.0 156.0 161.0 165.0 151.0 165.0 189.0 184.0 183.0 172.0 169.0 164.0 169.0 190.0 199.0 212.0 202.0 204.0 205.0 218.0 228.0 258.0 256.0 245.0 277.0 286.0 274.0 257.0 260.0 291.0 307.0 338.0 404.0 412.0 399.0 354.0 326.0 305.0 317.0 355.0 397.0 447.0 387.0 404.0 398.0 463.0 499.0 538.0 658.0 655.0 640.0 557.0 713.0 708.0 592.0 538.0 750.0 771.0 633.0 694.0 715.0 335.0 513.0 500.0 542.0 587.0 499.0 284.0 597.0 733.0 545.0 517.0 590.0 575.0 543.0 548.0 540.0 450.0 520.0 378.0 341.0 347.0 174.0 179.0 210.0 185.0 208.0 402.0 293.0 197.0 253.0 243.0 241.0 169.0 158.0 139.0 116.0 77.0 66.0 58.0 43.0 42.0 56.0 60.0 44.0 35.0 32.0 27.0 27.0 15.0 12.0 11.0 7.0 4.0 2.0 1.0 1.0 0.0 0.0 0.0 0.0 0.0 0.0 0.0 0.0 0.0 0.0 0.0 0.0 0.0 0.0 0.0 0.0 0.0 0.0 0.0 0.0 0.0 0.0 0.0 0.0 0.0 0.0 0.0 0.0 0.0 0.0 0.0 0.0 0.0 0.0 0.0 0.0 0.0 0.0 0.0 0.0 0.0 0.0 0.0 0.0 0.0 0.0 0.0 0.0 132.77777777777806 198.35123334443992
1 0.0 0.0 0.0 0.0 0.0 0.0 0.0 0.0 0.0 0.0 0.0 0.0 0.0 0.0 0.0 0.0 0.0 0.0 0.0 0.0 0.0 0.0 0.0 0.0 0.0 0.0 0.0 0.0 0.0 0.0 0.0 0.0 0.0 0.0 0.0 0.0 0.0 0.0 0.0 0.0 0.0 0.0 0.0 0.0 0.0 0.0 0.0 0.0 0.0 0.0 0.0 0.0 0.0 0.0 0.0 0.0 0.0 0.0 0.0 0.0 0.0 0.0 0.0 0.0 0.0 0.0 0.0 0.0 0.0 0.0 0.0 0.0 0.0 0.0 0.0 0.0 0.0 0.0 1.0 1.0 1.0 1.0 2.0 2.0 3.0 4.0 6.0 7.0 9.0 11.0 13.0 15.0 18.0 22.0 29.0 33.0 33.0 37.0 42.0 39.0 43.0 48.0 51.0 58.0 61.0 64.0 62.0 62.0 63.0 69.0 73.0 76.0 79.0 83.0 81.0 87.0 91.0 95.0 93.0 92.0 110.0 115.0 115.0 107.0 103.0 106.0 108.0 114.0 111.0 102.0 101.0 103.0 107.0 121.0 118.0 123.0 141.0 140.0 118.0 122.0 123.0 124.0 151.0 181.0 209.0 194.0 171.0 172.0 185.0 259.0 355.0 356.0 265.0 247.0 258.0 304.0 330.0 359.0 387.0 375.0 379.0 408.0 434.0 550.0 785.0 455.0 685.0 1060.0 798.0 596.0 489.0 523.0 467.0 476.0 559.0 905.0 784.0 789.0 785.0 816.0 756.0 737.0 729.0 717.0 699.0 632.0 676.0 674.0 670.0 516.0 430.0 368.0 301.0 501.0 499.0 503.0 670.0 586.0 537.0 516.0 489.0 491.0 473.0 444.0 479.0 375.0 273.0 378.0 334.0 319.0 256.0 220.0 176.0 199.0 224.0 212.0 152.0 126.0 120.0 139.0 216.0 114.0 68.0 87.0 69.0 62.0 36.0 32.0 29.0 33.0 37.0 32.0 22.0 20.0 19.0 14.0 7.0 4.0 2.0 1.0 1.0 0.0 0.0 0.0 0.0 0.0 0.0 0.0 0.0 0.0 0.0 0.0 0.0 0.0 0.0 0.0 0.0 0.0 0.0 0.0 0.0 0.0 0.0 0.0 0.0 0.0 0.0 0.0 0.0 0.0 0.0 0.0 0.0 0.0 0.0 0.0 0.0 0.0 0.0 0.0 0.0 0.0 0.0 0.0 0.0 0.0 0.0 0.0 139.90972222222194 223.1108195820108
2 0.0 0.0 0.0 0.0 0.0 0.0 0.0 0.0 0.0 0.0 0.0 0.0 0.0 0.0 0.0 0.0 0.0 0.0 0.0 0.0 0.0 0.0 0.0 0.0 0.0 0.0 0.0 0.0 0.0 0.0 0.0 0.0 0.0 0.0 0.0 0.0 0.0 0.0 0.0 0.0 0.0 0.0 0.0 0.0 0.0 0.0 0.0 0.0 0.0 0.0 0.0 0.0 0.0 0.0 0.0 0.0 0.0 0.0 0.0 0.0 0.0 0.0 0.0 0.0 0.0 0.0 0.0 0.0 0.0 0.0 0.0 0.0 0.0 0.0 0.0 0.0 0.0 0.0 0.0 0.0 1.0 1.0 2.0 3.0 5.0 6.0 7.0 9.0 9.0 10.0 11.0 13.0 15.0 16.0 17.0 18.0 23.0 25.0 25.0 26.0 29.0 33.0 36.0 40.0 47.0 47.0 48.0 47.0 50.0 62.0 68.0 78.0 88.0 90.0 87.0 91.0 87.0 84.0 81.0 82.0 85.0 87.0 86.0 87.0 97.0 105.0 104.0 112.0 123.0 139.0 146.0 148.0 149.0 164.0 173.0 176.0 176.0 195.0 208.0 212.0 222.0 229.0 331.0 343.0 323.0 353.0 354.0 384.0 333.0 265.0 237.0 214.0 247.0 296.0 325.0 337.0 356.0 267.0 243.0 252.0 254.0 245.0 243.0 215.0 206.0 222.0 247.0 269.0 264.0 233.0 241.0 228.0 228.0 257.0 270.0 289.0 270.0 254.0 255.0 254.0 254.0 241.0 255.0 258.0 240.0 222.0 211.0 216.0 207.0 224.0 198.0 188.0 211.0 232.0 181.0 136.0 128.0 151.0 198.0 193.0 204.0 246.0 231.0 222.0 218.0 224.0 301.0 346.0 465.0 346.0 327.0 312.0 226.0 244.0 201.0 166.0 185.0 208.0 188.0 183.0 158.0 115.0 81.0 95.0 139.0 85.0 66.0 39.0 25.0 21.0 20.0 19.0 16.0 13.0 10.0 6.0 5.0 4.0 2.0 1.0 0.0 0.0 0.0 0.0 0.0 0.0 0.0 0.0 0.0 0.0 0.0 0.0 0.0 0.0 0.0 0.0 0.0 0.0 0.0 0.0 0.0 0.0 0.0 0.0 0.0 0.0 0.0 0.0 0.0 0.0 0.0 0.0 0.0 0.0 0.0 0.0 0.0 0.0 0.0 0.0 0.0 0.0 0.0 0.0 0.0 0.0 0.0 0.0 87.67708333333331 113.28507669554901
3 0.0 0.0 0.0 0.0 0.0 0.0 0.0 0.0 0.0 0.0 0.0 0.0 0.0 0.0 0.0 0.0 0.0 0.0 0.0 0.0 0.0 0.0 0.0 0.0 0.0 0.0 0.0 1.0 1.0 0.0 0.0 1.0 0.0 0.0 0.0 0.0 1.0 0.0 0.0 0.0 0.0 0.0 0.0 0.0 1.0 0.0 0.0 0.0 0.0 0.0 0.0 0.0 0.0 0.0 0.0 0.0 0.0 0.0 0.0 0.0 0.0 0.0 0.0 0.0 0.0 0.0 0.0 0.0 0.0 0.0 0.0 0.0 0.0 0.0 0.0 0.0 0.0 1.0 1.0 1.0 1.0 1.0 1.0 2.0 2.0 3.0 4.0 5.0 6.0 8.0 8.0 11.0 13.0 16.0 17.0 19.0 23.0 24.0 22.0 24.0 29.0 32.0 38.0 49.0 48.0 44.0 46.0 40.0 52.0 64.0 67.0 73.0 65.0 76.0 88.0 93.0 114.0 144.0 131.0 137.0 161.0 166.0 209.0 241.0 263.0 246.0 255.0 270.0 265.0 259.0 227.0 222.0 225.0 226.0 233.0 204.0 200.0 200.0 239.0 227.0 221.0 219.0 224.0 264.0 280.0 270.0 249.0 244.0 210.0 199.0 216.0 208.0 209.0 215.0 220.0 246.0 249.0 233.0 264.0 280.0 263.0 255.0 234.0 260.0 271.0 290.0 320.0 326.0 332.0 329.0 346.0 328.0 311.0 290.0 258.0 264.0 280.0 280.0 284.0 307.0 330.0 330.0 334.0 313.0 303.0 297.0 285.0 285.0 274.0 263.0 262.0 257.0 290.0 281.0 259.0 245.0 233.0 242.0 173.0 196.0 242.0 285.0 214.0 171.0 129.0 147.0 243.0 266.0 220.0 188.0 179.0 169.0 165.0 138.0 113.0 104.0 90.0 96.0 117.0 117.0 98.0 131.0 109.0 91.0 80.0 61.0 45.0 45.0 38.0 33.0 24.0 17.0 13.0 10.0 8.0 4.0 3.0 2.0 1.0 1.0 1.0 1.0 0.0 0.0 0.0 0.0 0.0 1.0 0.0 0.0 0.0 0.0 0.0 0.0 0.0 0.0 0.0 0.0 0.0 0.0 0.0 0.0 0.0 0.0 0.0 0.0 0.0 0.0 0.0 0.0 0.0 0.0 0.0 0.0 0.0 0.0 0.0 0.0 0.0 0.0 0.0 0.0 0.0 0.0 0.0 0.0 0.0 0.0 91.65277777777797 115.49444196437022
4 0.0 0.0 0.0 0.0 0.0 0.0 0.0 0.0 0.0 0.0 0.0 0.0 0.0 0.0 0.0 0.0 0.0 0.0 0.0 0.0 0.0 0.0 0.0 0.0 0.0 0.0 0.0 0.0 0.0 0.0 0.0 0.0 0.0 0.0 0.0 0.0 0.0 0.0 0.0 0.0 0.0 0.0 0.0 0.0 0.0 0.0 0.0 0.0 0.0 0.0 0.0 0.0 0.0 0.0 0.0 0.0 0.0 0.0 0.0 0.0 0.0 0.0 0.0 0.0 0.0 0.0 0.0 0.0 0.0 0.0 0.0 0.0 0.0 0.0 0.0 0.0 0.0 0.0 1.0 1.0 1.0 1.0 1.0 2.0 3.0 4.0 5.0 6.0 7.0 9.0 10.0 9.0 11.0 12.0 13.0 14.0 16.0 20.0 21.0 22.0 25.0 30.0 35.0 42.0 44.0 49.0 51.0 54.0 59.0 62.0 56.0 59.0 62.0 67.0 76.0 83.0 95.0 106.0 114.0 125.0 132.0 137.0 133.0 140.0 156.0 183.0 187.0 168.0 174.0 184.0 170.0 162.0 165.0 162.0 158.0 148.0 162.0 196.0 242.0 247.0 220.0 221.0 199.0 181.0 162.0 177.0 172.0 159.0 167.0 189.0 194.0 194.0 214.0 256.0 249.0 233.0 196.0 248.0 296.0 266.0 266.0 225.0 231.0 228.0 197.0 199.0 213.0 268.0 320.0 281.0 274.0 268.0 271.0 271.0 264.0 264.0 254.0 239.0 254.0 269.0 268.0 243.0 239.0 208.0 190.0 172.0 155.0 147.0 159.0 165.0 177.0 224.0 223.0 207.0 176.0 142.0 151.0 156.0 169.0 181.0 189.0 197.0 187.0 99.0 67.0 79.0 113.0 121.0 135.0 101.0 101.0 115.0 103.0 83.0 69.0 67.0 61.0 44.0 44.0 52.0 54.0 48.0 39.0 35.0 31.0 36.0 38.0 30.0 14.0 10.0 9.0 9.0 7.0 5.0 3.0 2.0 1.0 1.0 1.0 1.0 0.0 0.0 0.0 0.0 0.0 0.0 0.0 0.0 0.0 0.0 0.0 0.0 0.0 0.0 0.0 0.0 0.0 0.0 0.0 0.0 0.0 0.0 0.0 0.0 0.0 0.0 0.0 0.0 0.0 0.0 0.0 0.0 0.0 0.0 0.0 0.0 0.0 0.0 0.0 0.0 0.0 0.0 0.0 0.0 0.0 0.0 0.0 0.0 70.45486111111097 92.58173548990176
5 0.0 0.0 0.0 0.0 0.0 0.0 0.0 0.0 0.0 0.0 0.0 0.0 0.0 0.0 0.0 0.0 0.0 0.0 0.0 0.0 0.0 0.0 0.0 0.0 0.0 0.0 0.0 0.0 0.0 0.0 0.0 0.0 0.0 0.0 0.0 0.0 0.0 0.0 0.0 0.0 0.0 0.0 0.0 0.0 0.0 0.0 0.0 0.0 0.0 0.0 0.0 0.0 0.0 0.0 0.0 0.0 0.0 0.0 0.0 0.0 0.0 0.0 0.0 0.0 0.0 0.0 0.0 0.0 0.0 0.0 0.0 0.0 0.0 0.0 0.0 0.0 0.0 0.0 0.0 0.0 1.0 1.0 1.0 2.0 3.0 4.0 5.0 7.0 9.0 12.0 13.0 16.0 17.0 15.0 18.0 22.0 25.0 42.0 48.0 47.0 54.0 47.0 58.0 66.0 68.0 66.0 68.0 65.0 65.0 56.0 59.0 67.0 72.0 76.0 73.0 72.0 71.0 74.0 86.0 105.0 141.0 138.0 139.0 144.0 189.0 192.0 193.0 197.0 221.0 259.0 254.0 268.0 266.0 288.0 275.0 221.0 175.0 157.0 155.0 185.0 216.0 245.0 301.0 414.0 459.0 443.0 415.0 329.0 269.0 258.0 267.0 243.0 246.0 281.0 326.0 334.0 441.0 525.0 459.0 324.0 319.0 365.0 267.0 430.0 278.0 254.0 240.0 250.0 294.0 279.0 247.0 297.0 262.0 250.0 240.0 236.0 234.0 240.0 226.0 191.0 176.0 189.0 186.0 172.0 191.0 171.0 144.0 135.0 132.0 127.0 109.0 104.0 100.0 93.0 88.0 81.0 76.0 77.0 81.0 83.0 80.0 78.0 76.0 73.0 75.0 81.0 72.0 61.0 61.0 61.0 67.0 86.0 86.0 62.0 71.0 55.0 48.0 49.0 55.0 50.0 45.0 39.0 36.0 38.0 37.0 58.0 91.0 131.0 85.0 54.0 34.0 22.0 16.0 13.0 8.0 6.0 4.0 1.0 1.0 0.0 0.0 0.0 0.0 0.0 0.0 0.0 0.0 0.0 0.0 0.0 0.0 0.0 0.0 0.0 0.0 0.0 0.0 0.0 0.0 0.0 0.0 0.0 0.0 0.0 0.0 0.0 0.0 0.0 0.0 0.0 0.0 0.0 0.0 0.0 0.0 0.0 0.0 0.0 0.0 0.0 0.0 0.0 0.0 0.0 0.0 0.0 0.0 0.0 78.15277777777796 113.38149468588263
6 0.0 0.0 0.0 0.0 0.0 0.0 0.0 0.0 0.0 0.0 0.0 0.0 0.0 0.0 0.0 0.0 0.0 0.0 0.0 0.0 0.0 0.0 0.0 0.0 0.0 0.0 0.0 0.0 0.0 0.0 0.0 0.0 0.0 0.0 0.0 0.0 0.0 0.0 0.0 0.0 0.0 0.0 0.0 0.0 0.0 0.0 0.0 0.0 0.0 0.0 0.0 0.0 0.0 0.0 0.0 0.0 0.0 0.0 0.0 0.0 0.0 0.0 0.0 0.0 0.0 0.0 0.0 0.0 0.0 0.0 0.0 0.0 0.0 0.0 0.0 0.0 0.0 0.0 0.0 0.0 1.0 1.0 1.0 2.0 3.0 4.0 4.0 5.0 6.0 8.0 10.0 12.0 14.0 18.0 19.0 21.0 27.0 25.0 30.0 30.0 33.0 41.0 46.0 56.0 72.0 67.0 67.0 69.0 64.0 59.0 59.0 59.0 59.0 59.0 59.0 59.0 59.0 59.0 59.0 59.0 90.0 95.0 101.0 98.0 101.0 107.0 101.0 106.0 120.0 116.0 103.0 103.0 103.0 103.0 103.0 103.0 129.0 125.0 141.0 161.0 164.0 162.0 147.0 151.0 137.0 127.0 135.0 132.0 140.0 157.0 208.0 195.0 190.0 153.0 174.0 140.0 118.0 113.0 117.0 125.0 145.0 170.0 167.0 166.0 163.0 144.0 162.0 167.0 168.0 177.0 162.0 153.0 170.0 169.0 177.0 199.0 181.0 167.0 172.0 202.0 199.0 178.0 169.0 155.0 158.0 126.0 121.0 129.0 141.0 125.0 105.0 96.0 95.0 85.0 77.0 72.0 71.0 70.0 68.0 67.0 66.0 62.0 56.0 55.0 59.0 60.0 61.0 61.0 58.0 59.0 63.0 58.0 45.0 48.0 50.0 55.0 53.0 36.0 26.0 30.0 26.0 22.0 24.0 22.0 23.0 19.0 22.0 28.0 30.0 32.0 31.0 22.0 13.0 7.0 3.0 2.0 1.0 1.0 0.0 0.0 0.0 0.0 0.0 0.0 0.0 0.0 0.0 0.0 0.0 0.0 0.0 0.0 0.0 0.0 0.0 0.0 0.0 0.0 0.0 0.0 0.0 0.0 0.0 0.0 0.0 0.0 0.0 0.0 0.0 0.0 0.0 0.0 0.0 0.0 0.0 0.0 0.0 0.0 0.0 0.0 0.0 0.0 0.0 0.0 0.0 0.0 0.0 0.0 47.48611111111101 61.161918660482776
7 0.0 0.0 0.0 0.0 0.0 0.0 0.0 0.0 0.0 0.0 0.0 0.0 0.0 0.0 0.0 0.0 0.0 0.0 0.0 0.0 0.0 0.0 0.0 0.0 0.0 0.0 0.0 0.0 0.0 0.0 0.0 0.0 0.0 0.0 0.0 0.0 0.0 0.0 0.0 0.0 0.0 0.0 0.0 0.0 0.0 0.0 0.0 0.0 0.0 0.0 0.0 0.0 0.0 0.0 0.0 0.0 0.0 0.0 0.0 0.0 0.0 0.0 0.0 0.0 0.0 0.0 0.0 0.0 0.0 0.0 0.0 0.0 0.0 0.0 0.0 0.0 0.0 0.0 1.0 1.0 2.0 2.0 2.0 2.0 3.0 3.0 5.0 8.0 13.0 13.0 12.0 15.0 21.0 21.0 18.0 20.0 23.0 21.0 22.0 26.0 25.0 26.0 35.0 46.0 58.0 50.0 44.0 53.0 59.0 77.0 80.0 93.0 100.0 105.0 103.0 106.0 113.0 113.0 98.0 91.0 89.0 102.0 106.0 117.0 153.0 136.0 119.0 131.0 159.0 152.0 151.0 147.0 150.0 149.0 155.0 175.0 234.0 227.0 234.0 318.0 375.0 317.0 292.0 284.0 293.0 310.0 316.0 395.0 312.0 338.0 250.0 250.0 242.0 314.0 326.0 310.0 396.0 501.0 472.0 586.0 540.0 840.0 940.0 1167.0 695.0 547.0 388.0 531.0 217.0 411.0 310.0 218.0 251.0 246.0 260.0 201.0 223.0 195.0 197.0 194.0 183.0 196.0 171.0 162.0 152.0 150.0 151.0 175.0 176.0 159.0 164.0 158.0 147.0 145.0 158.0 157.0 151.0 166.0 169.0 170.0 183.0 191.0 187.0 182.0 172.0 158.0 143.0 129.0 129.0 132.0 120.0 103.0 103.0 107.0 97.0 97.0 93.0 85.0 95.0 96.0 69.0 52.0 46.0 49.0 50.0 49.0 41.0 36.0 33.0 39.0 31.0 22.0 15.0 8.0 6.0 4.0 2.0 1.0 0.0 0.0 0.0 0.0 0.0 0.0 0.0 0.0 0.0 0.0 0.0 0.0 0.0 0.0 0.0 0.0 0.0 0.0 0.0 0.0 0.0 0.0 0.0 0.0 0.0 0.0 0.0 0.0 0.0 0.0 0.0 0.0 0.0 0.0 0.0 0.0 0.0 0.0 0.0 0.0 0.0 0.0 0.0 0.0 0.0 0.0 0.0 0.0 0.0 0.0 93.04861111111096 154.58424988223467
8 0.0 0.0 0.0 0.0 0.0 0.0 0.0 0.0 0.0 0.0 0.0 0.0 0.0 0.0 0.0 0.0 0.0 0.0 0.0 0.0 0.0 0.0 0.0 0.0 0.0 0.0 0.0 0.0 0.0 0.0 0.0 0.0 0.0 0.0 0.0 0.0 0.0 0.0 0.0 0.0 0.0 0.0 0.0 0.0 0.0 0.0 0.0 0.0 0.0 0.0 0.0 0.0 0.0 0.0 0.0 0.0 0.0 0.0 0.0 0.0 0.0 0.0 0.0 0.0 0.0 0.0 0.0 0.0 0.0 0.0 0.0 0.0 0.0 0.0 0.0 0.0 0.0 0.0 0.0 1.0 1.0 2.0 4.0 6.0 9.0 17.0 19.0 15.0 21.0 15.0 14.0 24.0 25.0 31.0 31.0 27.0 24.0 22.0 22.0 23.0 24.0 26.0 28.0 29.0 28.0 32.0 33.0 36.0 36.0 38.0 37.0 41.0 59.0 61.0 54.0 57.0 64.0 69.0 81.0 79.0 82.0 79.0 76.0 85.0 88.0 83.0 89.0 90.0 106.0 111.0 106.0 119.0 134.0 125.0 138.0 152.0 146.0 155.0 200.0 195.0 217.0 212.0 234.0 212.0 198.0 215.0 219.0 240.0 323.0 361.0 331.0 322.0 318.0 414.0 462.0 416.0 350.0 365.0 366.0 394.0 377.0 385.0 364.0 350.0 293.0 261.0 213.0 216.0 209.0 200.0 192.0 208.0 291.0 436.0 353.0 308.0 346.0 279.0 256.0 249.0 209.0 225.0 258.0 295.0 316.0 314.0 547.0 399.0 475.0 337.0 430.0 313.0 282.0 277.0 261.0 261.0 229.0 219.0 228.0 281.0 261.0 232.0 191.0 163.0 151.0 143.0 159.0 146.0 105.0 92.0 88.0 90.0 84.0 86.0 98.0 78.0 93.0 75.0 72.0 101.0 90.0 53.0 48.0 46.0 45.0 40.0 35.0 31.0 27.0 24.0 19.0 15.0 10.0 5.0 3.0 2.0 1.0 0.0 0.0 0.0 0.0 0.0 0.0 0.0 0.0 0.0 0.0 0.0 0.0 0.0 0.0 0.0 0.0 0.0 0.0 0.0 0.0 0.0 0.0 0.0 0.0 0.0 0.0 0.0 0.0 0.0 0.0 0.0 0.0 0.0 0.0 0.0 0.0 0.0 0.0 0.0 0.0 0.0 0.0 0.0 0.0 0.0 0.0 0.0 0.0 0.0 0.0 0.0 85.89236111111097 125.05741765876552
9 0.0 0.0 0.0 0.0 0.0 0.0 0.0 0.0 0.0 0.0 0.0 0.0 0.0 0.0 0.0 0.0 0.0 0.0 0.0 0.0 0.0 0.0 0.0 0.0 0.0 0.0 0.0 0.0 0.0 0.0 0.0 0.0 0.0 0.0 0.0 0.0 0.0 0.0 0.0 0.0 0.0 0.0 0.0 0.0 0.0 0.0 0.0 0.0 0.0 0.0 0.0 0.0 0.0 0.0 0.0 0.0 0.0 0.0 0.0 0.0 0.0 0.0 0.0 0.0 0.0 0.0 0.0 0.0 0.0 0.0 0.0 0.0 0.0 0.0 0.0 0.0 0.0 0.0 1.0 1.0 1.0 2.0 2.0 2.0 3.0 6.0 6.0 8.0 9.0 10.0 12.0 13.0 14.0 16.0 20.0 23.0 27.0 25.0 30.0 33.0 36.0 45.0 42.0 43.0 44.0 47.0 52.0 59.0 66.0 57.0 65.0 75.0 68.0 56.0 52.0 47.0 47.0 50.0 52.0 49.0 57.0 76.0 86.0 70.0 69.0 65.0 93.0 101.0 85.0 86.0 106.0 111.0 75.0 66.0 66.0 75.0 82.0 80.0 86.0 93.0 130.0 107.0 108.0 139.0 200.0 237.0 222.0 305.0 386.0 311.0 285.0 383.0 643.0 825.0 612.0 706.0 873.0 759.0 678.0 567.0 328.0 301.0 276.0 296.0 324.0 229.0 248.0 358.0 323.0 284.0 280.0 283.0 290.0 285.0 530.0 526.0 314.0 271.0 215.0 262.0 249.0 224.0 230.0 226.0 213.0 182.0 162.0 182.0 174.0 159.0 165.0 146.0 144.0 168.0 174.0 164.0 157.0 155.0 191.0 172.0 141.0 145.0 176.0 169.0 147.0 126.0 136.0 168.0 169.0 166.0 172.0 171.0 197.0 342.0 181.0 324.0 261.0 219.0 83.0 54.0 126.0 117.0 110.0 97.0 92.0 63.0 45.0 29.0 22.0 17.0 13.0 8.0 4.0 3.0 2.0 1.0 1.0 1.0 0.0 0.0 0.0 0.0 0.0 0.0 0.0 0.0 0.0 0.0 0.0 0.0 0.0 0.0 0.0 0.0 0.0 0.0 0.0 0.0 0.0 0.0 0.0 0.0 0.0 0.0 0.0 0.0 0.0 0.0 0.0 0.0 0.0 0.0 0.0 0.0 0.0 0.0 0.0 0.0 0.0 0.0 0.0 0.0 0.0 0.0 0.0 0.0 0.0 0.0 88.8125 148.31231613883892
END
#################################################################
SECTION3 (Edges Information)
EndPoint0 EndPoint1 Weight
0 1 1.000000
1 2 1.000000
2 3 1.000000
3 4 1.000000
3 5 1.000000
4 5 1.000000
4 6 1.000000
5 6 1.000000
5 7 1.000000
6 7 1.000000
7 8 1.000000
7 9 1.000000
8 9 1.000000
END
#################################################################
SECTION4 (TrueSubGraph Information)
EndPoint0 EndPoint1 Weight
END
#################################################################
