#################################################################
#APDM Input Graph, this input graph includes 3 sections:
#section1 : general information
#section2 : nodes
#section3 : edges
#section4 : trueSubGraph (Optional)
#
#if nodes haven't information set weight to null
#################################################################
SECTION1 (General Information)
numNodes = 10
numEdges = 13
usedAlgorithm = NULL
dataSource = TransWeatherRealData
END
#################################################################
SECTION2 (Nodes Information)
NodeID rad  mean  std 
0 0.0 0.0 0.0 0.0 0.0 0.0 0.0 0.0 0.0 0.0 0.0 0.0 0.0 0.0 0.0 0.0 0.0 0.0 0.0 0.0 0.0 0.0 0.0 0.0 0.0 0.0 0.0 0.0 0.0 0.0 0.0 0.0 0.0 0.0 0.0 0.0 0.0 0.0 0.0 0.0 0.0 0.0 0.0 0.0 0.0 0.0 0.0 0.0 0.0 0.0 0.0 0.0 0.0 0.0 0.0 0.0 0.0 0.0 0.0 0.0 0.0 0.0 0.0 0.0 0.0 0.0 0.0 1.0 1.0 1.0 1.0 1.0 1.0 1.0 2.0 4.0 8.0 5.0 4.0 3.0 9.0 9.0 11.0 12.0 17.0 27.0 35.0 43.0 40.0 26.0 27.0 47.0 40.0 37.0 36.0 48.0 41.0 49.0 48.0 82.0 104.0 131.0 153.0 149.0 143.0 167.0 182.0 176.0 166.0 196.0 224.0 192.0 123.0 120.0 126.0 148.0 186.0 279.0 292.0 295.0 356.0 371.0 371.0 328.0 548.0 492.0 522.0 637.0 359.0 360.0 250.0 153.0 235.0 286.0 441.0 784.0 783.0 736.0 459.0 339.0 455.0 488.0 425.0 482.0 498.0 296.0 454.0 575.0 402.0 397.0 368.0 466.0 494.0 904.0 986.0 930.0 982.0 944.0 925.0 906.0 904.0 890.0 895.0 900.0 899.0 898.0 884.0 886.0 884.0 881.0 877.0 874.0 868.0 865.0 859.0 854.0 851.0 844.0 838.0 845.0 403.0 749.0 821.0 805.0 795.0 771.0 753.0 772.0 757.0 736.0 707.0 708.0 720.0 709.0 699.0 689.0 676.0 662.0 652.0 638.0 626.0 614.0 606.0 588.0 579.0 568.0 555.0 543.0 527.0 514.0 500.0 486.0 471.0 456.0 437.0 426.0 413.0 401.0 387.0 372.0 358.0 342.0 327.0 312.0 297.0 281.0 266.0 251.0 238.0 224.0 210.0 195.0 180.0 166.0 152.0 139.0 127.0 114.0 101.0 88.0 71.0 53.0 26.0 16.0 13.0 11.0 9.0 7.0 5.0 3.0 3.0 1.0 1.0 1.0 0.0 0.0 0.0 0.0 0.0 0.0 0.0 0.0 0.0 0.0 0.0 0.0 0.0 0.0 0.0 0.0 0.0 0.0 0.0 0.0 0.0 0.0 0.0 0.0 0.0 0.0 0.0 0.0 0.0 0.0 0.0 0.0 0.0 0.0 249.41319444444395 312.37758483082996
1 1.0 1.0 1.0 1.0 1.0 1.0 1.0 1.0 1.0 1.0 1.0 1.0 1.0 1.0 1.0 1.0 1.0 1.0 1.0 1.0 1.0 1.0 1.0 1.0 0.0 0.0 0.0 1.0 1.0 1.0 1.0 1.0 1.0 0.0 0.0 0.0 0.0 0.0 0.0 0.0 1.0 0.0 1.0 1.0 1.0 0.0 1.0 0.0 0.0 0.0 1.0 0.0 1.0 1.0 0.0 0.0 1.0 0.0 1.0 1.0 1.0 1.0 0.0 1.0 1.0 1.0 1.0 1.0 1.0 2.0 2.0 2.0 3.0 3.0 5.0 6.0 9.0 12.0 14.0 21.0 22.0 19.0 19.0 19.0 22.0 22.0 26.0 16.0 12.0 12.0 20.0 21.0 29.0 37.0 56.0 82.0 72.0 48.0 59.0 62.0 54.0 49.0 58.0 85.0 104.0 109.0 99.0 118.0 129.0 139.0 166.0 234.0 338.0 302.0 343.0 292.0 143.0 99.0 83.0 171.0 98.0 89.0 71.0 72.0 78.0 69.0 65.0 120.0 288.0 343.0 355.0 362.0 230.0 552.0 853.0 436.0 414.0 622.0 664.0 515.0 372.0 420.0 594.0 452.0 621.0 678.0 626.0 585.0 236.0 553.0 884.0 309.0 271.0 1007.0 759.0 743.0 953.0 879.0 735.0 938.0 951.0 931.0 921.0 931.0 925.0 933.0 723.0 714.0 669.0 895.0 750.0 833.0 621.0 746.0 881.0 893.0 757.0 926.0 475.0 177.0 538.0 900.0 895.0 897.0 873.0 580.0 700.0 783.0 813.0 784.0 769.0 786.0 748.0 809.0 796.0 821.0 651.0 443.0 777.0 355.0 161.0 222.0 622.0 252.0 166.0 410.0 398.0 388.0 608.0 575.0 523.0 486.0 471.0 456.0 437.0 421.0 405.0 389.0 376.0 361.0 345.0 331.0 316.0 301.0 284.0 268.0 252.0 238.0 224.0 209.0 195.0 181.0 168.0 155.0 142.0 130.0 117.0 104.0 90.0 75.0 61.0 32.0 17.0 15.0 13.0 11.0 8.0 6.0 4.0 3.0 2.0 1.0 1.0 1.0 1.0 1.0 1.0 1.0 1.0 1.0 1.0 1.0 1.0 1.0 1.0 1.0 1.0 1.0 1.0 1.0 1.0 1.0 1.0 1.0 1.0 1.0 1.0 0.0 1.0 1.0 1.0 1.0 1.0 1.0 1.0 1.0 0.0 0.0 227.975694444444 304.50339321648323
2 0.0 0.0 0.0 0.0 0.0 0.0 0.0 0.0 0.0 0.0 0.0 0.0 0.0 0.0 0.0 0.0 0.0 0.0 0.0 0.0 0.0 0.0 0.0 0.0 0.0 0.0 0.0 0.0 0.0 0.0 0.0 0.0 0.0 0.0 0.0 0.0 0.0 0.0 0.0 0.0 0.0 0.0 0.0 0.0 0.0 0.0 0.0 0.0 0.0 0.0 0.0 0.0 0.0 0.0 0.0 0.0 0.0 0.0 0.0 0.0 0.0 0.0 0.0 0.0 0.0 1.0 1.0 1.0 1.0 3.0 5.0 5.0 4.0 4.0 4.0 4.0 5.0 6.0 7.0 9.0 15.0 22.0 27.0 21.0 17.0 19.0 21.0 23.0 26.0 25.0 31.0 38.0 64.0 83.0 100.0 85.0 98.0 81.0 62.0 72.0 101.0 99.0 58.0 57.0 76.0 125.0 152.0 134.0 137.0 123.0 122.0 122.0 178.0 128.0 108.0 100.0 66.0 74.0 87.0 117.0 137.0 200.0 273.0 338.0 364.0 379.0 363.0 291.0 272.0 225.0 224.0 201.0 145.0 84.0 124.0 125.0 101.0 74.0 113.0 186.0 348.0 365.0 280.0 242.0 293.0 447.0 667.0 602.0 917.0 909.0 920.0 814.0 927.0 919.0 922.0 915.0 662.0 916.0 849.0 931.0 947.0 966.0 991.0 873.0 840.0 892.0 1079.0 968.0 968.0 686.0 898.0 726.0 874.0 870.0 870.0 867.0 863.0 855.0 845.0 839.0 834.0 825.0 824.0 817.0 804.0 801.0 673.0 786.0 573.0 689.0 187.0 755.0 438.0 485.0 496.0 556.0 371.0 195.0 343.0 370.0 648.0 524.0 579.0 608.0 547.0 316.0 545.0 461.0 423.0 177.0 139.0 127.0 222.0 146.0 102.0 132.0 83.0 54.0 46.0 51.0 58.0 87.0 328.0 350.0 311.0 270.0 250.0 232.0 218.0 204.0 192.0 179.0 165.0 152.0 138.0 125.0 114.0 101.0 87.0 73.0 60.0 48.0 36.0 27.0 15.0 10.0 8.0 6.0 4.0 2.0 1.0 1.0 1.0 0.0 0.0 0.0 0.0 0.0 0.0 0.0 0.0 0.0 0.0 0.0 0.0 0.0 0.0 0.0 0.0 0.0 0.0 0.0 0.0 0.0 0.0 0.0 0.0 0.0 0.0 0.0 0.0 0.0 0.0 0.0 0.0 0.0 0.0 0.0 210.20833333333348 305.6169603946022
3 1.0 0.0 0.0 0.0 0.0 0.0 1.0 0.0 0.0 1.0 1.0 0.0 0.0 0.0 0.0 0.0 0.0 0.0 0.0 0.0 0.0 0.0 0.0 0.0 0.0 0.0 0.0 0.0 0.0 0.0 0.0 0.0 0.0 0.0 0.0 0.0 1.0 0.0 0.0 0.0 0.0 0.0 1.0 0.0 0.0 0.0 0.0 0.0 0.0 0.0 0.0 0.0 0.0 0.0 0.0 0.0 0.0 0.0 0.0 0.0 0.0 0.0 1.0 1.0 1.0 1.0 1.0 1.0 2.0 2.0 4.0 6.0 7.0 8.0 4.0 4.0 6.0 10.0 9.0 6.0 5.0 6.0 10.0 10.0 11.0 11.0 10.0 10.0 8.0 8.0 9.0 10.0 11.0 11.0 14.0 17.0 24.0 43.0 79.0 99.0 91.0 83.0 83.0 102.0 99.0 77.0 58.0 73.0 57.0 60.0 55.0 73.0 70.0 63.0 95.0 93.0 66.0 61.0 74.0 94.0 75.0 92.0 77.0 92.0 73.0 65.0 67.0 87.0 139.0 191.0 295.0 302.0 278.0 365.0 337.0 358.0 378.0 294.0 203.0 240.0 248.0 236.0 202.0 137.0 183.0 237.0 250.0 253.0 372.0 541.0 574.0 874.0 877.0 952.0 946.0 948.0 911.0 903.0 904.0 909.0 904.0 912.0 941.0 998.0 1072.0 563.0 387.0 247.0 318.0 508.0 262.0 456.0 610.0 346.0 821.0 803.0 841.0 734.0 284.0 820.0 839.0 544.0 757.0 307.0 474.0 601.0 769.0 365.0 656.0 695.0 748.0 765.0 774.0 776.0 645.0 569.0 180.0 308.0 222.0 247.0 195.0 172.0 156.0 139.0 122.0 279.0 667.0 560.0 397.0 131.0 112.0 115.0 498.0 526.0 316.0 256.0 182.0 230.0 88.0 66.0 52.0 36.0 21.0 13.0 32.0 61.0 79.0 84.0 208.0 216.0 202.0 175.0 158.0 145.0 132.0 120.0 107.0 93.0 80.0 63.0 29.0 19.0 17.0 15.0 12.0 9.0 7.0 5.0 3.0 2.0 1.0 1.0 1.0 1.0 1.0 0.0 0.0 0.0 0.0 0.0 0.0 0.0 0.0 1.0 1.0 1.0 1.0 0.0 0.0 0.0 0.0 0.0 0.0 0.0 0.0 0.0 0.0 1.0 1.0 0.0 1.0 0.0 1.0 1.0 0.0 0.0 0.0 0.0 170.0069444444441 268.3690188251905
4 0.0 0.0 0.0 0.0 0.0 0.0 0.0 0.0 0.0 0.0 0.0 0.0 0.0 0.0 0.0 0.0 0.0 0.0 0.0 0.0 0.0 0.0 0.0 0.0 0.0 0.0 0.0 0.0 0.0 0.0 0.0 0.0 0.0 0.0 0.0 0.0 0.0 0.0 0.0 0.0 0.0 0.0 0.0 0.0 0.0 0.0 0.0 0.0 0.0 0.0 0.0 0.0 0.0 0.0 0.0 0.0 0.0 0.0 0.0 0.0 0.0 0.0 0.0 0.0 0.0 0.0 0.0 1.0 2.0 1.0 2.0 3.0 3.0 7.0 10.0 12.0 9.0 9.0 7.0 5.0 5.0 6.0 10.0 12.0 13.0 12.0 11.0 14.0 19.0 29.0 25.0 16.0 12.0 21.0 29.0 33.0 32.0 22.0 25.0 32.0 40.0 54.0 48.0 45.0 42.0 52.0 69.0 86.0 70.0 72.0 60.0 48.0 64.0 58.0 61.0 86.0 83.0 60.0 50.0 57.0 62.0 80.0 87.0 65.0 57.0 54.0 61.0 50.0 47.0 62.0 85.0 74.0 54.0 51.0 43.0 55.0 73.0 98.0 100.0 88.0 121.0 120.0 87.0 87.0 105.0 83.0 144.0 287.0 420.0 597.0 391.0 273.0 207.0 208.0 186.0 158.0 299.0 571.0 546.0 981.0 977.0 954.0 996.0 745.0 791.0 668.0 791.0 641.0 927.0 524.0 269.0 208.0 163.0 406.0 933.0 997.0 766.0 771.0 261.0 249.0 252.0 208.0 301.0 276.0 282.0 437.0 477.0 635.0 802.0 661.0 619.0 422.0 439.0 418.0 378.0 347.0 352.0 408.0 532.0 652.0 537.0 531.0 574.0 633.0 600.0 572.0 557.0 505.0 525.0 349.0 389.0 72.0 97.0 80.0 99.0 78.0 60.0 85.0 307.0 481.0 329.0 135.0 328.0 345.0 263.0 266.0 245.0 230.0 214.0 206.0 134.0 133.0 117.0 100.0 87.0 59.0 12.0 22.0 20.0 15.0 21.0 44.0 72.0 50.0 26.0 13.0 7.0 4.0 3.0 2.0 1.0 1.0 0.0 0.0 0.0 0.0 0.0 0.0 0.0 0.0 0.0 0.0 0.0 0.0 0.0 0.0 0.0 0.0 0.0 0.0 0.0 0.0 0.0 0.0 0.0 0.0 0.0 0.0 0.0 0.0 0.0 0.0 0.0 0.0 0.0 0.0 0.0 0.0 143.8923611111111 234.63089601126015
5 0.0 0.0 0.0 0.0 0.0 0.0 0.0 0.0 0.0 0.0 0.0 0.0 0.0 0.0 0.0 0.0 0.0 0.0 0.0 0.0 0.0 0.0 0.0 0.0 0.0 0.0 0.0 0.0 0.0 0.0 0.0 0.0 0.0 0.0 0.0 0.0 0.0 0.0 0.0 0.0 0.0 0.0 0.0 0.0 0.0 0.0 0.0 0.0 0.0 0.0 0.0 0.0 0.0 0.0 0.0 0.0 0.0 0.0 0.0 0.0 0.0 0.0 0.0 0.0 0.0 1.0 1.0 1.0 1.0 1.0 1.0 2.0 2.0 4.0 6.0 7.0 6.0 8.0 10.0 14.0 22.0 29.0 36.0 34.0 24.0 21.0 22.0 22.0 21.0 18.0 18.0 24.0 20.0 20.0 18.0 17.0 16.0 17.0 19.0 16.0 12.0 15.0 15.0 17.0 28.0 28.0 31.0 24.0 17.0 19.0 31.0 61.0 80.0 75.0 80.0 62.0 61.0 56.0 54.0 52.0 53.0 82.0 95.0 104.0 88.0 97.0 123.0 98.0 87.0 64.0 49.0 50.0 65.0 70.0 81.0 92.0 73.0 78.0 97.0 126.0 168.0 164.0 112.0 104.0 154.0 172.0 216.0 275.0 236.0 245.0 212.0 193.0 154.0 160.0 199.0 192.0 152.0 131.0 119.0 99.0 117.0 142.0 180.0 145.0 118.0 135.0 104.0 131.0 148.0 197.0 241.0 249.0 294.0 300.0 336.0 336.0 228.0 215.0 215.0 213.0 166.0 123.0 103.0 160.0 213.0 315.0 355.0 254.0 275.0 333.0 484.0 347.0 191.0 168.0 141.0 150.0 267.0 433.0 356.0 289.0 282.0 260.0 191.0 138.0 86.0 85.0 109.0 146.0 137.0 121.0 143.0 183.0 268.0 256.0 274.0 359.0 430.0 485.0 406.0 332.0 379.0 346.0 315.0 302.0 345.0 202.0 259.0 156.0 130.0 122.0 99.0 28.0 30.0 36.0 35.0 29.0 19.0 15.0 11.0 9.0 8.0 9.0 6.0 5.0 4.0 3.0 2.0 1.0 1.0 0.0 1.0 1.0 0.0 0.0 0.0 0.0 0.0 0.0 0.0 0.0 0.0 0.0 0.0 0.0 0.0 0.0 0.0 0.0 0.0 0.0 0.0 0.0 0.0 0.0 0.0 0.0 0.0 0.0 0.0 0.0 0.0 0.0 0.0 0.0 0.0 0.0 0.0 0.0 80.59722222222206 111.26418443462254
6 0.0 0.0 0.0 0.0 0.0 0.0 0.0 0.0 0.0 0.0 0.0 0.0 0.0 0.0 0.0 0.0 0.0 0.0 0.0 0.0 0.0 0.0 0.0 0.0 0.0 0.0 0.0 0.0 0.0 0.0 0.0 0.0 0.0 0.0 0.0 0.0 0.0 0.0 0.0 0.0 0.0 0.0 0.0 0.0 0.0 0.0 0.0 0.0 0.0 0.0 0.0 0.0 0.0 0.0 0.0 0.0 0.0 0.0 0.0 0.0 0.0 0.0 0.0 0.0 0.0 0.0 1.0 1.0 2.0 4.0 5.0 5.0 4.0 4.0 6.0 6.0 6.0 6.0 5.0 6.0 9.0 15.0 23.0 33.0 37.0 36.0 28.0 20.0 30.0 37.0 36.0 30.0 26.0 24.0 24.0 23.0 23.0 28.0 23.0 21.0 27.0 32.0 32.0 31.0 38.0 59.0 58.0 41.0 33.0 39.0 49.0 34.0 35.0 24.0 20.0 17.0 19.0 33.0 55.0 55.0 69.0 76.0 70.0 71.0 72.0 78.0 90.0 94.0 83.0 120.0 119.0 107.0 112.0 128.0 129.0 119.0 102.0 85.0 76.0 89.0 88.0 84.0 90.0 103.0 110.0 84.0 65.0 117.0 182.0 193.0 202.0 157.0 159.0 211.0 263.0 206.0 177.0 118.0 117.0 150.0 144.0 108.0 82.0 87.0 100.0 74.0 93.0 126.0 107.0 104.0 99.0 106.0 92.0 73.0 74.0 125.0 175.0 131.0 144.0 126.0 135.0 133.0 129.0 119.0 127.0 105.0 111.0 106.0 106.0 97.0 110.0 103.0 108.0 116.0 94.0 102.0 115.0 114.0 111.0 109.0 113.0 98.0 87.0 93.0 83.0 61.0 62.0 84.0 77.0 82.0 101.0 88.0 93.0 70.0 95.0 90.0 96.0 70.0 64.0 55.0 48.0 64.0 40.0 51.0 47.0 42.0 35.0 32.0 34.0 20.0 36.0 56.0 66.0 72.0 68.0 49.0 29.0 12.0 18.0 20.0 13.0 8.0 6.0 4.0 3.0 3.0 2.0 1.0 1.0 1.0 0.0 0.0 0.0 0.0 0.0 0.0 0.0 0.0 0.0 0.0 0.0 0.0 0.0 0.0 0.0 0.0 0.0 0.0 0.0 0.0 0.0 0.0 0.0 0.0 0.0 0.0 0.0 0.0 0.0 0.0 0.0 0.0 0.0 0.0 0.0 0.0 0.0 0.0 45.29861111111103 52.75788890080642
7 0.0 0.0 0.0 0.0 0.0 0.0 0.0 0.0 0.0 0.0 0.0 0.0 0.0 0.0 0.0 0.0 0.0 0.0 0.0 0.0 0.0 0.0 0.0 0.0 0.0 0.0 0.0 0.0 0.0 0.0 0.0 0.0 0.0 0.0 0.0 0.0 0.0 0.0 0.0 0.0 0.0 0.0 0.0 0.0 0.0 0.0 0.0 0.0 0.0 0.0 0.0 0.0 0.0 0.0 0.0 0.0 0.0 0.0 0.0 0.0 0.0 0.0 0.0 0.0 1.0 1.0 1.0 3.0 8.0 14.0 15.0 12.0 11.0 11.0 11.0 11.0 10.0 11.0 12.0 13.0 16.0 16.0 14.0 14.0 16.0 21.0 29.0 39.0 44.0 48.0 64.0 84.0 73.0 57.0 59.0 85.0 106.0 60.0 34.0 39.0 56.0 74.0 56.0 42.0 36.0 22.0 18.0 35.0 58.0 68.0 65.0 71.0 51.0 61.0 112.0 132.0 107.0 107.0 99.0 72.0 62.0 46.0 55.0 61.0 74.0 75.0 87.0 94.0 112.0 134.0 127.0 98.0 78.0 88.0 114.0 150.0 154.0 135.0 109.0 115.0 121.0 127.0 119.0 114.0 86.0 64.0 90.0 108.0 100.0 103.0 111.0 127.0 112.0 85.0 88.0 139.0 133.0 134.0 127.0 113.0 116.0 121.0 132.0 134.0 138.0 155.0 174.0 176.0 145.0 173.0 166.0 150.0 135.0 101.0 104.0 137.0 240.0 316.0 206.0 209.0 244.0 184.0 224.0 261.0 243.0 252.0 181.0 178.0 183.0 208.0 249.0 208.0 182.0 162.0 141.0 123.0 124.0 106.0 95.0 96.0 97.0 91.0 100.0 111.0 111.0 99.0 89.0 103.0 90.0 71.0 61.0 62.0 60.0 46.0 51.0 47.0 44.0 52.0 40.0 44.0 52.0 64.0 56.0 50.0 47.0 50.0 102.0 111.0 123.0 56.0 52.0 51.0 43.0 34.0 29.0 27.0 20.0 19.0 18.0 16.0 8.0 5.0 3.0 2.0 2.0 2.0 1.0 1.0 1.0 1.0 0.0 0.0 0.0 0.0 0.0 0.0 0.0 0.0 0.0 0.0 0.0 0.0 0.0 0.0 0.0 0.0 0.0 0.0 0.0 0.0 0.0 0.0 0.0 0.0 0.0 0.0 0.0 0.0 0.0 0.0 0.0 0.0 0.0 0.0 0.0 0.0 0.0 0.0 55.42013888888901 65.30075590628239
8 0.0 0.0 0.0 0.0 0.0 0.0 0.0 0.0 0.0 0.0 0.0 0.0 0.0 0.0 0.0 0.0 0.0 0.0 0.0 0.0 0.0 0.0 0.0 0.0 0.0 0.0 0.0 0.0 0.0 0.0 0.0 0.0 0.0 0.0 0.0 0.0 0.0 0.0 0.0 0.0 0.0 0.0 0.0 0.0 0.0 0.0 0.0 0.0 0.0 0.0 0.0 0.0 0.0 0.0 0.0 0.0 0.0 0.0 0.0 0.0 0.0 0.0 0.0 0.0 0.0 1.0 1.0 2.0 5.0 7.0 8.0 9.0 9.0 9.0 7.0 5.0 5.0 5.0 6.0 8.0 12.0 15.0 15.0 18.0 23.0 27.0 35.0 44.0 51.0 59.0 82.0 98.0 74.0 91.0 109.0 70.0 61.0 77.0 66.0 39.0 30.0 27.0 25.0 22.0 24.0 30.0 45.0 69.0 81.0 46.0 27.0 40.0 39.0 26.0 23.0 39.0 67.0 58.0 102.0 50.0 36.0 42.0 68.0 112.0 75.0 62.0 101.0 85.0 77.0 91.0 87.0 68.0 73.0 102.0 99.0 86.0 84.0 90.0 97.0 113.0 128.0 94.0 84.0 92.0 101.0 90.0 100.0 136.0 122.0 118.0 142.0 130.0 137.0 142.0 201.0 206.0 211.0 132.0 93.0 97.0 94.0 77.0 106.0 86.0 118.0 153.0 165.0 156.0 123.0 170.0 169.0 154.0 115.0 117.0 129.0 136.0 77.0 60.0 74.0 94.0 129.0 205.0 259.0 158.0 135.0 116.0 135.0 153.0 176.0 161.0 187.0 252.0 202.0 190.0 177.0 123.0 119.0 109.0 100.0 89.0 78.0 70.0 67.0 68.0 64.0 68.0 78.0 63.0 51.0 47.0 49.0 50.0 87.0 52.0 41.0 44.0 47.0 84.0 74.0 77.0 71.0 65.0 130.0 154.0 226.0 231.0 306.0 266.0 141.0 67.0 76.0 74.0 54.0 48.0 36.0 25.0 24.0 22.0 17.0 13.0 11.0 8.0 6.0 5.0 3.0 2.0 1.0 1.0 1.0 0.0 0.0 0.0 0.0 0.0 0.0 0.0 0.0 0.0 0.0 0.0 0.0 0.0 0.0 0.0 0.0 0.0 0.0 0.0 0.0 0.0 0.0 0.0 0.0 0.0 0.0 0.0 0.0 0.0 0.0 0.0 0.0 0.0 0.0 0.0 0.0 0.0 0.0 0.0 52.49305555555548 62.59264871261645
9 0.0 1.0 1.0 1.0 1.0 1.0 1.0 1.0 1.0 1.0 1.0 1.0 1.0 1.0 1.0 1.0 1.0 1.0 1.0 1.0 1.0 1.0 1.0 0.0 1.0 1.0 1.0 0.0 1.0 1.0 1.0 0.0 1.0 1.0 1.0 1.0 1.0 1.0 0.0 0.0 1.0 0.0 1.0 0.0 0.0 0.0 0.0 0.0 0.0 0.0 0.0 1.0 0.0 0.0 0.0 0.0 0.0 0.0 0.0 1.0 1.0 1.0 1.0 1.0 2.0 2.0 3.0 4.0 5.0 6.0 8.0 9.0 11.0 13.0 15.0 17.0 20.0 23.0 28.0 34.0 39.0 35.0 29.0 27.0 25.0 24.0 21.0 20.0 24.0 29.0 37.0 37.0 41.0 44.0 57.0 70.0 64.0 45.0 31.0 35.0 47.0 52.0 61.0 74.0 62.0 55.0 57.0 59.0 61.0 59.0 62.0 63.0 60.0 63.0 72.0 81.0 89.0 87.0 75.0 82.0 89.0 93.0 106.0 108.0 110.0 81.0 59.0 49.0 42.0 45.0 62.0 71.0 89.0 93.0 84.0 100.0 106.0 73.0 68.0 67.0 67.0 82.0 99.0 93.0 92.0 79.0 73.0 92.0 128.0 114.0 128.0 98.0 94.0 127.0 141.0 141.0 127.0 135.0 120.0 124.0 120.0 102.0 121.0 143.0 145.0 119.0 134.0 146.0 142.0 118.0 135.0 95.0 145.0 141.0 139.0 158.0 133.0 106.0 159.0 197.0 125.0 123.0 133.0 231.0 316.0 386.0 354.0 430.0 303.0 139.0 108.0 105.0 106.0 86.0 114.0 88.0 91.0 111.0 88.0 69.0 86.0 87.0 91.0 86.0 71.0 68.0 75.0 91.0 81.0 73.0 73.0 61.0 51.0 39.0 32.0 32.0 33.0 31.0 31.0 31.0 27.0 35.0 43.0 41.0 41.0 34.0 29.0 31.0 35.0 42.0 37.0 52.0 47.0 33.0 22.0 16.0 12.0 10.0 6.0 6.0 6.0 4.0 2.0 1.0 1.0 1.0 1.0 1.0 1.0 1.0 1.0 1.0 1.0 1.0 1.0 1.0 0.0 1.0 0.0 1.0 1.0 1.0 0.0 1.0 0.0 1.0 1.0 1.0 0.0 1.0 1.0 1.0 1.0 1.0 1.0 1.0 1.0 0.0 0.0 1.0 1.0 1.0 1.0 1.0 0.0 1.0 0.0 0.0 49.02430555555548 63.53716654539376
END
#################################################################
SECTION3 (Edges Information)
EndPoint0 EndPoint1 Weight
0 1 1.000000
1 2 1.000000
2 3 1.000000
3 4 1.000000
3 5 1.000000
4 5 1.000000
4 6 1.000000
5 6 1.000000
5 7 1.000000
6 7 1.000000
7 8 1.000000
7 9 1.000000
8 9 1.000000
END
#################################################################
SECTION4 (TrueSubGraph Information)
EndPoint0 EndPoint1 Weight
END
#################################################################
