#################################################################
#APDM Input Graph, this input graph includes 3 sections:
#section1 : general information
#section2 : nodes
#section3 : edges
#section4 : trueSubGraph (Optional)
#
#if nodes haven't information set weight to null
#################################################################
SECTION1 (General Information)
numNodes = 10
numEdges = 13
usedAlgorithm = NULL
dataSource = TransWeatherRealData
END
#################################################################
SECTION2 (Nodes Information)
NodeID rad  mean  std 
0 0.0 0.0 0.0 0.0 0.0 0.0 0.0 0.0 0.0 0.0 0.0 0.0 0.0 0.0 0.0 0.0 0.0 0.0 0.0 0.0 0.0 0.0 0.0 0.0 0.0 0.0 0.0 0.0 0.0 0.0 0.0 0.0 0.0 0.0 0.0 0.0 0.0 0.0 0.0 0.0 0.0 0.0 0.0 0.0 0.0 0.0 0.0 0.0 0.0 0.0 0.0 0.0 0.0 0.0 0.0 0.0 0.0 0.0 0.0 0.0 0.0 0.0 0.0 0.0 0.0 0.0 0.0 0.0 0.0 0.0 0.0 0.0 0.0 0.0 0.0 0.0 0.0 0.0 0.0 0.0 0.0 0.0 0.0 0.0 1.0 2.0 4.0 6.0 9.0 12.0 16.0 26.0 37.0 60.0 77.0 94.0 110.0 125.0 139.0 153.0 167.0 182.0 197.0 212.0 227.0 242.0 257.0 273.0 288.0 304.0 320.0 336.0 352.0 368.0 382.0 397.0 412.0 426.0 441.0 455.0 470.0 483.0 496.0 509.0 522.0 535.0 547.0 558.0 571.0 581.0 590.0 603.0 613.0 621.0 630.0 641.0 651.0 660.0 668.0 676.0 685.0 693.0 700.0 707.0 715.0 719.0 724.0 730.0 740.0 737.0 750.0 733.0 730.0 700.0 753.0 764.0 770.0 748.0 742.0 759.0 737.0 765.0 764.0 757.0 752.0 763.0 741.0 755.0 754.0 751.0 748.0 735.0 740.0 734.0 728.0 722.0 716.0 711.0 696.0 693.0 681.0 674.0 669.0 660.0 653.0 645.0 636.0 627.0 618.0 609.0 598.0 584.0 573.0 560.0 547.0 535.0 522.0 509.0 495.0 483.0 469.0 455.0 441.0 426.0 411.0 396.0 381.0 366.0 350.0 336.0 321.0 306.0 292.0 276.0 261.0 246.0 230.0 215.0 200.0 185.0 170.0 155.0 142.0 128.0 114.0 96.0 39.0 24.0 30.0 15.0 11.0 8.0 6.0 4.0 2.0 1.0 1.0 0.0 0.0 0.0 0.0 0.0 0.0 0.0 0.0 0.0 0.0 0.0 0.0 0.0 0.0 0.0 0.0 0.0 0.0 0.0 0.0 0.0 0.0 0.0 0.0 0.0 0.0 0.0 0.0 0.0 0.0 0.0 0.0 0.0 0.0 0.0 0.0 0.0 0.0 0.0 0.0 0.0 0.0 0.0 0.0 0.0 0.0 0.0 0.0 0.0 0.0 0.0 234.3125 291.2050888045135
1 0.0 0.0 0.0 0.0 0.0 0.0 0.0 0.0 0.0 0.0 0.0 0.0 0.0 0.0 0.0 0.0 0.0 0.0 0.0 0.0 0.0 0.0 0.0 0.0 0.0 0.0 0.0 0.0 0.0 0.0 0.0 0.0 0.0 0.0 0.0 0.0 0.0 0.0 0.0 0.0 0.0 0.0 0.0 0.0 0.0 0.0 0.0 0.0 0.0 0.0 0.0 0.0 0.0 0.0 0.0 0.0 0.0 0.0 0.0 0.0 0.0 0.0 0.0 0.0 0.0 0.0 0.0 0.0 0.0 0.0 0.0 0.0 0.0 0.0 0.0 0.0 0.0 0.0 0.0 0.0 0.0 0.0 0.0 1.0 2.0 3.0 5.0 9.0 14.0 21.0 31.0 42.0 56.0 72.0 89.0 107.0 122.0 137.0 152.0 166.0 182.0 197.0 213.0 228.0 245.0 261.0 277.0 293.0 309.0 325.0 341.0 358.0 373.0 389.0 405.0 420.0 435.0 450.0 464.0 479.0 493.0 506.0 520.0 534.0 547.0 561.0 574.0 586.0 597.0 609.0 620.0 631.0 641.0 652.0 663.0 673.0 682.0 691.0 700.0 707.0 714.0 723.0 729.0 736.0 742.0 748.0 754.0 758.0 763.0 768.0 772.0 776.0 779.0 782.0 787.0 787.0 787.0 779.0 794.0 791.0 790.0 792.0 795.0 781.0 776.0 781.0 751.0 773.0 775.0 768.0 765.0 763.0 758.0 755.0 736.0 744.0 735.0 726.0 719.0 713.0 704.0 697.0 688.0 679.0 671.0 663.0 626.0 646.0 635.0 623.0 615.0 602.0 586.0 570.0 557.0 546.0 533.0 518.0 505.0 491.0 479.0 469.0 453.0 435.0 417.0 400.0 386.0 371.0 354.0 339.0 323.0 306.0 291.0 275.0 258.0 242.0 226.0 210.0 194.0 179.0 165.0 150.0 135.0 121.0 89.0 24.0 22.0 20.0 18.0 15.0 12.0 10.0 8.0 5.0 3.0 2.0 1.0 1.0 0.0 0.0 0.0 0.0 0.0 0.0 0.0 0.0 0.0 0.0 0.0 0.0 0.0 0.0 0.0 0.0 0.0 0.0 0.0 0.0 0.0 0.0 0.0 0.0 0.0 0.0 0.0 0.0 0.0 0.0 0.0 0.0 0.0 0.0 0.0 0.0 0.0 0.0 0.0 0.0 0.0 0.0 0.0 0.0 0.0 0.0 0.0 0.0 0.0 0.0 242.6666666666666 302.05178733118794
2 0.0 0.0 0.0 0.0 0.0 0.0 0.0 0.0 0.0 0.0 0.0 0.0 0.0 0.0 0.0 0.0 0.0 0.0 0.0 0.0 0.0 0.0 0.0 0.0 0.0 0.0 0.0 0.0 0.0 0.0 0.0 0.0 0.0 0.0 0.0 0.0 0.0 0.0 0.0 0.0 0.0 0.0 0.0 0.0 0.0 0.0 0.0 0.0 0.0 0.0 0.0 0.0 0.0 0.0 0.0 0.0 0.0 0.0 0.0 0.0 0.0 0.0 0.0 0.0 0.0 0.0 0.0 0.0 0.0 0.0 0.0 0.0 0.0 0.0 0.0 0.0 0.0 0.0 0.0 0.0 0.0 0.0 1.0 1.0 2.0 4.0 7.0 10.0 16.0 26.0 35.0 48.0 64.0 81.0 100.0 118.0 134.0 149.0 165.0 180.0 196.0 212.0 228.0 245.0 261.0 277.0 294.0 311.0 327.0 344.0 361.0 377.0 393.0 410.0 426.0 442.0 458.0 471.0 486.0 502.0 516.0 530.0 544.0 558.0 570.0 584.0 595.0 609.0 621.0 633.0 645.0 656.0 667.0 679.0 689.0 698.0 708.0 717.0 726.0 734.0 743.0 750.0 757.0 762.0 769.0 776.0 781.0 786.0 792.0 797.0 801.0 805.0 808.0 811.0 815.0 819.0 819.0 820.0 819.0 822.0 824.0 814.0 819.0 819.0 823.0 804.0 779.0 809.0 805.0 799.0 796.0 791.0 787.0 782.0 771.0 743.0 769.0 749.0 755.0 745.0 734.0 718.0 715.0 714.0 673.0 693.0 677.0 668.0 659.0 649.0 637.0 569.0 531.0 554.0 549.0 509.0 550.0 543.0 522.0 502.0 488.0 473.0 456.0 441.0 425.0 409.0 393.0 376.0 360.0 344.0 328.0 311.0 295.0 278.0 262.0 246.0 230.0 214.0 198.0 182.0 167.0 152.0 137.0 122.0 105.0 87.0 70.0 55.0 42.0 29.0 17.0 10.0 7.0 4.0 3.0 1.0 1.0 0.0 0.0 0.0 0.0 0.0 0.0 0.0 0.0 0.0 0.0 0.0 0.0 0.0 0.0 0.0 0.0 0.0 0.0 0.0 0.0 0.0 0.0 0.0 0.0 0.0 0.0 0.0 0.0 0.0 0.0 0.0 0.0 0.0 0.0 0.0 0.0 0.0 0.0 0.0 0.0 0.0 0.0 0.0 0.0 0.0 0.0 0.0 0.0 0.0 0.0 0.0 251.94444444444395 312.23015449615605
3 0.0 0.0 0.0 0.0 0.0 0.0 0.0 0.0 0.0 0.0 0.0 0.0 0.0 0.0 0.0 0.0 0.0 0.0 0.0 0.0 0.0 0.0 0.0 0.0 0.0 0.0 0.0 0.0 0.0 0.0 0.0 0.0 0.0 0.0 0.0 0.0 0.0 0.0 0.0 0.0 0.0 0.0 0.0 0.0 0.0 0.0 0.0 0.0 0.0 0.0 0.0 0.0 0.0 0.0 0.0 0.0 0.0 0.0 0.0 0.0 0.0 0.0 0.0 0.0 0.0 0.0 0.0 0.0 0.0 0.0 0.0 0.0 0.0 0.0 0.0 0.0 0.0 0.0 0.0 0.0 0.0 0.0 1.0 1.0 3.0 4.0 7.0 9.0 14.0 29.0 40.0 54.0 70.0 87.0 106.0 125.0 142.0 158.0 171.0 185.0 198.0 211.0 224.0 238.0 252.0 266.0 282.0 300.0 318.0 335.0 351.0 368.0 383.0 399.0 414.0 430.0 446.0 462.0 476.0 492.0 506.0 520.0 534.0 546.0 560.0 573.0 585.0 598.0 610.0 622.0 633.0 644.0 654.0 664.0 672.0 682.0 691.0 700.0 710.0 717.0 724.0 731.0 738.0 745.0 751.0 756.0 763.0 767.0 771.0 775.0 781.0 783.0 786.0 789.0 791.0 792.0 794.0 795.0 796.0 797.0 795.0 795.0 793.0 791.0 789.0 788.0 787.0 783.0 779.0 775.0 770.0 765.0 758.0 751.0 746.0 741.0 733.0 727.0 721.0 712.0 707.0 696.0 690.0 682.0 670.0 658.0 650.0 639.0 629.0 615.0 602.0 595.0 565.0 571.0 556.0 542.0 527.0 513.0 500.0 484.0 470.0 455.0 441.0 426.0 411.0 395.0 380.0 365.0 350.0 334.0 318.0 302.0 286.0 269.0 253.0 237.0 220.0 204.0 189.0 174.0 160.0 146.0 131.0 116.0 98.0 80.0 63.0 29.0 18.0 14.0 12.0 9.0 6.0 4.0 2.0 1.0 1.0 1.0 0.0 0.0 0.0 0.0 0.0 0.0 0.0 0.0 0.0 0.0 0.0 0.0 0.0 0.0 0.0 0.0 0.0 0.0 0.0 0.0 0.0 0.0 0.0 0.0 0.0 0.0 0.0 0.0 0.0 0.0 0.0 0.0 0.0 0.0 0.0 0.0 0.0 0.0 0.0 0.0 0.0 0.0 0.0 0.0 0.0 0.0 0.0 0.0 0.0 0.0 245.33680555555605 303.940865843719
4 0.0 0.0 0.0 0.0 0.0 0.0 0.0 0.0 0.0 0.0 0.0 0.0 0.0 0.0 0.0 0.0 0.0 0.0 0.0 0.0 0.0 0.0 0.0 0.0 0.0 0.0 0.0 0.0 0.0 0.0 0.0 0.0 0.0 0.0 0.0 0.0 0.0 0.0 0.0 0.0 0.0 0.0 0.0 0.0 0.0 0.0 0.0 0.0 0.0 0.0 0.0 0.0 0.0 0.0 0.0 0.0 0.0 0.0 0.0 0.0 0.0 0.0 0.0 0.0 0.0 0.0 0.0 0.0 0.0 0.0 0.0 0.0 0.0 0.0 0.0 0.0 0.0 0.0 0.0 0.0 0.0 1.0 1.0 2.0 3.0 6.0 8.0 12.0 24.0 34.0 46.0 60.0 75.0 92.0 111.0 130.0 149.0 167.0 184.0 201.0 217.0 232.0 248.0 262.0 276.0 291.0 305.0 320.0 336.0 352.0 366.0 382.0 399.0 416.0 434.0 455.0 475.0 491.0 506.0 522.0 537.0 551.0 566.0 580.0 594.0 607.0 619.0 632.0 642.0 655.0 666.0 677.0 687.0 696.0 698.0 720.0 728.0 740.0 760.0 647.0 487.0 703.0 820.0 798.0 807.0 801.0 836.0 825.0 825.0 787.0 824.0 821.0 825.0 822.0 827.0 829.0 828.0 829.0 830.0 830.0 831.0 828.0 827.0 820.0 822.0 821.0 818.0 815.0 811.0 807.0 804.0 798.0 792.0 785.0 780.0 772.0 767.0 759.0 753.0 746.0 737.0 728.0 717.0 707.0 697.0 686.0 675.0 666.0 655.0 642.0 629.0 617.0 603.0 592.0 578.0 563.0 551.0 536.0 521.0 506.0 492.0 476.0 460.0 444.0 428.0 413.0 397.0 381.0 364.0 347.0 330.0 313.0 296.0 280.0 263.0 246.0 229.0 214.0 197.0 182.0 166.0 150.0 135.0 119.0 101.0 83.0 66.0 47.0 30.0 26.0 17.0 10.0 7.0 4.0 2.0 1.0 1.0 0.0 0.0 0.0 0.0 0.0 0.0 0.0 0.0 0.0 0.0 0.0 0.0 0.0 0.0 0.0 0.0 0.0 0.0 0.0 0.0 0.0 0.0 0.0 0.0 0.0 0.0 0.0 0.0 0.0 0.0 0.0 0.0 0.0 0.0 0.0 0.0 0.0 0.0 0.0 0.0 0.0 0.0 0.0 0.0 0.0 0.0 0.0 0.0 0.0 0.0 0.0 256.3402777777781 316.82259983431834
5 0.0 0.0 0.0 0.0 0.0 0.0 0.0 0.0 0.0 0.0 0.0 0.0 0.0 0.0 0.0 0.0 0.0 0.0 0.0 0.0 0.0 0.0 0.0 0.0 0.0 0.0 0.0 0.0 0.0 0.0 0.0 0.0 0.0 0.0 0.0 0.0 0.0 0.0 0.0 0.0 0.0 0.0 0.0 0.0 0.0 0.0 0.0 0.0 0.0 0.0 0.0 0.0 0.0 0.0 0.0 0.0 0.0 0.0 0.0 0.0 0.0 0.0 0.0 0.0 0.0 0.0 0.0 0.0 0.0 0.0 0.0 0.0 0.0 0.0 0.0 0.0 0.0 0.0 0.0 0.0 0.0 1.0 1.0 3.0 5.0 7.0 9.0 12.0 18.0 40.0 56.0 73.0 91.0 111.0 131.0 152.0 170.0 186.0 201.0 216.0 231.0 246.0 261.0 276.0 292.0 307.0 322.0 336.0 353.0 370.0 386.0 402.0 419.0 435.0 451.0 466.0 482.0 497.0 512.0 527.0 541.0 555.0 570.0 584.0 598.0 612.0 625.0 637.0 649.0 662.0 674.0 685.0 696.0 707.0 719.0 729.0 737.0 745.0 755.0 763.0 771.0 779.0 787.0 794.0 801.0 807.0 813.0 819.0 825.0 829.0 832.0 836.0 839.0 842.0 844.0 846.0 846.0 846.0 847.0 847.0 845.0 846.0 845.0 842.0 839.0 835.0 831.0 828.0 825.0 821.0 815.0 811.0 806.0 799.0 792.0 785.0 777.0 770.0 761.0 753.0 745.0 736.0 724.0 713.0 704.0 693.0 682.0 670.0 659.0 648.0 636.0 623.0 609.0 596.0 582.0 568.0 555.0 540.0 525.0 509.0 493.0 478.0 462.0 445.0 428.0 413.0 396.0 378.0 362.0 346.0 328.0 312.0 296.0 279.0 261.0 244.0 227.0 210.0 194.0 178.0 161.0 146.0 130.0 113.0 94.0 76.0 60.0 46.0 32.0 20.0 11.0 7.0 5.0 3.0 1.0 1.0 0.0 0.0 0.0 0.0 0.0 0.0 0.0 0.0 0.0 0.0 0.0 0.0 0.0 0.0 0.0 0.0 0.0 0.0 0.0 0.0 0.0 0.0 0.0 0.0 0.0 0.0 0.0 0.0 0.0 0.0 0.0 0.0 0.0 0.0 0.0 0.0 0.0 0.0 0.0 0.0 0.0 0.0 0.0 0.0 0.0 0.0 0.0 0.0 0.0 0.0 0.0 0.0 261.5486111111115 322.62213644586416
6 0.0 0.0 0.0 0.0 0.0 0.0 0.0 0.0 0.0 0.0 0.0 0.0 0.0 0.0 0.0 0.0 0.0 0.0 0.0 0.0 0.0 0.0 0.0 0.0 0.0 0.0 0.0 0.0 0.0 0.0 0.0 0.0 0.0 0.0 0.0 0.0 0.0 0.0 0.0 0.0 0.0 0.0 0.0 0.0 0.0 0.0 0.0 0.0 0.0 0.0 0.0 0.0 0.0 0.0 0.0 0.0 0.0 0.0 0.0 0.0 0.0 0.0 0.0 0.0 0.0 0.0 0.0 0.0 0.0 0.0 0.0 0.0 0.0 0.0 0.0 0.0 0.0 0.0 0.0 0.0 0.0 1.0 2.0 3.0 5.0 8.0 15.0 23.0 34.0 46.0 62.0 79.0 98.0 118.0 135.0 151.0 166.0 181.0 196.0 212.0 228.0 244.0 261.0 278.0 294.0 311.0 327.0 344.0 361.0 377.0 394.0 410.0 427.0 443.0 458.0 474.0 489.0 504.0 519.0 534.0 549.0 563.0 576.0 590.0 604.0 617.0 629.0 642.0 654.0 665.0 676.0 687.0 697.0 706.0 716.0 725.0 732.0 739.0 748.0 756.0 765.0 771.0 779.0 784.0 790.0 797.0 802.0 806.0 810.0 814.0 818.0 820.0 822.0 826.0 828.0 829.0 829.0 830.0 829.0 829.0 829.0 828.0 827.0 825.0 823.0 820.0 818.0 814.0 809.0 805.0 799.0 793.0 787.0 781.0 775.0 767.0 759.0 752.0 744.0 736.0 726.0 717.0 707.0 696.0 687.0 676.0 664.0 652.0 639.0 629.0 617.0 604.0 590.0 577.0 563.0 550.0 536.0 523.0 508.0 492.0 476.0 461.0 445.0 429.0 414.0 398.0 382.0 365.0 348.0 332.0 315.0 298.0 280.0 263.0 248.0 231.0 215.0 198.0 182.0 167.0 151.0 137.0 121.0 103.0 84.0 67.0 52.0 38.0 28.0 16.0 9.0 6.0 4.0 2.0 1.0 0.0 0.0 0.0 0.0 0.0 0.0 0.0 0.0 0.0 0.0 0.0 0.0 0.0 0.0 0.0 0.0 0.0 0.0 0.0 0.0 0.0 0.0 0.0 0.0 0.0 0.0 0.0 0.0 0.0 0.0 0.0 0.0 0.0 0.0 0.0 0.0 0.0 0.0 0.0 0.0 0.0 0.0 0.0 0.0 0.0 0.0 0.0 0.0 0.0 0.0 0.0 0.0 0.0 257.53819444444395 317.5486002467652
7 0.0 0.0 0.0 0.0 0.0 0.0 0.0 0.0 0.0 0.0 0.0 0.0 0.0 0.0 0.0 0.0 0.0 0.0 0.0 0.0 0.0 0.0 0.0 0.0 0.0 0.0 0.0 0.0 0.0 0.0 0.0 0.0 0.0 0.0 0.0 0.0 0.0 0.0 0.0 0.0 0.0 0.0 0.0 0.0 0.0 0.0 0.0 0.0 0.0 0.0 0.0 0.0 0.0 0.0 0.0 0.0 0.0 0.0 0.0 0.0 0.0 0.0 0.0 0.0 0.0 0.0 0.0 0.0 0.0 0.0 0.0 0.0 0.0 0.0 0.0 0.0 0.0 0.0 0.0 0.0 0.0 1.0 2.0 4.0 6.0 8.0 11.0 20.0 34.0 44.0 64.0 83.0 103.0 122.0 139.0 155.0 171.0 187.0 203.0 219.0 236.0 253.0 270.0 286.0 302.0 319.0 336.0 353.0 370.0 387.0 403.0 420.0 437.0 453.0 469.0 484.0 500.0 515.0 531.0 546.0 560.0 574.0 588.0 601.0 614.0 627.0 640.0 652.0 664.0 676.0 687.0 698.0 709.0 720.0 729.0 739.0 748.0 757.0 765.0 773.0 781.0 788.0 795.0 802.0 808.0 814.0 818.0 824.0 827.0 833.0 836.0 840.0 843.0 845.0 846.0 847.0 848.0 849.0 849.0 848.0 847.0 846.0 844.0 842.0 839.0 836.0 832.0 829.0 825.0 819.0 814.0 809.0 803.0 796.0 788.0 781.0 774.0 765.0 756.0 747.0 737.0 728.0 719.0 708.0 698.0 685.0 674.0 664.0 652.0 638.0 624.0 610.0 596.0 583.0 569.0 555.0 540.0 526.0 511.0 496.0 480.0 465.0 450.0 434.0 417.0 400.0 384.0 366.0 349.0 331.0 314.0 297.0 279.0 262.0 245.0 229.0 213.0 196.0 179.0 163.0 148.0 133.0 116.0 97.0 79.0 63.0 48.0 36.0 25.0 16.0 9.0 6.0 3.0 2.0 1.0 0.0 0.0 0.0 0.0 0.0 0.0 0.0 0.0 0.0 0.0 0.0 0.0 0.0 0.0 0.0 0.0 0.0 0.0 0.0 0.0 0.0 0.0 0.0 0.0 0.0 0.0 0.0 0.0 0.0 0.0 0.0 0.0 0.0 0.0 0.0 0.0 0.0 0.0 0.0 0.0 0.0 0.0 0.0 0.0 0.0 0.0 0.0 0.0 0.0 0.0 0.0 0.0 0.0 261.9722222222219 323.7411631058384
8 0.0 0.0 0.0 0.0 0.0 0.0 0.0 0.0 0.0 0.0 0.0 0.0 0.0 0.0 0.0 0.0 0.0 0.0 0.0 0.0 0.0 0.0 0.0 0.0 0.0 0.0 0.0 0.0 0.0 0.0 0.0 0.0 0.0 0.0 0.0 0.0 0.0 0.0 0.0 0.0 0.0 0.0 0.0 0.0 0.0 0.0 0.0 0.0 0.0 0.0 0.0 0.0 0.0 0.0 0.0 0.0 0.0 0.0 0.0 0.0 0.0 0.0 0.0 0.0 0.0 0.0 0.0 0.0 0.0 0.0 0.0 0.0 0.0 0.0 0.0 0.0 0.0 0.0 0.0 0.0 1.0 1.0 2.0 4.0 6.0 9.0 14.0 18.0 27.0 42.0 56.0 71.0 88.0 106.0 123.0 137.0 152.0 167.0 182.0 197.0 212.0 227.0 243.0 258.0 274.0 290.0 306.0 323.0 339.0 355.0 369.0 385.0 401.0 416.0 432.0 446.0 461.0 476.0 490.0 504.0 518.0 530.0 543.0 556.0 569.0 581.0 593.0 605.0 617.0 629.0 640.0 651.0 661.0 670.0 680.0 689.0 697.0 706.0 714.0 722.0 729.0 736.0 744.0 749.0 754.0 760.0 766.0 770.0 775.0 778.0 781.0 785.0 787.0 789.0 791.0 793.0 794.0 794.0 795.0 794.0 794.0 792.0 791.0 789.0 786.0 784.0 782.0 779.0 774.0 769.0 764.0 759.0 753.0 748.0 741.0 735.0 728.0 720.0 713.0 706.0 697.0 688.0 678.0 668.0 658.0 648.0 638.0 626.0 615.0 604.0 592.0 578.0 566.0 553.0 540.0 527.0 513.0 499.0 485.0 472.0 456.0 441.0 426.0 410.0 394.0 378.0 363.0 347.0 331.0 314.0 298.0 282.0 265.0 249.0 232.0 216.0 200.0 181.0 49.0 26.0 25.0 24.0 22.0 21.0 19.0 18.0 16.0 14.0 12.0 10.0 7.0 5.0 3.0 1.0 1.0 0.0 0.0 0.0 0.0 0.0 0.0 0.0 0.0 0.0 0.0 0.0 0.0 0.0 0.0 0.0 0.0 0.0 0.0 0.0 0.0 0.0 0.0 0.0 0.0 0.0 0.0 0.0 0.0 0.0 0.0 0.0 0.0 0.0 0.0 0.0 0.0 0.0 0.0 0.0 0.0 0.0 0.0 0.0 0.0 0.0 0.0 0.0 0.0 0.0 0.0 0.0 0.0 0.0 242.19791666666654 304.86606254748267
9 0.0 0.0 0.0 0.0 0.0 0.0 0.0 0.0 0.0 0.0 0.0 0.0 0.0 0.0 0.0 0.0 0.0 0.0 0.0 0.0 0.0 0.0 0.0 0.0 0.0 0.0 0.0 0.0 0.0 0.0 0.0 0.0 0.0 0.0 0.0 0.0 0.0 0.0 0.0 0.0 0.0 0.0 0.0 0.0 0.0 0.0 0.0 0.0 0.0 0.0 0.0 0.0 0.0 0.0 0.0 0.0 0.0 0.0 0.0 0.0 0.0 0.0 0.0 0.0 0.0 0.0 0.0 0.0 0.0 0.0 0.0 0.0 0.0 0.0 0.0 0.0 0.0 0.0 0.0 0.0 1.0 2.0 3.0 5.0 7.0 9.0 11.0 13.0 14.0 16.0 18.0 20.0 81.0 111.0 125.0 138.0 152.0 167.0 182.0 197.0 212.0 227.0 242.0 257.0 272.0 287.0 302.0 317.0 332.0 347.0 361.0 375.0 389.0 403.0 417.0 431.0 444.0 457.0 470.0 483.0 495.0 507.0 519.0 531.0 542.0 553.0 564.0 575.0 586.0 596.0 605.0 615.0 623.0 632.0 639.0 648.0 657.0 665.0 672.0 679.0 685.0 691.0 696.0 702.0 710.0 719.0 739.0 758.0 762.0 765.0 768.0 770.0 773.0 776.0 778.0 771.0 774.0 778.0 776.0 776.0 775.0 773.0 770.0 767.0 766.0 763.0 759.0 756.0 752.0 748.0 742.0 737.0 731.0 725.0 717.0 711.0 706.0 698.0 689.0 680.0 672.0 662.0 652.0 643.0 634.0 623.0 612.0 602.0 589.0 578.0 567.0 555.0 543.0 529.0 515.0 501.0 488.0 474.0 459.0 445.0 429.0 415.0 400.0 384.0 368.0 352.0 336.0 320.0 304.0 289.0 274.0 258.0 241.0 225.0 210.0 194.0 179.0 164.0 149.0 135.0 121.0 106.0 89.0 71.0 36.0 22.0 15.0 13.0 11.0 8.0 6.0 3.0 2.0 1.0 0.0 0.0 0.0 0.0 0.0 0.0 0.0 0.0 0.0 0.0 0.0 0.0 0.0 0.0 0.0 0.0 0.0 0.0 0.0 0.0 0.0 0.0 0.0 0.0 0.0 0.0 0.0 0.0 0.0 0.0 0.0 0.0 0.0 0.0 0.0 0.0 0.0 0.0 0.0 0.0 0.0 0.0 0.0 0.0 0.0 0.0 0.0 0.0 0.0 0.0 0.0 0.0 0.0 0.0 234.0451388888887 292.8184226058907
END
#################################################################
SECTION3 (Edges Information)
EndPoint0 EndPoint1 Weight
0 1 1.000000
1 2 1.000000
2 3 1.000000
3 4 1.000000
3 5 1.000000
4 5 1.000000
4 6 1.000000
5 6 1.000000
5 7 1.000000
6 7 1.000000
7 8 1.000000
7 9 1.000000
8 9 1.000000
END
#################################################################
SECTION4 (TrueSubGraph Information)
EndPoint0 EndPoint1 Weight
END
#################################################################
