#################################################################
#APDM Input Graph, this input graph includes 3 sections:
#section1 : general information
#section2 : nodes
#section3 : edges
#section4 : trueSubGraph (Optional)
#
#if nodes haven't information set weight to null
#################################################################
SECTION1 (General Information)
numNodes = 10
numEdges = 13
usedAlgorithm = NULL
dataSource = TransWeatherRealData
END
#################################################################
SECTION2 (Nodes Information)
NodeID rad  mean  std 
0 0.0 0.0 0.0 0.0 0.0 0.0 0.0 0.0 0.0 0.0 0.0 0.0 0.0 0.0 0.0 0.0 0.0 0.0 0.0 0.0 0.0 0.0 0.0 0.0 0.0 0.0 0.0 0.0 0.0 0.0 0.0 0.0 0.0 0.0 0.0 0.0 0.0 0.0 0.0 0.0 0.0 0.0 0.0 0.0 0.0 0.0 0.0 0.0 0.0 0.0 0.0 0.0 0.0 0.0 0.0 0.0 0.0 0.0 0.0 0.0 0.0 0.0 0.0 0.0 0.0 0.0 0.0 0.0 0.0 0.0 1.0 1.0 1.0 1.0 1.0 3.0 4.0 5.0 6.0 8.0 9.0 10.0 11.0 11.0 12.0 13.0 17.0 20.0 25.0 29.0 32.0 34.0 35.0 36.0 35.0 34.0 34.0 35.0 36.0 37.0 41.0 45.0 45.0 56.0 61.0 63.0 74.0 82.0 86.0 95.0 108.0 121.0 126.0 134.0 129.0 115.0 104.0 106.0 112.0 114.0 119.0 124.0 131.0 144.0 158.0 176.0 172.0 166.0 160.0 155.0 141.0 136.0 136.0 125.0 123.0 132.0 153.0 134.0 143.0 140.0 146.0 174.0 211.0 244.0 268.0 279.0 243.0 186.0 129.0 101.0 102.0 86.0 69.0 55.0 40.0 39.0 53.0 74.0 100.0 131.0 180.0 246.0 396.0 640.0 556.0 462.0 310.0 279.0 333.0 311.0 180.0 168.0 106.0 69.0 71.0 106.0 196.0 377.0 437.0 482.0 561.0 575.0 577.0 458.0 650.0 533.0 580.0 439.0 412.0 343.0 275.0 255.0 535.0 292.0 306.0 330.0 259.0 215.0 175.0 133.0 104.0 103.0 139.0 174.0 195.0 474.0 248.0 146.0 158.0 140.0 266.0 417.0 217.0 266.0 127.0 66.0 67.0 66.0 106.0 286.0 114.0 86.0 254.0 157.0 250.0 234.0 206.0 191.0 184.0 124.0 66.0 63.0 61.0 56.0 46.0 31.0 28.0 20.0 20.0 22.0 19.0 11.0 8.0 6.0 4.0 3.0 1.0 1.0 0.0 0.0 0.0 0.0 0.0 0.0 0.0 0.0 0.0 0.0 0.0 0.0 0.0 0.0 0.0 0.0 0.0 0.0 0.0 0.0 0.0 0.0 0.0 0.0 0.0 0.0 0.0 0.0 0.0 0.0 0.0 0.0 0.0 0.0 0.0 0.0 0.0 0.0 0.0 0.0 96.49305555555564 139.59193873312378
1 0.0 0.0 0.0 0.0 0.0 0.0 0.0 0.0 0.0 0.0 0.0 0.0 0.0 0.0 0.0 0.0 0.0 0.0 0.0 0.0 0.0 0.0 0.0 0.0 0.0 0.0 0.0 0.0 0.0 0.0 0.0 0.0 0.0 0.0 0.0 0.0 0.0 0.0 0.0 0.0 0.0 0.0 0.0 0.0 0.0 0.0 0.0 0.0 0.0 0.0 0.0 0.0 0.0 0.0 0.0 0.0 0.0 0.0 0.0 0.0 0.0 0.0 0.0 0.0 0.0 0.0 0.0 1.0 1.0 1.0 1.0 1.0 1.0 2.0 3.0 4.0 6.0 7.0 7.0 8.0 10.0 10.0 11.0 12.0 12.0 11.0 14.0 24.0 29.0 30.0 30.0 33.0 31.0 40.0 38.0 42.0 47.0 54.0 61.0 59.0 63.0 61.0 56.0 58.0 59.0 61.0 57.0 60.0 69.0 82.0 84.0 73.0 70.0 65.0 70.0 79.0 87.0 95.0 98.0 111.0 121.0 131.0 148.0 161.0 174.0 189.0 195.0 193.0 205.0 216.0 226.0 244.0 258.0 262.0 272.0 268.0 257.0 241.0 241.0 252.0 264.0 274.0 280.0 282.0 297.0 318.0 344.0 345.0 339.0 363.0 524.0 376.0 342.0 321.0 201.0 161.0 166.0 176.0 188.0 191.0 199.0 196.0 195.0 202.0 204.0 212.0 191.0 159.0 151.0 135.0 135.0 143.0 131.0 136.0 132.0 138.0 134.0 111.0 92.0 95.0 130.0 170.0 135.0 89.0 75.0 72.0 68.0 67.0 69.0 70.0 92.0 111.0 147.0 117.0 92.0 98.0 103.0 72.0 87.0 119.0 137.0 214.0 243.0 222.0 177.0 154.0 183.0 197.0 212.0 203.0 199.0 194.0 177.0 192.0 203.0 171.0 168.0 165.0 159.0 154.0 144.0 127.0 116.0 110.0 103.0 102.0 99.0 94.0 87.0 142.0 222.0 174.0 91.0 69.0 31.0 71.0 78.0 62.0 27.0 22.0 22.0 20.0 13.0 9.0 6.0 4.0 3.0 2.0 1.0 1.0 1.0 0.0 0.0 0.0 0.0 0.0 0.0 0.0 0.0 0.0 0.0 0.0 0.0 0.0 0.0 0.0 0.0 0.0 0.0 0.0 0.0 0.0 0.0 0.0 0.0 0.0 0.0 0.0 0.0 0.0 0.0 0.0 0.0 0.0 0.0 0.0 0.0 0.0 79.70833333333339 97.45442068730544
2 0.0 0.0 0.0 0.0 0.0 0.0 0.0 0.0 0.0 0.0 0.0 0.0 0.0 0.0 0.0 0.0 0.0 0.0 0.0 0.0 0.0 0.0 0.0 0.0 0.0 0.0 0.0 0.0 0.0 0.0 0.0 0.0 0.0 0.0 0.0 0.0 0.0 0.0 0.0 0.0 0.0 0.0 0.0 0.0 0.0 0.0 0.0 0.0 0.0 0.0 0.0 0.0 0.0 0.0 0.0 0.0 0.0 0.0 0.0 0.0 0.0 0.0 0.0 0.0 0.0 0.0 0.0 0.0 0.0 0.0 1.0 1.0 2.0 3.0 4.0 6.0 8.0 11.0 13.0 19.0 23.0 23.0 26.0 29.0 27.0 23.0 18.0 17.0 17.0 18.0 25.0 30.0 35.0 44.0 54.0 61.0 67.0 77.0 76.0 87.0 87.0 87.0 82.0 77.0 80.0 71.0 63.0 62.0 61.0 62.0 75.0 101.0 113.0 113.0 122.0 123.0 113.0 117.0 108.0 99.0 110.0 111.0 100.0 90.0 89.0 95.0 107.0 101.0 98.0 102.0 106.0 103.0 107.0 109.0 120.0 113.0 117.0 122.0 139.0 163.0 166.0 197.0 219.0 237.0 243.0 238.0 229.0 233.0 241.0 269.0 309.0 345.0 382.0 417.0 473.0 548.0 606.0 589.0 579.0 678.0 695.0 754.0 717.0 664.0 630.0 650.0 587.0 463.0 353.0 294.0 297.0 327.0 327.0 283.0 299.0 337.0 349.0 418.0 469.0 450.0 400.0 393.0 385.0 381.0 416.0 495.0 421.0 496.0 375.0 339.0 277.0 249.0 221.0 196.0 168.0 139.0 124.0 137.0 155.0 177.0 181.0 183.0 189.0 196.0 210.0 203.0 132.0 80.0 54.0 52.0 57.0 66.0 70.0 75.0 87.0 92.0 106.0 101.0 100.0 116.0 111.0 143.0 133.0 139.0 147.0 115.0 91.0 95.0 82.0 59.0 44.0 45.0 36.0 32.0 36.0 52.0 71.0 46.0 33.0 21.0 16.0 11.0 7.0 5.0 3.0 2.0 1.0 1.0 0.0 0.0 0.0 0.0 0.0 0.0 0.0 0.0 0.0 0.0 0.0 0.0 0.0 0.0 0.0 0.0 0.0 0.0 0.0 0.0 0.0 0.0 0.0 0.0 0.0 0.0 0.0 0.0 0.0 0.0 0.0 0.0 0.0 0.0 0.0 0.0 0.0 0.0 0.0 0.0 108.66319444444429 162.7986329106141
3 0.0 0.0 0.0 0.0 0.0 0.0 0.0 0.0 0.0 0.0 0.0 0.0 0.0 0.0 0.0 0.0 0.0 0.0 0.0 0.0 0.0 0.0 0.0 0.0 0.0 0.0 0.0 0.0 0.0 0.0 0.0 0.0 0.0 0.0 0.0 0.0 0.0 0.0 0.0 0.0 0.0 0.0 0.0 0.0 0.0 0.0 0.0 0.0 0.0 0.0 0.0 0.0 0.0 0.0 0.0 0.0 0.0 0.0 0.0 0.0 0.0 0.0 0.0 0.0 0.0 0.0 0.0 1.0 1.0 1.0 1.0 1.0 2.0 3.0 4.0 4.0 5.0 5.0 7.0 10.0 11.0 13.0 13.0 13.0 16.0 19.0 21.0 22.0 24.0 26.0 29.0 34.0 35.0 35.0 39.0 49.0 57.0 67.0 79.0 85.0 105.0 141.0 159.0 158.0 127.0 112.0 97.0 81.0 85.0 80.0 86.0 95.0 108.0 121.0 154.0 167.0 164.0 173.0 180.0 173.0 168.0 190.0 197.0 195.0 210.0 219.0 206.0 177.0 157.0 159.0 160.0 162.0 153.0 149.0 195.0 257.0 313.0 302.0 294.0 271.0 190.0 177.0 161.0 141.0 128.0 127.0 163.0 189.0 231.0 257.0 260.0 250.0 232.0 194.0 187.0 216.0 216.0 169.0 153.0 145.0 161.0 183.0 244.0 268.0 316.0 347.0 314.0 235.0 159.0 191.0 233.0 229.0 198.0 169.0 136.0 93.0 73.0 73.0 83.0 93.0 106.0 119.0 130.0 153.0 190.0 222.0 209.0 141.0 115.0 104.0 101.0 113.0 127.0 151.0 179.0 173.0 131.0 97.0 78.0 69.0 62.0 59.0 58.0 62.0 60.0 50.0 41.0 45.0 56.0 55.0 51.0 59.0 70.0 77.0 76.0 109.0 67.0 44.0 44.0 52.0 58.0 54.0 59.0 77.0 75.0 54.0 35.0 27.0 24.0 24.0 27.0 47.0 66.0 59.0 24.0 14.0 17.0 26.0 18.0 7.0 4.0 4.0 3.0 2.0 1.0 1.0 1.0 1.0 1.0 1.0 0.0 0.0 0.0 0.0 0.0 0.0 0.0 0.0 0.0 0.0 0.0 0.0 0.0 0.0 0.0 0.0 0.0 0.0 0.0 0.0 0.0 0.0 0.0 0.0 0.0 0.0 0.0 0.0 0.0 0.0 0.0 0.0 0.0 0.0 0.0 1.0 0.0 0.0 68.51736111111099 84.77693446570383
4 0.0 0.0 0.0 0.0 0.0 0.0 0.0 0.0 0.0 0.0 0.0 0.0 0.0 0.0 0.0 0.0 0.0 0.0 0.0 0.0 0.0 0.0 0.0 0.0 0.0 0.0 0.0 0.0 0.0 0.0 0.0 0.0 0.0 0.0 0.0 0.0 0.0 0.0 0.0 0.0 0.0 0.0 0.0 0.0 0.0 0.0 0.0 0.0 0.0 0.0 0.0 0.0 0.0 0.0 0.0 0.0 0.0 0.0 0.0 0.0 0.0 0.0 0.0 0.0 0.0 0.0 0.0 0.0 0.0 1.0 1.0 1.0 1.0 2.0 2.0 3.0 4.0 6.0 7.0 9.0 9.0 8.0 7.0 7.0 10.0 13.0 16.0 16.0 21.0 26.0 25.0 34.0 43.0 45.0 37.0 29.0 50.0 71.0 74.0 79.0 80.0 91.0 96.0 103.0 97.0 100.0 107.0 113.0 93.0 82.0 87.0 83.0 79.0 79.0 36.0 47.0 71.0 110.0 136.0 205.0 224.0 223.0 249.0 263.0 301.0 314.0 293.0 284.0 260.0 226.0 210.0 223.0 226.0 216.0 208.0 262.0 278.0 237.0 140.0 104.0 129.0 143.0 134.0 123.0 94.0 79.0 78.0 75.0 88.0 106.0 153.0 186.0 200.0 222.0 280.0 331.0 307.0 330.0 368.0 301.0 189.0 183.0 170.0 133.0 115.0 104.0 127.0 170.0 214.0 267.0 302.0 269.0 236.0 316.0 262.0 257.0 269.0 289.0 302.0 294.0 307.0 261.0 205.0 173.0 143.0 120.0 124.0 114.0 113.0 117.0 120.0 136.0 142.0 145.0 134.0 129.0 115.0 114.0 123.0 152.0 200.0 178.0 147.0 142.0 128.0 105.0 96.0 93.0 86.0 88.0 103.0 119.0 115.0 107.0 98.0 86.0 78.0 69.0 66.0 69.0 76.0 71.0 59.0 54.0 53.0 50.0 41.0 35.0 32.0 27.0 25.0 28.0 25.0 21.0 17.0 16.0 15.0 13.0 12.0 10.0 7.0 5.0 4.0 2.0 2.0 1.0 1.0 1.0 0.0 0.0 0.0 1.0 0.0 0.0 0.0 0.0 0.0 0.0 0.0 0.0 0.0 0.0 0.0 0.0 0.0 0.0 0.0 0.0 0.0 0.0 0.0 0.0 0.0 0.0 0.0 0.0 0.0 0.0 0.0 0.0 0.0 0.0 0.0 0.0 0.0 0.0 0.0 0.0 74.13888888888903 94.79239087290843
5 1.0 0.0 0.0 0.0 0.0 0.0 0.0 0.0 0.0 0.0 0.0 0.0 0.0 0.0 0.0 0.0 0.0 0.0 0.0 0.0 0.0 0.0 0.0 0.0 0.0 0.0 0.0 0.0 0.0 0.0 0.0 0.0 0.0 0.0 0.0 0.0 0.0 0.0 0.0 0.0 0.0 0.0 0.0 0.0 0.0 0.0 0.0 0.0 0.0 0.0 0.0 0.0 0.0 0.0 0.0 0.0 0.0 0.0 0.0 0.0 0.0 0.0 0.0 0.0 0.0 0.0 0.0 1.0 1.0 1.0 1.0 2.0 2.0 2.0 3.0 4.0 5.0 4.0 5.0 6.0 8.0 8.0 10.0 13.0 13.0 11.0 22.0 28.0 29.0 38.0 44.0 39.0 37.0 50.0 40.0 32.0 47.0 48.0 60.0 59.0 67.0 65.0 77.0 91.0 76.0 78.0 66.0 71.0 61.0 47.0 61.0 64.0 69.0 78.0 80.0 92.0 97.0 93.0 93.0 97.0 96.0 98.0 102.0 110.0 125.0 137.0 160.0 174.0 194.0 210.0 212.0 196.0 163.0 143.0 169.0 154.0 164.0 195.0 138.0 95.0 116.0 162.0 170.0 154.0 160.0 224.0 272.0 277.0 207.0 150.0 117.0 107.0 86.0 166.0 232.0 164.0 85.0 76.0 114.0 105.0 79.0 161.0 208.0 245.0 270.0 248.0 199.0 119.0 88.0 98.0 74.0 73.0 80.0 102.0 126.0 132.0 121.0 103.0 110.0 123.0 138.0 134.0 128.0 119.0 136.0 174.0 189.0 184.0 159.0 142.0 143.0 119.0 123.0 132.0 92.0 69.0 54.0 73.0 99.0 150.0 176.0 172.0 164.0 142.0 107.0 99.0 102.0 106.0 110.0 123.0 121.0 113.0 89.0 83.0 86.0 88.0 81.0 69.0 70.0 77.0 81.0 96.0 102.0 84.0 79.0 76.0 62.0 50.0 41.0 41.0 42.0 41.0 39.0 36.0 38.0 32.0 23.0 21.0 20.0 17.0 14.0 11.0 9.0 6.0 4.0 1.0 1.0 1.0 0.0 0.0 0.0 0.0 0.0 0.0 0.0 0.0 0.0 0.0 0.0 0.0 0.0 0.0 0.0 0.0 0.0 0.0 0.0 0.0 0.0 0.0 0.0 0.0 0.0 0.0 0.0 0.0 0.0 0.0 0.0 0.0 0.0 0.0 0.0 0.0 0.0 0.0 0.0 0.0 58.8125 68.07850241661606
6 0.0 0.0 0.0 0.0 0.0 0.0 0.0 0.0 0.0 0.0 0.0 0.0 0.0 0.0 0.0 0.0 0.0 0.0 0.0 0.0 0.0 0.0 0.0 0.0 0.0 0.0 0.0 0.0 0.0 0.0 0.0 0.0 0.0 0.0 0.0 0.0 0.0 0.0 0.0 0.0 0.0 0.0 0.0 0.0 0.0 0.0 0.0 0.0 0.0 0.0 0.0 0.0 0.0 0.0 0.0 0.0 0.0 0.0 0.0 0.0 0.0 0.0 0.0 0.0 0.0 0.0 1.0 1.0 2.0 2.0 4.0 5.0 7.0 8.0 11.0 13.0 15.0 17.0 20.0 22.0 26.0 30.0 30.0 32.0 33.0 33.0 30.0 30.0 39.0 38.0 44.0 49.0 43.0 47.0 68.0 69.0 65.0 85.0 98.0 114.0 111.0 59.0 62.0 57.0 91.0 91.0 63.0 51.0 41.0 53.0 83.0 65.0 58.0 64.0 75.0 105.0 110.0 99.0 94.0 79.0 60.0 74.0 99.0 93.0 94.0 97.0 99.0 105.0 109.0 114.0 105.0 83.0 119.0 122.0 114.0 108.0 110.0 123.0 141.0 151.0 165.0 174.0 178.0 194.0 217.0 217.0 217.0 244.0 268.0 272.0 266.0 280.0 279.0 273.0 266.0 231.0 210.0 193.0 232.0 204.0 175.0 151.0 152.0 185.0 227.0 263.0 356.0 370.0 304.0 312.0 263.0 205.0 148.0 126.0 178.0 215.0 236.0 150.0 162.0 182.0 141.0 136.0 132.0 135.0 153.0 158.0 156.0 131.0 134.0 127.0 142.0 132.0 111.0 86.0 80.0 77.0 82.0 101.0 103.0 127.0 145.0 176.0 165.0 131.0 118.0 94.0 92.0 88.0 88.0 93.0 81.0 79.0 75.0 69.0 71.0 78.0 72.0 67.0 56.0 52.0 44.0 43.0 49.0 50.0 56.0 61.0 70.0 76.0 73.0 68.0 64.0 60.0 70.0 79.0 72.0 57.0 43.0 30.0 18.0 11.0 9.0 7.0 4.0 2.0 1.0 1.0 1.0 0.0 0.0 0.0 0.0 0.0 0.0 0.0 0.0 0.0 0.0 0.0 0.0 0.0 0.0 0.0 0.0 0.0 0.0 0.0 0.0 0.0 0.0 0.0 0.0 0.0 0.0 0.0 0.0 0.0 0.0 0.0 0.0 0.0 0.0 0.0 0.0 0.0 0.0 0.0 0.0 0.0 66.51041666666663 80.30087083134126
7 0.0 0.0 0.0 0.0 0.0 0.0 0.0 0.0 0.0 0.0 0.0 0.0 0.0 0.0 0.0 0.0 0.0 0.0 0.0 0.0 0.0 0.0 0.0 0.0 0.0 0.0 0.0 0.0 0.0 0.0 0.0 0.0 0.0 0.0 0.0 0.0 0.0 0.0 0.0 0.0 0.0 0.0 0.0 0.0 0.0 0.0 0.0 0.0 0.0 0.0 0.0 0.0 0.0 0.0 0.0 0.0 0.0 0.0 0.0 0.0 0.0 0.0 0.0 0.0 0.0 0.0 1.0 2.0 2.0 2.0 3.0 4.0 6.0 8.0 9.0 11.0 15.0 18.0 20.0 23.0 28.0 33.0 36.0 37.0 41.0 43.0 43.0 48.0 54.0 59.0 60.0 60.0 61.0 59.0 59.0 58.0 56.0 59.0 60.0 59.0 62.0 62.0 63.0 67.0 65.0 67.0 71.0 77.0 80.0 83.0 80.0 76.0 73.0 72.0 78.0 83.0 88.0 94.0 104.0 111.0 120.0 123.0 122.0 126.0 123.0 128.0 137.0 140.0 147.0 149.0 144.0 140.0 124.0 116.0 136.0 129.0 134.0 148.0 156.0 146.0 139.0 164.0 149.0 173.0 175.0 166.0 167.0 179.0 188.0 191.0 207.0 202.0 183.0 187.0 213.0 165.0 172.0 217.0 187.0 193.0 199.0 180.0 182.0 214.0 207.0 165.0 158.0 156.0 195.0 196.0 187.0 148.0 167.0 167.0 168.0 162.0 145.0 130.0 146.0 131.0 122.0 118.0 110.0 83.0 82.0 93.0 86.0 89.0 89.0 94.0 104.0 103.0 95.0 88.0 82.0 82.0 82.0 79.0 76.0 75.0 71.0 71.0 73.0 75.0 65.0 64.0 67.0 69.0 67.0 54.0 49.0 46.0 47.0 47.0 42.0 39.0 32.0 28.0 28.0 28.0 25.0 27.0 31.0 32.0 33.0 32.0 30.0 29.0 25.0 20.0 18.0 16.0 14.0 13.0 13.0 13.0 13.0 13.0 15.0 16.0 14.0 11.0 9.0 8.0 4.0 1.0 1.0 0.0 0.0 0.0 0.0 0.0 0.0 0.0 0.0 0.0 0.0 0.0 0.0 0.0 0.0 0.0 0.0 0.0 0.0 0.0 0.0 0.0 0.0 0.0 0.0 0.0 0.0 0.0 0.0 0.0 0.0 0.0 0.0 0.0 0.0 0.0 0.0 0.0 0.0 0.0 0.0 0.0 54.760416666666686 64.00801530682836
8 0.0 0.0 0.0 0.0 0.0 0.0 0.0 0.0 0.0 0.0 0.0 0.0 0.0 0.0 0.0 0.0 0.0 0.0 0.0 0.0 0.0 0.0 0.0 0.0 0.0 0.0 0.0 0.0 0.0 0.0 0.0 0.0 0.0 0.0 0.0 0.0 0.0 0.0 0.0 0.0 0.0 0.0 0.0 0.0 0.0 0.0 0.0 0.0 0.0 0.0 0.0 0.0 0.0 0.0 0.0 0.0 0.0 0.0 0.0 0.0 0.0 0.0 0.0 0.0 0.0 0.0 1.0 2.0 1.0 2.0 3.0 5.0 6.0 9.0 12.0 15.0 16.0 18.0 20.0 22.0 28.0 33.0 35.0 39.0 41.0 45.0 49.0 53.0 51.0 45.0 40.0 41.0 43.0 44.0 42.0 42.0 42.0 42.0 48.0 54.0 56.0 57.0 57.0 55.0 57.0 58.0 66.0 72.0 73.0 77.0 86.0 92.0 89.0 84.0 87.0 95.0 100.0 99.0 96.0 114.0 125.0 128.0 136.0 150.0 154.0 145.0 147.0 158.0 153.0 149.0 147.0 134.0 151.0 149.0 151.0 156.0 152.0 158.0 164.0 162.0 163.0 164.0 152.0 147.0 158.0 164.0 162.0 126.0 175.0 176.0 206.0 249.0 240.0 173.0 162.0 170.0 155.0 128.0 171.0 239.0 211.0 135.0 130.0 158.0 137.0 132.0 162.0 157.0 130.0 120.0 132.0 129.0 126.0 124.0 127.0 129.0 125.0 137.0 144.0 151.0 138.0 118.0 110.0 102.0 103.0 105.0 98.0 79.0 86.0 96.0 101.0 92.0 82.0 76.0 71.0 66.0 64.0 66.0 64.0 71.0 74.0 75.0 74.0 76.0 75.0 71.0 59.0 50.0 48.0 47.0 50.0 52.0 49.0 42.0 37.0 36.0 36.0 34.0 30.0 34.0 37.0 37.0 36.0 33.0 32.0 32.0 27.0 23.0 21.0 18.0 16.0 15.0 16.0 17.0 18.0 19.0 20.0 17.0 15.0 13.0 12.0 12.0 10.0 6.0 3.0 1.0 0.0 0.0 0.0 0.0 0.0 0.0 0.0 0.0 0.0 0.0 0.0 0.0 0.0 0.0 0.0 0.0 0.0 0.0 0.0 0.0 0.0 0.0 0.0 0.0 0.0 0.0 0.0 0.0 0.0 0.0 0.0 0.0 0.0 0.0 0.0 0.0 0.0 0.0 0.0 0.0 0.0 0.0 52.59375 61.402296792495704
9 0.0 0.0 0.0 0.0 0.0 0.0 0.0 0.0 0.0 0.0 0.0 0.0 0.0 0.0 0.0 0.0 0.0 0.0 0.0 0.0 0.0 0.0 0.0 0.0 0.0 0.0 0.0 0.0 0.0 0.0 0.0 0.0 0.0 0.0 0.0 0.0 0.0 0.0 0.0 0.0 0.0 0.0 0.0 0.0 0.0 0.0 0.0 0.0 0.0 0.0 0.0 0.0 0.0 0.0 0.0 0.0 0.0 0.0 0.0 0.0 0.0 0.0 0.0 1.0 1.0 1.0 2.0 2.0 2.0 4.0 6.0 8.0 11.0 14.0 20.0 23.0 27.0 26.0 27.0 31.0 29.0 28.0 33.0 34.0 36.0 41.0 41.0 52.0 56.0 70.0 60.0 48.0 35.0 7.0 8.0 9.0 10.0 9.0 8.0 74.0 96.0 96.0 97.0 93.0 94.0 93.0 84.0 83.0 89.0 82.0 84.0 88.0 83.0 92.0 87.0 98.0 110.0 118.0 145.0 171.0 193.0 169.0 159.0 149.0 170.0 193.0 191.0 190.0 182.0 200.0 172.0 143.0 158.0 146.0 146.0 140.0 141.0 159.0 187.0 192.0 154.0 142.0 152.0 135.0 105.0 111.0 148.0 172.0 168.0 163.0 171.0 205.0 196.0 178.0 178.0 184.0 210.0 200.0 186.0 216.0 249.0 280.0 235.0 211.0 206.0 178.0 158.0 204.0 250.0 268.0 270.0 245.0 269.0 240.0 222.0 178.0 184.0 190.0 180.0 165.0 119.0 122.0 137.0 149.0 156.0 143.0 136.0 119.0 96.0 98.0 74.0 88.0 106.0 117.0 112.0 103.0 95.0 82.0 75.0 71.0 55.0 56.0 60.0 62.0 61.0 53.0 46.0 37.0 36.0 33.0 29.0 28.0 24.0 24.0 22.0 18.0 18.0 22.0 21.0 17.0 14.0 12.0 9.0 5.0 6.0 6.0 5.0 4.0 3.0 3.0 3.0 3.0 3.0 2.0 2.0 2.0 1.0 1.0 1.0 1.0 1.0 1.0 1.0 0.0 0.0 0.0 0.0 0.0 0.0 0.0 0.0 0.0 0.0 0.0 0.0 0.0 0.0 0.0 0.0 0.0 0.0 0.0 0.0 0.0 0.0 0.0 0.0 0.0 0.0 0.0 0.0 0.0 0.0 0.0 0.0 0.0 0.0 0.0 0.0 0.0 0.0 0.0 0.0 0.0 0.0 0.0 0.0 0.0 59.104166666666636 76.4569263400369
END
#################################################################
SECTION3 (Edges Information)
EndPoint0 EndPoint1 Weight
0 1 1.000000
1 2 1.000000
2 3 1.000000
3 4 1.000000
3 5 1.000000
4 5 1.000000
4 6 1.000000
5 6 1.000000
5 7 1.000000
6 7 1.000000
7 8 1.000000
7 9 1.000000
8 9 1.000000
END
#################################################################
SECTION4 (TrueSubGraph Information)
EndPoint0 EndPoint1 Weight
END
#################################################################
