#################################################################
#APDM Input Graph, this input graph includes 3 sections:
#section1 : general information
#section2 : nodes
#section3 : edges
#section4 : trueSubGraph (Optional)
#
#if nodes haven't information set weight to null
#################################################################
SECTION1 (General Information)
numNodes = 10
numEdges = 13
usedAlgorithm = NULL
dataSource = TransWeatherRealData
END
#################################################################
SECTION2 (Nodes Information)
NodeID rad  mean  std 
0 0.0 0.0 0.0 0.0 0.0 0.0 0.0 0.0 0.0 0.0 0.0 0.0 0.0 0.0 0.0 0.0 0.0 0.0 0.0 0.0 0.0 0.0 0.0 0.0 0.0 0.0 0.0 0.0 0.0 0.0 0.0 0.0 0.0 0.0 0.0 0.0 0.0 0.0 0.0 0.0 0.0 0.0 0.0 0.0 0.0 0.0 0.0 0.0 0.0 0.0 0.0 0.0 0.0 0.0 0.0 0.0 0.0 0.0 0.0 0.0 0.0 0.0 0.0 0.0 0.0 0.0 1.0 1.0 2.0 3.0 3.0 4.0 5.0 7.0 10.0 16.0 22.0 27.0 32.0 39.0 50.0 52.0 55.0 68.0 92.0 92.0 76.0 105.0 102.0 167.0 282.0 170.0 144.0 178.0 198.0 151.0 172.0 177.0 323.0 423.0 436.0 370.0 239.0 344.0 405.0 285.0 384.0 459.0 437.0 515.0 555.0 569.0 569.0 563.0 616.0 603.0 623.0 573.0 646.0 670.0 727.0 455.0 451.0 505.0 377.0 468.0 598.0 476.0 351.0 788.0 464.0 745.0 436.0 598.0 436.0 665.0 736.0 531.0 728.0 707.0 522.0 655.0 684.0 897.0 896.0 897.0 897.0 900.0 907.0 912.0 912.0 915.0 915.0 916.0 918.0 921.0 920.0 921.0 924.0 920.0 919.0 919.0 919.0 917.0 916.0 913.0 911.0 910.0 905.0 903.0 899.0 896.0 893.0 884.0 883.0 881.0 758.0 887.0 830.0 594.0 845.0 636.0 417.0 654.0 414.0 562.0 349.0 342.0 664.0 265.0 237.0 218.0 351.0 316.0 362.0 420.0 467.0 292.0 451.0 740.0 522.0 325.0 273.0 423.0 293.0 287.0 242.0 273.0 247.0 290.0 273.0 276.0 246.0 235.0 256.0 253.0 243.0 294.0 277.0 305.0 339.0 311.0 240.0 201.0 361.0 252.0 97.0 132.0 92.0 89.0 90.0 90.0 126.0 197.0 152.0 175.0 164.0 139.0 115.0 101.0 85.0 70.0 43.0 15.0 12.0 10.0 8.0 7.0 5.0 4.0 3.0 2.0 1.0 1.0 0.0 0.0 0.0 0.0 0.0 0.0 0.0 0.0 0.0 0.0 0.0 0.0 0.0 0.0 0.0 0.0 0.0 0.0 0.0 0.0 0.0 0.0 0.0 0.0 0.0 0.0 0.0 0.0 0.0 0.0 0.0 0.0 0.0 0.0 270.14583333333337 320.3129669198602
1 1.0 1.0 1.0 1.0 1.0 1.0 1.0 1.0 1.0 1.0 0.0 1.0 1.0 0.0 0.0 1.0 1.0 1.0 0.0 0.0 0.0 0.0 0.0 1.0 0.0 1.0 0.0 0.0 0.0 1.0 1.0 0.0 1.0 0.0 1.0 0.0 0.0 1.0 0.0 1.0 0.0 0.0 0.0 0.0 1.0 1.0 1.0 0.0 0.0 1.0 0.0 0.0 0.0 0.0 0.0 0.0 0.0 0.0 0.0 0.0 0.0 1.0 1.0 1.0 1.0 1.0 2.0 4.0 5.0 6.0 10.0 15.0 21.0 31.0 33.0 26.0 41.0 95.0 71.0 72.0 55.0 52.0 48.0 43.0 42.0 45.0 50.0 62.0 78.0 96.0 159.0 178.0 155.0 180.0 180.0 277.0 312.0 240.0 251.0 222.0 179.0 221.0 197.0 167.0 237.0 229.0 222.0 300.0 493.0 380.0 643.0 406.0 302.0 530.0 202.0 262.0 562.0 673.0 685.0 721.0 502.0 577.0 456.0 570.0 357.0 702.0 621.0 803.0 677.0 536.0 892.0 903.0 898.0 688.0 868.0 800.0 633.0 222.0 294.0 325.0 544.0 941.0 1052.0 1036.0 822.0 658.0 543.0 1051.0 369.0 608.0 876.0 383.0 1005.0 1024.0 1071.0 1012.0 828.0 1079.0 563.0 950.0 594.0 689.0 996.0 997.0 1007.0 977.0 854.0 455.0 758.0 1085.0 1094.0 1003.0 1034.0 963.0 960.0 786.0 574.0 669.0 914.0 785.0 890.0 719.0 621.0 541.0 832.0 809.0 797.0 791.0 783.0 734.0 765.0 751.0 741.0 738.0 589.0 661.0 707.0 695.0 671.0 642.0 650.0 629.0 620.0 608.0 590.0 575.0 530.0 542.0 525.0 529.0 511.0 496.0 257.0 186.0 456.0 91.0 172.0 91.0 92.0 92.0 333.0 146.0 72.0 90.0 80.0 68.0 67.0 60.0 75.0 85.0 70.0 58.0 59.0 51.0 46.0 42.0 41.0 29.0 27.0 24.0 23.0 27.0 29.0 26.0 21.0 19.0 16.0 11.0 8.0 4.0 2.0 2.0 1.0 1.0 1.0 1.0 1.0 1.0 1.0 1.0 1.0 1.0 0.0 1.0 0.0 1.0 0.0 0.0 1.0 0.0 0.0 1.0 0.0 0.0 0.0 0.0 0.0 0.0 0.0 0.0 0.0 0.0 0.0 0.0 0.0 0.0 0.0 0.0 281.8645833333336 348.30680395601746
2 0.0 0.0 0.0 0.0 0.0 0.0 0.0 0.0 0.0 0.0 0.0 0.0 0.0 0.0 0.0 0.0 0.0 0.0 0.0 0.0 0.0 0.0 0.0 0.0 0.0 0.0 0.0 0.0 0.0 0.0 0.0 0.0 0.0 0.0 0.0 0.0 0.0 0.0 0.0 0.0 0.0 0.0 0.0 0.0 0.0 0.0 0.0 0.0 0.0 0.0 0.0 0.0 0.0 0.0 0.0 0.0 0.0 0.0 0.0 0.0 0.0 0.0 0.0 0.0 1.0 1.0 1.0 3.0 4.0 6.0 12.0 15.0 17.0 17.0 18.0 23.0 26.0 80.0 93.0 106.0 161.0 107.0 70.0 70.0 74.0 84.0 98.0 114.0 247.0 262.0 222.0 167.0 192.0 145.0 198.0 353.0 304.0 395.0 419.0 259.0 429.0 446.0 454.0 481.0 503.0 560.0 472.0 592.0 499.0 574.0 551.0 619.0 506.0 602.0 677.0 698.0 742.0 476.0 445.0 556.0 524.0 475.0 433.0 489.0 728.0 768.0 775.0 790.0 861.0 563.0 475.0 375.0 763.0 873.0 824.0 665.0 655.0 521.0 973.0 523.0 568.0 236.0 240.0 900.0 592.0 292.0 582.0 527.0 240.0 384.0 265.0 771.0 522.0 956.0 588.0 198.0 103.0 375.0 938.0 968.0 871.0 253.0 631.0 355.0 868.0 448.0 832.0 339.0 463.0 854.0 625.0 905.0 899.0 903.0 919.0 601.0 314.0 863.0 946.0 455.0 836.0 915.0 857.0 793.0 817.0 806.0 792.0 781.0 772.0 763.0 756.0 664.0 790.0 659.0 760.0 665.0 571.0 539.0 665.0 653.0 641.0 625.0 613.0 466.0 493.0 568.0 561.0 545.0 529.0 451.0 294.0 507.0 536.0 489.0 450.0 292.0 177.0 137.0 152.0 143.0 154.0 138.0 107.0 94.0 118.0 102.0 89.0 85.0 81.0 70.0 66.0 64.0 59.0 56.0 60.0 58.0 47.0 33.0 25.0 19.0 19.0 14.0 20.0 31.0 23.0 16.0 17.0 16.0 9.0 4.0 2.0 1.0 1.0 1.0 0.0 0.0 0.0 0.0 0.0 0.0 0.0 0.0 0.0 0.0 0.0 0.0 0.0 0.0 0.0 0.0 0.0 0.0 0.0 0.0 0.0 0.0 0.0 0.0 0.0 0.0 0.0 0.0 0.0 0.0 0.0 0.0 0.0 0.0 267.743055555556 312.02503130464663
3 0.0 0.0 0.0 0.0 0.0 0.0 0.0 0.0 0.0 0.0 0.0 0.0 0.0 0.0 0.0 0.0 0.0 0.0 0.0 0.0 0.0 0.0 0.0 0.0 0.0 0.0 0.0 0.0 0.0 0.0 0.0 0.0 0.0 1.0 1.0 0.0 1.0 0.0 0.0 0.0 0.0 0.0 0.0 1.0 0.0 1.0 0.0 1.0 0.0 0.0 0.0 1.0 1.0 1.0 1.0 0.0 0.0 0.0 0.0 1.0 0.0 1.0 1.0 1.0 1.0 1.0 1.0 1.0 1.0 3.0 4.0 5.0 6.0 10.0 19.0 28.0 39.0 45.0 36.0 43.0 55.0 100.0 65.0 140.0 129.0 141.0 171.0 101.0 160.0 211.0 299.0 243.0 203.0 171.0 261.0 212.0 244.0 245.0 179.0 359.0 396.0 267.0 238.0 393.0 461.0 423.0 240.0 559.0 472.0 569.0 603.0 581.0 586.0 596.0 659.0 686.0 484.0 468.0 466.0 467.0 399.0 330.0 570.0 479.0 226.0 329.0 440.0 711.0 832.0 848.0 809.0 560.0 567.0 846.0 286.0 780.0 518.0 378.0 380.0 846.0 965.0 915.0 858.0 401.0 508.0 858.0 806.0 857.0 892.0 986.0 717.0 1004.0 984.0 960.0 913.0 911.0 912.0 909.0 905.0 909.0 908.0 908.0 906.0 900.0 902.0 902.0 899.0 897.0 893.0 888.0 881.0 882.0 877.0 870.0 865.0 861.0 854.0 850.0 845.0 839.0 829.0 824.0 812.0 803.0 795.0 784.0 776.0 765.0 757.0 747.0 737.0 728.0 718.0 707.0 695.0 686.0 679.0 668.0 655.0 645.0 634.0 617.0 604.0 595.0 547.0 557.0 423.0 454.0 297.0 423.0 287.0 167.0 163.0 161.0 165.0 172.0 175.0 168.0 148.0 138.0 134.0 139.0 131.0 119.0 104.0 101.0 97.0 87.0 71.0 60.0 51.0 45.0 45.0 47.0 45.0 46.0 30.0 21.0 20.0 17.0 14.0 16.0 19.0 25.0 25.0 22.0 20.0 18.0 10.0 3.0 2.0 1.0 1.0 1.0 1.0 1.0 1.0 1.0 1.0 1.0 1.0 0.0 1.0 0.0 1.0 1.0 1.0 1.0 1.0 1.0 1.0 0.0 0.0 0.0 1.0 1.0 1.0 1.0 0.0 0.0 0.0 0.0 0.0 0.0 1.0 0.0 1.0 0.0 287.5138888888884 344.07523863432823
4 0.0 0.0 0.0 0.0 0.0 0.0 0.0 0.0 0.0 0.0 0.0 0.0 0.0 0.0 0.0 0.0 0.0 0.0 0.0 0.0 0.0 0.0 0.0 0.0 0.0 0.0 0.0 0.0 0.0 0.0 0.0 0.0 0.0 0.0 0.0 0.0 0.0 0.0 0.0 0.0 0.0 0.0 0.0 0.0 0.0 0.0 0.0 0.0 0.0 0.0 0.0 0.0 0.0 0.0 0.0 0.0 0.0 0.0 0.0 0.0 0.0 0.0 0.0 0.0 1.0 1.0 1.0 2.0 3.0 4.0 6.0 9.0 12.0 13.0 14.0 20.0 25.0 28.0 24.0 30.0 37.0 44.0 48.0 51.0 63.0 83.0 101.0 109.0 113.0 102.0 93.0 93.0 88.0 83.0 81.0 93.0 126.0 152.0 175.0 239.0 262.0 485.0 496.0 534.0 574.0 356.0 470.0 575.0 485.0 549.0 588.0 674.0 521.0 697.0 596.0 605.0 562.0 395.0 455.0 541.0 312.0 266.0 170.0 519.0 785.0 799.0 668.0 525.0 834.0 768.0 902.0 419.0 353.0 313.0 644.0 456.0 643.0 863.0 1039.0 729.0 791.0 623.0 925.0 665.0 979.0 986.0 887.0 640.0 399.0 861.0 1006.0 902.0 641.0 808.0 650.0 1028.0 1091.0 1046.0 908.0 966.0 962.0 965.0 962.0 963.0 961.0 926.0 966.0 952.0 949.0 945.0 942.0 941.0 936.0 932.0 925.0 921.0 915.0 910.0 903.0 894.0 887.0 880.0 870.0 863.0 854.0 842.0 832.0 822.0 812.0 802.0 791.0 777.0 758.0 739.0 742.0 729.0 715.0 694.0 663.0 685.0 587.0 389.0 400.0 448.0 328.0 280.0 279.0 302.0 258.0 249.0 241.0 226.0 224.0 246.0 255.0 234.0 228.0 197.0 174.0 179.0 194.0 168.0 142.0 118.0 108.0 103.0 90.0 84.0 76.0 61.0 53.0 46.0 42.0 39.0 37.0 32.0 31.0 26.0 18.0 15.0 13.0 17.0 44.0 37.0 24.0 14.0 12.0 8.0 4.0 3.0 2.0 1.0 1.0 0.0 0.0 0.0 0.0 0.0 0.0 0.0 0.0 0.0 0.0 0.0 0.0 0.0 0.0 0.0 0.0 0.0 0.0 0.0 0.0 0.0 0.0 0.0 0.0 0.0 0.0 0.0 0.0 0.0 0.0 0.0 0.0 0.0 0.0 0.0 289.27083333333366 358.96587278221824
5 0.0 0.0 0.0 0.0 0.0 0.0 0.0 0.0 0.0 0.0 0.0 0.0 0.0 0.0 0.0 0.0 0.0 0.0 0.0 0.0 0.0 0.0 0.0 0.0 0.0 0.0 0.0 0.0 0.0 0.0 0.0 0.0 0.0 0.0 0.0 0.0 0.0 0.0 0.0 0.0 0.0 0.0 0.0 0.0 0.0 0.0 0.0 0.0 0.0 0.0 0.0 0.0 0.0 0.0 0.0 0.0 0.0 0.0 0.0 0.0 0.0 0.0 1.0 1.0 1.0 1.0 2.0 2.0 3.0 4.0 5.0 5.0 4.0 4.0 6.0 8.0 10.0 16.0 25.0 40.0 54.0 61.0 49.0 60.0 38.0 35.0 50.0 73.0 86.0 88.0 96.0 98.0 238.0 342.0 357.0 373.0 386.0 401.0 419.0 434.0 448.0 463.0 479.0 495.0 511.0 525.0 544.0 555.0 577.0 587.0 601.0 614.0 627.0 639.0 656.0 671.0 665.0 674.0 715.0 731.0 708.0 830.0 317.0 607.0 387.0 330.0 860.0 512.0 735.0 911.0 835.0 849.0 711.0 926.0 855.0 881.0 730.0 920.0 971.0 925.0 614.0 631.0 566.0 298.0 893.0 859.0 677.0 517.0 308.0 217.0 302.0 577.0 432.0 1038.0 930.0 907.0 833.0 869.0 737.0 393.0 1002.0 993.0 985.0 946.0 918.0 343.0 659.0 973.0 783.0 881.0 960.0 942.0 935.0 928.0 922.0 915.0 910.0 902.0 876.0 887.0 882.0 878.0 866.0 854.0 842.0 833.0 824.0 813.0 803.0 796.0 780.0 770.0 758.0 744.0 734.0 720.0 708.0 696.0 682.0 667.0 657.0 642.0 629.0 616.0 607.0 593.0 574.0 548.0 534.0 499.0 513.0 496.0 482.0 453.0 452.0 439.0 426.0 395.0 383.0 353.0 174.0 146.0 120.0 113.0 136.0 111.0 102.0 135.0 156.0 103.0 85.0 74.0 52.0 38.0 33.0 33.0 28.0 24.0 20.0 22.0 24.0 27.0 32.0 26.0 14.0 9.0 5.0 3.0 2.0 1.0 1.0 0.0 0.0 0.0 0.0 0.0 0.0 0.0 0.0 0.0 0.0 0.0 0.0 0.0 0.0 0.0 0.0 0.0 0.0 0.0 0.0 0.0 0.0 0.0 0.0 0.0 0.0 0.0 0.0 0.0 0.0 0.0 0.0 0.0 0.0 0.0 0.0 0.0 307.2951388888884 353.7324030082059
6 0.0 0.0 0.0 0.0 0.0 0.0 0.0 0.0 0.0 0.0 0.0 0.0 0.0 0.0 0.0 0.0 0.0 0.0 0.0 0.0 0.0 0.0 0.0 0.0 0.0 0.0 0.0 0.0 0.0 0.0 0.0 0.0 0.0 0.0 0.0 0.0 0.0 0.0 0.0 0.0 0.0 0.0 0.0 0.0 0.0 0.0 0.0 0.0 0.0 0.0 0.0 0.0 0.0 0.0 0.0 0.0 0.0 0.0 0.0 0.0 0.0 0.0 1.0 1.0 2.0 3.0 5.0 8.0 11.0 15.0 20.0 21.0 23.0 25.0 23.0 16.0 19.0 27.0 31.0 29.0 30.0 31.0 30.0 36.0 38.0 46.0 54.0 74.0 77.0 68.0 76.0 57.0 46.0 56.0 83.0 120.0 142.0 201.0 189.0 410.0 460.0 474.0 493.0 472.0 522.0 539.0 566.0 574.0 603.0 629.0 645.0 526.0 431.0 661.0 592.0 598.0 666.0 736.0 714.0 743.0 751.0 765.0 797.0 813.0 854.0 641.0 511.0 712.0 518.0 539.0 741.0 580.0 527.0 485.0 773.0 696.0 482.0 1010.0 555.0 752.0 927.0 809.0 801.0 798.0 762.0 962.0 805.0 906.0 341.0 483.0 486.0 208.0 168.0 720.0 1039.0 509.0 103.0 88.0 94.0 781.0 1011.0 1014.0 579.0 198.0 198.0 359.0 998.0 971.0 983.0 947.0 769.0 614.0 500.0 888.0 932.0 752.0 1007.0 526.0 907.0 743.0 724.0 529.0 602.0 917.0 744.0 653.0 675.0 835.0 737.0 855.0 823.0 772.0 759.0 753.0 726.0 712.0 701.0 688.0 672.0 660.0 645.0 635.0 621.0 606.0 591.0 575.0 560.0 546.0 525.0 463.0 497.0 490.0 469.0 454.0 439.0 423.0 389.0 334.0 389.0 346.0 325.0 313.0 279.0 269.0 235.0 263.0 242.0 207.0 187.0 161.0 139.0 78.0 58.0 43.0 38.0 33.0 27.0 19.0 17.0 15.0 14.0 11.0 12.0 16.0 19.0 18.0 9.0 4.0 3.0 1.0 1.0 0.0 0.0 0.0 0.0 0.0 0.0 0.0 0.0 0.0 0.0 0.0 0.0 0.0 0.0 0.0 0.0 0.0 0.0 0.0 0.0 0.0 0.0 0.0 0.0 0.0 0.0 0.0 0.0 0.0 0.0 0.0 0.0 0.0 0.0 0.0 0.0 0.0 283.2152777777781 332.2460815728004
7 0.0 0.0 0.0 0.0 0.0 0.0 0.0 0.0 0.0 0.0 0.0 0.0 0.0 0.0 0.0 0.0 0.0 0.0 0.0 0.0 0.0 0.0 0.0 0.0 0.0 0.0 0.0 0.0 0.0 0.0 0.0 0.0 0.0 0.0 0.0 0.0 0.0 0.0 0.0 0.0 0.0 0.0 0.0 0.0 0.0 0.0 0.0 0.0 0.0 0.0 0.0 0.0 0.0 0.0 0.0 0.0 0.0 0.0 0.0 0.0 0.0 1.0 1.0 2.0 3.0 4.0 6.0 9.0 11.0 14.0 17.0 29.0 52.0 65.0 37.0 51.0 34.0 114.0 83.0 150.0 152.0 139.0 77.0 169.0 204.0 220.0 237.0 249.0 259.0 272.0 295.0 309.0 327.0 353.0 367.0 374.0 327.0 392.0 412.0 430.0 447.0 455.0 462.0 504.0 514.0 527.0 541.0 561.0 573.0 587.0 604.0 618.0 631.0 642.0 653.0 670.0 688.0 719.0 705.0 438.0 602.0 461.0 406.0 783.0 776.0 807.0 813.0 828.0 852.0 850.0 888.0 640.0 350.0 536.0 244.0 425.0 503.0 907.0 516.0 416.0 572.0 962.0 465.0 309.0 226.0 294.0 497.0 715.0 520.0 629.0 783.0 1017.0 1038.0 676.0 651.0 867.0 907.0 388.0 119.0 144.0 532.0 987.0 528.0 1036.0 1041.0 1062.0 646.0 553.0 767.0 624.0 968.0 947.0 741.0 687.0 355.0 436.0 455.0 354.0 612.0 833.0 859.0 883.0 911.0 738.0 629.0 287.0 776.0 644.0 760.0 306.0 713.0 783.0 757.0 330.0 624.0 292.0 220.0 214.0 177.0 159.0 388.0 638.0 465.0 258.0 186.0 144.0 263.0 611.0 538.0 499.0 474.0 440.0 241.0 375.0 417.0 397.0 381.0 370.0 355.0 342.0 325.0 310.0 293.0 278.0 266.0 249.0 233.0 220.0 205.0 190.0 176.0 161.0 147.0 134.0 122.0 109.0 93.0 80.0 66.0 53.0 33.0 15.0 12.0 10.0 8.0 6.0 5.0 3.0 2.0 1.0 1.0 0.0 0.0 0.0 0.0 0.0 0.0 0.0 0.0 0.0 0.0 0.0 0.0 0.0 0.0 0.0 0.0 0.0 0.0 0.0 0.0 0.0 0.0 0.0 0.0 0.0 0.0 0.0 0.0 0.0 0.0 0.0 0.0 0.0 0.0 0.0 0.0 0.0 274.24305555555605 306.4117665549317
8 0.0 0.0 0.0 0.0 0.0 0.0 0.0 0.0 0.0 0.0 0.0 0.0 0.0 0.0 0.0 0.0 0.0 0.0 0.0 0.0 0.0 0.0 0.0 0.0 0.0 0.0 0.0 0.0 0.0 0.0 0.0 0.0 0.0 0.0 0.0 0.0 0.0 0.0 0.0 0.0 0.0 0.0 0.0 0.0 0.0 0.0 0.0 0.0 0.0 0.0 0.0 0.0 0.0 0.0 0.0 0.0 0.0 0.0 0.0 0.0 0.0 0.0 1.0 2.0 3.0 4.0 6.0 8.0 10.0 12.0 16.0 30.0 40.0 53.0 65.0 78.0 91.0 102.0 114.0 128.0 143.0 162.0 171.0 155.0 194.0 205.0 219.0 233.0 247.0 256.0 271.0 285.0 304.0 316.0 332.0 350.0 368.0 382.0 395.0 410.0 426.0 442.0 452.0 469.0 481.0 496.0 518.0 533.0 517.0 570.0 584.0 591.0 501.0 522.0 630.0 644.0 619.0 257.0 364.0 392.0 309.0 531.0 520.0 687.0 615.0 790.0 756.0 717.0 769.0 363.0 392.0 750.0 894.0 765.0 915.0 228.0 827.0 1019.0 891.0 726.0 925.0 1099.0 1152.0 424.0 498.0 569.0 518.0 664.0 981.0 621.0 286.0 240.0 198.0 233.0 192.0 240.0 681.0 908.0 362.0 665.0 435.0 312.0 325.0 605.0 945.0 921.0 993.0 958.0 921.0 925.0 939.0 756.0 903.0 936.0 898.0 874.0 567.0 360.0 269.0 178.0 161.0 726.0 868.0 835.0 594.0 303.0 845.0 493.0 827.0 757.0 598.0 494.0 596.0 688.0 610.0 348.0 727.0 599.0 177.0 207.0 208.0 162.0 601.0 398.0 178.0 151.0 184.0 604.0 557.0 397.0 229.0 165.0 175.0 326.0 267.0 446.0 402.0 379.0 350.0 327.0 310.0 295.0 280.0 264.0 246.0 231.0 220.0 206.0 190.0 179.0 166.0 129.0 34.0 28.0 26.0 25.0 23.0 22.0 20.0 18.0 16.0 15.0 12.0 9.0 7.0 5.0 4.0 3.0 2.0 1.0 1.0 0.0 0.0 0.0 0.0 0.0 0.0 0.0 0.0 0.0 0.0 0.0 0.0 0.0 0.0 0.0 0.0 0.0 0.0 0.0 0.0 0.0 0.0 0.0 0.0 0.0 0.0 0.0 0.0 0.0 0.0 0.0 0.0 0.0 0.0 0.0 0.0 0.0 264.07986111111126 307.9635434960264
9 1.0 1.0 0.0 0.0 1.0 0.0 1.0 1.0 0.0 1.0 0.0 0.0 0.0 0.0 0.0 0.0 0.0 0.0 0.0 0.0 0.0 0.0 0.0 0.0 0.0 0.0 0.0 0.0 0.0 0.0 0.0 0.0 0.0 0.0 0.0 0.0 0.0 0.0 0.0 0.0 0.0 0.0 0.0 0.0 0.0 0.0 0.0 0.0 0.0 0.0 0.0 0.0 0.0 0.0 0.0 0.0 0.0 0.0 0.0 0.0 1.0 1.0 2.0 3.0 4.0 6.0 8.0 11.0 16.0 22.0 27.0 34.0 36.0 31.0 26.0 45.0 120.0 124.0 69.0 96.0 159.0 59.0 50.0 55.0 145.0 203.0 213.0 232.0 245.0 261.0 274.0 288.0 301.0 314.0 328.0 342.0 355.0 368.0 382.0 395.0 410.0 424.0 436.0 450.0 504.0 395.0 400.0 518.0 519.0 550.0 459.0 530.0 590.0 530.0 636.0 597.0 591.0 724.0 537.0 477.0 366.0 674.0 307.0 726.0 726.0 288.0 822.0 553.0 283.0 864.0 370.0 721.0 853.0 252.0 550.0 798.0 405.0 444.0 346.0 567.0 791.0 905.0 702.0 503.0 865.0 277.0 414.0 471.0 658.0 606.0 344.0 610.0 569.0 588.0 618.0 301.0 222.0 258.0 529.0 989.0 974.0 522.0 658.0 623.0 597.0 507.0 180.0 702.0 453.0 453.0 470.0 389.0 839.0 871.0 873.0 835.0 437.0 448.0 450.0 424.0 319.0 222.0 295.0 351.0 603.0 794.0 738.0 717.0 704.0 698.0 688.0 670.0 662.0 605.0 609.0 215.0 258.0 376.0 171.0 128.0 167.0 400.0 628.0 543.0 305.0 537.0 513.0 479.0 463.0 400.0 420.0 431.0 174.0 415.0 137.0 151.0 215.0 321.0 408.0 321.0 289.0 159.0 163.0 106.0 88.0 111.0 143.0 139.0 218.0 77.0 30.0 28.0 37.0 42.0 83.0 88.0 49.0 37.0 25.0 19.0 17.0 14.0 12.0 9.0 6.0 4.0 3.0 2.0 1.0 1.0 1.0 1.0 1.0 1.0 1.0 1.0 1.0 1.0 1.0 0.0 1.0 1.0 1.0 1.0 1.0 1.0 1.0 1.0 1.0 1.0 1.0 1.0 1.0 1.0 1.0 1.0 1.0 1.0 1.0 1.0 1.0 1.0 1.0 1.0 1.0 1.0 1.0 1.0 239.7986111111112 272.3778012582405
END
#################################################################
SECTION3 (Edges Information)
EndPoint0 EndPoint1 Weight
0 1 1.000000
1 2 1.000000
2 3 1.000000
3 4 1.000000
3 5 1.000000
4 5 1.000000
4 6 1.000000
5 6 1.000000
5 7 1.000000
6 7 1.000000
7 8 1.000000
7 9 1.000000
8 9 1.000000
END
#################################################################
SECTION4 (TrueSubGraph Information)
EndPoint0 EndPoint1 Weight
END
#################################################################
