#################################################################
#APDM Input Graph, this input graph includes 3 sections:
#section1 : general information
#section2 : nodes
#section3 : edges
#section4 : trueSubGraph (Optional)
#
#if nodes haven't information set weight to null
#################################################################
SECTION1 (General Information)
numNodes = 10
numEdges = 13
usedAlgorithm = NULL
dataSource = TransWeatherRealData
END
#################################################################
SECTION2 (Nodes Information)
NodeID rad  mean  std 
0 0.0 0.0 0.0 0.0 0.0 0.0 0.0 0.0 0.0 0.0 0.0 0.0 0.0 0.0 0.0 0.0 0.0 0.0 0.0 0.0 0.0 0.0 0.0 0.0 0.0 0.0 0.0 0.0 0.0 0.0 0.0 0.0 0.0 0.0 0.0 0.0 0.0 0.0 0.0 0.0 0.0 0.0 0.0 0.0 0.0 0.0 0.0 0.0 0.0 0.0 0.0 0.0 0.0 0.0 0.0 0.0 0.0 0.0 0.0 0.0 0.0 0.0 0.0 0.0 0.0 0.0 0.0 0.0 0.0 0.0 1.0 1.0 2.0 2.0 3.0 3.0 5.0 7.0 8.0 11.0 14.0 15.0 15.0 19.0 21.0 28.0 39.0 66.0 75.0 72.0 56.0 38.0 58.0 59.0 59.0 59.0 54.0 61.0 89.0 93.0 113.0 143.0 145.0 138.0 130.0 180.0 210.0 253.0 173.0 127.0 137.0 222.0 261.0 230.0 183.0 229.0 151.0 132.0 224.0 161.0 116.0 119.0 182.0 235.0 239.0 165.0 120.0 145.0 225.0 207.0 332.0 361.0 197.0 143.0 340.0 312.0 269.0 312.0 172.0 138.0 184.0 224.0 254.0 383.0 470.0 487.0 326.0 308.0 273.0 242.0 293.0 234.0 206.0 246.0 272.0 274.0 269.0 358.0 411.0 400.0 411.0 412.0 414.0 480.0 470.0 545.0 692.0 670.0 579.0 514.0 581.0 535.0 516.0 433.0 403.0 420.0 394.0 430.0 333.0 362.0 422.0 410.0 403.0 337.0 302.0 240.0 223.0 209.0 245.0 312.0 270.0 279.0 403.0 380.0 407.0 391.0 337.0 389.0 394.0 319.0 281.0 258.0 233.0 243.0 230.0 227.0 259.0 316.0 371.0 361.0 268.0 223.0 255.0 218.0 212.0 176.0 172.0 160.0 154.0 146.0 133.0 124.0 124.0 123.0 119.0 116.0 104.0 98.0 97.0 93.0 87.0 83.0 77.0 70.0 60.0 45.0 33.0 25.0 18.0 12.0 9.0 6.0 4.0 3.0 2.0 2.0 1.0 1.0 0.0 0.0 0.0 0.0 0.0 0.0 0.0 0.0 0.0 0.0 0.0 0.0 0.0 0.0 0.0 0.0 0.0 0.0 0.0 0.0 0.0 0.0 0.0 0.0 0.0 0.0 0.0 0.0 0.0 0.0 0.0 0.0 0.0 0.0 0.0 0.0 0.0 0.0 0.0 0.0 130.95833333333326 159.86269696690664
1 0.0 0.0 0.0 0.0 0.0 0.0 0.0 0.0 0.0 0.0 0.0 0.0 0.0 0.0 0.0 0.0 0.0 0.0 0.0 0.0 0.0 0.0 0.0 0.0 0.0 0.0 0.0 0.0 0.0 0.0 0.0 0.0 0.0 0.0 0.0 0.0 0.0 0.0 0.0 0.0 0.0 0.0 0.0 0.0 0.0 0.0 0.0 0.0 0.0 0.0 0.0 0.0 0.0 0.0 0.0 0.0 0.0 0.0 0.0 0.0 0.0 0.0 0.0 0.0 0.0 0.0 0.0 0.0 0.0 1.0 1.0 1.0 1.0 1.0 2.0 4.0 6.0 7.0 8.0 8.0 12.0 17.0 18.0 29.0 32.0 34.0 34.0 37.0 36.0 44.0 54.0 49.0 52.0 50.0 47.0 60.0 62.0 92.0 121.0 115.0 151.0 141.0 126.0 133.0 144.0 149.0 151.0 159.0 131.0 170.0 130.0 125.0 138.0 156.0 153.0 186.0 260.0 253.0 256.0 314.0 267.0 217.0 236.0 266.0 247.0 299.0 175.0 233.0 310.0 211.0 178.0 286.0 396.0 329.0 273.0 197.0 295.0 295.0 328.0 289.0 472.0 516.0 512.0 435.0 350.0 172.0 146.0 306.0 260.0 210.0 202.0 182.0 169.0 202.0 247.0 253.0 207.0 288.0 391.0 333.0 186.0 325.0 244.0 155.0 195.0 386.0 527.0 304.0 363.0 396.0 329.0 255.0 292.0 302.0 291.0 246.0 185.0 189.0 215.0 183.0 170.0 146.0 125.0 110.0 129.0 116.0 111.0 175.0 143.0 128.0 157.0 122.0 96.0 118.0 106.0 99.0 98.0 112.0 115.0 111.0 95.0 105.0 90.0 120.0 112.0 96.0 98.0 96.0 135.0 109.0 88.0 72.0 58.0 62.0 110.0 85.0 94.0 75.0 75.0 72.0 83.0 91.0 105.0 100.0 88.0 91.0 84.0 74.0 63.0 62.0 63.0 67.0 65.0 60.0 51.0 43.0 38.0 34.0 26.0 23.0 18.0 16.0 11.0 6.0 3.0 2.0 1.0 1.0 0.0 0.0 0.0 0.0 0.0 0.0 0.0 0.0 0.0 0.0 0.0 0.0 0.0 0.0 0.0 0.0 0.0 0.0 0.0 0.0 0.0 0.0 0.0 0.0 0.0 0.0 0.0 0.0 0.0 0.0 0.0 0.0 0.0 0.0 0.0 0.0 0.0 0.0 0.0 0.0 93.4444444444445 117.44179537131878
2 0.0 0.0 0.0 0.0 0.0 0.0 0.0 0.0 0.0 0.0 0.0 0.0 0.0 0.0 0.0 0.0 0.0 0.0 0.0 0.0 0.0 0.0 0.0 0.0 0.0 0.0 0.0 0.0 0.0 0.0 0.0 0.0 0.0 0.0 0.0 0.0 0.0 0.0 0.0 0.0 0.0 0.0 0.0 0.0 0.0 0.0 0.0 0.0 0.0 0.0 0.0 0.0 0.0 0.0 0.0 0.0 0.0 0.0 0.0 0.0 0.0 0.0 0.0 0.0 0.0 0.0 0.0 0.0 0.0 0.0 0.0 1.0 1.0 2.0 3.0 4.0 5.0 5.0 6.0 8.0 12.0 19.0 30.0 39.0 33.0 40.0 28.0 37.0 56.0 67.0 71.0 53.0 46.0 63.0 62.0 85.0 100.0 118.0 128.0 141.0 167.0 173.0 146.0 212.0 191.0 293.0 254.0 139.0 161.0 204.0 224.0 224.0 232.0 216.0 158.0 138.0 180.0 254.0 275.0 320.0 379.0 415.0 429.0 362.0 319.0 288.0 243.0 246.0 345.0 472.0 535.0 538.0 520.0 313.0 149.0 309.0 404.0 492.0 505.0 520.0 543.0 401.0 188.0 261.0 424.0 525.0 626.0 541.0 280.0 172.0 189.0 384.0 362.0 273.0 301.0 258.0 266.0 228.0 181.0 241.0 272.0 251.0 266.0 252.0 127.0 189.0 288.0 298.0 230.0 251.0 240.0 162.0 244.0 362.0 247.0 134.0 243.0 366.0 352.0 388.0 500.0 402.0 222.0 125.0 227.0 318.0 209.0 343.0 290.0 277.0 259.0 266.0 211.0 197.0 161.0 163.0 191.0 188.0 189.0 179.0 156.0 165.0 149.0 133.0 128.0 104.0 84.0 79.0 86.0 84.0 99.0 101.0 70.0 58.0 57.0 41.0 38.0 45.0 51.0 52.0 55.0 58.0 46.0 36.0 36.0 38.0 29.0 24.0 22.0 21.0 18.0 17.0 17.0 19.0 19.0 18.0 14.0 11.0 9.0 7.0 5.0 4.0 3.0 3.0 1.0 1.0 0.0 0.0 0.0 0.0 0.0 0.0 0.0 0.0 0.0 0.0 0.0 0.0 0.0 0.0 0.0 0.0 0.0 0.0 0.0 0.0 0.0 0.0 0.0 0.0 0.0 0.0 0.0 0.0 0.0 0.0 0.0 0.0 0.0 0.0 0.0 0.0 0.0 0.0 0.0 0.0 0.0 0.0 111.94791666666666 147.53361654071182
3 0.0 0.0 0.0 0.0 0.0 0.0 0.0 0.0 0.0 0.0 0.0 0.0 0.0 0.0 0.0 0.0 0.0 0.0 0.0 0.0 0.0 0.0 0.0 0.0 0.0 0.0 0.0 0.0 0.0 0.0 0.0 1.0 0.0 0.0 0.0 0.0 1.0 0.0 0.0 0.0 0.0 0.0 0.0 0.0 0.0 0.0 0.0 0.0 0.0 0.0 0.0 0.0 0.0 0.0 0.0 0.0 0.0 0.0 0.0 0.0 0.0 0.0 0.0 0.0 0.0 0.0 1.0 0.0 1.0 1.0 1.0 1.0 1.0 3.0 5.0 7.0 10.0 14.0 16.0 21.0 22.0 28.0 24.0 23.0 27.0 37.0 46.0 75.0 98.0 75.0 57.0 51.0 49.0 52.0 85.0 79.0 84.0 99.0 116.0 116.0 123.0 111.0 110.0 137.0 157.0 172.0 161.0 147.0 112.0 124.0 134.0 168.0 233.0 213.0 233.0 218.0 247.0 348.0 283.0 254.0 207.0 279.0 340.0 315.0 285.0 352.0 341.0 307.0 280.0 289.0 309.0 288.0 461.0 791.0 485.0 239.0 300.0 316.0 279.0 360.0 377.0 251.0 207.0 425.0 444.0 293.0 225.0 293.0 379.0 314.0 387.0 397.0 351.0 197.0 135.0 151.0 189.0 252.0 233.0 169.0 155.0 198.0 226.0 232.0 179.0 158.0 140.0 161.0 151.0 139.0 203.0 225.0 181.0 144.0 187.0 220.0 197.0 209.0 191.0 231.0 210.0 210.0 257.0 287.0 265.0 199.0 242.0 322.0 237.0 116.0 126.0 129.0 175.0 147.0 124.0 128.0 150.0 188.0 223.0 213.0 168.0 137.0 147.0 150.0 177.0 175.0 162.0 174.0 189.0 157.0 136.0 107.0 86.0 73.0 71.0 61.0 62.0 54.0 46.0 47.0 37.0 33.0 28.0 27.0 28.0 26.0 22.0 18.0 15.0 11.0 11.0 11.0 11.0 9.0 9.0 8.0 7.0 5.0 4.0 3.0 3.0 2.0 1.0 1.0 1.0 1.0 1.0 1.0 0.0 0.0 0.0 0.0 0.0 0.0 0.0 0.0 0.0 0.0 0.0 0.0 0.0 0.0 0.0 0.0 0.0 0.0 0.0 0.0 0.0 0.0 0.0 0.0 0.0 0.0 0.0 0.0 0.0 0.0 0.0 0.0 0.0 0.0 0.0 0.0 0.0 0.0 0.0 0.0 96.84722222222204 124.67814001872513
4 0.0 0.0 0.0 0.0 0.0 0.0 0.0 0.0 0.0 0.0 0.0 0.0 0.0 0.0 0.0 0.0 0.0 0.0 0.0 0.0 0.0 0.0 0.0 0.0 0.0 0.0 0.0 0.0 0.0 0.0 0.0 0.0 0.0 0.0 0.0 0.0 0.0 0.0 0.0 0.0 0.0 0.0 0.0 0.0 0.0 0.0 0.0 0.0 0.0 0.0 0.0 0.0 0.0 0.0 0.0 0.0 0.0 0.0 0.0 0.0 0.0 0.0 0.0 0.0 0.0 0.0 0.0 1.0 1.0 1.0 1.0 1.0 2.0 4.0 5.0 7.0 8.0 14.0 23.0 29.0 30.0 54.0 62.0 82.0 82.0 80.0 73.0 64.0 56.0 49.0 61.0 67.0 76.0 80.0 64.0 77.0 135.0 147.0 153.0 169.0 125.0 108.0 114.0 107.0 88.0 88.0 137.0 179.0 146.0 99.0 99.0 114.0 163.0 230.0 178.0 216.0 302.0 322.0 288.0 189.0 260.0 303.0 295.0 244.0 305.0 264.0 231.0 279.0 381.0 221.0 204.0 547.0 605.0 255.0 324.0 429.0 463.0 348.0 436.0 354.0 469.0 470.0 450.0 578.0 575.0 408.0 473.0 281.0 316.0 279.0 272.0 237.0 199.0 222.0 165.0 139.0 167.0 214.0 169.0 154.0 177.0 130.0 151.0 172.0 239.0 254.0 202.0 127.0 117.0 219.0 194.0 199.0 162.0 217.0 273.0 284.0 226.0 167.0 179.0 214.0 210.0 224.0 354.0 327.0 262.0 221.0 185.0 167.0 216.0 256.0 290.0 227.0 180.0 170.0 115.0 128.0 114.0 134.0 122.0 94.0 102.0 102.0 69.0 83.0 73.0 66.0 93.0 88.0 84.0 72.0 53.0 68.0 86.0 100.0 99.0 97.0 96.0 110.0 100.0 81.0 73.0 63.0 55.0 45.0 50.0 55.0 45.0 49.0 48.0 42.0 37.0 33.0 31.0 32.0 31.0 31.0 27.0 22.0 16.0 11.0 10.0 7.0 6.0 4.0 1.0 1.0 1.0 0.0 0.0 0.0 0.0 0.0 0.0 0.0 0.0 0.0 0.0 0.0 0.0 0.0 0.0 0.0 0.0 0.0 0.0 0.0 0.0 0.0 0.0 0.0 0.0 0.0 0.0 0.0 0.0 0.0 0.0 0.0 0.0 0.0 0.0 0.0 0.0 0.0 0.0 0.0 0.0 0.0 98.89583333333344 128.47593458134662
5 0.0 0.0 0.0 0.0 0.0 0.0 0.0 0.0 0.0 0.0 0.0 0.0 0.0 0.0 0.0 0.0 0.0 0.0 0.0 0.0 0.0 0.0 0.0 0.0 0.0 0.0 0.0 0.0 0.0 0.0 0.0 0.0 0.0 0.0 0.0 0.0 0.0 0.0 0.0 0.0 0.0 0.0 0.0 0.0 0.0 0.0 0.0 0.0 0.0 0.0 0.0 0.0 0.0 0.0 0.0 0.0 0.0 0.0 0.0 0.0 0.0 0.0 0.0 0.0 0.0 0.0 0.0 0.0 0.0 1.0 1.0 1.0 2.0 3.0 4.0 6.0 8.0 12.0 15.0 18.0 21.0 27.0 33.0 38.0 41.0 35.0 42.0 36.0 34.0 49.0 64.0 72.0 76.0 60.0 57.0 62.0 80.0 78.0 91.0 108.0 136.0 129.0 83.0 69.0 88.0 149.0 130.0 131.0 130.0 147.0 236.0 240.0 224.0 259.0 227.0 151.0 178.0 222.0 184.0 161.0 143.0 202.0 207.0 214.0 248.0 263.0 271.0 294.0 322.0 313.0 310.0 188.0 259.0 346.0 454.0 460.0 428.0 448.0 316.0 202.0 292.0 253.0 296.0 379.0 421.0 380.0 278.0 251.0 273.0 322.0 279.0 202.0 182.0 210.0 278.0 242.0 363.0 386.0 362.0 347.0 228.0 145.0 273.0 407.0 371.0 373.0 317.0 349.0 350.0 328.0 278.0 292.0 327.0 256.0 268.0 285.0 311.0 292.0 279.0 242.0 152.0 117.0 200.0 211.0 212.0 213.0 238.0 244.0 176.0 123.0 167.0 150.0 201.0 186.0 164.0 165.0 116.0 97.0 176.0 203.0 214.0 202.0 152.0 184.0 151.0 122.0 103.0 81.0 74.0 86.0 93.0 78.0 91.0 84.0 84.0 76.0 62.0 82.0 58.0 41.0 38.0 49.0 49.0 53.0 47.0 47.0 36.0 29.0 34.0 28.0 20.0 13.0 12.0 9.0 6.0 7.0 6.0 5.0 4.0 2.0 2.0 1.0 1.0 1.0 1.0 0.0 0.0 0.0 0.0 0.0 0.0 0.0 0.0 0.0 0.0 0.0 0.0 0.0 0.0 0.0 0.0 0.0 0.0 0.0 0.0 0.0 0.0 0.0 0.0 0.0 0.0 0.0 0.0 0.0 0.0 0.0 0.0 0.0 0.0 0.0 0.0 0.0 0.0 0.0 0.0 0.0 0.0 0.0 98.72569444444444 124.28013385891559
6 0.0 0.0 0.0 0.0 0.0 0.0 0.0 0.0 0.0 0.0 0.0 0.0 0.0 0.0 0.0 0.0 0.0 0.0 0.0 0.0 0.0 0.0 0.0 0.0 0.0 0.0 0.0 0.0 0.0 0.0 0.0 0.0 0.0 0.0 0.0 0.0 0.0 0.0 0.0 0.0 0.0 0.0 0.0 0.0 0.0 0.0 0.0 0.0 0.0 0.0 0.0 0.0 0.0 0.0 0.0 0.0 0.0 0.0 0.0 0.0 0.0 0.0 0.0 0.0 0.0 0.0 0.0 0.0 0.0 1.0 1.0 2.0 3.0 4.0 6.0 10.0 12.0 14.0 16.0 17.0 22.0 23.0 23.0 22.0 24.0 29.0 36.0 38.0 42.0 46.0 50.0 52.0 58.0 57.0 74.0 91.0 96.0 78.0 86.0 79.0 77.0 76.0 90.0 116.0 101.0 110.0 184.0 247.0 150.0 130.0 153.0 168.0 150.0 233.0 191.0 146.0 201.0 193.0 145.0 111.0 97.0 142.0 142.0 201.0 324.0 380.0 320.0 351.0 359.0 327.0 343.0 432.0 369.0 265.0 285.0 279.0 409.0 384.0 383.0 435.0 478.0 372.0 601.0 463.0 438.0 452.0 353.0 411.0 363.0 279.0 262.0 215.0 142.0 157.0 234.0 362.0 287.0 218.0 181.0 170.0 213.0 344.0 378.0 380.0 424.0 453.0 514.0 491.0 342.0 346.0 549.0 457.0 427.0 397.0 320.0 240.0 362.0 266.0 233.0 318.0 332.0 272.0 298.0 245.0 181.0 151.0 193.0 211.0 242.0 221.0 220.0 202.0 181.0 172.0 156.0 119.0 124.0 167.0 136.0 86.0 57.0 47.0 68.0 111.0 121.0 108.0 98.0 83.0 82.0 98.0 91.0 76.0 80.0 76.0 67.0 63.0 40.0 32.0 45.0 55.0 51.0 44.0 41.0 34.0 34.0 39.0 35.0 32.0 31.0 26.0 24.0 19.0 16.0 15.0 14.0 14.0 12.0 11.0 8.0 6.0 3.0 2.0 1.0 1.0 0.0 0.0 0.0 0.0 0.0 0.0 0.0 0.0 0.0 0.0 0.0 0.0 0.0 0.0 0.0 0.0 0.0 0.0 0.0 0.0 0.0 0.0 0.0 0.0 0.0 0.0 0.0 0.0 0.0 0.0 0.0 0.0 0.0 0.0 0.0 0.0 0.0 0.0 0.0 0.0 0.0 0.0 0.0 0.0 104.59375 142.45707793885865
7 0.0 0.0 0.0 0.0 0.0 0.0 0.0 0.0 0.0 0.0 0.0 0.0 0.0 0.0 0.0 0.0 0.0 0.0 0.0 0.0 0.0 0.0 0.0 0.0 0.0 0.0 0.0 0.0 0.0 0.0 0.0 0.0 0.0 0.0 0.0 0.0 0.0 0.0 0.0 0.0 0.0 0.0 0.0 0.0 0.0 0.0 0.0 0.0 0.0 0.0 0.0 0.0 0.0 0.0 0.0 0.0 0.0 0.0 0.0 0.0 0.0 0.0 0.0 0.0 0.0 0.0 0.0 0.0 1.0 1.0 1.0 3.0 5.0 9.0 13.0 18.0 23.0 27.0 30.0 30.0 33.0 38.0 39.0 40.0 41.0 44.0 53.0 60.0 62.0 75.0 93.0 94.0 87.0 81.0 93.0 94.0 90.0 110.0 114.0 131.0 175.0 226.0 212.0 268.0 326.0 355.0 410.0 285.0 240.0 258.0 220.0 187.0 195.0 262.0 293.0 319.0 519.0 560.0 611.0 469.0 379.0 305.0 292.0 304.0 287.0 260.0 214.0 205.0 233.0 337.0 424.0 469.0 472.0 470.0 463.0 480.0 488.0 522.0 521.0 451.0 576.0 529.0 551.0 424.0 278.0 375.0 369.0 309.0 291.0 280.0 461.0 410.0 396.0 379.0 427.0 459.0 442.0 420.0 575.0 599.0 375.0 293.0 235.0 280.0 398.0 375.0 335.0 464.0 789.0 445.0 418.0 390.0 368.0 328.0 310.0 266.0 271.0 234.0 373.0 414.0 366.0 378.0 340.0 311.0 227.0 134.0 132.0 153.0 163.0 199.0 275.0 287.0 296.0 355.0 377.0 374.0 302.0 210.0 238.0 246.0 289.0 280.0 254.0 252.0 227.0 205.0 198.0 199.0 181.0 190.0 189.0 174.0 128.0 76.0 60.0 79.0 77.0 68.0 62.0 60.0 58.0 53.0 50.0 53.0 54.0 54.0 52.0 49.0 44.0 38.0 33.0 31.0 28.0 26.0 22.0 15.0 10.0 10.0 9.0 5.0 3.0 2.0 1.0 1.0 0.0 0.0 0.0 0.0 0.0 0.0 0.0 0.0 0.0 0.0 0.0 0.0 0.0 0.0 0.0 0.0 0.0 0.0 0.0 0.0 0.0 0.0 0.0 0.0 0.0 0.0 0.0 0.0 0.0 0.0 0.0 0.0 0.0 0.0 0.0 0.0 0.0 0.0 0.0 0.0 0.0 0.0 0.0 0.0 141.74305555555577 175.7869413013791
8 0.0 0.0 0.0 0.0 0.0 0.0 0.0 0.0 0.0 0.0 0.0 0.0 0.0 0.0 0.0 0.0 0.0 0.0 0.0 0.0 0.0 0.0 0.0 0.0 0.0 0.0 0.0 0.0 0.0 0.0 0.0 0.0 0.0 0.0 0.0 0.0 0.0 0.0 0.0 0.0 0.0 0.0 0.0 0.0 0.0 0.0 0.0 0.0 0.0 0.0 0.0 0.0 0.0 0.0 0.0 0.0 0.0 0.0 0.0 0.0 0.0 0.0 0.0 0.0 0.0 0.0 0.0 0.0 1.0 1.0 3.0 5.0 6.0 8.0 9.0 13.0 18.0 21.0 23.0 24.0 21.0 15.0 12.0 15.0 20.0 22.0 24.0 29.0 36.0 44.0 49.0 53.0 51.0 65.0 70.0 81.0 78.0 70.0 61.0 84.0 103.0 148.0 261.0 412.0 521.0 390.0 367.0 258.0 247.0 274.0 224.0 211.0 229.0 212.0 191.0 173.0 163.0 161.0 138.0 149.0 192.0 248.0 271.0 252.0 241.0 255.0 251.0 274.0 345.0 426.0 464.0 362.0 308.0 307.0 282.0 364.0 454.0 325.0 230.0 247.0 352.0 362.0 307.0 346.0 445.0 393.0 436.0 507.0 701.0 501.0 329.0 426.0 461.0 515.0 510.0 390.0 299.0 328.0 351.0 355.0 333.0 319.0 183.0 127.0 169.0 209.0 238.0 280.0 355.0 395.0 391.0 293.0 223.0 244.0 306.0 347.0 331.0 264.0 184.0 128.0 122.0 138.0 201.0 293.0 345.0 320.0 332.0 336.0 296.0 199.0 178.0 254.0 339.0 323.0 240.0 153.0 98.0 193.0 277.0 236.0 208.0 186.0 206.0 237.0 219.0 165.0 113.0 134.0 143.0 107.0 85.0 101.0 101.0 90.0 85.0 76.0 61.0 62.0 64.0 63.0 70.0 73.0 64.0 58.0 56.0 59.0 54.0 46.0 35.0 34.0 31.0 31.0 28.0 22.0 17.0 14.0 9.0 7.0 5.0 3.0 2.0 1.0 1.0 1.0 0.0 0.0 0.0 0.0 0.0 0.0 0.0 0.0 0.0 0.0 0.0 0.0 0.0 0.0 0.0 0.0 0.0 0.0 0.0 0.0 0.0 0.0 0.0 0.0 0.0 0.0 0.0 0.0 0.0 0.0 0.0 0.0 0.0 0.0 0.0 0.0 0.0 0.0 0.0 0.0 0.0 0.0 0.0 0.0 116.99652777777801 148.94882544398268
9 1.0 1.0 1.0 1.0 1.0 1.0 1.0 1.0 0.0 0.0 0.0 0.0 1.0 1.0 1.0 1.0 0.0 1.0 0.0 0.0 1.0 1.0 1.0 0.0 0.0 1.0 0.0 0.0 0.0 1.0 1.0 0.0 0.0 0.0 0.0 0.0 1.0 0.0 0.0 0.0 0.0 1.0 0.0 0.0 0.0 0.0 0.0 0.0 0.0 0.0 0.0 0.0 0.0 0.0 0.0 0.0 0.0 0.0 0.0 0.0 0.0 0.0 0.0 0.0 1.0 1.0 1.0 1.0 2.0 3.0 6.0 11.0 14.0 17.0 21.0 25.0 29.0 29.0 30.0 32.0 34.0 41.0 46.0 52.0 58.0 59.0 66.0 71.0 77.0 80.0 102.0 117.0 133.0 144.0 127.0 132.0 115.0 145.0 157.0 183.0 215.0 184.0 170.0 196.0 151.0 106.0 80.0 87.0 112.0 103.0 101.0 82.0 103.0 96.0 87.0 112.0 210.0 270.0 241.0 225.0 184.0 187.0 110.0 106.0 213.0 310.0 294.0 200.0 169.0 167.0 136.0 138.0 243.0 739.0 529.0 261.0 560.0 816.0 666.0 560.0 492.0 357.0 339.0 324.0 473.0 280.0 147.0 145.0 119.0 133.0 134.0 238.0 263.0 300.0 335.0 478.0 492.0 497.0 447.0 400.0 357.0 320.0 326.0 279.0 272.0 323.0 342.0 336.0 382.0 322.0 276.0 262.0 215.0 213.0 237.0 202.0 121.0 87.0 81.0 112.0 113.0 148.0 163.0 123.0 150.0 116.0 136.0 121.0 117.0 136.0 140.0 122.0 131.0 137.0 126.0 99.0 99.0 99.0 82.0 90.0 77.0 42.0 46.0 62.0 70.0 70.0 64.0 54.0 51.0 50.0 51.0 48.0 41.0 35.0 35.0 33.0 30.0 26.0 35.0 47.0 49.0 44.0 41.0 38.0 38.0 36.0 37.0 36.0 28.0 27.0 27.0 26.0 26.0 27.0 23.0 18.0 13.0 11.0 8.0 4.0 2.0 2.0 1.0 1.0 1.0 1.0 0.0 0.0 0.0 0.0 0.0 0.0 0.0 0.0 0.0 0.0 0.0 0.0 0.0 0.0 0.0 0.0 0.0 0.0 0.0 0.0 0.0 0.0 0.0 0.0 0.0 0.0 0.0 0.0 0.0 0.0 0.0 0.0 0.0 0.0 0.0 0.0 0.0 0.0 0.0 0.0 0.0 0.0 94.23611111111096 138.81680134639117
END
#################################################################
SECTION3 (Edges Information)
EndPoint0 EndPoint1 Weight
0 1 1.000000
1 2 1.000000
2 3 1.000000
3 4 1.000000
3 5 1.000000
4 5 1.000000
4 6 1.000000
5 6 1.000000
5 7 1.000000
6 7 1.000000
7 8 1.000000
7 9 1.000000
8 9 1.000000
END
#################################################################
SECTION4 (TrueSubGraph Information)
EndPoint0 EndPoint1 Weight
END
#################################################################
