#################################################################
#APDM Input Graph, this input graph includes 3 sections:
#section1 : general information
#section2 : nodes
#section3 : edges
#section4 : trueSubGraph (Optional)
#
#if nodes haven't information set weight to null
#################################################################
SECTION1 (General Information)
numNodes = 10
numEdges = 26
usedAlgorithm = NULL
dataSource = TransWeatherRealData
END
#################################################################
SECTION2 (Nodes Information)
NodeID press  mean  std 
0 978.73 978.78 978.8 978.82 978.84 978.86 978.82 978.87 978.9 978.98 979.06 979.11 979.16 979.23 979.32 979.39 979.41 979.5 979.57 979.66 979.74 979.81 979.91 979.95 979.91 979.92 979.96 979.93 980.01 980.0 980.06 980.08 980.08 980.11 980.15 980.12 980.06 980.05 980.06 980.12 980.16 980.21 980.2 980.18 980.18 980.2 980.21 980.21 980.26 980.24 980.19 980.12 980.11 980.12 980.17 980.17 980.19 980.2 980.22 980.18 980.1 980.06 980.0 980.02 979.96 979.95 979.99 980.0 980.02 980.03 980.07 980.11 980.16 980.1 980.06 980.05 980.05 980.05 980.05 980.07 980.1 980.07 980.14 980.17 980.24 980.28 980.33 980.37 980.39 980.38 980.38 980.39 980.4 980.44 980.44 980.42 980.44 980.53 980.59 980.62 980.62 980.62 980.63 980.6 980.57 980.58 980.61 980.67 980.73 980.81 980.85 980.89 980.92 980.92 980.93 980.96 981.01 981.01 981.0 981.01 981.02 981.04 981.08 981.04 981.01 981.08 981.06 981.03 980.97 980.98 981.07 981.1 981.08 981.1 981.05 981.03 980.99 981.05 981.09 981.12 981.09 981.03 980.99 980.91 980.97 980.87 980.8 981.01 981.12 981.15 981.22 981.31 981.34 981.4 981.36 981.3 981.26 981.29 981.28 981.27 981.25 981.15 981.12 981.21 981.16 981.16 981.14 981.09 981.09 981.09 981.16 981.13 981.13 981.23 981.44 981.48 981.42 981.45 981.42 981.49 981.53 981.63 981.64 981.65 981.65 981.73 981.74 981.71 981.69 981.65 981.67 981.8 981.88 981.78 981.76 981.76 981.71 981.64 981.59 981.52 981.53 981.52 981.49 981.5 981.39 981.36 981.22 981.22 981.22 981.28 981.33 981.33 981.25 981.27 981.27 981.36 981.34 981.41 981.32 981.36 981.43 981.46 981.46 981.35 981.25 981.31 981.39 981.36 981.38 981.33 981.36 981.28 981.3 981.26 981.18 981.18 981.16 981.17 981.21 981.25 981.27 981.26 981.27 981.17 981.13 981.08 981.04 981.01 980.98 980.95 980.96 980.92 980.93 980.86 980.89 980.92 980.91 980.92 980.91 980.83 980.85 980.97 981.0 981.04 980.96 981.03 980.99 981.0 981.0 981.0 981.07 981.1 981.11 981.16 981.19 981.15 981.15 981.23 981.25 981.21 981.26 981.25 981.34 981.45 981.49 981.49 981.52 981.56 980.7572569444444 0.6948600064207425
1 969.92 969.97 970.06 970.07 970.06 970.07 970.06 970.07 970.11 970.17 970.21 970.26 970.29 970.32 970.36 970.45 970.51 970.6 970.69 970.82 970.9 970.97 971.03 971.09 971.14 971.18 971.22 971.22 971.24 971.25 971.22 971.27 971.31 971.3 971.33 971.41 971.41 971.34 971.36 971.37 971.38 971.41 971.38 971.39 971.39 971.41 971.41 971.41 971.38 971.35 971.38 971.38 971.35 971.33 971.29 971.31 971.32 971.37 971.32 971.31 971.28 971.26 971.24 971.22 971.2 971.21 971.29 971.27 971.3 971.32 971.32 971.32 971.31 971.33 971.36 971.36 971.38 971.39 971.36 971.37 971.4 971.37 971.39 971.43 971.43 971.39 971.41 971.43 971.47 971.55 971.6 971.6 971.58 971.55 971.54 971.61 971.74 971.75 971.75 971.81 971.78 971.76 971.77 971.77 971.78 971.8 971.88 971.91 971.91 971.92 972.01 972.08 972.13 972.19 972.2 972.23 972.29 972.31 972.29 972.21 972.18 972.2 972.24 972.32 972.3 972.28 972.25 972.33 972.36 972.35 972.35 972.35 972.3 972.34 972.41 972.48 972.46 972.36 972.42 972.38 972.36 972.38 972.28 972.16 972.21 972.11 972.04 972.04 972.06 972.07 972.11 972.28 972.25 972.27 972.29 972.37 972.34 972.42 972.5 972.57 972.48 972.42 972.45 972.41 972.29 972.3 972.25 972.24 972.31 972.41 972.37 972.32 972.32 972.3 972.39 972.48 972.41 972.41 972.47 972.57 972.6 972.64 972.58 972.65 972.67 972.75 972.83 972.8 972.79 972.8 972.86 972.87 972.85 972.8 972.78 972.82 972.9 972.87 972.84 972.86 972.83 972.8 972.88 972.75 972.66 972.61 972.67 972.54 972.46 972.32 972.27 972.16 972.2 972.24 972.23 972.16 972.12 972.12 972.2 972.25 972.22 972.28 972.3 972.33 972.28 972.22 972.28 972.27 972.23 972.29 972.25 972.23 972.34 972.39 972.38 972.35 972.35 972.27 972.33 972.32 972.32 972.26 972.36 972.42 972.47 972.36 972.24 972.14 972.16 972.24 972.15 972.13 972.15 972.08 972.04 972.08 972.12 972.11 972.14 972.15 972.16 972.21 972.21 972.27 972.33 972.41 972.49 972.52 972.5 972.52 972.48 972.48 972.49 972.53 972.55 972.58 972.65 972.75 972.74 972.69 972.79 972.73 972.76 972.86 972.91 972.86 972.85 972.85 971.9430902777777 0.6851179344872101
2 991.93 991.98 992.01 992.09 992.07 992.03 992.0 992.01 992.04 992.06 992.15 992.23 992.29 992.39 992.46 992.58 992.7 992.79 992.86 992.95 993.0 993.04 993.08 993.08 993.12 993.16 993.18 993.16 993.19 993.21 993.21 993.23 993.29 993.31 993.36 993.4 993.44 993.47 993.5 993.56 993.64 993.68 993.69 993.72 993.73 993.69 993.74 993.72 993.72 993.79 993.74 993.62 993.6 993.62 993.69 993.74 993.76 993.81 993.79 993.81 993.8 993.76 993.72 993.66 993.61 993.58 993.6 993.68 993.7 993.65 993.58 993.59 993.63 993.67 993.71 993.76 993.79 993.77 993.73 993.75 993.81 993.84 993.84 993.81 993.83 993.87 993.86 993.88 993.89 993.93 993.97 993.99 993.95 993.92 993.93 993.94 993.94 994.01 994.02 994.0 994.04 994.02 994.03 994.08 994.12 994.14 994.21 994.24 994.21 994.2 994.22 994.28 994.34 994.41 994.49 994.51 994.58 994.61 994.64 994.65 994.71 994.66 994.62 994.58 994.59 994.56 994.55 994.51 994.55 994.58 994.63 994.63 994.6 994.61 994.71 994.77 994.77 994.76 994.77 994.73 994.72 994.73 994.69 994.64 994.58 994.54 994.61 994.54 994.51 994.5 994.5 994.55 994.56 994.61 994.66 994.57 994.6 994.62 994.72 994.77 994.82 994.75 994.62 994.68 994.61 994.5 994.52 994.57 994.67 994.72 994.73 994.63 994.64 994.52 994.51 994.45 994.54 994.63 994.79 994.78 994.81 994.81 994.8 994.86 994.93 994.93 994.94 995.07 995.15 995.17 995.2 995.23 995.2 995.23 995.14 995.19 995.33 995.28 995.32 995.36 995.25 995.25 995.19 995.11 995.04 994.99 995.03 995.04 995.01 995.0 994.82 994.67 994.61 994.63 994.65 994.67 994.65 994.65 994.72 994.77 994.83 994.7 994.79 994.85 994.83 994.76 994.76 994.75 994.69 994.67 994.65 994.68 994.78 994.85 994.83 994.8 994.76 994.75 994.76 994.77 994.67 994.64 994.7 994.79 994.79 994.81 994.66 994.53 994.49 994.5 994.49 994.46 994.46 994.45 994.47 994.54 994.61 994.68 994.72 994.69 994.78 994.85 994.88 994.93 995.03 995.04 995.06 995.08 995.07 995.09 995.18 995.21 995.17 995.13 995.12 995.11 995.11 995.11 995.12 995.25 995.33 995.45 995.48 995.49 995.49 995.46 995.42 995.34 994.2797916666667 0.7955818493995933
3 994.17 994.21 994.23 994.25 994.27 994.32 994.37 994.39 994.42 994.44 994.5 994.5 994.52 994.58 994.67 994.74 994.81 994.84 994.91 994.96 995.01 995.07 995.1 995.15 995.15 995.15 995.16 995.21 995.2 995.21 995.18 995.24 995.32 995.43 995.5 995.56 995.6 995.65 995.68 995.71 995.72 995.73 995.77 995.81 995.84 995.81 995.8 995.8 995.8 995.84 995.87 995.89 995.91 995.89 995.88 995.87 995.88 995.93 995.92 995.85 995.79 995.74 995.72 995.72 995.73 995.78 995.76 995.8 995.83 995.85 995.88 995.87 995.92 995.96 995.99 996.03 996.06 996.06 996.06 996.0 995.97 995.95 995.9 995.86 995.85 995.87 995.79 995.75 995.73 995.78 995.79 995.83 995.83 995.79 995.81 995.89 995.93 995.99 996.05 996.12 996.21 996.27 996.3 996.32 996.38 996.44 996.51 996.55 996.53 996.48 996.52 996.56 996.63 996.66 996.72 996.75 996.87 996.96 996.98 997.05 997.1 997.12 997.13 997.11 997.1 997.08 997.1 997.09 997.06 997.04 997.01 996.98 996.96 996.94 996.95 997.0 997.05 997.07 997.06 996.98 996.95 996.91 996.92 996.86 996.88 996.83 996.85 996.79 996.78 996.79 996.81 996.75 996.79 996.8 996.95 997.03 997.02 996.97 996.98 996.97 996.93 996.89 996.95 996.99 996.94 996.86 996.85 996.98 997.02 997.06 997.06 997.11 996.95 996.89 996.85 996.83 996.91 997.06 997.14 997.21 997.23 997.18 997.35 997.5 997.51 997.51 997.52 997.51 997.61 997.6 997.69 997.82 997.89 997.73 997.77 997.91 998.02 997.96 997.9 997.87 997.76 997.74 997.65 997.56 997.45 997.46 997.54 997.52 997.37 997.29 997.17 997.13 997.08 997.08 997.19 997.25 997.33 997.28 997.23 997.27 997.36 997.36 997.39 997.4 997.36 997.38 997.37 997.36 997.36 997.34 997.36 997.37 997.46 997.49 997.53 997.56 997.53 997.4 997.28 997.26 997.3 997.3 997.22 997.15 997.18 997.13 997.08 996.9 996.89 996.88 996.87 996.92 997.08 997.1 997.15 997.22 997.26 997.33 997.33 997.39 997.36 997.36 997.32 997.33 997.32 997.41 997.46 997.48 997.47 997.53 997.54 997.65 997.67 997.69 997.64 997.55 997.56 997.58 997.58 997.6 997.74 997.76 997.79 997.85 997.97 997.93 997.94 997.97 996.6042708333333 0.934281752627486
4 992.24 992.26 992.34 992.38 992.34 992.35 992.32 992.36 992.38 992.41 992.44 992.53 992.57 992.58 992.62 992.68 992.71 992.72 992.76 992.84 992.89 992.9 992.9 992.91 992.91 992.9 992.9 992.92 992.93 992.95 993.0 993.18 993.2 993.17 993.16 993.22 993.2 993.24 993.25 993.27 993.29 993.31 993.34 993.4 993.44 993.47 993.52 993.52 993.54 993.54 993.6 993.6 993.54 993.52 993.47 993.43 993.46 993.42 993.38 993.33 993.36 993.36 993.32 993.36 993.45 993.5 993.44 993.42 993.42 993.4 993.38 993.33 993.33 993.32 993.28 993.32 993.32 993.25 993.15 993.09 993.12 993.1 993.07 993.07 993.14 993.23 993.39 993.59 993.69 993.76 993.76 993.77 993.83 993.81 993.85 993.9 993.89 993.97 993.97 994.02 994.05 994.07 994.13 994.18 994.25 994.31 994.3 994.35 994.42 994.43 994.45 994.5 994.55 994.54 994.61 994.66 994.74 994.8 994.82 994.81 994.84 994.89 994.95 994.97 995.04 995.03 994.97 994.95 995.02 995.02 995.02 995.01 994.99 994.96 994.97 994.98 995.01 995.06 995.09 995.08 995.02 994.98 994.9 994.83 994.7 994.62 994.64 994.67 994.74 994.76 994.7 994.71 994.71 994.65 994.57 994.61 994.69 994.7 994.73 994.73 994.63 994.59 994.65 994.62 994.57 994.55 994.68 994.76 994.7 994.7 994.73 994.72 994.71 994.78 994.82 994.85 994.79 994.83 995.0 995.02 995.06 995.15 995.27 995.33 995.41 995.54 995.5 995.47 995.56 995.57 995.57 995.59 995.66 995.79 995.87 995.92 995.87 995.76 995.75 995.67 995.65 995.6 995.53 995.47 995.42 995.15 995.05 994.98 995.0 995.08 995.11 995.16 995.2 995.19 995.17 995.28 995.31 995.35 995.28 995.22 995.2 995.2 995.1 995.06 995.05 994.98 995.04 995.13 995.04 994.96 995.17 995.13 995.06 995.03 995.1 995.06 994.99 995.01 995.11 995.19 995.07 994.98 994.85 994.8 994.82 994.75 994.75 994.73 994.79 994.86 994.87 994.97 995.09 995.13 995.17 995.27 995.36 995.33 995.32 995.29 995.21 995.17 995.19 995.19 995.23 995.22 995.31 995.37 995.39 995.37 995.34 995.34 995.37 995.33 995.33 995.37 995.35 995.37 995.4 995.46 995.53 995.58 995.61 995.7 995.8 995.93 995.96 995.94 994.4011805555556 0.9749668065664124
5 -1.0 -1.0 -1.0 -1.0 -1.0 -1.0 -1.0 -1.0 -1.0 -1.0 -1.0 -1.0 -1.0 -1.0 -1.0 -1.0 -1.0 -1.0 -1.0 -1.0 -1.0 -1.0 -1.0 -1.0 -1.0 -1.0 -1.0 -1.0 -1.0 -1.0 -1.0 -1.0 -1.0 -1.0 -1.0 -1.0 -1.0 -1.0 -1.0 -1.0 -1.0 -1.0 -1.0 -1.0 -1.0 -1.0 -1.0 -1.0 -1.0 -1.0 -1.0 -1.0 -1.0 -1.0 -1.0 -1.0 -1.0 -1.0 -1.0 -1.0 -1.0 -1.0 -1.0 -1.0 -1.0 -1.0 -1.0 -1.0 -1.0 -1.0 -1.0 -1.0 -1.0 -1.0 -1.0 -1.0 -1.0 -1.0 -1.0 -1.0 -1.0 -1.0 -1.0 -1.0 -1.0 -1.0 -1.0 -1.0 -1.0 -1.0 -1.0 -1.0 -1.0 -1.0 -1.0 -1.0 -1.0 -1.0 -1.0 -1.0 -1.0 -1.0 -1.0 -1.0 -1.0 -1.0 -1.0 -1.0 -1.0 -1.0 -1.0 -1.0 -1.0 -1.0 -1.0 -1.0 -1.0 -1.0 -1.0 -1.0 -1.0 -1.0 -1.0 -1.0 -1.0 -1.0 -1.0 -1.0 -1.0 -1.0 -1.0 -1.0 -1.0 -1.0 -1.0 -1.0 -1.0 -1.0 -1.0 -1.0 -1.0 -1.0 -1.0 -1.0 -1.0 -1.0 -1.0 -1.0 -1.0 -1.0 -1.0 -1.0 -1.0 -1.0 -1.0 -1.0 -1.0 -1.0 -1.0 -1.0 -1.0 -1.0 -1.0 -1.0 -1.0 -1.0 -1.0 -1.0 -1.0 -1.0 -1.0 -1.0 -1.0 -1.0 -1.0 -1.0 -1.0 -1.0 -1.0 -1.0 -1.0 -1.0 -1.0 -1.0 -1.0 -1.0 -1.0 -1.0 -1.0 -1.0 -1.0 -1.0 -1.0 -1.0 -1.0 -1.0 -1.0 -1.0 -1.0 -1.0 -1.0 -1.0 -1.0 -1.0 -1.0 -1.0 -1.0 -1.0 -1.0 -1.0 -1.0 -1.0 -1.0 -1.0 -1.0 -1.0 -1.0 -1.0 -1.0 -1.0 -1.0 -1.0 -1.0 -1.0 -1.0 -1.0 -1.0 -1.0 -1.0 -1.0 -1.0 -1.0 -1.0 -1.0 -1.0 -1.0 -1.0 -1.0 -1.0 -1.0 -1.0 -1.0 -1.0 -1.0 -1.0 -1.0 -1.0 -1.0 -1.0 -1.0 -1.0 -1.0 -1.0 -1.0 -1.0 -1.0 -1.0 -1.0 -1.0 -1.0 -1.0 -1.0 -1.0 -1.0 -1.0 -1.0 -1.0 -1.0 -1.0 -1.0 -1.0 -1.0 -1.0 -1.0 -1.0 -1.0 -1.0 -1.0 -1.0 -1.0 -1.0 -1.0 -1.0 -1.0 -1.0 -1.0 -1.0 -1.0 -1.0 0.0
6 959.37 959.4 959.52 959.57 959.62 959.64 959.59 959.54 959.54 959.56 959.58 959.6 959.65 959.72 959.81 959.84 959.93 960.01 960.06 960.12 960.08 960.05 960.03 959.98 959.97 959.92 959.9 959.84 959.8 959.7 959.68 959.64 959.57 959.5 959.45 959.5 959.55 959.54 959.53 959.5 959.54 959.59 959.61 959.62 959.67 959.68 959.66 959.65 959.71 959.77 959.75 959.76 959.79 959.86 959.97 959.96 959.96 959.88 959.87 959.86 959.86 959.89 959.93 959.95 959.95 959.92 959.88 959.94 959.99 959.89 959.81 959.82 959.8 959.8 959.78 959.82 959.9 959.94 959.96 960.01 960.04 960.05 960.07 960.06 959.97 959.86 959.9 960.01 960.12 960.15 960.21 960.25 960.22 960.25 960.28 960.3 960.32 960.35 960.34 960.3 960.29 960.32 960.36 960.36 960.45 960.49 960.52 960.54 960.56 960.58 960.64 960.7 960.67 960.72 960.76 960.81 960.79 960.89 960.93 960.93 961.01 961.04 961.02 961.0 961.0 961.05 961.03 961.07 961.06 961.09 961.09 961.17 961.21 961.22 961.25 961.21 961.2 961.24 961.26 961.3 961.3 961.38 961.46 961.44 961.37 961.33 961.27 961.25 961.21 961.13 961.15 961.21 961.22 961.19 961.22 961.2 961.11 961.15 961.18 961.11 961.09 961.15 961.13 961.05 960.98 961.03 961.02 961.13 961.09 961.0 960.92 960.97 960.99 960.92 960.97 961.0 961.09 961.05 961.08 961.16 961.18 961.13 961.21 961.3 961.3 961.34 961.42 961.46 961.53 961.59 961.59 961.55 961.55 961.6 961.51 961.6 961.5 961.52 961.51 961.64 961.64 961.67 961.45 961.38 961.29 961.15 961.16 961.11 961.09 960.98 960.94 960.82 960.8 960.79 960.86 960.94 960.99 961.04 961.03 961.03 961.01 960.95 960.85 960.7 960.68 960.63 960.61 960.59 960.57 960.54 960.6 960.59 960.6 960.6 960.68 960.69 960.69 960.7 960.67 960.71 960.81 960.85 960.87 960.94 960.97 960.96 961.0 961.12 961.29 961.68 961.73 961.8 961.9 961.98 962.02 961.95 961.9 961.99 961.99 962.07 962.11 962.24 962.36 962.76 962.88 962.87 962.83 963.02 963.29 963.09 962.98 962.74 962.69 962.73 962.76 962.8 962.91 962.82 962.8 962.91 962.94 963.03 962.91 962.88 962.92 962.83 962.91 962.88 960.8282638888888 0.9297156508546351
7 985.05 985.02 985.05 985.09 985.08 985.17 985.2 985.23 985.29 985.31 985.32 985.33 985.38 985.39 985.44 985.48 985.52 985.59 985.67 985.72 985.71 985.76 985.79 985.79 985.79 985.76 985.7 985.67 985.63 985.54 985.46 985.39 985.32 985.21 985.2 985.17 985.14 985.11 985.06 985.0 985.01 985.02 985.05 985.09 985.12 985.11 985.13 985.21 985.24 985.29 985.36 985.38 985.41 985.51 985.62 985.67 985.72 985.67 985.66 985.64 985.65 985.7 985.75 985.86 985.91 985.94 985.98 985.99 986.04 986.08 986.11 986.11 986.09 986.09 986.1 986.07 986.06 986.09 986.08 986.13 986.22 986.27 986.3 986.23 986.23 986.2 986.18 986.21 986.27 986.23 986.26 986.22 986.19 986.18 986.19 986.18 986.13 986.15 986.29 986.34 986.39 986.47 986.49 986.54 986.6 986.64 986.68 986.82 986.85 986.86 986.86 986.88 986.91 986.97 987.01 987.01 987.07 987.11 987.13 987.18 987.24 987.24 987.23 987.25 987.31 987.33 987.33 987.33 987.33 987.33 987.34 987.37 987.41 987.4 987.4 987.39 987.35 987.34 987.34 987.32 987.41 987.5 987.58 987.6 987.54 987.53 987.59 987.6 987.52 987.5 987.39 987.38 987.36 987.34 987.39 987.34 987.4 987.36 987.41 987.37 987.27 987.3 987.36 987.38 987.33 987.32 987.34 987.25 987.19 987.1 987.14 987.17 987.2 987.15 987.13 987.19 987.06 987.08 987.07 987.12 987.14 987.12 987.1 987.15 987.15 987.06 987.14 987.22 987.2 987.2 987.33 987.36 987.28 987.27 987.35 987.23 987.22 987.28 987.36 987.36 987.34 987.4 987.33 987.3 987.25 987.15 987.11 987.16 987.16 987.13 987.05 986.99 987.05 986.99 986.95 986.9 986.71 986.72 986.6 986.45 986.53 986.54 986.59 986.66 986.65 986.65 986.68 986.55 986.51 986.45 986.38 986.38 986.31 986.3 986.33 986.31 986.46 986.52 986.53 986.49 986.51 986.52 986.6 986.73 986.81 986.8 986.8 986.88 986.9 986.94 987.04 987.26 987.44 987.53 987.7 987.78 987.79 987.72 987.71 987.68 987.55 987.69 987.79 987.76 987.94 987.92 988.08 988.3 988.52 988.51 988.3 988.62 988.57 989.24 990.3 989.73 989.23 989.07 989.31 989.21 989.18 989.25 989.31 989.41 989.44 989.46 989.35 989.24 986.7623263888889 1.0311502682332525
8 971.27 971.22 971.21 971.21 971.22 971.19 971.18 971.26 971.28 971.32 971.34 971.45 971.49 971.53 971.51 971.56 971.62 971.63 971.64 971.67 971.69 971.8 971.88 971.85 971.81 971.79 971.77 971.77 971.78 971.76 971.74 971.67 971.63 971.6 971.56 971.56 971.49 971.44 971.39 971.36 971.35 971.34 971.34 971.35 971.35 971.32 971.31 971.32 971.39 971.39 971.43 971.47 971.49 971.48 971.52 971.55 971.54 971.57 971.61 971.64 971.67 971.75 971.8 971.85 971.9 971.96 971.96 971.93 971.98 972.03 972.05 972.07 972.1 972.1 972.11 972.11 972.09 972.1 972.14 972.1 972.14 972.2 972.21 972.15 972.11 972.1 972.07 972.08 972.08 972.06 972.07 972.07 972.1 972.15 972.17 972.14 972.15 972.21 972.2 972.16 972.07 972.08 972.11 972.11 972.31 972.48 972.61 972.72 972.74 972.77 972.79 972.8 972.85 972.87 972.9 972.95 973.01 973.03 973.04 973.01 973.04 973.12 973.21 973.25 973.24 973.22 973.17 973.17 973.12 973.16 973.24 973.27 973.29 973.29 973.25 973.19 973.19 973.17 973.16 973.14 973.09 973.1 973.14 973.11 973.06 973.07 973.14 973.18 973.24 973.2 973.11 973.07 972.97 972.88 972.91 972.86 972.93 972.91 972.87 972.89 973.01 972.95 972.91 972.94 972.92 972.99 973.02 972.98 972.98 972.99 972.96 972.97 973.01 972.93 972.95 972.91 972.92 972.91 972.91 972.97 972.97 972.92 972.99 973.04 973.06 973.03 973.01 972.95 973.03 973.06 973.11 973.15 973.1 973.1 973.11 973.1 973.0 973.08 973.07 973.07 973.04 973.07 973.18 973.15 973.03 973.13 973.14 973.02 973.05 973.1 973.06 973.01 973.01 972.92 972.84 972.84 972.84 972.64 972.51 972.41 972.37 972.31 972.22 972.14 972.09 972.11 972.19 972.24 972.33 972.39 972.39 972.44 972.49 972.46 972.41 972.29 972.34 972.36 972.42 972.48 972.48 972.62 972.68 972.72 972.7 972.66 972.63 972.67 972.71 972.77 972.82 972.83 972.95 973.19 973.3 973.28 973.27 973.27 973.34 973.38 973.4 973.37 973.33 973.29 973.33 973.34 973.28 973.28 973.51 973.59 973.57 973.56 973.62 973.82 974.04 974.5 974.9 975.34 975.51 975.46 975.22 974.98 975.16 975.24 975.26 975.2 975.22 975.22 972.6164583333333 0.8661734251516979
9 974.76 974.81 974.8 974.85 974.89 974.87 974.9 974.93 975.02 975.07 975.11 975.12 975.16 975.24 975.25 975.31 975.41 975.41 975.38 975.41 975.5 975.5 975.57 975.64 975.66 975.66 975.57 975.58 975.56 975.58 975.53 975.47 975.46 975.43 975.42 975.46 975.5 975.54 975.56 975.65 975.7 975.69 975.72 975.77 975.76 975.73 975.78 975.82 975.88 975.89 975.91 975.91 975.91 975.93 975.92 975.95 975.9 975.82 975.77 975.83 975.84 975.85 975.87 975.89 975.83 975.78 975.75 975.73 975.74 975.81 975.91 975.93 975.99 975.86 975.87 975.92 975.88 975.78 975.71 975.7 975.67 975.66 975.63 975.63 975.64 975.68 975.73 975.73 975.72 975.66 975.62 975.63 975.65 975.59 975.48 975.41 975.41 975.41 975.43 975.46 975.51 975.51 975.56 975.6 975.59 975.62 975.72 975.72 975.74 975.79 975.85 975.9 976.01 976.07 976.16 976.24 976.31 976.31 976.33 976.38 976.46 976.51 976.55 976.59 976.64 976.66 976.67 976.67 976.61 976.63 976.66 976.67 976.7 976.67 976.67 976.72 976.79 976.82 976.77 976.73 976.69 976.71 976.73 976.69 976.7 976.66 976.64 976.69 976.75 976.8 976.78 976.76 976.8 976.78 976.63 976.59 976.57 976.53 976.53 976.5 976.61 976.65 976.67 976.59 976.63 976.63 976.57 976.6 976.66 976.64 976.58 976.56 976.62 976.65 976.58 976.53 976.5 976.56 976.51 976.52 976.51 976.62 976.65 976.65 976.69 976.67 976.72 976.64 976.55 976.56 976.62 976.61 976.63 976.64 976.64 976.65 976.7 976.71 976.7 976.71 976.78 976.69 976.65 976.71 976.75 976.75 976.75 976.74 976.72 976.69 976.65 976.57 976.48 976.48 976.47 976.3 976.2 976.22 976.2 976.13 976.11 976.11 976.12 976.04 976.04 976.07 976.05 975.92 975.79 975.66 975.6 975.65 975.61 975.6 975.61 975.62 975.6 975.61 975.61 975.61 975.67 975.69 975.74 975.68 975.7 975.75 975.84 975.8 975.7 975.71 975.85 976.05 976.23 976.33 976.38 976.44 976.51 976.57 976.59 976.52 976.58 976.42 976.09 976.19 976.19 976.08 976.14 976.35 976.48 976.6 976.75 976.92 977.09 977.16 977.34 977.57 977.96 978.04 978.16 978.21 978.38 978.4 978.55 978.58 978.68 978.74 978.88 979.07 976.1885069444445 0.7169997934339748
END
#################################################################
SECTION3 (Edges Information)
EndPoint0 EndPoint1 Weight
0 1 1.000000
1 2 1.000000
2 3 1.000000
3 4 1.000000
3 5 1.000000
4 5 1.000000
4 6 1.000000
5 6 1.000000
5 7 1.000000
6 7 1.000000
7 8 1.000000
7 9 1.000000
8 9 1.000000
0 1 1.000000
1 2 1.000000
2 3 1.000000
3 4 1.000000
3 5 1.000000
4 5 1.000000
4 6 1.000000
5 6 1.000000
5 7 1.000000
6 7 1.000000
7 8 1.000000
7 9 1.000000
8 9 1.000000
END
#################################################################
SECTION4 (TrueSubGraph Information)
EndPoint0 EndPoint1 Weight
END
#################################################################
