#################################################################
#APDM Input Graph, this input graph includes 3 sections:
#section1 : general information
#section2 : nodes
#section3 : edges
#section4 : trueSubGraph (Optional)
#
#if nodes haven't information set weight to null
#################################################################
SECTION1 (General Information)
numNodes = 10
numEdges = 26
usedAlgorithm = NULL
dataSource = TransWeatherRealData
END
#################################################################
SECTION2 (Nodes Information)
NodeID press  mean  std 
0 989.54 989.55 989.5 989.45 989.41 989.42 989.41 989.34 989.29 989.27 989.32 989.34 989.31 989.31 989.3 989.28 989.27 989.26 989.24 989.28 989.37 989.39 989.38 989.44 989.53 989.53 989.51 989.56 989.63 989.63 989.61 989.57 989.53 989.54 989.56 989.57 989.52 989.54 989.55 989.55 989.52 989.51 989.56 989.61 989.58 989.57 989.56 989.56 989.59 989.51 989.43 989.42 989.44 989.38 989.28 989.3 989.2 989.07 989.0 988.96 988.99 988.92 988.89 988.9 988.84 988.7 988.52 988.41 988.37 988.44 988.39 988.35 988.36 988.35 988.29 988.35 988.36 988.32 988.3 988.25 988.25 988.39 988.54 988.54 988.55 988.63 988.68 988.66 988.73 988.68 988.74 988.75 988.67 988.58 988.57 988.6 988.6 988.54 988.53 988.58 988.65 988.69 988.68 988.72 988.66 988.53 988.51 988.48 988.64 988.71 988.72 988.8 988.8 988.83 988.86 988.95 988.92 988.92 989.03 989.03 989.11 989.04 988.89 988.9 988.88 988.86 988.85 988.94 988.91 988.81 988.7 988.79 988.84 988.93 988.92 988.95 988.9 988.85 988.81 988.81 988.77 988.78 988.84 988.9 988.86 988.83 988.76 988.68 988.49 988.19 988.2 988.34 988.17 988.26 988.36 988.5 988.59 988.63 988.7 988.5 988.47 988.42 988.43 988.43 988.5 988.55 988.52 988.33 988.15 988.25 988.26 988.32 988.24 988.07 988.04 988.12 988.05 987.94 987.9 987.99 988.02 988.01 988.03 987.9 987.92 987.93 987.88 987.77 987.76 987.8 987.68 987.53 987.37 987.28 987.33 987.5 987.37 987.23 987.18 987.18 987.08 986.89 986.77 986.74 986.77 986.7 986.72 986.72 986.76 986.68 986.62 986.68 986.57 986.45 986.32 986.26 986.15 986.14 986.05 986.0 985.87 985.82 985.67 985.59 985.53 985.59 985.61 985.59 985.6 985.47 985.46 985.34 985.31 985.32 985.21 985.19 985.15 985.07 984.98 984.84 984.74 984.65 984.56 984.56 984.58 984.66 984.78 984.81 984.74 984.6 984.52 984.45 984.36 984.22 984.18 984.09 983.94 983.87 983.92 983.88 983.86 983.93 984.0 983.95 983.95 983.83 983.78 983.72 983.62 983.51 983.5 983.44 983.39 983.4 983.43 983.32 983.24 983.21 983.17 983.16 983.17 983.16 983.11 982.98 982.82 982.69 982.63 982.66 987.5402777777778 2.010505490356049
1 981.02 980.93 980.92 980.9 980.87 980.83 980.81 980.78 980.77 980.78 980.8 980.73 980.64 980.69 980.75 980.81 980.8 980.77 980.86 980.84 980.84 980.89 980.91 980.95 981.01 981.07 981.1 981.14 981.19 981.19 981.19 981.24 981.25 981.23 981.21 981.22 981.17 981.12 981.12 981.14 981.16 981.11 981.15 981.12 981.16 981.19 981.25 981.29 981.29 981.24 981.19 981.16 981.21 981.19 981.17 981.17 981.16 981.01 980.97 980.83 980.72 980.63 980.57 980.46 980.47 980.36 980.2 980.18 980.13 980.01 979.96 979.91 979.73 979.66 979.67 979.64 979.56 979.57 979.7 979.76 979.78 979.74 979.61 979.65 979.8 980.03 980.16 980.03 980.02 980.07 980.11 980.15 980.18 980.22 980.24 980.24 980.2 980.08 980.06 980.21 980.18 980.16 980.19 980.2 980.12 980.1 980.16 980.18 980.18 980.3 980.28 980.28 980.28 980.32 980.28 980.39 980.46 980.46 980.49 980.64 980.63 980.63 980.48 980.54 980.55 980.63 980.54 980.44 980.5 980.53 980.62 980.62 980.58 980.51 980.55 980.51 980.51 980.47 980.53 980.51 980.54 980.59 980.7 980.77 980.77 980.72 980.72 980.58 980.58 980.54 980.39 980.33 980.28 980.22 980.12 980.24 980.22 980.12 980.17 980.33 980.3 980.31 980.3 980.09 980.03 979.96 980.05 980.14 980.12 980.0 980.07 980.08 980.12 980.15 980.18 980.1 979.99 979.89 979.7 979.56 979.64 979.63 979.58 979.64 979.7 979.68 979.67 979.56 979.41 979.32 979.35 979.25 979.11 979.21 979.18 979.07 979.03 978.96 979.01 979.1 979.0 978.91 978.86 978.78 978.65 978.46 978.36 978.31 978.2 978.12 977.99 977.88 977.93 978.0 977.97 977.98 977.97 977.98 977.99 978.05 977.91 977.85 977.8 977.71 977.69 977.6 977.44 977.28 977.15 977.07 976.95 976.89 976.9 976.91 976.9 976.91 976.92 976.84 976.72 976.52 976.44 976.4 976.39 976.36 976.25 976.21 976.25 976.16 976.05 975.94 975.94 976.04 976.03 976.06 975.98 975.88 975.74 975.68 975.62 975.6 975.6 975.49 975.53 975.56 975.43 975.4 975.41 975.44 975.38 975.43 975.46 975.4 975.39 975.34 975.3 975.23 975.18 975.17 975.14 975.06 975.06 975.06 975.05 975.06 975.17 975.18 975.09 975.04 979.2190625 1.9355416341900127
2 1004.14 1004.11 1004.07 1004.04 1003.93 1003.89 1003.86 1003.88 1003.85 1003.83 1003.79 1003.83 1003.89 1003.96 1004.03 1004.03 1004.1 1004.11 1004.16 1004.22 1004.16 1004.04 1003.98 1003.99 1004.09 1004.21 1004.27 1004.29 1004.32 1004.36 1004.4 1004.42 1004.49 1004.45 1004.42 1004.39 1004.32 1004.22 1004.2 1004.2 1004.21 1004.19 1004.2 1004.18 1004.19 1004.18 1004.18 1004.25 1004.31 1004.34 1004.31 1004.31 1004.32 1004.33 1004.35 1004.4 1004.35 1004.29 1004.15 1004.03 1003.9 1003.85 1003.83 1003.76 1003.72 1003.66 1003.56 1003.43 1003.3 1003.16 1003.0 1002.99 1003.02 1002.92 1003.01 1003.05 1003.02 1002.99 1002.96 1003.14 1003.27 1003.21 1003.25 1003.27 1003.34 1003.54 1003.61 1003.71 1003.75 1003.75 1003.74 1003.67 1003.69 1003.68 1003.8 1003.89 1003.92 1003.85 1003.76 1003.74 1003.7 1003.68 1003.65 1003.72 1003.79 1003.77 1003.73 1003.76 1003.86 1003.8 1003.81 1003.95 1003.98 1004.04 1004.1 1004.12 1004.07 1004.17 1004.28 1004.28 1004.34 1004.42 1004.44 1004.3 1004.32 1004.31 1004.33 1004.21 1004.11 1004.01 1003.97 1004.03 1004.13 1004.16 1004.16 1004.14 1004.14 1004.12 1004.06 1004.15 1004.27 1004.26 1004.3 1004.28 1004.27 1004.27 1004.24 1004.2 1004.24 1004.15 1004.09 1004.02 1003.96 1003.87 1003.84 1003.69 1003.7 1003.89 1003.92 1003.83 1003.87 1003.87 1003.8 1003.8 1003.66 1003.51 1003.52 1003.57 1003.52 1003.43 1003.31 1003.41 1003.43 1003.47 1003.5 1003.56 1003.51 1003.38 1003.26 1003.08 1002.92 1002.84 1002.87 1002.97 1002.9 1002.83 1002.83 1002.69 1002.57 1002.58 1002.52 1002.42 1002.32 1002.28 1002.19 1002.15 1002.18 1002.17 1002.13 1002.17 1002.12 1002.03 1002.01 1001.87 1001.84 1001.73 1001.7 1001.56 1001.47 1001.42 1001.4 1001.3 1001.13 1001.05 1001.14 1001.18 1001.07 1001.14 1001.12 1001.17 1001.22 1001.14 1000.94 1000.86 1000.82 1000.79 1000.63 1000.47 1000.3 1000.19 1000.06 999.99 999.84 999.7 999.78 999.79 999.83 999.76 999.52 999.44 999.36 999.13 998.94 998.9 998.92 998.91 998.87 998.79 998.69 998.69 998.68 998.59 998.54 998.49 998.47 998.46 998.32 998.22 998.17 998.13 998.06 997.95 997.89 997.86 997.82 997.7 997.67 997.68 997.69 997.61 997.63 997.71 997.79 997.71 997.56 997.5 997.4 997.48 997.57 997.59 997.57 997.52 997.5 997.48 997.39 997.27 997.3 997.32 1002.4101388888889 2.267708166646384
3 1006.76 1006.77 1006.69 1006.59 1006.58 1006.55 1006.51 1006.53 1006.57 1006.53 1006.5 1006.53 1006.56 1006.58 1006.58 1006.61 1006.7 1006.71 1006.74 1006.73 1006.76 1006.78 1006.75 1006.74 1006.77 1006.8 1006.77 1006.84 1006.89 1006.93 1006.97 1007.07 1007.06 1006.98 1006.91 1006.87 1006.74 1006.66 1006.65 1006.64 1006.67 1006.6 1006.62 1006.75 1006.81 1006.78 1006.78 1006.85 1006.92 1006.89 1006.84 1006.91 1006.89 1006.93 1006.87 1006.78 1006.78 1006.75 1006.71 1006.66 1006.55 1006.39 1006.29 1006.15 1006.09 1006.02 1005.93 1005.87 1005.82 1005.76 1005.66 1005.68 1005.62 1005.52 1005.51 1005.53 1005.47 1005.5 1005.61 1005.76 1005.82 1005.79 1005.78 1005.78 1005.89 1006.11 1006.15 1006.27 1006.41 1006.39 1006.37 1006.3 1006.31 1006.36 1006.41 1006.48 1006.56 1006.58 1006.47 1006.35 1006.39 1006.4 1006.4 1006.42 1006.41 1006.29 1006.26 1006.39 1006.43 1006.45 1006.51 1006.55 1006.54 1006.64 1006.76 1006.8 1006.81 1006.8 1006.94 1006.98 1007.05 1007.2 1007.23 1007.16 1007.05 1006.91 1006.86 1006.86 1006.88 1006.83 1006.76 1006.7 1006.71 1006.77 1006.75 1006.71 1006.68 1006.59 1006.53 1006.61 1006.63 1006.59 1006.55 1006.65 1006.68 1006.77 1006.78 1006.74 1006.68 1006.64 1006.54 1006.48 1006.34 1006.15 1006.09 1006.06 1006.23 1006.36 1006.39 1006.43 1006.41 1006.33 1006.27 1006.23 1006.12 1006.1 1006.07 1005.95 1005.92 1005.87 1005.87 1005.94 1006.02 1005.97 1005.96 1005.96 1005.99 1005.96 1005.81 1005.62 1005.53 1005.48 1005.48 1005.48 1005.48 1005.46 1005.4 1005.27 1005.11 1005.04 1005.08 1005.09 1005.05 1004.93 1004.89 1004.89 1004.75 1004.78 1004.78 1004.72 1004.7 1004.59 1004.56 1004.49 1004.47 1004.39 1004.3 1004.18 1004.11 1004.01 1003.95 1003.9 1003.92 1003.81 1003.84 1003.96 1004.01 1003.91 1003.82 1003.77 1003.74 1003.65 1003.57 1003.41 1003.37 1003.33 1003.3 1003.18 1003.06 1002.95 1002.81 1002.78 1002.74 1002.58 1002.52 1002.55 1002.59 1002.56 1002.44 1002.24 1002.13 1001.92 1001.84 1001.76 1001.77 1001.77 1001.73 1001.65 1001.5 1001.44 1001.47 1001.46 1001.4 1001.23 1001.07 1001.02 1000.92 1000.88 1000.83 1000.78 1000.72 1000.67 1000.64 1000.56 1000.55 1000.48 1000.34 1000.23 1000.21 1000.14 1000.12 1000.22 1000.29 1000.25 1000.09 999.93 999.87 999.87 999.89 999.96 1000.01 999.96 999.87 999.81 999.84 999.8 999.72 999.7 1005.0042361111111 2.2438588525861123
4 1004.92 1004.88 1004.92 1004.88 1004.87 1004.85 1004.86 1004.82 1004.76 1004.7 1004.73 1004.74 1004.77 1004.76 1004.74 1004.72 1004.75 1004.74 1004.76 1004.78 1004.76 1004.71 1004.73 1004.7 1004.7 1004.71 1004.66 1004.71 1004.75 1004.78 1004.81 1004.9 1004.87 1004.84 1004.83 1004.85 1004.81 1004.81 1004.8 1004.83 1004.87 1004.81 1004.74 1004.79 1004.83 1004.79 1004.85 1004.99 1005.13 1005.2 1005.17 1005.23 1005.16 1005.09 1005.08 1005.07 1005.01 1004.84 1004.78 1004.74 1004.58 1004.46 1004.38 1004.37 1004.34 1004.24 1004.19 1004.16 1004.14 1004.11 1004.04 1004.12 1004.05 1003.91 1003.84 1003.9 1003.91 1003.92 1004.03 1004.07 1003.98 1003.93 1004.03 1004.05 1004.12 1004.22 1004.29 1004.41 1004.53 1004.56 1004.59 1004.54 1004.59 1004.63 1004.72 1004.79 1004.76 1004.67 1004.61 1004.63 1004.61 1004.63 1004.69 1004.71 1004.74 1004.84 1004.87 1004.94 1004.91 1004.87 1004.81 1004.84 1004.87 1004.87 1004.96 1005.05 1005.04 1005.12 1005.08 1005.12 1005.13 1005.13 1005.25 1005.11 1005.04 1004.96 1005.03 1005.06 1005.0 1004.96 1005.04 1005.02 1004.93 1004.8 1004.85 1004.94 1004.96 1005.01 1005.08 1004.99 1004.91 1004.98 1005.01 1005.0 1005.09 1005.13 1005.15 1005.08 1004.96 1004.82 1004.72 1004.59 1004.5 1004.42 1004.44 1004.54 1004.69 1004.84 1004.82 1004.74 1004.7 1004.59 1004.58 1004.57 1004.45 1004.42 1004.33 1004.18 1004.02 1004.06 1004.11 1004.16 1004.09 1004.07 1004.07 1004.07 1004.08 1004.06 1004.03 1003.85 1003.68 1003.72 1003.7 1003.63 1003.54 1003.51 1003.53 1003.45 1003.38 1003.41 1003.45 1003.39 1003.34 1003.19 1003.15 1003.1 1003.05 1003.11 1003.08 1002.97 1002.9 1002.82 1002.69 1002.59 1002.61 1002.58 1002.47 1002.37 1002.28 1002.21 1002.12 1002.11 1002.22 1002.15 1002.16 1002.18 1002.16 1002.09 1001.99 1001.94 1001.93 1001.87 1001.81 1001.67 1001.53 1001.45 1001.33 1001.31 1001.27 1001.13 1001.02 1000.97 1000.91 1000.88 1000.79 1000.74 1000.67 1000.66 1000.64 1000.64 1000.57 1000.34 1000.16 1000.16 1000.14 1000.1 1000.07 1000.04 999.93 999.79 999.72 999.67 999.58 999.46 999.41 999.37 999.34 999.27 999.22 999.2 999.15 999.07 998.99 998.94 998.95 998.8 998.74 998.66 998.63 998.53 998.53 998.54 998.56 998.54 998.45 998.28 998.22 998.23 998.17 998.15 998.11 998.18 998.15 998.1 998.09 998.05 997.97 997.94 1003.2304513888889 2.199565558402923
5 -1.0 -1.0 -1.0 -1.0 -1.0 -1.0 -1.0 -1.0 -1.0 -1.0 -1.0 -1.0 -1.0 -1.0 -1.0 -1.0 -1.0 -1.0 -1.0 -1.0 -1.0 -1.0 -1.0 -1.0 -1.0 -1.0 -1.0 -1.0 -1.0 -1.0 -1.0 -1.0 -1.0 -1.0 -1.0 -1.0 -1.0 -1.0 -1.0 -1.0 -1.0 -1.0 -1.0 -1.0 -1.0 -1.0 -1.0 -1.0 -1.0 -1.0 -1.0 -1.0 -1.0 -1.0 -1.0 -1.0 -1.0 -1.0 -1.0 -1.0 -1.0 -1.0 -1.0 -1.0 -1.0 -1.0 -1.0 -1.0 -1.0 -1.0 -1.0 -1.0 -1.0 -1.0 -1.0 -1.0 -1.0 -1.0 -1.0 -1.0 -1.0 -1.0 -1.0 -1.0 -1.0 -1.0 -1.0 -1.0 -1.0 -1.0 -1.0 -1.0 -1.0 -1.0 -1.0 -1.0 -1.0 -1.0 -1.0 -1.0 -1.0 -1.0 -1.0 -1.0 -1.0 -1.0 -1.0 -1.0 -1.0 -1.0 -1.0 -1.0 -1.0 -1.0 -1.0 -1.0 -1.0 -1.0 -1.0 -1.0 -1.0 -1.0 -1.0 -1.0 -1.0 -1.0 -1.0 -1.0 -1.0 -1.0 -1.0 -1.0 -1.0 -1.0 -1.0 -1.0 -1.0 -1.0 -1.0 -1.0 -1.0 -1.0 -1.0 -1.0 -1.0 -1.0 -1.0 -1.0 -1.0 -1.0 -1.0 -1.0 -1.0 -1.0 -1.0 -1.0 -1.0 -1.0 -1.0 -1.0 -1.0 -1.0 -1.0 -1.0 -1.0 -1.0 -1.0 -1.0 -1.0 -1.0 -1.0 -1.0 -1.0 -1.0 -1.0 -1.0 -1.0 -1.0 -1.0 -1.0 -1.0 -1.0 -1.0 -1.0 -1.0 -1.0 -1.0 -1.0 -1.0 -1.0 -1.0 -1.0 -1.0 -1.0 -1.0 -1.0 -1.0 -1.0 -1.0 -1.0 -1.0 -1.0 -1.0 -1.0 -1.0 -1.0 -1.0 -1.0 -1.0 -1.0 -1.0 -1.0 -1.0 -1.0 -1.0 -1.0 -1.0 -1.0 -1.0 -1.0 -1.0 -1.0 -1.0 -1.0 -1.0 -1.0 -1.0 -1.0 -1.0 -1.0 -1.0 -1.0 -1.0 -1.0 -1.0 -1.0 -1.0 -1.0 -1.0 -1.0 -1.0 -1.0 -1.0 -1.0 -1.0 -1.0 -1.0 -1.0 -1.0 -1.0 -1.0 -1.0 -1.0 -1.0 -1.0 -1.0 -1.0 -1.0 -1.0 -1.0 -1.0 -1.0 -1.0 -1.0 -1.0 -1.0 -1.0 -1.0 -1.0 -1.0 -1.0 -1.0 -1.0 -1.0 -1.0 -1.0 -1.0 -1.0 -1.0 -1.0 -1.0 -1.0 -1.0 -1.0 -1.0 -1.0 -1.0 -1.0 -1.0 0.0
6 971.38 971.46 971.47 971.42 971.38 971.35 971.3 971.26 971.27 971.27 971.27 971.27 971.31 971.34 971.31 971.28 971.27 971.25 971.21 971.21 971.18 971.14 971.15 971.1 971.13 971.1 971.07 971.03 971.06 971.09 971.09 971.02 971.03 971.06 971.04 970.99 970.9 970.87 970.81 970.89 970.89 970.86 970.92 970.95 970.97 970.9 970.87 970.94 970.96 971.02 971.06 971.1 971.15 971.13 971.06 971.07 971.14 971.18 971.13 971.14 971.13 971.06 970.88 970.78 970.77 970.69 970.64 970.63 970.59 970.51 970.53 970.53 970.49 970.39 970.33 970.33 970.32 970.31 970.33 970.39 970.33 970.27 970.29 970.28 970.37 970.45 970.42 970.44 970.47 970.5 970.61 970.73 970.73 970.73 970.67 970.64 970.65 970.68 970.82 970.84 970.85 970.87 970.87 970.85 971.0 970.99 970.94 970.93 971.03 971.03 970.98 971.01 971.04 971.04 971.1 971.18 971.34 971.35 971.35 971.25 971.18 971.18 971.22 971.2 971.2 971.32 971.43 971.44 971.32 971.21 971.13 971.12 971.22 971.21 971.22 971.19 971.27 971.35 971.27 971.16 971.12 971.13 971.13 971.21 971.12 971.02 971.06 971.05 970.92 970.91 970.89 970.92 970.93 970.83 970.85 970.86 970.83 970.82 970.75 970.86 970.86 971.02 971.04 971.05 970.94 970.9 970.94 971.04 970.95 970.82 970.57 970.33 970.29 970.29 970.25 970.21 970.26 970.34 970.35 970.3 970.33 970.38 970.47 970.45 970.38 970.45 970.45 970.31 970.19 970.17 970.06 970.07 970.05 970.02 970.0 970.0 969.95 969.9 969.99 969.89 969.83 969.73 969.7 969.58 969.7 969.82 969.69 969.56 969.49 969.4 969.3 969.3 969.18 969.0 968.81 968.68 968.73 968.8 968.82 968.84 968.88 968.83 968.87 968.92 968.94 968.91 968.85 968.78 968.71 968.63 968.58 968.49 968.35 968.27 968.16 968.05 967.97 967.99 967.98 967.98 967.87 967.78 967.76 967.85 967.85 967.81 967.78 967.72 967.58 967.51 967.43 967.3 967.18 967.05 966.95 966.87 966.79 966.79 966.79 966.79 966.69 966.64 966.65 966.57 966.52 966.42 966.36 966.33 966.19 966.19 966.23 966.17 966.1 965.99 966.09 966.05 966.02 965.97 965.94 965.86 965.79 965.75 965.83 965.76 965.68 965.61 965.66 965.55 969.8801736111111 1.6738866405565245
7 997.78 997.78 997.78 997.74 997.69 997.65 997.61 997.57 997.56 997.54 997.53 997.56 997.59 997.65 997.69 997.71 997.78 997.81 997.82 997.89 997.93 997.96 997.95 997.91 997.92 997.93 997.89 997.91 997.89 997.85 997.81 997.78 997.75 997.75 997.71 997.65 997.6 997.66 997.67 997.7 997.64 997.69 997.69 997.65 997.62 997.62 997.68 997.75 997.72 997.76 997.78 997.75 997.76 997.75 997.76 997.73 997.69 997.75 997.75 997.75 997.73 997.78 997.76 997.71 997.69 997.63 997.56 997.5 997.46 997.44 997.45 997.44 997.34 997.25 997.16 997.14 997.13 997.11 997.06 997.08 997.06 997.06 997.01 997.04 997.13 997.14 997.26 997.36 997.4 997.51 997.42 997.36 997.34 997.3 997.36 997.49 997.61 997.78 997.65 997.55 997.58 997.62 997.68 997.81 997.97 997.98 997.86 997.88 998.04 998.16 998.18 998.08 998.11 998.2 998.21 998.26 998.24 998.23 998.27 998.38 998.46 998.5 998.38 998.32 998.34 998.32 998.35 998.38 998.4 998.49 998.47 998.43 998.45 998.33 998.29 998.27 998.3 998.3 998.18 998.05 998.11 998.12 998.05 997.99 997.96 997.99 998.0 997.95 997.84 997.71 997.78 997.76 997.7 997.72 997.83 997.93 997.98 997.89 997.86 997.84 997.8 997.64 997.48 997.49 997.68 997.8 997.82 997.89 997.91 997.65 997.55 997.51 997.6 997.42 997.28 997.07 996.95 996.9 996.95 996.9 996.83 996.88 996.91 996.87 996.85 996.77 996.8 996.78 996.79 996.74 996.79 996.83 996.77 996.65 996.64 996.6 996.43 996.29 996.22 996.23 996.22 996.13 995.94 995.96 996.06 996.13 995.99 995.86 995.78 995.71 995.65 995.55 995.47 995.48 995.33 995.29 995.25 995.06 994.78 994.7 994.68 994.69 994.68 994.64 994.71 994.76 994.76 994.74 994.7 994.71 994.69 994.61 994.52 994.47 994.48 994.4 994.34 994.31 994.27 994.21 994.13 994.06 993.95 993.92 993.78 993.76 993.69 993.62 993.61 993.63 993.62 993.6 993.55 993.47 993.38 993.28 993.21 993.13 992.99 992.85 992.73 992.65 992.57 992.49 992.52 992.53 992.47 992.35 992.32 992.32 992.24 992.12 992.02 992.0 992.04 992.04 992.03 991.99 992.05 992.17 992.27 992.2 992.21 992.15 992.1 992.08 992.04 991.99 996.4786111111111 1.9432847335260859
8 983.32 983.32 983.31 983.25 983.22 983.19 983.2 983.16 983.12 983.06 983.09 983.09 983.1 983.2 983.27 983.3 983.37 983.43 983.47 983.53 983.55 983.55 983.56 983.61 983.62 983.63 983.63 983.65 983.64 983.6 983.57 983.54 983.51 983.53 983.5 983.43 983.33 983.27 983.23 983.25 983.2 983.13 983.15 983.19 983.2 983.23 983.22 983.2 983.2 983.19 983.24 983.25 983.29 983.3 983.24 983.23 983.2 983.2 983.22 983.25 983.2 983.12 983.15 983.22 983.2 983.11 983.02 983.0 983.06 982.99 982.94 982.9 982.87 982.82 982.75 982.67 982.62 982.54 982.54 982.44 982.44 982.42 982.42 982.41 982.44 982.45 982.46 982.51 982.57 982.52 982.56 982.63 982.6 982.62 982.55 982.55 982.61 982.64 982.7 982.71 982.74 982.73 982.71 982.77 982.84 982.95 983.1 983.18 983.1 983.13 983.15 983.16 983.2 983.16 983.23 983.26 983.36 983.44 983.41 983.43 983.46 983.59 983.69 983.55 983.48 983.5 983.48 983.55 983.59 983.56 983.6 983.59 983.65 983.64 983.54 983.45 983.39 983.36 983.4 983.38 983.3 983.31 983.33 983.27 983.23 983.2 983.25 983.25 983.21 983.1 982.94 982.84 982.87 982.93 982.94 982.98 983.09 983.11 982.99 982.96 982.99 983.04 983.09 982.92 982.8 982.82 983.0 983.06 983.07 983.0 982.96 982.84 982.78 982.77 982.89 982.73 982.55 982.43 982.32 982.33 982.36 982.26 982.33 982.42 982.36 982.35 982.31 982.27 982.25 982.25 982.28 982.34 982.34 982.36 982.23 982.15 982.19 982.07 981.92 981.83 981.81 981.72 981.72 981.63 981.56 981.54 981.61 981.64 981.52 981.4 981.28 981.25 981.19 981.19 981.03 981.08 980.98 980.89 980.74 980.6 980.5 980.41 980.4 980.37 980.3 980.29 980.38 980.4 980.37 980.39 980.44 980.44 980.33 980.31 980.31 980.29 980.21 980.17 980.11 980.04 979.96 979.92 979.9 979.83 979.7 979.57 979.54 979.49 979.46 979.42 979.37 979.31 979.34 979.35 979.26 979.21 979.15 979.04 978.97 978.94 978.81 978.63 978.51 978.42 978.34 978.28 978.23 978.2 978.23 978.19 978.08 978.01 977.92 977.86 977.85 977.83 977.81 977.86 977.92 977.88 977.87 977.99 978.02 977.99 978.07 978.06 978.0 978.03 981.9889583333334 1.7430977746289453
9 987.21 987.21 987.21 987.22 987.28 987.27 987.3 987.35 987.38 987.44 987.49 987.54 987.65 987.63 987.62 987.62 987.58 987.6 987.64 987.68 987.72 987.75 987.74 987.78 987.82 987.85 987.85 987.93 987.92 987.93 987.96 987.96 987.93 987.99 987.91 987.86 987.82 987.78 987.69 987.65 987.57 987.54 987.58 987.65 987.65 987.7 987.7 987.75 987.76 987.76 987.77 987.74 987.67 987.67 987.65 987.67 987.68 987.67 987.66 987.64 987.66 987.59 987.55 987.55 987.53 987.55 987.59 987.54 987.52 987.55 987.52 987.47 987.4 987.41 987.42 987.42 987.48 987.49 987.41 987.32 987.32 987.33 987.25 987.14 987.15 987.21 987.2 987.06 987.11 987.17 987.2 987.22 987.21 987.16 987.02 987.13 987.15 987.1 987.06 987.04 986.98 987.04 987.19 987.3 987.33 987.43 987.51 987.56 987.59 987.6 987.56 987.48 987.49 987.53 987.54 987.5 987.57 987.66 987.74 987.79 987.84 987.97 988.03 988.07 988.08 988.05 988.03 988.11 988.11 987.99 987.97 987.98 987.92 987.86 987.82 987.84 987.87 987.84 987.78 987.77 987.8 987.82 987.77 987.77 987.73 987.64 987.59 987.51 987.58 987.6 987.53 987.61 987.58 987.6 987.59 987.44 987.29 987.29 987.34 987.23 987.12 987.2 987.35 987.41 987.36 987.22 987.12 987.05 987.04 987.1 987.01 987.0 987.0 987.07 987.12 987.02 987.07 987.01 986.97 986.95 987.02 987.0 986.71 986.65 986.77 986.75 986.64 986.7 986.84 986.76 986.7 986.64 986.62 986.6 986.47 986.47 986.45 986.39 986.32 986.25 986.28 986.25 986.14 986.04 985.98 985.92 985.81 985.82 985.83 985.87 985.87 985.82 985.76 985.7 985.53 985.54 985.48 985.34 985.24 985.19 985.18 985.03 985.02 984.95 984.82 984.68 984.67 984.61 984.56 984.53 984.54 984.55 984.49 984.5 984.54 984.5 984.49 984.43 984.49 984.41 984.36 984.36 984.29 984.24 984.17 984.17 984.1 984.03 984.04 983.93 983.83 983.82 983.84 983.82 983.76 983.7 983.56 983.52 983.5 983.38 983.31 983.28 983.22 983.08 982.99 982.89 982.79 982.67 982.65 982.66 982.63 982.59 982.58 982.57 982.48 982.44 982.44 982.47 982.55 982.61 982.58 982.57 982.54 982.52 982.57 982.61 982.59 982.57 986.4211111111111 1.6977207968295625
END
#################################################################
SECTION3 (Edges Information)
EndPoint0 EndPoint1 Weight
0 1 1.000000
1 2 1.000000
2 3 1.000000
3 4 1.000000
3 5 1.000000
4 5 1.000000
4 6 1.000000
5 6 1.000000
5 7 1.000000
6 7 1.000000
7 8 1.000000
7 9 1.000000
8 9 1.000000
0 1 1.000000
1 2 1.000000
2 3 1.000000
3 4 1.000000
3 5 1.000000
4 5 1.000000
4 6 1.000000
5 6 1.000000
5 7 1.000000
6 7 1.000000
7 8 1.000000
7 9 1.000000
8 9 1.000000
END
#################################################################
SECTION4 (TrueSubGraph Information)
EndPoint0 EndPoint1 Weight
END
#################################################################
