#################################################################
#APDM Input Graph, this input graph includes 3 sections:
#section1 : general information
#section2 : nodes
#section3 : edges
#section4 : trueSubGraph (Optional)
#
#if nodes haven't information set weight to null
#################################################################
SECTION1 (General Information)
numNodes = 10
numEdges = 26
usedAlgorithm = NULL
dataSource = TransWeatherRealData
END
#################################################################
SECTION2 (Nodes Information)
NodeID press  mean  std 
0 985.41 985.37 985.31 985.31 985.29 985.3 985.29 985.29 985.29 985.31 985.35 985.33 985.28 985.24 985.22 985.22 985.21 985.15 985.05 985.05 985.01 984.95 984.89 984.64 984.59 984.85 984.93 984.89 984.88 984.89 984.87 984.87 984.82 984.83 984.82 984.79 984.73 984.74 984.73 984.69 984.67 984.68 984.72 984.67 984.6 984.56 984.57 984.57 984.54 984.52 984.51 984.53 984.54 984.51 984.46 984.43 984.44 984.42 984.4 984.44 984.47 984.53 984.55 984.52 984.49 984.51 984.58 984.59 984.61 984.63 984.61 984.5 984.37 984.28 984.21 984.25 984.25 984.16 984.2 984.21 984.22 984.19 984.18 984.17 984.12 984.09 984.08 984.04 984.09 984.09 984.06 984.06 984.14 984.06 983.98 983.88 983.82 983.8 983.74 983.75 983.78 983.69 983.63 983.65 983.69 983.79 983.9 983.94 983.95 983.94 983.93 983.96 983.94 983.94 983.96 984.0 983.95 983.91 983.97 984.01 984.06 984.12 984.13 984.19 984.14 984.1 984.06 984.13 984.17 984.22 984.27 984.3 984.25 984.27 984.22 984.29 984.41 984.52 984.67 984.74 984.74 984.74 984.71 984.46 984.83 984.96 984.95 985.03 985.03 985.08 985.08 984.97 984.96 985.07 985.08 985.06 985.11 985.13 985.2 985.29 985.37 985.42 985.5 985.59 985.72 985.68 985.61 985.75 985.96 986.15 986.17 986.08 986.08 986.13 986.29 986.25 986.45 986.51 986.53 986.54 986.53 986.51 986.54 986.56 986.72 986.83 986.77 986.81 986.89 986.85 986.87 986.86 986.86 986.96 986.97 986.94 986.96 987.01 987.08 987.09 987.1 987.12 987.15 987.19 987.16 987.15 987.17 987.13 987.06 986.97 986.85 986.83 986.8 986.75 986.73 986.78 986.71 986.66 986.56 986.59 986.65 986.66 986.58 986.47 986.38 986.42 986.45 986.5 986.48 986.48 986.52 986.61 986.66 986.66 986.72 986.71 986.68 986.7 986.74 986.84 986.88 986.88 986.91 986.94 986.92 986.94 987.0 987.01 987.02 987.02 987.06 987.13 987.13 987.2 987.29 987.3 987.26 987.29 987.25 987.32 987.35 987.36 987.47 987.46 987.5 987.6 987.62 987.62 987.63 987.69 987.69 987.69 987.79 987.86 987.77 987.81 987.88 987.9 987.92 987.92 987.96 987.94 987.91 987.96 987.92 987.85 987.85 987.86 985.5871527777778 1.302547577866351
1 977.01 976.98 976.98 976.96 976.96 976.97 976.9 976.96 977.0 977.01 977.04 977.0 976.98 977.0 976.96 976.89 976.86 976.87 976.84 976.86 976.87 976.88 976.84 976.87 976.87 976.81 976.75 976.7 976.67 976.64 976.57 976.52 976.47 976.43 976.36 976.29 976.24 976.19 976.12 976.21 976.23 976.21 976.22 976.21 976.25 976.21 976.21 976.23 976.18 976.15 976.16 976.2 976.2 976.2 976.18 976.12 976.06 976.02 975.99 975.98 976.06 976.01 975.93 975.95 975.91 975.89 975.86 975.9 975.93 975.96 975.96 975.98 976.01 976.03 976.01 976.06 976.09 976.06 976.05 976.02 975.97 975.9 975.86 975.82 975.75 975.73 975.69 975.64 975.55 975.52 975.51 975.54 975.56 975.55 975.51 975.51 975.43 975.39 975.39 975.37 975.42 975.34 975.33 975.39 975.42 975.36 975.21 975.11 975.1 975.18 975.18 975.22 975.27 975.24 975.22 975.27 975.3 975.31 975.34 975.4 975.42 975.45 975.5 975.48 975.51 975.56 975.67 975.76 975.79 975.76 975.69 975.65 975.56 975.63 975.73 975.75 975.78 975.79 975.8 975.85 975.84 975.85 975.86 975.71 975.6 975.72 975.74 975.64 975.68 975.74 975.74 975.71 975.78 975.77 975.82 975.89 975.94 975.93 975.98 976.0 976.11 976.22 976.3 976.27 976.27 976.3 976.32 976.39 976.39 976.54 976.72 976.78 976.87 976.85 976.76 976.77 976.86 976.88 976.94 977.12 977.23 977.26 977.41 977.48 977.46 977.27 977.31 977.39 977.57 977.57 977.53 977.56 977.53 977.58 977.54 977.61 977.67 977.58 977.55 977.56 977.56 977.63 977.63 977.68 977.78 977.82 977.85 977.7 977.63 977.62 977.58 977.53 977.49 977.43 977.4 977.44 977.38 977.34 977.37 977.39 977.4 977.41 977.47 977.42 977.31 977.23 977.17 977.24 977.21 977.17 977.21 977.24 977.16 977.18 977.26 977.29 977.35 977.35 977.36 977.41 977.49 977.49 977.53 977.6 977.57 977.57 977.65 977.68 977.72 977.79 977.79 977.79 977.78 977.79 977.81 977.85 977.92 977.94 977.94 977.99 978.06 978.05 978.05 978.1 978.12 978.21 978.29 978.31 978.35 978.35 978.36 978.44 978.46 978.44 978.49 978.53 978.64 978.7 978.66 978.62 978.67 978.73 978.68 978.66 978.74 978.76 978.72 978.71 976.7016666666667 0.9701934143891329
2 999.84 999.84 999.84 999.84 999.8 999.73 999.72 999.8 999.86 999.89 999.9 999.93 999.9 999.9 999.86 999.82 999.82 999.81 999.79 999.76 999.75 999.79 999.78 999.79 999.78 999.7 999.7 999.69 999.66 999.66 999.65 999.62 999.6 999.57 999.46 999.33 999.24 999.12 999.03 998.84 998.76 999.03 999.15 999.15 999.19 999.22 999.2 999.18 999.15 999.17 999.21 999.24 999.27 999.33 999.32 999.29 999.21 999.14 999.05 999.01 998.94 998.93 998.91 998.96 999.03 999.03 999.05 999.09 999.08 999.09 999.04 999.01 999.04 999.07 999.06 999.07 999.07 999.11 999.1 999.08 999.08 999.03 999.03 999.02 998.96 998.91 998.84 998.76 998.75 998.7 998.62 998.56 998.56 998.47 998.49 998.5 998.47 998.51 998.61 998.63 998.62 998.6 998.58 998.58 998.57 998.58 998.59 998.54 998.57 998.59 998.52 998.55 998.51 998.44 998.5 998.58 998.68 998.71 998.7 998.69 998.64 998.72 998.81 998.87 998.8 998.94 998.89 998.86 998.82 998.79 998.8 998.85 998.77 998.86 998.86 998.97 998.97 998.9 998.86 998.84 998.93 999.04 999.13 999.12 999.05 999.05 999.11 999.08 999.02 998.95 999.01 999.08 999.04 999.19 999.3 999.28 999.21 999.18 999.19 999.24 999.19 999.08 999.13 999.22 999.3 999.41 999.58 999.76 999.92 1000.1 1000.04 1000.1 1000.13 1000.2 1000.29 1000.45 1000.53 1000.55 1000.59 1000.79 1000.85 1000.97 1000.99 1000.91 1000.77 1000.63 1000.64 1000.7 1000.69 1000.61 1000.74 1000.88 1000.86 1000.84 1000.87 1000.87 1000.89 1000.99 1001.09 1001.06 1001.05 1001.12 1001.18 1001.21 1001.22 1001.18 1001.22 1001.18 1001.18 1001.14 1001.04 1000.87 1000.78 1000.69 1000.63 1000.64 1000.64 1000.63 1000.62 1000.6 1000.52 1000.49 1000.49 1000.57 1000.54 1000.52 1000.45 1000.4 1000.53 1000.61 1000.56 1000.53 1000.49 1000.5 1000.56 1000.59 1000.61 1000.54 1000.49 1000.66 1000.8 1000.82 1000.95 1001.0 1001.04 1001.05 1001.09 1001.09 1001.03 1001.03 1001.12 1001.17 1001.24 1001.26 1001.24 1001.3 1001.36 1001.37 1001.42 1001.45 1001.48 1001.41 1001.46 1001.48 1001.5 1001.56 1001.57 1001.63 1001.64 1001.65 1001.87 1002.01 1002.12 1002.04 1002.08 1002.14 1002.14 1002.16 1002.2 1002.16 1002.11 1002.13 1002.25 1002.34 1002.36 1002.39 1002.4 1002.4 999.9265625 1.081995988958344
3 1002.16 1002.12 1002.2 1002.27 1002.36 1002.42 1002.46 1002.47 1002.48 1002.51 1002.52 1002.53 1002.53 1002.58 1002.56 1002.53 1002.51 1002.49 1002.49 1002.44 1002.39 1002.38 1002.41 1002.43 1002.41 1002.37 1002.31 1002.26 1002.25 1002.18 1002.09 1002.03 1002.0 1001.98 1001.92 1001.84 1001.74 1001.58 1001.36 1001.15 1001.22 1001.39 1001.44 1001.46 1001.53 1001.64 1001.7 1001.7 1001.67 1001.68 1001.72 1001.73 1001.7 1001.7 1001.76 1001.81 1001.81 1001.72 1001.64 1001.55 1001.45 1001.32 1001.23 1001.2 1001.21 1001.32 1001.43 1001.47 1001.48 1001.49 1001.51 1001.55 1001.58 1001.57 1001.57 1001.55 1001.55 1001.53 1001.52 1001.48 1001.41 1001.39 1001.42 1001.37 1001.31 1001.28 1001.24 1001.16 1001.08 1001.03 1000.99 1000.93 1000.9 1000.77 1000.74 1000.84 1000.89 1000.99 1001.06 1001.08 1001.06 1001.02 1001.06 1001.23 1001.18 1001.15 1001.16 1001.23 1001.24 1001.25 1001.29 1001.32 1001.3 1001.24 1001.15 1001.2 1001.23 1001.2 1001.22 1001.24 1001.08 1000.97 1001.09 1001.2 1001.29 1001.35 1001.29 1001.25 1001.18 1001.21 1001.18 1001.33 1001.68 1001.72 1001.66 1001.69 1001.66 1001.75 1001.78 1001.69 1001.72 1001.74 1001.7 1001.67 1001.7 1001.77 1001.74 1001.7 1001.63 1001.59 1001.65 1001.59 1001.72 1001.84 1001.78 1001.67 1001.7 1001.75 1001.67 1001.61 1001.77 1001.86 1001.95 1002.06 1002.26 1002.51 1002.73 1002.64 1002.6 1002.8 1002.84 1002.86 1003.08 1003.27 1003.45 1003.53 1003.6 1003.6 1003.7 1003.68 1003.84 1003.76 1003.48 1003.46 1003.34 1003.11 1003.18 1003.42 1003.56 1003.46 1003.51 1003.65 1003.66 1003.61 1003.58 1003.62 1003.69 1003.72 1003.74 1003.74 1003.76 1003.85 1003.81 1003.78 1003.78 1003.8 1003.63 1003.63 1003.6 1003.52 1003.58 1003.51 1003.48 1003.33 1003.22 1003.12 1003.14 1003.18 1003.17 1003.13 1003.12 1003.08 1003.08 1003.08 1003.07 1003.07 1003.08 1003.1 1003.16 1003.16 1003.19 1003.17 1003.17 1003.12 1003.2 1003.3 1003.35 1003.39 1003.35 1003.39 1003.55 1003.6 1003.58 1003.65 1003.73 1003.58 1003.56 1003.69 1003.75 1003.8 1003.89 1003.89 1003.93 1004.04 1004.05 1004.12 1004.16 1004.16 1004.16 1004.16 1004.15 1004.16 1004.18 1004.25 1004.28 1004.32 1004.38 1004.35 1004.38 1004.41 1004.53 1004.54 1004.55 1004.66 1004.74 1004.82 1004.75 1004.75 1004.9 1004.86 1004.85 1004.95 1005.08 1005.05 1005.06 1005.04 1004.94 1005.02 1002.5267361111111 1.1659524257189366
4 1000.34 1000.34 1000.41 1000.47 1000.49 1000.47 1000.49 1000.52 1000.56 1000.55 1000.62 1000.65 1000.64 1000.63 1000.58 1000.53 1000.57 1000.58 1000.58 1000.55 1000.57 1000.55 1000.48 1000.46 1000.41 1000.36 1000.34 1000.32 1000.23 1000.18 1000.1 1000.05 1000.09 1000.11 1000.02 999.92 999.77 999.74 999.67 999.58 999.69 999.76 999.82 999.8 999.79 999.82 999.82 999.79 999.8 999.83 999.85 999.84 999.8 999.74 999.76 999.77 999.78 999.79 999.77 999.69 999.64 999.65 999.66 999.66 999.67 999.65 999.66 999.66 999.67 999.68 999.63 999.64 999.68 999.73 999.74 999.7 999.66 999.64 999.61 999.56 999.5 999.47 999.49 999.48 999.42 999.38 999.35 999.26 999.21 999.15 999.13 999.13 999.17 999.25 999.31 999.13 999.1 999.26 999.39 999.42 999.49 999.39 999.34 999.4 999.42 999.52 999.59 999.56 999.55 999.47 999.44 999.44 999.41 999.36 999.32 999.35 999.34 999.3 999.23 999.18 999.22 999.29 999.34 999.37 999.35 999.39 999.49 999.38 999.33 999.48 999.51 999.65 999.64 999.74 999.93 999.98 999.9 999.87 999.95 999.93 999.88 999.82 999.76 999.75 999.65 999.57 999.65 999.66 999.71 999.7 999.62 999.63 999.51 999.53 999.61 999.71 999.72 999.93 1000.03 1000.14 1000.2 1000.28 1000.36 1000.38 1000.19 1000.3 1000.52 1000.68 1000.83 1000.96 1001.07 1001.1 1001.25 1001.2 1001.31 1001.41 1001.29 1001.11 1001.22 1001.18 1001.21 1001.17 1001.04 1000.95 1000.95 1001.02 1001.21 1001.26 1001.27 1001.37 1001.55 1001.65 1001.68 1001.78 1001.73 1001.63 1001.45 1001.37 1001.28 1001.3 1001.46 1001.66 1001.74 1001.69 1001.65 1001.66 1001.57 1001.49 1001.5 1001.47 1001.41 1001.45 1001.44 1001.34 1001.29 1001.17 1001.11 1000.97 1001.01 1001.0 1000.97 1001.02 1001.08 1001.07 1001.04 1000.99 1001.16 1001.28 1001.23 1001.21 1001.19 1001.16 1001.15 1001.19 1001.28 1001.37 1001.47 1001.48 1001.48 1001.49 1001.47 1001.42 1001.45 1001.47 1001.5 1001.56 1001.66 1001.72 1001.79 1001.86 1001.93 1001.95 1001.98 1001.93 1001.97 1001.98 1002.05 1002.09 1002.1 1002.08 1002.07 1002.13 1002.15 1002.21 1002.27 1002.25 1002.3 1002.35 1002.41 1002.44 1002.53 1002.57 1002.58 1002.62 1002.71 1002.76 1002.76 1002.75 1002.79 1002.79 1002.82 1002.91 1002.95 1003.03 1002.97 1003.02 1003.02 1003.07 1000.5837847222223 1.0604843654587777
5 994.28 994.23 994.18 994.16 994.11 994.03 994.08 994.13 994.11 994.06 994.06 993.98 993.98 993.98 993.97 993.96 993.98 993.98 993.97 993.93 993.85 993.86 993.89 993.94 993.92 993.86 993.78 993.73 993.77 993.74 993.74 993.71 993.7 993.66 993.6 993.58 993.56 993.45 993.44 993.39 993.32 993.28 993.25 993.2 993.1 992.96 992.83 992.7 992.65 992.65 992.74 992.81 992.87 992.93 992.98 993.05 993.1 993.13 993.11 993.12 993.13 993.12 993.14 993.15 993.15 993.14 993.13 993.1 993.07 993.04 992.99 992.94 992.86 992.8 992.77 992.8 992.93 992.94 992.92 992.88 992.87 992.91 992.88 992.91 992.88 992.84 992.83 992.79 992.75 992.72 992.71 992.67 992.62 992.58 992.5 992.48 992.48 992.4 992.33 992.27 992.23 992.27 992.29 992.28 992.23 992.31 992.37 992.45 992.48 992.48 992.62 992.7 992.7 992.62 992.63 992.7 992.76 992.7 992.76 992.72 992.71 992.71 992.71 992.76 992.79 992.82 992.77 992.71 992.73 992.65 992.7 992.68 992.56 992.52 992.54 992.54 992.57 992.61 992.68 992.66 992.75 992.94 992.92 992.84 992.81 992.87 992.89 992.87 992.79 992.74 992.73 992.71 992.72 992.73 992.65 992.6 992.56 992.59 992.51 992.44 992.54 992.51 992.55 992.73 992.71 992.77 992.95 993.06 993.09 993.19 993.31 993.34 993.36 993.37 993.34 993.37 993.45 993.6 993.7 993.73 993.72 993.79 993.94 994.1 994.17 994.17 994.15 994.02 993.99 994.08 993.91 993.75 993.81 993.97 994.1 994.12 994.09 994.07 994.19 994.27 994.36 994.41 994.4 994.4 994.35 994.23 994.12 994.08 993.99 993.92 993.9 993.97 993.91 993.9 993.87 993.82 993.69 993.67 993.67 993.58 993.52 993.42 993.46 993.47 993.45 993.47 993.48 993.4 993.35 993.35 993.39 993.38 993.41 993.35 993.38 993.47 993.55 993.61 993.71 993.79 993.78 993.8 993.84 993.91 993.99 994.1 994.2 994.23 994.27 994.26 994.23 994.25 994.25 994.31 994.35 994.44 994.56 994.64 994.62 994.59 994.55 994.5 994.53 994.48 994.57 994.74 994.73 994.76 994.81 994.91 994.94 995.0 994.86 994.89 994.93 995.02 995.08 995.03 995.07 995.03 995.02 995.15 995.2 995.21 995.3 995.26 995.37 995.43 993.4813541666666 0.770288356964171
6 968.02 967.98 967.95 967.86 967.75 967.74 967.78 967.7 967.62 967.64 967.56 967.52 967.54 967.44 967.39 967.4 967.4 967.48 967.46 967.42 967.38 967.38 967.42 967.45 967.46 967.45 967.43 967.42 967.42 967.45 967.49 967.47 967.39 967.36 967.34 967.29 967.29 967.21 967.14 967.12 967.09 967.04 966.88 966.78 966.76 966.68 966.53 966.44 966.43 966.5 966.57 966.61 966.63 966.64 966.6 966.61 966.64 966.62 966.59 966.57 966.55 966.55 966.58 966.6 966.64 966.68 966.7 966.67 966.66 966.64 966.61 966.58 966.48 966.36 966.31 966.31 966.32 966.31 966.31 966.29 966.31 966.3 966.31 966.27 966.23 966.22 966.2 966.14 966.14 966.08 966.1 966.05 966.04 966.07 966.03 965.98 965.9 965.86 965.84 965.81 965.76 965.74 965.74 965.66 965.62 965.64 965.7 965.97 965.94 965.87 965.93 966.02 965.97 965.91 966.03 966.06 966.01 965.84 965.78 965.84 966.03 966.03 966.17 966.2 966.13 966.1 966.1 966.01 966.01 966.01 965.95 965.91 965.91 965.93 965.91 965.9 965.94 965.9 965.87 965.86 965.9 965.86 965.85 965.91 965.93 966.01 966.03 966.05 966.04 965.99 966.08 966.07 966.0 965.93 965.77 965.77 965.76 965.64 965.64 965.7 965.67 965.65 965.68 965.7 965.77 965.89 965.92 965.95 966.09 966.17 966.25 966.31 966.25 966.28 966.36 966.42 966.53 966.62 966.55 966.62 966.71 966.67 966.67 966.93 967.0 966.95 966.9 966.75 966.6 966.63 966.53 966.53 966.53 966.53 966.38 966.4 966.6 966.55 966.59 966.64 966.73 966.8 966.83 966.71 966.53 966.48 966.51 966.44 966.41 966.56 966.49 966.4 966.29 966.25 966.21 966.21 966.2 966.08 966.04 966.06 966.0 965.88 965.83 965.78 965.75 965.84 965.71 965.75 965.8 965.85 965.76 965.72 965.71 965.78 965.76 965.83 965.87 965.88 965.9 965.83 965.84 965.9 966.0 966.02 966.04 966.15 966.24 966.3 966.37 966.4 966.51 966.58 966.68 966.59 966.7 966.84 966.86 966.93 966.97 966.89 966.85 966.86 966.82 966.78 966.89 967.01 966.94 966.92 966.96 967.03 967.04 967.19 967.18 967.17 967.19 967.25 967.28 967.29 967.28 967.32 967.43 967.49 967.5 967.59 967.66 967.69 967.73 967.74 966.4972222222223 0.6047909126352645
7 994.33 994.39 994.45 994.43 994.4 994.39 994.38 994.38 994.38 994.37 994.39 994.38 994.31 994.23 994.18 994.17 994.13 994.11 994.07 994.07 994.06 994.07 994.09 994.0 993.85 993.8 993.82 993.89 993.9 993.93 993.97 994.04 994.02 994.0 994.02 994.0 993.96 993.95 993.9 993.81 993.76 993.74 993.7 993.69 993.66 993.61 993.55 993.52 993.46 993.46 993.39 993.38 993.4 993.4 993.35 993.23 993.1 992.99 992.91 992.82 992.77 992.77 992.8 992.82 992.79 992.81 992.88 992.89 992.96 993.05 993.13 993.1 993.08 993.08 993.08 993.11 993.08 993.09 993.06 992.96 992.92 992.88 992.8 992.7 992.6 992.56 992.57 992.59 992.6 992.64 992.68 992.72 992.75 992.74 992.7 992.62 992.64 992.66 992.7 992.7 992.7 992.69 992.67 992.72 992.68 992.66 992.6 992.59 992.52 992.52 992.47 992.45 992.47 992.44 992.45 992.41 992.38 992.31 992.18 992.12 992.21 992.37 992.41 992.48 992.59 992.63 992.76 992.78 992.73 992.8 992.72 992.71 992.83 992.82 992.84 992.71 992.71 992.66 992.67 992.5 992.47 992.46 992.55 992.65 992.63 992.49 992.38 992.44 992.54 992.45 992.36 992.33 992.39 992.45 992.44 992.48 992.45 992.4 992.47 992.54 992.52 992.46 992.36 992.23 992.21 992.22 992.27 992.29 992.36 992.26 992.21 992.29 992.45 992.53 992.53 992.43 992.61 992.71 992.79 992.84 992.95 992.94 992.81 992.72 992.73 992.78 992.71 992.69 992.73 992.76 992.76 992.87 992.94 992.9 992.79 992.74 992.69 992.54 992.42 992.34 992.39 992.4 992.48 992.53 992.53 992.53 992.46 992.42 992.38 992.3 992.23 992.14 992.1 992.11 992.14 992.17 992.21 992.21 992.16 992.1 992.1 992.01 991.97 991.93 991.87 991.8 991.69 991.64 991.68 991.78 991.9 991.94 992.04 992.1 992.15 992.21 992.24 992.27 992.21 992.23 992.21 992.26 992.29 992.33 992.35 992.47 992.49 992.46 992.54 992.64 992.72 992.82 992.92 992.95 993.02 993.09 993.12 993.16 993.23 993.28 993.3 993.32 993.38 993.46 993.51 993.62 993.78 993.87 994.02 994.08 994.09 994.14 994.26 994.39 994.35 994.5 994.66 994.71 994.68 994.75 994.89 994.88 994.83 994.87 994.9 994.97 995.13 995.15 992.9948611111112 0.7820619454787485
8 980.13 980.14 980.17 980.21 980.27 980.27 980.28 980.31 980.31 980.27 980.26 980.27 980.27 980.25 980.22 980.23 980.25 980.22 980.15 980.09 980.07 980.08 980.1 980.11 980.11 980.08 980.01 979.92 979.78 979.72 979.71 979.62 979.62 979.78 979.86 979.87 979.87 979.83 979.82 979.83 979.8 979.72 979.66 979.62 979.55 979.54 979.51 979.49 979.4 979.38 979.4 979.36 979.29 979.22 979.2 979.19 979.19 979.18 979.12 979.05 978.94 978.85 978.75 978.66 978.63 978.62 978.6 978.6 978.6 978.62 978.62 978.6 978.59 978.62 978.63 978.64 978.62 978.64 978.67 978.64 978.64 978.63 978.62 978.59 978.54 978.5 978.46 978.43 978.37 978.35 978.34 978.31 978.32 978.36 978.4 978.43 978.41 978.47 978.51 978.5 978.45 978.42 978.39 978.35 978.31 978.3 978.22 978.23 978.18 978.21 978.24 978.25 978.23 978.24 978.26 978.29 978.29 978.26 978.19 978.14 978.1 978.02 977.94 977.96 978.06 978.11 978.16 978.18 978.2 978.3 978.34 978.34 978.31 978.35 978.36 978.4 978.45 978.4 978.27 978.2 978.07 978.07 977.97 978.09 978.03 977.95 978.01 978.02 978.04 978.01 977.91 977.92 977.89 977.86 977.92 977.97 977.96 978.02 977.98 977.95 977.89 977.86 977.85 977.82 977.8 977.82 977.84 977.86 977.79 977.79 977.84 977.74 977.77 977.74 977.72 977.83 977.95 978.06 978.05 978.03 978.06 978.15 978.19 978.33 978.41 978.41 978.36 978.35 978.26 978.07 978.07 978.11 978.11 978.13 978.12 978.19 978.18 978.03 977.96 977.92 977.83 977.79 977.71 977.68 977.54 977.48 977.52 977.5 977.36 977.39 977.36 977.29 977.24 977.23 977.22 977.25 977.19 977.16 977.01 976.94 976.98 977.06 977.13 977.18 977.14 977.11 977.08 977.05 977.0 976.96 976.96 976.96 977.01 977.04 977.07 977.07 977.03 977.02 977.06 977.14 977.14 977.18 977.25 977.34 977.39 977.47 977.51 977.54 977.61 977.65 977.7 977.76 977.86 977.94 977.97 978.02 978.08 978.24 978.25 978.22 978.19 978.18 978.22 978.2 978.31 978.29 978.34 978.43 978.62 978.76 978.89 978.95 979.04 979.17 979.27 979.41 979.41 979.35 979.35 979.45 979.52 979.56 979.64 979.76 979.85 979.91 979.95 979.89 978.4698611111111 0.9112272890340222
9 984.87 984.85 984.84 984.9 984.98 984.98 984.98 984.99 985.04 985.06 985.07 985.06 985.01 985.03 985.07 985.07 985.03 984.92 984.87 984.88 984.84 984.84 984.88 984.93 985.02 985.07 985.02 984.98 984.98 984.95 984.95 984.95 984.91 984.92 984.9 984.92 984.86 984.83 984.79 984.8 984.88 984.91 984.83 984.76 984.77 984.75 984.72 984.71 984.64 984.6 984.54 984.44 984.4 984.35 984.25 984.23 984.22 984.28 984.39 984.47 984.43 984.28 984.18 984.18 984.17 984.16 984.13 984.14 984.14 984.15 984.12 984.1 984.11 984.01 983.97 983.94 983.89 983.87 983.84 983.85 983.88 983.74 983.64 983.65 983.63 983.59 983.47 983.4 983.41 983.45 983.5 983.49 983.4 983.36 983.38 983.3 983.28 983.31 983.28 983.24 983.26 983.27 983.27 983.27 983.32 983.34 983.3 983.27 983.28 983.31 983.26 983.21 983.15 983.15 983.2 983.19 983.15 983.15 983.21 983.28 983.28 983.24 983.17 983.16 983.25 983.23 983.19 983.26 983.22 983.18 983.11 983.08 983.08 983.03 983.17 983.17 983.21 983.24 983.29 983.31 983.34 983.31 983.26 983.25 983.32 983.28 983.15 982.93 982.89 983.02 982.93 982.91 982.78 982.79 982.83 982.76 982.77 982.63 982.62 982.71 982.64 982.62 982.59 982.37 982.26 982.21 982.2 982.19 982.23 982.26 982.2 982.16 982.09 982.21 982.34 982.35 982.38 982.29 982.26 982.25 982.29 982.27 982.29 982.35 982.36 982.35 982.39 982.39 982.31 982.37 982.37 982.45 982.4 982.31 982.33 982.38 982.4 982.38 982.31 982.29 982.24 982.24 982.22 982.21 982.27 982.24 982.1 981.92 981.85 981.63 981.54 981.54 981.47 981.34 981.25 981.2 981.14 981.16 981.11 981.07 981.1 981.09 980.98 980.98 981.02 981.03 981.0 980.94 980.85 980.79 980.86 980.86 980.83 980.83 980.83 980.9 980.89 980.98 980.99 980.9 980.9 980.94 980.86 980.91 981.0 981.02 981.07 981.12 981.26 981.32 981.27 981.25 981.26 981.29 981.29 981.36 981.38 981.48 981.55 981.57 981.58 981.71 981.77 981.78 981.83 981.84 981.86 981.85 981.85 981.91 982.0 982.07 982.21 982.39 982.51 982.48 982.52 982.54 982.59 982.66 982.71 982.77 982.96 983.09 983.19 983.18 983.24 983.19 983.0003125 1.2665306557693257
END
#################################################################
SECTION3 (Edges Information)
EndPoint0 EndPoint1 Weight
0 1 1.000000
1 2 1.000000
2 3 1.000000
3 4 1.000000
3 5 1.000000
4 5 1.000000
4 6 1.000000
5 6 1.000000
5 7 1.000000
6 7 1.000000
7 8 1.000000
7 9 1.000000
8 9 1.000000
0 1 1.000000
1 2 1.000000
2 3 1.000000
3 4 1.000000
3 5 1.000000
4 5 1.000000
4 6 1.000000
5 6 1.000000
5 7 1.000000
6 7 1.000000
7 8 1.000000
7 9 1.000000
8 9 1.000000
END
#################################################################
SECTION4 (TrueSubGraph Information)
EndPoint0 EndPoint1 Weight
END
#################################################################
