#################################################################
#APDM Input Graph, this input graph includes 3 sections:
#section1 : general information
#section2 : nodes
#section3 : edges
#section4 : trueSubGraph (Optional)
#
#if nodes haven't information set weight to null
#################################################################
SECTION1 (General Information)
numNodes = 10
numEdges = 52
usedAlgorithm = NULL
dataSource = TransWeatherRealData
END
#################################################################
SECTION2 (Nodes Information)
NodeID press  mean  std 
0 982.74 982.73 982.68 982.71 982.76 982.84 982.82 982.81 982.79 982.84 982.87 982.87 982.91 982.97 983.04 983.1 983.2 983.26 983.31 983.36 983.38 983.43 983.47 983.47 983.45 983.48 983.46 983.54 983.57 983.57 983.59 983.61 983.63 983.69 983.73 983.75 983.78 983.84 983.96 983.99 984.02 984.02 984.04 984.09 984.1 984.11 984.12 984.08 984.06 984.13 984.1 984.07 984.04 984.09 984.08 984.05 984.03 984.02 983.98 983.96 983.93 983.89 983.83 983.72 983.59 983.54 983.56 983.55 983.5 983.49 983.49 983.45 983.46 983.52 983.59 983.66 983.72 983.7 983.7 983.67 983.65 983.7 983.7 983.75 983.8 983.78 983.77 983.8 983.8 983.8 983.82 983.8 983.76 983.74 983.72 983.72 983.73 983.71 983.72 983.72 983.77 983.78 983.81 983.82 983.83 983.81 983.79 983.78 983.78 983.81 983.87 983.9 983.94 983.94 983.97 983.97 983.99 984.03 984.05 984.09 984.16 984.27 984.36 984.41 984.44 984.48 984.55 984.69 984.82 984.95 984.98 985.05 985.1 985.11 985.13 985.13 985.16 985.16 985.14 985.15 985.09 985.11 985.15 985.19 985.2 985.22 985.29 985.3 985.25 985.26 985.12 985.07 985.11 985.19 985.22 985.23 985.2 985.2 985.29 985.33 985.32 985.42 985.47 985.5 985.46 985.35 985.34 985.37 985.34 985.33 985.31 985.27 985.22 985.29 985.28 985.2 985.17 985.19 985.17 985.2 985.23 985.24 985.23 985.23 985.27 985.3 985.33 985.33 985.39 985.44 985.49 985.53 985.55 985.64 985.64 985.72 985.69 985.67 985.69 985.72 985.69 985.75 985.71 985.71 985.69 985.75 985.69 985.59 985.61 985.62 985.7 985.74 985.74 985.77 985.7 985.78 985.83 985.87 985.9 985.9 985.89 985.85 985.85 985.81 985.87 985.83 985.77 985.68 985.68 985.63 985.6 985.64 985.56 985.48 985.42 985.41 985.35 985.31 985.29 985.31 985.25 985.28 985.28 985.23 985.26 985.26 985.3 985.29 985.25 985.19 985.15 985.14 985.23 985.26 985.31 985.33 985.28 985.25 985.23 985.23 985.19 985.21 985.23 985.23 985.27 985.3 985.35 985.29 985.28 985.28 985.28 985.31 985.27 985.25 985.24 985.23 985.25 985.26 985.26 985.29 985.3 985.27 985.3 985.3 985.29 985.28 985.3 985.28 984.6278472222223 0.8975360489451221
1 973.82 973.83 973.86 973.87 973.91 973.89 973.95 974.04 974.13 974.15 974.15 974.22 974.28 974.27 974.28 974.3 974.43 974.51 974.51 974.54 974.58 974.63 974.74 974.82 974.79 974.8 974.79 974.81 974.87 974.92 974.89 974.93 974.95 974.98 975.0 975.0 974.99 974.97 974.92 974.99 974.96 974.93 974.86 974.88 974.9 974.89 974.89 974.95 975.05 975.12 975.14 975.17 975.21 975.21 975.22 975.18 975.2 975.24 975.2 975.13 975.14 975.13 975.09 975.06 975.03 975.04 974.99 974.99 975.01 974.97 974.94 974.86 974.84 974.82 974.84 974.94 974.97 974.97 975.0 975.01 975.03 975.11 975.17 975.24 975.23 975.2 975.25 975.31 975.37 975.36 975.37 975.38 975.33 975.26 975.24 975.18 975.15 975.17 975.18 975.21 975.25 975.29 975.33 975.37 975.36 975.38 975.39 975.45 975.47 975.48 975.49 975.49 975.51 975.5 975.49 975.52 975.58 975.6 975.65 975.69 975.74 975.8 975.84 975.9 975.98 976.02 976.09 976.15 976.23 976.3 976.26 976.26 976.29 976.33 976.4 976.4 976.4 976.41 976.43 976.42 976.35 976.29 976.33 976.47 976.49 976.46 976.57 976.65 976.61 976.7 976.66 976.65 976.6 976.55 976.54 976.61 976.64 976.7 976.73 976.7 976.74 976.74 976.8 976.76 976.74 976.73 976.68 976.67 976.73 976.78 976.65 976.57 976.54 976.54 976.59 976.71 976.67 976.61 976.57 976.59 976.57 976.56 976.5 976.55 976.57 976.51 976.51 976.63 976.67 976.69 976.72 976.75 976.78 976.8 976.82 976.84 976.88 976.95 977.04 977.09 977.07 977.09 977.12 977.07 977.07 976.99 976.91 976.82 976.8 976.86 976.9 976.88 976.78 976.78 976.95 976.98 976.96 977.02 976.94 977.0 977.05 977.1 977.08 977.09 977.12 977.06 977.03 977.09 977.03 976.94 976.9 976.87 976.86 976.84 976.78 976.8 976.76 976.72 976.71 976.71 976.68 976.74 976.65 976.67 976.67 976.66 976.63 976.56 976.54 976.55 976.52 976.59 976.55 976.62 976.67 976.67 976.66 976.66 976.72 976.78 976.82 976.84 976.8 976.82 976.81 976.77 976.74 976.73 976.72 976.71 976.74 976.77 976.74 976.7 976.68 976.72 976.72 976.75 976.78 976.74 976.77 976.79 976.77 976.77 976.76 976.8 976.82 976.8 975.9645833333333 0.9159723798766332
2 996.78 996.79 996.8 996.87 996.86 996.78 996.79 996.8 996.83 996.84 996.86 996.93 996.99 997.08 997.16 997.2 997.3 997.39 997.38 997.43 997.5 997.64 997.69 997.71 997.68 997.72 997.79 997.8 997.81 997.82 997.85 997.85 997.87 997.96 998.02 998.02 998.02 998.0 998.01 998.02 998.03 998.05 998.03 998.03 998.07 998.07 998.08 998.11 998.18 998.25 998.25 998.27 998.31 998.35 998.39 998.36 998.38 998.4 998.37 998.39 998.38 998.35 998.35 998.31 998.28 998.24 998.21 998.18 998.17 998.17 998.18 998.21 998.21 998.19 998.17 998.13 998.1 998.1 998.09 998.19 998.21 998.24 998.26 998.31 998.34 998.4 998.44 998.43 998.44 998.47 998.53 998.58 998.61 998.65 998.71 998.74 998.7 998.68 998.65 998.61 998.6 998.6 998.64 998.7 998.79 998.83 998.82 998.85 998.91 998.95 998.98 999.02 999.07 999.11 999.13 999.13 999.11 999.13 999.16 999.25 999.32 999.35 999.39 999.45 999.49 999.56 999.56 999.61 999.64 999.69 999.7 999.76 999.78 999.77 999.78 999.83 999.89 999.89 999.88 999.89 999.84 999.82 999.82 999.82 999.78 999.77 999.88 999.92 999.88 999.88 999.88 999.83 999.89 999.91 999.83 999.82 999.8 999.76 999.77 999.78 999.79 999.87 999.92 999.92 999.92 999.89 999.9 999.86 999.92 999.86 999.86 999.88 999.79 999.68 999.64 999.6 999.55 999.56 999.5 999.53 999.46 999.42 999.39 999.42 999.38 999.35 999.38 999.42 999.43 999.46 999.54 999.56 999.64 999.7 999.77 999.81 999.87 999.93 1000.0 1000.05 1000.09 1000.05 999.99 999.98 999.94 999.93 999.9 999.86 999.79 999.79 999.74 999.68 999.61 999.62 999.63 999.57 999.56 999.54 999.61 999.57 999.6 999.54 999.55 999.52 999.47 999.46 999.51 999.56 999.48 999.4 999.38 999.37 999.39 999.39 999.39 999.32 999.24 999.25 999.28 999.24 999.2 999.2 999.22 999.25 999.27 999.18 999.12 999.21 999.23 999.2 999.21 999.23 999.26 999.31 999.23 999.24 999.22 999.24 999.25 999.24 999.25 999.25 999.26 999.34 999.35 999.38 999.39 999.4 999.36 999.37 999.4 999.44 999.47 999.47 999.49 999.53 999.57 999.6 999.65 999.69 999.69 999.68 999.68 999.67 999.66 999.67 999.68 999.69 998.9781597222222 0.8542485024959928
3 999.4 999.39 999.42 999.44 999.44 999.39 999.41 999.38 999.32 999.27 999.29 999.34 999.36 999.43 999.5 999.49 999.5 999.57 999.68 999.79 999.9 999.99 1000.06 1000.12 1000.17 1000.21 1000.32 1000.37 1000.39 1000.42 1000.44 1000.45 1000.52 1000.52 1000.52 1000.58 1000.57 1000.56 1000.61 1000.54 1000.51 1000.56 1000.55 1000.52 1000.47 1000.47 1000.51 1000.52 1000.5 1000.53 1000.56 1000.6 1000.66 1000.66 1000.66 1000.72 1000.77 1000.77 1000.79 1000.82 1000.84 1000.84 1000.82 1000.81 1000.78 1000.73 1000.68 1000.66 1000.64 1000.64 1000.68 1000.72 1000.77 1000.81 1000.81 1000.81 1000.77 1000.7 1000.65 1000.61 1000.6 1000.62 1000.67 1000.73 1000.83 1000.87 1000.91 1000.93 1000.97 1000.99 1001.01 1001.04 1001.04 1001.08 1001.1 1001.13 1001.18 1001.17 1001.12 1001.09 1001.07 1001.05 1001.04 1001.05 1001.04 1001.09 1001.17 1001.21 1001.24 1001.28 1001.34 1001.44 1001.45 1001.45 1001.48 1001.53 1001.57 1001.58 1001.59 1001.6 1001.64 1001.71 1001.76 1001.82 1001.89 1001.87 1001.88 1001.86 1001.86 1001.87 1001.89 1001.92 1002.0 1002.07 1002.16 1002.12 1002.07 1002.08 1002.08 1002.07 1002.09 1002.08 1002.08 1002.05 1002.02 1001.99 1002.01 1002.04 1002.1 1002.18 1002.23 1002.2 1002.16 1002.15 1002.2 1002.21 1002.19 1002.19 1002.11 1002.1 1002.13 1002.2 1002.18 1002.17 1002.17 1002.17 1002.25 1002.32 1002.29 1002.25 1002.2 1002.22 1002.17 1002.11 1002.09 1002.04 1002.03 1001.92 1001.89 1001.85 1001.83 1001.91 1001.92 1001.91 1001.89 1001.84 1001.87 1001.89 1001.84 1001.86 1001.88 1001.95 1002.03 1002.16 1002.26 1002.31 1002.38 1002.53 1002.64 1002.57 1002.53 1002.49 1002.47 1002.4 1002.28 1002.29 1002.47 1002.55 1002.54 1002.47 1002.4 1002.36 1002.4 1002.4 1002.41 1002.4 1002.4 1002.38 1002.34 1002.39 1002.41 1002.37 1002.41 1002.41 1002.35 1002.33 1002.31 1002.24 1002.17 1002.12 1002.08 1002.0 1001.96 1001.95 1002.01 1001.96 1001.92 1001.84 1001.76 1001.72 1001.75 1001.69 1001.67 1001.77 1001.79 1001.85 1001.86 1001.87 1001.89 1001.95 1001.92 1001.97 1002.04 1002.09 1002.14 1002.16 1002.17 1002.2 1002.17 1002.17 1002.21 1002.23 1002.26 1002.27 1002.26 1002.26 1002.29 1002.36 1002.46 1002.47 1002.48 1002.45 1002.47 1002.45 1002.42 1002.39 1002.38 1002.38 1002.37 1002.42 1002.47 1002.46 1002.43 1002.41 1002.39 1002.36 1002.36 1002.41 1001.4925 0.8915261158995933
4 997.47 997.51 997.56 997.59 997.59 997.53 997.54 997.61 997.59 997.54 997.49 997.49 997.47 997.42 997.5 997.58 997.64 997.69 997.71 997.76 997.83 997.94 998.03 998.07 998.14 998.22 998.26 998.3 998.38 998.45 998.47 998.49 998.51 998.52 998.54 998.56 998.64 998.65 998.61 998.63 998.7 998.74 998.75 998.73 998.71 998.72 998.75 998.69 998.68 998.72 998.71 998.77 998.82 998.84 998.83 998.9 998.94 998.96 998.97 999.02 999.0 998.96 998.98 998.99 998.98 998.97 999.01 998.98 998.93 998.94 998.89 998.88 998.92 998.95 999.01 999.04 999.04 999.03 999.01 998.97 998.97 998.92 998.86 998.86 998.93 999.04 999.11 999.12 999.21 999.27 999.33 999.35 999.39 999.42 999.45 999.48 999.48 999.44 999.43 999.45 999.5 999.49 999.49 999.47 999.49 999.53 999.54 999.57 999.65 999.73 999.81 999.91 1000.04 1000.02 1000.04 1000.07 1000.07 1000.09 1000.12 1000.16 1000.17 1000.17 1000.17 1000.23 1000.23 1000.33 1000.38 1000.44 1000.48 1000.48 1000.53 1000.58 1000.6 1000.56 1000.58 1000.59 1000.61 1000.68 1000.63 1000.59 1000.57 1000.56 1000.63 1000.66 1000.65 1000.67 1000.66 1000.62 1000.6 1000.6 1000.62 1000.66 1000.63 1000.6 1000.63 1000.6 1000.61 1000.58 1000.53 1000.44 1000.44 1000.42 1000.46 1000.47 1000.47 1000.49 1000.48 1000.47 1000.47 1000.53 1000.61 1000.63 1000.6 1000.53 1000.44 1000.34 1000.32 1000.34 1000.3 1000.22 1000.12 1000.04 1000.07 1000.07 1000.11 1000.22 1000.19 1000.07 1000.07 1000.18 1000.22 1000.25 1000.25 1000.28 1000.42 1000.55 1000.69 1000.76 1000.83 1000.79 1000.67 1000.62 1000.68 1000.77 1000.77 1000.79 1000.8 1000.77 1000.82 1000.82 1000.78 1000.77 1000.76 1000.78 1000.83 1000.87 1000.87 1000.86 1000.88 1000.93 1000.88 1000.86 1000.9 1000.88 1000.87 1000.83 1000.8 1000.73 1000.7 1000.68 1000.64 1000.64 1000.56 1000.47 1000.38 1000.35 1000.37 1000.34 1000.32 1000.26 1000.22 1000.23 1000.24 1000.31 1000.26 1000.28 1000.3 1000.31 1000.35 1000.38 1000.42 1000.4 1000.4 1000.4 1000.45 1000.49 1000.44 1000.44 1000.41 1000.42 1000.43 1000.47 1000.45 1000.44 1000.44 1000.42 1000.4 1000.36 1000.33 1000.34 1000.36 1000.39 1000.39 1000.37 1000.33 1000.34 1000.36 1000.34 1000.33 1000.31 1000.34 1000.36 1000.38 1000.41 1000.45 1000.42 1000.38 1000.36 999.7804166666667 0.9753533264916118
5 990.42 990.38 990.38 990.4 990.45 990.43 990.45 990.52 990.57 990.59 990.65 990.66 990.72 990.79 990.88 990.95 990.99 991.03 991.09 991.14 991.2 991.26 991.24 991.22 991.25 991.27 991.3 991.31 991.4 991.49 991.57 991.6 991.59 991.66 991.75 991.82 991.88 991.87 991.91 991.93 991.95 991.91 991.85 991.86 991.9 991.9 991.89 991.85 991.79 991.8 991.79 991.82 991.87 991.93 991.95 991.93 991.96 992.01 992.05 992.09 992.11 992.15 992.17 992.18 992.16 992.18 992.16 992.15 992.14 992.13 992.15 992.15 992.17 992.16 992.24 992.25 992.24 992.19 992.2 992.23 992.26 992.28 992.29 992.28 992.31 992.31 992.29 992.26 992.25 992.27 992.32 992.39 992.43 992.45 992.48 992.52 992.53 992.55 992.54 992.58 992.63 992.63 992.64 992.69 992.72 992.73 992.73 992.75 992.78 992.84 992.89 992.95 993.0 993.05 993.13 993.18 993.19 993.21 993.29 993.41 993.42 993.44 993.4 993.42 993.49 993.55 993.59 993.61 993.6 993.61 993.67 993.71 993.75 993.79 993.76 993.81 993.83 993.9 993.9 993.89 993.94 994.02 994.04 994.04 994.07 994.12 994.08 994.07 994.05 994.06 993.97 993.94 993.96 994.02 994.06 994.04 994.02 994.01 993.99 993.98 993.99 993.94 993.87 993.81 993.77 993.8 993.83 993.8 993.76 993.72 993.72 993.71 993.75 993.78 993.81 993.8 993.72 993.59 993.44 993.5 993.42 993.33 993.33 993.28 993.31 993.28 993.25 993.21 993.17 993.14 993.12 993.06 993.02 993.02 993.0 993.06 993.12 993.17 993.26 993.33 993.33 993.29 993.3 993.31 993.38 993.51 993.61 993.66 993.64 993.67 993.79 993.86 993.84 993.81 993.83 993.69 993.59 993.57 993.57 993.64 993.65 993.69 993.77 993.79 993.76 993.8 993.78 993.73 993.73 993.73 993.71 993.64 993.59 993.61 993.56 993.56 993.52 993.41 993.46 993.56 993.52 993.44 993.43 993.41 993.41 993.42 993.41 993.38 993.36 993.39 993.38 993.39 993.35 993.34 993.37 993.35 993.36 993.33 993.44 993.47 993.46 993.45 993.42 993.41 993.37 993.42 993.45 993.48 993.53 993.56 993.58 993.59 993.62 993.65 993.69 993.69 993.69 993.69 993.69 993.68 993.7 993.65 993.64 993.66 993.68 993.65 993.64 993.72 992.9083680555556 0.9725051758344426
6 963.15 963.22 963.3 963.35 963.34 963.36 963.38 963.43 963.44 963.38 963.4 963.49 963.58 963.65 963.72 963.78 963.86 963.87 963.91 963.95 963.99 964.1 964.17 964.29 964.38 964.36 964.35 964.32 964.34 964.36 964.37 964.43 964.45 964.51 964.58 964.58 964.53 964.64 964.7 964.78 964.83 964.93 964.96 964.9 964.83 964.79 964.77 964.74 964.76 964.79 964.8 964.78 964.74 964.69 964.66 964.74 964.8 964.83 964.82 964.86 964.9 964.91 964.91 964.91 964.93 964.99 964.98 964.97 964.96 964.98 964.97 964.98 964.93 964.94 965.0 965.01 965.0 965.0 964.99 964.95 964.93 964.95 965.02 965.07 965.1 965.1 965.07 965.12 965.1 965.16 965.19 965.21 965.21 965.23 965.31 965.35 965.34 965.36 965.33 965.31 965.33 965.4 965.43 965.5 965.49 965.49 965.56 965.6 965.69 965.7 965.69 965.73 965.79 965.77 965.82 965.88 965.9 965.98 966.05 966.11 966.2 966.24 966.33 966.34 966.38 966.43 966.43 966.44 966.45 966.44 966.45 966.49 966.51 966.56 966.61 966.69 966.7 966.71 966.74 966.69 966.72 966.79 966.87 966.87 966.87 966.94 967.09 967.09 967.08 967.1 967.09 967.04 966.97 966.99 967.01 967.0 966.97 966.97 966.96 966.93 966.97 966.97 966.99 966.99 966.97 966.94 966.92 966.96 967.02 967.04 966.98 966.98 966.97 966.9 966.9 966.94 966.96 966.8 966.74 966.79 966.72 966.46 966.42 966.51 966.49 966.37 966.42 966.3 966.32 966.38 966.42 966.39 966.34 966.29 966.22 966.4 966.42 966.47 966.48 966.5 966.57 966.52 966.52 966.48 966.48 966.47 966.5 966.6 966.67 966.69 966.67 966.7 966.71 966.84 966.95 966.99 966.99 966.9 966.85 966.83 966.94 966.94 966.93 966.9 966.87 966.85 966.85 966.82 966.79 966.74 966.71 966.62 966.6 966.62 966.58 966.57 966.53 966.54 966.56 966.55 966.51 966.59 966.7 966.69 966.71 966.62 966.56 966.54 966.56 966.6 966.66 966.62 966.65 966.67 966.68 966.61 966.61 966.58 966.62 966.64 966.68 966.68 966.69 966.72 966.67 966.72 966.7 966.75 966.71 966.75 966.73 966.75 966.73 966.76 966.77 966.82 966.76 966.73 966.72 966.78 966.82 966.79 966.76 966.79 966.81 966.85 966.84 966.85 965.8944791666667 1.0710968715645035
7 989.76 989.85 989.82 989.83 989.94 990.03 990.11 990.13 990.07 990.03 990.14 990.21 990.2 990.36 990.52 990.59 990.58 990.57 990.55 990.62 990.68 990.78 990.88 990.91 990.91 990.98 991.1 991.08 991.15 991.12 991.22 991.07 990.94 991.01 991.13 991.26 991.34 991.37 991.35 991.28 991.3 991.3 991.24 991.23 991.26 991.22 991.32 991.42 991.51 991.52 991.6 991.62 991.62 991.55 991.5 991.47 991.36 991.27 991.27 991.28 991.2 991.15 991.19 991.22 991.23 991.33 991.42 991.49 991.48 991.5 991.55 991.58 991.58 991.63 991.64 991.63 991.63 991.58 991.58 991.62 991.61 991.67 991.7 991.7 991.7 991.74 991.83 991.84 991.8 991.78 991.8 991.81 991.83 991.87 991.85 991.84 991.84 991.84 991.84 991.89 991.91 991.99 992.02 992.06 992.1 992.14 992.21 992.22 992.19 992.24 992.32 992.39 992.39 992.46 992.52 992.5 992.5 992.53 992.63 992.71 992.76 992.83 992.92 993.0 993.1 993.17 993.21 993.24 993.32 993.36 993.38 993.4 993.42 993.35 993.42 993.48 993.49 993.48 993.5 993.53 993.56 993.59 993.66 993.71 993.79 993.89 993.93 993.93 993.95 993.96 993.98 994.01 993.97 993.93 993.89 993.89 993.89 993.88 993.82 993.76 993.8 993.83 993.84 993.86 993.92 993.94 993.92 993.84 993.79 993.73 993.71 993.75 993.7 993.69 993.7 993.66 993.59 993.6 993.52 993.46 993.39 993.36 993.3 993.19 993.13 993.11 993.07 992.89 992.87 992.89 992.81 992.78 992.75 992.64 992.61 992.57 992.57 992.54 992.53 992.55 992.65 992.74 992.74 992.71 992.62 992.61 992.53 992.48 992.37 992.4 992.4 992.34 992.25 992.17 992.15 992.1 992.09 992.09 992.08 992.06 992.11 992.19 992.27 992.28 992.31 992.47 992.58 992.71 992.81 992.86 992.88 992.91 992.88 992.87 992.9 992.93 992.86 992.81 992.78 992.79 992.74 992.69 992.65 992.68 992.65 992.67 992.73 992.78 992.77 992.66 992.64 992.59 992.54 992.55 992.56 992.6 992.55 992.53 992.54 992.57 992.55 992.55 992.59 992.6 992.56 992.6 992.68 992.71 992.76 992.74 992.79 992.8 992.81 992.83 992.86 992.87 992.88 992.9 992.94 993.0 993.01 993.01 993.09 993.16 993.16 993.15 993.12 993.13 992.3348611111111 1.0119519111786541
8 975.4 975.36 975.36 975.39 975.43 975.49 975.54 975.53 975.53 975.53 975.58 975.63 975.65 975.68 975.83 976.03 976.12 976.19 976.22 976.24 976.26 976.28 976.33 976.37 976.41 976.53 976.62 976.69 976.77 976.73 976.81 976.76 976.7 976.66 976.65 976.68 976.7 976.74 976.82 976.8 976.79 976.82 976.79 976.74 976.74 976.7 976.72 976.79 976.86 976.98 977.02 977.08 977.17 977.22 977.26 977.2 977.09 976.98 976.91 976.85 976.77 976.69 976.65 976.69 976.7 976.71 976.72 976.74 976.83 976.9 976.96 977.01 977.01 977.04 977.07 977.04 977.01 977.01 977.0 976.99 977.0 977.04 977.07 977.13 977.17 977.14 977.18 977.24 977.23 977.23 977.25 977.25 977.23 977.29 977.3 977.31 977.3 977.27 977.3 977.35 977.39 977.41 977.47 977.47 977.54 977.57 977.63 977.67 977.7 977.67 977.71 977.73 977.76 977.78 977.79 977.77 977.83 977.88 977.98 978.06 978.1 978.18 978.3 978.34 978.4 978.48 978.48 978.48 978.67 978.72 978.73 978.74 978.78 978.79 978.84 978.87 978.9 978.89 978.88 978.9 978.92 978.95 979.0 979.05 979.1 979.18 979.24 979.28 979.36 979.39 979.35 979.33 979.35 979.35 979.24 979.24 979.23 979.24 979.23 979.18 979.16 979.17 979.2 979.22 979.25 979.26 979.28 979.24 979.28 979.24 979.2 979.21 979.16 979.16 979.18 979.15 979.12 979.09 979.07 979.05 979.03 979.03 978.98 978.9 978.82 978.75 978.57 978.49 978.41 978.39 978.4 978.28 978.27 978.22 978.16 978.04 978.01 978.03 977.97 978.04 978.07 978.13 978.15 978.15 978.21 978.19 978.17 978.08 978.03 977.9 977.98 978.0 977.95 977.91 977.88 977.83 977.88 977.87 977.9 977.85 977.88 977.89 977.88 977.9 977.86 977.86 977.91 978.04 978.06 978.08 978.23 978.37 978.49 978.57 978.63 978.63 978.61 978.57 978.6 978.62 978.57 978.56 978.52 978.53 978.46 978.49 978.44 978.48 978.52 978.5 978.45 978.38 978.29 978.26 978.28 978.28 978.27 978.23 978.21 978.22 978.24 978.26 978.25 978.18 978.23 978.26 978.26 978.21 978.23 978.24 978.23 978.26 978.3 978.29 978.33 978.34 978.34 978.43 978.5 978.52 978.56 978.63 978.72 978.78 978.79 978.8 978.82 978.84 977.8407291666666 1.0069728099519766
9 979.84 979.89 979.96 979.98 980.39 980.31 980.55 980.71 980.78 980.88 980.86 980.79 980.95 980.82 980.85 980.89 980.91 980.82 980.77 980.65 980.6 980.74 980.8 980.91 981.03 981.12 981.05 980.98 980.94 980.93 980.9 980.9 981.02 981.05 981.04 980.99 980.94 980.8 980.72 980.71 980.8 980.92 980.95 980.9 980.96 981.01 981.09 981.05 981.12 981.18 981.26 981.29 981.32 981.3 981.26 981.3 981.34 981.43 981.42 981.38 981.4 981.34 981.29 981.11 981.15 981.26 981.25 981.14 981.15 981.22 981.21 981.19 981.23 981.35 981.46 981.46 981.55 981.55 981.55 981.49 981.53 981.58 981.63 981.62 981.64 981.63 981.7 981.69 981.68 981.63 981.62 981.63 981.66 981.66 981.7 981.71 981.7 981.73 981.75 981.73 981.74 981.77 981.84 981.9 981.93 981.94 981.97 982.01 982.08 982.15 982.23 982.27 982.28 982.32 982.36 982.39 982.39 982.39 982.36 982.39 982.46 982.54 982.56 982.59 982.66 982.74 982.81 982.87 982.9 982.96 983.01 983.06 983.13 983.22 983.15 983.16 983.28 983.3 983.28 983.24 983.19 983.24 983.2 983.28 983.34 983.34 983.41 983.44 983.5 983.54 983.55 983.55 983.63 983.63 983.63 983.62 983.64 983.64 983.66 983.64 983.58 983.56 983.58 983.58 983.53 983.44 983.43 983.44 983.47 983.52 983.54 983.58 983.64 983.67 983.71 983.69 983.65 983.57 983.56 983.59 983.58 983.53 983.46 983.4 983.36 983.36 983.38 983.35 983.32 983.21 983.09 982.98 982.91 982.9 982.85 982.75 982.75 982.73 982.69 982.57 982.51 982.44 982.43 982.49 982.49 982.5 982.5 982.57 982.61 982.72 982.69 982.67 982.62 982.52 982.44 982.43 982.37 982.22 982.1 982.04 981.98 981.93 981.93 981.98 981.93 981.89 981.85 981.86 981.89 981.97 982.0 981.91 981.82 981.86 981.96 981.96 981.9 981.9 981.83 981.87 981.86 981.79 981.8 981.85 981.85 981.99 982.17 982.64 982.56 982.6 982.71 982.74 982.82 982.85 982.74 982.67 982.66 982.61 982.56 982.55 982.53 982.47 982.44 982.4 982.34 982.3 982.31 982.32 982.31 982.31 982.27 982.31 982.36 982.43 982.45 982.46 982.47 982.52 982.54 982.54 982.67 982.68 982.68 982.68 982.68 982.68 982.72 982.78 982.1620486111111 0.9260106849110835
END
#################################################################
SECTION3 (Edges Information)
EndPoint0 EndPoint1 Weight
0 1 1.000000
1 2 1.000000
2 3 1.000000
3 4 1.000000
3 5 1.000000
4 5 1.000000
4 6 1.000000
5 6 1.000000
5 7 1.000000
6 7 1.000000
7 8 1.000000
7 9 1.000000
8 9 1.000000
0 1 1.000000
1 2 1.000000
2 3 1.000000
3 4 1.000000
3 5 1.000000
4 5 1.000000
4 6 1.000000
5 6 1.000000
5 7 1.000000
6 7 1.000000
7 8 1.000000
7 9 1.000000
8 9 1.000000
0 1 1.000000
1 2 1.000000
2 3 1.000000
3 4 1.000000
3 5 1.000000
4 5 1.000000
4 6 1.000000
5 6 1.000000
5 7 1.000000
6 7 1.000000
7 8 1.000000
7 9 1.000000
8 9 1.000000
0 1 1.000000
1 2 1.000000
2 3 1.000000
3 4 1.000000
3 5 1.000000
4 5 1.000000
4 6 1.000000
5 6 1.000000
5 7 1.000000
6 7 1.000000
7 8 1.000000
7 9 1.000000
8 9 1.000000
END
#################################################################
SECTION4 (TrueSubGraph Information)
EndPoint0 EndPoint1 Weight
END
#################################################################
