#################################################################
#APDM Input Graph, this input graph includes 3 sections:
#section1 : general information
#section2 : nodes
#section3 : edges
#section4 : trueSubGraph (Optional)
#
#if nodes haven't information set weight to null
#################################################################
SECTION1 (General Information)
numNodes = 10
numEdges = 26
usedAlgorithm = NULL
dataSource = TransWeatherRealData
END
#################################################################
SECTION2 (Nodes Information)
NodeID press  mean  std 
0 -1.0 -1.0 -1.0 -1.0 -1.0 -1.0 -1.0 -1.0 -1.0 -1.0 -1.0 -1.0 -1.0 -1.0 -1.0 -1.0 -1.0 975.84 975.77 975.82 975.87 975.94 975.94 975.95 975.91 975.84 975.78 975.65 975.62 975.69 975.69 975.73 975.74 975.65 975.53 975.52 975.59 975.55 975.54 975.54 975.31 975.25 975.2 975.04 974.89 974.72 974.78 974.57 974.73 974.89 974.96 975.08 975.25 975.36 975.38 975.36 975.35 975.29 975.3 975.3 975.33 975.36 975.33 975.16 974.92 975.04 975.0 974.87 974.86 974.86 974.78 974.72 974.62 974.54 974.58 974.53 974.49 974.47 974.39 974.28 974.3 974.34 974.35 974.25 974.07 974.01 973.88 973.78 973.8 973.78 973.73 973.74 973.74 973.64 973.61 973.6 973.65 973.59 973.58 973.68 973.69 973.66 973.65 973.58 973.54 973.56 973.52 973.58 973.57 973.68 973.72 973.8 973.81 973.9 973.92 974.05 974.15 974.17 974.23 974.27 974.26 974.26 974.37 974.41 974.46 974.59 974.71 974.71 974.69 974.71 974.7 974.67 974.78 974.87 974.86 974.85 974.88 974.92 975.01 975.13 975.16 975.17 975.15 975.18 975.22 975.26 975.24 975.28 975.33 975.33 975.29 975.3 975.29 975.29 975.28 975.25 975.28 975.27 975.25 975.23 975.27 975.28 975.2 975.19 975.21 975.22 975.29 975.22 975.24 975.28 975.27 975.2 975.22 975.24 975.23 975.2 975.22 975.22 975.24 975.23 975.2 975.18 975.14 975.24 975.22 975.2 975.17 975.23 975.22 975.17 975.22 975.19 975.2 975.27 975.27 975.31 975.3 975.31 975.31 975.31 975.32 975.27 975.3 975.21 975.23 975.24 975.27 975.24 975.29 975.29 975.21 975.21 975.19 975.23 975.26 975.3 975.32 975.39 975.47 975.5 975.54 975.65 975.61 975.66 975.68 975.69 975.75 975.8 975.87 976.03 976.09 976.04 975.94 975.9 975.88 975.93 975.87 975.82 975.84 975.97 975.98 976.14 976.27 976.43 976.45 976.41 976.43 976.35 976.36 976.34 976.34 976.35 976.36 976.39 976.37 976.39 976.48 976.6 976.69 976.66 976.66 976.63 976.54 976.57 976.74 976.84 976.81 976.86 976.8 976.81 976.82 976.81 976.81 976.87 976.92 976.91 976.91 976.94 976.97 976.99 976.96 977.01 977.09 977.19 977.28 977.36 977.36 977.33 917.6670486111111 230.49225523499635
1 967.53 967.59 967.51 967.39 967.27 967.18 967.06 966.94 966.93 966.94 967.08 967.21 967.26 967.46 967.33 967.33 967.38 967.56 967.55 967.65 967.61 967.68 967.7 967.7 967.81 967.84 967.83 967.94 967.78 967.72 967.65 967.64 967.65 967.62 967.57 967.54 967.42 967.25 967.24 967.25 967.21 967.35 967.49 967.39 967.41 967.37 967.27 967.21 967.22 967.3 967.35 967.23 967.03 967.0 967.1 967.31 967.38 967.34 967.24 967.18 966.98 966.96 966.95 967.02 966.96 966.88 966.78 966.74 966.79 966.81 966.7 966.6 966.48 966.43 966.59 966.62 966.6 966.64 966.46 966.23 965.94 965.9 965.99 966.49 966.53 966.4 965.97 965.79 965.65 965.56 965.36 965.33 965.3 965.21 965.14 965.13 965.21 965.21 965.27 965.32 965.44 965.58 965.61 965.55 965.49 965.5 965.53 965.55 965.53 965.46 965.44 965.46 965.39 965.36 965.33 965.47 965.58 965.57 965.6 965.72 965.71 965.75 965.74 965.78 965.85 965.93 966.0 966.17 966.3 966.32 966.37 966.41 966.44 966.55 966.54 966.48 966.33 966.29 966.34 966.35 966.35 966.47 966.47 966.5 966.64 966.65 966.69 966.7 966.71 966.73 966.77 966.8 966.78 966.77 966.74 966.71 966.69 966.72 966.7 966.65 966.63 966.65 966.64 966.61 966.58 966.52 966.45 966.38 966.33 966.28 966.28 966.36 966.42 966.45 966.47 966.52 966.56 966.57 966.58 966.53 966.59 966.61 966.59 966.55 966.59 966.67 966.69 966.75 966.68 966.71 966.76 966.81 966.8 966.79 966.83 966.85 966.91 966.9 966.9 966.89 966.9 966.89 966.92 966.93 966.88 966.95 966.99 967.03 967.05 967.02 966.94 966.97 966.96 966.97 966.98 966.97 966.88 966.91 966.92 966.89 966.81 966.75 966.74 966.77 966.74 966.67 966.64 966.7 966.79 966.86 966.86 966.86 966.87 966.85 966.95 966.96 966.96 966.97 967.08 967.11 967.13 967.13 967.06 967.08 967.13 967.16 967.2 967.21 967.23 967.22 967.25 967.31 967.29 967.25 967.22 967.28 967.29 967.34 967.37 967.39 967.4 967.4 967.41 967.39 967.43 967.52 967.52 967.47 967.53 967.59 967.69 967.79 967.83 967.85 967.82 967.91 967.98 968.01 968.08 968.22 968.3 968.39 968.46 968.49 968.5 968.57 968.69 968.73 966.8229861111112 0.7199502304334648
2 990.5 990.39 990.26 990.27 990.16 990.13 989.95 989.88 989.85 989.76 989.72 989.71 989.83 989.96 990.07 990.29 990.34 990.39 990.34 990.43 990.49 990.51 990.53 990.53 990.54 990.46 990.52 990.56 990.6 990.47 990.4 990.22 990.23 990.27 990.22 990.19 990.1 990.03 990.02 989.99 990.05 990.04 990.0 989.99 990.1 990.12 990.16 990.16 990.04 990.04 990.05 990.08 990.1 990.11 990.09 990.01 990.0 989.98 989.93 989.93 989.95 990.02 989.99 989.99 989.82 989.69 989.56 989.48 989.45 989.37 989.32 989.34 989.27 989.34 989.31 989.3 989.21 989.12 989.26 989.27 989.12 988.95 988.81 988.62 988.52 988.61 988.5 988.35 988.44 988.51 988.6 988.71 988.82 988.93 988.82 988.56 988.43 988.13 987.83 987.64 987.64 987.9 987.97 987.98 988.1 988.25 988.31 988.46 988.44 988.53 988.53 988.51 988.53 988.49 988.44 988.41 988.37 988.37 988.45 988.59 988.74 988.8 988.85 988.89 988.99 988.99 988.94 989.01 989.2 989.32 989.3 989.39 989.41 989.56 989.62 989.64 989.6 989.62 989.68 989.76 989.71 989.73 989.79 989.82 989.81 989.71 989.84 989.98 989.9 989.89 989.9 989.89 989.89 989.86 989.89 989.85 989.87 989.86 989.83 989.77 989.74 989.75 989.71 989.61 989.52 989.46 989.38 989.31 989.29 989.24 989.21 989.23 989.19 989.11 989.12 989.14 989.11 989.13 989.17 989.2 989.2 989.11 989.09 989.04 989.0 989.03 989.06 989.05 989.06 989.06 989.06 989.1 989.13 989.22 989.2 989.21 989.21 989.21 989.27 989.27 989.22 989.16 989.2 989.22 989.22 989.24 989.29 989.32 989.37 989.45 989.42 989.45 989.45 989.46 989.53 989.57 989.61 989.64 989.63 989.67 989.63 989.62 989.64 989.67 989.72 989.71 989.74 989.7 989.64 989.56 989.46 989.41 989.33 989.26 989.22 989.15 989.2 989.25 989.27 989.44 989.52 989.59 989.62 989.68 989.72 989.7 989.69 989.7 989.74 989.69 989.73 989.76 989.81 989.82 989.81 989.77 989.83 989.79 989.8 989.78 989.78 989.81 989.81 989.81 989.88 989.97 990.05 990.08 990.19 990.27 990.36 990.46 990.48 990.55 990.62 990.7 990.74 990.79 990.88 990.94 990.99 991.05 991.12 991.13 991.25 991.32 991.33 991.37 989.5716666666667 0.678579680859411
3 993.48 993.43 993.32 993.22 993.1 993.01 992.94 992.78 992.76 992.67 992.62 992.53 992.57 992.59 992.64 992.74 992.84 992.96 993.07 993.12 993.15 993.21 993.32 993.38 993.33 993.33 993.27 993.14 993.05 993.02 993.01 992.98 992.9 992.85 992.67 992.63 992.72 992.74 992.69 992.49 992.56 992.63 992.67 992.82 992.78 992.73 992.79 992.85 992.78 992.74 992.71 992.74 992.83 992.83 992.9 992.82 992.81 992.79 992.64 992.49 992.57 992.62 992.63 992.69 992.59 992.36 992.23 992.1 992.1 992.2 992.04 992.03 991.99 991.99 991.9 991.78 991.83 991.89 991.97 991.88 991.82 991.74 991.61 991.45 991.36 991.19 991.06 991.12 991.21 991.26 991.08 990.95 990.91 990.92 990.8 990.91 991.05 991.14 991.18 991.1 991.19 991.08 990.86 990.62 990.45 990.35 990.49 990.79 990.87 990.93 991.03 991.18 991.29 991.32 991.22 991.26 991.29 991.22 991.19 991.16 991.17 991.15 991.12 991.17 991.3 991.44 991.51 991.56 991.55 991.61 991.67 991.66 991.64 991.8 992.02 992.03 992.05 992.06 992.17 992.22 992.3 992.27 992.21 992.26 992.35 992.37 992.25 992.24 992.18 992.21 992.21 992.19 992.17 992.24 992.25 992.19 992.24 992.22 992.19 992.09 992.02 992.07 992.05 992.01 991.97 991.91 991.87 991.82 991.82 991.76 991.68 991.63 991.62 991.62 991.58 991.6 991.6 991.59 991.56 991.51 991.48 991.44 991.49 991.53 991.55 991.54 991.49 991.5 991.56 991.55 991.57 991.59 991.62 991.66 991.63 991.58 991.67 991.73 991.76 991.77 991.74 991.71 991.7 991.74 991.82 991.81 991.79 991.75 991.7 991.76 991.8 991.83 991.77 991.8 991.8 991.81 991.73 991.69 991.72 991.7 991.74 991.8 991.88 991.92 991.98 992.01 992.03 992.07 992.1 992.15 992.14 992.11 992.14 992.27 992.4 992.42 992.46 992.54 992.5 992.53 992.5 992.52 992.58 992.53 992.56 992.51 992.58 992.61 992.52 992.52 992.54 992.56 992.56 992.6 992.57 992.53 992.63 992.65 992.64 992.59 992.62 992.61 992.61 992.61 992.69 992.76 992.76 992.75 992.78 992.98 993.14 993.18 993.19 993.18 993.19 993.24 993.35 993.41 993.48 993.54 993.53 993.57 993.62 993.67 993.71 993.74 993.75 993.78 992.1661458333333 0.7164975347721011
4 991.78 991.73 991.72 991.73 991.64 991.63 991.6 991.59 991.38 991.3 991.21 991.12 991.06 991.03 991.03 990.95 991.07 991.2 991.32 991.45 991.58 991.65 991.7 991.61 991.79 991.76 991.72 991.85 991.87 991.7 991.68 991.54 991.39 991.25 991.08 991.12 991.05 990.93 991.08 991.17 991.16 991.34 991.28 991.22 991.25 991.27 991.26 991.28 991.26 991.08 991.06 991.03 991.01 991.06 991.04 990.93 990.92 990.94 990.87 990.81 990.82 991.0 991.07 991.06 990.89 990.89 990.86 990.79 990.54 990.42 990.27 990.2 990.22 990.31 990.38 990.43 990.35 990.27 990.1 990.12 990.22 990.18 990.08 990.02 989.95 989.9 989.88 989.84 989.73 989.53 989.48 989.51 989.54 989.53 989.31 989.26 989.27 989.32 989.32 989.31 989.31 989.43 989.49 989.56 989.61 989.57 989.53 989.54 989.47 989.38 989.32 989.27 989.21 989.17 989.39 989.55 989.59 989.59 989.5 989.55 989.62 989.59 989.64 989.72 989.76 989.81 989.91 989.91 989.93 989.89 989.94 990.15 990.17 990.25 990.21 990.18 990.2 990.23 990.22 990.22 990.4 990.41 990.31 990.43 990.52 990.51 990.45 990.48 990.52 990.5 990.47 990.5 990.38 990.26 990.21 990.25 990.23 990.23 990.28 990.36 990.32 990.31 990.23 990.11 990.12 990.05 990.03 990.08 990.06 989.99 989.88 989.86 989.92 989.86 989.78 989.74 989.74 989.8 989.83 989.83 989.76 989.79 989.81 989.77 989.76 989.76 989.78 989.79 989.88 989.94 989.94 989.93 990.0 990.07 990.12 990.11 990.09 990.08 990.12 990.14 990.08 990.04 990.01 989.96 989.95 989.96 990.0 990.02 990.01 990.06 990.17 990.26 990.29 990.24 990.19 990.13 990.07 990.04 989.98 989.96 989.95 989.96 989.95 990.02 990.06 990.01 989.9 989.93 989.95 990.0 990.14 989.99 990.17 990.66 990.66 990.73 990.81 990.86 990.81 990.74 990.74 990.81 990.82 990.78 990.8 990.86 990.91 990.93 990.95 990.95 990.93 990.93 990.94 990.92 990.89 990.84 990.9 990.94 990.87 990.83 990.87 990.84 990.81 990.81 990.86 990.97 991.09 991.2 991.29 991.32 991.34 991.38 991.46 991.5 991.57 991.53 991.59 991.68 991.67 991.64 991.65 991.69 991.82 991.8 991.8 991.82 991.82 991.88 990.4920833333333 0.7076987045671318
5 -1.0 -1.0 -1.0 -1.0 -1.0 -1.0 -1.0 -1.0 -1.0 -1.0 -1.0 -1.0 -1.0 -1.0 -1.0 -1.0 -1.0 -1.0 -1.0 -1.0 -1.0 -1.0 -1.0 -1.0 -1.0 -1.0 -1.0 -1.0 -1.0 -1.0 -1.0 -1.0 -1.0 -1.0 -1.0 -1.0 -1.0 -1.0 -1.0 -1.0 -1.0 -1.0 -1.0 -1.0 -1.0 -1.0 -1.0 -1.0 -1.0 -1.0 -1.0 -1.0 -1.0 -1.0 -1.0 -1.0 -1.0 -1.0 -1.0 -1.0 -1.0 -1.0 -1.0 -1.0 -1.0 -1.0 -1.0 -1.0 -1.0 -1.0 -1.0 -1.0 -1.0 -1.0 -1.0 -1.0 -1.0 -1.0 -1.0 -1.0 -1.0 -1.0 -1.0 -1.0 -1.0 -1.0 -1.0 -1.0 -1.0 -1.0 -1.0 -1.0 -1.0 -1.0 -1.0 -1.0 -1.0 -1.0 -1.0 -1.0 -1.0 -1.0 -1.0 -1.0 -1.0 -1.0 -1.0 -1.0 -1.0 -1.0 -1.0 -1.0 -1.0 -1.0 -1.0 -1.0 -1.0 -1.0 -1.0 -1.0 -1.0 -1.0 -1.0 -1.0 -1.0 -1.0 -1.0 -1.0 -1.0 -1.0 -1.0 -1.0 -1.0 -1.0 -1.0 -1.0 -1.0 -1.0 -1.0 -1.0 -1.0 -1.0 -1.0 -1.0 -1.0 -1.0 -1.0 -1.0 -1.0 -1.0 -1.0 -1.0 -1.0 -1.0 -1.0 -1.0 -1.0 -1.0 -1.0 -1.0 -1.0 -1.0 -1.0 -1.0 -1.0 -1.0 -1.0 -1.0 -1.0 -1.0 -1.0 -1.0 -1.0 -1.0 -1.0 -1.0 -1.0 -1.0 -1.0 -1.0 -1.0 -1.0 -1.0 -1.0 -1.0 -1.0 -1.0 -1.0 -1.0 -1.0 -1.0 -1.0 -1.0 -1.0 -1.0 -1.0 -1.0 -1.0 -1.0 -1.0 -1.0 -1.0 -1.0 -1.0 -1.0 -1.0 -1.0 -1.0 -1.0 -1.0 -1.0 -1.0 -1.0 -1.0 -1.0 -1.0 -1.0 -1.0 -1.0 -1.0 -1.0 -1.0 -1.0 -1.0 -1.0 -1.0 -1.0 -1.0 -1.0 -1.0 -1.0 -1.0 -1.0 -1.0 -1.0 -1.0 -1.0 -1.0 -1.0 -1.0 -1.0 -1.0 -1.0 -1.0 -1.0 -1.0 -1.0 -1.0 -1.0 -1.0 -1.0 -1.0 -1.0 -1.0 -1.0 -1.0 -1.0 -1.0 -1.0 -1.0 -1.0 -1.0 -1.0 -1.0 -1.0 -1.0 -1.0 -1.0 -1.0 -1.0 -1.0 -1.0 -1.0 -1.0 -1.0 -1.0 -1.0 -1.0 -1.0 -1.0 -1.0 -1.0 -1.0 -1.0 -1.0 -1.0 -1.0 -1.0 -1.0 0.0
6 959.84 959.83 959.78 959.7 959.63 959.67 959.69 959.62 959.66 959.75 959.67 959.5 959.45 959.48 959.49 959.46 959.38 959.28 959.2 959.14 959.04 958.95 958.96 959.03 959.04 959.12 959.2 959.25 959.28 959.16 959.06 959.07 959.15 959.26 959.25 959.18 959.06 958.92 958.89 958.89 958.93 958.99 958.76 958.68 958.79 958.78 958.74 958.6 958.49 958.41 958.4 958.41 958.46 958.46 958.44 958.58 958.63 958.57 958.51 958.53 958.6 958.67 958.64 958.6 958.55 958.4 958.36 958.33 958.33 958.32 958.16 958.09 958.14 958.11 958.15 958.05 957.97 958.01 957.98 957.96 957.87 957.89 957.9 957.88 957.88 957.93 957.93 957.99 957.98 957.89 957.72 957.6 957.56 957.53 957.51 957.47 957.47 957.42 957.41 957.36 957.34 957.32 957.3 957.27 957.42 957.5 957.48 957.41 957.34 957.32 957.42 957.43 957.43 957.52 957.63 957.65 957.51 957.53 957.59 957.67 957.68 957.69 957.79 957.77 957.88 957.95 957.78 957.69 957.84 958.0 957.98 958.05 958.07 957.98 957.92 957.92 957.85 958.05 958.11 958.1 957.91 958.01 958.09 958.13 958.19 958.07 958.09 958.14 958.13 958.13 958.13 958.14 958.16 958.1 957.97 957.87 957.85 957.9 957.9 957.9 957.99 957.95 957.9 957.88 957.82 957.72 957.66 957.64 957.68 957.72 957.71 957.67 957.66 957.66 957.67 957.59 957.54 957.41 957.31 957.27 956.95 956.94 957.14 957.12 957.02 956.95 956.67 956.42 956.65 957.49 957.85 957.84 958.06 958.24 958.02 957.93 957.89 957.92 957.93 958.02 958.01 958.0 957.96 957.94 958.06 958.02 958.1 957.92 957.87 957.86 957.92 957.73 957.66 957.68 957.75 957.63 957.53 957.62 957.62 957.65 957.56 957.4 957.28 957.2 957.12 957.02 956.92 956.75 956.75 956.71 956.73 956.83 956.94 956.92 957.02 957.07 957.34 957.61 957.71 957.99 957.83 957.75 957.57 957.49 957.37 957.34 957.45 957.47 957.11 957.07 957.0 956.85 956.92 957.04 957.25 957.31 957.46 957.62 957.58 957.43 957.59 957.62 957.62 957.81 957.92 957.87 958.01 958.12 958.11 958.28 958.37 958.48 958.45 958.51 958.49 958.45 958.5 958.52 958.58 958.68 958.79 958.76 958.82 958.89 958.91 958.92 958.86 958.85 958.0428125 0.7125461581111966
7 985.82 985.71 985.55 985.62 985.82 985.91 985.91 985.85 985.71 985.77 985.79 985.81 985.68 985.67 985.63 985.53 985.6 985.66 985.7 985.71 985.75 985.79 985.77 985.84 985.93 986.05 986.1 985.88 985.87 985.97 986.01 985.99 985.87 985.87 985.89 985.92 985.85 985.72 985.71 985.66 985.51 985.53 985.51 985.55 985.51 985.48 985.44 985.35 985.31 985.23 985.22 985.23 985.27 985.27 985.37 985.32 985.29 985.36 985.29 985.27 985.11 985.15 985.17 985.17 985.15 985.25 985.3 985.15 985.14 985.14 985.11 985.02 984.98 984.97 984.85 984.85 984.9 984.89 984.88 984.85 984.8 984.72 984.7 984.75 984.73 984.74 984.63 984.59 984.47 984.44 984.5 984.47 984.43 984.3 984.17 984.04 984.08 984.19 984.33 984.34 984.12 984.01 984.09 984.25 984.22 984.15 984.02 984.06 984.14 984.27 984.25 984.29 984.38 984.48 984.45 984.53 984.62 984.73 984.8 984.66 984.74 984.89 984.91 984.79 984.74 984.87 984.95 984.93 985.01 985.13 985.15 985.07 984.99 984.98 984.93 984.92 984.89 984.99 985.0 985.06 985.15 985.12 985.05 985.01 984.98 985.1 985.1 985.18 985.19 985.18 985.22 985.2 985.09 984.93 984.81 984.9 985.07 985.09 985.07 985.01 985.08 984.98 984.92 984.94 984.91 984.94 984.82 984.87 984.93 984.99 985.27 985.33 985.22 985.12 985.16 985.22 985.21 985.19 985.19 985.15 985.22 985.19 984.91 984.96 985.09 984.7 984.87 984.86 984.93 985.24 985.08 985.04 984.99 985.26 985.03 984.86 984.7 984.72 984.77 984.69 984.62 984.63 984.69 984.68 984.75 984.7 984.72 984.65 984.46 984.43 984.36 984.4 984.35 984.24 984.31 984.38 984.4 984.34 984.33 984.3 984.39 984.48 984.46 984.51 984.43 984.3 984.14 984.06 983.9 983.89 983.57 983.49 983.58 983.63 983.34 983.38 983.43 983.71 984.01 984.14 984.2 984.24 984.31 984.25 983.58 983.86 984.17 984.24 984.57 984.55 984.49 984.09 983.82 984.0 984.08 984.11 984.26 984.42 984.77 984.99 984.65 984.44 984.43 984.01 984.08 984.08 984.2 984.13 984.06 984.14 984.08 984.14 984.04 984.16 984.46 984.46 984.52 984.69 984.78 984.88 984.79 984.64 984.8 984.84 985.1 985.21 985.32 985.43 984.8515625 0.5834709218441217
8 971.27 971.33 971.45 971.5 971.46 971.44 971.51 971.51 971.45 971.48 971.55 971.52 971.35 971.26 971.26 971.23 971.21 971.25 971.26 971.32 971.49 971.6 971.49 971.38 971.26 971.32 971.38 971.39 971.35 971.47 971.45 971.43 971.51 971.39 971.33 971.34 971.29 971.28 971.47 971.33 971.15 971.15 971.1 971.04 971.05 970.9 971.01 971.02 970.89 970.78 970.87 970.86 970.91 970.99 971.01 970.95 970.95 970.99 970.99 970.95 970.98 970.94 970.95 970.93 970.82 970.8 970.79 970.71 970.67 970.75 970.82 970.8 970.64 970.58 970.53 970.46 970.41 970.38 970.32 970.33 970.25 970.2 970.16 970.14 970.16 970.22 970.19 970.12 970.06 970.03 969.87 969.79 969.71 969.62 969.58 969.58 969.58 969.59 969.6 969.6 969.58 969.55 969.58 969.56 969.55 969.54 969.48 969.4 969.42 969.47 969.54 969.63 969.75 969.81 969.8 969.88 969.95 969.99 969.98 970.0 970.0 970.05 970.06 970.07 970.14 970.27 970.33 970.47 970.51 970.48 970.52 970.5 970.41 970.45 970.5 970.48 970.55 970.59 970.65 970.62 970.58 970.6 970.5 970.54 970.51 970.49 970.54 970.58 970.61 970.59 970.56 970.48 970.46 970.38 970.38 970.35 970.36 970.42 970.41 970.4 970.53 970.4 970.27 970.32 970.23 970.07 970.24 970.23 970.18 970.31 970.39 970.49 970.33 970.38 970.36 970.42 970.52 970.68 970.74 970.93 970.82 970.58 970.72 970.59 970.63 970.74 970.67 970.63 970.61 970.55 970.5 970.48 970.48 970.28 970.32 970.32 970.25 970.26 970.22 970.18 970.24 970.26 970.23 970.18 970.13 970.2 970.25 970.32 970.37 970.35 970.27 969.95 969.9 970.08 970.08 969.81 969.8 969.87 969.79 969.69 969.73 969.77 969.78 969.66 969.54 969.48 969.44 969.29 969.16 969.05 968.84 968.51 968.33 968.33 968.19 968.22 968.61 968.85 968.82 968.88 968.92 968.77 968.7 968.72 968.71 968.74 968.76 968.83 969.28 969.59 969.61 969.64 969.86 969.98 970.02 970.09 970.03 970.11 970.2 970.11 969.92 969.9 969.76 969.83 969.71 969.93 970.06 969.94 969.82 969.84 969.8 969.73 969.79 969.76 969.83 969.92 969.96 969.91 969.92 970.02 970.07 970.08 970.09 970.14 970.12 970.27 970.58 970.74 970.2980555555556 0.7098228446383096
9 -1.0 -1.0 -1.0 -1.0 -1.0 -1.0 -1.0 -1.0 -1.0 -1.0 -1.0 -1.0 -1.0 -1.0 -1.0 -1.0 -1.0 -1.0 -1.0 -1.0 -1.0 -1.0 -1.0 -1.0 -1.0 -1.0 -1.0 -1.0 -1.0 -1.0 -1.0 -1.0 -1.0 -1.0 -1.0 -1.0 -1.0 -1.0 -1.0 -1.0 -1.0 -1.0 -1.0 -1.0 -1.0 -1.0 -1.0 -1.0 -1.0 -1.0 -1.0 -1.0 -1.0 -1.0 -1.0 -1.0 -1.0 -1.0 -1.0 -1.0 -1.0 -1.0 -1.0 -1.0 -1.0 -1.0 -1.0 -1.0 -1.0 -1.0 -1.0 -1.0 -1.0 -1.0 -1.0 -1.0 -1.0 -1.0 -1.0 -1.0 -1.0 -1.0 -1.0 -1.0 -1.0 -1.0 -1.0 -1.0 -1.0 -1.0 -1.0 -1.0 -1.0 -1.0 -1.0 -1.0 -1.0 -1.0 -1.0 -1.0 -1.0 -1.0 -1.0 -1.0 -1.0 -1.0 -1.0 -1.0 -1.0 -1.0 -1.0 -1.0 -1.0 -1.0 -1.0 -1.0 -1.0 -1.0 -1.0 -1.0 -1.0 -1.0 -1.0 -1.0 -1.0 -1.0 -1.0 -1.0 -1.0 -1.0 -1.0 -1.0 -1.0 -1.0 -1.0 -1.0 -1.0 -1.0 -1.0 -1.0 -1.0 -1.0 -1.0 -1.0 -1.0 -1.0 -1.0 -1.0 -1.0 -1.0 -1.0 -1.0 -1.0 -1.0 -1.0 -1.0 -1.0 -1.0 -1.0 -1.0 -1.0 -1.0 -1.0 -1.0 -1.0 -1.0 -1.0 -1.0 -1.0 -1.0 -1.0 -1.0 -1.0 -1.0 -1.0 -1.0 -1.0 -1.0 -1.0 -1.0 -1.0 -1.0 -1.0 -1.0 -1.0 -1.0 -1.0 -1.0 -1.0 -1.0 -1.0 -1.0 -1.0 -1.0 -1.0 -1.0 -1.0 -1.0 -1.0 -1.0 -1.0 -1.0 -1.0 -1.0 -1.0 -1.0 -1.0 -1.0 -1.0 -1.0 -1.0 -1.0 -1.0 -1.0 -1.0 -1.0 -1.0 -1.0 -1.0 -1.0 -1.0 -1.0 -1.0 -1.0 -1.0 -1.0 -1.0 -1.0 -1.0 -1.0 -1.0 -1.0 -1.0 -1.0 -1.0 -1.0 -1.0 -1.0 -1.0 -1.0 -1.0 -1.0 -1.0 -1.0 -1.0 -1.0 -1.0 -1.0 -1.0 -1.0 -1.0 -1.0 -1.0 -1.0 -1.0 -1.0 -1.0 -1.0 -1.0 -1.0 -1.0 -1.0 -1.0 -1.0 -1.0 -1.0 -1.0 -1.0 -1.0 -1.0 -1.0 -1.0 -1.0 -1.0 -1.0 -1.0 -1.0 -1.0 -1.0 -1.0 -1.0 -1.0 -1.0 -1.0 -1.0 -1.0 -1.0 -1.0 -1.0 0.0
END
#################################################################
SECTION3 (Edges Information)
EndPoint0 EndPoint1 Weight
0 1 1.000000
1 2 1.000000
2 3 1.000000
3 4 1.000000
3 5 1.000000
4 5 1.000000
4 6 1.000000
5 6 1.000000
5 7 1.000000
6 7 1.000000
7 8 1.000000
7 9 1.000000
8 9 1.000000
0 1 1.000000
1 2 1.000000
2 3 1.000000
3 4 1.000000
3 5 1.000000
4 5 1.000000
4 6 1.000000
5 6 1.000000
5 7 1.000000
6 7 1.000000
7 8 1.000000
7 9 1.000000
8 9 1.000000
END
#################################################################
SECTION4 (TrueSubGraph Information)
EndPoint0 EndPoint1 Weight
END
#################################################################
