#################################################################
#APDM Input Graph, this input graph includes 3 sections:
#section1 : general information
#section2 : nodes
#section3 : edges
#section4 : trueSubGraph (Optional)
#
#if nodes haven't information set weight to null
#################################################################
SECTION1 (General Information)
numNodes = 10
numEdges = 52
usedAlgorithm = NULL
dataSource = TransWeatherRealData
END
#################################################################
SECTION2 (Nodes Information)
NodeID press  mean  std 
0 975.9 976.0 976.0 976.1 976.2 976.2 976.1 976.1 976.2 976.3 976.3 976.2 976.3 976.2 976.3 976.3 976.3 976.3 976.4 976.4 976.5 976.4 976.4 976.5 976.5 976.5 976.5 976.6 976.6 976.7 976.6 976.7 976.8 976.7 976.7 976.7 976.7 976.8 976.8 976.9 976.9 976.9 976.9 976.8 976.9 976.9 976.9 976.8 976.8 976.8 976.9 976.9 976.9 977.0 976.9 977.0 977.1 977.2 977.2 977.2 977.3 977.3 977.3 977.4 977.5 977.5 977.5 977.5 977.6 977.6 977.5 977.6 977.6 977.8 977.7 977.8 977.8 977.8 977.8 977.8 977.8 977.8 977.8 977.8 977.8 977.8 977.8 977.8 977.8 977.9 978.0 978.0 978.0 978.0 978.0 978.1 978.1 978.2 978.3 978.3 978.3 978.3 978.3 978.3 978.4 978.4 978.5 978.5 978.7 978.7 978.8 978.8 978.9 979.0 979.0 979.0 979.0 979.1 979.1 979.1 979.0 979.0 979.0 979.1 979.1 979.1 979.1 979.2 979.2 979.2 979.2 979.2 979.2 979.2 979.2 979.2 979.2 979.2 979.2 979.2 979.2 979.2 979.2 979.2 979.1 979.1 979.0 979.0 979.0 978.9 978.9 978.9 978.9 978.7 978.7 978.7 978.6 978.6 978.6 978.6 978.6 978.6 978.5 978.5 978.5 978.6 978.6 978.5 978.5 978.5 978.5 978.5 978.5 978.4 978.5 978.5 978.4 978.4 978.3 978.2 978.1 978.0 978.1 978.2 978.2 978.2 978.2 978.2 978.2 978.2 978.3 978.3 978.3 978.3 978.3 978.2 978.1 978.0 977.9 978.0 978.1 978.0 978.0 978.0 978.0 977.9 978.0 978.0 978.0 978.0 977.9 977.8 977.8 977.8 977.8 977.7 977.6 977.6 977.6 977.6 977.6 977.6 977.6 977.6 977.6 977.6 977.6 977.7 977.7 977.8 977.7 977.8 977.9 977.9 978.2 978.3 978.2 978.1 978.0 978.1 978.2 978.2 978.2 978.3 978.3 978.3 978.1 978.0 977.9 977.6 977.6 977.6 977.6 977.5 977.6 977.5 977.4 977.4 977.0 976.8 976.9 977.1 976.9 977.0 977.1 977.1 977.3 977.3 977.2 977.0 977.2 977.4 977.3 977.3 977.2 977.2 977.2 977.2 977.1 977.0 977.0 977.1 977.2 977.3 977.4 977.5 977.4 977.3 977.7940972222223 0.8468428048696637
1 965.9 965.9 965.9 965.9 965.9 966.0 966.0 966.0 966.0 966.0 966.0 966.0 966.0 966.0 966.1 966.1 966.1 966.0 966.0 966.0 966.0 966.0 966.0 966.0 966.0 966.1 966.2 966.1 966.2 966.1 966.1 966.3 966.3 966.3 966.4 966.4 966.4 966.4 966.4 966.4 966.5 966.6 966.6 966.6 966.6 966.7 966.7 966.7 966.7 966.7 966.8 966.8 966.7 966.8 966.8 966.8 966.8 966.8 966.8 966.8 966.9 966.9 967.0 967.0 967.0 967.1 967.3 967.3 967.3 967.4 967.4 967.5 967.5 967.5 967.5 967.5 967.5 967.6 967.6 967.7 967.7 967.8 967.8 967.8 967.8 967.8 967.8 967.9 967.9 967.9 968.0 968.1 968.1 968.2 968.3 968.4 968.5 968.6 968.7 968.8 968.9 968.9 969.0 969.1 969.2 969.3 969.4 969.5 969.6 969.7 969.7 969.8 969.8 969.8 969.8 969.7 969.8 969.8 969.7 969.7 969.7 969.7 969.7 969.8 969.7 969.7 969.7 969.7 969.7 969.7 969.7 969.7 969.8 969.8 969.8 969.7 969.8 969.8 969.8 969.8 969.9 969.9 969.9 969.9 969.9 969.9 970.0 970.0 970.0 970.0 970.0 970.0 970.0 969.9 969.9 969.9 969.8 969.8 969.7 969.7 969.6 969.6 969.6 969.6 969.5 969.5 969.5 969.5 969.5 969.4 969.4 969.5 969.4 969.5 969.4 969.4 969.5 969.4 969.4 969.4 969.3 969.4 969.4 969.3 969.4 969.4 969.4 969.4 969.3 969.3 969.3 969.3 969.3 969.3 969.3 969.3 969.3 969.3 969.3 969.3 969.4 969.3 969.2 969.1 969.1 969.0 969.1 969.1 969.1 969.1 969.1 969.1 969.1 969.1 969.1 969.0 969.0 969.0 968.9 968.9 968.9 968.8 968.8 968.8 968.9 968.9 969.0 969.0 969.1 969.0 969.1 969.1 969.1 969.2 969.2 969.2 969.2 969.2 969.3 969.3 969.4 969.3 969.3 969.2 969.2 969.2 969.3 969.3 969.2 969.3 969.4 969.3 969.1 969.0 969.0 968.9 968.8 968.8 968.7 968.4 968.3 968.0 968.1 968.2 968.3 968.3 968.3 968.2 968.3 968.3 968.2 968.2 968.2 968.3 968.4 968.5 968.4 968.2 968.2 968.2 968.1 967.9 967.9 967.6 967.6 967.9 968.1 968.0 968.3996527777778 1.293955345639073
2 989.0 989.0 989.0 989.1 989.1 989.2 989.2 989.2 989.2 989.1 989.1 989.2 989.3 989.3 989.3 989.4 989.4 989.4 989.4 989.4 989.4 989.4 989.4 989.5 989.5 989.5 989.5 989.4 989.4 989.4 989.4 989.6 989.6 989.6 989.7 989.7 989.8 989.8 989.8 989.9 989.9 989.9 989.9 990.0 990.0 990.0 990.1 990.2 990.2 990.2 990.3 990.3 990.4 990.4 990.5 990.6 990.7 990.7 990.8 990.9 991.0 991.0 991.0 991.1 991.1 991.2 991.3 991.4 991.4 991.4 991.4 991.4 991.5 991.5 991.6 991.6 991.6 991.7 991.7 991.8 991.8 991.8 991.8 991.9 991.9 991.9 992.0 992.0 992.0 992.1 992.1 992.1 992.2 992.3 992.3 992.3 992.4 992.5 992.6 992.6 992.7 992.8 992.9 992.9 993.0 993.0 993.1 993.2 993.3 993.3 993.4 993.5 993.6 993.6 993.6 993.6 993.6 993.6 993.6 993.6 993.6 993.6 993.6 993.7 993.7 993.7 993.7 993.7 993.7 993.7 993.8 993.8 993.8 993.7 993.7 993.7 993.7 993.6 993.6 993.6 993.6 993.7 993.7 993.7 993.7 993.7 993.7 993.7 993.7 993.7 993.7 993.7 993.7 993.7 993.7 993.6 993.6 993.6 993.6 993.6 993.5 993.5 993.5 993.4 993.4 993.4 993.4 993.4 993.4 993.4 993.4 993.4 993.4 993.4 993.4 993.4 993.5 993.4 993.4 993.4 993.3 993.4 993.3 993.3 993.3 993.3 993.3 993.4 993.3 993.3 993.2 993.1 993.1 993.1 993.2 993.2 993.2 993.2 993.2 993.3 993.3 993.3 993.4 993.4 993.4 993.3 993.3 993.2 993.1 993.1 993.1 993.1 993.1 993.1 993.1 993.0 992.9 992.9 992.9 992.9 993.0 992.9 992.9 993.0 993.0 993.0 993.0 993.1 993.1 993.2 993.2 993.2 993.3 993.3 993.3 993.2 993.2 993.2 993.1 993.2 993.2 993.2 993.3 993.3 993.3 993.2 993.2 993.2 993.2 993.1 993.1 993.2 993.1 993.1 993.1 993.0 992.8 992.8 992.8 992.7 992.5 992.3 992.2 992.1 992.1 991.9 991.8 991.9 992.1 992.0 991.9 991.9 991.9 991.9 991.9 991.9 991.9 991.9 992.1 992.1 992.2 992.2 992.2 992.2 992.1 991.9 991.8 991.6 992.2291666666666 1.4783395431625517
3 991.0 991.0 991.1 991.1 991.2 991.2 991.2 991.3 991.4 991.4 991.3 991.3 991.4 991.4 991.4 991.4 991.4 991.4 991.4 991.4 991.4 991.3 991.4 991.4 991.4 991.3 991.3 991.3 991.3 991.4 991.4 991.4 991.4 991.4 991.4 991.5 991.6 991.6 991.6 991.6 991.7 991.7 991.8 991.8 991.8 991.8 991.9 991.9 992.1 992.1 992.2 992.2 992.2 992.3 992.4 992.5 992.6 992.7 992.8 992.8 992.8 992.8 992.9 993.0 993.1 993.2 993.2 993.3 993.3 993.4 993.4 993.4 993.5 993.6 993.7 993.7 993.8 993.7 993.7 993.8 993.8 993.9 993.9 993.9 993.9 993.9 994.0 994.0 994.1 994.1 994.2 994.2 994.3 994.4 994.4 994.4 994.5 994.6 994.6 994.7 994.7 994.8 994.9 994.9 995.0 995.0 995.1 995.2 995.3 995.4 995.4 995.5 995.6 995.6 995.6 995.7 995.8 995.8 995.9 995.9 995.9 995.9 995.9 996.0 995.9 996.0 996.0 996.0 996.0 996.1 996.1 996.1 996.1 996.1 996.1 996.1 996.1 996.1 996.0 996.0 996.1 996.1 996.1 996.1 996.1 996.1 996.0 996.0 996.0 996.0 996.0 995.9 995.9 995.9 995.9 995.9 995.8 995.8 995.8 995.8 995.8 995.8 995.9 995.8 995.7 995.6 995.5 995.6 995.6 995.5 995.6 995.7 995.7 995.8 995.8 995.9 995.9 995.9 995.9 995.9 995.8 995.9 995.9 995.8 995.8 995.8 995.8 995.8 995.8 995.8 995.7 995.7 995.7 995.6 995.7 995.7 995.7 995.7 995.8 995.8 995.9 996.0 996.0 996.0 996.0 996.0 995.9 995.9 995.9 995.9 995.9 995.8 995.8 995.8 995.8 995.7 995.6 995.5 995.5 995.6 995.6 995.6 995.7 995.7 995.7 995.8 995.8 995.7 995.8 995.7 995.7 995.7 995.7 995.7 995.8 995.9 996.0 996.0 996.0 996.1 995.9 995.8 995.9 995.8 995.9 996.0 995.9 995.8 995.9 995.8 995.8 995.8 995.6 995.5 995.5 995.3 995.4 995.3 995.1 995.0 995.0 995.0 995.0 995.0 995.0 994.8 994.7 994.8 994.8 994.8 994.9 994.9 994.8 994.8 994.8 994.8 994.8 994.9 994.9 994.7 994.7 994.7 994.9 995.0 994.9 994.9 994.9 994.7 994.5371527777778 1.681144111495487
4 987.9 987.9 988.0 988.0 988.1 988.1 988.1 988.2 988.2 988.2 988.3 988.3 988.3 988.3 988.4 988.3 988.3 988.4 988.4 988.4 988.4 988.4 988.3 988.3 988.3 988.3 988.3 988.3 988.3 988.3 988.4 988.5 988.6 988.6 988.7 988.7 988.8 988.8 988.9 988.9 988.9 988.9 988.9 988.9 988.8 988.8 988.9 989.0 989.1 989.2 989.2 989.3 989.3 989.3 989.3 989.4 989.5 989.5 989.6 989.7 989.7 989.7 989.8 989.8 989.9 990.0 990.1 990.1 990.1 990.2 990.3 990.3 990.4 990.4 990.5 990.5 990.5 990.6 990.6 990.6 990.6 990.7 990.7 990.7 990.7 990.8 990.9 990.9 991.0 991.0 991.1 991.1 991.1 991.3 991.4 991.4 991.5 991.6 991.6 991.6 991.7 991.8 991.9 991.9 992.0 992.1 992.1 992.2 992.3 992.3 992.3 992.4 992.4 992.5 992.5 992.5 992.6 992.6 992.7 992.8 992.8 992.8 992.8 992.8 992.9 992.9 992.9 992.9 993.0 993.0 993.0 993.0 993.0 993.0 993.0 993.1 993.1 993.1 993.1 993.1 993.1 993.1 993.1 993.1 993.1 993.1 993.1 993.0 993.0 992.9 992.8 992.8 992.8 992.7 992.7 992.7 992.7 992.7 992.7 992.7 992.7 992.7 992.8 992.9 993.0 993.0 993.0 993.0 992.9 992.8 992.8 992.8 992.9 992.9 992.9 993.1 993.0 993.1 993.1 993.0 993.0 993.0 993.0 993.1 993.1 993.1 993.1 993.0 993.0 993.0 992.9 992.9 993.0 993.1 993.1 993.2 993.2 993.3 993.4 993.4 993.4 993.5 993.5 993.5 993.5 993.6 993.6 993.5 993.5 993.6 993.6 993.6 993.6 993.6 993.5 993.5 993.4 993.5 993.4 993.4 993.5 993.5 993.5 993.5 993.6 993.6 993.6 993.6 993.7 993.7 993.7 993.7 993.8 993.7 993.7 993.8 993.8 993.8 993.7 993.8 993.7 993.7 993.7 993.7 993.8 993.8 993.7 993.8 993.8 993.8 993.7 993.6 993.7 993.7 993.7 993.7 993.8 993.8 993.8 993.9 993.9 993.9 993.8 993.9 993.9 993.8 993.8 993.6 993.4 993.2 993.1 992.9 992.7 992.7 992.7 992.7 992.6 992.5 992.5 992.6 992.6 992.6 992.6 992.7 992.7 992.7 992.8 992.9 991.8434027777778 1.9177399093341418
5 979.4 979.5 979.5 979.6 979.6 979.7 979.8 979.9 979.9 979.8 979.8 979.8 979.8 979.9 979.9 979.8 979.8 979.9 979.9 979.9 979.9 979.9 979.9 979.9 980.0 980.1 980.1 980.1 980.1 980.2 980.2 980.2 980.2 980.3 980.3 980.3 980.3 980.4 980.4 980.5 980.5 980.5 980.6 980.6 980.7 980.8 980.8 980.9 980.8 980.8 980.8 980.9 980.9 980.9 980.9 980.9 981.0 981.0 981.1 981.2 981.2 981.2 981.3 981.4 981.3 981.5 981.6 981.5 981.7 981.7 981.8 981.8 981.9 981.9 982.0 982.0 982.1 982.1 982.1 982.2 982.3 982.3 982.4 982.4 982.5 982.5 982.5 982.5 982.6 982.6 982.8 982.9 983.0 983.1 983.2 983.3 983.4 983.5 983.6 983.7 983.7 983.8 983.8 983.9 984.0 984.0 984.2 984.2 984.3 984.4 984.4 984.4 984.5 984.6 984.6 984.6 984.6 984.6 984.6 984.6 984.6 984.6 984.6 984.6 984.7 984.7 984.7 984.8 984.8 984.8 984.8 984.7 984.8 984.8 984.9 985.0 985.0 985.0 985.1 985.0 985.0 985.0 985.0 985.0 985.1 985.1 985.1 985.2 985.2 985.2 985.1 985.1 985.1 985.1 985.1 985.1 985.1 985.0 985.0 985.0 984.9 984.9 984.9 984.9 985.0 985.1 985.1 985.2 985.2 985.1 985.1 985.1 985.0 984.9 984.9 984.8 984.9 985.1 985.1 985.2 985.2 985.3 985.3 985.3 985.2 985.3 985.4 985.3 985.3 985.3 985.3 985.4 985.5 985.6 985.5 985.5 985.5 985.5 985.5 985.6 985.7 985.7 985.8 985.9 985.9 986.0 986.0 986.1 986.1 986.2 986.3 986.3 986.3 986.4 986.4 986.4 986.4 986.4 986.5 986.5 986.5 986.4 986.4 986.4 986.4 986.5 986.6 986.6 986.6 986.7 986.7 986.7 986.7 986.7 986.7 986.7 986.7 986.7 986.7 986.6 986.6 986.6 986.7 986.7 986.7 986.7 986.7 986.6 986.5 986.6 986.5 986.5 986.4 986.4 986.5 986.4 986.3 986.3 986.4 986.4 986.5 986.5 986.4 986.3 986.3 986.2 986.3 986.3 986.3 986.4 986.4 986.4 986.4 986.1 986.2 986.1 985.9 985.9 985.9 985.8 985.7 985.8 985.7 985.6 985.6 985.6 985.7 985.6 984.00625 2.3420922999453824
6 -1.0 -1.0 -1.0 -1.0 -1.0 -1.0 -1.0 -1.0 -1.0 -1.0 -1.0 -1.0 -1.0 -1.0 -1.0 -1.0 -1.0 -1.0 -1.0 -1.0 -1.0 -1.0 -1.0 -1.0 -1.0 -1.0 -1.0 -1.0 -1.0 -1.0 -1.0 -1.0 -1.0 -1.0 -1.0 -1.0 -1.0 -1.0 -1.0 -1.0 -1.0 -1.0 -1.0 -1.0 -1.0 -1.0 -1.0 -1.0 -1.0 -1.0 -1.0 -1.0 -1.0 -1.0 -1.0 -1.0 -1.0 -1.0 -1.0 -1.0 -1.0 -1.0 -1.0 -1.0 -1.0 -1.0 -1.0 -1.0 -1.0 -1.0 -1.0 -1.0 -1.0 -1.0 -1.0 -1.0 -1.0 -1.0 -1.0 -1.0 -1.0 -1.0 -1.0 -1.0 -1.0 -1.0 -1.0 -1.0 -1.0 -1.0 -1.0 -1.0 -1.0 -1.0 -1.0 -1.0 -1.0 -1.0 -1.0 -1.0 -1.0 -1.0 -1.0 -1.0 -1.0 -1.0 -1.0 -1.0 -1.0 -1.0 -1.0 -1.0 -1.0 -1.0 -1.0 -1.0 -1.0 -1.0 -1.0 -1.0 -1.0 -1.0 -1.0 -1.0 -1.0 -1.0 -1.0 -1.0 -1.0 -1.0 -1.0 -1.0 -1.0 -1.0 -1.0 -1.0 -1.0 -1.0 -1.0 -1.0 -1.0 -1.0 -1.0 -1.0 -1.0 -1.0 -1.0 -1.0 -1.0 -1.0 -1.0 -1.0 -1.0 -1.0 -1.0 -1.0 -1.0 -1.0 -1.0 -1.0 -1.0 -1.0 -1.0 -1.0 -1.0 -1.0 -1.0 -1.0 -1.0 -1.0 -1.0 -1.0 -1.0 -1.0 -1.0 -1.0 -1.0 -1.0 -1.0 -1.0 -1.0 -1.0 -1.0 -1.0 -1.0 -1.0 -1.0 -1.0 -1.0 -1.0 -1.0 -1.0 -1.0 -1.0 -1.0 -1.0 -1.0 -1.0 -1.0 -1.0 -1.0 -1.0 -1.0 -1.0 -1.0 -1.0 -1.0 -1.0 -1.0 -1.0 -1.0 -1.0 -1.0 -1.0 -1.0 -1.0 -1.0 -1.0 -1.0 -1.0 -1.0 -1.0 -1.0 -1.0 -1.0 -1.0 -1.0 -1.0 -1.0 -1.0 -1.0 -1.0 -1.0 -1.0 -1.0 -1.0 -1.0 -1.0 -1.0 -1.0 -1.0 -1.0 -1.0 -1.0 -1.0 -1.0 -1.0 -1.0 -1.0 -1.0 -1.0 -1.0 -1.0 -1.0 -1.0 -1.0 -1.0 -1.0 -1.0 -1.0 -1.0 -1.0 -1.0 -1.0 -1.0 -1.0 -1.0 -1.0 -1.0 -1.0 -1.0 -1.0 -1.0 -1.0 -1.0 -1.0 -1.0 -1.0 -1.0 -1.0 -1.0 -1.0 -1.0 -1.0 -1.0 -1.0 -1.0 -1.0 -1.0 0.0
7 977.0 977.1 977.1 977.1 977.2 977.2 977.2 977.3 977.4 977.4 977.5 977.5 977.5 977.6 977.6 977.7 977.7 977.7 977.8 977.8 977.9 978.0 978.1 978.1 978.2 978.2 978.2 978.3 978.3 978.4 978.5 978.6 978.7 978.7 978.7 978.7 978.7 978.8 978.8 978.9 978.9 979.0 979.0 979.1 979.2 979.3 979.4 979.4 979.5 979.5 979.5 979.6 979.6 979.6 979.6 979.6 979.6 979.7 979.7 979.7 979.8 979.8 979.8 979.9 979.9 979.9 979.9 980.0 979.9 979.9 980.0 980.0 980.1 980.1 980.1 980.2 980.2 980.2 980.3 980.3 980.4 980.5 980.5 980.6 980.6 980.7 980.8 980.8 980.9 981.0 981.0 981.1 981.2 981.2 981.3 981.4 981.5 981.5 981.6 981.7 981.7 981.8 981.9 981.9 981.9 982.0 982.1 982.2 982.3 982.3 982.4 982.5 982.6 982.6 982.7 982.7 982.7 982.7 982.8 982.7 982.8 982.9 982.9 982.9 982.9 983.0 983.0 983.0 983.0 982.9 983.0 983.1 983.1 983.1 983.0 983.0 983.0 983.0 983.0 983.1 983.1 983.1 983.2 983.2 983.1 983.2 983.2 983.2 983.1 983.1 983.1 983.0 983.1 983.0 983.0 983.0 983.0 983.0 983.0 983.0 983.1 983.2 983.2 983.2 983.1 983.2 983.2 983.1 983.1 983.1 983.2 983.3 983.3 983.3 983.3 983.4 983.4 983.5 983.6 983.5 983.5 983.3 983.4 983.4 983.6 983.6 983.7 983.8 983.8 983.9 984.0 984.0 984.0 984.1 984.1 984.1 984.1 984.1 984.2 984.3 984.4 984.5 984.6 984.7 984.8 984.8 984.9 984.8 984.9 985.0 985.0 985.1 985.2 985.1 985.1 985.2 985.2 985.2 985.3 985.3 985.4 985.4 985.5 985.5 985.6 985.6 985.5 985.6 985.6 985.6 985.7 985.7 985.7 985.7 985.7 985.8 985.8 985.7 985.7 985.7 985.7 985.7 985.8 985.8 985.8 985.8 985.8 985.8 985.8 985.8 985.8 985.8 985.7 985.7 985.7 985.7 985.7 985.7 985.7 985.7 985.6 985.5 985.6 985.5 985.5 985.5 985.5 985.6 985.5 985.5 985.4 985.4 985.5 985.5 985.6 985.4 985.1 985.1 985.2 985.2 985.2 985.4 985.4 985.4 985.5 985.4 985.3 985.1 982.4809027777778 2.6670299322475675
8 -1.0 -1.0 -1.0 -1.0 -1.0 -1.0 -1.0 -1.0 -1.0 -1.0 -1.0 -1.0 -1.0 -1.0 -1.0 -1.0 -1.0 -1.0 -1.0 -1.0 -1.0 -1.0 -1.0 -1.0 -1.0 -1.0 -1.0 -1.0 -1.0 -1.0 -1.0 -1.0 -1.0 -1.0 -1.0 -1.0 -1.0 -1.0 -1.0 -1.0 -1.0 -1.0 -1.0 -1.0 -1.0 -1.0 -1.0 -1.0 -1.0 -1.0 -1.0 -1.0 -1.0 -1.0 -1.0 -1.0 -1.0 -1.0 -1.0 -1.0 -1.0 -1.0 -1.0 -1.0 -1.0 -1.0 -1.0 -1.0 -1.0 -1.0 -1.0 -1.0 -1.0 -1.0 -1.0 -1.0 -1.0 -1.0 -1.0 -1.0 -1.0 -1.0 -1.0 -1.0 -1.0 -1.0 -1.0 -1.0 -1.0 -1.0 -1.0 -1.0 -1.0 -1.0 -1.0 -1.0 -1.0 -1.0 -1.0 -1.0 -1.0 -1.0 -1.0 -1.0 -1.0 -1.0 -1.0 -1.0 -1.0 -1.0 -1.0 -1.0 -1.0 -1.0 -1.0 -1.0 -1.0 -1.0 -1.0 -1.0 -1.0 -1.0 -1.0 -1.0 -1.0 -1.0 -1.0 -1.0 -1.0 -1.0 -1.0 -1.0 -1.0 -1.0 -1.0 -1.0 -1.0 -1.0 -1.0 -1.0 -1.0 -1.0 -1.0 -1.0 -1.0 -1.0 -1.0 -1.0 -1.0 -1.0 -1.0 -1.0 -1.0 -1.0 -1.0 -1.0 -1.0 -1.0 -1.0 -1.0 -1.0 -1.0 -1.0 -1.0 -1.0 -1.0 -1.0 -1.0 -1.0 -1.0 -1.0 -1.0 -1.0 -1.0 -1.0 -1.0 -1.0 -1.0 -1.0 -1.0 -1.0 -1.0 -1.0 -1.0 -1.0 -1.0 -1.0 -1.0 -1.0 -1.0 -1.0 -1.0 -1.0 -1.0 -1.0 -1.0 -1.0 -1.0 -1.0 -1.0 -1.0 -1.0 -1.0 -1.0 -1.0 -1.0 -1.0 -1.0 -1.0 -1.0 -1.0 -1.0 -1.0 -1.0 -1.0 -1.0 -1.0 -1.0 -1.0 -1.0 -1.0 -1.0 -1.0 -1.0 -1.0 -1.0 -1.0 -1.0 -1.0 -1.0 -1.0 -1.0 -1.0 -1.0 -1.0 -1.0 -1.0 -1.0 -1.0 -1.0 -1.0 -1.0 -1.0 -1.0 -1.0 -1.0 -1.0 -1.0 -1.0 -1.0 -1.0 -1.0 -1.0 -1.0 -1.0 -1.0 -1.0 -1.0 -1.0 -1.0 -1.0 -1.0 -1.0 -1.0 -1.0 -1.0 -1.0 -1.0 -1.0 -1.0 -1.0 -1.0 -1.0 -1.0 -1.0 -1.0 -1.0 -1.0 -1.0 -1.0 -1.0 -1.0 -1.0 -1.0 -1.0 -1.0 -1.0 -1.0 -1.0 0.0
9 965.0 965.1 965.1 965.2 965.2 965.2 965.2 965.3 965.4 965.4 965.5 965.5 965.6 965.6 965.7 965.7 965.8 965.8 965.9 965.9 966.0 966.1 966.1 966.2 966.3 966.3 966.3 966.4 966.5 966.5 966.6 966.7 966.7 966.8 966.8 966.9 967.0 967.0 967.1 967.2 967.2 967.3 967.4 967.5 967.6 967.7 967.7 967.8 967.9 968.0 968.0 968.1 968.2 968.3 968.4 968.5 968.6 968.6 968.7 968.8 968.9 968.9 968.9 969.0 969.0 969.1 969.2 969.3 969.3 969.3 969.4 969.4 969.4 969.4 969.4 969.4 969.5 969.5 969.5 969.6 969.7 969.8 969.8 969.9 969.9 969.9 970.0 969.9 970.0 970.0 970.0 970.1 970.2 970.2 970.3 970.3 970.4 970.4 970.5 970.6 970.7 970.7 970.8 970.8 970.9 971.1 971.2 971.2 971.3 971.3 971.4 971.4 971.4 971.4 971.4 971.4 971.5 971.5 971.5 971.6 971.6 971.5 971.6 971.6 971.6 971.5 971.5 971.5 971.6 971.5 971.4 971.5 971.5 971.6 971.7 971.7 971.8 971.7 971.8 971.8 971.8 971.9 971.9 971.8 971.7 971.8 971.8 971.7 971.7 971.7 971.7 971.7 971.8 971.8 971.8 971.7 971.8 971.8 971.8 971.8 971.7 971.7 971.6 971.8 971.8 971.8 972.0 972.0 972.0 972.0 972.0 972.1 972.2 972.2 972.3 972.3 972.4 972.5 972.6 972.7 972.8 972.9 973.0 973.1 973.1 973.1 973.1 973.2 973.1 973.1 973.2 973.2 973.2 973.3 973.2 973.3 973.3 973.4 973.4 973.5 973.6 973.6 973.6 973.6 973.8 973.9 973.8 973.9 973.9 974.0 974.0 974.1 974.1 974.2 974.4 974.5 974.6 974.7 974.8 974.9 975.0 974.9 974.9 974.8 974.9 975.0 975.0 975.0 975.0 975.1 975.2 975.3 975.3 975.4 975.4 975.4 975.4 975.5 975.5 975.5 975.5 975.4 975.3 975.3 975.4 975.4 975.4 975.3 975.3 975.3 975.3 975.3 975.3 975.3 975.3 975.2 975.3 975.3 975.2 975.3 975.3 975.3 975.3 975.4 975.4 975.4 975.4 975.4 975.3 975.3 975.2 975.2 975.2 975.1 975.0 975.1 975.1 975.0 975.0 974.9 974.8 974.8 974.7 974.5 974.5 974.6 974.6 974.5 971.4534722222222 3.0868928977682186
END
#################################################################
SECTION3 (Edges Information)
EndPoint0 EndPoint1 Weight
0 1 1.000000
1 2 1.000000
2 3 1.000000
3 4 1.000000
3 5 1.000000
4 5 1.000000
4 6 1.000000
5 6 1.000000
5 7 1.000000
6 7 1.000000
7 8 1.000000
7 9 1.000000
8 9 1.000000
0 1 1.000000
1 2 1.000000
2 3 1.000000
3 4 1.000000
3 5 1.000000
4 5 1.000000
4 6 1.000000
5 6 1.000000
5 7 1.000000
6 7 1.000000
7 8 1.000000
7 9 1.000000
8 9 1.000000
0 1 1.000000
1 2 1.000000
2 3 1.000000
3 4 1.000000
3 5 1.000000
4 5 1.000000
4 6 1.000000
5 6 1.000000
5 7 1.000000
6 7 1.000000
7 8 1.000000
7 9 1.000000
8 9 1.000000
0 1 1.000000
1 2 1.000000
2 3 1.000000
3 4 1.000000
3 5 1.000000
4 5 1.000000
4 6 1.000000
5 6 1.000000
5 7 1.000000
6 7 1.000000
7 8 1.000000
7 9 1.000000
8 9 1.000000
END
#################################################################
SECTION4 (TrueSubGraph Information)
EndPoint0 EndPoint1 Weight
END
#################################################################
