#################################################################
#APDM Input Graph, this input graph includes 3 sections:
#section1 : general information
#section2 : nodes
#section3 : edges
#section4 : trueSubGraph (Optional)
#
#if nodes haven't information set weight to null
#################################################################
SECTION1 (General Information)
numNodes = 10
numEdges = 52
usedAlgorithm = NULL
dataSource = TransWeatherRealData
END
#################################################################
SECTION2 (Nodes Information)
NodeID press  mean  std 
0 982.37 982.46 982.47 982.54 982.6 982.63 982.66 982.84 982.89 982.93 982.97 983.07 983.24 983.31 983.35 983.39 983.44 983.44 983.45 983.47 983.49 983.48 983.47 983.52 983.54 983.63 983.68 983.71 983.68 983.6 983.57 983.55 983.56 983.6 983.68 983.62 983.58 983.65 983.6 983.54 983.48 983.48 983.48 983.45 983.42 983.35 983.25 983.29 983.29 983.34 983.3 983.33 983.41 983.29 983.26 983.25 983.2 983.14 983.14 983.04 983.02 983.15 983.16 983.01 982.88 982.79 982.65 982.84 982.97 982.88 982.9 983.0 983.02 982.91 982.87 982.84 982.74 982.64 982.69 982.75 982.74 982.67 982.45 982.44 982.33 982.3 982.27 982.31 982.34 982.14 981.9 981.7 981.67 981.69 981.69 981.79 981.86 981.68 981.56 981.37 981.32 981.26 981.27 981.42 981.6 981.45 981.34 981.15 981.07 980.99 980.93 980.95 981.15 981.07 980.9 980.7 980.84 980.67 980.84 981.1 981.04 981.01 980.88 980.93 980.88 980.9 981.09 981.28 981.42 981.39 981.4 981.45 981.39 981.31 981.13 981.03 981.08 981.15 981.16 981.16 981.19 981.21 981.28 981.26 981.26 981.33 981.27 981.12 981.12 981.23 981.34 981.22 981.1 981.21 981.31 981.17 981.1 981.11 981.07 980.88 980.72 980.69 980.42 980.53 980.72 980.78 980.8 980.47 980.51 980.69 980.6 980.71 980.89 981.0 981.16 981.43 981.76 981.91 981.94 982.09 982.27 982.34 982.14 982.17 982.32 982.48 982.58 982.47 982.49 982.48 982.45 982.45 982.4 982.32 982.28 982.25 982.29 982.34 982.41 982.45 982.43 982.43 982.49 982.53 982.52 982.58 982.48 982.5 982.47 982.47 982.48 982.49 982.49 982.47 982.54 982.58 982.58 982.54 982.5 982.5 982.46 982.52 982.54 982.43 982.41 982.34 982.24 982.47 982.62 982.47 982.4 982.25 982.36 982.58 982.65 982.69 982.69 982.9 983.15 983.15 983.05 983.05 983.11 983.18 983.19 983.37 983.28 983.2 983.12 983.07 983.05 983.23 983.39 983.44 983.3 983.41 983.61 983.57 983.5 983.22 983.14 983.42 983.24 983.21 983.17 983.26 983.39 983.2 983.2 983.09 982.95 982.9 982.98 982.91 982.77 982.76 982.64 982.45 982.32 982.3 982.46 982.62 982.59 982.66 982.99 983.24 983.39 983.44 982.3665625 0.9070730523020436
1 972.49 972.56 972.65 972.74 972.77 972.87 973.0 973.07 973.18 973.23 973.26 973.39 973.47 973.52 973.57 973.55 973.54 973.61 973.63 973.63 973.71 973.78 973.85 973.86 973.79 973.78 973.76 973.75 973.76 973.75 973.83 973.88 973.87 973.88 973.81 973.78 973.74 973.77 973.71 973.68 973.71 973.65 973.52 973.47 973.53 973.59 973.63 973.61 973.62 973.67 973.76 973.75 973.67 973.55 973.55 973.66 973.75 973.74 973.64 973.6 973.63 973.57 973.47 973.32 973.35 973.38 973.37 973.45 973.58 973.67 973.62 973.57 973.54 973.33 973.33 973.2 973.2 973.25 973.22 973.16 973.11 973.16 973.3 973.35 973.37 973.43 973.37 973.33 973.29 973.19 973.21 973.21 973.03 972.99 972.95 972.92 972.86 972.7 972.62 972.51 972.46 972.4 972.55 972.49 972.37 972.44 972.44 972.31 972.2 972.01 971.88 972.0 972.14 972.14 972.15 972.18 972.03 971.83 971.68 971.58 971.58 971.65 971.58 971.55 971.52 971.39 971.31 971.23 971.39 971.56 971.77 971.84 971.79 971.79 971.69 971.64 971.55 971.54 971.41 971.42 971.65 971.72 971.64 971.65 971.71 971.74 971.76 971.81 971.82 971.7 971.62 971.62 971.83 971.88 971.98 971.8 971.47 971.52 971.57 971.66 971.83 971.95 971.93 971.76 971.54 971.47 971.61 971.69 971.74 971.8 971.58 971.43 971.52 971.64 971.79 971.63 971.22 971.29 971.34 971.4 971.57 971.69 971.74 971.83 972.03 972.1 972.23 972.44 972.58 972.64 972.59 972.72 972.82 972.84 972.83 972.75 972.72 972.73 972.74 972.82 972.91 972.94 973.06 973.06 972.97 973.03 972.95 972.79 972.75 972.79 972.8 972.85 972.89 972.91 972.88 972.88 972.84 972.92 972.95 972.92 972.89 972.96 972.98 973.08 973.1 973.08 973.03 973.08 973.13 973.23 973.22 973.18 973.24 973.26 973.13 973.23 973.31 973.42 973.57 973.55 973.62 973.72 973.68 973.62 973.66 973.91 973.88 974.04 974.11 974.09 974.11 974.19 974.04 974.14 974.23 974.3 974.3 974.37 974.33 974.29 974.23 974.17 974.21 974.32 974.12 974.01 974.09 973.96 973.83 973.96 974.02 974.01 973.87 973.8 973.74 973.74 973.67 973.83 973.94 973.83 973.81 973.73 973.62 973.35 973.63 973.79 973.75 973.99 972.9265972222222 0.8692350461341277
2 996.34 996.38 996.41 996.57 996.68 996.82 996.89 996.87 996.92 996.96 997.09 997.19 997.28 997.38 997.45 997.49 997.49 997.53 997.5 997.49 997.54 997.54 997.57 997.62 997.69 997.82 997.83 997.79 997.8 997.84 997.87 997.84 997.81 997.9 997.95 997.92 997.91 997.95 997.96 997.93 997.91 997.86 997.85 997.83 997.75 997.76 997.75 997.8 997.82 997.77 997.75 997.74 997.76 997.75 997.81 997.85 997.91 997.92 997.95 997.96 998.03 997.9 997.84 997.78 997.69 997.65 997.56 997.54 997.61 997.6 997.7 997.78 997.81 997.83 997.58 997.52 997.45 997.49 997.4 997.39 997.34 997.4 997.49 997.48 997.51 997.51 997.49 997.52 997.59 997.61 997.57 997.48 997.44 997.37 997.31 997.21 997.1 997.09 997.01 996.8 996.84 996.79 996.7 996.63 996.54 996.6 996.79 996.78 996.88 996.88 996.72 996.63 996.63 996.5 996.22 996.37 996.51 996.5 996.52 996.47 996.29 996.17 996.11 995.93 995.87 995.82 995.95 995.96 995.77 995.7 995.76 995.64 995.59 995.8 995.88 995.94 995.85 995.77 995.85 995.79 995.71 995.58 995.79 995.68 995.61 995.79 995.84 995.64 995.59 995.43 995.53 995.84 996.33 996.37 995.91 995.86 995.82 995.78 995.87 996.02 996.11 996.03 995.9 995.59 995.02 995.59 995.93 995.91 995.82 995.64 995.4 995.34 995.43 995.51 995.56 995.71 995.74 995.49 995.59 995.86 995.93 995.78 995.54 995.57 995.52 995.53 995.54 995.74 995.95 996.06 996.13 996.3 996.43 996.51 996.57 996.71 996.82 996.88 996.94 996.94 996.92 996.94 996.88 996.83 996.91 997.09 997.19 997.23 997.12 997.13 997.13 997.01 996.91 996.99 996.92 996.85 996.76 996.86 996.92 996.89 996.86 996.9 996.95 997.06 997.09 997.13 997.15 997.2 997.16 997.11 997.05 997.11 997.31 997.38 997.34 997.26 997.31 997.36 997.44 997.45 997.67 997.82 997.89 998.05 997.97 997.95 998.01 998.14 998.19 998.41 998.43 998.2 998.26 998.38 998.35 998.4 998.42 998.67 998.7 998.66 998.79 998.77 998.75 998.72 998.6 998.64 998.53 998.36 998.27 998.31 998.27 998.15 998.25 998.17 998.1 998.01 997.96 997.86 997.89 997.97 998.13 998.28 998.26 998.13 998.13 997.91 997.8 998.17 997.0663888888889 0.9092184575992608
3 999.49 999.53 999.56 999.73 999.77 999.89 999.96 1000.07 1000.14 1000.22 1000.29 1000.31 1000.33 1000.35 1000.42 1000.54 1000.63 1000.68 1000.69 1000.69 1000.64 1000.57 1000.49 1000.51 1000.52 1000.49 1000.43 1000.47 1000.51 1000.55 1000.53 1000.46 1000.46 1000.44 1000.43 1000.4 1000.43 1000.47 1000.54 1000.54 1000.56 1000.55 1000.51 1000.45 1000.36 1000.36 1000.34 1000.3 1000.3 1000.37 1000.41 1000.37 1000.31 1000.26 1000.27 1000.23 1000.18 1000.22 1000.3 1000.34 1000.4 1000.42 1000.42 1000.4 1000.39 1000.31 1000.3 1000.26 1000.15 1000.05 1000.03 1000.06 1000.13 1000.2 1000.34 1000.34 1000.12 1000.09 1000.02 1000.01 999.99 1000.03 999.98 1000.04 1000.07 1000.12 1000.11 1000.14 1000.14 1000.18 1000.13 1000.03 999.99 1000.0 999.97 1000.02 999.94 999.87 999.87 999.73 999.74 999.72 999.61 999.55 999.43 999.24 999.16 999.2 999.16 999.32 999.39 999.4 999.47 999.57 999.45 999.36 999.05 999.2 999.2 999.19 999.32 999.26 999.15 999.1 998.87 998.82 998.7 998.5 998.69 998.65 998.66 998.58 998.51 998.64 998.59 998.54 998.63 998.77 998.72 998.55 998.38 998.5 998.52 998.55 998.72 998.78 998.78 998.68 998.55 998.3 998.2 998.35 998.33 998.36 998.48 998.56 998.6 998.74 998.86 998.77 998.72 998.55 998.55 998.51 998.55 998.46 998.24 998.29 998.08 997.66 998.16 998.6 998.63 998.45 998.29 998.16 998.03 998.05 998.08 998.33 998.27 998.31 998.42 998.47 998.43 998.25 998.21 998.17 998.14 998.25 998.28 998.41 998.49 998.59 998.77 998.89 999.02 999.2 999.3 999.36 999.42 999.45 999.51 999.56 999.53 999.41 999.39 999.48 999.53 999.63 999.69 999.64 999.65 999.66 999.51 999.45 999.48 999.36 999.36 999.37 999.42 999.48 999.43 999.48 999.5 999.55 999.54 999.53 999.64 999.69 999.63 999.68 999.69 999.65 999.7 999.86 999.86 999.65 999.56 999.65 999.85 999.99 1000.05 1000.26 1000.5 1000.66 1000.71 1000.65 1000.72 1000.69 1000.83 1001.08 1001.06 1000.96 1000.87 1000.91 1000.98 1000.96 1001.08 1001.24 1001.22 1001.16 1001.29 1001.48 1001.28 1001.15 1001.19 1001.31 1001.11 1000.88 1000.95 1001.09 1001.05 1001.14 1001.04 1000.89 1000.85 1000.81 1000.72 1000.86 1000.77 1000.91 1001.01 1001.0 1000.93 1000.9 1000.95 1000.77 999.7266319444444 0.8917883863809912
4 998.39 998.32 998.32 998.38 998.38 998.46 998.55 998.55 998.57 998.62 998.69 998.81 998.84 998.95 998.94 998.97 999.04 999.11 999.13 999.11 999.02 998.97 998.9 998.92 998.94 998.92 998.92 998.92 998.9 998.92 998.92 998.84 998.79 998.84 998.82 998.77 998.83 998.91 998.92 998.84 998.84 998.91 998.91 998.93 998.86 998.82 998.79 998.78 998.73 998.73 998.67 998.67 998.63 998.61 998.56 998.54 998.57 998.55 998.48 998.47 998.45 998.48 998.49 998.45 998.41 998.41 998.41 998.32 998.34 998.28 998.2 998.13 998.14 998.1 998.14 998.23 998.33 998.27 998.11 998.12 998.07 997.98 997.9 997.96 997.97 997.96 998.05 998.0 998.04 998.13 998.19 998.14 998.08 998.04 998.0 998.0 997.99 998.0 997.98 997.98 997.92 997.92 998.02 997.92 997.65 997.46 997.35 997.39 997.42 997.33 997.34 997.34 997.34 997.48 997.65 997.69 997.62 997.57 997.39 997.34 997.32 997.36 997.41 997.28 997.31 997.4 997.29 997.26 997.11 997.09 997.14 996.93 996.68 996.79 996.67 996.64 996.63 996.81 996.95 996.91 996.82 996.66 996.63 996.63 996.65 996.68 996.68 996.62 996.7 996.74 996.8 996.99 997.11 997.01 996.81 996.62 996.52 996.46 996.4 996.33 996.35 996.51 996.75 996.95 996.91 996.8 996.61 996.46 996.52 996.57 996.4 996.25 995.98 995.75 995.59 996.11 996.31 996.38 996.26 996.19 996.11 996.05 996.2 996.22 996.45 996.44 996.46 996.46 996.38 996.28 996.24 996.25 996.17 996.2 996.27 996.29 996.26 996.35 996.42 996.57 996.71 996.9 997.05 997.13 997.21 997.28 997.26 997.22 997.05 996.97 997.25 997.21 997.35 997.39 997.42 997.37 997.1 997.04 997.1 997.15 997.11 997.17 997.3 997.32 997.29 997.28 997.26 997.31 997.24 997.26 997.46 997.45 997.17 997.32 997.35 997.23 997.3 997.42 997.51 997.55 997.59 997.48 997.37 997.41 997.49 997.59 997.85 998.18 998.35 998.24 998.44 998.48 998.43 998.5 998.53 998.52 998.5 998.45 998.54 998.63 998.83 998.96 998.89 998.95 999.13 999.36 999.36 999.17 999.26 999.13 998.91 998.82 998.82 998.92 998.95 998.93 999.0 998.83 998.92 998.87 998.88 998.72 998.67 998.88 998.91 998.89 998.83 998.85 997.7591319444444 0.9336054329754209
5 992.01 991.99 992.01 992.1 992.15 992.29 992.36 992.29 992.33 992.36 992.31 992.35 992.38 992.44 992.53 992.61 992.6 992.58 992.53 992.53 992.49 992.43 992.35 992.4 992.46 992.43 992.41 992.37 992.33 992.28 992.3 992.28 992.29 992.28 992.19 992.16 992.15 992.23 992.21 992.15 992.21 992.18 992.08 992.03 992.0 991.97 991.94 991.92 991.88 991.89 991.98 991.95 991.85 991.84 991.83 991.8 991.76 991.78 991.74 991.7 991.71 991.75 991.75 991.65 991.63 991.54 991.47 991.44 991.45 991.45 991.46 991.43 991.32 991.2 991.07 991.02 991.15 991.28 991.25 991.18 991.09 991.1 991.09 990.91 990.93 990.98 990.89 990.83 990.84 990.87 990.91 991.0 991.02 991.12 991.15 991.18 991.24 991.13 991.0 991.02 991.04 991.05 990.93 990.93 990.86 990.81 990.74 990.69 990.64 990.59 990.61 990.46 990.37 990.32 990.34 990.37 990.48 990.52 990.47 990.61 990.6 990.56 990.47 990.37 990.21 990.13 990.19 990.1 990.02 990.02 990.09 990.13 990.11 990.05 989.97 989.99 989.93 989.91 989.98 989.87 989.63 989.66 989.64 989.6 989.62 989.65 989.48 989.36 989.37 989.25 989.2 989.18 989.15 989.16 989.22 989.07 989.21 989.31 989.36 989.43 989.51 989.35 989.24 988.98 988.84 988.93 988.96 988.94 989.08 989.45 989.6 989.43 989.0 989.09 989.22 989.21 989.17 988.63 988.83 988.97 988.94 989.15 989.29 989.05 988.82 988.62 988.48 988.39 988.41 988.6 988.87 989.1 989.18 989.26 988.98 988.84 988.44 988.2 988.43 988.54 988.52 988.73 988.79 988.76 988.87 988.96 989.06 989.19 989.32 989.39 989.49 989.56 989.55 989.57 989.61 989.63 989.7 989.75 989.78 989.76 989.61 989.62 989.58 989.55 989.51 989.51 989.44 989.33 989.27 989.27 989.21 989.17 989.14 989.1 989.19 989.33 989.36 989.37 989.39 989.39 989.43 989.42 989.29 989.19 989.19 989.2 989.3 989.49 989.9 990.0 990.07 990.05 990.1 990.15 990.36 990.48 990.37 990.42 990.36 990.27 990.56 990.62 990.79 990.84 990.89 991.02 991.1 991.23 991.04 990.93 990.94 991.08 990.94 990.79 990.76 990.85 990.95 991.21 991.2 991.17 991.05 991.08 991.02 991.21 991.16 991.24 991.38 991.29 990.4846527777778 1.1926411490366786
6 964.56 964.57 964.73 965.02 965.01 964.89 964.98 965.06 965.05 965.16 965.25 965.25 965.15 965.1 965.11 965.16 965.19 965.23 965.28 965.29 965.19 965.07 965.06 964.99 964.9 964.82 964.83 964.83 964.83 964.83 964.86 964.88 964.89 964.82 964.76 964.79 964.74 964.74 964.76 964.72 964.71 964.71 964.7 964.63 964.57 964.55 964.51 964.5 964.49 964.46 964.4 964.35 964.34 964.37 964.36 964.31 964.27 964.27 964.25 964.22 964.2 964.13 964.17 964.14 964.13 964.18 964.22 964.2 964.16 964.06 964.01 963.88 963.87 963.88 963.86 963.78 963.63 963.46 963.53 963.64 963.76 963.84 963.73 963.49 963.45 963.34 963.32 963.31 963.33 963.31 963.31 963.33 963.42 963.44 963.43 963.4 963.47 963.59 963.64 963.58 963.54 963.47 963.52 963.57 963.55 963.52 963.42 963.44 963.32 963.13 962.96 962.94 962.9 962.86 962.82 962.73 962.65 962.76 962.77 962.89 962.89 962.99 962.99 963.04 963.13 962.98 962.83 962.71 962.76 962.6 962.62 962.67 962.63 962.57 962.65 962.67 962.63 962.45 962.43 962.44 962.36 962.4 962.34 962.13 961.99 961.99 961.92 961.94 962.04 961.95 961.8 961.73 961.67 961.64 961.54 961.4 961.34 961.35 961.3 961.29 961.3 961.3 961.36 961.45 961.22 961.19 961.83 961.98 961.89 961.84 961.72 961.45 961.12 961.0 961.1 961.07 961.15 961.25 961.49 961.65 961.68 961.58 961.46 960.75 960.12 960.63 960.91 960.97 960.97 960.83 960.75 960.6 960.59 960.66 960.66 960.56 960.53 960.7 960.91 960.89 960.72 960.71 960.53 960.53 960.64 960.72 960.67 960.53 960.59 960.64 960.74 960.87 961.0 961.13 961.25 961.34 961.37 961.36 961.44 961.48 961.59 961.6 961.59 961.56 961.51 961.45 961.41 961.26 961.01 960.99 960.96 960.86 960.9 961.0 960.94 960.87 960.78 960.88 960.96 960.94 961.1 961.3 961.26 961.35 961.31 961.12 961.06 961.12 961.14 961.36 961.46 961.51 961.58 961.62 961.7 961.72 961.93 962.07 961.96 962.01 962.11 962.04 962.18 962.38 962.42 962.39 962.33 962.33 962.58 962.68 962.72 962.46 962.54 962.56 962.57 962.47 962.23 962.32 962.39 962.59 962.65 962.67 962.48 962.67 962.69 962.82 962.82 962.8 962.6927083333334 1.4386970095770175
7 993.27 993.23 993.23 993.32 993.39 993.43 993.34 993.41 993.29 993.37 993.53 993.55 993.62 993.67 993.84 993.94 993.93 993.71 993.78 993.8 993.81 993.86 993.89 993.86 993.83 993.74 993.67 993.56 993.44 993.4 993.28 993.2 993.03 992.96 992.97 993.01 993.09 993.09 993.09 992.97 992.92 992.89 992.9 992.85 992.82 992.75 992.71 992.64 992.62 992.68 992.69 992.63 992.54 992.52 992.56 992.61 992.68 992.71 992.72 992.8 992.8 992.63 992.5 992.47 992.5 992.49 992.56 992.39 992.35 992.38 992.35 992.3 992.25 992.22 992.2 992.25 992.27 992.28 992.36 992.18 992.08 992.02 992.02 991.92 991.8 991.91 991.98 991.96 991.98 991.94 991.8 991.82 991.9 991.74 991.79 991.71 991.72 991.75 991.88 991.94 991.97 991.93 991.88 991.88 991.82 991.78 991.7 991.73 991.66 991.62 991.52 991.45 991.54 991.54 991.61 991.44 991.33 991.18 991.17 991.25 991.37 991.38 991.39 991.43 991.36 991.3 991.29 991.29 991.04 990.95 991.08 991.16 990.91 990.73 990.77 990.76 990.62 990.54 990.64 990.83 990.94 991.13 990.99 990.92 990.84 990.68 990.64 990.5 990.49 990.23 990.11 990.14 990.27 990.37 990.23 989.96 989.81 989.59 989.44 989.48 989.38 989.24 989.22 989.38 990.12 989.97 989.67 989.63 989.34 989.23 989.19 989.49 989.11 988.82 988.73 988.41 988.16 988.01 988.1 988.01 987.92 987.89 988.05 988.22 988.23 988.28 988.48 988.8 989.19 989.08 988.84 988.89 988.78 988.65 988.52 988.28 988.24 988.21 988.35 988.42 988.43 988.37 988.37 988.37 988.36 988.28 988.19 988.21 988.32 988.36 988.41 988.45 988.4 988.35 988.25 988.26 988.29 988.38 988.41 988.5 988.59 988.65 988.69 988.75 988.79 988.89 988.89 988.89 988.85 988.79 988.71 988.64 988.58 988.5 988.51 988.44 988.36 988.27 988.19 988.12 988.14 988.23 988.42 988.49 988.49 988.48 988.55 988.63 988.61 988.59 988.71 988.89 988.99 988.8 988.98 989.15 989.09 989.12 989.33 989.18 989.12 989.14 989.16 989.36 989.35 989.36 989.47 989.46 989.41 989.39 989.37 989.43 989.53 989.6 989.83 989.72 989.47 989.49 989.61 989.79 990.02 990.2 990.32 990.39 990.27 990.18 990.19 990.32 990.6702777777778 1.8475958366299485
8 977.73 977.73 977.71 977.72 977.8 977.87 977.82 977.95 977.92 977.89 977.96 978.08 978.08 978.03 978.16 978.21 978.27 978.22 978.29 978.36 978.38 978.35 978.34 978.36 978.29 978.22 978.12 978.09 978.03 977.95 977.9 977.8 977.71 977.69 977.63 977.55 977.39 977.35 977.38 977.43 977.46 977.43 977.35 977.25 977.16 977.15 977.13 977.12 977.1 977.05 977.03 977.09 977.09 977.05 977.01 977.02 977.05 977.14 977.13 977.03 976.91 976.95 976.94 976.9 976.91 976.8 976.81 976.82 976.79 976.79 976.78 976.71 976.72 976.72 976.69 976.76 976.84 976.79 976.75 976.68 976.64 976.59 976.44 976.37 976.33 976.28 976.33 976.47 976.49 976.47 976.4 976.26 976.19 976.26 976.23 976.21 976.16 976.18 976.22 976.19 976.29 976.29 976.42 976.4 976.32 976.26 976.13 976.11 976.18 976.18 976.21 976.28 976.25 976.18 976.09 975.98 975.8 975.68 975.71 975.7 975.74 975.77 975.75 975.73 975.73 975.8 975.89 975.98 975.94 975.77 975.62 975.51 975.41 975.3 975.06 974.89 974.96 975.08 975.03 975.16 975.26 975.35 975.39 975.24 975.2 975.18 975.31 975.23 975.34 975.21 975.14 975.04 974.82 974.64 974.51 974.31 974.13 974.07 973.91 974.02 974.46 974.4 974.49 974.31 974.42 974.16 974.17 974.21 974.07 973.7 973.81 973.43 973.05 972.81 972.82 972.76 972.73 972.67 972.69 972.69 972.73 972.6 972.45 972.48 972.44 972.22 972.14 972.36 972.46 972.87 973.04 972.97 973.02 973.08 973.1 972.99 972.98 973.06 973.1 973.1 973.13 973.08 973.06 973.08 973.04 973.05 973.04 973.06 973.02 972.96 973.03 973.04 972.98 972.93 972.95 973.01 973.09 973.11 973.11 973.07 973.07 973.13 973.18 973.23 973.31 973.35 973.3 973.24 973.17 973.19 973.21 973.16 973.13 973.11 973.12 973.11 973.16 973.14 973.1 973.12 973.11 973.19 973.21 973.12 973.13 973.26 973.25 973.25 973.22 973.37 973.5 973.68 973.71 973.74 973.88 974.03 973.83 973.91 974.14 974.15 974.19 974.36 974.32 974.53 974.56 974.72 974.59 974.57 974.36 974.42 974.69 974.72 974.82 974.63 974.48 974.53 974.46 974.49 974.63 974.71 974.92 974.99 975.06 975.25 975.22 975.07 974.97 975.0 975.23125 1.783881128756368
9 984.47 984.49 984.46 984.46 984.31 984.19 984.1 984.06 984.13 984.15 984.16 984.24 984.2 984.14 984.29 984.5 984.46 984.5 984.52 984.59 984.77 984.83 984.75 984.65 984.55 984.52 984.58 984.44 984.4 984.36 984.44 984.1 984.12 984.15 984.07 983.96 983.85 983.79 983.57 983.44 983.6 983.56 983.43 983.44 983.38 983.26 983.13 983.02 982.97 982.94 982.95 983.03 983.02 983.02 982.96 982.88 982.88 982.91 982.93 982.93 983.0 982.95 982.93 982.93 982.91 982.89 982.91 982.9 982.85 982.78 982.84 982.77 982.66 982.63 982.68 982.65 982.62 982.58 982.56 982.48 982.42 982.33 982.31 982.24 982.42 982.46 982.46 982.46 982.37 982.15 981.97 981.93 981.84 981.76 981.74 981.7 981.6 981.48 981.39 981.34 981.37 981.39 981.37 981.38 981.3 981.34 981.4 981.51 981.65 981.72 981.77 981.68 981.73 981.83 981.83 981.89 981.83 981.79 981.76 981.64 981.52 981.32 981.08 980.81 980.88 980.99 980.97 981.05 980.92 980.98 981.09 981.11 981.1 981.15 981.19 981.24 981.11 980.97 980.97 980.86 980.83 980.71 980.6 980.62 980.63 980.35 980.35 980.35 980.35 980.2 980.34 980.22 980.3 980.32 980.34 980.37 980.42 980.51 980.36 980.37 980.4 980.27 980.14 979.99 979.57 979.34 979.2 979.16 979.2 979.64 979.79 979.34 979.08 979.16 979.51 979.93 979.75 979.49 979.56 979.09 978.75 979.7 979.84 979.84 979.39 979.17 979.03 978.88 978.81 978.81 978.69 978.53 978.43 978.24 978.12 978.04 977.93 977.62 977.32 977.36 977.34 977.45 977.55 977.53 977.57 977.63 977.6 977.63 977.58 977.46 977.29 977.27 977.32 977.39 977.5 977.54 977.58 977.55 977.59 977.74 977.78 977.83 977.8 977.79 977.77 977.75 977.76 977.71 977.63 977.64 977.62 977.6 977.61 977.6 977.6 977.64 977.67 977.67 977.64 977.6 977.52 977.44 977.36 977.36 977.48 977.57 977.54 977.55 977.57 977.57 977.47 977.42 977.38 977.38 977.48 977.48 977.91 977.91 978.05 978.35 978.35 978.15 978.43 978.49 978.3 978.4 978.58 978.69 978.69 978.88 978.87 978.78 978.68 978.62 978.71 978.9 978.88 978.89 978.73 978.53 978.67 978.66 978.8 978.92 978.97 979.27 979.37 979.44 980.6121180555556 2.360299992734131
END
#################################################################
SECTION3 (Edges Information)
EndPoint0 EndPoint1 Weight
0 1 1.000000
1 2 1.000000
2 3 1.000000
3 4 1.000000
3 5 1.000000
4 5 1.000000
4 6 1.000000
5 6 1.000000
5 7 1.000000
6 7 1.000000
7 8 1.000000
7 9 1.000000
8 9 1.000000
0 1 1.000000
1 2 1.000000
2 3 1.000000
3 4 1.000000
3 5 1.000000
4 5 1.000000
4 6 1.000000
5 6 1.000000
5 7 1.000000
6 7 1.000000
7 8 1.000000
7 9 1.000000
8 9 1.000000
0 1 1.000000
1 2 1.000000
2 3 1.000000
3 4 1.000000
3 5 1.000000
4 5 1.000000
4 6 1.000000
5 6 1.000000
5 7 1.000000
6 7 1.000000
7 8 1.000000
7 9 1.000000
8 9 1.000000
0 1 1.000000
1 2 1.000000
2 3 1.000000
3 4 1.000000
3 5 1.000000
4 5 1.000000
4 6 1.000000
5 6 1.000000
5 7 1.000000
6 7 1.000000
7 8 1.000000
7 9 1.000000
8 9 1.000000
END
#################################################################
SECTION4 (TrueSubGraph Information)
EndPoint0 EndPoint1 Weight
END
#################################################################
