#################################################################
#APDM Input Graph, this input graph includes 3 sections:
#section1 : general information
#section2 : nodes
#section3 : edges
#section4 : trueSubGraph (Optional)
#
#if nodes haven't information set weight to null
#################################################################
SECTION1 (General Information)
numNodes = 10
numEdges = 52
usedAlgorithm = NULL
dataSource = TransWeatherRealData
END
#################################################################
SECTION2 (Nodes Information)
NodeID press  mean  std 
0 985.83 985.83 985.87 985.84 986.01 986.18 986.38 986.48 986.59 986.79 986.99 987.26 987.59 987.77 987.86 987.87 987.93 988.07 988.07 988.16 988.14 987.83 987.69 987.61 987.68 987.64 987.61 987.73 987.71 987.7 987.76 987.78 987.66 987.62 987.67 987.55 987.47 987.41 987.38 987.43 987.49 987.41 987.38 987.52 987.51 987.51 987.46 987.56 987.69 987.81 987.87 987.82 988.05 988.11 988.1 988.12 988.22 988.26 988.26 988.34 988.38 988.38 988.36 988.38 988.38 988.32 988.27 988.28 988.21 988.18 988.15 988.18 988.29 988.31 988.25 988.16 988.1 988.11 988.16 988.13 988.16 988.19 988.27 988.29 988.3 988.31 988.3 988.41 988.5 988.6 988.7 988.72 988.75 988.8 988.87 988.93 988.89 988.82 988.68 988.6 988.6 988.57 988.55 988.59 988.64 988.74 988.8 988.85 988.9 988.87 988.84 988.9 989.0 989.09 989.2 989.19 989.19 989.16 989.22 989.29 989.23 989.16 989.22 989.33 989.38 989.52 989.66 989.66 989.51 989.44 989.37 989.43 989.56 989.51 989.43 989.34 989.26 989.35 989.32 989.44 989.56 989.62 989.72 989.84 989.91 989.98 989.98 989.94 989.91 989.97 989.98 989.95 989.88 989.92 989.86 989.87 989.87 989.85 989.87 989.82 989.83 989.88 989.94 989.91 989.96 990.06 989.99 989.96 989.98 989.92 989.91 989.82 989.83 989.82 989.77 989.71 989.71 989.69 989.7 989.7 989.77 989.8 989.85 989.7 989.66 989.65 989.64 989.59 989.6 989.54 989.44 989.52 989.51 989.4 989.36 989.23 989.16 989.11 989.03 988.96 988.9 988.91 988.91 988.91 988.93 988.94 988.9 988.88 988.92 988.94 988.79 988.78 988.79 988.78 988.81 988.83 988.84 988.8 988.85 988.91 988.92 988.89 988.9 988.93 988.88 988.82 988.78 988.69 988.56 988.46 988.36 988.32 988.24 988.16 988.18 988.11 988.02 987.95 987.91 987.87 987.83 987.74 987.69 987.63 987.66 987.7 987.66 987.63 987.56 987.53 987.53 987.54 987.53 987.55 987.61 987.67 987.73 987.79 987.85 987.88 987.92 987.93 987.94 988.0 988.01 987.94 987.95 987.93 987.86 987.86 987.87 987.86 987.82 987.87 987.94 987.91 987.82 987.69 987.57 987.58 987.57 987.53 987.49 987.55 987.56 987.53 987.5 987.39 988.5145486111111 0.919226195787771
1 976.67 976.74 976.85 976.96 977.04 977.17 977.2 977.23 977.33 977.4 977.52 977.6 977.73 977.85 978.03 978.26 978.47 978.56 978.51 978.46 978.55 978.78 978.86 978.89 978.95 979.1 979.08 978.9 978.92 978.85 978.78 978.89 978.91 978.91 978.8 978.81 978.86 978.75 978.67 978.75 978.65 978.62 978.67 978.77 978.81 978.89 978.87 978.79 978.84 978.92 978.98 978.89 978.89 978.88 978.94 978.93 978.94 979.05 979.04 978.95 978.98 978.95 978.95 979.04 979.06 979.04 979.06 979.01 978.97 978.93 978.83 978.81 978.8 978.8 978.83 978.92 978.98 979.05 979.0 979.02 979.08 979.13 979.09 979.05 979.11 979.1 979.08 979.11 979.15 979.24 979.29 979.34 979.39 979.47 979.59 979.65 979.64 979.76 979.81 979.84 979.81 979.72 979.63 979.52 979.53 979.56 979.62 979.71 979.69 979.69 979.76 979.88 979.97 980.06 980.08 980.12 980.22 980.3 980.28 980.33 980.29 980.3 980.39 980.41 980.28 980.23 980.26 980.34 980.43 980.62 980.67 980.59 980.53 980.46 980.52 980.67 980.56 980.5 980.46 980.54 980.66 980.66 980.69 980.8 980.82 980.79 980.88 980.99 981.11 981.18 981.1 981.05 981.1 981.2 981.18 981.06 981.0 980.99 980.99 980.95 980.94 980.88 980.85 980.91 980.94 981.06 981.09 981.13 981.19 981.13 981.08 981.05 981.0 980.93 980.85 980.79 980.8 980.79 980.86 980.89 980.81 980.8 980.74 980.72 980.73 980.7 980.61 980.56 980.61 980.59 980.52 980.49 980.58 980.5 980.39 980.4 980.37 980.37 980.32 980.22 980.17 980.03 979.98 979.96 979.99 980.06 980.04 980.01 980.04 980.04 980.07 980.04 980.13 980.17 980.12 980.13 980.11 980.07 980.06 980.11 980.07 980.08 980.09 980.16 980.13 980.13 980.14 980.08 980.05 980.03 980.04 979.97 979.9 979.82 979.71 979.62 979.55 979.52 979.51 979.44 979.35 979.33 979.28 979.35 979.36 979.4 979.31 979.25 979.2 979.14 979.11 979.05 979.02 979.04 979.05 979.05 979.04 979.07 979.13 979.18 979.21 979.3 979.34 979.32 979.28 979.34 979.28 979.28 979.26 979.26 979.25 979.2 979.21 979.16 979.14 979.16 979.18 979.16 979.18 979.14 979.15 979.16 979.18 979.18 979.16 979.2 979.22 979.3 979.6147916666666 0.9323115544144961
2 1001.01 1001.08 1001.09 1001.13 1001.13 1001.17 1001.26 1001.32 1001.37 1001.53 1001.71 1001.76 1001.86 1001.97 1002.24 1002.4 1002.43 1002.35 1002.4 1002.59 1002.87 1003.11 1003.25 1003.2 1003.22 1003.19 1003.34 1003.48 1003.53 1003.59 1003.63 1003.69 1003.69 1003.71 1003.71 1003.64 1003.69 1003.66 1003.44 1003.33 1003.28 1003.28 1003.38 1003.45 1003.45 1003.34 1003.25 1003.22 1003.18 1003.23 1003.35 1003.37 1003.28 1003.28 1003.2 1003.1 1003.06 1003.15 1003.23 1003.38 1003.4 1003.26 1003.13 1003.13 1003.07 1003.13 1003.15 1003.05 1003.03 1003.12 1003.34 1003.45 1003.36 1003.32 1003.32 1003.32 1003.44 1003.56 1003.51 1003.56 1003.66 1003.72 1003.58 1003.57 1003.62 1003.68 1003.76 1003.75 1003.78 1003.84 1003.86 1003.86 1003.86 1003.93 1003.99 1004.01 1004.13 1004.25 1004.32 1004.34 1004.35 1004.43 1004.5 1004.53 1004.51 1004.46 1004.41 1004.43 1004.47 1004.55 1004.57 1004.43 1004.36 1004.44 1004.48 1004.49 1004.59 1004.61 1004.61 1004.74 1004.85 1004.86 1004.94 1004.97 1004.99 1005.05 1005.08 1005.14 1005.09 1005.04 1005.18 1005.31 1005.42 1005.43 1005.42 1005.3 1005.1 1005.06 1005.15 1005.3 1005.36 1005.39 1005.42 1005.43 1005.5 1005.47 1005.44 1005.53 1005.62 1005.63 1005.61 1005.6 1005.69 1005.69 1005.67 1005.65 1005.67 1005.8 1005.74 1005.61 1005.57 1005.65 1005.63 1005.63 1005.59 1005.55 1005.52 1005.51 1005.59 1005.66 1005.71 1005.62 1005.57 1005.54 1005.43 1005.36 1005.34 1005.35 1005.33 1005.25 1005.2 1005.15 1005.1 1004.98 1004.92 1004.84 1004.83 1004.86 1004.86 1004.85 1004.88 1004.93 1004.84 1004.84 1004.85 1004.77 1004.69 1004.61 1004.53 1004.57 1004.53 1004.46 1004.48 1004.43 1004.36 1004.24 1004.19 1004.14 1004.06 1004.01 1004.09 1004.18 1004.14 1004.07 1004.18 1004.2 1004.16 1004.12 1004.13 1004.12 1004.12 1004.1 1004.04 1003.96 1003.94 1003.88 1003.84 1003.8 1003.83 1003.88 1003.89 1003.88 1003.85 1003.8 1003.73 1003.65 1003.58 1003.47 1003.43 1003.39 1003.32 1003.25 1003.22 1003.2 1003.13 1003.16 1003.14 1003.15 1003.14 1003.09 1003.13 1003.12 1003.08 1003.02 1003.01 1002.96 1002.98 1002.99 1002.99 1003.03 1003.17 1003.24 1003.26 1003.3 1003.28 1003.3 1003.32 1003.33 1003.35 1003.3 1003.21 1003.18 1003.16 1003.21 1003.27 1003.34 1003.35 1003.34 1003.36 1003.41 1003.47 1003.56 1003.57 1003.51 1003.46 1003.52 1003.53 1003.51 1003.9559722222223 1.0504562270461295
3 1003.73 1003.77 1003.87 1003.91 1003.93 1003.97 1004.01 1004.04 1004.08 1004.15 1004.31 1004.45 1004.61 1004.8 1004.91 1004.97 1004.95 1005.07 1005.26 1005.36 1005.4 1005.4 1005.37 1005.51 1005.72 1005.83 1005.85 1005.85 1005.8 1005.93 1006.07 1006.14 1006.2 1006.21 1006.24 1006.23 1006.24 1006.27 1006.29 1006.35 1006.32 1006.31 1006.28 1006.15 1006.12 1006.1 1005.99 1005.96 1005.97 1005.97 1006.01 1005.96 1005.88 1005.95 1005.97 1005.94 1005.79 1005.59 1005.69 1005.83 1005.89 1005.99 1006.05 1005.97 1005.95 1005.91 1005.86 1005.8 1005.81 1005.83 1005.75 1005.76 1005.84 1005.89 1005.9 1005.89 1005.82 1005.9 1005.89 1005.99 1006.16 1006.18 1006.25 1006.26 1006.22 1006.28 1006.22 1006.26 1006.4 1006.47 1006.52 1006.49 1006.47 1006.49 1006.47 1006.49 1006.64 1006.77 1006.86 1006.97 1007.08 1007.12 1007.16 1007.23 1007.34 1007.38 1007.41 1007.44 1007.43 1007.38 1007.38 1007.38 1007.42 1007.43 1007.38 1007.41 1007.43 1007.45 1007.46 1007.55 1007.56 1007.48 1007.49 1007.66 1007.76 1007.8 1007.8 1007.84 1007.88 1007.92 1008.0 1008.02 1007.96 1008.03 1008.11 1008.24 1008.26 1008.17 1008.16 1008.07 1008.04 1008.15 1008.27 1008.27 1008.3 1008.4 1008.4 1008.34 1008.27 1008.27 1008.36 1008.37 1008.34 1008.38 1008.38 1008.27 1008.2 1008.2 1008.16 1008.2 1008.26 1008.22 1008.26 1008.31 1008.32 1008.28 1008.22 1008.16 1008.16 1008.14 1008.21 1008.28 1008.2 1008.11 1008.09 1008.04 1008.02 1008.03 1007.97 1007.94 1007.91 1007.84 1007.79 1007.72 1007.63 1007.52 1007.47 1007.44 1007.37 1007.37 1007.37 1007.3 1007.33 1007.3 1007.29 1007.38 1007.37 1007.29 1007.25 1007.18 1007.12 1007.03 1007.02 1006.98 1006.95 1006.89 1006.86 1006.78 1006.71 1006.65 1006.67 1006.65 1006.66 1006.67 1006.66 1006.65 1006.76 1006.74 1006.59 1006.62 1006.55 1006.57 1006.67 1006.61 1006.56 1006.47 1006.4 1006.32 1006.26 1006.19 1006.14 1006.15 1006.11 1006.14 1006.11 1006.1 1005.99 1005.99 1005.94 1005.94 1005.9 1005.86 1005.8 1005.8 1005.8 1005.77 1005.7 1005.66 1005.59 1005.54 1005.52 1005.48 1005.51 1005.49 1005.51 1005.54 1005.54 1005.56 1005.61 1005.64 1005.67 1005.77 1005.88 1005.97 1006.01 1006.02 1006.01 1006.0 1006.0 1005.97 1005.91 1005.92 1005.93 1005.92 1005.97 1005.99 1006.02 1006.03 1006.03 1005.99 1006.02 1006.11 1006.25 1006.32 1006.4 1006.49 1006.54 1006.52 1006.5976388888889 1.0776160849930243
4 1002.04 1002.1 1002.23 1002.29 1002.36 1002.46 1002.52 1002.58 1002.61 1002.67 1002.75 1002.79 1002.87 1002.91 1002.96 1003.05 1003.13 1003.25 1003.36 1003.32 1003.26 1003.32 1003.44 1003.59 1003.72 1003.73 1003.78 1003.86 1003.93 1004.02 1004.07 1004.11 1004.05 1004.02 1004.09 1004.18 1004.23 1004.22 1004.24 1004.28 1004.24 1004.27 1004.4 1004.45 1004.54 1004.46 1004.46 1004.39 1004.42 1004.45 1004.34 1004.22 1004.29 1004.09 1004.02 1004.12 1004.15 1004.03 1003.92 1003.87 1003.77 1003.82 1003.73 1003.74 1003.78 1003.77 1003.73 1003.62 1003.58 1003.61 1003.65 1003.75 1003.82 1003.9 1003.82 1003.76 1003.74 1003.75 1003.7 1003.69 1003.74 1003.78 1003.85 1003.89 1003.97 1004.07 1004.14 1004.13 1004.16 1004.15 1004.32 1004.48 1004.45 1004.5 1004.5 1004.44 1004.52 1004.61 1004.74 1004.76 1004.8 1004.93 1005.04 1005.1 1005.14 1005.24 1005.29 1005.37 1005.49 1005.46 1005.41 1005.48 1005.48 1005.46 1005.5 1005.53 1005.55 1005.48 1005.52 1005.61 1005.67 1005.73 1005.78 1005.77 1005.76 1005.79 1005.83 1005.93 1005.98 1005.89 1005.93 1006.05 1006.09 1006.11 1006.22 1006.18 1006.22 1006.23 1006.24 1006.36 1006.44 1006.37 1006.3 1006.31 1006.22 1006.2 1006.24 1006.39 1006.49 1006.52 1006.43 1006.41 1006.39 1006.4 1006.39 1006.45 1006.36 1006.25 1006.28 1006.33 1006.32 1006.3 1006.34 1006.34 1006.26 1006.19 1006.16 1006.19 1006.21 1006.28 1006.23 1006.12 1006.1 1006.1 1006.04 1005.99 1005.97 1005.96 1005.95 1005.92 1005.91 1005.95 1005.91 1005.87 1005.86 1005.78 1005.7 1005.63 1005.55 1005.51 1005.49 1005.49 1005.42 1005.34 1005.27 1005.25 1005.16 1005.17 1005.2 1005.1 1005.06 1005.11 1005.09 1005.1 1005.08 1005.11 1005.06 1004.9 1004.8 1004.67 1004.69 1004.63 1004.61 1004.66 1004.72 1004.63 1004.57 1004.66 1004.64 1004.67 1004.71 1004.76 1004.8 1004.72 1004.66 1004.58 1004.49 1004.46 1004.36 1004.32 1004.32 1004.23 1004.27 1004.33 1004.44 1004.35 1004.28 1004.21 1004.17 1004.17 1004.11 1004.15 1004.16 1004.15 1004.23 1004.21 1004.21 1004.18 1004.16 1004.08 1004.05 1004.01 1003.94 1003.92 1003.91 1003.87 1003.86 1003.85 1003.86 1003.83 1003.83 1003.87 1003.93 1003.98 1003.99 1004.04 1004.11 1004.19 1004.24 1004.23 1004.25 1004.24 1004.23 1004.29 1004.32 1004.31 1004.29 1004.23 1004.18 1004.14 1004.17 1004.22 1004.24 1004.28 1004.36 1004.43 1004.46 1004.48 1004.6810763888889 1.0255450939812454
5 994.96 994.97 994.95 994.97 995.04 995.1 995.18 995.23 995.27 995.3 995.37 995.42 995.47 995.52 995.58 995.59 995.62 995.62 995.72 995.86 995.97 996.12 996.21 996.31 996.31 996.34 996.37 996.42 996.46 996.46 996.47 996.61 996.68 996.77 996.8 996.78 996.71 996.71 996.83 996.89 996.9 996.89 996.8 996.87 997.01 997.11 997.16 997.16 997.17 997.14 997.03 996.97 997.02 997.03 996.98 996.93 996.81 996.59 996.44 996.46 996.63 996.7 996.54 996.51 996.6 996.67 996.74 996.69 996.46 996.45 996.49 996.54 996.55 996.47 996.39 996.41 996.33 996.21 996.18 996.24 996.31 996.3 996.26 996.22 996.17 996.16 996.29 996.45 996.57 996.73 996.79 996.86 996.95 996.92 997.05 997.22 997.28 997.26 997.25 997.21 997.4 997.59 997.61 997.65 997.71 997.79 997.9 998.02 998.08 998.13 998.21 998.26 998.24 998.26 998.3 998.36 998.47 998.56 998.65 998.7 998.61 998.56 998.7 998.74 998.76 998.85 998.82 998.76 998.79 998.87 999.01 999.07 999.13 999.18 999.18 999.16 999.25 999.31 999.21 999.16 999.22 999.26 999.4 999.47 999.38 999.31 999.34 999.23 999.24 999.38 999.51 999.57 999.48 999.41 999.33 999.31 999.44 999.53 999.5 999.4 999.39 999.37 999.35 999.29 999.33 999.38 999.46 999.41 999.31 999.39 999.37 999.38 999.38 999.26 999.25 999.19 999.1 999.02 998.92 998.92 998.97 998.98 998.93 998.92 998.91 998.84 998.78 998.69 998.61 998.63 998.56 998.46 998.36 998.34 998.26 998.16 998.11 998.06 998.01 997.96 997.95 997.92 997.87 997.93 997.99 998.02 997.99 997.98 997.96 997.97 997.78 997.72 997.65 997.57 997.62 997.67 997.76 997.74 997.67 997.77 997.78 997.75 997.67 997.71 997.69 997.68 997.64 997.57 997.51 997.36 997.27 997.21 997.29 997.26 997.22 997.21 997.2 997.2 997.13 997.08 997.06 997.1 997.11 997.12 997.15 997.12 997.11 997.09 997.07 997.09 997.06 997.04 997.0 996.99 996.97 996.92 996.89 996.87 996.84 996.85 996.81 996.81 996.85 996.87 996.88 996.96 997.04 997.03 997.06 997.11 997.11 997.15 997.15 997.2 997.16 997.21 997.24 997.24 997.18 997.14 997.09 997.07 997.06 997.09 997.12 997.18 997.25 997.28 997.5276388888889 1.158259529396191
6 967.0 967.02 967.07 967.12 967.12 967.1 967.12 967.17 967.23 967.32 967.42 967.43 967.48 967.62 967.75 967.8 967.81 967.81 967.85 967.85 967.84 967.87 967.97 968.04 968.11 968.22 968.32 968.36 968.29 968.24 968.33 968.37 968.38 968.38 968.36 968.36 968.38 968.42 968.55 968.55 968.54 968.52 968.48 968.51 968.51 968.45 968.46 968.49 968.51 968.64 968.72 968.75 968.7 968.76 968.65 968.5 968.53 968.63 968.7 968.7 968.69 968.64 968.6 968.57 968.44 968.48 968.55 968.54 968.5 968.4 968.43 968.35 968.2 968.11 968.07 968.03 967.99 967.89 967.83 967.76 967.74 967.79 967.75 967.86 967.89 967.93 968.02 968.07 968.04 968.03 968.13 968.17 968.24 968.35 968.44 968.64 968.87 968.98 969.03 969.0 968.97 968.86 968.86 969.12 969.32 969.47 969.57 969.59 969.67 969.78 969.86 969.9 970.03 970.0 970.07 970.17 970.16 970.24 970.22 970.28 970.3 970.28 970.38 970.43 970.54 970.6 970.58 970.61 970.65 970.66 970.67 970.71 970.77 970.93 970.99 970.99 970.99 971.03 971.03 970.99 971.09 971.12 971.1 971.06 971.13 971.07 971.04 971.17 971.15 971.1 971.18 971.12 971.14 971.17 971.2 971.23 971.07 970.95 970.89 970.86 970.85 970.79 970.8 970.78 970.75 970.73 970.74 970.78 970.85 970.9 970.85 970.79 970.7 970.59 970.59 970.54 970.55 970.5 970.49 970.41 970.35 970.44 970.38 970.35 970.37 970.37 970.37 970.34 970.39 970.3 970.24 970.29 970.28 970.23 970.2 970.14 970.08 970.0 969.95 969.92 969.8 969.73 969.74 969.76 969.78 969.79 969.84 969.83 969.78 969.8 969.78 969.74 969.7 969.7 969.68 969.66 969.64 969.71 969.75 969.79 969.8 969.78 969.83 969.86 969.82 969.8 969.67 969.63 969.58 969.59 969.52 969.39 969.37 969.29 969.22 969.18 969.12 969.17 969.16 969.2 969.2 969.15 969.15 969.16 969.16 969.27 969.28 969.26 969.25 969.22 969.17 969.17 969.18 969.21 969.18 969.18 969.13 969.16 969.19 969.17 969.16 969.12 969.17 969.19 969.2 969.19 969.25 969.29 969.37 969.39 969.41 969.41 969.42 969.49 969.54 969.58 969.67 969.63 969.61 969.64 969.68 969.72 969.68 969.59 969.62 969.64 969.66 969.69 969.3719791666666 1.0740022058824712
7 994.49 994.56 994.62 994.64 994.65 994.67 994.69 994.67 994.68 994.77 994.85 994.94 995.04 995.18 995.23 995.24 995.26 995.3 995.32 995.32 995.29 995.29 995.33 995.37 995.41 995.44 995.54 995.67 995.71 995.7 995.69 995.68 995.69 995.74 995.87 995.91 995.9 995.98 996.12 996.21 996.22 996.21 996.06 996.03 996.16 996.32 996.38 996.3 996.22 996.27 996.3 996.29 996.42 996.52 996.58 996.63 996.68 996.71 996.78 996.83 996.86 996.72 996.46 996.27 996.18 996.28 996.39 996.45 996.42 996.35 996.39 996.34 996.19 996.23 996.25 996.22 996.19 996.11 996.0 995.84 995.77 995.82 995.88 996.02 995.89 995.9 995.94 995.98 995.95 995.88 995.88 995.96 996.03 996.1 996.15 996.14 996.24 996.37 996.55 996.76 996.83 996.94 997.03 997.03 997.1 997.13 997.39 997.6 997.65 997.71 997.84 997.99 997.96 998.05 998.13 998.19 998.32 998.33 998.31 998.31 998.48 998.52 998.52 998.6 998.63 998.71 998.77 998.78 998.81 998.88 998.93 998.89 998.96 999.14 999.16 999.16 999.08 999.07 999.09 999.08 999.12 999.26 999.33 999.26 999.19 999.21 999.17 999.24 999.25 999.2 999.22 999.27 999.3 999.35 999.34 999.39 999.33 999.32 999.27 999.11 999.06 999.14 999.08 999.03 999.07 999.0 999.01 999.07 999.12 999.1 999.11 999.03 998.9 998.83 998.85 998.89 998.77 998.73 998.71 998.72 998.7 998.53 998.42 998.37 998.41 998.46 998.39 998.41 998.4 998.36 998.23 998.18 998.17 998.2 998.14 998.0 997.89 997.88 997.74 997.65 997.64 997.58 997.53 997.46 997.48 997.52 997.54 997.54 997.54 997.6 997.62 997.6 997.63 997.69 997.61 997.56 997.53 997.63 997.63 997.65 997.7 997.69 997.68 997.66 997.66 997.71 997.66 997.69 997.62 997.64 997.61 997.49 997.43 997.4 997.29 997.19 997.19 997.21 997.19 997.19 997.15 997.13 997.02 996.95 996.94 997.0 996.93 996.91 996.9 996.88 996.89 996.91 996.91 996.9 996.96 996.96 996.96 996.97 996.92 996.91 996.86 996.9 996.87 996.89 996.88 996.87 996.89 996.89 996.92 996.97 997.06 997.12 997.17 997.22 997.21 997.21 997.22 997.2 997.22 997.28 997.33 997.35 997.35 997.36 997.39 997.41 997.36 997.35 997.2473263888888 1.260829384296181
8 979.37 979.44 979.36 979.33 979.4 979.45 979.44 979.44 979.46 979.52 979.58 979.65 979.75 979.86 979.89 979.89 979.87 979.9 979.92 979.95 979.99 980.01 980.01 980.03 980.11 980.17 980.23 980.32 980.41 980.47 980.54 980.56 980.52 980.58 980.69 980.77 980.89 981.02 981.07 981.08 981.02 980.95 980.86 980.91 980.97 981.12 981.2 981.19 981.14 981.14 981.19 981.36 981.51 981.58 981.63 981.63 981.68 981.69 981.69 981.72 981.67 981.49 981.4 981.32 981.34 981.34 981.41 981.41 981.37 981.3 981.25 981.15 981.22 981.34 981.32 981.3 981.23 981.15 981.03 980.81 980.67 980.76 980.81 980.79 980.77 980.68 980.82 980.77 980.75 980.72 980.72 980.76 980.76 980.79 980.82 980.91 981.01 981.13 981.15 981.2 981.21 981.41 981.49 981.51 981.62 981.72 981.92 982.09 982.22 982.31 982.3 982.36 982.38 982.43 982.57 982.67 982.78 982.88 982.89 982.86 982.84 983.02 983.16 983.26 983.38 983.36 983.33 983.4 983.47 983.6 983.61 983.55 983.65 983.68 983.66 983.64 983.63 983.64 983.64 983.74 983.75 983.77 983.77 983.71 983.75 983.76 983.73 983.82 983.8 983.63 983.78 983.81 983.78 983.81 983.92 983.97 983.97 983.95 983.77 983.77 983.83 983.75 983.68 983.62 983.7 983.73 983.74 983.76 983.74 983.75 983.76 983.59 983.47 983.42 983.47 983.46 983.39 983.26 983.23 983.22 983.24 983.11 983.08 983.09 983.08 983.13 983.15 983.1 983.02 982.93 982.84 982.79 982.75 982.79 982.84 982.77 982.64 982.55 982.52 982.52 982.45 982.43 982.47 982.41 982.46 982.53 982.51 982.53 982.53 982.51 982.5 982.56 982.58 982.55 982.52 982.65 982.67 982.58 982.58 982.66 982.62 982.62 982.6 982.58 982.59 982.6 982.67 982.71 982.69 982.61 982.51 982.5 982.48 982.44 982.4 982.42 982.39 982.4 982.37 982.31 982.27 982.3 982.26 982.25 982.24 982.3 982.3 982.23 982.19 982.17 982.2 982.23 982.25 982.29 982.3 982.34 982.36 982.36 982.35 982.28 982.25 982.24 982.18 982.14 982.06 982.1 982.11 982.13 982.18 982.23 982.28 982.3 982.26 982.33 982.37 982.44 982.46 982.42 982.44 982.45 982.42 982.44 982.44 982.42 982.49 982.47 982.41 982.39 982.0856944444445 1.1943109352857981
9 983.55 983.64 983.72 983.79 983.82 983.87 983.95 984.0 983.99 984.01 984.03 984.06 984.12 984.19 984.26 984.32 984.36 984.46 984.56 984.61 984.65 984.71 984.76 984.85 984.89 984.91 984.91 984.92 984.92 984.89 984.9 984.93 984.9 984.9 984.9 984.93 984.97 985.02 985.09 985.09 985.1 985.14 985.26 985.34 985.42 985.61 985.75 985.85 985.87 985.84 985.92 986.04 986.16 986.22 986.22 986.26 986.36 986.38 986.34 986.36 986.36 986.34 986.3 986.21 986.2 986.28 986.44 986.46 986.38 986.29 986.25 986.37 986.44 986.44 986.44 986.38 986.28 986.21 986.14 986.17 986.23 986.13 986.02 985.94 985.9 985.76 985.77 985.89 985.91 985.96 985.99 985.93 985.57 985.42 985.4 985.37 985.47 985.48 985.54 985.58 985.68 985.78 985.75 985.66 985.71 985.76 985.9 986.03 986.18 986.27 986.36 986.39 986.39 986.52 986.78 986.9 987.15 987.29 987.38 987.47 987.53 987.63 987.66 987.66 987.6 987.53 987.63 987.79 987.95 988.1 988.12 988.18 988.18 988.27 988.44 988.45 988.43 988.38 988.32 988.44 988.44 988.34 988.43 988.51 988.59 988.7 988.71 988.53 988.4 988.27 988.21 988.18 988.19 988.18 988.17 988.1 987.95 987.99 987.91 987.91 988.08 987.99 987.81 987.76 987.79 987.69 987.65 987.58 987.53 987.52 987.5 987.5 987.57 987.65 987.63 987.59 987.58 987.55 987.5 987.46 987.41 987.33 987.2 987.2 987.0 986.94 986.94 986.94 986.89 986.95 986.94 986.88 986.91 986.88 986.89 986.8 986.75 986.8 986.84 986.7 986.61 986.62 986.61 986.59 986.61 986.58 986.51 986.49 986.48 986.52 986.58 986.55 986.58 986.58 986.6 986.59 986.58 986.57 986.55 986.56 986.63 986.57 986.5 986.59 986.65 986.56 986.58 986.61 986.51 986.46 986.44 986.54 986.51 986.61 986.67 986.63 986.57 986.57 986.5 986.42 986.37 986.36 986.33 986.28 986.22 986.28 986.31 986.33 986.35 986.36 986.35 986.4 986.44 986.5 986.49 986.49 986.46 986.45 986.45 986.44 986.45 986.47 986.53 986.49 986.45 986.43 986.39 986.45 986.45 986.62 986.65 986.65 986.69 986.73 986.81 986.88 986.93 987.02 987.08 987.11 987.12 987.16 987.2 987.26 987.34 987.44 987.46 987.46 986.4783333333334 1.113184526905028
END
#################################################################
SECTION3 (Edges Information)
EndPoint0 EndPoint1 Weight
0 1 1.000000
1 2 1.000000
2 3 1.000000
3 4 1.000000
3 5 1.000000
4 5 1.000000
4 6 1.000000
5 6 1.000000
5 7 1.000000
6 7 1.000000
7 8 1.000000
7 9 1.000000
8 9 1.000000
0 1 1.000000
1 2 1.000000
2 3 1.000000
3 4 1.000000
3 5 1.000000
4 5 1.000000
4 6 1.000000
5 6 1.000000
5 7 1.000000
6 7 1.000000
7 8 1.000000
7 9 1.000000
8 9 1.000000
0 1 1.000000
1 2 1.000000
2 3 1.000000
3 4 1.000000
3 5 1.000000
4 5 1.000000
4 6 1.000000
5 6 1.000000
5 7 1.000000
6 7 1.000000
7 8 1.000000
7 9 1.000000
8 9 1.000000
0 1 1.000000
1 2 1.000000
2 3 1.000000
3 4 1.000000
3 5 1.000000
4 5 1.000000
4 6 1.000000
5 6 1.000000
5 7 1.000000
6 7 1.000000
7 8 1.000000
7 9 1.000000
8 9 1.000000
END
#################################################################
SECTION4 (TrueSubGraph Information)
EndPoint0 EndPoint1 Weight
END
#################################################################
