#################################################################
#APDM Input Graph, this input graph includes 3 sections:
#section1 : general information
#section2 : nodes
#section3 : edges
#section4 : trueSubGraph (Optional)
#
#if nodes haven't information set weight to null
#################################################################
SECTION1 (General Information)
numNodes = 10
numEdges = 52
usedAlgorithm = NULL
dataSource = TransWeatherRealData
END
#################################################################
SECTION2 (Nodes Information)
NodeID press  mean  std 
0 986.93 987.02 987.07 987.26 987.4 987.5 987.65 987.75 987.85 987.9 987.92 988.04 988.07 988.13 988.13 988.15 988.23 988.29 988.37 988.48 988.56 988.61 988.71 988.79 988.89 988.96 988.93 988.97 989.04 989.09 989.16 989.27 989.35 989.45 989.53 989.56 989.52 989.5 989.58 989.63 989.63 989.72 989.75 989.81 989.93 990.08 990.24 990.34 990.43 990.49 990.55 990.51 990.48 990.48 990.51 990.48 990.48 990.5 990.55 990.63 990.68 990.74 990.77 990.76 990.83 990.82 990.82 990.75 990.7 990.7 990.71 990.75 990.73 990.73 990.78 990.83 990.87 990.94 991.0 990.95 990.99 991.05 991.06 991.03 991.08 991.15 991.09 990.97 990.84 990.85 990.89 990.94 990.94 990.92 990.86 990.77 990.66 990.68 990.7 990.73 990.78 990.78 990.87 990.92 990.94 990.99 991.06 991.11 991.16 991.2 991.28 991.24 991.18 991.21 991.29 991.31 991.37 991.45 991.51 991.54 991.72 991.74 991.66 991.5 991.5 991.62 991.6 991.47 991.47 991.5 991.63 991.84 991.92 992.14 992.4 992.48 992.59 992.72 992.76 992.81 992.96 993.07 993.13 993.13 993.22 993.25 993.28 993.27 993.26 993.29 993.39 993.5 993.46 993.48 993.44 993.32 993.3 993.46 993.46 993.29 993.3 993.33 993.28 993.27 993.3 993.36 993.45 993.48 993.49 993.49 993.56 993.72 993.92 994.08 994.14 994.25 994.07 993.98 993.98 994.13 994.15 994.05 993.92 993.95 994.01 993.97 993.94 993.9 993.8 993.79 993.81 993.77 993.66 993.6 993.55 993.51 993.44 993.41 993.47 993.47 993.33 993.19 993.25 993.23 993.22 993.21 993.15 993.13 993.1 993.07 993.09 993.0 992.94 992.82 992.77 992.71 992.64 992.55 992.51 992.42 992.25 992.16 992.07 991.99 991.9 991.83 991.75 991.64 991.57 991.49 991.48 991.43 991.33 991.28 991.27 991.21 991.23 991.21 991.16 991.16 991.18 991.18 991.21 991.22 991.28 991.24 991.24 991.22 991.21 991.15 991.13 991.12 991.12 991.12 991.11 991.18 991.2 991.19 991.16 991.16 991.14 991.21 991.17 991.2 991.19 991.21 991.23 991.24 991.29 991.37 991.34 991.3 991.3 991.28 991.27 991.28 991.25 991.28 991.35 991.37 991.37 991.42 991.43 991.41 991.41 991.45 991.49 991.46 991.4129513888889 1.63159483693546
1 977.27 977.36 977.48 977.61 977.76 977.86 977.93 978.0 978.12 978.25 978.31 978.32 978.34 978.37 978.38 978.44 978.59 978.66 978.7 978.76 978.85 978.96 979.06 979.15 979.24 979.29 979.42 979.46 979.51 979.55 979.59 979.69 979.79 979.88 979.94 980.0 980.1 980.1 980.1 980.22 980.34 980.38 980.42 980.45 980.54 980.66 980.76 980.76 980.84 980.9 980.98 981.02 981.08 981.17 981.21 981.17 981.17 981.28 981.38 981.41 981.37 981.31 981.28 981.33 981.35 981.4 981.44 981.51 981.53 981.56 981.6 981.57 981.61 981.63 981.65 981.65 981.64 981.61 981.6 981.57 981.66 981.64 981.67 981.78 981.91 981.91 981.92 981.95 982.05 982.05 982.01 981.89 981.87 981.81 981.81 981.85 981.87 981.86 981.78 981.71 981.74 981.85 981.83 981.75 981.8 981.84 981.82 981.82 981.83 981.9 981.99 982.05 982.07 982.12 982.25 982.29 982.39 982.55 982.62 982.67 982.77 982.87 983.0 983.01 982.98 982.97 982.77 982.58 982.41 982.41 982.53 982.57 982.55 982.91 983.31 983.46 983.65 983.85 983.89 983.86 983.86 983.99 984.04 984.02 984.12 984.32 984.42 984.36 984.44 984.47 984.51 984.52 984.51 984.46 984.46 984.38 984.36 984.43 984.51 984.54 984.55 984.61 984.62 984.68 984.65 984.55 984.46 984.47 984.49 984.56 984.63 984.61 984.67 984.74 984.73 984.71 984.71 984.81 984.91 984.9 984.8 984.81 984.84 984.87 984.83 984.75 984.68 984.59 984.59 984.52 984.65 984.69 984.57 984.59 984.66 984.65 984.62 984.56 984.58 984.56 984.57 984.53 984.47 984.42 984.38 984.29 984.24 984.19 984.15 984.04 983.92 983.87 983.78 983.63 983.56 983.53 983.47 983.38 983.35 983.28 983.25 983.23 983.17 983.08 982.96 982.83 982.74 982.65 982.6 982.49 982.47 982.46 982.39 982.28 982.26 982.29 982.29 982.3 982.32 982.28 982.22 982.19 982.16 982.11 982.09 982.11 982.09 982.02 982.07 982.11 982.1 982.12 982.11 982.12 982.13 982.06 982.04 982.07 982.06 981.99 981.99 981.96 981.92 981.89 981.97 981.95 981.94 981.91 981.9 981.93 982.03 982.13 982.15 982.17 982.21 982.27 982.29 982.33 982.34 982.32 982.33 982.34 982.27 982.31 982.3 982.26 982.21 982.23 982.2481597222222 1.8194134336902648
2 1002.57 1002.65 1002.76 1002.89 1003.0 1003.16 1003.29 1003.35 1003.44 1003.5 1003.55 1003.65 1003.7 1003.73 1003.82 1003.84 1003.92 1004.05 1004.09 1004.13 1004.27 1004.36 1004.43 1004.54 1004.59 1004.63 1004.66 1004.72 1004.77 1004.76 1004.79 1004.83 1004.91 1004.99 1005.02 1005.04 1005.07 1005.18 1005.23 1005.28 1005.34 1005.4 1005.48 1005.57 1005.69 1005.76 1005.82 1005.97 1005.98 1006.01 1006.02 1005.98 1006.08 1006.21 1006.3 1006.35 1006.37 1006.35 1006.32 1006.33 1006.36 1006.4 1006.45 1006.47 1006.46 1006.45 1006.5 1006.47 1006.57 1006.63 1006.66 1006.66 1006.7 1006.75 1006.77 1006.81 1006.85 1006.86 1006.85 1006.91 1006.88 1006.93 1007.02 1007.02 1007.04 1007.05 1007.14 1007.14 1007.22 1007.35 1007.34 1007.28 1007.27 1007.29 1007.16 1007.23 1007.19 1007.13 1007.08 1007.06 1007.1 1007.09 1007.15 1007.09 1007.13 1007.19 1007.17 1007.17 1007.19 1007.22 1007.16 1007.2 1007.28 1007.31 1007.37 1007.41 1007.51 1007.6 1007.67 1007.82 1007.99 1008.13 1008.21 1008.22 1008.29 1008.43 1008.62 1008.64 1008.56 1008.51 1008.55 1008.3 1008.04 1008.1 1008.21 1008.24 1008.29 1008.52 1008.86 1009.06 1009.28 1009.53 1009.58 1009.62 1009.6 1009.65 1009.77 1009.7 1009.71 1009.81 1009.89 1009.95 1010.1 1009.99 1009.95 1010.02 1010.02 1009.95 1009.96 1009.96 1009.95 1010.01 1010.03 1010.0 1010.01 1010.05 1010.07 1010.14 1010.14 1010.13 1010.13 1010.11 1009.98 1009.93 1009.99 1009.98 1009.95 1009.9 1009.94 1009.96 1009.94 1009.9 1009.93 1009.98 1009.97 1010.04 1010.05 1009.99 1009.91 1009.83 1009.79 1009.75 1009.69 1009.82 1009.78 1009.9 1009.89 1009.81 1009.72 1009.68 1009.65 1009.67 1009.69 1009.71 1009.69 1009.69 1009.61 1009.61 1009.56 1009.47 1009.39 1009.26 1009.08 1008.91 1008.87 1008.8 1008.66 1008.54 1008.45 1008.31 1008.31 1008.25 1008.19 1008.13 1008.06 1007.96 1007.82 1007.71 1007.59 1007.52 1007.47 1007.46 1007.4 1007.33 1007.31 1007.31 1007.27 1007.26 1007.22 1007.22 1007.2 1007.19 1007.19 1007.16 1007.08 1007.03 1007.03 1007.06 1007.0 1006.98 1006.93 1006.96 1007.0 1007.05 1007.1 1007.06 1006.94 1006.96 1006.97 1006.9 1006.88 1006.89 1006.89 1006.86 1006.88 1006.84 1006.82 1006.89 1006.94 1006.91 1006.9 1006.9 1006.88 1006.94 1007.02 1007.08 1007.13 1007.13 1007.21 1007.25 1007.28 1007.27 1007.21 1007.16 1007.21 1007.15 1006.98 1006.95 1007.4373263888889 1.8571832867799922
3 1005.46 1005.55 1005.59 1005.65 1005.7 1005.82 1005.95 1006.14 1006.27 1006.33 1006.39 1006.44 1006.47 1006.52 1006.57 1006.68 1006.78 1006.87 1006.9 1006.96 1007.06 1007.17 1007.28 1007.37 1007.44 1007.48 1007.51 1007.54 1007.56 1007.66 1007.66 1007.68 1007.72 1007.73 1007.74 1007.79 1007.86 1007.9 1007.94 1008.05 1008.21 1008.24 1008.26 1008.38 1008.48 1008.57 1008.61 1008.66 1008.72 1008.73 1008.77 1008.76 1008.79 1008.86 1008.88 1008.91 1008.99 1009.11 1009.21 1009.21 1009.2 1009.23 1009.21 1009.25 1009.24 1009.26 1009.32 1009.34 1009.34 1009.28 1009.32 1009.4 1009.49 1009.55 1009.61 1009.64 1009.69 1009.71 1009.65 1009.7 1009.75 1009.76 1009.76 1009.8 1009.81 1009.83 1009.89 1009.82 1009.79 1009.85 1009.91 1009.96 1010.09 1010.06 1010.11 1010.11 1010.1 1010.03 1010.1 1010.12 1010.06 1009.95 1009.96 1010.04 1009.95 1009.94 1010.02 1010.05 1010.07 1010.09 1010.14 1010.22 1010.19 1010.19 1010.19 1010.27 1010.34 1010.42 1010.46 1010.47 1010.6 1010.75 1010.9 1010.99 1011.16 1011.3 1011.4 1011.43 1011.5 1011.66 1011.8 1011.71 1011.61 1011.49 1011.45 1011.29 1011.18 1011.22 1011.24 1011.35 1011.52 1011.78 1012.1 1012.4 1012.64 1012.83 1012.9 1012.86 1012.83 1012.84 1012.9 1012.84 1012.82 1012.86 1012.89 1013.01 1013.08 1013.02 1013.0 1013.09 1013.09 1013.06 1012.97 1012.98 1012.93 1012.89 1012.92 1012.96 1013.03 1013.02 1012.98 1013.09 1013.14 1013.08 1013.09 1013.09 1013.11 1012.97 1012.87 1012.91 1012.91 1012.92 1012.88 1012.84 1012.77 1012.81 1012.79 1012.7 1012.76 1012.85 1012.91 1012.82 1012.8 1012.65 1012.61 1012.54 1012.54 1012.59 1012.79 1012.69 1012.68 1012.7 1012.62 1012.51 1012.59 1012.7 1012.72 1012.63 1012.55 1012.49 1012.42 1012.34 1012.25 1012.12 1012.05 1011.85 1011.73 1011.66 1011.58 1011.46 1011.39 1011.29 1011.16 1011.04 1010.93 1010.84 1010.79 1010.75 1010.66 1010.51 1010.43 1010.4 1010.36 1010.42 1010.42 1010.39 1010.36 1010.41 1010.39 1010.35 1010.37 1010.31 1010.28 1010.22 1010.17 1010.16 1010.07 1010.05 1009.98 1009.94 1009.95 1009.95 1009.93 1010.0 1010.04 1010.07 1010.08 1010.05 1009.99 1009.98 1009.99 1009.93 1009.91 1009.93 1009.94 1009.93 1009.96 1009.92 1009.9 1009.92 1010.02 1010.0 1009.98 1010.0 1010.01 1010.09 1010.17 1010.21 1010.19 1010.15 1010.24 1010.33 1010.35 1010.31 1010.27 1010.25 1010.28 1010.27 1010.3479166666667 1.9124096389575336
4 1003.06 1003.22 1003.34 1003.48 1003.61 1003.72 1003.77 1003.79 1003.86 1004.02 1004.17 1004.22 1004.31 1004.37 1004.4 1004.45 1004.51 1004.61 1004.73 1004.81 1004.9 1004.93 1004.99 1005.07 1005.09 1005.1 1005.1 1005.13 1005.21 1005.3 1005.33 1005.34 1005.41 1005.47 1005.46 1005.49 1005.51 1005.54 1005.58 1005.6 1005.65 1005.73 1005.84 1005.95 1006.02 1006.06 1006.12 1006.26 1006.33 1006.34 1006.37 1006.46 1006.56 1006.62 1006.67 1006.68 1006.71 1006.81 1006.94 1006.93 1006.99 1007.08 1007.09 1007.07 1007.08 1007.15 1007.19 1007.21 1007.28 1007.39 1007.43 1007.43 1007.45 1007.49 1007.52 1007.51 1007.54 1007.65 1007.68 1007.74 1007.75 1007.77 1007.78 1007.83 1007.85 1007.81 1007.8 1007.83 1007.82 1007.77 1007.76 1007.88 1007.96 1008.02 1008.0 1008.07 1008.19 1008.24 1008.31 1008.36 1008.38 1008.4 1008.36 1008.31 1008.33 1008.28 1008.32 1008.24 1008.24 1008.23 1008.16 1008.26 1008.38 1008.43 1008.55 1008.57 1008.63 1008.67 1008.72 1008.79 1008.85 1008.88 1009.0 1009.09 1009.11 1009.15 1009.33 1009.55 1009.72 1009.85 1009.96 1010.03 1010.1 1010.29 1010.41 1010.4 1010.34 1010.19 1010.04 1009.87 1009.63 1009.6 1009.69 1009.79 1010.02 1010.33 1010.63 1010.95 1011.19 1011.44 1011.48 1011.48 1011.46 1011.39 1011.35 1011.38 1011.37 1011.36 1011.37 1011.43 1011.49 1011.47 1011.44 1011.49 1011.41 1011.33 1011.36 1011.38 1011.3 1011.27 1011.2 1011.21 1011.24 1011.22 1011.16 1011.18 1011.26 1011.27 1011.31 1011.33 1011.24 1011.21 1011.16 1011.1 1011.07 1011.0 1011.01 1011.05 1011.06 1010.99 1010.83 1010.76 1010.73 1010.81 1010.84 1010.83 1010.83 1010.94 1010.87 1010.72 1010.69 1010.75 1010.89 1010.91 1010.85 1010.87 1010.87 1010.96 1010.92 1010.83 1010.86 1010.9 1010.81 1010.65 1010.53 1010.45 1010.34 1010.27 1010.14 1010.04 1009.9 1009.8 1009.68 1009.56 1009.4 1009.28 1009.14 1008.99 1008.89 1008.77 1008.66 1008.59 1008.55 1008.56 1008.55 1008.57 1008.56 1008.52 1008.45 1008.53 1008.54 1008.56 1008.59 1008.55 1008.57 1008.52 1008.45 1008.45 1008.38 1008.38 1008.39 1008.32 1008.31 1008.36 1008.34 1008.41 1008.47 1008.49 1008.49 1008.51 1008.51 1008.48 1008.45 1008.44 1008.44 1008.44 1008.42 1008.44 1008.44 1008.43 1008.42 1008.41 1008.39 1008.4 1008.33 1008.35 1008.41 1008.4 1008.39 1008.4 1008.39 1008.38 1008.46 1008.53 1008.57 1008.52 1008.49 1008.49 1008.4781944444444 2.117311967809246
5 995.23 995.41 995.52 995.64 995.7 995.77 995.84 995.96 996.13 996.18 996.23 996.33 996.4 996.55 996.64 996.69 996.76 996.77 996.81 996.81 996.86 996.93 996.97 997.0 997.05 997.11 997.15 997.24 997.22 997.31 997.37 997.41 997.47 997.54 997.64 997.65 997.61 997.54 997.47 997.44 997.49 997.59 997.77 997.91 998.01 998.11 998.18 998.18 998.29 998.33 998.34 998.37 998.46 998.5 998.53 998.6 998.59 998.6 998.67 998.71 998.73 998.83 998.9 998.92 999.01 999.13 999.14 999.15 999.22 999.31 999.38 999.45 999.44 999.55 999.58 999.62 999.68 999.69 999.71 999.77 999.84 999.9 999.95 999.98 999.96 999.93 999.97 1000.01 1000.04 1000.09 1000.14 1000.14 1000.18 1000.38 1000.41 1000.29 1000.33 1000.37 1000.42 1000.53 1000.56 1000.59 1000.72 1000.75 1000.72 1000.75 1000.71 1000.7 1000.73 1000.85 1000.93 1000.96 1000.95 1001.05 1001.06 1001.12 1001.17 1001.21 1001.29 1001.4 1001.48 1001.49 1001.45 1001.53 1001.6 1001.71 1001.73 1001.84 1001.94 1001.97 1002.06 1002.26 1002.31 1002.41 1002.61 1002.72 1002.91 1002.98 1003.0 1002.88 1002.7 1002.56 1002.49 1002.39 1002.28 1002.34 1002.58 1002.87 1003.03 1003.06 1003.2 1003.41 1003.62 1003.65 1003.72 1003.7 1003.7 1003.77 1003.76 1003.87 1003.85 1004.01 1004.0 1004.0 1003.96 1003.99 1004.08 1004.02 1003.98 1004.02 1004.07 1004.1 1004.06 1004.08 1004.07 1004.08 1004.1 1004.06 1004.07 1004.09 1004.12 1004.13 1004.2 1004.16 1004.11 1004.03 1003.95 1003.89 1003.83 1003.78 1003.66 1003.62 1003.64 1003.64 1003.58 1003.59 1003.55 1003.43 1003.39 1003.4 1003.48 1003.46 1003.41 1003.44 1003.49 1003.58 1003.62 1003.61 1003.61 1003.54 1003.52 1003.46 1003.42 1003.34 1003.17 1003.11 1002.99 1002.87 1002.82 1002.74 1002.61 1002.48 1002.28 1002.21 1002.19 1002.14 1002.03 1001.91 1001.77 1001.63 1001.44 1001.29 1001.18 1001.13 1000.99 1000.9 1000.93 1000.96 1000.91 1000.8 1000.8 1000.83 1000.88 1000.91 1000.93 1000.88 1000.89 1000.85 1000.79 1000.74 1000.74 1000.7 1000.62 1000.57 1000.62 1000.71 1000.72 1000.72 1000.74 1000.8 1000.79 1000.81 1000.83 1000.8 1000.82 1000.82 1000.78 1000.74 1000.77 1000.76 1000.78 1000.8 1000.75 1000.73 1000.72 1000.7 1000.76 1000.79 1000.87 1000.92 1000.93 1000.97 1001.07 1001.04 1001.06 1001.06 1001.1 1001.14 1000.8397569444444 2.3347087821637627
6 965.33 965.44 965.58 965.68 965.76 965.86 966.0 966.15 966.24 966.32 966.38 966.53 966.6 966.63 966.69 966.76 966.86 966.94 967.01 967.11 967.17 967.29 967.36 967.39 967.45 967.47 967.47 967.47 967.41 967.44 967.43 967.47 967.58 967.69 967.68 967.7 967.8 967.88 967.88 967.86 967.87 967.93 967.97 968.01 968.15 968.27 968.38 968.45 968.58 968.63 968.67 968.65 968.73 968.82 968.86 968.88 968.95 968.91 968.97 969.03 969.12 969.14 969.22 969.32 969.33 969.36 969.4 969.5 969.53 969.53 969.48 969.48 969.57 969.61 969.61 969.62 969.66 969.71 969.75 969.83 969.91 969.95 969.91 969.89 969.94 969.99 970.04 970.05 970.02 970.02 970.11 970.21 970.24 970.26 970.3 970.32 970.42 970.48 970.47 970.54 970.62 970.67 970.76 970.84 970.82 970.84 970.91 970.95 970.96 970.94 971.0 971.08 971.17 971.26 971.34 971.36 971.4 971.36 971.34 971.42 971.52 971.58 971.73 971.85 971.93 971.95 972.01 972.06 972.18 972.21 972.26 972.34 972.45 972.55 972.6 972.68 972.81 972.92 973.17 973.28 973.48 973.47 973.5 973.4 973.34 973.3 973.24 973.12 973.18 973.16 973.39 973.52 973.52 973.5 973.54 973.71 973.83 973.99 974.08 974.15 974.2 974.15 974.2 974.26 974.4 974.49 974.54 974.52 974.42 974.4 974.39 974.4 974.48 974.52 974.57 974.6 974.62 974.62 974.57 974.55 974.46 974.42 974.37 974.39 974.34 974.33 974.4 974.44 974.43 974.32 974.27 974.18 974.15 974.11 974.05 974.03 974.05 973.95 973.86 973.79 973.71 973.71 973.67 973.68 973.73 973.82 973.86 974.0 974.04 974.01 974.02 974.06 974.03 974.02 973.99 973.99 973.98 973.86 973.8 973.74 973.67 973.61 973.51 973.38 973.28 973.2 973.09 973.05 972.94 972.85 972.73 972.66 972.61 972.59 972.56 972.53 972.49 972.46 972.45 972.34 972.33 972.29 972.25 972.24 972.2 972.18 972.19 972.2 972.19 972.24 972.25 972.25 972.28 972.19 972.12 972.22 972.27 972.31 972.35 972.38 972.45 972.52 972.58 972.58 972.67 972.76 972.78 972.8 972.82 972.88 972.84 972.89 972.96 972.98 972.96 972.94 972.96 972.99 972.97 973.04 973.09 973.05 973.15 973.23 973.22 973.12 973.04 973.03 971.4341666666667 2.511738296139283
7 993.47 993.59 993.76 993.85 994.03 994.18 994.22 994.36 994.44 994.48 994.65 994.88 995.0 995.14 995.2 995.37 995.46 995.41 995.48 995.52 995.51 995.61 995.76 995.79 995.77 995.77 995.69 995.69 995.84 996.01 996.06 996.13 996.17 996.19 996.32 996.47 996.53 996.52 996.65 996.66 996.74 996.64 996.73 996.73 996.8 996.87 996.88 996.93 997.03 997.08 997.16 997.25 997.29 997.35 997.42 997.48 997.54 997.54 997.52 997.54 997.58 997.61 997.63 997.62 997.55 997.58 997.71 997.8 997.79 997.8 997.9 998.0 998.05 997.97 998.0 998.01 997.99 998.02 998.1 998.2 998.2 998.23 998.27 998.32 998.45 998.49 998.48 998.55 998.56 998.54 998.66 998.79 998.76 998.79 998.92 998.93 998.89 998.91 999.06 999.14 999.17 999.19 999.26 999.32 999.39 999.47 999.53 999.58 999.64 999.64 999.68 999.81 999.89 999.96 999.98 999.98 1000.1 1000.16 1000.24 1000.28 1000.34 1000.48 1000.61 1000.65 1000.73 1000.79 1000.84 1000.9 1000.97 1001.01 1001.05 1001.13 1001.23 1001.37 1001.52 1001.59 1001.77 1001.92 1002.05 1002.14 1002.13 1002.13 1002.28 1002.31 1002.26 1002.29 1002.37 1002.31 1002.22 1002.22 1002.16 1002.21 1002.29 1002.28 1002.47 1002.53 1002.65 1002.8 1002.85 1002.9 1003.03 1003.23 1003.21 1003.21 1003.23 1003.31 1003.41 1003.46 1003.46 1003.45 1003.48 1003.45 1003.44 1003.43 1003.46 1003.55 1003.62 1003.65 1003.61 1003.53 1003.53 1003.48 1003.5 1003.47 1003.37 1003.37 1003.44 1003.46 1003.46 1003.53 1003.41 1003.25 1003.13 1003.08 1003.12 1003.01 1002.96 1002.93 1002.92 1002.89 1002.79 1002.68 1002.68 1002.77 1002.7 1002.82 1002.89 1002.85 1002.79 1002.78 1002.84 1002.81 1002.74 1002.63 1002.55 1002.59 1002.49 1002.42 1002.42 1002.31 1002.26 1002.2 1002.09 1002.02 1001.99 1001.96 1001.85 1001.79 1001.71 1001.64 1001.48 1001.46 1001.4 1001.33 1001.17 1001.07 1001.1 1001.11 1001.09 1001.04 1001.06 1001.12 1001.11 1001.11 1001.06 1000.98 1000.88 1000.81 1000.85 1000.88 1000.84 1000.84 1000.95 1001.0 1001.02 1001.0 1001.01 1001.04 1001.02 1000.99 1000.99 1001.01 1001.03 1001.06 1001.12 1001.2 1001.23 1001.25 1001.31 1001.38 1001.47 1001.47 1001.49 1001.48 1001.49 1001.5 1001.47 1001.45 1001.51 1001.55 1001.58 1001.54 1001.52 1001.47 1001.47 1001.47 1001.49 1001.5 1000.0969791666666 2.6825862968379193
8 977.6 977.82 977.87 977.96 978.11 978.27 978.33 978.44 978.6 978.74 978.88 979.01 979.17 979.35 979.46 979.59 979.61 979.61 979.58 979.6 979.63 979.7 979.75 979.8 979.96 980.0 980.06 980.07 980.1 980.18 980.15 980.33 980.52 980.5 980.59 980.68 980.6 980.67 980.61 980.71 980.7 980.69 980.86 980.97 981.05 981.12 981.16 981.32 981.41 981.46 981.48 981.49 981.56 981.63 981.62 981.68 981.77 981.76 981.7 981.71 981.76 981.8 981.81 981.83 981.82 981.86 981.92 981.92 981.9 981.97 982.12 982.05 981.97 982.05 982.06 982.11 982.2 982.27 982.3 982.3 982.4 982.41 982.4 982.44 982.55 982.55 982.6 982.72 982.75 982.81 982.8 982.84 982.83 982.91 982.98 983.01 983.09 983.2 983.29 983.35 983.44 983.47 983.49 983.62 983.68 983.73 983.78 983.88 983.96 984.02 984.06 984.17 984.2 984.21 984.22 984.17 984.3 984.37 984.41 984.53 984.65 984.69 984.67 984.73 984.81 984.82 984.85 984.84 984.9 985.0 985.03 985.18 985.31 985.41 985.61 985.69 985.85 986.08 986.11 986.13 986.16 986.2 986.16 986.18 986.3 986.44 986.34 986.19 986.12 986.22 986.21 986.28 986.36 986.35 986.36 986.51 986.69 986.83 986.91 987.0 987.03 987.0 986.98 987.08 987.25 987.37 987.47 987.46 987.42 987.4 987.3 987.29 987.23 987.3 987.44 987.46 987.42 987.47 987.42 987.36 987.42 987.4 987.33 987.45 987.39 987.37 987.39 987.41 987.46 987.43 987.3 987.19 987.16 987.1 986.96 987.02 987.1 987.05 987.0 986.95 986.99 986.95 987.04 987.06 987.01 987.01 987.03 986.97 986.88 986.77 986.8 986.9 986.79 986.74 986.68 986.65 986.57 986.57 986.54 986.52 986.43 986.33 986.31 986.26 986.25 986.2 986.04 985.98 985.89 985.77 985.73 985.63 985.57 985.49 985.43 985.42 985.45 985.44 985.46 985.5 985.46 985.46 985.46 985.42 985.29 985.23 985.18 985.13 985.16 985.2 985.3 985.35 985.35 985.37 985.4 985.45 985.47 985.46 985.41 985.46 985.47 985.46 985.45 985.5 985.52 985.53 985.56 985.66 985.73 985.85 985.92 985.91 985.9 985.94 985.98 985.9 985.86 985.83 985.88 985.92 985.96 985.93 985.88 985.88 985.85 985.91 985.94 985.89 984.2648611111111 2.648527823567385
9 980.71 980.84 980.92 981.01 981.04 981.24 981.42 981.61 981.83 981.89 981.97 981.97 981.98 982.11 982.22 982.2 982.32 982.46 982.65 982.68 982.61 982.77 982.85 982.79 982.73 982.66 982.73 982.93 982.97 983.11 983.14 983.18 983.24 983.28 983.37 983.42 983.45 983.47 983.51 983.58 983.69 983.76 983.78 983.88 983.92 983.97 984.08 984.04 984.1 984.09 984.1 984.2 984.28 984.26 984.32 984.33 984.31 984.37 984.36 984.4 984.52 984.61 984.64 984.66 984.64 984.64 984.77 984.83 984.91 984.93 984.85 984.78 984.81 985.01 985.1 985.08 985.05 984.99 984.97 985.01 985.07 985.14 985.19 985.22 985.35 985.41 985.35 985.32 985.44 985.56 985.65 985.69 985.83 986.01 986.12 986.2 986.27 986.39 986.44 986.55 986.66 986.83 986.99 987.04 987.2 987.28 987.26 987.21 987.35 987.37 987.42 987.45 987.54 987.68 987.7 987.84 988.05 988.02 988.1 988.14 988.27 988.4 988.51 988.63 988.8 988.81 988.8 988.96 989.09 989.12 989.29 989.42 989.48 989.48 989.62 989.78 989.95 990.03 990.09 990.2 990.3 990.29 990.43 990.51 990.62 990.77 990.93 990.95 990.75 990.73 990.9 991.03 991.22 991.34 991.32 991.24 991.19 991.03 990.99 991.13 990.98 991.09 991.28 991.48 991.7 991.91 991.94 991.9 991.85 991.96 991.92 991.9 991.98 992.1 992.16 992.27 992.23 992.14 992.13 992.09 991.97 991.95 991.89 991.83 991.72 991.69 991.75 991.75 991.69 991.56 991.42 991.41 991.48 991.51 991.55 991.59 991.63 991.61 991.69 991.73 991.76 991.74 991.69 991.71 991.71 991.69 991.64 991.64 991.53 991.38 991.36 991.3 991.22 991.15 991.08 991.01 990.96 990.96 990.86 990.83 990.83 990.8 990.8 990.85 990.81 990.72 990.68 990.57 990.48 990.4 990.33 990.27 990.23 990.23 990.19 990.15 990.16 990.14 990.04 989.97 989.89 989.94 989.99 990.03 990.02 989.95 989.87 989.85 989.84 989.82 989.79 989.8 989.79 989.85 989.92 989.97 989.93 990.05 990.16 990.23 990.3 990.31 990.31 990.37 990.45 990.47 990.49 990.5 990.46 990.52 990.6 990.78 990.94 991.1 991.27 991.42 991.48 991.45 991.5 991.58 991.62 991.57 991.6 991.48 991.3 991.15 991.1 991.09 988.1730208333333 3.4097455492112383
END
#################################################################
SECTION3 (Edges Information)
EndPoint0 EndPoint1 Weight
0 1 1.000000
1 2 1.000000
2 3 1.000000
3 4 1.000000
3 5 1.000000
4 5 1.000000
4 6 1.000000
5 6 1.000000
5 7 1.000000
6 7 1.000000
7 8 1.000000
7 9 1.000000
8 9 1.000000
0 1 1.000000
1 2 1.000000
2 3 1.000000
3 4 1.000000
3 5 1.000000
4 5 1.000000
4 6 1.000000
5 6 1.000000
5 7 1.000000
6 7 1.000000
7 8 1.000000
7 9 1.000000
8 9 1.000000
0 1 1.000000
1 2 1.000000
2 3 1.000000
3 4 1.000000
3 5 1.000000
4 5 1.000000
4 6 1.000000
5 6 1.000000
5 7 1.000000
6 7 1.000000
7 8 1.000000
7 9 1.000000
8 9 1.000000
0 1 1.000000
1 2 1.000000
2 3 1.000000
3 4 1.000000
3 5 1.000000
4 5 1.000000
4 6 1.000000
5 6 1.000000
5 7 1.000000
6 7 1.000000
7 8 1.000000
7 9 1.000000
8 9 1.000000
END
#################################################################
SECTION4 (TrueSubGraph Information)
EndPoint0 EndPoint1 Weight
END
#################################################################
