#################################################################
#APDM Input Graph, this input graph includes 3 sections:
#section1 : general information
#section2 : nodes
#section3 : edges
#section4 : trueSubGraph (Optional)
#
#if nodes haven't information set weight to null
#################################################################
SECTION1 (General Information)
numNodes = 10
numEdges = 52
usedAlgorithm = NULL
dataSource = TransWeatherRealData
END
#################################################################
SECTION2 (Nodes Information)
NodeID press  mean  std 
0 966.2 966.1 966.1 966.4 966.3 966.2 966.1 965.9 966.0 966.0 966.0 966.1 966.1 966.3 966.4 966.5 966.5 966.5 966.5 966.5 966.6 966.6 966.6 966.7 966.9 966.9 967.1 967.2 967.2 967.3 967.4 967.4 967.5 967.5 967.4 967.5 967.5 967.5 967.5 967.5 967.6 967.5 967.6 967.7 967.7 967.8 967.9 968.0 968.0 968.0 968.1 968.1 968.0 968.1 968.2 968.3 968.3 968.3 968.4 968.5 968.5 968.5 968.6 968.7 968.7 968.8 968.8 968.9 969.0 969.0 969.0 969.0 969.1 969.2 969.2 969.2 969.3 969.4 969.6 969.7 969.8 969.9 970.0 970.1 970.0 970.1 970.1 970.0 970.0 970.1 970.1 970.2 970.2 970.3 970.4 970.4 970.4 970.4 970.5 970.5 970.6 970.6 970.7 970.7 970.8 970.8 970.8 970.9 970.9 971.0 970.9 970.9 971.0 970.9 970.9 970.9 970.9 971.0 971.0 971.1 971.2 971.2 971.2 971.3 971.2 971.2 971.3 971.3 971.3 971.2 971.2 971.2 971.1 971.1 971.1 971.1 971.1 971.1 971.2 971.3 971.3 971.3 971.3 971.4 971.4 971.4 971.4 971.4 971.4 971.4 971.4 971.4 971.4 971.4 971.5 971.4 971.5 971.5 971.5 971.5 971.5 971.5 971.5 971.6 971.7 971.7 971.7 971.7 971.8 971.9 972.0 972.0 972.1 972.1 972.1 972.2 972.3 972.3 972.3 972.3 972.4 972.4 972.4 972.4 972.5 972.5 972.6 972.6 972.6 972.7 972.8 972.8 972.8 972.9 973.0 973.0 973.1 973.2 973.3 973.3 973.4 973.5 973.5 973.6 973.6 973.6 973.6 973.6 973.7 973.7 973.7 973.8 973.8 973.9 973.8 973.8 973.9 973.9 973.9 973.9 973.9 974.0 974.0 974.1 974.1 974.0 974.1 974.2 974.2 974.3 974.3 974.4 974.4 974.5 974.6 974.6 974.7 974.7 974.8 974.8 974.8 974.8 974.8 974.8 974.8 974.8 974.9 974.9 974.9 974.8 974.9 974.9 974.9 974.8 974.8 974.8 974.8 974.8 974.8 974.9 974.9 974.9 974.8 974.8 974.7 974.7 974.8 974.7 974.6 974.6 974.6 974.7 974.7 974.7 974.7 974.7 974.7 974.7 974.7 974.8 974.8 974.8 974.7 974.7 974.7 974.7 974.8 974.8 971.26875 2.7348561485588387
1 956.5 956.5 956.7 956.9 957.0 957.2 957.3 957.5 957.6 957.7 957.8 957.9 957.8 957.6 957.5 957.5 957.2 957.2 957.4 957.8 957.8 958.0 957.9 958.0 958.1 958.2 958.2 958.3 958.5 958.5 958.6 958.6 958.6 958.6 958.6 958.6 958.6 958.6 958.6 958.6 958.7 958.8 958.8 958.8 958.8 958.9 958.9 959.0 959.1 959.2 959.3 959.3 959.3 959.3 959.3 959.3 959.3 959.4 959.4 959.4 959.5 959.4 959.5 959.5 959.7 959.8 959.8 959.9 960.0 959.9 960.0 960.0 960.1 960.2 960.3 960.3 960.3 960.2 960.3 960.4 960.5 960.6 960.7 960.7 960.7 960.8 960.9 960.9 960.9 960.9 961.1 961.1 961.1 961.1 961.1 961.1 961.2 961.3 961.4 961.5 961.4 961.5 961.5 961.5 961.6 961.6 961.7 961.6 961.6 961.6 961.7 961.6 961.6 961.6 961.6 961.6 961.7 961.8 961.9 961.9 962.0 962.0 962.1 962.2 962.1 962.0 962.0 961.9 962.0 962.1 962.1 962.1 962.0 962.0 962.0 962.0 962.0 962.0 961.9 961.9 961.9 962.0 962.0 962.0 962.0 962.1 962.0 962.1 962.1 962.1 962.1 962.1 962.1 962.1 962.1 962.2 962.2 962.2 962.2 962.3 962.3 962.3 962.3 962.4 962.4 962.5 962.5 962.5 962.6 962.6 962.6 962.7 962.8 962.8 962.8 962.9 963.0 963.1 963.2 963.3 963.3 963.4 963.4 963.5 963.5 963.6 963.7 963.8 963.8 964.0 964.1 964.1 964.1 964.2 964.2 964.3 964.4 964.4 964.4 964.5 964.5 964.6 964.6 964.6 964.6 964.7 964.6 964.8 964.8 964.8 964.9 965.0 964.9 965.0 965.1 965.1 965.2 965.3 965.3 965.4 965.4 965.3 965.4 965.4 965.5 965.4 965.5 965.6 965.8 965.8 965.8 965.9 965.9 966.0 966.0 966.1 966.1 966.1 966.1 966.1 966.1 966.2 966.2 966.3 966.2 966.3 966.3 966.3 966.3 966.3 966.3 966.3 966.3 966.3 966.2 966.2 966.2 966.2 966.2 966.2 966.2 966.2 966.2 966.2 966.3 966.3 966.3 966.3 966.3 966.4 966.4 966.3 966.3 966.3 966.2 966.3 966.3 966.3 966.3 966.4 966.4 966.4 966.4 966.4 966.4 966.4 966.4 966.4 962.3513888888889 2.8750757871813373
2 980.1 980.1 980.1 980.1 980.2 980.5 980.6 980.7 980.9 981.2 981.5 981.7 981.9 981.9 982.0 982.0 982.0 981.9 981.7 981.6 981.6 981.5 981.7 981.8 981.9 982.1 982.3 982.4 982.3 982.5 982.6 982.8 982.7 982.7 982.7 982.6 982.6 982.4 982.4 982.5 982.6 982.6 982.6 982.7 982.7 982.7 982.7 982.8 982.8 982.9 983.0 983.0 983.2 983.3 983.4 983.5 983.6 983.6 983.7 983.7 983.7 983.8 983.9 983.9 984.1 984.1 984.2 984.2 984.3 984.5 984.5 984.5 984.5 984.5 984.5 984.5 984.6 984.7 984.8 984.9 985.0 985.0 985.0 985.2 985.4 985.5 985.5 985.4 985.4 985.5 985.6 985.6 985.5 985.4 985.5 985.4 985.5 985.6 985.7 985.8 985.9 985.9 986.0 986.0 986.0 986.0 986.0 986.0 986.0 986.0 986.0 986.0 986.0 986.1 986.2 986.2 986.2 986.2 986.3 986.3 986.3 986.4 986.5 986.4 986.4 986.5 986.4 986.4 986.4 986.4 986.4 986.3 986.3 986.3 986.2 986.2 986.2 986.2 986.3 986.3 986.4 986.3 986.3 986.4 986.4 986.4 986.5 986.5 986.5 986.5 986.5 986.5 986.6 986.5 986.6 986.6 986.6 986.6 986.7 986.7 986.7 986.8 986.9 986.9 986.9 987.0 987.0 987.0 987.0 987.1 987.2 987.2 987.3 987.4 987.5 987.5 987.7 987.7 987.7 987.7 987.8 987.9 987.9 988.0 988.0 988.1 988.2 988.3 988.3 988.4 988.5 988.6 988.6 988.6 988.6 988.6 988.6 988.6 988.6 988.7 988.8 988.9 989.0 988.9 988.9 989.0 989.1 989.1 989.1 989.1 989.2 989.3 989.3 989.3 989.3 989.4 989.4 989.4 989.4 989.5 989.5 989.6 989.7 989.7 989.8 989.8 989.9 989.9 989.9 990.0 990.0 990.0 990.0 990.1 990.1 990.1 990.2 990.3 990.2 990.3 990.3 990.3 990.4 990.4 990.4 990.4 990.5 990.5 990.5 990.5 990.5 990.6 990.6 990.6 990.5 990.5 990.5 990.5 990.5 990.5 990.5 990.5 990.4 990.4 990.5 990.5 990.5 990.5 990.5 990.6 990.6 990.6 990.6 990.6 990.6 990.5 990.6 990.5 990.5 990.4 990.4 990.3 990.3 990.4 990.5 990.5 990.5 990.4 986.5975694444444 2.9698885457630797
3 980.7 980.5 980.9 981.5 981.9 982.2 982.5 982.6 982.7 982.8 983.0 983.2 983.7 983.9 984.1 984.4 984.4 984.5 984.6 984.5 984.4 984.4 984.2 984.2 984.1 984.3 984.4 984.3 984.6 984.8 984.9 984.9 985.0 985.1 985.1 985.0 984.9 984.8 984.7 984.7 984.8 984.9 984.9 984.9 985.0 985.0 985.0 985.1 985.2 985.2 985.2 985.3 985.4 985.5 985.6 985.7 985.8 985.9 986.0 986.1 986.1 986.1 986.1 986.2 986.2 986.3 986.3 986.3 986.4 986.5 986.5 986.6 986.8 986.8 986.9 987.0 987.0 987.1 987.2 987.3 987.4 987.5 987.5 987.6 987.6 987.6 987.7 987.8 987.9 987.8 987.9 987.9 987.9 988.0 988.0 988.1 988.1 988.1 988.3 988.3 988.4 988.4 988.4 988.4 988.5 988.4 988.5 988.5 988.5 988.5 988.5 988.5 988.6 988.6 988.7 988.8 988.9 988.9 989.0 989.0 989.0 989.1 989.1 989.1 989.1 989.1 989.1 989.1 989.0 988.9 988.9 988.8 988.8 988.8 988.8 988.8 988.7 988.6 988.5 988.6 988.7 988.7 988.7 988.7 988.8 988.9 988.9 988.9 988.9 989.0 989.0 989.0 989.0 989.0 989.0 989.0 989.0 989.0 989.1 989.1 989.2 989.2 989.3 989.3 989.3 989.3 989.4 989.4 989.4 989.5 989.5 989.5 989.6 989.7 989.7 989.8 989.8 989.9 989.9 990.0 990.1 990.1 990.2 990.2 990.2 990.3 990.4 990.4 990.4 990.5 990.5 990.5 990.5 990.6 990.7 990.7 990.8 990.9 990.9 990.9 990.9 991.0 991.1 991.3 991.3 991.4 991.4 991.4 991.4 991.5 991.5 991.6 991.6 991.6 991.6 991.7 991.8 991.8 991.8 991.9 992.0 992.0 992.0 992.0 992.1 992.0 992.0 992.0 992.1 992.3 992.3 992.3 992.3 992.4 992.3 992.3 992.3 992.4 992.4 992.4 992.4 992.5 992.5 992.6 992.6 992.6 992.7 992.7 992.7 992.7 992.7 992.7 992.8 992.8 992.8 992.8 992.8 992.8 992.8 992.8 992.8 992.8 992.8 992.8 992.9 992.8 992.9 992.9 992.8 992.8 992.8 992.8 992.8 992.9 992.8 992.8 992.8 992.8 992.8 992.8 992.8 992.8 992.8 992.9 992.9 992.9 992.9 992.9 988.8958333333334 3.0338479608374094
4 978.5 978.8 979.0 979.9 980.1 979.6 979.3 979.4 980.1 980.2 980.3 980.5 980.8 981.0 981.3 981.6 981.8 982.2 982.5 982.6 982.5 982.6 982.5 982.4 982.6 982.7 982.7 982.5 982.3 982.5 982.6 982.4 982.4 982.6 982.8 982.9 983.0 982.8 982.7 982.5 982.4 982.5 982.6 982.7 982.7 982.8 982.8 982.8 982.8 982.8 982.9 983.0 983.0 983.1 983.2 983.2 983.3 983.3 983.3 983.3 983.4 983.5 983.5 983.6 983.6 983.7 983.9 984.0 984.0 984.1 984.2 984.3 984.4 984.4 984.5 984.6 984.8 984.9 984.9 985.0 985.0 985.1 985.2 985.3 985.3 985.2 985.3 985.4 985.5 985.6 985.7 985.7 985.8 985.8 985.8 985.9 985.9 986.0 986.1 986.0 986.1 986.1 986.1 986.1 986.1 986.2 986.2 986.3 986.3 986.3 986.4 986.3 986.4 986.4 986.5 986.5 986.6 986.6 986.7 986.8 986.9 987.0 987.0 987.0 987.0 987.1 987.1 987.1 987.0 987.0 987.1 987.1 987.1 987.0 987.0 986.9 987.0 986.9 986.9 986.9 986.8 986.8 986.8 986.8 986.8 986.8 986.8 986.8 986.8 986.8 986.8 986.8 986.8 986.9 987.0 987.0 986.8 986.8 986.9 987.0 987.0 987.1 987.0 987.1 987.1 987.1 987.1 987.1 987.0 987.1 987.1 987.2 987.3 987.3 987.4 987.5 987.6 987.6 987.6 987.7 987.7 987.7 987.8 987.8 987.8 987.8 987.8 987.9 987.9 987.9 988.0 988.0 988.1 988.2 988.2 988.3 988.3 988.4 988.5 988.5 988.6 988.7 988.7 988.8 988.9 988.9 988.9 988.9 988.9 988.9 989.0 989.0 989.1 989.2 989.2 989.2 989.2 989.2 989.3 989.3 989.4 989.4 989.4 989.5 989.5 989.5 989.5 989.6 989.7 989.7 989.7 989.8 989.9 989.9 990.0 990.0 990.0 990.0 990.0 990.0 990.0 990.0 990.0 990.1 990.1 990.1 990.1 990.2 990.2 990.2 990.2 990.3 990.3 990.3 990.3 990.3 990.3 990.3 990.3 990.3 990.3 990.3 990.2 990.3 990.3 990.3 990.3 990.3 990.4 990.3 990.4 990.4 990.4 990.4 990.5 990.5 990.4 990.4 990.4 990.5 990.5 990.5 990.5 990.5 990.6 990.5 990.5 990.6 986.5770833333333 2.9828597168811575
5 971.7 971.7 971.7 971.3 971.2 971.1 970.9 970.8 970.5 970.2 970.2 970.2 970.4 970.7 972.7 973.2 973.6 974.0 974.3 974.7 974.9 975.1 975.3 975.6 975.8 976.1 976.2 976.3 976.3 976.4 976.4 976.4 976.2 976.4 976.4 976.0 976.0 975.8 975.3 975.5 975.6 975.6 975.7 975.8 975.9 975.9 976.0 976.2 976.3 976.4 976.3 976.3 976.3 976.2 976.3 976.3 976.3 976.2 976.2 976.2 976.2 976.3 976.3 976.4 976.4 976.4 976.5 976.6 976.6 976.7 976.8 976.9 977.0 977.0 977.1 977.1 977.2 977.3 977.4 977.5 977.6 977.6 977.7 977.8 977.8 977.9 977.9 977.9 977.9 978.0 978.0 978.1 978.2 978.3 978.3 978.3 978.4 978.4 978.5 978.5 978.5 978.6 978.6 978.6 978.7 978.6 978.7 978.8 978.8 978.8 978.9 979.0 979.1 979.1 979.1 979.2 979.2 979.2 979.3 979.4 979.5 979.6 979.6 979.7 979.7 979.7 979.6 979.6 979.6 979.6 979.6 979.5 979.5 979.5 979.4 979.3 979.2 979.2 979.4 979.4 979.4 979.4 979.3 979.4 979.4 979.4 979.4 979.3 979.3 979.3 979.4 979.3 979.3 979.4 979.5 979.4 979.3 979.3 979.3 979.3 979.3 979.4 979.5 979.6 979.7 979.7 979.8 979.8 979.9 979.8 979.9 979.9 979.9 980.0 980.0 980.1 980.1 980.2 980.2 980.2 980.2 980.3 980.3 980.4 980.5 980.5 980.6 980.7 980.8 980.8 980.8 980.8 980.9 980.9 980.9 980.9 981.0 981.1 981.1 981.2 981.3 981.3 981.3 981.4 981.5 981.6 981.7 981.8 981.8 981.8 981.8 981.8 981.8 981.8 981.8 981.9 981.9 982.0 982.1 982.1 982.2 982.2 982.3 982.3 982.4 982.4 982.4 982.4 982.4 982.5 982.6 982.7 982.8 982.8 982.8 982.9 982.9 982.9 982.9 983.0 983.0 983.0 983.1 983.2 983.2 983.2 983.2 983.1 983.1 983.1 983.1 983.2 983.2 983.1 983.1 983.1 983.1 983.1 983.1 983.1 983.1 983.1 983.1 983.1 983.1 983.1 983.1 983.0 983.0 983.1 983.1 983.2 983.2 983.3 983.2 983.3 983.3 983.3 983.3 983.4 983.4 983.4 983.3 983.4 983.4 983.4 983.4 983.5 979.2319444444445 3.177757032872244
6 -1.0 -1.0 -1.0 -1.0 -1.0 -1.0 -1.0 -1.0 -1.0 -1.0 -1.0 -1.0 -1.0 -1.0 -1.0 -1.0 -1.0 -1.0 -1.0 -1.0 -1.0 -1.0 -1.0 -1.0 -1.0 -1.0 -1.0 -1.0 -1.0 -1.0 -1.0 -1.0 -1.0 -1.0 -1.0 -1.0 -1.0 -1.0 -1.0 -1.0 -1.0 -1.0 -1.0 -1.0 -1.0 -1.0 -1.0 -1.0 -1.0 -1.0 -1.0 -1.0 -1.0 -1.0 -1.0 -1.0 -1.0 -1.0 -1.0 -1.0 -1.0 -1.0 -1.0 -1.0 -1.0 -1.0 -1.0 -1.0 -1.0 -1.0 -1.0 -1.0 -1.0 -1.0 -1.0 -1.0 -1.0 -1.0 -1.0 -1.0 -1.0 -1.0 -1.0 -1.0 -1.0 -1.0 -1.0 -1.0 -1.0 -1.0 -1.0 -1.0 -1.0 -1.0 -1.0 -1.0 -1.0 -1.0 -1.0 -1.0 -1.0 -1.0 -1.0 -1.0 -1.0 -1.0 -1.0 -1.0 -1.0 -1.0 -1.0 -1.0 -1.0 -1.0 -1.0 -1.0 -1.0 -1.0 -1.0 -1.0 -1.0 -1.0 -1.0 -1.0 -1.0 -1.0 -1.0 -1.0 -1.0 -1.0 -1.0 -1.0 -1.0 -1.0 -1.0 -1.0 -1.0 -1.0 -1.0 -1.0 -1.0 -1.0 -1.0 -1.0 -1.0 -1.0 -1.0 -1.0 -1.0 -1.0 -1.0 -1.0 -1.0 -1.0 -1.0 -1.0 -1.0 -1.0 -1.0 -1.0 -1.0 -1.0 -1.0 -1.0 -1.0 -1.0 -1.0 -1.0 -1.0 -1.0 -1.0 -1.0 -1.0 -1.0 -1.0 -1.0 -1.0 -1.0 -1.0 -1.0 -1.0 -1.0 -1.0 -1.0 -1.0 -1.0 -1.0 -1.0 -1.0 -1.0 -1.0 -1.0 -1.0 -1.0 -1.0 -1.0 -1.0 -1.0 -1.0 -1.0 -1.0 -1.0 -1.0 -1.0 -1.0 -1.0 -1.0 -1.0 -1.0 -1.0 -1.0 -1.0 -1.0 -1.0 -1.0 -1.0 -1.0 -1.0 -1.0 -1.0 -1.0 -1.0 -1.0 -1.0 -1.0 -1.0 -1.0 -1.0 -1.0 -1.0 -1.0 -1.0 -1.0 -1.0 -1.0 -1.0 -1.0 -1.0 -1.0 -1.0 -1.0 -1.0 -1.0 -1.0 -1.0 -1.0 -1.0 -1.0 -1.0 -1.0 -1.0 -1.0 -1.0 -1.0 -1.0 -1.0 -1.0 -1.0 -1.0 -1.0 -1.0 -1.0 -1.0 -1.0 -1.0 -1.0 -1.0 -1.0 -1.0 -1.0 -1.0 -1.0 -1.0 -1.0 -1.0 -1.0 -1.0 -1.0 -1.0 -1.0 -1.0 -1.0 -1.0 -1.0 -1.0 -1.0 -1.0 -1.0 -1.0 0.0
7 976.1 975.1 974.9 975.0 974.8 974.5 974.2 973.9 973.8 973.7 973.6 973.7 973.7 973.9 973.7 973.7 973.6 973.7 973.5 973.5 973.2 973.1 972.9 972.7 972.5 972.4 972.4 972.4 972.6 975.3 975.7 976.1 976.1 976.1 976.0 976.0 976.0 976.2 976.1 975.9 975.7 975.7 975.9 975.5 975.5 975.2 975.6 975.7 975.5 975.3 975.9 976.1 975.9 975.9 975.7 975.3 975.4 975.3 975.2 975.2 975.2 975.2 975.3 975.3 975.3 975.4 975.4 975.4 975.4 975.4 975.5 975.5 975.6 975.6 975.7 975.9 976.0 976.1 976.3 976.3 976.4 976.4 976.4 976.4 976.4 976.5 976.6 976.7 976.8 976.7 976.7 976.8 976.9 977.0 977.1 977.2 977.2 977.3 977.5 977.5 977.5 977.5 977.5 977.6 977.7 977.7 977.8 977.8 977.8 977.9 978.1 978.2 978.1 978.1 978.2 978.2 978.3 978.3 978.4 978.4 978.5 978.6 978.6 978.7 978.7 978.7 978.7 978.7 978.6 978.6 978.6 978.5 978.4 978.4 978.4 978.4 978.3 978.4 978.4 978.4 978.4 978.4 978.4 978.3 978.3 978.3 978.3 978.3 978.3 978.3 978.4 978.3 978.3 978.3 978.4 978.5 978.5 978.5 978.4 978.4 978.5 978.4 978.4 978.4 978.5 978.6 978.6 978.7 978.7 978.7 978.8 978.9 978.9 978.9 978.9 979.0 979.1 979.2 979.3 979.4 979.5 979.6 979.7 979.8 979.9 979.9 980.0 980.0 980.1 980.1 980.2 980.2 980.2 980.3 980.3 980.4 980.4 980.5 980.6 980.7 980.7 980.8 980.9 980.9 981.0 981.1 981.1 981.1 981.2 981.2 981.2 981.3 981.3 981.3 981.3 981.2 981.2 981.2 981.2 981.2 981.2 981.3 981.3 981.4 981.4 981.4 981.5 981.5 981.6 981.6 981.6 981.7 981.7 981.8 981.8 981.8 981.8 981.9 982.0 982.1 982.0 982.1 982.2 982.2 982.2 982.3 982.4 982.4 982.5 982.5 982.5 982.5 982.6 982.6 982.6 982.6 982.6 982.6 982.6 982.6 982.6 982.6 982.6 982.5 982.5 982.6 982.7 982.8 982.9 982.9 982.9 982.9 982.9 982.9 982.8 982.8 982.7 982.7 982.7 982.7 982.8 982.8 982.8 982.9 982.9 983.0 983.0 983.0 978.571875 2.887774414913425
8 960.9 960.7 960.4 960.0 959.7 959.3 958.7 958.7 958.4 958.3 958.1 958.4 958.6 958.5 958.5 958.5 958.6 958.6 958.5 958.5 958.3 958.0 958.0 958.1 958.0 957.9 957.7 957.6 957.5 957.7 960.8 961.7 961.4 961.4 961.6 961.6 961.5 961.3 961.2 961.2 961.2 961.2 961.2 961.2 961.0 961.0 960.8 960.7 960.6 960.6 960.4 960.4 960.7 960.8 960.6 960.4 960.4 960.4 960.4 960.4 960.4 960.4 960.4 960.5 960.6 960.6 960.6 960.6 960.7 960.7 960.9 960.9 960.9 960.9 961.0 961.2 961.4 961.5 961.6 961.6 961.6 961.7 961.7 961.8 961.8 961.9 962.0 962.0 962.1 962.1 962.1 962.2 962.2 962.3 962.3 962.3 962.3 962.4 962.5 962.5 962.5 962.5 962.6 962.6 962.6 962.7 962.8 962.9 963.0 963.1 963.2 963.2 963.2 963.2 963.2 963.1 963.1 963.1 963.1 963.2 963.3 963.4 963.4 963.4 963.5 963.5 963.5 963.5 963.5 963.5 963.4 963.4 963.4 963.4 963.4 963.3 963.3 963.3 963.3 963.3 963.3 963.3 963.3 963.3 963.3 963.3 963.3 963.3 963.3 963.3 963.3 963.3 963.2 963.3 963.3 963.3 963.4 963.4 963.3 963.3 963.4 963.3 963.3 963.3 963.5 963.6 963.7 963.7 963.7 963.7 963.9 963.9 964.0 964.1 964.1 964.1 964.1 964.2 964.4 964.4 964.5 964.5 964.6 964.7 964.8 964.9 965.0 965.1 965.1 965.2 965.2 965.2 965.2 965.3 965.3 965.3 965.4 965.5 965.5 965.5 965.6 965.7 965.8 965.9 965.9 966.0 966.0 966.1 966.2 966.2 966.2 966.2 966.2 966.2 966.3 966.3 966.4 966.4 966.4 966.4 966.5 966.5 966.6 966.7 966.7 966.7 966.7 966.7 966.8 966.8 966.9 966.9 966.9 967.0 967.0 967.0 967.0 967.0 967.1 967.1 967.1 967.2 967.2 967.2 967.2 967.2 967.2 967.2 967.3 967.3 967.3 967.3 967.4 967.4 967.4 967.5 967.5 967.4 967.5 967.5 967.4 967.4 967.5 967.5 967.6 967.6 967.7 967.8 967.9 967.9 967.9 967.9 968.0 968.0 968.0 967.9 968.0 968.0 968.1 968.1 968.1 968.1 968.1 968.1 968.1 968.1 968.1 968.1 963.6232638888889 2.877555904907697
9 968.5 968.0 968.2 968.0 967.3 967.0 966.7 966.9 966.9 966.5 966.3 965.9 965.2 964.3 964.2 964.7 964.7 964.5 964.2 963.9 963.7 963.9 963.9 963.9 964.1 963.8 963.5 963.5 963.5 963.6 963.7 963.7 963.7 963.6 963.8 963.7 963.1 963.2 963.1 963.1 963.0 962.9 963.0 962.8 962.6 963.7 966.1 966.5 966.6 966.6 966.6 966.6 966.6 966.7 967.1 966.3 965.7 965.7 965.4 965.2 964.8 964.1 963.4 963.5 963.4 963.4 963.5 963.7 964.2 964.6 964.8 964.9 965.1 965.2 965.1 965.2 965.1 965.1 965.2 965.3 965.3 965.2 965.4 965.4 965.4 965.5 965.6 965.7 965.8 965.9 965.9 966.0 966.1 966.1 966.1 966.2 966.3 966.4 966.4 966.4 966.5 966.6 966.6 966.7 966.7 966.7 966.7 966.6 966.6 966.6 966.7 966.8 966.9 966.9 966.9 967.0 967.2 967.2 967.3 967.4 967.5 967.5 967.6 967.7 967.6 967.6 967.6 967.6 967.6 967.6 967.7 967.8 967.8 967.8 967.8 967.8 967.8 967.8 967.8 967.7 967.7 967.7 967.8 967.7 967.7 967.6 967.6 967.6 967.6 967.6 967.6 967.6 967.6 967.6 967.6 967.6 967.5 967.6 967.6 967.6 967.6 967.7 967.8 967.8 967.9 967.9 968.0 968.0 968.1 968.2 968.2 968.3 968.3 968.3 968.3 968.5 968.5 968.6 968.6 968.6 968.6 968.7 968.7 968.7 968.8 968.9 968.9 968.9 968.9 968.9 969.0 969.0 969.1 969.2 969.3 969.3 969.4 969.4 969.6 969.6 969.6 969.6 969.7 969.7 969.8 969.9 969.9 970.0 970.1 970.2 970.2 970.2 970.3 970.3 970.3 970.4 970.4 970.4 970.5 970.5 970.6 970.6 970.6 970.7 970.8 970.9 970.9 971.0 971.1 971.2 971.2 971.3 971.3 971.4 971.4 971.4 971.4 971.4 971.5 971.5 971.6 971.6 971.7 971.7 971.7 971.7 971.7 971.7 971.7 971.7 971.7 971.7 971.8 971.8 971.8 971.9 971.9 971.9 971.9 971.9 971.9 972.0 971.9 971.9 972.0 972.1 972.1 972.1 972.2 972.2 972.3 972.3 972.3 972.3 972.4 972.4 972.4 972.5 972.4 972.4 972.4 972.4 972.4 972.4 972.4 972.5 972.5 972.5 967.9729166666667 2.7647285341595103
END
#################################################################
SECTION3 (Edges Information)
EndPoint0 EndPoint1 Weight
0 1 1.000000
1 2 1.000000
2 3 1.000000
3 4 1.000000
3 5 1.000000
4 5 1.000000
4 6 1.000000
5 6 1.000000
5 7 1.000000
6 7 1.000000
7 8 1.000000
7 9 1.000000
8 9 1.000000
0 1 1.000000
1 2 1.000000
2 3 1.000000
3 4 1.000000
3 5 1.000000
4 5 1.000000
4 6 1.000000
5 6 1.000000
5 7 1.000000
6 7 1.000000
7 8 1.000000
7 9 1.000000
8 9 1.000000
0 1 1.000000
1 2 1.000000
2 3 1.000000
3 4 1.000000
3 5 1.000000
4 5 1.000000
4 6 1.000000
5 6 1.000000
5 7 1.000000
6 7 1.000000
7 8 1.000000
7 9 1.000000
8 9 1.000000
0 1 1.000000
1 2 1.000000
2 3 1.000000
3 4 1.000000
3 5 1.000000
4 5 1.000000
4 6 1.000000
5 6 1.000000
5 7 1.000000
6 7 1.000000
7 8 1.000000
7 9 1.000000
8 9 1.000000
END
#################################################################
SECTION4 (TrueSubGraph Information)
EndPoint0 EndPoint1 Weight
END
#################################################################
