#################################################################
#APDM Input Graph, this input graph includes 3 sections:
#section1 : general information
#section2 : nodes
#section3 : edges
#section4 : trueSubGraph (Optional)
#
#if nodes haven't information set weight to null
#################################################################
SECTION1 (General Information)
numNodes = 10
numEdges = 26
usedAlgorithm = NULL
dataSource = TransWeatherRealData
END
#################################################################
SECTION2 (Nodes Information)
NodeID press  mean  std 
0 985.16 985.24 985.35 985.31 985.29 985.28 985.3 985.36 985.39 985.41 985.37 985.32 985.28 985.23 985.18 985.1 985.09 985.04 985.06 985.06 985.08 985.17 985.28 985.28 985.22 985.24 985.2 985.15 985.16 985.18 985.21 985.24 985.26 985.3 985.33 985.28 985.28 985.25 985.24 985.25 985.21 985.22 985.22 985.17 985.16 985.19 985.16 985.06 984.99 984.93 984.9 984.89 984.79 984.79 984.74 984.72 984.64 984.64 984.62 984.56 984.5 984.44 984.38 984.41 984.47 984.48 984.52 984.52 984.55 984.58 984.55 984.53 984.47 984.43 984.41 984.41 984.42 984.43 984.44 984.45 984.41 984.38 984.29 984.3 984.25 984.26 984.3 984.37 984.29 984.26 984.24 984.23 984.22 984.27 984.24 984.25 984.28 984.29 984.29 984.34 984.38 984.42 984.45 984.48 984.54 984.57 984.59 984.62 984.72 984.84 984.95 985.03 985.06 985.11 985.15 985.19 985.31 985.41 985.4 985.38 985.34 985.38 985.45 985.49 985.59 985.7 985.85 985.9 985.95 986.02 986.06 985.98 985.96 985.96 985.97 986.01 986.14 986.27 986.43 986.49 986.54 986.57 986.63 986.64 986.69 986.73 986.77 986.76 986.81 986.98 987.1 987.19 987.2 987.29 987.45 987.64 987.73 987.74 987.82 987.93 987.88 987.65 987.87 987.77 987.86 988.0 988.13 988.27 988.37 988.51 988.63 988.64 988.66 988.68 988.69 988.55 988.51 988.72 988.72 988.76 988.81 988.81 988.86 988.86 988.91 988.87 988.85 988.85 988.89 989.03 989.15 989.18 989.23 989.26 989.23 989.23 989.26 989.38 989.51 989.41 989.34 989.33 989.39 989.53 989.59 989.61 989.72 989.72 989.78 989.83 989.87 990.0 990.06 989.95 989.84 989.88 989.78 989.8 989.85 989.9 989.83 989.78 989.84 989.83 989.85 989.89 989.97 989.95 989.95 989.92 989.91 989.95 989.99 989.97 990.0 989.99 989.97 989.89 989.89 989.8 989.77 989.8 989.84 989.82 989.88 989.92 989.95 989.98 990.01 990.02 990.02 990.06 990.1 990.12 990.17 990.17 990.27 990.35 990.4 990.36 990.37 990.37 990.33 990.35 990.39 990.41 990.42 990.41 990.42 990.43 990.43 990.46 990.52 990.56 990.59 990.63 990.68 990.7 990.7 990.71 990.76 990.81 990.84 990.86 990.87 990.89 990.92 990.97 987.2226388888889 2.3558359549944816
1 976.68 976.7 976.71 976.74 976.75 976.74 976.78 976.87 976.96 976.95 976.94 976.97 977.01 977.05 977.05 977.02 976.94 976.88 976.82 976.86 976.86 976.92 976.94 976.97 976.91 976.89 976.89 976.87 976.92 976.99 976.96 976.96 976.93 976.84 976.84 976.83 976.84 976.85 976.91 976.93 976.94 976.92 976.92 976.89 976.79 976.76 976.72 976.68 976.68 976.71 976.64 976.59 976.58 976.52 976.5 976.39 976.35 976.32 976.25 976.17 976.21 976.17 976.15 976.14 976.12 976.13 976.17 976.14 976.09 976.09 976.09 976.08 976.06 976.02 976.03 976.05 976.04 976.01 976.04 976.0 975.92 975.89 975.89 975.85 975.84 975.88 975.87 975.89 975.85 975.82 975.79 975.78 975.79 975.85 975.85 975.81 975.77 975.75 975.75 975.82 975.79 975.71 975.71 975.82 975.87 975.93 975.97 975.95 975.9 975.93 975.92 975.93 976.01 976.04 976.06 976.07 976.06 976.14 976.25 976.32 976.38 976.42 976.51 976.6 976.68 976.67 976.73 976.78 976.8 976.78 976.76 976.87 976.99 977.08 977.13 977.18 977.3 977.36 977.42 977.48 977.36 977.46 977.57 977.57 977.61 977.66 977.6 977.59 977.7 977.76 977.86 977.93 978.0 978.04 978.03 978.01 978.02 978.14 978.22 978.21 978.24 978.4 978.4 978.32 978.31 978.31 978.38 978.38 978.48 978.52 978.48 978.48 978.57 978.52 978.68 978.76 978.88 979.0 979.08 979.19 979.29 979.28 979.33 979.4 979.43 979.49 979.44 979.42 979.43 979.54 979.55 979.49 979.5 979.51 979.53 979.58 979.75 979.94 980.02 979.87 979.79 979.82 979.92 979.86 979.9 979.95 979.91 979.95 980.05 980.11 980.09 980.08 980.05 980.0 980.01 980.05 980.06 980.1 980.1 980.19 980.27 980.21 980.19 980.23 980.22 980.18 980.2 980.22 980.22 980.22 980.18 980.21 980.27 980.29 980.26 980.14 980.24 980.24 980.2 980.2 980.17 980.11 980.1 980.12 980.1 980.11 980.15 980.23 980.23 980.26 980.3 980.3 980.36 980.45 980.52 980.56 980.68 980.75 980.78 980.82 980.88 980.92 981.0 981.08 981.15 981.22 981.26 981.26 981.28 981.34 981.38 981.41 981.42 981.39 981.41 981.44 981.47 981.5 981.53 981.55 981.55 981.6 981.66 981.72 981.8 981.85 981.89 981.97 978.171875 1.9005775644254077
2 999.63 999.66 999.71 999.73 999.76 999.82 999.82 999.82 999.84 999.91 1000.02 1000.03 1000.06 1000.06 1000.06 999.99 999.95 999.92 999.94 999.93 999.97 1000.04 1000.05 1000.06 1000.09 1000.14 1000.22 1000.2 1000.18 1000.1 1000.1 1000.1 1000.12 1000.14 1000.16 1000.19 1000.18 1000.16 1000.14 1000.1 1000.05 1000.05 1000.03 1000.04 1000.03 1000.03 1000.04 1000.07 1000.04 999.97 999.97 999.99 999.99 999.97 999.97 999.9 999.85 999.77 999.74 999.72 999.71 999.67 999.64 999.6 999.61 999.6 999.59 999.6 999.57 999.53 999.49 999.41 999.41 999.39 999.39 999.4 999.39 999.35 999.31 999.28 999.27 999.23 999.2 999.15 999.17 999.15 999.15 999.12 999.11 999.13 999.07 999.07 999.07 999.07 999.12 999.1 999.08 999.05 999.0 998.97 998.94 998.97 999.04 999.03 999.03 999.03 999.16 999.22 999.26 999.27 999.23 999.25 999.29 999.28 999.28 999.32 999.4 999.51 999.54 999.58 999.59 999.66 999.77 999.76 999.75 999.8 999.8 999.89 999.94 999.93 1000.05 1000.16 1000.2 1000.17 1000.23 1000.27 1000.26 1000.35 1000.47 1000.49 1000.49 1000.59 1000.65 1000.54 1000.6 1000.64 1000.56 1000.54 1000.67 1000.76 1000.78 1000.85 1000.96 1000.99 1000.98 1001.04 1001.08 1001.07 1001.05 1001.03 1001.1 1001.22 1001.27 1001.28 1001.41 1001.46 1001.51 1001.5 1001.6 1001.63 1001.58 1001.61 1001.74 1001.76 1001.69 1001.65 1001.71 1001.79 1001.84 1001.88 1001.97 1002.1 1002.21 1002.35 1002.47 1002.46 1002.46 1002.53 1002.58 1002.51 1002.57 1002.57 1002.61 1002.61 1002.69 1002.77 1002.75 1002.77 1002.8 1002.83 1002.87 1002.93 1003.02 1003.03 1003.02 1003.05 1003.12 1003.19 1003.23 1003.11 1003.04 1003.07 1003.04 1003.01 1003.02 1003.11 1003.15 1003.21 1003.3 1003.31 1003.33 1003.3 1003.28 1003.31 1003.3 1003.3 1003.3 1003.35 1003.33 1003.35 1003.35 1003.35 1003.47 1003.54 1003.57 1003.57 1003.63 1003.68 1003.72 1003.66 1003.55 1003.52 1003.63 1003.72 1003.72 1003.79 1003.78 1003.86 1003.89 1003.94 1004.01 1004.03 1004.02 1004.0 1004.02 1004.12 1004.17 1004.21 1004.32 1004.37 1004.46 1004.52 1004.57 1004.61 1004.67 1004.73 1004.79 1004.79 1004.82 1004.88 1004.92 1004.93 1004.95 1004.97 1005.0 1004.99 1005.06 1005.06 1005.1 1005.13 1005.15 1005.18 1005.25 1005.3 1005.35 1005.4 1005.47 1005.49 1001.3998263888889 1.9577923385370315
3 1002.28 1002.22 1002.24 1002.3 1002.4 1002.38 1002.35 1002.35 1002.41 1002.53 1002.56 1002.59 1002.63 1002.68 1002.62 1002.58 1002.54 1002.6 1002.6 1002.53 1002.51 1002.55 1002.56 1002.51 1002.52 1002.57 1002.64 1002.69 1002.66 1002.64 1002.7 1002.72 1002.72 1002.74 1002.72 1002.72 1002.67 1002.65 1002.66 1002.65 1002.61 1002.64 1002.62 1002.6 1002.62 1002.61 1002.62 1002.58 1002.58 1002.63 1002.66 1002.61 1002.51 1002.48 1002.5 1002.57 1002.54 1002.46 1002.43 1002.4 1002.39 1002.38 1002.39 1002.3 1002.22 1002.14 1002.13 1002.09 1002.04 1002.01 1001.97 1002.0 1002.04 1002.0 1001.94 1001.85 1001.83 1001.88 1001.9 1001.87 1001.88 1001.79 1001.74 1001.69 1001.64 1001.62 1001.66 1001.65 1001.61 1001.61 1001.59 1001.54 1001.53 1001.49 1001.5 1001.48 1001.46 1001.45 1001.39 1001.36 1001.38 1001.4 1001.44 1001.48 1001.51 1001.49 1001.49 1001.5 1001.56 1001.62 1001.6 1001.58 1001.64 1001.65 1001.67 1001.72 1001.78 1001.84 1001.93 1001.98 1002.02 1002.01 1002.09 1002.18 1002.21 1002.19 1002.2 1002.2 1002.28 1002.42 1002.46 1002.52 1002.45 1002.51 1002.57 1002.62 1002.62 1002.59 1002.63 1002.67 1002.82 1002.84 1002.86 1002.92 1002.93 1002.95 1002.92 1002.96 1003.06 1003.1 1003.09 1003.12 1003.14 1003.19 1003.22 1003.3 1003.37 1003.43 1003.49 1003.56 1003.62 1003.67 1003.74 1003.77 1003.83 1003.9 1003.99 1004.11 1004.16 1004.11 1004.1 1004.14 1004.25 1004.24 1004.31 1004.33 1004.35 1004.35 1004.41 1004.41 1004.42 1004.42 1004.46 1004.58 1004.66 1004.73 1004.9 1005.01 1005.02 1005.05 1005.1 1005.11 1005.1 1005.09 1005.12 1005.18 1005.13 1005.2 1005.23 1005.14 1005.12 1005.15 1005.15 1005.12 1005.18 1005.16 1005.19 1005.28 1005.25 1005.2 1005.23 1005.24 1005.26 1005.36 1005.43 1005.48 1005.63 1005.75 1005.91 1005.88 1005.95 1006.01 1006.07 1006.02 1005.98 1005.94 1005.83 1006.08 1006.12 1006.11 1006.17 1006.16 1006.17 1006.28 1006.34 1006.37 1006.37 1006.4 1006.46 1006.46 1006.4 1006.44 1006.48 1006.46 1006.49 1006.52 1006.63 1006.62 1006.63 1006.7 1006.73 1006.77 1006.87 1006.9 1006.94 1006.96 1007.01 1007.09 1007.12 1007.16 1007.23 1007.29 1007.33 1007.35 1007.38 1007.41 1007.45 1007.46 1007.5 1007.52 1007.59 1007.61 1007.63 1007.66 1007.68 1007.67 1007.72 1007.76 1007.76 1007.76 1007.85 1007.86 1007.89 1007.94 1007.98 1008.0 1008.02 1008.06 1003.9182638888889 2.0286527102049186
4 1000.4 1000.38 1000.4 1000.43 1000.47 1000.48 1000.51 1000.49 1000.47 1000.56 1000.61 1000.62 1000.66 1000.62 1000.59 1000.58 1000.56 1000.58 1000.6 1000.58 1000.58 1000.6 1000.59 1000.59 1000.58 1000.54 1000.59 1000.71 1000.7 1000.71 1000.82 1000.82 1000.79 1000.84 1000.9 1000.85 1000.85 1000.9 1000.87 1000.88 1000.88 1000.82 1000.78 1000.74 1000.74 1000.74 1000.69 1000.66 1000.74 1000.81 1000.78 1000.72 1000.65 1000.57 1000.56 1000.64 1000.7 1000.78 1000.7 1000.63 1000.52 1000.45 1000.4 1000.37 1000.33 1000.35 1000.24 1000.11 1000.09 1000.07 1000.05 1000.07 1000.13 1000.16 1000.17 1000.08 999.99 1000.01 1000.04 1000.0 999.96 999.86 999.83 999.84 999.9 999.86 999.85 999.81 999.8 999.76 999.74 999.77 999.82 999.78 999.68 999.61 999.57 999.59 999.62 999.58 999.52 999.5 999.53 999.57 999.52 999.56 999.55 999.58 999.61 999.58 999.57 999.57 999.7 999.71 999.71 999.68 999.7 999.74 999.78 999.86 999.92 999.97 999.96 999.95 1000.02 1000.0 1000.05 1000.04 1000.05 1000.03 1000.04 1000.08 1000.2 1000.26 1000.33 1000.4 1000.43 1000.42 1000.45 1000.45 1000.44 1000.49 1000.55 1000.6 1000.64 1000.65 1000.63 1000.67 1000.68 1000.82 1000.82 1000.82 1000.89 1000.92 1000.93 1000.93 1000.97 1001.03 1001.09 1001.18 1001.44 1001.49 1001.59 1001.63 1001.55 1001.63 1001.67 1001.7 1001.77 1001.79 1001.95 1001.99 1001.99 1002.01 1001.99 1001.98 1002.03 1002.17 1002.15 1002.14 1002.15 1002.24 1002.19 1002.15 1002.09 1002.12 1002.25 1002.37 1002.44 1002.54 1002.66 1002.7 1002.64 1002.6 1002.57 1002.68 1002.67 1002.7 1002.78 1002.75 1002.74 1002.78 1002.93 1003.0 1003.1 1003.13 1003.09 1003.1 1003.15 1003.19 1003.16 1003.26 1003.31 1003.27 1003.28 1003.34 1003.49 1003.6 1003.56 1003.55 1003.53 1003.5 1003.51 1003.59 1003.73 1003.83 1003.81 1003.83 1003.85 1003.86 1003.96 1004.0 1004.05 1004.07 1004.09 1004.1 1004.11 1004.07 1004.18 1004.27 1004.3 1004.3 1004.31 1004.35 1004.45 1004.46 1004.44 1004.46 1004.42 1004.5 1004.49 1004.58 1004.65 1004.72 1004.73 1004.78 1004.89 1004.95 1005.04 1005.07 1005.13 1005.2 1005.26 1005.25 1005.3 1005.38 1005.41 1005.41 1005.41 1005.45 1005.47 1005.49 1005.49 1005.52 1005.59 1005.61 1005.6 1005.61 1005.63 1005.67 1005.73 1005.76 1005.8 1005.85 1005.91 1005.95 1006.0 1006.06 1001.8249305555555 1.9427074381601086
5 993.18 993.19 993.25 993.3 993.35 993.45 993.55 993.56 993.54 993.52 993.52 993.56 993.6 993.65 993.64 993.62 993.63 993.72 993.78 993.78 993.83 993.91 993.89 993.94 993.98 993.99 994.05 994.07 994.09 994.14 994.15 994.17 994.17 994.17 994.17 994.17 994.18 994.16 994.13 994.09 994.06 994.04 994.03 994.03 994.05 994.01 993.99 993.96 993.97 993.93 993.89 993.88 993.89 993.93 993.9 993.84 993.82 993.78 993.78 993.73 993.68 993.6 993.58 993.62 993.66 993.68 993.59 993.56 993.53 993.46 993.42 993.38 993.31 993.29 993.28 993.29 993.33 993.36 993.36 993.32 993.31 993.25 993.2 993.14 993.19 993.21 993.22 993.17 993.14 993.17 993.16 993.13 993.18 993.11 993.0 993.02 993.0 993.0 992.98 992.9 992.84 992.86 992.81 992.79 992.79 992.8 992.86 992.85 992.88 992.85 992.88 992.88 992.92 992.97 992.99 992.98 993.01 993.07 993.15 993.2 993.16 993.14 993.06 993.12 993.18 993.27 993.37 993.38 993.42 993.45 993.44 993.44 993.48 993.49 993.49 993.53 993.6 993.51 993.57 993.58 993.6 993.58 993.64 993.71 993.7 993.73 993.74 993.74 993.75 993.82 993.83 993.86 993.9 993.92 993.91 993.88 993.85 993.9 993.97 994.05 994.1 994.17 994.22 994.22 994.27 994.3 994.35 994.46 994.46 994.51 994.5 994.5 994.58 994.61 994.59 994.62 994.63 994.62 994.66 994.68 994.68 994.76 994.85 994.86 994.93 995.03 995.05 995.05 995.03 994.98 994.98 994.97 995.01 994.99 995.02 995.06 995.09 995.1 995.15 995.19 995.18 995.2 995.25 995.21 995.23 995.28 995.34 995.29 995.28 995.33 995.36 995.27 995.27 995.3 995.3 995.4 995.41 995.35 995.31 995.26 995.23 995.24 995.31 995.38 995.46 995.54 995.63 995.65 995.7 995.68 995.63 995.75 995.77 995.7 995.86 995.92 995.93 996.04 996.07 996.13 996.16 996.17 996.27 996.33 996.4 996.49 996.52 996.56 996.61 996.68 996.77 996.81 996.77 996.8 996.92 996.94 997.09 997.24 997.28 997.35 997.47 997.55 997.61 997.65 997.71 997.77 997.83 997.82 997.88 997.94 998.01 998.08 998.1 998.12 998.16 998.19 998.22 998.24 998.27 998.29 998.34 998.39 998.46 998.49 998.52 998.56 998.63 998.72 994.6309722222222 1.5464750609719802
6 967.02 967.03 967.04 967.05 967.09 967.12 967.15 967.18 967.19 967.13 967.12 967.08 967.09 967.09 967.06 967.03 967.04 967.04 967.01 967.03 967.09 967.1 967.07 967.07 967.1 967.08 967.04 967.06 967.08 967.12 967.17 967.2 967.22 967.2 967.2 967.2 967.26 967.39 967.48 967.48 967.45 967.42 967.4 967.38 967.33 967.28 967.26 967.24 967.26 967.24 967.24 967.2 967.11 967.11 967.12 967.04 966.99 967.0 966.97 966.91 966.88 966.84 966.89 966.87 966.86 966.85 966.83 966.83 966.84 966.8 966.79 966.79 966.7 966.62 966.6 966.6 966.58 966.57 966.59 966.57 966.56 966.54 966.52 966.55 966.54 966.5 966.46 966.48 966.51 966.53 966.49 966.45 966.43 966.37 966.29 966.24 966.22 966.16 966.15 966.12 966.18 966.18 966.22 966.23 966.23 966.22 966.27 966.24 966.24 966.19 966.2 966.23 966.26 966.22 966.21 966.24 966.34 966.38 966.41 966.46 966.44 966.51 966.47 966.49 966.47 966.47 966.41 966.47 966.53 966.55 966.57 966.62 966.63 966.59 966.54 966.58 966.62 966.64 966.66 966.6 966.61 966.57 966.53 966.55 966.56 966.51 966.54 966.49 966.62 966.56 966.67 966.75 966.8 966.89 966.96 966.9 966.88 966.86 966.92 966.94 966.91 966.93 966.95 967.08 967.14 967.2 967.21 967.21 967.19 967.21 967.23 967.22 967.25 967.23 967.28 967.35 967.47 967.5 967.5 967.48 967.48 967.57 967.6 967.53 967.51 967.53 967.58 967.63 967.68 967.67 967.67 967.67 967.72 967.7 967.62 967.54 967.55 967.56 967.61 967.65 967.65 967.61 967.58 967.58 967.58 967.7 967.71 967.73 967.66 967.74 967.77 967.74 967.81 967.91 967.95 968.06 968.1 968.12 968.18 968.25 968.36 968.43 968.49 968.45 968.35 968.31 968.4 968.43 968.39 968.45 968.45 968.36 968.32 968.31 968.4 968.44 968.57 968.62 968.69 968.66 968.76 968.94 969.04 969.04 969.01 969.05 969.04 969.09 969.08 969.12 969.15 969.21 969.24 969.25 969.32 969.42 969.54 969.72 969.83 969.88 969.92 970.02 970.15 970.22 970.25 970.28 970.32 970.32 970.38 970.4 970.42 970.44 970.4 970.42 970.5 970.59 970.65 970.65 970.63 970.65 970.65 970.7 970.74 970.78 970.82 970.83 970.9 970.94 967.5795138888889 1.24411889247843
7 993.52 993.51 993.52 993.56 993.61 993.62 993.63 993.58 993.57 993.57 993.54 993.5 993.49 993.48 993.43 993.45 993.49 993.47 993.46 993.46 993.48 993.5 993.48 993.46 993.43 993.4 993.43 993.45 993.45 993.45 993.48 993.52 993.55 993.57 993.56 993.57 993.56 993.56 993.57 993.59 993.61 993.65 993.66 993.63 993.63 993.7 993.69 993.73 993.67 993.67 993.63 993.59 993.55 993.52 993.52 993.57 993.54 993.52 993.53 993.55 993.56 993.5 993.43 993.37 993.33 993.34 993.33 993.32 993.36 993.39 993.35 993.34 993.34 993.36 993.29 993.21 993.11 993.05 992.96 992.88 992.86 992.89 992.81 992.75 992.78 992.72 992.74 992.77 992.83 992.82 992.8 992.81 992.87 992.84 992.9 992.89 992.88 992.88 992.86 992.83 992.84 992.83 992.84 992.88 992.86 992.86 992.86 992.9 992.92 993.01 993.05 992.98 993.0 992.99 992.97 993.02 993.04 993.06 993.08 993.21 993.26 993.32 993.38 993.43 993.44 993.38 993.37 993.39 993.35 993.36 993.26 993.31 993.31 993.42 993.42 993.5 993.57 993.58 993.59 993.55 993.56 993.5 993.48 993.53 993.52 993.5 993.51 993.47 993.48 993.42 993.43 993.48 993.35 993.31 993.49 993.46 993.46 993.49 993.54 993.61 993.64 993.65 993.71 993.73 993.7 993.7 993.75 993.74 993.72 993.77 993.83 993.81 993.75 993.79 993.77 993.7 993.72 993.74 993.82 993.82 993.79 993.77 993.78 993.72 993.69 993.62 993.61 993.56 993.61 993.64 993.65 993.56 993.52 993.55 993.57 993.68 993.79 993.9 993.97 994.0 994.01 994.0 994.05 994.1 994.1 994.08 994.12 994.23 994.28 994.28 994.23 994.12 994.01 993.94 993.85 993.81 993.81 993.91 994.0 994.03 994.06 994.11 994.16 994.21 994.2 994.18 994.15 993.98 993.82 993.74 993.73 993.73 993.69 993.72 993.74 993.75 993.78 993.84 994.04 994.18 994.2 994.21 994.26 994.29 994.45 994.57 994.68 994.81 994.86 994.91 995.0 995.04 995.13 995.18 995.27 995.32 995.42 995.47 995.61 995.76 995.87 995.97 995.97 995.92 995.95 996.09 996.21 996.38 996.44 996.55 996.6 996.63 996.74 996.84 996.94 997.04 997.1 997.2 997.28 997.34 997.39 997.42 997.42 997.47 997.5 997.56 997.67 997.73 993.9245833333333 1.09537123995023
8 979.38 979.38 979.37 979.43 979.44 979.44 979.46 979.52 979.51 979.47 979.44 979.44 979.42 979.4 979.38 979.38 979.4 979.42 979.44 979.44 979.42 979.42 979.42 979.38 979.38 979.38 979.36 979.36 979.34 979.36 979.36 979.38 979.37 979.38 979.39 979.37 979.36 979.33 979.3 979.32 979.31 979.22 979.19 979.2 979.22 979.2 979.18 979.15 979.11 979.07 979.07 979.04 979.0 978.97 978.93 978.92 978.92 978.95 978.95 978.97 979.0 979.0 978.96 978.92 978.86 978.85 978.89 978.91 978.95 978.97 978.96 978.93 978.92 978.95 978.95 978.96 978.9 978.81 978.7 978.63 978.62 978.61 978.57 978.54 978.56 978.55 978.49 978.48 978.51 978.51 978.52 978.54 978.44 978.46 978.5 978.48 978.5 978.53 978.57 978.58 978.6 978.6 978.61 978.58 978.56 978.58 978.6 978.59 978.6 978.61 978.59 978.57 978.59 978.63 978.63 978.61 978.64 978.74 978.79 978.84 978.84 978.91 978.94 979.0 979.09 979.13 979.05 978.98 978.94 979.03 979.09 979.06 979.06 979.04 979.03 979.05 979.11 979.11 979.09 979.19 979.2 979.18 979.18 979.15 979.13 979.18 979.14 979.14 979.11 979.11 979.13 979.14 979.14 979.17 979.14 979.12 979.17 979.09 979.16 979.25 979.23 979.25 979.32 979.37 979.37 979.34 979.31 979.44 979.48 979.48 979.48 979.47 979.44 979.38 979.4 979.39 979.37 979.34 979.34 979.29 979.27 979.27 979.28 979.37 979.38 979.28 979.28 979.22 979.22 979.1 979.08 979.13 979.15 979.14 979.11 979.08 979.23 979.22 979.2 979.19 979.2 979.23 979.23 979.31 979.31 979.26 979.24 979.31 979.42 979.48 979.5 979.43 979.47 979.46 979.44 979.37 979.37 979.44 979.46 979.45 979.48 979.47 979.46 979.45 979.49 979.48 979.47 979.42 979.3 979.27 979.17 979.15 979.28 979.26 979.26 979.26 979.34 979.36 979.31 979.37 979.39 979.33 979.34 979.39 979.47 979.65 979.82 979.95 980.08 980.15 980.29 980.3 980.33 980.35 980.33 980.43 980.54 980.58 980.56 980.59 980.59 980.67 980.83 980.95 981.08 981.26 981.39 981.46 981.5 981.69 981.76 981.89 981.96 982.0 982.1 982.25 982.35 982.39 982.45 982.5 982.49 982.51 982.52 982.5 982.52 982.61 982.72 982.77 979.4552777777778 0.9172280194389105
9 984.33 984.39 984.48 984.49 984.53 984.57 984.62 984.59 984.59 984.59 984.61 984.58 984.6 984.63 984.64 984.62 984.62 984.64 984.65 984.67 984.65 984.59 984.5 984.52 984.57 984.56 984.58 984.56 984.57 984.55 984.57 984.61 984.61 984.67 984.72 984.65 984.62 984.59 984.6 984.61 984.57 984.56 984.6 984.62 984.64 984.64 984.64 984.61 984.56 984.5 984.45 984.39 984.33 984.31 984.31 984.28 984.24 984.23 984.18 984.08 984.07 984.08 984.1 984.09 984.09 984.06 984.03 984.03 984.01 983.99 983.97 983.91 983.88 983.87 983.8 983.73 983.72 983.74 983.72 983.66 983.59 983.6 983.66 983.64 983.59 983.55 983.53 983.46 983.38 983.31 983.31 983.32 983.28 983.29 983.3 983.45 983.47 983.47 983.48 983.46 983.39 983.32 983.35 983.4 983.45 983.46 983.55 983.58 983.56 983.54 983.57 983.53 983.51 983.5 983.5 983.5 983.53 983.52 983.51 983.57 983.66 983.66 983.7 983.74 983.79 983.81 983.82 983.86 983.8 983.74 983.71 983.83 983.92 984.0 984.1 984.13 984.12 984.16 984.1 984.04 984.17 984.12 984.1 984.08 984.05 984.03 984.07 983.93 983.99 984.09 984.04 983.98 983.96 984.02 984.0 983.95 983.95 984.01 984.03 984.03 984.06 984.01 983.99 983.97 983.96 983.97 983.89 983.82 983.82 983.78 983.76 983.73 983.7 983.7 983.48 983.42 983.34 983.33 983.41 983.45 983.49 983.43 983.39 983.41 983.34 983.35 983.34 983.3 983.26 983.16 983.08 983.07 983.09 983.11 983.2 983.22 983.21 983.14 983.14 983.17 983.17 983.15 983.08 983.02 983.01 982.97 982.89 982.86 982.8 982.69 982.69 982.72 982.66 982.64 982.54 982.47 982.49 982.44 982.36 982.35 982.48 982.56 982.64 982.65 982.62 982.65 982.64 982.68 982.78 982.74 982.65 982.64 982.63 982.65 982.66 982.64 982.66 982.63 982.52 982.52 982.51 982.52 982.54 982.58 982.69 982.72 982.76 982.85 982.95 982.99 983.0 983.11 983.11 983.12 983.23 983.3 983.3 983.42 983.45 983.48 983.52 983.49 983.54 983.7 983.75 983.89 983.97 984.12 984.32 984.36 984.39 984.52 984.59 984.7 984.78 984.92 984.98 985.01 985.14 985.27 985.32 985.35 985.39 985.46 985.59 985.61 985.59 985.62 983.7692708333333 0.7218871582531953
END
#################################################################
SECTION3 (Edges Information)
EndPoint0 EndPoint1 Weight
0 1 1.000000
1 2 1.000000
2 3 1.000000
3 4 1.000000
3 5 1.000000
4 5 1.000000
4 6 1.000000
5 6 1.000000
5 7 1.000000
6 7 1.000000
7 8 1.000000
7 9 1.000000
8 9 1.000000
0 1 1.000000
1 2 1.000000
2 3 1.000000
3 4 1.000000
3 5 1.000000
4 5 1.000000
4 6 1.000000
5 6 1.000000
5 7 1.000000
6 7 1.000000
7 8 1.000000
7 9 1.000000
8 9 1.000000
END
#################################################################
SECTION4 (TrueSubGraph Information)
EndPoint0 EndPoint1 Weight
END
#################################################################
