#################################################################
#APDM Input Graph, this input graph includes 3 sections:
#section1 : general information
#section2 : nodes
#section3 : edges
#section4 : trueSubGraph (Optional)
#
#if nodes haven't information set weight to null
#################################################################
SECTION1 (General Information)
numNodes = 10
numEdges = 52
usedAlgorithm = NULL
dataSource = TransWeatherRealData
END
#################################################################
SECTION2 (Nodes Information)
NodeID press  mean  std 
0 977.5 977.6 977.6 977.7 977.8 977.9 978.1 978.1 978.1 978.2 978.4 978.3 978.1 978.1 978.2 978.3 978.2 978.3 978.2 978.2 978.2 978.2 978.3 978.3 978.3 978.3 978.3 978.3 978.3 978.3 978.3 978.4 978.5 978.5 978.6 978.6 978.6 978.6 978.7 978.7 978.7 978.8 978.8 978.8 978.9 979.0 979.2 979.3 979.5 979.5 979.6 979.6 979.7 979.7 979.8 979.7 979.7 979.8 979.9 980.0 980.1 980.4 980.4 980.5 980.5 980.5 980.6 980.7 980.8 980.9 981.0 981.0 981.1 981.2 981.1 981.2 981.3 981.3 981.4 981.5 981.6 981.7 981.5 981.6 981.6 981.7 981.7 981.7 981.7 981.7 981.8 981.9 982.0 982.0 982.1 982.1 982.2 982.2 982.3 982.5 982.6 982.7 982.8 983.1 983.1 983.2 983.4 983.6 983.6 983.6 983.6 983.7 983.7 983.7 983.8 983.8 983.8 983.9 984.0 984.0 984.1 984.3 984.5 984.6 984.7 984.7 984.7 984.9 984.8 985.0 985.1 985.2 985.3 985.2 985.3 985.4 985.5 985.5 985.4 985.4 985.5 985.5 985.7 985.8 985.8 985.7 985.7 985.8 985.8 985.7 985.8 985.8 985.8 985.9 986.0 986.2 986.3 986.2 986.3 986.4 986.4 986.5 986.5 986.5 986.5 986.4 986.6 986.7 986.7 986.7 986.7 986.8 986.8 986.8 986.8 986.7 986.8 986.7 986.8 986.9 986.9 987.1 987.2 987.1 987.1 987.2 987.3 987.3 987.4 987.5 987.5 987.5 987.6 987.8 987.7 987.7 987.6 987.5 987.6 987.6 987.6 987.6 987.6 987.6 987.6 987.5 987.5 987.4 987.4 987.5 987.5 987.5 987.4 987.3 987.3 987.3 987.4 987.5 987.5 987.5 987.4 987.1 987.1 987.2 987.4 987.4 987.6 987.7 987.8 987.8 987.9 987.9 987.8 987.6 987.5 987.6 987.8 987.9 988.1 988.2 988.2 988.2 988.4 988.4 988.3 988.3 988.4 988.3 988.4 988.5 988.6 988.8 988.9 988.9 988.8 988.9 988.9 988.9 989.0 989.0 989.0 989.1 989.1 989.0 989.1 989.5 989.6 989.7 989.8 989.6 989.6 990.0 990.3 990.1 990.1 990.0 990.1 990.2 990.3 990.3 990.2 990.1 990.1 990.2 990.2 990.3 990.2 990.3 984.4836805555556 3.8999031966057682
1 968.4 968.4 968.8 969.3 969.2 969.1 969.3 969.3 969.5 969.6 969.5 969.5 969.6 969.7 969.8 969.6 969.7 969.7 969.7 969.6 969.6 969.6 969.4 969.4 969.4 969.4 969.4 969.4 969.4 969.5 969.4 969.5 969.5 969.5 969.6 969.7 969.7 969.9 969.9 969.9 970.0 970.0 970.1 970.2 970.2 970.3 970.2 970.3 970.3 970.3 970.3 970.3 970.7 970.9 970.8 970.9 970.9 970.8 970.9 970.9 970.9 971.0 971.1 971.3 971.3 971.5 971.6 971.7 971.7 971.8 971.9 971.9 972.1 972.1 972.1 972.1 972.3 972.3 972.5 972.7 972.7 972.8 972.8 972.8 972.8 972.9 972.9 972.8 972.8 972.8 972.9 972.8 972.8 972.9 973.0 973.0 973.0 972.9 972.8 972.8 972.8 972.8 972.7 972.7 972.8 972.9 973.0 973.1 973.2 973.1 973.2 973.2 973.1 973.2 973.2 973.3 973.2 973.2 973.3 973.5 973.6 973.6 973.9 974.1 974.2 974.4 974.5 974.7 974.8 974.8 974.9 975.1 975.1 975.2 975.3 975.3 975.4 975.5 975.6 975.7 975.7 975.8 975.9 975.9 975.9 975.9 976.0 976.1 976.2 976.2 976.2 976.2 976.3 976.3 976.4 976.5 976.4 976.3 976.4 976.4 976.5 976.6 976.7 976.8 976.9 976.9 976.9 977.0 977.0 977.0 977.0 977.0 977.1 977.1 977.1 977.1 977.1 977.0 977.1 977.1 977.1 977.1 977.1 977.2 977.2 977.3 977.5 977.6 977.5 977.5 977.6 977.6 977.6 977.7 977.9 977.9 977.8 977.9 977.9 977.9 977.9 978.0 978.0 978.1 978.0 978.0 977.9 977.9 977.8 977.8 977.8 977.7 977.7 977.8 977.7 977.7 977.8 977.9 978.1 978.2 978.3 978.4 978.3 978.2 978.4 978.5 978.5 978.6 978.7 978.8 979.0 979.0 979.0 979.0 979.0 978.9 978.8 978.9 979.1 979.1 979.0 979.1 979.2 979.4 979.5 979.6 979.5 979.5 979.6 979.7 979.6 979.6 979.7 979.7 979.7 979.8 979.8 979.9 980.2 980.3 980.4 980.5 980.5 980.6 980.6 980.5 980.6 980.6 980.6 980.7 980.9 980.8 981.2 981.3 981.1 981.0 981.1 981.1 981.1 981.3 981.7 981.4 981.0 981.1 981.2 981.3 981.5 981.4 975.1475694444445 3.796770266304109
2 992.1 992.3 991.9 991.8 992.2 992.5 992.7 992.7 992.5 992.5 992.4 992.4 992.4 992.4 992.5 992.5 992.4 992.4 992.5 992.4 992.4 992.4 992.4 992.5 992.5 992.5 992.3 992.2 992.2 992.3 992.4 992.5 992.7 992.7 992.8 992.9 993.0 993.1 993.1 993.1 993.2 993.3 993.4 993.4 993.4 993.3 993.5 993.5 993.4 993.5 993.5 993.6 993.7 993.7 993.9 994.1 994.2 994.2 994.3 994.3 994.3 994.3 994.3 994.4 994.5 994.5 994.5 994.7 994.8 994.8 994.8 994.8 994.9 995.0 995.0 995.2 995.3 995.3 995.4 995.5 995.8 995.9 996.0 996.0 995.9 996.0 996.0 995.9 996.1 996.2 996.1 996.0 996.0 996.0 996.0 996.0 996.0 996.0 996.1 996.1 996.1 996.1 996.2 996.2 996.3 996.3 996.2 996.2 996.2 996.2 996.3 996.4 996.5 996.5 996.5 996.5 996.6 996.7 996.7 996.8 997.0 997.1 997.3 997.4 997.6 997.7 997.8 998.0 998.0 998.2 998.4 998.5 998.5 998.6 998.9 999.0 998.9 998.9 999.2 999.2 999.3 999.3 999.3 999.3 999.4 999.3 999.3 999.4 999.4 999.6 999.6 999.7 999.7 999.8 999.9 1000.0 1000.1 1000.2 1000.3 1000.3 1000.4 1000.5 1000.5 1000.6 1000.6 1000.8 1000.9 1001.0 1000.9 1001.0 1001.1 1001.2 1001.2 1001.3 1001.2 1001.3 1001.3 1001.3 1001.4 1001.4 1001.4 1001.4 1001.3 1001.3 1001.4 1001.5 1001.5 1001.4 1001.6 1001.7 1001.8 1002.0 1002.0 1002.0 1002.0 1002.1 1002.1 1002.1 1002.3 1002.3 1002.3 1002.3 1002.3 1002.3 1002.3 1002.3 1002.3 1002.3 1002.3 1002.3 1002.3 1002.2 1002.1 1002.1 1002.1 1002.1 1002.2 1002.2 1002.2 1002.4 1002.4 1002.4 1002.5 1002.5 1002.5 1002.5 1002.5 1002.7 1002.7 1002.7 1002.9 1002.8 1002.9 1003.0 1003.1 1003.2 1003.3 1003.2 1003.2 1003.2 1003.2 1003.2 1003.3 1003.4 1003.4 1003.4 1003.5 1003.7 1003.6 1003.6 1003.8 1003.9 1004.0 1004.0 1004.0 1004.2 1004.3 1004.4 1004.3 1004.4 1004.5 1004.6 1004.8 1004.9 1005.0 1005.0 1005.0 1004.8 1004.7 1004.7 1004.8 1004.9 1005.1 1005.3 1005.4 1005.3 1005.3 1005.2 1005.4 1005.5 1005.6 1005.8 1005.7 1005.6 1005.6 1005.6 1005.8 1005.6 998.7899305555555 4.273164295484785
3 994.9 995.8 995.0 994.7 994.6 994.6 994.6 995.1 995.0 994.9 994.8 994.8 995.0 995.0 995.0 995.0 995.0 995.0 994.9 994.8 994.8 994.9 994.9 995.1 995.1 995.2 995.2 995.3 995.3 995.2 995.0 994.9 995.0 995.1 995.2 995.3 995.5 995.5 995.6 995.6 995.7 995.9 996.0 996.0 996.1 996.1 996.1 996.3 996.4 996.4 996.4 996.4 996.5 996.5 996.5 996.7 997.0 997.0 997.0 997.1 997.0 997.1 997.0 996.9 996.9 997.1 997.1 997.3 997.3 997.3 997.3 997.3 997.3 997.4 997.4 997.5 997.6 997.7 997.7 997.8 998.1 998.2 998.3 998.4 998.5 998.5 998.3 998.5 998.5 998.5 998.4 998.5 998.4 998.3 998.5 998.3 998.4 998.3 998.4 998.3 998.3 998.4 998.4 998.5 998.5 998.6 998.6 998.6 998.7 998.8 998.8 999.1 999.3 999.5 999.7 999.8 999.9 1000.1 1000.3 1000.3 1000.3 1000.4 1000.3 1000.5 1000.6 1000.7 1000.8 1000.9 1001.0 1001.0 1001.1 1001.3 1001.5 1001.6 1001.6 1001.6 1001.7 1001.8 1001.9 1001.9 1002.1 1002.2 1002.2 1002.3 1002.4 1002.4 1002.4 1002.5 1002.5 1002.8 1002.7 1002.8 1002.8 1002.9 1003.0 1003.1 1003.2 1003.3 1003.4 1003.6 1003.7 1003.7 1003.8 1003.8 1003.7 1003.8 1003.8 1003.9 1004.1 1004.2 1004.2 1004.1 1004.2 1004.2 1004.2 1004.2 1004.2 1004.2 1004.2 1004.2 1004.2 1004.2 1004.4 1004.5 1004.6 1004.6 1004.6 1004.5 1004.5 1004.6 1004.6 1004.6 1004.7 1004.9 1004.9 1005.0 1005.0 1005.1 1005.1 1005.1 1005.2 1005.3 1005.4 1005.5 1005.5 1005.4 1005.4 1005.4 1005.3 1005.3 1005.3 1005.3 1005.3 1005.2 1005.2 1005.3 1005.1 1005.2 1005.1 1005.1 1005.2 1005.1 1005.1 1005.3 1005.4 1005.3 1005.3 1005.3 1005.3 1005.4 1005.5 1005.6 1005.6 1005.7 1005.9 1005.8 1005.9 1006.1 1006.2 1006.1 1006.1 1006.1 1006.2 1006.1 1006.1 1006.0 1006.1 1006.2 1006.5 1006.7 1006.7 1006.7 1006.8 1006.8 1006.9 1007.1 1007.2 1007.2 1007.3 1007.4 1007.4 1007.5 1007.6 1007.7 1007.7 1007.9 1007.9 1007.8 1007.6 1007.5 1007.6 1007.7 1007.7 1007.8 1007.9 1008.0 1008.1 1008.1 1008.2 1008.3 1008.4 1008.6 1008.6 1008.4 1008.4 1008.6 1008.7 1008.8 1001.565625 4.406112988084072
4 992.3 992.2 992.3 992.3 992.5 992.5 992.5 992.6 992.5 992.5 992.6 992.6 992.6 992.7 993.0 993.0 992.9 992.9 993.1 993.2 993.0 993.0 993.1 993.1 993.1 993.1 993.1 993.2 993.2 993.2 993.2 993.2 993.2 993.2 993.2 993.1 993.1 993.1 993.2 993.3 993.4 993.5 993.6 993.8 993.8 993.9 994.0 994.1 994.1 994.3 994.4 994.4 994.4 994.4 994.5 994.5 994.8 994.8 994.8 994.8 994.8 994.9 995.0 995.1 995.2 995.3 995.4 995.4 995.3 995.3 995.3 995.4 995.4 995.5 995.4 995.5 995.5 995.5 995.6 995.7 995.9 995.9 995.9 995.9 996.1 996.2 996.3 996.3 996.3 996.3 996.4 996.4 996.4 996.3 996.4 996.4 996.5 996.5 996.5 996.4 996.3 996.3 996.2 996.3 996.2 996.3 996.4 996.4 996.4 996.6 996.8 997.0 997.1 997.3 997.3 997.5 997.5 997.5 997.6 997.7 997.7 997.9 997.8 997.8 997.9 998.0 998.0 998.1 998.2 998.3 998.5 998.6 998.6 998.7 998.9 999.0 999.1 999.1 999.1 999.2 999.3 999.4 999.5 999.6 999.7 999.9 1000.1 1000.1 1000.1 1000.1 1000.0 1000.1 1000.2 1000.3 1000.3 1000.5 1000.7 1000.8 1000.8 1000.9 1000.9 1001.0 1001.1 1001.1 1001.3 1001.4 1001.4 1001.4 1001.4 1001.5 1001.6 1001.7 1001.7 1001.7 1001.7 1001.8 1001.7 1001.8 1001.9 1002.0 1002.0 1002.0 1002.0 1001.9 1001.9 1002.2 1002.2 1002.2 1002.3 1002.4 1002.4 1002.4 1002.4 1002.5 1002.6 1002.7 1002.7 1002.8 1002.8 1002.8 1002.9 1003.0 1003.0 1003.1 1003.2 1003.2 1003.3 1003.3 1003.3 1003.2 1003.1 1003.0 1003.1 1003.1 1003.1 1003.0 1002.9 1002.9 1002.9 1002.9 1003.0 1003.2 1003.2 1003.1 1003.1 1003.1 1003.1 1003.2 1003.1 1003.1 1003.1 1003.2 1003.3 1003.3 1003.5 1003.6 1003.9 1004.0 1004.1 1004.1 1004.2 1004.1 1004.3 1004.4 1004.5 1004.5 1004.5 1004.4 1004.3 1004.3 1004.5 1004.7 1004.8 1004.8 1004.9 1005.0 1005.1 1005.2 1005.2 1005.3 1005.4 1005.5 1005.6 1005.7 1005.8 1005.9 1006.0 1005.8 1005.7 1005.6 1005.7 1005.8 1005.8 1005.9 1006.1 1006.3 1006.2 1006.2 1006.3 1006.6 1006.7 1006.7 1006.8 1006.6 1006.5 1006.6 1006.9 1007.0 999.3409722222223 4.42857231057901
5 984.8 984.7 984.5 984.5 984.5 984.9 985.6 986.1 986.5 986.6 986.9 987.0 986.4 986.2 986.1 986.1 986.3 986.5 986.5 986.3 986.4 986.5 986.4 986.2 986.0 986.0 986.0 986.0 986.0 985.9 985.9 985.9 986.0 986.0 986.1 986.2 986.1 986.1 986.2 986.3 986.5 986.6 986.7 986.7 986.8 986.9 986.9 987.0 987.1 987.2 987.3 987.4 987.5 987.6 987.7 987.7 987.8 987.8 987.8 987.7 987.8 988.0 988.1 988.1 988.1 988.1 988.2 988.3 988.3 988.4 988.5 988.5 988.5 988.5 988.5 988.6 988.8 988.9 988.8 988.7 988.7 988.9 988.9 989.0 989.1 989.3 989.3 989.4 989.4 989.4 989.4 989.4 989.3 989.4 989.4 989.3 989.3 989.4 989.3 989.3 989.4 989.2 989.3 989.4 989.3 989.3 989.2 989.1 989.0 989.0 989.0 989.0 989.0 989.0 989.0 989.0 989.0 989.1 989.2 989.2 989.3 989.4 989.4 989.5 989.6 989.6 989.6 989.7 989.9 990.2 990.3 990.4 990.6 990.8 991.0 991.1 991.2 991.4 991.4 991.4 991.6 991.7 991.8 991.9 992.0 992.1 992.0 992.1 992.1 992.1 992.1 992.1 992.1 992.0 992.1 992.0 992.0 992.1 992.2 992.3 992.5 992.6 992.6 992.6 992.6 992.8 992.8 992.9 992.9 992.9 993.0 993.0 993.3 993.3 993.5 993.5 993.6 993.6 993.6 993.6 993.6 993.6 993.7 993.7 993.7 993.7 993.8 993.9 994.0 994.1 994.2 994.2 994.3 994.3 994.3 994.4 994.4 994.5 994.5 994.7 994.8 994.8 994.9 994.9 994.9 995.0 995.1 995.2 995.2 995.2 995.3 995.2 995.2 995.3 995.2 995.3 995.3 995.5 995.5 995.5 995.5 995.5 995.6 995.7 995.8 995.9 996.0 996.0 995.9 996.0 995.9 995.8 995.8 995.8 995.9 995.9 995.9 996.0 996.3 996.3 996.4 996.6 996.7 996.8 996.9 996.9 997.1 997.1 997.1 997.1 997.0 997.0 997.0 997.0 997.1 997.2 997.3 997.4 997.5 997.6 997.6 997.7 997.8 997.9 998.1 998.3 998.4 998.5 998.6 998.6 998.6 998.4 998.4 998.4 998.4 998.5 998.5 998.3 998.5 998.7 998.9 999.0 999.0 999.1 999.3 999.3 999.3 999.3 991.7680555555555 4.128470923253569
6 958.8 958.8 958.8 958.8 958.7 958.7 958.8 958.9 958.6 958.9 959.4 959.6 960.0 960.1 959.6 959.6 959.5 959.5 959.4 959.4 959.5 959.7 959.8 959.8 959.7 959.6 959.5 959.4 959.3 959.3 959.2 959.3 959.3 959.3 959.3 959.2 959.2 959.2 959.3 959.4 959.4 959.4 959.4 959.5 959.7 959.8 960.0 960.1 960.2 960.2 960.2 960.3 960.4 960.4 960.5 960.6 960.6 960.7 960.7 960.7 960.6 960.6 960.7 960.8 960.7 960.8 960.9 961.0 961.0 961.0 961.1 961.2 961.3 961.3 961.3 961.4 961.4 961.3 961.4 961.5 961.5 961.6 961.6 961.6 961.6 961.7 961.6 961.7 961.7 961.8 961.9 961.8 961.8 961.8 961.9 961.9 961.9 962.0 962.0 962.1 962.2 962.2 962.1 962.2 962.1 962.0 961.9 961.7 961.7 961.7 961.7 961.6 961.6 961.6 961.6 961.6 961.7 961.8 961.7 961.8 962.0 962.0 962.0 962.1 962.1 962.1 962.2 962.2 962.2 962.2 962.2 962.3 962.3 962.4 962.5 962.5 962.6 962.9 963.0 963.1 963.2 963.3 963.5 963.7 963.9 963.9 964.0 964.0 964.1 964.1 964.1 964.0 964.0 963.9 963.8 963.8 963.8 963.8 963.9 963.8 963.9 963.9 964.1 964.1 964.3 964.4 964.5 964.6 964.7 964.8 964.8 964.9 965.0 965.1 965.2 965.3 965.4 965.5 965.6 965.7 965.7 965.6 965.6 965.6 965.5 965.4 965.5 965.6 965.7 965.6 965.7 965.6 965.7 965.7 965.8 965.9 965.8 966.0 966.1 966.1 966.2 966.3 966.4 966.4 966.5 966.6 966.7 966.8 966.9 966.9 967.0 967.2 967.3 967.3 967.4 967.4 967.3 967.2 967.2 967.2 967.4 967.5 967.5 967.5 967.5 967.5 967.5 967.6 967.9 968.0 968.1 968.0 968.0 967.9 967.9 967.8 967.7 967.7 967.7 967.9 968.0 968.2 968.4 968.5 968.7 968.9 969.1 969.0 969.1 969.2 969.2 969.2 969.2 969.1 969.1 969.0 969.2 969.1 969.1 969.0 969.2 969.3 969.4 969.5 969.5 969.6 969.8 970.0 970.1 970.0 970.1 970.1 970.2 970.2 970.1 970.1 970.2 970.3 970.3 970.4 970.6 970.6 970.6 970.7 970.9 970.9 971.0 971.1 964.0197916666667 3.5930232373755384
7 985.6 985.6 985.5 985.4 985.3 985.2 985.1 985.0 985.0 985.0 985.1 985.0 984.9 984.9 984.9 985.0 985.0 985.1 985.1 985.4 986.3 986.8 986.7 986.6 986.3 986.2 986.1 986.0 985.8 985.8 985.5 985.6 985.5 985.6 985.6 985.6 985.6 985.6 985.6 985.7 985.8 985.6 985.6 985.7 985.7 985.8 985.9 986.0 986.1 986.2 986.3 986.3 986.4 986.4 986.5 986.5 986.6 986.7 986.7 986.8 986.9 987.0 987.1 987.2 987.3 987.3 987.3 987.4 987.6 987.5 987.4 987.4 987.5 987.5 987.6 987.6 987.7 987.8 987.8 987.8 988.0 988.1 988.1 987.9 987.9 987.8 988.0 988.1 988.2 988.2 988.3 988.3 988.4 988.4 988.5 988.5 988.6 988.5 988.5 988.6 988.4 988.5 988.6 988.6 988.5 988.5 988.4 988.4 988.3 988.1 988.1 988.1 988.1 988.1 987.9 987.9 988.0 988.0 988.0 987.9 987.9 987.9 987.9 987.9 987.9 987.8 987.8 987.9 988.0 988.2 988.3 988.4 988.4 988.4 988.4 988.4 988.4 988.5 988.5 988.6 988.6 988.6 988.7 988.7 988.7 988.8 989.0 989.1 989.1 989.3 989.4 989.5 989.7 989.8 989.9 990.0 990.0 990.2 990.3 990.5 990.5 990.6 990.6 990.8 990.9 990.8 990.9 990.9 990.9 991.1 991.2 991.2 991.2 991.2 991.2 991.2 991.3 991.3 991.3 991.4 991.4 991.6 991.7 991.8 991.7 991.7 991.7 991.7 991.7 991.7 991.7 991.7 991.8 991.9 992.1 992.2 992.3 992.4 992.5 992.5 992.6 992.6 992.7 992.8 992.9 992.9 992.9 993.0 993.1 993.2 993.2 993.2 993.3 993.4 993.4 993.4 993.4 993.5 993.5 993.5 993.5 993.6 993.7 993.9 993.8 993.9 994.0 994.1 994.3 994.4 994.4 994.5 994.5 994.4 994.5 994.6 994.9 995.0 995.0 995.1 995.1 995.1 995.1 995.3 995.3 995.4 995.5 995.7 995.7 996.0 996.0 996.0 996.2 996.2 996.1 996.1 995.9 996.0 996.1 996.3 996.5 996.5 996.6 996.8 997.0 997.1 997.3 997.4 997.5 997.5 997.7 997.8 997.9 997.9 997.9 998.0 997.9 997.8 997.9 998.0 997.9 997.9 997.8 997.7 997.7 997.9 998.0 998.1 990.3770833333333 3.892227916413696
8 971.6 971.5 971.5 971.5 971.5 971.4 971.3 971.2 971.2 971.2 971.2 971.1 971.1 971.1 971.1 971.1 971.1 971.1 971.1 971.3 971.3 971.3 971.3 971.3 971.5 972.1 972.4 972.1 972.0 971.9 971.8 971.7 971.7 971.5 971.3 971.3 971.4 971.5 971.5 971.6 971.6 971.7 971.6 971.7 971.7 971.8 971.8 971.8 971.9 971.9 971.8 971.8 971.9 971.9 971.9 972.0 972.1 972.2 972.2 972.3 972.4 972.4 972.5 972.5 972.6 972.6 972.6 972.7 972.8 972.9 972.9 972.8 972.8 972.8 973.0 973.0 973.1 973.2 973.3 973.3 973.4 973.4 973.4 973.4 973.4 973.4 973.5 973.5 973.6 973.7 973.8 973.9 973.9 974.0 974.0 974.0 974.1 974.1 974.0 974.0 974.0 974.0 974.0 973.9 973.8 973.8 973.7 973.6 973.5 973.5 973.5 973.4 973.4 973.5 973.5 973.5 973.4 973.4 973.3 973.4 973.3 973.2 973.3 973.3 973.1 973.2 973.2 973.4 973.4 973.5 973.5 973.6 973.4 973.6 973.6 973.6 973.6 973.7 973.7 973.7 973.8 973.8 973.9 973.9 974.0 974.1 974.0 974.1 974.0 973.9 974.0 974.1 974.0 974.0 973.9 974.0 974.0 974.2 974.3 974.4 974.5 974.6 974.7 974.9 975.1 975.3 975.4 975.6 975.8 976.0 976.2 976.4 976.4 976.4 976.4 976.4 976.4 976.4 976.4 976.5 976.5 976.5 976.5 976.4 976.3 976.1 976.2 976.3 976.4 976.5 976.5 976.6 976.6 976.9 977.0 977.1 977.3 977.4 977.4 977.4 977.4 977.3 977.4 977.6 977.7 977.9 978.0 978.1 978.1 978.2 978.3 978.3 978.4 978.4 978.5 978.5 978.5 978.5 978.7 978.7 978.7 978.7 978.8 978.9 978.8 978.8 979.0 979.2 979.3 979.4 979.5 979.6 979.7 979.8 979.9 979.9 979.9 979.9 979.9 980.0 980.1 980.1 980.2 980.4 980.5 980.6 980.6 980.7 980.7 980.7 980.8 980.9 980.9 981.0 980.9 980.8 980.8 980.9 980.9 981.0 981.2 981.4 981.5 981.6 981.7 981.9 982.0 982.0 982.2 982.3 982.4 982.5 982.5 982.7 982.8 982.8 982.7 982.6 982.7 982.7 982.6 982.4 982.4 982.4 982.5 982.5 982.7 982.8 975.5739583333333 3.5744031384508452
9 976.5 976.6 976.7 976.8 976.8 976.9 977.0 977.0 976.8 976.8 976.7 976.7 976.6 976.5 976.5 976.5 976.5 976.5 976.6 976.5 976.5 976.5 976.6 976.6 976.7 976.6 976.7 976.7 976.6 976.6 976.5 976.4 976.4 976.3 976.2 976.4 976.7 976.8 976.7 976.5 976.5 976.4 976.4 976.6 976.6 976.5 976.4 976.4 976.4 976.4 976.5 976.5 976.5 976.5 976.5 976.5 976.5 976.4 976.3 976.5 976.6 976.7 976.8 976.8 976.7 976.8 976.9 976.8 976.9 976.9 977.1 977.1 977.1 977.2 977.1 977.3 977.5 977.6 977.6 977.5 977.3 977.3 977.3 977.4 977.3 977.4 977.5 977.5 977.5 977.6 977.6 977.7 977.8 977.8 977.8 977.9 978.0 978.0 977.9 978.0 978.0 977.9 978.0 978.0 978.1 978.1 978.1 978.1 977.9 977.9 977.9 977.8 977.9 977.9 977.9 977.9 977.9 977.8 977.7 977.6 977.6 977.6 977.6 977.6 977.5 977.5 977.7 977.5 977.6 977.5 977.4 977.4 977.5 977.4 977.4 977.4 977.3 977.3 977.3 977.4 977.4 977.5 977.4 977.4 977.4 977.5 977.4 977.4 977.4 977.5 977.4 977.4 977.3 977.4 977.4 977.4 977.4 977.3 977.3 977.2 977.3 977.3 977.3 977.4 977.4 977.3 977.3 977.2 977.3 977.4 977.5 977.6 977.7 977.8 977.9 977.9 978.0 978.1 978.2 978.3 978.5 978.4 978.6 978.7 978.9 979.0 979.1 979.1 979.2 979.3 979.3 979.3 979.2 979.3 979.4 979.4 979.5 979.6 979.7 979.7 979.8 979.9 980.0 980.2 980.2 980.3 980.4 980.4 980.3 980.4 980.4 980.3 980.4 980.4 980.5 980.6 980.8 980.9 980.9 980.9 981.0 981.0 981.1 981.2 981.2 981.4 981.4 981.4 981.4 981.4 981.5 981.6 981.7 981.9 982.0 982.1 982.1 982.2 982.3 982.2 982.2 982.3 982.4 982.5 982.6 982.7 982.7 982.8 983.0 983.1 983.2 983.4 983.7 983.8 984.0 984.3 984.4 984.4 984.4 984.3 984.4 984.5 984.4 984.4 984.5 984.7 984.8 984.8 984.9 984.9 985.0 985.1 985.2 985.3 985.4 985.4 985.4 985.4 985.6 985.7 985.8 985.8 985.9 986.0 986.0 986.0 986.0 986.0 979.0697916666667 2.836611800541035
END
#################################################################
SECTION3 (Edges Information)
EndPoint0 EndPoint1 Weight
0 1 1.000000
1 2 1.000000
2 3 1.000000
3 4 1.000000
3 5 1.000000
4 5 1.000000
4 6 1.000000
5 6 1.000000
5 7 1.000000
6 7 1.000000
7 8 1.000000
7 9 1.000000
8 9 1.000000
0 1 1.000000
1 2 1.000000
2 3 1.000000
3 4 1.000000
3 5 1.000000
4 5 1.000000
4 6 1.000000
5 6 1.000000
5 7 1.000000
6 7 1.000000
7 8 1.000000
7 9 1.000000
8 9 1.000000
0 1 1.000000
1 2 1.000000
2 3 1.000000
3 4 1.000000
3 5 1.000000
4 5 1.000000
4 6 1.000000
5 6 1.000000
5 7 1.000000
6 7 1.000000
7 8 1.000000
7 9 1.000000
8 9 1.000000
0 1 1.000000
1 2 1.000000
2 3 1.000000
3 4 1.000000
3 5 1.000000
4 5 1.000000
4 6 1.000000
5 6 1.000000
5 7 1.000000
6 7 1.000000
7 8 1.000000
7 9 1.000000
8 9 1.000000
END
#################################################################
SECTION4 (TrueSubGraph Information)
EndPoint0 EndPoint1 Weight
END
#################################################################
