#################################################################
#APDM Input Graph, this input graph includes 3 sections:
#section1 : general information
#section2 : nodes
#section3 : edges
#section4 : trueSubGraph (Optional)
#
#if nodes haven't information set weight to null
#################################################################
SECTION1 (General Information)
numNodes = 10
numEdges = 13
usedAlgorithm = NULL
dataSource = TransWeatherRealData
END
#################################################################
SECTION2 (Nodes Information)
NodeID press  mean  std 
0 972.9 972.9 972.8 972.8 972.7 972.7 972.9 972.9 972.9 973.0 973.0 973.1 973.2 973.2 973.3 973.3 973.4 973.4 973.5 973.6 973.5 973.7 973.7 973.9 974.0 974.1 974.2 974.2 974.4 974.5 974.6 974.7 974.8 974.8 974.9 975.0 975.0 975.1 975.2 975.2 975.2 975.3 975.3 975.3 975.3 975.4 975.5 975.4 975.5 975.6 975.7 975.7 975.6 975.6 975.5 975.7 975.7 975.7 975.7 975.7 975.8 975.7 975.7 975.7 975.9 975.9 975.9 976.1 976.1 976.2 976.2 976.3 976.3 976.2 976.1 976.1 976.2 976.2 976.3 976.4 976.4 976.5 976.6 976.8 976.9 976.9 977.0 977.1 977.2 977.3 977.4 977.4 977.5 977.5 977.6 977.5 977.5 977.6 977.6 977.6 977.6 977.6 977.5 977.5 977.5 977.5 977.5 977.5 977.6 977.7 977.6 977.6 977.7 977.8 977.8 977.8 977.8 977.8 977.9 978.0 978.1 978.1 978.2 978.3 978.5 978.5 978.5 978.4 978.4 978.3 978.2 978.2 978.1 978.2 978.1 978.1 977.9 977.8 977.9 977.9 977.8 977.8 977.9 977.9 977.8 977.8 977.7 977.6 977.7 977.7 977.6 977.6 977.5 977.5 977.4 977.4 977.4 977.4 977.4 977.4 977.4 977.3 977.3 977.2 977.2 977.2 977.1 977.0 977.0 976.9 976.9 976.9 976.9 977.0 976.9 977.0 977.1 977.1 977.2 977.3 977.3 977.3 977.4 977.5 977.4 977.4 977.3 977.3 977.3 977.3 977.3 977.4 977.3 977.2 977.4 977.4 977.3 977.3 977.3 977.2 977.3 977.2 977.1 977.1 977.0 977.0 977.1 977.2 977.1 977.1 977.1 977.1 977.1 977.1 977.1 977.2 977.3 977.3 977.2 977.3 977.4 977.6 977.6 977.6 977.7 977.9 978.1 978.0 978.0 978.1 978.1 978.1 978.1 978.2 978.3 978.4 978.5 978.4 978.4 978.4 978.4 978.4 978.3 978.3 978.3 978.3 978.5 978.4 978.4 978.5 978.6 978.6 978.7 978.7 978.7 978.7 978.6 978.6 978.7 978.8 978.8 978.8 978.7 978.7 978.8 978.9 978.9 979.0 979.1 979.2 979.3 979.3 979.4 979.4 979.5 979.6 979.6 979.7 979.7 979.7 979.8 979.9 980.0 980.0 980.0 980.1 980.1 980.0 977.0236111111111 1.6704434559504546
1 963.7 963.7 963.6 963.6 963.6 963.6 963.5 963.5 963.6 963.6 963.6 963.6 963.7 963.7 963.8 963.9 964.0 964.1 964.2 964.2 964.3 964.3 964.4 964.5 964.6 964.7 964.9 964.9 965.0 965.2 965.4 965.5 965.6 965.6 965.6 965.7 965.7 965.8 965.8 965.8 965.9 966.0 966.1 966.1 966.1 966.1 966.2 966.3 966.3 966.4 966.4 966.6 966.6 966.7 966.7 966.8 966.9 966.9 966.9 966.9 966.9 966.9 966.9 966.8 966.9 966.9 966.8 966.9 966.9 967.0 967.1 967.1 967.2 967.2 967.3 967.3 967.3 967.3 967.3 967.3 967.3 967.3 967.3 967.5 967.6 967.6 967.7 967.7 967.7 967.7 967.8 967.8 967.8 967.9 968.1 968.2 968.3 968.3 968.3 968.3 968.4 968.5 968.5 968.4 968.4 968.4 968.4 968.3 968.4 968.5 968.5 968.5 968.5 968.6 968.6 968.6 968.6 968.7 968.7 968.8 968.9 969.1 969.2 969.2 969.5 969.7 969.6 969.6 969.6 969.6 969.6 969.6 969.4 969.1 969.0 969.0 969.0 968.9 968.8 968.7 968.6 968.6 968.5 968.6 968.6 968.6 968.5 968.5 968.4 968.4 968.4 968.2 968.2 968.2 968.2 968.2 968.2 968.2 968.2 968.1 968.1 968.1 968.1 968.0 968.0 968.0 968.0 967.9 967.8 967.9 967.8 967.6 967.6 967.6 967.6 967.7 967.8 967.8 967.9 968.0 968.0 968.0 968.1 968.1 968.2 968.1 968.2 968.2 968.3 968.3 968.3 968.2 968.2 968.1 968.1 968.1 968.0 968.0 968.2 968.2 968.1 968.0 968.1 968.2 968.2 968.0 967.9 967.9 967.8 967.9 968.0 968.0 967.9 967.9 967.9 968.0 968.0 968.0 968.0 968.1 968.2 968.4 968.5 968.4 968.6 968.6 968.7 968.8 969.0 968.9 968.9 968.9 968.8 968.8 969.0 968.9 968.9 969.0 969.0 969.0 969.0 969.1 969.2 969.2 969.0 969.0 969.0 969.0 969.0 969.2 969.3 969.2 969.3 969.2 969.2 969.2 969.3 969.3 969.2 969.2 969.2 969.1 969.2 969.2 969.2 969.3 969.4 969.4 969.4 969.5 969.7 969.7 969.9 969.9 969.9 969.9 970.0 970.1 970.2 970.3 970.4 970.4 970.4 970.3 970.4 970.4 970.5 970.6 967.7836805555555 1.6434998122273448
2 989.5 989.5 989.4 989.4 989.3 989.3 989.2 989.2 989.2 989.3 989.3 989.3 989.3 989.4 989.5 989.4 989.5 989.5 989.6 989.7 989.7 989.8 989.9 990.0 990.1 990.1 990.3 990.3 990.3 990.4 990.6 990.6 990.7 990.8 990.8 990.9 990.9 990.8 990.9 990.9 991.0 991.0 991.1 991.1 991.2 991.2 991.2 991.2 991.2 991.2 991.2 991.3 991.2 991.3 991.3 991.4 991.5 991.5 991.4 991.5 991.4 991.5 991.5 991.6 991.6 991.6 991.6 991.8 991.9 992.0 992.1 992.2 992.4 992.4 992.6 992.6 992.7 992.7 992.8 992.8 992.8 992.8 992.7 992.7 992.7 992.8 992.8 992.9 993.1 993.2 993.2 993.3 993.4 993.4 993.5 993.6 993.7 993.9 994.0 994.1 994.1 994.1 994.2 994.2 994.2 994.2 994.3 994.5 994.5 994.6 994.6 994.7 994.7 994.6 994.6 994.7 994.7 994.7 994.7 994.7 994.7 994.7 994.6 994.8 994.9 995.0 995.1 995.3 995.5 995.5 995.5 995.5 995.5 995.5 995.4 995.2 995.1 995.0 994.8 994.7 994.6 994.5 994.3 994.3 994.3 994.3 994.3 994.3 994.4 994.1 994.3 994.2 994.0 994.0 993.8 993.9 993.9 994.0 993.9 994.0 994.0 994.0 993.9 993.8 993.8 993.8 993.7 993.7 993.7 993.7 993.6 993.6 993.6 993.5 993.3 993.4 993.3 993.4 993.5 993.6 993.6 993.6 993.7 993.7 993.6 993.7 993.7 993.7 993.7 993.7 993.8 993.8 993.9 993.8 993.8 993.7 993.7 993.8 993.7 993.6 993.7 993.9 993.8 993.7 993.7 993.7 993.8 993.8 993.6 993.5 993.4 993.4 993.6 993.6 993.5 993.5 993.5 993.6 993.6 993.7 993.7 993.7 993.8 993.9 994.1 994.1 994.1 994.1 994.2 994.4 994.5 994.5 994.5 994.4 994.3 994.4 994.5 994.5 994.4 994.5 994.6 994.5 994.5 994.6 994.6 994.7 994.6 994.6 994.6 994.7 994.7 994.8 995.0 995.0 995.0 995.0 994.9 994.9 995.0 995.0 994.9 994.9 994.8 994.8 994.8 994.8 994.8 994.9 995.0 995.0 995.0 995.1 995.3 995.4 995.5 995.4 995.4 995.4 995.5 995.6 995.7 995.9 996.0 995.9 995.8 995.8 995.9 996.0 993.3065972222222 1.7713923589847695
3 991.7 991.6 991.6 991.7 991.7 991.6 991.7 991.8 991.8 991.8 991.8 991.7 991.7 991.8 991.8 991.8 991.8 991.9 991.9 991.9 992.0 992.0 992.0 992.0 992.0 992.1 992.2 992.3 992.5 992.6 992.7 992.8 992.9 992.9 992.9 993.0 993.0 993.0 993.2 993.3 993.4 993.3 993.3 993.4 993.5 993.5 993.5 993.5 993.5 993.6 993.6 993.7 993.7 993.8 993.9 994.0 994.0 994.0 994.2 994.2 994.2 994.2 994.2 994.4 994.4 994.4 994.4 994.3 994.3 994.5 994.4 994.5 994.6 994.6 994.8 995.0 995.1 995.2 995.2 995.2 995.1 995.1 995.1 995.2 995.2 995.2 995.2 995.2 995.3 995.3 995.5 995.6 995.7 995.7 995.8 995.9 996.1 996.2 996.3 996.5 996.5 996.7 996.7 996.7 996.7 996.8 996.8 996.8 996.9 997.0 996.9 997.0 997.0 997.1 997.2 997.2 997.1 997.1 997.0 997.1 997.1 997.1 997.1 997.1 997.2 997.3 997.4 997.5 997.7 997.9 997.8 997.9 997.9 998.0 998.0 998.0 997.9 997.7 997.7 997.6 997.5 997.5 997.4 997.2 997.0 997.0 996.9 996.9 996.9 997.0 996.8 996.8 996.7 996.7 996.7 996.6 996.5 996.6 996.6 996.6 996.6 996.6 996.6 996.6 996.6 996.5 996.5 996.4 996.4 996.5 996.4 996.3 996.3 996.3 996.3 996.2 996.2 996.2 996.2 996.3 996.4 996.4 996.5 996.5 996.6 996.5 996.5 996.6 996.6 996.6 996.6 996.7 996.7 996.6 996.6 996.5 996.5 996.5 996.7 996.6 996.5 996.5 996.7 996.7 996.6 996.5 996.7 996.7 996.7 996.6 996.4 996.4 996.4 996.4 996.5 996.5 996.5 996.5 996.6 996.6 996.5 996.6 996.6 996.6 996.8 996.9 997.0 997.0 996.9 996.9 997.0 997.2 997.4 997.4 997.4 997.3 997.3 997.3 997.3 997.3 997.3 997.4 997.4 997.3 997.4 997.5 997.5 997.5 997.4 997.4 997.5 997.5 997.6 997.6 997.8 997.8 997.8 997.7 997.7 997.7 997.8 997.8 997.8 997.8 997.8 997.7 997.7 997.7 997.8 997.8 997.9 997.9 998.0 998.1 998.2 998.3 998.4 998.4 998.4 998.3 998.4 998.3 998.3 998.4 998.5 998.6 998.5 998.4 995.9027777777778 1.9203456586518592
4 988.8 988.9 988.9 988.8 988.8 988.8 988.8 988.8 988.9 988.9 988.9 989.0 989.0 989.0 989.1 989.1 989.1 989.1 989.2 989.1 989.0 989.0 989.1 989.3 989.3 989.4 989.5 989.5 989.5 989.6 989.7 989.8 989.9 990.0 990.1 990.2 990.3 990.3 990.4 990.4 990.3 990.4 990.5 990.6 990.5 990.6 990.6 990.7 990.7 990.8 990.7 990.7 990.7 990.8 990.9 990.9 990.9 991.1 991.1 991.2 991.3 991.2 991.3 991.3 991.3 991.3 991.4 991.4 991.5 991.6 991.7 991.7 991.8 991.8 991.9 991.9 992.1 992.1 992.2 992.4 992.5 992.5 992.5 992.5 992.5 992.5 992.5 992.6 992.6 992.6 992.7 992.8 993.0 993.1 993.3 993.3 993.4 993.5 993.6 993.7 993.8 994.0 994.0 994.1 994.1 994.2 994.2 994.3 994.2 994.2 994.3 994.2 994.2 994.4 994.4 994.4 994.5 994.6 994.7 994.7 994.7 994.8 994.8 994.8 994.8 994.6 994.7 994.7 994.8 994.9 995.2 995.2 995.3 995.2 995.2 995.3 995.3 995.3 995.3 995.2 995.2 995.1 995.0 995.0 994.9 994.9 994.7 994.6 994.6 994.6 994.5 994.5 994.6 994.5 994.5 994.4 994.3 994.4 994.4 994.4 994.5 994.5 994.4 994.4 994.4 994.4 994.4 994.4 994.3 994.4 994.4 994.4 994.4 994.4 994.5 994.5 994.4 994.4 994.4 994.3 994.3 994.4 994.4 994.4 994.5 994.6 994.6 994.5 994.5 994.6 994.6 994.7 994.8 994.8 994.7 994.7 994.6 994.6 994.6 994.6 994.6 994.6 994.4 994.5 994.8 994.6 994.6 994.5 994.7 994.8 994.8 994.5 994.5 994.5 994.5 994.5 994.7 994.6 994.6 994.6 994.7 994.7 994.6 994.7 994.8 994.8 994.9 995.0 995.1 995.1 995.1 995.2 995.2 995.3 995.4 995.5 995.5 995.4 995.3 995.3 995.5 995.6 995.5 995.5 995.5 995.5 995.5 995.5 995.6 995.5 995.5 995.4 995.5 995.5 995.6 995.6 995.6 995.7 995.7 995.7 995.7 995.7 995.7 995.6 995.7 995.7 995.8 995.8 995.8 995.8 995.8 995.9 995.9 995.9 995.8 995.9 996.1 996.2 996.2 996.2 996.3 996.2 996.2 996.0 996.0 996.0 996.0 996.1 993.4993055555556 2.2039557887702896
5 981.3 981.2 981.3 981.2 981.3 981.4 981.4 981.5 981.5 981.6 981.5 981.5 981.5 981.5 981.5 981.6 981.7 981.7 981.8 981.9 982.0 982.0 982.1 982.2 982.1 982.2 982.2 982.2 982.2 982.3 982.3 982.4 982.4 982.4 982.4 982.6 982.6 982.7 982.7 982.9 982.9 983.0 983.0 983.2 983.1 983.2 983.2 983.1 983.1 983.1 983.0 983.0 983.1 983.1 983.0 983.2 983.2 983.2 983.2 983.3 983.4 983.5 983.6 983.6 983.8 983.9 984.0 984.1 984.1 984.1 984.2 984.3 984.4 984.4 984.5 984.5 984.7 984.8 984.8 984.9 985.1 985.2 985.4 985.5 985.5 985.5 985.6 985.5 985.5 985.6 985.6 985.7 985.8 985.9 986.0 986.1 986.3 986.3 986.4 986.4 986.5 986.7 986.8 986.9 987.0 987.0 987.1 987.2 987.2 987.2 987.2 987.3 987.4 987.4 987.4 987.3 987.4 987.5 987.5 987.5 987.5 987.5 987.5 987.5 987.5 987.7 987.6 987.6 987.5 987.5 987.5 987.7 987.9 987.9 988.0 988.1 988.0 988.0 987.9 988.0 988.0 987.9 987.8 987.7 987.8 987.6 987.6 987.6 987.6 987.4 987.4 987.3 987.1 987.2 987.2 987.2 987.1 987.0 987.1 987.0 987.0 986.9 987.0 987.0 986.9 986.9 986.9 986.9 986.9 987.0 987.0 987.0 987.0 987.0 987.2 987.2 987.1 987.0 987.0 986.9 986.9 986.8 986.8 986.8 986.8 986.8 986.9 986.9 987.1 987.1 987.1 987.1 987.0 987.2 987.1 987.2 987.2 987.2 987.2 987.1 987.1 987.1 987.1 987.2 987.0 987.0 987.1 987.2 987.3 987.2 987.2 987.1 987.2 987.2 987.2 987.1 987.0 986.9 986.9 987.0 987.1 987.0 987.1 987.2 987.2 987.2 987.2 987.2 987.2 987.4 987.6 987.7 987.7 987.6 987.8 987.7 987.9 988.0 988.0 987.9 987.7 987.8 987.9 987.8 987.8 987.9 988.0 987.9 988.0 988.1 988.1 988.0 988.0 988.1 987.9 987.9 987.9 988.0 988.2 988.1 988.1 988.1 988.1 988.1 988.1 988.1 988.0 988.0 987.9 987.9 988.0 988.1 988.2 988.1 988.1 988.2 988.3 988.5 988.7 988.7 988.5 988.4 988.4 988.6 988.5 988.5 988.4 988.5 986.0628472222222 2.192537601358766
6 951.2 951.2 951.1 951.1 951.0 951.1 951.1 951.1 951.2 951.2 951.2 951.4 951.4 951.4 951.5 951.5 951.6 951.7 951.8 951.9 951.9 951.9 952.0 952.1 952.2 952.2 952.3 952.5 952.6 952.7 952.7 952.7 952.7 952.7 952.7 952.8 952.8 952.8 952.8 952.9 952.9 952.9 953.0 953.0 953.0 953.1 953.2 953.2 953.3 953.3 953.4 953.4 953.5 953.6 953.6 953.6 953.6 953.7 953.7 953.8 953.9 953.9 953.9 954.0 954.1 954.2 954.2 954.3 954.3 954.4 954.5 954.6 954.7 954.8 954.9 955.0 955.0 955.0 954.9 955.0 955.2 955.2 955.4 955.4 955.5 955.6 955.7 955.7 955.7 955.7 955.6 955.6 955.6 955.7 955.8 955.9 956.0 956.1 956.3 956.4 956.4 956.4 956.5 956.6 956.8 957.0 957.1 957.1 957.1 957.1 957.2 957.2 957.2 957.3 957.3 957.5 957.5 957.6 957.7 957.8 957.9 958.0 958.0 958.1 958.0 957.9 957.8 958.0 958.0 958.0 957.8 957.7 957.6 957.7 957.9 958.0 958.1 958.2 958.1 958.1 958.1 958.2 958.2 958.2 958.1 958.1 958.0 957.9 957.8 957.8 957.7 957.7 957.7 957.7 957.7 957.6 957.6 957.6 957.5 957.4 957.5 957.3 957.4 957.3 957.4 957.4 957.4 957.5 957.4 957.5 957.5 957.5 957.6 957.6 957.6 957.7 957.8 957.8 957.7 957.7 957.8 957.6 957.5 957.4 957.4 957.4 957.4 957.4 957.4 957.4 957.5 957.6 957.6 957.6 957.5 957.6 957.5 957.6 957.6 957.7 957.6 957.7 957.7 957.7 957.6 957.7 957.6 957.6 957.7 957.8 957.9 957.9 957.9 957.9 957.9 957.9 957.9 957.8 957.7 957.6 957.7 957.7 957.8 957.8 957.8 957.8 957.8 957.8 957.8 957.8 957.8 957.9 958.0 958.1 958.1 958.2 958.3 958.3 958.2 958.4 958.5 958.4 958.2 958.3 958.4 958.4 958.3 958.4 958.5 958.5 958.6 958.7 958.7 958.6 958.5 958.6 958.4 958.4 958.5 958.6 958.6 958.7 958.6 958.6 958.6 958.6 958.6 958.7 958.5 958.5 958.5 958.4 958.5 958.5 958.5 958.5 958.4 958.5 958.5 958.7 958.8 959.1 958.9 958.7 958.6 958.8 958.8 958.7 956.3586805555556 2.334887875014323
7 980.6 980.7 980.7 980.6 980.6 980.6 980.7 980.7 980.7 980.9 980.9 981.0 981.0 981.1 981.1 981.3 981.4 981.5 981.6 981.7 981.8 981.8 982.0 982.2 982.3 982.4 982.5 982.5 982.6 982.7 982.7 982.7 982.8 982.7 982.8 982.8 982.8 982.8 982.8 982.9 983.0 982.9 982.9 982.8 982.8 982.8 982.9 982.9 982.9 982.9 983.0 983.0 983.1 983.3 983.3 983.4 983.3 983.3 983.3 983.3 983.4 983.5 983.6 983.7 983.8 983.9 984.0 984.1 984.1 984.1 984.1 984.0 984.0 984.1 984.2 984.3 984.5 984.6 984.6 984.7 984.8 984.9 985.0 985.2 985.2 985.2 985.4 985.5 985.5 985.5 985.4 985.4 985.4 985.4 985.5 985.5 985.6 985.8 985.9 985.9 986.0 986.1 986.2 986.2 986.2 986.3 986.3 986.5 986.6 986.7 986.8 986.9 987.0 987.1 987.2 987.2 987.3 987.4 987.5 987.6 987.8 987.9 987.8 987.8 987.7 987.8 987.8 987.7 987.6 987.5 987.3 987.3 987.3 987.3 987.3 987.6 987.7 987.7 987.8 987.9 987.9 987.8 987.7 987.5 987.4 987.3 987.2 987.1 987.0 986.8 986.7 986.7 986.5 986.4 986.5 986.7 986.7 986.7 986.8 986.7 986.6 986.6 986.5 986.5 986.5 986.5 986.5 986.5 986.4 986.4 986.5 986.5 986.5 986.7 986.8 986.9 986.9 986.9 986.9 986.9 986.8 986.8 986.8 986.7 986.5 986.5 986.5 986.4 986.4 986.4 986.5 986.5 986.4 986.6 986.7 986.7 986.7 986.7 986.6 986.6 986.6 986.5 986.5 986.5 986.5 986.5 986.5 986.7 986.7 986.8 986.7 986.8 986.8 986.8 986.8 986.9 986.8 986.8 986.9 987.0 987.0 986.8 986.8 986.7 986.8 986.9 986.9 987.0 987.1 987.0 987.1 987.3 987.4 987.5 987.6 987.4 987.4 987.6 987.7 987.8 987.6 987.7 987.6 987.6 987.8 987.9 987.6 987.7 987.8 987.7 987.8 987.9 987.9 987.9 987.9 987.9 987.8 987.8 987.9 987.8 987.9 987.9 988.0 988.0 988.0 988.0 987.9 988.0 987.9 987.9 987.9 987.9 987.8 987.9 988.0 988.0 987.9 987.8 987.9 988.1 988.1 988.1 988.1 987.9 987.8 988.0 988.0 987.9 985.79375 2.1457589237575183
8 964.5 964.6 964.7 964.7 964.8 964.8 964.9 964.9 965.0 964.9 965.1 965.2 965.2 965.3 965.4 965.5 965.6 965.6 965.7 965.7 965.7 965.8 966.0 966.1 966.1 966.2 966.4 966.5 966.7 966.7 966.7 966.8 966.8 966.8 966.8 966.9 966.9 967.0 967.1 967.1 967.0 967.0 967.1 967.1 967.1 967.1 967.2 967.1 967.1 967.1 967.2 967.3 967.4 967.3 967.4 967.5 967.5 967.5 967.5 967.6 967.7 967.9 968.0 968.0 968.2 968.2 968.4 968.4 968.4 968.4 968.5 968.6 968.7 968.8 968.9 969.0 969.0 969.1 969.2 969.3 969.3 969.6 969.7 969.7 969.7 969.8 969.8 969.9 970.1 970.1 970.1 970.1 970.0 970.1 970.1 970.1 970.3 970.3 970.5 970.6 970.7 970.9 970.8 970.9 970.9 971.0 971.1 971.3 971.3 971.4 971.4 971.4 971.5 971.6 971.7 971.7 971.8 971.9 971.9 972.0 972.1 972.1 972.1 972.1 972.2 972.2 972.2 972.1 972.0 972.0 971.9 971.9 971.6 971.7 971.9 972.0 972.0 972.1 972.3 972.2 972.1 971.9 971.7 971.7 971.5 971.4 971.2 971.0 971.0 970.9 970.8 970.8 970.7 970.8 970.9 971.0 971.1 971.0 970.9 970.8 970.7 970.8 970.7 970.7 970.7 970.8 970.6 970.7 970.7 970.7 970.7 970.7 970.7 970.8 971.0 971.1 971.0 971.0 971.0 971.0 971.1 971.1 971.1 971.0 970.9 970.8 970.7 970.7 970.6 970.6 970.5 970.6 970.7 970.8 970.8 970.9 970.9 970.9 970.9 970.8 970.8 970.8 970.7 970.7 970.7 970.6 970.7 970.8 970.9 970.9 970.9 970.9 970.8 970.9 970.9 970.9 970.9 971.0 971.1 971.1 971.1 971.0 970.9 970.9 971.0 971.0 971.0 971.0 971.2 971.0 971.2 971.3 971.3 971.4 971.4 971.3 971.4 971.5 971.8 971.9 971.8 971.6 971.4 971.5 971.7 971.9 971.9 971.8 971.7 971.8 972.0 972.0 971.9 971.9 971.9 971.9 971.9 971.9 972.0 972.0 971.9 971.9 971.9 971.9 972.0 972.0 972.0 972.0 972.0 971.9 972.0 972.0 972.0 972.1 972.2 972.2 972.1 972.2 972.2 972.2 972.3 972.4 972.3 972.1 972.0 972.1 972.2 972.2 970.0309027777778 2.160312731649941
9 968.6 968.6 968.7 968.7 968.7 968.7 968.7 968.7 968.8 968.9 969.0 968.9 968.9 969.1 969.0 969.2 969.2 969.5 969.6 969.8 969.8 970.0 970.1 970.1 970.2 970.3 970.5 970.6 970.7 970.6 970.7 971.1 971.1 971.1 971.2 971.3 971.2 971.2 971.3 971.3 971.4 971.5 971.6 971.7 971.6 971.6 971.7 971.9 972.0 972.0 972.1 972.1 972.2 972.3 972.4 972.4 972.4 972.4 972.5 972.5 972.4 972.5 972.6 972.7 972.7 972.8 972.9 973.0 973.1 973.2 973.4 973.4 973.4 973.5 973.6 973.7 973.7 973.7 973.7 973.8 974.0 974.0 974.1 974.2 974.2 974.3 974.3 974.3 974.4 974.5 974.6 974.7 974.7 974.7 974.9 975.1 975.2 975.3 975.4 975.4 975.4 975.5 975.6 975.7 975.9 975.9 976.0 976.1 976.2 976.3 976.4 976.5 976.5 976.6 976.6 976.7 976.8 977.0 977.0 977.0 977.0 976.9 976.9 976.7 976.8 976.8 976.9 976.9 976.9 976.9 976.9 976.8 976.5 976.4 976.4 976.5 976.4 976.4 976.6 976.5 976.5 976.5 976.5 976.4 976.2 975.8 975.7 975.7 975.8 975.8 975.7 975.8 975.7 975.6 975.8 975.6 975.5 975.4 975.4 975.5 975.6 975.8 975.8 975.7 975.8 975.7 975.8 975.9 975.9 975.9 975.8 975.9 976.0 975.9 975.9 975.9 976.0 975.9 975.9 975.8 975.7 975.7 975.7 975.9 976.0 976.0 976.0 976.1 976.1 976.2 976.2 976.1 976.1 975.9 975.9 975.8 975.9 975.8 975.7 975.9 976.1 976.2 976.2 976.1 976.2 976.2 976.2 976.1 976.1 976.1 976.0 976.1 976.1 976.1 976.0 976.0 976.1 976.3 976.3 976.3 976.3 976.3 976.5 976.7 976.8 976.8 976.7 976.6 976.5 976.6 976.5 976.3 976.5 976.8 976.5 976.6 976.8 976.6 976.6 976.5 976.3 976.4 976.7 976.8 977.0 977.0 976.9 976.9 976.7 977.0 977.0 976.7 976.6 976.6 976.8 977.0 976.8 976.8 976.9 976.7 976.6 976.9 977.0 977.0 977.0 976.9 976.9 976.9 977.0 977.1 977.1 977.2 977.1 977.2 977.2 977.2 977.2 977.3 977.3 977.3 977.4 977.2 977.1 977.1 977.1 977.1 977.0 977.0 974.8288194444444 2.476362679535485
END
#################################################################
SECTION3 (Edges Information)
EndPoint0 EndPoint1 Weight
0 1 1.000000
1 2 1.000000
2 3 1.000000
3 4 1.000000
3 5 1.000000
4 5 1.000000
4 6 1.000000
5 6 1.000000
5 7 1.000000
6 7 1.000000
7 8 1.000000
7 9 1.000000
8 9 1.000000
END
#################################################################
SECTION4 (TrueSubGraph Information)
EndPoint0 EndPoint1 Weight
END
#################################################################
