9.993775840769873 [0, 1] [58, 59, 60, 61, 62, 63] 20160315
9.420431892277392 [6, 7, 8, 9] [208, 209, 210, 211, 212, 213, 214, 215, 216, 217, 218, 219, 220, 221, 222, 223, 224, 225] 20160315
8.683333333333334 [9] [125, 126, 127, 128, 129, 130, 131, 132, 133] 20160315
7.887186888484949 [7, 9] [136, 137, 138, 139, 140, 141, 142, 143, 144, 145, 146, 147, 148, 149, 150, 151, 152] 20160315
7.843528401616233 [5, 7, 9] [160, 161, 162, 163, 164, 165, 166, 167, 168, 169, 170, 171, 172, 173, 174, 175, 176, 177] 20160315
7.584898739527698 [6, 7, 9] [3, 4, 5, 6, 7, 8, 9, 10, 11, 12, 13, 14, 15, 16, 17] 20160315
7.548333333333334 [4, 6, 7, 9] [189, 190, 191, 192, 193, 194, 195, 196, 197] 20160315
7.312928455108233 [1, 2, 3] [92, 93, 94, 95, 96, 97, 98, 99, 100, 101, 102, 103, 104] 20160315
7.233333333333333 [2] [90, 91, 92, 93, 94, 95, 96] 20160315
7.215909090909092 [5, 6, 7, 8] [246, 247, 248, 249, 250, 251, 252, 253, 254, 255, 256, 257, 258] 20160315
7.08 [0, 1, 2, 3] [195, 196, 197, 198, 199, 200, 201, 202, 203, 204, 205, 206, 207, 208, 209, 210, 211] 20160315
6.881465351341112 [6, 7, 8, 9] [158, 159, 160, 161, 162, 163, 164, 165, 166, 167, 168] 20160315
6.7319041387510365 [3, 5, 7, 9] [108, 109, 110, 111, 112, 113, 114, 115, 116, 117, 118, 119] 20160315
6.505382386916236 [1, 2, 3, 4] [221, 222, 223, 224, 225, 226, 227, 228, 229, 230, 231, 232, 233, 234, 235, 236, 237] 20160315
6.100833333333332 [2, 3, 4, 5] [78, 79, 80, 81, 82, 83, 84] 20160315
5.995095223785227 [2, 3, 4, 6] [10, 11, 12, 13, 14, 15, 16, 17, 18, 19, 20, 21, 22, 23, 24, 25, 26] 20160315
5.807255476864268 [7, 8, 9] [31, 32, 33, 34, 35, 36, 37, 38, 39, 40, 41, 42, 43, 44, 45, 46, 47, 48] 20160315
5.251962948728296 [6, 7, 9] [266, 267, 268, 269, 270, 271, 272, 273, 274, 275, 276, 277, 278] 20160315
