21.77375 10.886875[5, 6, 7, 8] [102, 103, 104, 105, 106, 107, 108, 109, 110, 111, 112, 113, 114, 115, 116, 117, 118, 119] 20160412
18.480740802582694 13.067857142857143[0, 1] [49, 50, 51, 52, 53, 54, 55, 56, 57, 58, 59, 60] 20160412
17.97222222222222 8.98611111111111[1, 2, 3, 5] [82, 83, 84, 85, 86, 87, 88, 89, 90, 91, 92, 93, 94, 95, 96, 97, 98] 20160412
15.174999999999999 7.5874999999999995[1, 2, 3, 4] [77, 78, 79, 80, 81, 82, 83, 84] 20160412
14.085119047619045 7.042559523809523[6, 7, 8, 9] [130, 131, 132, 133, 134, 135, 136, 137, 138, 139, 140, 141, 142, 143, 144, 145] 20160412
14.049498050579993 8.111481481481482[4, 5, 6] [92, 93, 94, 95, 96, 97, 98, 99, 100, 101, 102, 103, 104, 105, 106, 107, 108, 109] 20160412
13.841666666666669 13.841666666666669[0] [41, 42, 43] 20160412
13.211111695168665 9.341666666666669[0, 1] [42, 43, 44, 45, 46, 47, 48] 20160412
12.225391950090327 7.058333333333334[0, 1, 2] [144, 145, 146, 147, 148, 149, 150, 151, 152, 153, 154, 155, 156, 157, 158, 159, 160, 161] 20160412
10.877659317253055 4.668125[4, 6, 7, 9] [201, 202, 203, 204, 205, 206, 207, 208, 209, 210] 20160412
9.622544780646933 6.804166666666666[7, 9] [256, 257, 258, 259, 260, 261, 262, 263, 264, 265, 266, 267, 268, 269, 270, 271] 20160412
9.449299405736879 5.455555555555557[0, 1, 2] [266, 267, 268, 269, 270, 271, 272, 273, 274, 275, 276, 277, 278, 279, 280, 281, 282, 283] 20160412
8.9375 4.46875[4, 6, 7, 9] [189, 190, 191, 192, 193, 194, 195, 196, 197, 198, 199, 200] 20160412
8.754166666666668 4.377083333333334[1, 2, 3, 4] [198, 199, 200, 201] 20160412
8.393055555555556 4.196527777777778[6, 7, 8, 9] [14, 15, 16, 17, 18, 19, 20, 21, 22, 23, 24, 25, 26, 27, 28, 29, 30, 31] 20160412
8.304221371844115 4.206249999999999[4, 5, 7, 8] [237, 238, 239, 240, 241, 242, 243, 244] 20160412
7.7125 3.85625[1, 2, 3, 5] [160, 161, 162, 163, 164, 165, 166, 167, 168, 169, 170, 171, 172] 20160412
7.592156039843578 3.810416666666665[4, 6, 7, 8] [243, 244, 245, 246, 247, 248, 249, 250, 251, 252] 20160412
7.404166666666666 3.702083333333333[1, 2, 3, 5] [226, 227, 228, 229, 230] 20160412
7.266666666666667 3.6333333333333333[6, 7, 8, 9] [5, 6, 7, 8, 9, 10, 11, 12, 13, 14, 15, 16, 17, 18, 19] 20160412
