559.8235645892264 [7, 8, 9] [214, 215, 216, 217, 218, 219, 220, 221, 222, 223, 224, 225, 226] 20160331
411.55451688733825 [7, 8, 9] [173, 174, 175, 176, 177, 178, 179] 20160331
401.6333333333333 [5, 6, 7, 9] [196, 197, 198, 199, 200, 201, 202, 203, 204, 205, 206, 207, 208, 209, 210, 211, 212] 20160331
381.8246336996337 [4, 6, 7, 8] [250, 251, 252, 253, 254, 255, 256, 257, 258, 259, 260, 261, 262, 263, 264, 265, 266, 267] 20160331
361.34840106206826 [7, 8] [229, 230, 231, 232, 233, 234, 235, 236, 237, 238, 239, 240, 241, 242, 243, 244, 245] 20160331
335.7580490472269 [6, 7, 8] [247, 248, 249, 250, 251, 252] 20160331
294.5 [9] [144, 145, 146, 147, 148, 149, 150, 151, 152, 153, 154, 155, 156, 157, 158, 159, 160, 161] 20160331
288.16666666666663 [9] [181, 182, 183, 184, 185, 186, 187, 188, 189, 190, 191, 192, 193, 194, 195, 196, 197, 198] 20160331
276.58333333333337 [9] [154, 155, 156, 157, 158, 159, 160, 161, 162, 163, 164, 165, 166, 167, 168, 169, 170, 171] 20160331
269.7757859777948 [7, 8, 9] [135, 136, 137, 138, 139, 140, 141, 142, 143, 144, 145, 146, 147, 148, 149, 150, 151, 152] 20160331
0.0 [9] [0, 1, 2] 20160331
