2.3583333333332916 [4, 5, 7, 8] [157, 158, 159, 160, 161, 162, 163, 164, 165, 166, 167, 168, 169, 170, 171, 172, 173, 174] 20160925
2.2416666666666174 [0, 1, 2, 3] [164, 165, 166, 167, 168, 169, 170, 171, 172, 173, 174, 175, 176, 177, 178, 179, 180, 181] 20160925
1.7988095238096093 [3, 4, 5, 7] [141, 142, 143, 144, 145, 146, 147, 148, 149, 150, 151, 152, 153, 154, 155, 156, 157, 158] 20160925
1.633333333333212 [0, 1, 2, 3] [185, 186, 187, 188, 189, 190, 191, 192, 193, 194, 195, 196, 197, 198, 199, 200, 201, 202] 20160925
1.491666666666788 [2, 3, 5, 7] [175, 176, 177, 178, 179, 180, 181, 182, 183, 184, 185, 186, 187, 188, 189, 190] 20160925
1.487878787878799 [4, 5, 7, 9] [236, 237, 238, 239, 240, 241, 242, 243, 244, 245, 246, 247, 248, 249] 20160925
1.3921428571426873 [0, 1, 2, 3] [196, 197, 198, 199, 200, 201, 202, 203, 204, 205, 206, 207, 208, 209, 210, 211, 212, 213] 20160925
1.2830005981991393 [7, 8, 9] [230, 231, 232, 233, 234, 235, 236, 237, 238, 239, 240, 241, 242, 243, 244] 20160925
1.2026923076922458 [3, 4, 5, 6] [99, 100, 101, 102, 103, 104, 105, 106, 107, 108, 109, 110, 111, 112, 113, 114, 115, 116] 20160925
1.1217032967032878 [1, 2, 3, 5] [89, 90, 91, 92, 93, 94, 95, 96, 97, 98, 99, 100, 101, 102, 103, 104, 105] 20160925
1.0923076923075428 [6, 7, 8, 9] [222, 223, 224, 225, 226, 227, 228, 229, 230, 231, 232, 233, 234, 235, 236, 237] 20160925
0.8833333333333258 [4, 6, 7, 8] [80, 81, 82, 83, 84, 85, 86, 87, 88, 89, 90, 91, 92, 93] 20160925
