3.324999999999932 [1, 2, 3, 5] [194, 195, 196, 197, 198, 199, 200, 201, 202, 203, 204, 205, 206, 207, 208, 209, 210, 211] 20160613
1.7633333333332075 [3, 4, 5, 6] [223, 224, 225, 226, 227, 228, 229, 230, 231, 232, 233, 234, 235, 236, 237, 238, 239, 240] 20160613
1.6866666666666106 [2, 3, 4, 6] [233, 234, 235, 236, 237, 238, 239, 240, 241, 242, 243, 244, 245, 246, 247, 248, 249, 250] 20160613
1.406976190476314 [4, 6, 7, 9] [152, 153, 154, 155, 156, 157, 158, 159, 160, 161, 162, 163, 164, 165, 166, 167, 168] 20160613
1.4045833333333348 [5, 6, 7, 8] [89, 90, 91, 92, 93, 94, 95, 96, 97, 98, 99, 100, 101, 102, 103, 104, 105, 106] 20160613
1.2262500000001069 [6, 7, 8, 9] [98, 99, 100, 101, 102, 103, 104, 105, 106, 107, 108, 109, 110, 111] 20160613
1.2074166666666315 [2, 3, 5, 6] [138, 139, 140, 141, 142, 143, 144, 145, 146, 147, 148, 149, 150, 151, 152, 153, 154, 155] 20160613
1.1142860195360802 [2, 3, 4] [116, 117, 118, 119, 120, 121, 122, 123, 124, 125, 126, 127, 128, 129, 130, 131, 132, 133] 20160613
1.1078125000000227 [5, 6, 7, 8] [80, 81, 82, 83, 84, 85, 86, 87, 88, 89, 90, 91, 92, 93, 94, 95, 96, 97] 20160613
1.050104166666813 [2, 3, 4, 5] [125, 126, 127, 128, 129, 130, 131, 132, 133, 134, 135, 136, 137, 138, 139, 140, 141, 142] 20160613
0.5021666666667102 [6, 7, 8, 9] [72, 73, 74, 75, 76, 77, 78, 79, 80, 81, 82, 83] 20160613
