1.337500000000091 [0, 1, 2, 3] [209, 210, 211, 212, 213, 214, 215, 216, 217, 218, 219, 220, 221, 222, 223, 224, 225, 226] 20160703
1.3358333333331416 [0, 1, 2, 3] [200, 201, 202, 203, 204, 205, 206, 207, 208, 209, 210, 211, 212, 213, 214, 215, 216, 217] 20160703
1.1808683245815053 [1, 2] [219, 220, 221, 222, 223, 224, 225, 226, 227, 228, 229, 230, 231, 232, 233, 234, 235, 236] 20160703
1.0930714285714203 [3, 4, 5, 6] [126, 127, 128, 129, 130, 131, 132, 133, 134, 135, 136, 137, 138, 139, 140, 141, 142] 20160703
1.0565624999999272 [3, 5, 7, 8] [103, 104, 105, 106, 107, 108, 109, 110, 111, 112, 113, 114, 115, 116, 117, 118, 119, 120] 20160703
0.9606249999999363 [4, 5, 6, 7] [93, 94, 95, 96, 97, 98, 99, 100, 101, 102, 103, 104, 105, 106, 107, 108, 109, 110] 20160703
0.944604166666636 [3, 5, 6, 7] [132, 133, 134, 135, 136, 137, 138, 139, 140, 141, 142, 143, 144, 145, 146, 147, 148, 149] 20160703
0.8774999999999977 [5, 6, 7, 8] [87, 88, 89, 90, 91, 92, 93, 94, 95, 96, 97, 98, 99, 100, 101] 20160703
0.8400000000000887 [4, 5, 7, 8] [112, 113, 114, 115, 116, 117, 118, 119, 120, 121, 122, 123, 124, 125, 126, 127, 128, 129] 20160703
0.6458333333335418 [4, 6, 7, 8] [166, 167, 168, 169, 170, 171, 172, 173, 174, 175, 176, 177, 178, 179] 20160703
0.5825000000000955 [0, 1, 2, 3] [150, 151, 152, 153, 154, 155, 156, 157, 158, 159, 160, 161, 162, 163] 20160703
0.3965000000001737 [4, 6, 7, 8] [80, 81, 82, 83, 84, 85, 86, 87, 88, 89, 90, 91] 20160703
0.1808333333333394 [4, 6, 7, 8] [73, 74, 75, 76, 77] 20160703
