3.1083333333333485 [0, 1, 2, 3] [233, 234, 235, 236, 237, 238, 239, 240, 241, 242, 243, 244, 245, 246, 247, 248, 249, 250] 20161223
2.241666666666788 [0, 1, 2, 3] [220, 221, 222, 223, 224, 225, 226, 227, 228, 229, 230, 231, 232, 233, 234, 235, 236, 237] 20161223
1.7933333333333508 [4, 6, 7, 9] [98, 99, 100, 101, 102, 103, 104, 105, 106, 107, 108, 109, 110, 111, 112, 113, 114, 115] 20161223
1.6839382851365179 [3, 5, 7] [107, 108, 109, 110, 111, 112, 113, 114, 115, 116, 117, 118, 119, 120, 121, 122, 123] 20161223
1.3750000000000568 [3, 4, 6, 7] [115, 116, 117, 118, 119, 120, 121, 122, 123, 124, 125, 126, 127] 20161223
1.2797619047618696 [0, 1, 2, 3] [203, 204, 205, 206, 207, 208, 209, 210, 211, 212, 213, 214, 215, 216, 217, 218, 219, 220] 20161223
1.2166666666665265 [0, 1, 2, 3] [146, 147, 148, 149, 150, 151, 152, 153, 154, 155, 156, 157, 158, 159, 160, 161, 162, 163] 20161223
1.1690476190476033 [4, 5, 7, 9] [136, 137, 138, 139, 140, 141, 142, 143, 144, 145, 146, 147, 148, 149, 150, 151, 152, 153] 20161223
0.9820512820513159 [0, 1, 2, 3] [155, 156, 157, 158, 159, 160, 161, 162, 163, 164, 165, 166, 167, 168, 169, 170, 171, 172] 20161223
0.9416964285714471 [5, 6, 7, 9] [73, 74, 75, 76, 77, 78, 79, 80, 81, 82, 83, 84, 85, 86, 87, 88, 89, 90] 20161223
0.827535385838433 [5, 7, 9] [80, 81, 82, 83, 84, 85, 86, 87, 88, 89, 90, 91, 92, 93, 94] 20161223
0.7890453678923617 [0, 1, 2] [183, 184, 185, 186, 187, 188, 189, 190, 191, 192, 193, 194] 20161223
0.5965952781626614 [3, 5, 7] [175, 176, 177, 178, 179, 180, 181, 182, 183, 184] 20161223
