4.101666666666631 [2, 3, 4, 5] [186, 187, 188, 189, 190, 191, 192, 193, 194, 195, 196, 197, 198, 199, 200, 201, 202, 203] 20160512
3.835833333333369 [0, 1, 2, 3] [181, 182, 183, 184, 185, 186, 187, 188, 189, 190, 191, 192, 193, 194, 195, 196, 197] 20160512
3.445833333333269 [1, 2, 3, 4] [221, 222, 223, 224, 225, 226, 227, 228, 229, 230, 231, 232, 233, 234, 235, 236, 237, 238] 20160512
3.154166666666754 [4, 5, 6, 7] [230, 231, 232, 233, 234, 235, 236, 237, 238, 239, 240, 241, 242, 243, 244, 245, 246, 247] 20160512
2.8541666666666856 [5, 7, 8, 9] [161, 162, 163, 164, 165, 166, 167, 168, 169, 170, 171, 172, 173, 174, 175, 176, 177, 178] 20160512
2.838638823515835 [7, 8, 9] [205, 206, 207, 208, 209, 210, 211, 212, 213, 214, 215, 216, 217, 218, 219, 220, 221, 222] 20160512
2.4424999999999386 [4, 6, 7, 8] [152, 153, 154, 155, 156, 157, 158, 159, 160, 161, 162, 163, 164, 165, 166, 167, 168] 20160512
1.0491666666667925 [5, 6, 7, 8] [125, 126, 127, 128, 129, 130, 131, 132, 133, 134, 135, 136, 137, 138, 139] 20160512
0.9045833333333348 [3, 4, 5, 6] [86, 87, 88, 89, 90, 91, 92, 93, 94, 95, 96, 97, 98, 99] 20160512
0.8299999999998704 [2, 3, 4, 5] [82, 83, 84, 85, 86, 87, 88, 89, 90, 91, 92, 93] 20160512
0.804923219250678 [8, 9] [103, 104, 105, 106, 107, 108, 109, 110, 111, 112, 113] 20160512
0.7853333333333126 [3, 5, 7, 9] [114, 115, 116, 117, 118, 119, 120, 121, 122, 123, 124, 125] 20160512
0.7248333333332653 [6, 7, 8, 9] [72, 73, 74, 75, 76, 77, 78, 79, 80, 81, 82, 83, 84, 85, 86, 87, 88] 20160512
