2.0908333333334213 [0, 1, 2, 3] [214, 215, 216, 217, 218, 219, 220, 221, 222, 223, 224, 225, 226, 227, 228, 229, 230, 231] 20160819
1.9433333333333849 [0, 1, 2, 3] [225, 226, 227, 228, 229, 230, 231, 232, 233, 234, 235, 236, 237, 238, 239, 240, 241, 242] 20160819
1.6141666666666765 [0, 1, 2, 3] [234, 235, 236, 237, 238, 239, 240, 241, 242, 243, 244, 245, 246, 247, 248, 249, 250] 20160819
1.2199999999998568 [3, 4, 6, 7] [188, 189, 190, 191, 192, 193, 194, 195, 196, 197, 198, 199, 200, 201, 202, 203, 204, 205] 20160819
1.0554684608622191 [7, 8, 9] [115, 116, 117, 118, 119, 120, 121, 122, 123, 124, 125, 126, 127, 128, 129, 130, 131, 132] 20160819
0.8948929172438937 [2, 3, 4] [163, 164, 165, 166, 167, 168, 169, 170, 171, 172, 173, 174, 175, 176, 177, 178, 179, 180] 20160819
0.8687918738244098 [6, 7, 8] [141, 142, 143, 144, 145, 146, 147, 148, 149, 150, 151, 152, 153, 154, 155, 156, 157, 158] 20160819
0.7888048052804129 [7, 8, 9] [149, 150, 151, 152, 153, 154, 155, 156, 157, 158, 159, 160, 161, 162, 163, 164, 165, 166] 20160819
0.6210754561421821 [0, 1] [95, 96, 97, 98, 99, 100, 101, 102, 103, 104, 105, 106, 107, 108, 109, 110, 111, 112] 20160819
0.4608333333333121 [2, 3, 4, 6] [73, 74, 75, 76, 77, 78, 79, 80, 81, 82, 83, 84, 85, 86, 87, 88] 20160819
