1.418333333333237 [4, 6, 7, 8] [204, 205, 206, 207, 208, 209, 210, 211, 212, 213, 214, 215, 216, 217, 218, 219, 220] 20160801
1.378333333333444 [2, 3, 4, 6] [191, 192, 193, 194, 195, 196, 197, 198, 199, 200, 201, 202, 203, 204, 205, 206, 207, 208] 20160801
1.1341666666665446 [0, 1, 2, 3] [232, 233, 234, 235, 236, 237, 238, 239, 240, 241, 242, 243, 244, 245, 246, 247, 248, 249] 20160801
1.0496949581703936 [6, 7, 9] [172, 173, 174, 175, 176, 177, 178, 179, 180, 181, 182, 183, 184, 185, 186, 187, 188, 189] 20160801
0.9415476190476966 [6, 7, 8, 9] [126, 127, 128, 129, 130, 131, 132, 133, 134, 135, 136, 137, 138, 139, 140, 141] 20160801
0.8997041694872019 [0, 1, 2] [225, 226, 227, 228, 229, 230, 231, 232, 233, 234, 235, 236, 237, 238, 239, 240, 241, 242] 20160801
0.8313843876330926 [6, 7, 9] [148, 149, 150, 151, 152, 153, 154, 155, 156, 157, 158, 159, 160, 161, 162, 163, 164, 165] 20160801
0.7436458333333462 [2, 3, 4, 6] [134, 135, 136, 137, 138, 139, 140, 141, 142, 143, 144, 145, 146, 147, 148, 149, 150, 151] 20160801
0.7367630935159681 [0, 1, 2] [119, 120, 121, 122, 123, 124, 125, 126, 127, 128, 129] 20160801
0.6567708333333258 [6, 7, 8, 9] [72, 73, 74, 75, 76, 77, 78, 79, 80, 81, 82, 83, 84, 85, 86, 87, 88, 89] 20160801
0.6302740438652277 [0, 1, 2] [105, 106, 107, 108, 109, 110, 111, 112, 113, 114, 115, 116, 117, 118, 119, 120, 121, 122] 20160801
0.5318589743588973 [0, 1, 2, 3] [97, 98, 99, 100, 101, 102, 103, 104, 105, 106, 107, 108, 109, 110, 111] 20160801
0.4226666666664869 [0, 1, 2, 3] [85, 86, 87, 88, 89, 90, 91, 92, 93, 94, 95, 96] 20160801
