2.3291666666666515 [0, 1, 2, 3] [195, 196, 197, 198, 199, 200, 201, 202, 203, 204, 205, 206, 207, 208, 209, 210, 211, 212] 20160724
2.252499999999827 [0, 1, 2, 3] [189, 190, 191, 192, 193, 194, 195, 196, 197, 198, 199, 200, 201, 202, 203, 204, 205] 20160724
1.4048856550279931 [2, 3, 4] [128, 129, 130, 131, 132, 133, 134, 135, 136, 137, 138, 139, 140, 141, 142, 143, 144] 20160724
1.2004166666666265 [4, 6, 7, 9] [118, 119, 120, 121, 122, 123, 124, 125, 126, 127, 128, 129, 130, 131] 20160724
0.9638141056282687 [0, 1, 2] [102, 103, 104, 105, 106, 107, 108, 109, 110, 111, 112, 113, 114, 115, 116, 117, 118, 119] 20160724
0.9521969696969563 [0, 1, 2, 3] [109, 110, 111, 112, 113, 114, 115, 116, 117, 118, 119, 120, 121, 122] 20160724
0.7591666666668857 [0, 1, 2, 3] [150, 151, 152, 153, 154, 155, 156, 157, 158, 159, 160, 161, 162, 163, 164, 165] 20160724
0.6831978185410922 [2, 3, 4] [155, 156, 157, 158, 159, 160, 161, 162, 163, 164, 165, 166, 167, 168, 169, 170, 171, 172] 20160724
0.6486904761904952 [0, 1, 2, 3] [73, 74, 75, 76, 77, 78, 79, 80, 81, 82, 83, 84, 85, 86, 87, 88] 20160724
0.6025714285715367 [2, 3, 4, 6] [81, 82, 83, 84, 85, 86, 87, 88, 89, 90, 91, 92, 93, 94, 95, 96, 97] 20160724
0.5735012673949662 [0, 1, 2] [72, 73, 74, 75, 76, 77, 78, 79, 80, 81, 82] 20160724
