6.185833333333392 [1, 2, 3, 4] [192, 193, 194, 195, 196, 197, 198, 199, 200, 201, 202, 203, 204, 205, 206, 207, 208, 209] 20160330
6.030833333333192 [1, 2, 3, 5] [215, 216, 217, 218, 219, 220, 221, 222, 223, 224, 225, 226, 227, 228, 229, 230, 231, 232] 20160330
5.055833333333396 [1, 2, 3, 4] [206, 207, 208, 209, 210, 211, 212, 213, 214, 215, 216, 217, 218, 219, 220, 221] 20160330
4.76083333333338 [3, 5, 6, 7] [233, 234, 235, 236, 237, 238, 239, 240, 241, 242, 243, 244, 245, 246, 247, 248, 249, 250] 20160330
2.380000000000109 [1, 2, 3, 4] [156, 157, 158, 159, 160, 161, 162, 163, 164, 165, 166, 167, 168, 169, 170, 171, 172, 173] 20160330
2.214999999999918 [0, 1, 2, 3] [146, 147, 148, 149, 150, 151, 152, 153, 154, 155, 156, 157, 158, 159, 160, 161, 162, 163] 20160330
2.019999999999925 [0, 1, 2, 3] [140, 141, 142, 143, 144, 145, 146, 147, 148, 149, 150, 151, 152, 153, 154, 155, 156, 157] 20160330
1.786250000000166 [6, 7, 8, 9] [101, 102, 103, 104, 105, 106, 107, 108, 109, 110, 111, 112, 113, 114, 115, 116, 117, 118] 20160330
1.5816458333333685 [5, 6, 7, 9] [123, 124, 125, 126, 127, 128, 129, 130, 131, 132, 133, 134, 135, 136, 137, 138, 139, 140] 20160330
1.2916666666666856 [5, 7, 8, 9] [93, 94, 95, 96, 97, 98, 99, 100, 101, 102, 103, 104, 105, 106] 20160330
1.1018970450096242 [7, 8, 9] [74, 75, 76, 77, 78, 79, 80, 81, 82, 83, 84, 85, 86, 87, 88, 89, 90, 91] 20160330
