1.8708333333334508 [6, 7, 8, 9] [72, 73, 74, 75, 76, 77, 78, 79, 80, 81, 82, 83, 84, 85, 86, 87, 88, 89] 20160522
1.5974999999997976 [6, 7, 8, 9] [218, 219, 220, 221, 222, 223, 224, 225, 226, 227, 228, 229, 230, 231, 232, 233, 234, 235] 20160522
1.540833333333353 [4, 6, 7, 9] [211, 212, 213, 214, 215, 216, 217, 218, 219, 220, 221, 222, 223, 224, 225, 226, 227] 20160522
1.3975000000000932 [6, 7, 8, 9] [80, 81, 82, 83, 84, 85, 86, 87, 88, 89, 90, 91, 92, 93, 94, 95, 96, 97] 20160522
1.3474999999999113 [3, 5, 7, 9] [190, 191, 192, 193, 194, 195, 196, 197, 198, 199, 200, 201, 202, 203, 204, 205, 206, 207] 20160522
1.1806813004927612 [1, 2, 3] [116, 117, 118, 119, 120, 121, 122, 123, 124, 125, 126, 127, 128, 129, 130, 131, 132, 133] 20160522
1.1168750000001069 [1, 2, 3, 5] [123, 124, 125, 126, 127, 128, 129, 130, 131, 132, 133, 134, 135, 136, 137, 138, 139, 140] 20160522
1.011666666666656 [1] [131, 132, 133, 134, 135, 136, 137, 138, 139, 140, 141, 142, 143, 144, 145, 146, 147, 148] 20160522
0.9399999999999409 [9] [93, 94, 95, 96, 97, 98, 99, 100, 101, 102, 103, 104, 105, 106, 107, 108, 109, 110] 20160522
0.9387500000000273 [5, 7, 8, 9] [112, 113, 114, 115, 116, 117, 118, 119, 120, 121, 122, 123, 124, 125, 126] 20160522
0.7901666666667779 [5, 7, 8, 9] [154, 155, 156, 157, 158, 159, 160, 161, 162, 163, 164, 165, 166, 167, 168, 169, 170] 20160522
