1.3288541666666447 [2, 3, 4, 5] [107, 108, 109, 110, 111, 112, 113, 114, 115, 116, 117, 118, 119, 120, 121, 122, 123, 124] 20160606
1.0916666666668107 [0] [152, 153, 154, 155, 156, 157, 158, 159, 160, 161, 162, 163, 164, 165, 166, 167, 168, 169] 20160606
1.0916666666665265 [1, 2, 3, 4] [134, 135, 136, 137, 138, 139, 140, 141, 142, 143, 144, 145, 146, 147, 148, 149, 150, 151] 20160606
0.9986309523810064 [1, 2, 3, 4] [198, 199, 200, 201, 202, 203, 204, 205, 206, 207, 208, 209, 210, 211, 212, 213, 214, 215] 20160606
0.9688659204838539 [5, 7, 8] [169, 170, 171, 172, 173, 174, 175, 176, 177, 178, 179, 180, 181, 182, 183, 184, 185, 186] 20160606
0.9657386065256971 [0, 1, 2] [182, 183, 184, 185, 186, 187, 188, 189, 190, 191, 192, 193, 194, 195, 196, 197, 198, 199] 20160606
0.9099999999999682 [0] [161, 162, 163, 164, 165, 166, 167, 168, 169, 170, 171, 172, 173, 174, 175, 176, 177, 178] 20160606
0.8977796685897736 [0, 1, 2] [92, 93, 94, 95, 96, 97, 98, 99, 100, 101, 102, 103, 104, 105, 106, 107, 108] 20160606
0.6579999999999586 [4, 5, 7, 9] [225, 226, 227, 228, 229, 230, 231, 232, 233, 234, 235, 236, 237, 238, 239, 240, 241] 20160606
0.48935897435910647 [4, 5, 7, 9] [80, 81, 82, 83, 84, 85, 86, 87, 88, 89, 90, 91, 92, 93, 94] 20160606
