3.133333333333269 [4, 5, 7, 9] [156, 157, 158, 159, 160, 161, 162, 163, 164, 165, 166, 167, 168, 169, 170, 171, 172, 173] 20161007
2.816666666666606 [4, 5, 7, 8] [145, 146, 147, 148, 149, 150, 151, 152, 153, 154, 155, 156, 157, 158, 159, 160, 161, 162] 20161007
2.7333333333332916 [2, 3, 5, 7] [133, 134, 135, 136, 137, 138, 139, 140, 141, 142, 143, 144, 145, 146, 147, 148, 149, 150] 20161007
2.6416666666666515 [2, 3, 4, 5] [126, 127, 128, 129, 130, 131, 132, 133, 134, 135, 136, 137, 138, 139, 140, 141, 142, 143] 20161007
2.550000000000068 [2, 3, 5, 7] [140, 141, 142, 143, 144, 145, 146, 147, 148, 149, 150, 151, 152, 153, 154, 155] 20161007
1.7742424242423454 [1, 2, 3, 4] [179, 180, 181, 182, 183, 184, 185, 186, 187, 188, 189, 190, 191, 192, 193, 194, 195, 196] 20161007
1.4295454545454618 [4, 5, 7, 8] [191, 192, 193, 194, 195, 196, 197, 198, 199, 200, 201, 202, 203, 204] 20161007
1.308147545195129 [7, 8] [83, 84, 85, 86, 87, 88, 89, 90, 91, 92, 93, 94, 95, 96, 97, 98, 99, 100] 20161007
0.9737974540330708 [3, 4, 5] [232, 233, 234, 235, 236, 237, 238, 239, 240, 241, 242, 243, 244, 245, 246, 247, 248, 249] 20161007
0.8333333333332007 [1, 2, 3, 4] [218, 219, 220, 221, 222, 223, 224, 225, 226, 227, 228, 229, 230, 231, 232, 233, 234] 20161007
