423.025 [3, 4, 5, 6] [54, 55, 56, 57, 58, 59] 20160330
417.63593972280233 [4, 5, 7, 9] [46, 47, 48, 49, 50, 51, 52] 20160330
391.8971148649295 [6, 7, 8, 9] [83, 84, 85, 86, 87, 88, 89, 90, 91, 92, 93] 20160330
388.1718309851584 [6, 7, 8, 9] [96, 97, 98, 99, 100] 20160330
386.55170704864594 [5, 7, 9] [123, 124, 125] 20160330
373.8237849872881 [5, 7, 9] [115, 116, 117, 118, 119, 120, 121, 122, 123] 20160330
370.1703999511576 [7, 9] [170, 171, 172, 173, 174, 175, 176, 177, 178, 179, 180, 181, 182, 183, 184, 185] 20160330
350.8333333333333 [0] [276, 277, 278, 279] 20160330
347.8333333333333 [7] [191, 192, 193] 20160330
337.07633216187656 [3, 5, 7, 9] [113, 114, 115, 116] 20160330
331.2450944430613 [5, 6, 7, 9] [103, 104, 105, 106, 107, 108, 109, 110, 111, 112, 113, 114] 20160330
328.8333333333333 [0] [268, 269, 270, 271, 272, 273, 274] 20160330
283.19672204050244 [6, 7, 9] [152, 153, 154, 155, 156, 157, 158, 159, 160, 161, 162, 163] 20160330
272.41310201263843 [1, 2, 3, 4] [21, 22, 23, 24, 25, 26, 27, 28, 29, 30, 31, 32, 33, 34, 35, 36, 37, 38] 20160330
246.60348993880842 [1, 2, 3, 4] [17, 18, 19, 20, 21, 22, 23, 24, 25, 26, 27, 28, 29] 20160330
217.33333333333331 [7] [222, 223, 224] 20160330
88.0 [0] [246, 247, 248, 249, 250, 251] 20160330
