577.1999999999999 [4, 5, 6, 7] [83, 84, 85, 86, 87, 88, 89, 90, 91, 92, 93, 94, 95, 96, 97, 98, 99, 100] 20160321
536.4166666666667 [6, 7, 8, 9] [103, 104, 105, 106, 107, 108, 109, 110] 20160321
475.3333333333333 [3, 4, 5, 6] [46, 47, 48, 49, 50, 51, 52, 53, 54, 55, 56, 57] 20160321
451.1030103268276 [1, 2, 3, 4] [4, 5, 6, 7, 8, 9, 10] 20160321
437.1503788214117 [4, 5, 7, 9] [68, 69, 70, 71] 20160321
430.5101786124096 [4, 6, 7, 9] [139, 140, 141, 142, 143, 144] 20160321
418.7232827297761 [3, 4, 6] [27, 28, 29, 30, 31, 32, 33, 34, 35, 36, 37, 38, 39, 40, 41, 42, 43, 44] 20160321
415.0716805565034 [4, 6, 7, 8] [131, 132, 133, 134, 135, 136] 20160321
317.3333333333333 [9] [146, 147, 148] 20160321
179.5 [8] [253, 254, 255, 256, 257, 258, 259, 260, 261, 262] 20160321
82.66078272070739 [6, 7, 9] [176, 177, 178, 179, 180, 181, 182, 183, 184, 185, 186, 187, 188, 189, 190, 191, 192] 20160321
80.02222769498775 [6, 7, 9] [198, 199, 200, 201, 202, 203, 204, 205, 206, 207, 208, 209, 210, 211, 212] 20160321
77.6638948003225 [8, 9] [226, 227, 228] 20160321
69.50000000000001 [2, 3, 4, 6] [237, 238, 239, 240, 241, 242, 243, 244, 245, 246, 247, 248] 20160321
64.08587988004847 [4, 6, 7, 9] [191, 192, 193, 194, 195, 196] 20160321
