641.4059829059829 [3, 4, 5, 6] [260, 261, 262, 263, 264, 265, 266, 267, 268, 269, 270, 271, 272, 273, 274, 275] 20160323
562.5316122804254 [7, 8, 9] [250, 251, 252, 253, 254] 20160323
493.44268213801234 [1, 2, 3, 5] [182, 183, 184, 185, 186] 20160323
487.43227449792676 [1, 2, 3, 5] [194, 195, 196, 197, 198, 199] 20160323
483.0016126995544 [4, 5, 7, 8] [207, 208, 209, 210, 211, 212, 213, 214, 215] 20160323
482.8360804202142 [5, 7, 8] [218, 219, 220] 20160323
459.030152120267 [1, 2, 3] [156, 157, 158, 159, 160, 161, 162, 163, 164, 165, 166, 167, 168, 169] 20160323
392.20856129813836 [4, 5] [45, 46, 47, 48, 49, 50, 51, 52, 53, 54, 55, 56, 57, 58, 59] 20160323
384.9017912258774 [0, 1] [137, 138, 139, 140] 20160323
361.9443910633541 [1, 2, 3, 4] [124, 125, 126, 127, 128, 129, 130, 131, 132, 133] 20160323
356.7353711086132 [3, 5, 7, 9] [154, 155, 156] 20160323
354.1426462442625 [3, 4] [36, 37, 38, 39, 40, 41, 42, 43, 44, 45, 46, 47] 20160323
346.8358761720015 [4, 6, 7, 9] [115, 116, 117, 118, 119, 120, 121, 122, 123, 124, 125, 126, 127, 128, 129] 20160323
324.6666666666667 [3] [81, 82, 83] 20160323
318.1037706297882 [5, 6] [57, 58, 59, 60, 61, 62, 63, 64, 65, 66, 67, 68, 69, 70, 71, 72, 73, 74] 20160323
303.9345238095238 [3, 4, 5, 7] [92, 93, 94, 95, 96, 97, 98, 99, 100, 101, 102, 103, 104, 105, 106, 107, 108, 109] 20160323
300.42558721631985 [4, 5, 7, 9] [21, 22, 23, 24, 25, 26, 27, 28, 29, 30, 31, 32, 33, 34, 35, 36, 37, 38] 20160323
265.6666666666667 [9] [10, 11, 12, 13, 14, 15, 16, 17, 18, 19, 20, 21, 22] 20160323
249.6077663796482 [3, 4, 5, 7] [107, 108, 109, 110] 20160323
245.36605307173198 [3, 5, 7, 8] [2, 3, 4, 5, 6, 7, 8, 9] 20160323
