38.80587121212121 [1, 2, 3, 4] [84, 85, 86, 87, 88, 89, 90, 91, 92, 93, 94, 95, 96, 97, 98, 99, 100, 101] 20160302
34.88393453853635 [7, 8] [161, 162, 163, 164, 165, 166, 167, 168, 169, 170, 171, 172, 173, 174, 175, 176, 177, 178] 20160302
31.972222222222218 [6, 7, 8, 9] [41, 42, 43, 44, 45, 46, 47, 48, 49, 50, 51, 52, 53, 54, 55, 56, 57, 58] 20160302
31.578463203463205 [4, 6, 7, 9] [60, 61, 62, 63, 64, 65, 66, 67, 68, 69, 70, 71, 72, 73, 74, 75, 76, 77] 20160302
31.391666666666666 [5, 6, 7, 9] [52, 53, 54, 55, 56, 57, 58, 59, 60, 61, 62, 63, 64, 65, 66, 67, 68, 69] 20160302
28.521103297967514 [2, 3, 4] [124, 125, 126, 127, 128, 129, 130, 131, 132, 133, 134, 135, 136, 137, 138, 139, 140] 20160302
26.494191460062492 [4, 5, 6] [146, 147, 148, 149, 150, 151, 152, 153, 154, 155, 156, 157, 158, 159, 160, 161, 162, 163] 20160302
24.448611111111106 [1, 2, 3, 5] [100, 101, 102, 103, 104, 105, 106, 107, 108, 109, 110, 111] 20160302
15.39600717839002 [2, 3, 5, 6] [217, 218, 219, 220, 221, 222, 223, 224, 225, 226, 227, 228, 229, 230, 231, 232, 233, 234] 20160302
14.896382856996597 [1, 2] [206, 207, 208, 209, 210, 211, 212, 213, 214, 215, 216, 217, 218, 219, 220, 221, 222, 223] 20160302
14.578094297038051 [4, 6, 7, 8] [252, 253, 254, 255, 256, 257, 258, 259, 260, 261, 262, 263] 20160302
12.25000000000001 [4, 5, 6, 7] [231, 232, 233, 234, 235, 236, 237, 238] 20160302
12.148411914198375 [1, 2, 3, 4] [267, 268, 269, 270, 271, 272, 273, 274, 275, 276, 277, 278, 279, 280, 281, 282, 283] 20160302
8.727272727272734 [0] [1, 2, 3, 4, 5, 6, 7, 8, 9, 10, 11, 12, 13, 14, 15, 16, 17, 18] 20160302
