24.791592297964712 [2, 3, 4] [262, 263, 264, 265, 266, 267, 268, 269, 270, 271, 272, 273, 274, 275, 276, 277, 278, 279] 20160326
23.0 [4] [139, 140, 141, 142, 143, 144, 145, 146, 147, 148, 149, 150, 151] 20160326
16.5 [2, 3, 4, 6] [155, 156, 157, 158, 159, 160, 161, 162, 163, 164, 165, 166, 167, 168, 169, 170, 171, 172] 20160326
14.769642857142856 [6, 7, 8, 9] [173, 174, 175, 176, 177, 178, 179, 180, 181, 182, 183, 184, 185, 186, 187, 188, 189] 20160326
13.938885070435253 [4, 5, 6] [213, 214, 215, 216, 217, 218, 219, 220, 221, 222, 223, 224, 225, 226, 227, 228, 229, 230] 20160326
13.764992667929326 [4, 5, 6] [224, 225, 226, 227, 228, 229, 230, 231, 232, 233, 234, 235, 236, 237, 238, 239, 240, 241] 20160326
13.182831146496452 [5, 7, 9] [193, 194, 195, 196, 197, 198, 199, 200, 201, 202, 203, 204, 205, 206, 207, 208, 209] 20160326
11.584015016432872 [0, 1, 2] [95, 96, 97, 98, 99, 100, 101, 102, 103, 104, 105, 106, 107, 108, 109] 20160326
10.664102564102564 [4, 5, 6, 7] [76, 77, 78, 79, 80, 81, 82, 83, 84, 85, 86, 87, 88, 89, 90, 91, 92, 93] 20160326
10.0 [6] [37, 38, 39, 40, 41, 42, 43, 44, 45, 46, 47, 48, 49, 50, 51, 52] 20160326
10.0 [3] [108, 109, 110, 111, 112, 113, 114, 115, 116, 117, 118, 119, 120, 121, 122, 123, 124, 125] 20160326
9.923065162651215 [0, 1] [90, 91, 92, 93, 94, 95, 96, 97, 98, 99, 100, 101] 20160326
8.583333333333329 [0] [6, 7, 8, 9, 10, 11, 12, 13, 14, 15, 16, 17, 18, 19, 20, 21, 22, 23] 20160326
6.073865940961371 [0, 1, 2, 3] [53, 54, 55, 56, 57, 58, 59, 60, 61, 62, 63, 64, 65, 66, 67, 68] 20160326
