31.65803976056449 [3, 5, 7, 8] [50, 51, 52, 53, 54, 55, 56, 57, 58, 59, 60, 61, 62, 63, 64, 65, 66] 20160307
26.14444444444445 [3, 5, 7, 9] [7, 8, 9, 10, 11, 12, 13, 14, 15, 16, 17, 18, 19, 20, 21, 22, 23, 24] 20160307
25.708333333333332 [4, 6, 7, 8] [171, 172, 173, 174, 175, 176, 177, 178, 179, 180, 181, 182, 183, 184, 185, 186, 187] 20160307
23.240703493323192 [6, 7, 8] [178, 179, 180, 181, 182, 183, 184, 185, 186, 187, 188, 189, 190, 191, 192, 193, 194, 195] 20160307
21.465058222371443 [3, 5, 6] [20, 21, 22, 23, 24, 25, 26, 27, 28, 29, 30, 31, 32, 33] 20160307
21.241678653934983 [5, 6, 7, 8] [79, 80, 81, 82, 83, 84, 85, 86, 87, 88, 89, 90, 91, 92, 93, 94] 20160307
19.610714285714288 [5, 6, 7, 8] [35, 36, 37, 38, 39, 40, 41, 42, 43, 44, 45, 46, 47, 48, 49] 20160307
18.021223787012932 [2, 3, 4] [155, 156, 157, 158, 159, 160, 161, 162, 163, 164, 165, 166, 167, 168, 169, 170, 171, 172] 20160307
16.66666666666667 [9] [116, 117, 118, 119, 120, 121, 122, 123, 124, 125, 126, 127, 128, 129, 130, 131, 132] 20160307
14.5 [9] [143, 144, 145, 146, 147, 148, 149, 150, 151, 152, 153] 20160307
14.285714285714285 [9] [247, 248, 249, 250, 251, 252, 253, 254, 255, 256, 257, 258, 259, 260, 261, 262, 263] 20160307
13.516666666666662 [2, 3, 4, 5] [268, 269, 270, 271, 272, 273, 274, 275, 276, 277, 278, 279, 280, 281, 282, 283, 284, 285] 20160307
13.11212121212121 [3, 4, 6, 7] [227, 228, 229, 230, 231, 232, 233, 234, 235, 236, 237, 238, 239, 240, 241, 242, 243, 244] 20160307
12.366612554112553 [6, 7, 8, 9] [209, 210, 211, 212, 213, 214, 215, 216, 217, 218, 219, 220, 221, 222, 223, 224, 225, 226] 20160307
12.25651754056682 [2, 3, 4] [257, 258, 259, 260, 261, 262, 263, 264, 265, 266, 267, 268, 269, 270, 271, 272, 273, 274] 20160307
11.333333333333329 [9] [133, 134, 135, 136, 137, 138, 139, 140, 141] 20160307
