750.6666666666667 [0, 1, 2, 3] [156, 157, 158, 159, 160, 161, 162, 163, 164, 165, 166, 167, 168, 169, 170, 171, 172, 173] 20160728
693.1666666666667 [2, 3, 4, 6] [165, 166, 167, 168, 169, 170, 171, 172, 173, 174, 175, 176, 177, 178, 179, 180, 181] 20160728
567.2604166666667 [4, 6, 7, 8] [174, 175, 176, 177, 178, 179, 180, 181, 182, 183, 184, 185, 186, 187, 188, 189, 190, 191] 20160728
521.5833333333333 [3, 4, 6, 7] [132, 133, 134, 135, 136, 137, 138, 139, 140, 141, 142, 143, 144, 145, 146, 147, 148, 149] 20160728
492.29545454545456 [2, 3, 4, 6] [238, 239, 240, 241, 242, 243, 244, 245, 246, 247, 248, 249, 250] 20160728
405.33333333333337 [3] [228, 229, 230, 231, 232] 20160728
390.1666666666667 [4, 6, 7, 8] [197, 198, 199, 200] 20160728
362.25 [4, 6, 7, 8] [190, 191, 192, 193, 194, 195, 196] 20160728
357.50000000000006 [2, 3, 4, 6] [211, 212, 213, 214, 215, 216, 217, 218, 219, 220] 20160728
0.0 [9] [72, 73, 74] 20160728
