627.5833333333333 [4, 5, 7, 9] [92, 93, 94, 95, 96, 97, 98, 99, 100, 101, 102, 103, 104, 105, 106, 107, 108, 109] 20160905
611.75 [4, 6, 7, 9] [103, 104, 105, 106, 107, 108, 109, 110, 111, 112, 113, 114, 115, 116, 117, 118, 119, 120] 20160905
531.4166666666667 [3, 4, 5, 6] [113, 114, 115, 116, 117, 118, 119, 120, 121, 122, 123, 124, 125, 126, 127, 128, 129, 130] 20160905
483.3333333333333 [9] [147, 148, 149] 20160905
456.3333333333333 [9] [146, 147, 148] 20160905
415.625 [4, 6, 7, 8] [210, 211, 212, 213, 214, 215, 216, 217, 218, 219, 220, 221, 222, 223, 224, 225, 226, 227] 20160905
402.89102564102564 [5, 7, 8, 9] [198, 199, 200, 201, 202, 203, 204, 205, 206, 207, 208, 209, 210, 211, 212] 20160905
397.74756441743295 [7, 9] [179, 180, 181, 182, 183, 184, 185, 186, 187, 188, 189] 20160905
377.5064102564103 [4, 6, 7, 9] [187, 188, 189, 190, 191, 192, 193, 194, 195, 196, 197, 198, 199, 200, 201] 20160905
245.33333333333337 [4] [172, 173, 174] 20160905
