1080.75 [4, 6, 7, 9] [243, 244, 245] 20160715
1037.5613502610609 [7, 8] [222, 223, 224, 225, 226, 227, 228, 229, 230, 231, 232, 233] 20160715
1033.5833333333335 [1, 2, 3, 4] [208, 209, 210, 211, 212] 20160715
1016.0833333333333 [6, 7, 8, 9] [216, 217, 218] 20160715
945.5833333333333 [6, 7, 8, 9] [153, 154, 155, 156, 157, 158, 159, 160, 161, 162, 163, 164, 165, 166, 167, 168, 169, 170] 20160715
754.2916666666666 [0, 1, 2, 3] [185, 186, 187, 188, 189, 190, 191, 192, 193, 194] 20160715
729.1666666666666 [4, 6, 7, 8] [132, 133, 134, 135, 136, 137, 138, 139, 140, 141, 142, 143, 144, 145, 146, 147, 148, 149] 20160715
638.3569476339961 [6, 7, 8] [143, 144, 145, 146, 147, 148, 149, 150, 151, 152, 153, 154, 155, 156, 157] 20160715
507.85 [4, 6, 7, 9] [123, 124, 125, 126, 127, 128, 129, 130, 131, 132, 133, 134, 135, 136, 137, 138, 139] 20160715
0.0 [9] [72, 73, 74] 20160715
