800.0833333333333 [4, 5, 7, 8] [215, 216, 217, 218, 219, 220, 221, 222, 223, 224, 225, 226, 227, 228, 229, 230, 231, 232] 20160322
749.25 [6, 7, 8, 9] [233, 234, 235, 236, 237, 238, 239, 240, 241, 242, 243, 244, 245, 246, 247, 248, 249, 250] 20160322
739.6666666666667 [4, 5, 7, 8] [225, 226, 227, 228, 229, 230, 231, 232, 233] 20160322
729.7916666666666 [6, 7, 8, 9] [230, 231, 232, 233, 234, 235] 20160322
703.75 [3, 4, 5, 7] [212, 213, 214] 20160322
697.0833333333333 [5, 6, 7, 9] [160, 161, 162, 163, 164, 165, 166, 167, 168, 169, 170, 171, 172, 173, 174, 175, 176, 177] 20160322
650.1666666666667 [4, 5, 6, 7] [141, 142, 143, 144, 145, 146, 147, 148, 149, 150, 151, 152, 153, 154, 155, 156, 157, 158] 20160322
644.1666666666667 [3, 4, 6, 7] [153, 154, 155, 156, 157, 158, 159, 160, 161, 162, 163, 164, 165, 166, 167, 168, 169, 170] 20160322
555.6666666666667 [4, 5, 7, 9] [135, 136, 137, 138, 139, 140, 141, 142, 143, 144, 145, 146, 147, 148, 149, 150, 151, 152] 20160322
487.65909090909093 [0, 1, 2, 3] [196, 197, 198, 199, 200, 201, 202, 203, 204, 205, 206, 207, 208] 20160322
461.206640037646 [0, 1, 2] [195, 196, 197] 20160322
456.8765130187238 [2, 3, 4] [178, 179, 180, 181, 182, 183, 184, 185, 186, 187, 188, 189, 190, 191, 192, 193, 194] 20160322
0.0 [9] [72, 73, 74] 20160322
