773.3333333333334 [1] [208, 209, 210, 211, 212, 213, 214, 215, 216, 217, 218, 219, 220, 221, 222, 223] 20160706
747.3799234659706 [0, 1, 2] [195, 196, 197] 20160706
743.4166666666667 [1, 2, 3, 4] [222, 223, 224, 225, 226, 227, 228, 229, 230, 231, 232, 233, 234, 235] 20160706
734.0 [9] [160, 161, 162, 163, 164, 165, 166, 167, 168, 169, 170, 171, 172, 173, 174, 175, 176, 177] 20160706
730.75 [4, 6, 7, 9] [144, 145, 146, 147, 148, 149, 150, 151, 152, 153, 154, 155, 156, 157, 158, 159, 160, 161] 20160706
721.4953863973025 [0, 1, 2] [196, 197, 198, 199, 200, 201, 202, 203, 204, 205, 206, 207, 208] 20160706
649.7132807802394 [1, 2] [246, 247, 248, 249, 250] 20160706
606.0833333333333 [4, 5, 6, 7] [135, 136, 137, 138, 139, 140, 141, 142, 143, 144, 145, 146, 147, 148, 149, 150, 151, 152] 20160706
602.6906798313339 [1, 2] [167, 168, 169, 170, 171, 172, 173, 174, 175, 176, 177, 178, 179, 180, 181, 182, 183, 184] 20160706
0.0 [9] [72, 73, 74] 20160706
