1029.4166666666665 [3, 5, 6, 7] [159, 160, 161, 162, 163] 20160902
847.2317749916815 [0, 1] [118, 119, 120, 121, 122, 123, 124, 125, 126, 127, 128, 129, 130, 131, 132, 133, 134, 135] 20160902
818.5939503536264 [0, 1] [177, 178, 179, 180, 181] 20160902
773.4569106243686 [0, 1, 2] [144, 145, 146, 147, 148, 149, 150, 151] 20160902
756.8099778627344 [3, 5, 7] [188, 189, 190] 20160902
729.0833333333333 [5, 6, 7, 9] [103, 104, 105, 106, 107, 108, 109, 110, 111, 112, 113, 114, 115, 116, 117, 118, 119] 20160902
721.8333333333335 [5, 6, 7, 8] [94, 95, 96, 97, 98, 99, 100, 101, 102, 103, 104, 105, 106, 107, 108, 109, 110, 111] 20160902
687.3333333333335 [5, 7, 8, 9] [113, 114, 115, 116, 117, 118, 119, 120, 121, 122, 123, 124, 125] 20160902
475.02083333333337 [4, 5, 7, 8] [207, 208, 209, 210, 211, 212, 213, 214, 215, 216, 217, 218, 219, 220, 221, 222, 223, 224] 20160902
406.88541666666663 [0, 1, 2, 3] [213, 214, 215, 216, 217, 218, 219, 220, 221, 222, 223, 224, 225, 226, 227, 228, 229, 230] 20160902
