1080.6666666666667 [1, 2, 3, 4] [182, 183, 184, 185, 186, 187, 188, 189, 190] 20160908
1044.4666666666667 [1, 2, 3, 5] [170, 171, 172, 173, 174, 175, 176, 177, 178, 179, 180, 181] 20160908
978.5 [4, 5, 7, 8] [163, 164, 165, 166, 167, 168, 169, 170] 20160908
837.9166666666667 [5, 6, 7, 8] [147, 148, 149, 150, 151, 152, 153, 154, 155, 156, 157, 158] 20160908
829.6666666666666 [2, 3, 5, 6] [136, 137, 138, 139, 140, 141, 142, 143, 144, 145, 146, 147, 148, 149] 20160908
828.3571428571429 [5, 6, 7, 8] [152, 153, 154, 155, 156, 157, 158, 159, 160] 20160908
809.4166666666666 [4, 5, 7, 9] [114, 115, 116, 117, 118, 119, 120, 121, 122, 123, 124, 125, 126, 127, 128, 129, 130] 20160908
749.25 [3, 4, 5, 6] [126, 127, 128, 129, 130, 131, 132, 133, 134, 135, 136, 137, 138, 139, 140, 141, 142, 143] 20160908
663.9166666666666 [5, 7, 8, 9] [98, 99, 100, 101, 102, 103, 104, 105, 106, 107, 108, 109, 110, 111, 112, 113, 114, 115] 20160908
614.9166666666666 [2, 3, 5, 7] [90, 91, 92, 93, 94, 95, 96, 97, 98, 99, 100, 101, 102, 103, 104, 105, 106, 107] 20160908
550.5034816723082 [3, 4, 5] [200, 201, 202, 203, 204, 205, 206, 207, 208, 209, 210, 211] 20160908
488.35416666666663 [0, 1, 2, 3] [209, 210, 211, 212, 213, 214, 215, 216, 217, 218, 219, 220, 221, 222, 223, 224, 225, 226] 20160908
