526.8333333333334 [2, 3, 4, 5] [94, 95, 96, 97, 98, 99, 100, 101, 102, 103, 104, 105, 106, 107, 108, 109, 110, 111] 20161118
517.0 [0, 1, 2, 3] [102, 103, 104, 105, 106, 107, 108, 109, 110, 111, 112, 113, 114, 115, 116, 117, 118, 119] 20161118
352.83333333333337 [7] [129, 130, 131, 132, 133, 134, 135, 136, 137, 138, 139, 140, 141, 142, 143] 20161118
332.33333333333337 [1] [119, 120, 121, 122, 123, 124, 125, 126, 127, 128, 129, 130, 131, 132, 133, 134, 135, 136] 20161118
305.53125 [4, 5, 7, 8] [186, 187, 188, 189, 190, 191, 192, 193, 194, 195, 196, 197, 198, 199, 200, 201, 202, 203] 20161118
304.0 [7] [145, 146, 147] 20161118
294.85625000000005 [5, 7, 8, 9] [173, 174, 175, 176, 177, 178, 179, 180, 181, 182, 183, 184, 185, 186, 187, 188, 189, 190] 20161118
286.8333333333333 [7] [144, 145, 146] 20161118
267.8452380952381 [3, 5, 7, 8] [151, 152, 153, 154, 155, 156, 157, 158, 159, 160, 161, 162, 163, 164, 165, 166] 20161118
263.3333333333333 [7] [143, 144, 145] 20161118
258.7708333333333 [3, 5, 7, 9] [157, 158, 159, 160, 161, 162, 163, 164, 165, 166, 167, 168, 169, 170, 171, 172, 173, 174] 20161118
