943.25 [2, 3, 4, 6] [185, 186, 187, 188, 189, 190, 191, 192, 193, 194, 195, 196, 197] 20160726
927.4999999999999 [2, 3, 4, 6] [192, 193, 194, 195, 196, 197, 198, 199, 200, 201, 202, 203, 204, 205, 206, 207, 208] 20160726
892.1666666666667 [4, 6, 7, 8] [198, 199, 200, 201, 202, 203, 204, 205, 206, 207, 208, 209, 210, 211, 212, 213] 20160726
860.5833333333334 [3, 4, 6, 7] [173, 174, 175, 176, 177, 178, 179, 180, 181, 182, 183, 184, 185, 186] 20160726
832.1541879919807 [0, 1, 2] [233, 234, 235] 20160726
823.2052588195415 [0, 1, 2] [234, 235, 236] 20160726
808.8333333333334 [6, 7, 8, 9] [167, 168, 169, 170, 171, 172, 173, 174, 175, 176, 177, 178] 20160726
730.8333333333334 [2, 3, 4, 6] [221, 222, 223, 224, 225, 226, 227, 228, 229] 20160726
649.6666666666667 [6, 7, 8, 9] [143, 144, 145, 146, 147, 148, 149, 150, 151, 152, 153, 154, 155, 156, 157, 158, 159, 160] 20160726
613.5833333333334 [6, 7, 8, 9] [131, 132, 133, 134, 135, 136, 137, 138, 139, 140, 141, 142, 143, 144, 145, 146, 147, 148] 20160726
0.0 [9] [72, 73, 74] 20160726
