10 0.2727272727272727 0.02857142857142857 0.05172413793103448
15 0.1875 0.02857142857142857 0.049586776859504134
20 0.14285714285714285 0.02857142857142857 0.04761904761904761
25 0.23076923076923078 0.05714285714285714 0.09160305343511449
30 0.25806451612903225 0.0761904761904762 0.11764705882352941
35 0.3333333333333333 0.11428571428571428 0.1702127659574468
40 0.34146341463414637 0.13333333333333333 0.1917808219178082
45 0.32608695652173914 0.14285714285714285 0.1986754966887417
50 0.3333333333333333 0.1619047619047619 0.21794871794871795
55 0.30357142857142855 0.1619047619047619 0.2111801242236025
60 0.3114754098360656 0.18095238095238095 0.2289156626506024
65 0.3181818181818182 0.2 0.2456140350877193
70 0.29577464788732394 0.2 0.23863636363636365
75 0.27631578947368424 0.2 0.23204419889502761
80 0.25925925925925924 0.2 0.22580645161290322
85 0.2558139534883721 0.20952380952380953 0.23036649214659685
90 0.24175824175824176 0.20952380952380953 0.22448979591836735
