14.245833333333332 [5, 6, 7, 9] [211, 212, 213, 214, 215, 216, 217, 218, 219, 220, 221, 222, 223, 224, 225, 226, 227, 228] 20160916
12.491666666666669 [0, 1, 2, 3] [173, 174, 175, 176, 177, 178, 179, 180, 181, 182, 183, 184, 185] 20160916
12.30833333333333 [3, 5, 7, 8] [136, 137, 138, 139, 140, 141, 142, 143, 144, 145, 146, 147, 148, 149, 150, 151, 152] 20160916
11.950104602052651 [1, 2] [98, 99, 100, 101, 102, 103, 104, 105, 106, 107, 108, 109, 110, 111, 112, 113, 114, 115] 20160916
11.768333333333333 [4, 5, 6, 7] [202, 203, 204, 205, 206, 207, 208, 209, 210, 211, 212, 213, 214, 215, 216] 20160916
11.183333333333334 [0] [159, 160, 161, 162, 163, 164, 165, 166, 167, 168, 169, 170, 171, 172, 173, 174, 175, 176] 20160916
11.05 [1] [107, 108, 109, 110, 111, 112, 113, 114, 115, 116, 117, 118, 119, 120, 121, 122, 123] 20160916
10.558333333333334 [5, 6, 7, 9] [148, 149, 150, 151, 152, 153, 154, 155, 156, 157, 158, 159, 160, 161, 162] 20160916
9.983333333333334 [5, 6, 7, 8] [167, 168, 169, 170, 171, 172, 173, 174, 175, 176, 177, 178, 179] 20160916
9.46344575487996 [0, 1] [195, 196, 197, 198, 199, 200, 201, 202, 203, 204, 205, 206, 207, 208, 209, 210] 20160916
8.816666666666668 [5, 7, 8, 9] [146, 147, 148, 149, 150, 151, 152, 153, 154, 155, 156, 157] 20160916
7.683333333333334 [2, 3, 5, 6] [247, 248, 249, 250, 251] 20160916
7.15 [2] [79, 80, 81, 82, 83, 84, 85, 86, 87, 88, 89, 90, 91] 20160916
5.397581763057313 [1, 2] [72, 73, 74, 75, 76] 20160916
