16.939285714285713 [0, 1, 2, 3] [204, 205, 206, 207, 208, 209, 210, 211, 212, 213, 214, 215, 216, 217, 218, 219, 220, 221] 20161116
16.866666666666667 [4, 5, 7, 9] [121, 122, 123, 124, 125, 126, 127, 128, 129, 130, 131, 132, 133, 134, 135, 136, 137, 138] 20161116
12.287938229252537 [3, 4, 5] [181, 182, 183, 184, 185, 186, 187, 188, 189, 190, 191, 192, 193, 194, 195, 196, 197] 20161116
11.666666666666666 [3, 5, 7, 8] [175, 176, 177, 178, 179, 180, 181, 182, 183, 184, 185, 186, 187, 188, 189, 190, 191] 20161116
10.205907875125835 [0, 1] [227, 228, 229, 230, 231, 232, 233, 234, 235, 236, 237, 238, 239, 240, 241, 242, 243] 20161116
9.728352035845193 [7, 8, 9] [157, 158, 159, 160, 161, 162, 163, 164, 165, 166, 167, 168, 169, 170, 171, 172] 20161116
9.350000000000001 [3, 5, 7, 8] [88, 89, 90, 91, 92, 93, 94, 95, 96, 97, 98, 99, 100, 101, 102, 103, 104] 20161116
9.314584342925963 [7, 8, 9] [107, 108, 109, 110, 111, 112, 113, 114, 115, 116, 117, 118, 119] 20161116
9.241666666666667 [3, 5, 7, 8] [151, 152, 153, 154, 155, 156, 157, 158, 159, 160, 161, 162] 20161116
8.783333333333335 [4, 5, 7, 8] [140, 141, 142, 143, 144, 145, 146, 147, 148, 149, 150, 151, 152, 153, 154, 155, 156] 20161116
8.71798906476335 [7, 8, 9] [74, 75, 76, 77, 78, 79, 80, 81, 82, 83, 84, 85, 86, 87, 88, 89, 90, 91] 20161116
7.8808311744383905 [0, 1, 2] [242, 243, 244, 245, 246, 247, 248, 249, 250, 251] 20161116
