17.183333333333334 [0] [244, 245, 246, 247] 20160507
15.961153846153845 [0, 1, 2, 3] [138, 139, 140, 141, 142, 143, 144, 145, 146, 147, 148, 149, 150, 151, 152, 153, 154, 155] 20160507
15.066666666666665 [0] [243, 244, 245] 20160507
13.204166666666666 [4, 5, 7, 9] [102, 103, 104, 105, 106, 107, 108, 109, 110, 111, 112, 113, 114] 20160507
12.60548087730683 [3, 4, 6] [211, 212, 213, 214, 215, 216, 217, 218, 219, 220, 221, 222] 20160507
12.210416666666667 [4, 6, 7, 9] [93, 94, 95, 96, 97, 98, 99, 100, 101, 102, 103, 104, 105] 20160507
12.010833333333334 [4, 6, 7, 9] [108, 109, 110, 111, 112, 113, 114, 115, 116] 20160507
11.983333333333334 [6, 7, 8, 9] [121, 122, 123, 124, 125, 126, 127, 128, 129, 130, 131, 132, 133, 134, 135, 136, 137, 138] 20160507
11.966666666666667 [3, 4, 5, 6] [221, 222, 223, 224, 225, 226, 227, 228, 229] 20160507
11.816666666666663 [0, 1, 2, 3] [203, 204, 205, 206, 207, 208, 209, 210, 211, 212] 20160507
11.702617228637363 [1, 2] [164, 165, 166, 167, 168, 169, 170, 171, 172, 173, 174, 175, 176, 177, 178, 179, 180, 181] 20160507
11.639285714285714 [4, 6, 7, 9] [114, 115, 116, 117, 118, 119, 120, 121, 122, 123, 124] 20160507
10.399999999999999 [5, 6, 7, 8] [76, 77, 78, 79, 80, 81, 82, 83, 84, 85, 86, 87, 88, 89, 90] 20160507
10.25 [3, 5, 7, 9] [187, 188, 189, 190, 191, 192, 193, 194, 195, 196, 197, 198, 199, 200, 201, 202, 203] 20160507
10.075 [2, 3, 4, 6] [178, 179, 180, 181, 182, 183, 184, 185] 20160507
