16.553333333333327 [0, 1, 2, 3] [125, 126, 127, 128, 129, 130, 131, 132, 133, 134, 135, 136, 137, 138, 139, 140, 141] 20161203
16.487373114666333 [8, 9] [147, 148, 149, 150, 151, 152, 153, 154, 155, 156, 157, 158, 159, 160, 161, 162, 163, 164] 20161203
16.31666666666667 [4, 5, 7, 9] [164, 165, 166, 167, 168, 169, 170, 171, 172, 173, 174, 175, 176, 177, 178, 179, 180, 181] 20161203
16.25 [5, 7, 8, 9] [159, 160, 161, 162, 163, 164, 165, 166, 167, 168, 169, 170, 171, 172, 173] 20161203
15.391666666666667 [5, 7, 8, 9] [111, 112, 113, 114, 115, 116, 117, 118, 119, 120, 121] 20161203
15.285291586649201 [8, 9] [137, 138, 139, 140, 141, 142, 143, 144, 145] 20161203
14.566666666666666 [5, 7, 8, 9] [98, 99, 100, 101, 102, 103, 104, 105, 106, 107, 108, 109, 110, 111, 112] 20161203
14.25 [5, 7, 8, 9] [226, 227, 228, 229, 230, 231, 232, 233, 234, 235, 236, 237, 238, 239, 240, 241, 242, 243] 20161203
13.350000000000001 [0, 1, 2, 3] [178, 179, 180, 181, 182, 183, 184, 185, 186, 187, 188, 189, 190, 191, 192] 20161203
13.0 [5, 7, 8, 9] [217, 218, 219, 220, 221, 222, 223, 224, 225, 226, 227, 228, 229, 230, 231, 232] 20161203
12.5625 [5, 7, 8, 9] [209, 210, 211, 212, 213, 214, 215, 216, 217, 218, 219, 220, 221, 222, 223, 224, 225, 226] 20161203
12.186901932144352 [7, 8, 9] [94, 95, 96, 97, 98, 99, 100, 101] 20161203
11.99166666666667 [1, 2, 3, 5] [185, 186, 187, 188, 189, 190, 191, 192, 193, 194, 195, 196, 197, 198, 199, 200, 201] 20161203
11.931905563252265 [7, 8, 9] [235, 236, 237, 238, 239, 240, 241, 242, 243, 244, 245, 246, 247] 20161203
11.691342951089922 [7, 8, 9] [75, 76, 77, 78, 79, 80, 81, 82, 83] 20161203
10.75 [2] [247, 248, 249] 20161203
10.691666666666668 [3, 5, 7, 9] [204, 205, 206, 207, 208, 209, 210] 20161203
10.584754935143142 [5, 7, 9] [73, 74, 75] 20161203
10.383333333333333 [2] [246, 247, 248] 20161203
