27.913135969048138 [6, 7, 8] [238, 239, 240, 241, 242, 243, 244, 245, 246, 247, 248, 249, 250, 251] 20160628
21.516666666666666 [6] [187, 188, 189, 190, 191, 192, 193, 194, 195, 196, 197, 198, 199, 200, 201, 202] 20160628
21.233333333333334 [2, 3, 5, 6] [206, 207, 208, 209, 210, 211, 212, 213, 214, 215, 216, 217, 218, 219, 220] 20160628
14.482007575757576 [0, 1, 2, 3] [125, 126, 127, 128, 129, 130, 131, 132, 133, 134, 135, 136, 137, 138, 139, 140, 141, 142] 20160628
12.998979660812697 [0, 1] [99, 100, 101, 102, 103, 104, 105, 106] 20160628
12.58576923076923 [1, 2, 3, 4] [135, 136, 137, 138, 139, 140, 141, 142, 143, 144, 145, 146, 147, 148, 149, 150, 151, 152] 20160628
12.038333333333334 [1, 2, 3, 4] [107, 108, 109, 110, 111, 112, 113, 114, 115, 116, 117, 118, 119, 120, 121, 122, 123, 124] 20160628
11.058333333333334 [4, 6, 7, 9] [146, 147, 148, 149, 150, 151, 152, 153, 154, 155, 156, 157, 158, 159, 160, 161, 162] 20160628
10.652112466548598 [1, 2, 3] [81, 82, 83, 84, 85, 86, 87, 88, 89, 90, 91, 92, 93, 94] 20160628
10.533333333333335 [4, 6, 7, 9] [165, 166, 167, 168, 169, 170, 171, 172, 173, 174, 175, 176, 177, 178, 179, 180, 181, 182] 20160628
10.26666666666667 [4, 6, 7, 8] [163, 164, 165, 166, 167, 168, 169, 170, 171, 172, 173, 174, 175] 20160628
6.119912853410034 [0, 1, 2] [72, 73, 74, 75, 76, 77] 20160628
