13.233333333333333 [1] [230, 231, 232, 233, 234, 235, 236, 237, 238, 239, 240, 241, 242, 243, 244, 245, 246, 247] 20161118
12.403408283090462 [0, 1, 2] [204, 205, 206, 207, 208, 209, 210, 211, 212, 213, 214, 215, 216, 217, 218, 219, 220] 20161118
9.934273631856161 [0, 1, 2] [183, 184, 185, 186, 187, 188, 189, 190, 191, 192, 193, 194, 195, 196, 197, 198, 199, 200] 20161118
8.929684163466213 [0, 1, 2] [181, 182, 183, 184, 185, 186, 187, 188, 189] 20161118
7.978521514388211 [8, 9] [117, 118, 119, 120, 121, 122, 123, 124, 125, 126, 127, 128, 129, 130, 131, 132, 133] 20161118
7.734999999999999 [0, 1, 2, 3] [148, 149, 150, 151, 152, 153, 154, 155, 156, 157, 158, 159, 160, 161, 162, 163, 164, 165] 20161118
7.691666666666668 [4, 5, 7, 9] [96, 97, 98, 99, 100, 101, 102, 103, 104, 105, 106, 107, 108] 20161118
7.341666666666666 [2, 3, 4, 5] [78, 79, 80, 81, 82, 83, 84, 85, 86, 87, 88, 89, 90] 20161118
7.2875 [2, 3, 4, 5] [82, 83, 84, 85, 86, 87, 88, 89, 90, 91, 92] 20161118
7.138095238095239 [2, 3, 4, 5] [86, 87, 88, 89, 90, 91, 92, 93, 94, 95, 96] 20161118
7.086974554302656 [0, 1, 2] [74, 75, 76, 77, 78, 79] 20161118
6.891666666666666 [5, 7, 8, 9] [139, 140, 141, 142, 143, 144, 145, 146, 147, 148, 149, 150, 151, 152] 20161118
5.744635178436777 [0, 1, 2] [133, 134, 135, 136, 137, 138, 139, 140, 141, 142, 143, 144] 20161118
