23.916666666666664 [2, 3, 4, 5] [120, 121, 122, 123, 124, 125, 126, 127, 128, 129, 130] 20161205
21.130707644457992 [0, 1] [80, 81, 82, 83, 84, 85, 86, 87, 88, 89, 90, 91, 92, 93, 94, 95, 96, 97] 20161205
20.9 [7] [148, 149, 150, 151, 152, 153, 154, 155, 156, 157, 158, 159, 160, 161, 162, 163, 164, 165] 20161205
19.410081143570725 [1, 2] [103, 104, 105, 106, 107, 108, 109, 110, 111] 20161205
19.030564587288524 [0, 1, 2] [179, 180, 181, 182, 183, 184, 185, 186, 187, 188, 189, 190, 191, 192, 193, 194] 20161205
18.632263684265528 [0, 1] [77, 78, 79, 80, 81, 82, 83, 84, 85, 86, 87, 88, 89, 90, 91] 20161205
17.891666666666666 [1, 2, 3, 5] [138, 139, 140, 141, 142] 20161205
14.443379234227137 [0, 1, 2] [190, 191, 192, 193, 194, 195, 196, 197, 198, 199, 200, 201, 202, 203, 204, 205, 206] 20161205
13.125000000000002 [1, 2, 3, 4] [207, 208, 209, 210, 211, 212, 213, 214, 215, 216, 217, 218, 219, 220, 221, 222, 223] 20161205
12.858333333333333 [0, 1, 2, 3] [167, 168, 169, 170, 171, 172, 173, 174, 175, 176, 177, 178, 179, 180] 20161205
12.287938229252537 [3, 4, 5] [214, 215, 216, 217, 218, 219, 220, 221, 222, 223, 224, 225, 226, 227, 228, 229, 230, 231] 20161205
10.225 [4, 5, 7, 9] [226, 227, 228, 229, 230, 231, 232, 233, 234, 235, 236, 237, 238, 239, 240, 241, 242] 20161205
10.055517188385984 [0, 1, 2] [232, 233, 234, 235, 236, 237, 238, 239, 240, 241, 242, 243, 244, 245, 246, 247] 20161205
