14.341666666666665 [4, 6, 7, 8] [151, 152, 153, 154, 155, 156, 157, 158, 159, 160, 161, 162, 163] 20160415
13.900000000000002 [6, 7, 8, 9] [224, 225, 226, 227, 228, 229, 230, 231, 232, 233, 234, 235, 236, 237] 20160415
12.663215904225794 [7, 8, 9] [233, 234, 235, 236, 237, 238, 239, 240, 241, 242, 243, 244, 245, 246, 247, 248] 20160415
11.133333333333333 [6, 7, 8, 9] [164, 165, 166, 167, 168, 169, 170, 171, 172, 173, 174, 175, 176, 177, 178, 179, 180, 181] 20160415
10.116666666666667 [7] [211, 212, 213, 214, 215, 216, 217, 218, 219, 220] 20160415
9.859523809523811 [6, 7, 8, 9] [184, 185, 186, 187, 188, 189, 190, 191, 192, 193, 194, 195, 196, 197, 198, 199, 200] 20160415
9.854166666666668 [6, 7, 8, 9] [177, 178, 179, 180, 181, 182, 183, 184, 185, 186] 20160415
7.279166666666666 [4, 5, 6, 7] [76, 77, 78, 79, 80, 81, 82, 83, 84, 85, 86, 87, 88, 89, 90, 91, 92] 20160415
7.165348716023681 [4, 5] [106, 107, 108, 109, 110, 111, 112, 113, 114, 115, 116] 20160415
6.7441666666666675 [4, 5, 6, 7] [74, 75, 76, 77, 78, 79, 80, 81, 82, 83, 84] 20160415
5.383333333333335 [4, 5, 6, 7] [115, 116, 117, 118, 119, 120, 121, 122, 123, 124, 125, 126, 127, 128] 20160415
