15.483333333333333 [9] [217, 218, 219, 220, 221, 222, 223, 224, 225, 226, 227, 228, 229, 230, 231, 232, 233] 20161001
13.8 [9] [72, 73, 74, 75, 76, 77, 78, 79, 80, 81, 82, 83, 84, 85, 86, 87, 88, 89] 20161001
12.450000000000001 [4, 5, 7, 9] [93, 94, 95, 96, 97, 98, 99, 100, 101, 102, 103, 104, 105, 106, 107, 108, 109, 110] 20161001
11.223717948717947 [1, 2, 3, 5] [232, 233, 234, 235, 236, 237, 238, 239, 240, 241, 242, 243, 244, 245, 246, 247, 248, 249] 20161001
11.207642481806776 [8, 9] [201, 202, 203, 204, 205, 206, 207, 208, 209, 210, 211] 20161001
9.766666666666666 [4, 5, 7, 9] [133, 134, 135, 136, 137, 138, 139, 140, 141, 142, 143, 144, 145] 20161001
9.649999999999999 [9] [118, 119, 120, 121, 122, 123, 124, 125, 126, 127, 128, 129, 130, 131, 132, 133] 20161001
9.599999999999998 [3, 5, 7, 9] [174, 175, 176, 177, 178, 179, 180, 181, 182, 183, 184, 185, 186, 187, 188, 189, 190, 191] 20161001
9.533333333333331 [1, 2, 3, 5] [189, 190, 191, 192, 193, 194, 195, 196, 197, 198, 199, 200] 20161001
9.324999999999998 [4, 5, 7, 9] [137, 138, 139, 140, 141, 142, 143, 144, 145, 146] 20161001
8.933333333333334 [5, 7, 8, 9] [109, 110, 111, 112, 113, 114, 115, 116, 117, 118] 20161001
8.55 [9] [117, 118, 119, 120, 121, 122, 123, 124] 20161001
7.983333333333333 [0] [124, 125, 126, 127, 128, 129, 130, 131, 132, 133, 134, 135, 136, 137] 20161001
7.583333333333333 [3, 5, 7, 9] [158, 159, 160, 161, 162, 163, 164, 165, 166, 167, 168, 169] 20161001
