18.542566145473483 [7, 8, 9] [155, 156, 157, 158, 159, 160, 161, 162, 163, 164, 165, 166, 167, 168, 169] 20160517
18.15 [1] [72, 73, 74, 75, 76, 77, 78] 20160517
16.7 [5] [236, 237, 238, 239, 240, 241, 242, 243, 244, 245, 246, 247, 248, 249, 250, 251] 20160517
16.287026193330142 [6, 7] [171, 172, 173, 174, 175, 176, 177, 178, 179, 180, 181, 182, 183, 184, 185, 186, 187, 188] 20160517
14.7 [4, 5, 7, 9] [233, 234, 235, 236, 237, 238, 239] 20160517
13.416666666666668 [6, 7, 8, 9] [204, 205, 206, 207, 208, 209, 210, 211, 212, 213, 214, 215, 216, 217, 218] 20160517
12.39166666666667 [4, 6, 7, 8] [184, 185, 186, 187, 188, 189, 190, 191, 192, 193, 194, 195, 196] 20160517
8.28112736107653 [1, 2, 3] [126, 127, 128, 129, 130, 131, 132, 133, 134, 135, 136] 20160517
8.245833333333332 [1, 2, 3, 4] [90, 91, 92, 93, 94, 95, 96, 97] 20160517
7.083333333333334 [4, 6, 7, 9] [101, 102, 103, 104, 105, 106, 107, 108, 109, 110] 20160517
6.947448239248497 [1, 2, 3] [106, 107, 108, 109, 110, 111, 112, 113, 114, 115] 20160517
