16.354166666666668 [3, 4, 5, 7] [186, 187, 188, 189, 190, 191, 192, 193, 194, 195, 196, 197, 198, 199, 200, 201] 20160620
15.908333333333335 [5, 6, 7, 8] [175, 176, 177, 178, 179, 180, 181, 182, 183, 184, 185, 186, 187, 188, 189, 190, 191, 192] 20160620
15.116954548281704 [0, 1, 2] [220, 221, 222, 223, 224, 225, 226, 227, 228, 229, 230, 231] 20160620
13.908333333333337 [0, 1, 2, 3] [235, 236, 237, 238, 239, 240, 241, 242, 243] 20160620
13.600000000000001 [0, 1, 2, 3] [232, 233, 234, 235, 236] 20160620
13.274999999999995 [1, 2, 3, 5] [160, 161, 162, 163, 164, 165, 166, 167, 168, 169, 170, 171, 172, 173, 174, 175, 176, 177] 20160620
12.583333333333332 [1, 2, 3, 5] [168, 169, 170, 171, 172, 173, 174, 175, 176, 177, 178, 179, 180] 20160620
12.364918265144489 [0, 1, 2] [202, 203, 204, 205, 206, 207, 208, 209, 210, 211, 212, 213, 214, 215, 216, 217, 218, 219] 20160620
11.991666666666667 [0, 1, 2, 3] [145, 146, 147, 148, 149, 150, 151, 152, 153, 154, 155, 156, 157] 20160620
11.421912825468098 [1, 2, 3] [116, 117, 118, 119, 120, 121, 122, 123, 124, 125, 126, 127, 128, 129] 20160620
10.428571428571429 [0, 1, 2, 3] [91, 92, 93, 94, 95, 96, 97, 98, 99] 20160620
9.708333333333332 [0, 1, 2, 3] [128, 129, 130, 131, 132, 133, 134, 135, 136, 137, 138, 139, 140, 141] 20160620
9.433333333333332 [0, 1, 2, 3] [152, 153, 154, 155, 156, 157, 158, 159, 160, 161, 162] 20160620
6.800000000000001 [0, 1, 2, 3] [72, 73, 74, 75, 76, 77, 78, 79, 80, 81, 82] 20160620
