9.666666666666666 [2, 3, 4, 6] [196, 197, 198, 199, 200, 201, 202, 203, 204, 205, 206, 207, 208, 209] 20160730
9.3 [4, 6, 7, 8] [180, 181, 182, 183, 184, 185, 186, 187, 188, 189, 190, 191, 192, 193, 194, 195, 196, 197] 20160730
9.016666666666666 [0, 1, 2, 3] [220, 221, 222, 223, 224, 225, 226, 227, 228, 229, 230, 231, 232, 233, 234] 20160730
8.666666666666666 [0, 1, 2, 3] [174, 175, 176, 177, 178, 179, 180, 181, 182, 183, 184, 185, 186] 20160730
7.5825335353570855 [0, 1, 2] [214, 215, 216] 20160730
7.153563603003906 [3, 4] [148, 149, 150, 151, 152, 153, 154, 155, 156, 157, 158, 159, 160, 161, 162, 163, 164, 165] 20160730
5.696522656004307 [0, 1, 2] [132, 133, 134, 135, 136, 137, 138, 139, 140, 141, 142, 143, 144, 145, 146, 147, 148, 149] 20160730
5.433928571428572 [4, 6, 7, 9] [146, 147, 148, 149, 150, 151, 152, 153, 154, 155] 20160730
5.085493621111954 [6, 7, 9] [125, 126, 127, 128, 129, 130, 131, 132, 133, 134, 135, 136, 137, 138, 139, 140, 141, 142] 20160730
4.609179649030513 [0, 1, 2] [73, 74, 75, 76, 77, 78, 79, 80, 81, 82, 83, 84, 85, 86, 87] 20160730
4.426352063787132 [0, 1, 2] [82, 83, 84, 85, 86, 87, 88, 89, 90, 91, 92, 93, 94, 95, 96, 97, 98, 99] 20160730
4.168333333333334 [4, 6, 7, 9] [105, 106, 107, 108, 109, 110, 111, 112, 113, 114, 115, 116, 117] 20160730
