22.083333333333332 [0, 1, 2, 3] [145, 146, 147, 148, 149, 150, 151, 152, 153, 154] 20160611
21.53997629301629 [0, 1, 2] [134, 135, 136, 137, 138, 139, 140, 141, 142, 143, 144, 145, 146, 147, 148, 149, 150, 151] 20160611
19.649154161420263 [0, 1, 2] [188, 189, 190, 191, 192, 193, 194, 195, 196, 197, 198, 199, 200, 201, 202] 20160611
18.125 [0, 1, 2, 3] [222, 223, 224, 225, 226, 227, 228, 229, 230, 231, 232, 233, 234, 235, 236] 20160611
17.58333333333334 [0, 1, 2, 3] [234, 235, 236, 237, 238, 239, 240, 241, 242, 243, 244] 20160611
16.333333333333332 [1] [125, 126, 127, 128, 129, 130, 131, 132, 133, 134, 135, 136, 137] 20160611
16.25378472118604 [0, 1, 2] [157, 158, 159, 160, 161, 162, 163, 164, 165, 166, 167, 168, 169, 170, 171, 172, 173, 174] 20160611
15.002448874174585 [0, 1] [104, 105, 106, 107, 108, 109, 110, 111, 112, 113, 114, 115, 116, 117, 118] 20160611
14.674999999999999 [5, 6, 7, 9] [166, 167, 168, 169, 170, 171, 172, 173, 174, 175, 176] 20160611
13.675000000000004 [0, 1, 2, 3] [202, 203, 204, 205, 206, 207, 208, 209, 210, 211] 20160611
7.453317046538456 [0, 1, 2] [83, 84, 85, 86, 87, 88, 89, 90, 91, 92, 93, 94, 95, 96, 97, 98] 20160611
6.6875 [6, 7, 8, 9] [73, 74, 75, 76, 77, 78, 79, 80, 81, 82, 83, 84] 20160611
